WhiteElo,BlackElo,MeanElos,DiffElos,SumElos,Class
2354,2411,2382,-57,4765,1
2611,2520,2565,91,5131,1
2345,2560,2452,-215,4905,1
2550,2502,2526,48,5052,1
2413,2315,2364,98,4728,1
2522,2285,2403,237,4807,1
2482,2329,2405,153,4811,1
2369,2394,2381,-25,4763,1
2529,2255,2392,274,4784,1
2376,2591,2483,-215,4967,1
2281,2524,2402,-243,4805,1
2613,2742,2677,-129,5355,1
2485,2293,2389,192,4778,1
2700,2753,2726,-53,5453,1
2453,2268,2360,185,4721,1
2353,2327,2340,26,4680,1
2248,2512,2380,-264,4760,1
2516,2706,2611,-190,5222,1
2706,2713,2709,-7,5419,1
2391,2431,2411,-40,4822,1
2460,2329,2394,131,4789,1
2443,2407,2425,36,4850,1
2548,2475,2511,73,5023,1
2484,2507,2495,-23,4991,1
2583,2461,2522,122,5044,1
2531,2552,2541,-21,5083,1
2291,2459,2375,-168,4750,1
2250,2680,2465,-430,4930,1
2645,2522,2583,123,5167,1
2668,2390,2529,278,5058,1
2534,2731,2632,-197,5265,1
2382,2580,2481,-198,4962,1
2469,2663,2566,-194,5132,1
2359,2356,2357,3,4715,1
2527,2507,2517,20,5034,1
2552,2331,2441,221,4883,1
2430,2410,2420,20,4840,1
2276,2455,2365,-179,4731,1
2706,2739,2722,-33,5445,1
2595,2614,2604,-19,5209,1
2427,2322,2374,105,4749,1
2577,2574,2575,3,5151,1
2489,2621,2555,-132,5110,1
2409,2354,2381,55,4763,1
2451,2655,2553,-204,5106,1
2484,2463,2473,21,4947,1
2597,2605,2601,-8,5202,1
2437,2359,2398,78,4796,1
2469,2608,2538,-139,5077,1
2556,2693,2624,-137,5249,1
2512,2571,2541,-59,5083,1
2430,2550,2490,-120,4980,1
2329,2468,2398,-139,4797,1
2554,2607,2580,-53,5161,1
2347,2479,2413,-132,4826,1
2298,2516,2407,-218,4814,1
2559,2440,2499,119,4999,1
2591,2590,2590,1,5181,1
2538,2394,2466,144,4932,1
2287,2496,2391,-209,4783,1
2548,2477,2512,71,5025,1
2585,2546,2565,39,5131,1
2625,2244,2434,381,4869,1
2505,2287,2396,218,4792,1
2624,2621,2622,3,5245,1
2459,2312,2385,147,4771,1
2311,2492,2401,-181,4803,1
2359,2353,2356,6,4712,1
2442,2280,2361,162,4722,1
2411,2493,2452,-82,4904,1
2408,2399,2403,9,4807,1
2773,2761,2767,12,5534,1
2699,2764,2731,-65,5463,1
2504,2519,2511,-15,5023,1
2705,2577,2641,128,5282,1
2449,2303,2376,146,4752,1
2625,2503,2564,122,5128,1
2540,2662,2601,-122,5202,1
2464,2493,2478,-29,4957,1
2442,2397,2419,45,4839,1
2666,2548,2607,118,5214,1
2414,2404,2409,10,4818,1
2466,2270,2368,196,4736,1
2511,2403,2457,108,4914,1
2354,2491,2422,-137,4845,1
2603,2417,2510,186,5020,1
2437,2387,2412,50,4824,1
2364,2398,2381,-34,4762,1
2431,2717,2574,-286,5148,1
2552,2511,2531,41,5063,1
2479,2310,2394,169,4789,1
2484,2349,2416,135,4833,1
2651,2477,2564,174,5128,1
2309,2608,2458,-299,4917,1
2464,2424,2444,40,4888,1
2638,2388,2513,250,5026,1
2521,2344,2432,177,4865,1
2577,2466,2521,111,5043,1
2695,2612,2653,83,5307,1
2345,2534,2439,-189,4879,1
2556,2302,2429,254,4858,1
2454,2472,2463,-18,4926,1
2645,2464,2554,181,5109,1
2568,2440,2504,128,5008,1
2374,2554,2464,-180,4928,1
2596,2291,2443,305,4887,1
2645,2302,2473,343,4947,1
2543,2412,2477,131,4955,1
2457,2309,2383,148,4766,1
2481,2252,2366,229,4733,1
2631,2711,2671,-80,5342,1
2250,2507,2378,-257,4757,1
2350,2521,2435,-171,4871,1
2497,2351,2424,146,4848,1
2404,2414,2409,-10,4818,1
2583,2206,2394,377,4789,1
2667,2375,2521,292,5042,1
2488,2531,2509,-43,5019,1
2693,2469,2581,224,5162,1
2521,2475,2498,46,4996,1
2445,2583,2514,-138,5028,1
2292,2593,2442,-301,4885,1
2465,2710,2587,-245,5175,1
2405,2539,2472,-134,4944,1
2409,2573,2491,-164,4982,1
2453,2510,2481,-57,4963,1
2398,2370,2384,28,4768,1
2664,2610,2637,54,5274,1
2566,2501,2533,65,5067,1
2678,2734,2706,-56,5412,1
2370,2601,2485,-231,4971,1
2299,2494,2396,-195,4793,1
2433,2377,2405,56,4810,1
2639,2368,2503,271,5007,1
2312,2596,2454,-284,4908,1
2366,2516,2441,-150,4882,1
2405,2445,2425,-40,4850,1
2520,2630,2575,-110,5150,1
2314,2552,2433,-238,4866,1
2315,2456,2385,-141,4771,1
2335,2436,2385,-101,4771,1
2786,2772,2779,14,5558,1
2330,2563,2446,-233,4893,1
2536,2421,2478,115,4957,1
2349,2597,2473,-248,4946,1
2490,2422,2456,68,4912,1
2415,2416,2415,-1,4831,1
2513,2392,2452,121,4905,1
2312,2417,2364,-105,4729,1
2543,2399,2471,144,4942,1
2686,2439,2562,247,5125,1
2371,2436,2403,-65,4807,1
2526,2409,2467,117,4935,1
2465,2474,2469,-9,4939,1
2647,2556,2601,91,5203,1
2544,2695,2619,-151,5239,1
2607,2269,2438,338,4876,1
2385,2482,2433,-97,4867,1
2635,2562,2598,73,5197,1
2573,2487,2530,86,5060,1
2454,2482,2468,-28,4936,1
2254,2646,2450,-392,4900,1
2467,2327,2397,140,4794,1
2344,2407,2375,-63,4751,1
2588,2549,2568,39,5137,1
2315,2480,2397,-165,4795,1
2316,2531,2423,-215,4847,1
2327,2463,2395,-136,4790,1
2496,2458,2477,38,4954,1
2578,2491,2534,87,5069,1
2503,2610,2556,-107,5113,1
2567,2283,2425,284,4850,1
2483,2526,2504,-43,5009,1
2497,2312,2404,185,4809,1
2411,2673,2542,-262,5084,1
2693,2529,2611,164,5222,1
2450,2683,2566,-233,5133,1
2348,2628,2488,-280,4976,1
2610,2517,2563,93,5127,1
2350,2414,2382,-64,4764,1
2663,2521,2592,142,5184,1
2265,2569,2417,-304,4834,1
2410,2549,2479,-139,4959,1
2459,2408,2433,51,4867,1
2481,2445,2463,36,4926,1
2601,2602,2601,-1,5203,1
2483,2321,2402,162,4804,1
2366,2569,2467,-203,4935,1
2628,2616,2622,12,5244,1
2391,2473,2432,-82,4864,1
2510,2549,2529,-39,5059,1
2411,2432,2421,-21,4843,1
2621,2444,2532,177,5065,1
2375,2339,2357,36,4714,1
2562,2487,2524,75,5049,1
2580,2779,2679,-199,5359,1
2595,2653,2624,-58,5248,1
2506,2468,2487,38,4974,1
2365,2422,2393,-57,4787,1
2558,2494,2526,64,5052,1
2605,2575,2590,30,5180,1
2366,2409,2387,-43,4775,1
2612,2434,2523,178,5046,1
2575,2498,2536,77,5073,1
2711,2226,2468,485,4937,1
2553,2464,2508,89,5017,1
2391,2312,2351,79,4703,1
2657,2530,2593,127,5187,1
2438,2354,2396,84,4792,1
2393,2489,2441,-96,4882,1
2746,2702,2724,44,5448,1
2580,2463,2521,117,5043,1
2550,2480,2515,70,5030,1
2476,2287,2381,189,4763,1
2261,2527,2394,-266,4788,1
2513,2494,2503,19,5007,1
2598,2461,2529,137,5059,1
2288,2475,2381,-187,4763,1
2615,2677,2646,-62,5292,1
2350,2547,2448,-197,4897,1
2566,2501,2533,65,5067,1
2442,2437,2439,5,4879,1
2324,2509,2416,-185,4833,1
2384,2350,2367,34,4734,1
2436,2468,2452,-32,4904,1
2399,2404,2401,-5,4803,1
2486,2366,2426,120,4852,1
2315,2549,2432,-234,4864,1
2379,2617,2498,-238,4996,1
2377,2329,2353,48,4706,1
2388,2529,2458,-141,4917,1
2532,2234,2383,298,4766,1
2404,2314,2359,90,4718,1
2324,2376,2350,-52,4700,1
2547,2353,2450,194,4900,1
2430,2418,2424,12,4848,1
2437,2533,2485,-96,4970,1
2404,2444,2424,-40,4848,1
2406,2498,2452,-92,4904,1
2425,2533,2479,-108,4958,1
2493,2529,2511,-36,5022,1
2296,2496,2396,-200,4792,1
2293,2580,2436,-287,4873,1
2512,2453,2482,59,4965,1
2352,2474,2413,-122,4826,1
2509,2322,2415,187,4831,1
2590,2484,2537,106,5074,1
2291,2423,2357,-132,4714,1
2578,2648,2613,-70,5226,1
2561,2449,2505,112,5010,1
2515,2414,2464,101,4929,1
2458,2576,2517,-118,5034,1
2783,2756,2769,27,5539,1
2517,2379,2448,138,4896,1
2655,2541,2598,114,5196,1
2402,2569,2485,-167,4971,1
2441,2567,2504,-126,5008,1
2663,2589,2626,74,5252,1
2740,2676,2708,64,5416,1
2310,2391,2350,-81,4701,1
2327,2637,2482,-310,4964,1
2589,2288,2438,301,4877,1
2397,2297,2347,100,4694,1
2388,2311,2349,77,4699,1
2369,2558,2463,-189,4927,1
2402,2579,2490,-177,4981,1
2560,2368,2464,192,4928,1
2560,2682,2621,-122,5242,1
2635,2611,2623,24,5246,1
2602,2518,2560,84,5120,1
2437,2453,2445,-16,4890,1
2475,2457,2466,18,4932,1
2488,2281,2384,207,4769,1
2604,2399,2501,205,5003,1
2475,2688,2581,-213,5163,1
2632,2706,2669,-74,5338,1
2484,2638,2561,-154,5122,1
2607,2452,2529,155,5059,1
2440,2325,2382,115,4765,1
2531,2678,2604,-147,5209,1
2390,2514,2452,-124,4904,1
2409,2537,2473,-128,4946,1
2509,2462,2485,47,4971,1
2330,2449,2389,-119,4779,1
2291,2605,2448,-314,4896,1
2311,2458,2384,-147,4769,1
2387,2434,2410,-47,4821,1
2389,2488,2438,-99,4877,1
2629,2609,2619,20,5238,1
2474,2463,2468,11,4937,1
2443,2482,2462,-39,4925,1
2661,2631,2646,30,5292,1
2357,2407,2382,-50,4764,1
2658,2729,2693,-71,5387,1
2357,2447,2402,-90,4804,1
2753,2734,2743,19,5487,1
2500,2744,2622,-244,5244,1
2749,2663,2706,86,5412,1
2354,2640,2497,-286,4994,1
2532,2624,2578,-92,5156,1
2327,2391,2359,-64,4718,1
2381,2508,2444,-127,4889,1
2507,2552,2529,-45,5059,1
2540,2485,2512,55,5025,1
2477,2279,2378,198,4756,1
2579,2549,2564,30,5128,1
2289,2431,2360,-142,4720,1
2706,2734,2720,-28,5440,1
2415,2525,2470,-110,4940,1
2438,2539,2488,-101,4977,1
2435,2643,2539,-208,5078,1
2329,2504,2416,-175,4833,1
2516,2237,2376,279,4753,1
2524,2496,2510,28,5020,1
2377,2540,2458,-163,4917,1
2391,2505,2448,-114,4896,1
2581,2698,2639,-117,5279,1
2552,2438,2495,114,4990,1
2714,2501,2607,213,5215,1
2365,2499,2432,-134,4864,1
2548,2412,2480,136,4960,1
2360,2464,2412,-104,4824,1
2533,2520,2526,13,5053,1
2331,2677,2504,-346,5008,1
2438,2473,2455,-35,4911,1
2364,2398,2381,-34,4762,1
2537,2312,2424,225,4849,1
2574,2606,2590,-32,5180,1
2484,2284,2384,200,4768,1
2638,2706,2672,-68,5344,1
2396,2625,2510,-229,5021,1
2556,2462,2509,94,5018,1
2766,2732,2749,34,5498,1
2342,2328,2335,14,4670,1
2637,2631,2634,6,5268,1
2528,2686,2607,-158,5214,1
2442,2278,2360,164,4720,1
2615,2722,2668,-107,5337,1
2402,2385,2393,17,4787,1
2785,2673,2729,112,5458,1
2400,2488,2444,-88,4888,1
2506,2457,2481,49,4963,1
2801,2543,2672,258,5344,1
2441,2510,2475,-69,4951,1
2471,2583,2527,-112,5054,1
2571,2289,2430,282,4860,1
2704,2617,2660,87,5321,1
2488,2417,2452,71,4905,1
2712,2498,2605,214,5210,1
2399,2316,2357,83,4715,1
2468,2538,2503,-70,5006,1
2678,2172,2425,506,4850,1
2620,2460,2540,160,5080,1
2330,2455,2392,-125,4785,1
2700,2647,2673,53,5347,1
2518,2420,2469,98,4938,1
2356,2327,2341,29,4683,1
2563,2288,2425,275,4851,1
2489,2524,2506,-35,5013,1
2555,2379,2467,176,4934,1
2621,2714,2667,-93,5335,1
2529,2654,2591,-125,5183,1
2605,2613,2609,-8,5218,1
2571,2478,2524,93,5049,1
2331,2486,2408,-155,4817,1
2487,2449,2468,38,4936,1
2558,2655,2606,-97,5213,1
2672,2713,2692,-41,5385,1
2647,2620,2633,27,5267,1
2561,2451,2506,110,5012,1
2486,2488,2487,-2,4974,1
2565,2477,2521,88,5042,1
2653,2546,2599,107,5199,1
2627,2628,2627,-1,5255,1
2593,2590,2591,3,5183,1
2548,2578,2563,-30,5126,1
2640,2541,2590,99,5181,1
2720,2792,2756,-72,5512,1
2305,2529,2417,-224,4834,1
2374,2309,2341,65,4683,1
2456,2378,2417,78,4834,1
2540,2576,2558,-36,5116,1
2380,2456,2418,-76,4836,1
2417,2448,2432,-31,4865,1
2351,2542,2446,-191,4893,1
2495,2404,2449,91,4899,1
2392,2642,2517,-250,5034,1
2691,2712,2701,-21,5403,1
2538,2582,2560,-44,5120,1
2462,2508,2485,-46,4970,1
2344,2324,2334,20,4668,1
2470,2625,2547,-155,5095,1
2509,2458,2483,51,4967,1
2377,2374,2375,3,4751,1
2479,2639,2559,-160,5118,1
2226,2598,2412,-372,4824,1
2529,2362,2445,167,4891,1
2673,2549,2611,124,5222,1
2358,2422,2390,-64,4780,1
2544,2529,2536,15,5073,1
2455,2546,2500,-91,5001,1
2537,2512,2524,25,5049,1
2396,2549,2472,-153,4945,1
2474,2608,2541,-134,5082,1
2243,2578,2410,-335,4821,1
2386,2510,2448,-124,4896,1
2272,2598,2435,-326,4870,1
2366,2616,2491,-250,4982,1
2486,2492,2489,-6,4978,1
2345,2525,2435,-180,4870,1
2310,2445,2377,-135,4755,1
2466,2498,2482,-32,4964,1
2342,2357,2349,-15,4699,1
2402,2367,2384,35,4769,1
2558,2696,2627,-138,5254,1
2547,2443,2495,104,4990,1
2506,2345,2425,161,4851,1
2604,2571,2587,33,5175,1
2399,2369,2384,30,4768,1
2516,2475,2495,41,4991,1
2682,2641,2661,41,5323,1
2510,2269,2389,241,4779,1
2436,2638,2537,-202,5074,1
2551,2421,2486,130,4972,1
2574,2340,2457,234,4914,1
2550,2416,2483,134,4966,1
2708,2779,2743,-71,5487,1
2568,2679,2623,-111,5247,1
2418,2358,2388,60,4776,1
2299,2533,2416,-234,4832,1
2211,2610,2410,-399,4821,1
2431,2313,2372,118,4744,1
2563,2412,2487,151,4975,1
2552,2326,2439,226,4878,1
2383,2396,2389,-13,4779,1
2504,2660,2582,-156,5164,1
2632,2554,2593,78,5186,1
2500,2562,2531,-62,5062,1
2663,2438,2550,225,5101,1
2591,2420,2505,171,5011,1
2518,2348,2433,170,4866,1
2394,2473,2433,-79,4867,1
2340,2457,2398,-117,4797,1
2470,2663,2566,-193,5133,1
2560,2318,2439,242,4878,1
2527,2421,2474,106,4948,1
2316,2470,2393,-154,4786,1
2623,2383,2503,240,5006,1
2524,2386,2455,138,4910,1
2406,2426,2416,-20,4832,1
2553,2340,2446,213,4893,1
2503,2418,2460,85,4921,1
2723,2712,2717,11,5435,1
2608,2543,2575,65,5151,1
2250,2609,2429,-359,4859,1
2522,2625,2573,-103,5147,1
2188,2636,2412,-448,4824,1
2583,2640,2611,-57,5223,1
2288,2579,2433,-291,4867,1
2593,2511,2552,82,5104,1
2484,2432,2458,52,4916,1
2474,2299,2386,175,4773,1
2371,2461,2416,-90,4832,1
2401,2512,2456,-111,4913,1
2428,2549,2488,-121,4977,1
2527,2636,2581,-109,5163,1
2539,2269,2404,270,4808,1
2593,2560,2576,33,5153,1
2541,2556,2548,-15,5097,1
2320,2416,2368,-96,4736,1
2582,2545,2563,37,5127,1
2510,2374,2442,136,4884,1
2429,2563,2496,-134,4992,1
2484,2446,2465,38,4930,1
2403,2364,2383,39,4767,1
2364,2716,2540,-352,5080,1
2557,2264,2410,293,4821,1
2570,2454,2512,116,5024,1
2558,2529,2543,29,5087,1
2706,2417,2561,289,5123,1
2500,2425,2462,75,4925,1
2480,2363,2421,117,4843,1
2417,2322,2369,95,4739,1
2344,2546,2445,-202,4890,1
2442,2274,2358,168,4716,1
2658,2709,2683,-51,5367,1
2548,2338,2443,210,4886,1
2402,2664,2533,-262,5066,1
2422,2373,2397,49,4795,1
2511,2541,2526,-30,5052,1
2648,2502,2575,146,5150,1
2531,2339,2435,192,4870,1
2612,2472,2542,140,5084,1
2403,2368,2385,35,4771,1
2470,2584,2527,-114,5054,1
2605,2524,2564,81,5129,1
2597,2659,2628,-62,5256,1
2469,2439,2454,30,4908,1
2482,2542,2512,-60,5024,1
2379,2556,2467,-177,4935,1
2496,2314,2405,182,4810,1
2315,2466,2390,-151,4781,1
2813,2648,2730,165,5461,1
2384,2389,2386,-5,4773,1
2438,2398,2418,40,4836,1
2571,2420,2495,151,4991,1
2552,2440,2496,112,4992,1
2542,2608,2575,-66,5150,1
2717,2663,2690,54,5380,1
2536,2669,2602,-133,5205,1
2426,2303,2364,123,4729,1
2358,2402,2380,-44,4760,1
2486,2629,2557,-143,5115,1
2586,2476,2531,110,5062,1
2599,2659,2629,-60,5258,1
2448,2490,2469,-42,4938,1
2558,2375,2466,183,4933,1
2392,2526,2459,-134,4918,1
2816,2697,2756,119,5513,1
2544,2631,2587,-87,5175,1
2500,2289,2394,211,4789,1
2416,2458,2437,-42,4874,1
2454,2721,2587,-267,5175,1
2734,2753,2743,-19,5487,1
2363,2506,2434,-143,4869,1
2444,2498,2471,-54,4942,1
2426,2522,2474,-96,4948,1
2422,2546,2484,-124,4968,1
2308,2518,2413,-210,4826,1
2547,2581,2564,-34,5128,1
2682,2249,2465,433,4931,1
2494,2470,2482,24,4964,1
2442,2723,2582,-281,5165,1
2725,2666,2695,59,5391,1
2449,2349,2399,100,4798,1
2433,2375,2404,58,4808,1
2630,2482,2556,148,5112,1
2651,2358,2504,293,5009,1
2559,2430,2494,129,4989,1
2367,2365,2366,2,4732,1
2518,2503,2510,15,5021,1
2477,2368,2422,109,4845,1
2284,2619,2451,-335,4903,1
2292,2427,2359,-135,4719,1
2386,2480,2433,-94,4866,1
2296,2538,2417,-242,4834,1
2555,2590,2572,-35,5145,1
2713,2505,2609,208,5218,1
2487,2515,2501,-28,5002,1
2547,2271,2409,276,4818,1
2518,2644,2581,-126,5162,1
2540,2505,2522,35,5045,1
2479,2586,2532,-107,5065,1
2498,2628,2563,-130,5126,1
2431,2546,2488,-115,4977,1
2257,2514,2385,-257,4771,1
2412,2646,2529,-234,5058,1
2609,2705,2657,-96,5314,1
2476,2418,2447,58,4894,1
2516,2242,2379,274,4758,1
2396,2585,2490,-189,4981,1
2527,2617,2572,-90,5144,1
2583,2460,2521,123,5043,1
2639,2535,2587,104,5174,1
2529,2545,2537,-16,5074,1
2504,2358,2431,146,4862,1
2408,2487,2447,-79,4895,1
2643,2592,2617,51,5235,1
2375,2496,2435,-121,4871,1
2267,2548,2407,-281,4815,1
2697,2641,2669,56,5338,1
2619,2440,2529,179,5059,1
2505,2408,2456,97,4913,1
2585,2508,2546,77,5093,1
2518,2427,2472,91,4945,1
2678,2706,2692,-28,5384,1
2313,2584,2448,-271,4897,1
2661,2720,2690,-59,5381,1
2417,2389,2403,28,4806,1
2446,2487,2466,-41,4933,1
2570,2277,2423,293,4847,1
2547,2567,2557,-20,5114,1
2473,2330,2401,143,4803,1
2380,2325,2352,55,4705,1
2757,2758,2757,-1,5515,1
2488,2645,2566,-157,5133,1
2371,2458,2414,-87,4829,1
2675,2753,2714,-78,5428,1
2665,2671,2668,-6,5336,1
2742,2630,2686,112,5372,1
2599,2374,2486,225,4973,1
2604,2295,2449,309,4899,1
2489,2281,2385,208,4770,1
2413,2330,2371,83,4743,1
2487,2631,2559,-144,5118,1
2335,2435,2385,-100,4770,1
2422,2583,2502,-161,5005,1
2414,2299,2356,115,4713,1
2570,2410,2490,160,4980,1
2253,2545,2399,-292,4798,1
2601,2614,2607,-13,5215,1
2554,2381,2467,173,4935,1
2439,2607,2523,-168,5046,1
2556,2411,2483,145,4967,1
2495,2289,2392,206,4784,1
2655,2544,2599,111,5199,1
2731,2703,2717,28,5434,1
2470,2558,2514,-88,5028,1
2688,2619,2653,69,5307,1
2555,2651,2603,-96,5206,1
2485,2281,2383,204,4766,1
2340,2332,2336,8,4672,1
2315,2512,2413,-197,4827,1
2477,2499,2488,-22,4976,1
2575,2641,2608,-66,5216,1
2447,2430,2438,17,4877,1
2321,2507,2414,-186,4828,1
2282,2706,2494,-424,4988,1
2603,2548,2575,55,5151,1
2208,2632,2420,-424,4840,1
2423,2426,2424,-3,4849,1
2472,2311,2391,161,4783,1
2552,2379,2465,173,4931,1
2665,2639,2652,26,5304,1
2770,2769,2769,1,5539,1
2507,2294,2400,213,4801,1
2428,2489,2458,-61,4917,1
2516,2711,2613,-195,5227,1
2625,2425,2525,200,5050,1
2543,2605,2574,-62,5148,1
2605,2706,2655,-101,5311,1
2473,2273,2373,200,4746,1
2528,2428,2478,100,4956,1
2338,2581,2459,-243,4919,1
2605,2418,2511,187,5023,1
2564,2352,2458,212,4916,1
2652,2412,2532,240,5064,1
2458,2511,2484,-53,4969,1
2675,2534,2604,141,5209,1
2438,2347,2392,91,4785,1
2525,2464,2494,61,4989,1
2565,2517,2541,48,5082,1
2373,2507,2440,-134,4880,1
2434,2338,2386,96,4772,1
2450,2482,2466,-32,4932,1
2436,2673,2554,-237,5109,1
2416,2481,2448,-65,4897,1
2659,2451,2555,208,5110,1
2595,2479,2537,116,5074,1
2431,2412,2421,19,4843,1
2469,2493,2481,-24,4962,1
2703,2730,2716,-27,5433,1
2375,2514,2444,-139,4889,1
2311,2460,2385,-149,4771,1
2741,2617,2679,124,5358,1
2698,2572,2635,126,5270,1
2506,2409,2457,97,4915,1
2308,2491,2399,-183,4799,1
2557,2339,2448,218,4896,1
2275,2469,2372,-194,4744,1
2313,2501,2407,-188,4814,1
2490,2464,2477,26,4954,1
2529,2476,2502,53,5005,1
2593,2574,2583,19,5167,1
2361,2493,2427,-132,4854,1
2574,2286,2430,288,4860,1
2401,2474,2437,-73,4875,1
2505,2642,2573,-137,5147,1
2430,2470,2450,-40,4900,1
2663,2471,2567,192,5134,1
2506,2771,2638,-265,5277,1
2338,2445,2391,-107,4783,1
2463,2432,2447,31,4895,1
2377,2656,2516,-279,5033,1
2655,2331,2493,324,4986,1
2441,2512,2476,-71,4953,1
2560,2669,2614,-109,5229,1
2669,2500,2584,169,5169,1
2751,2331,2541,420,5082,1
2568,2329,2448,239,4897,1
2651,2659,2655,-8,5310,1
2364,2362,2363,2,4726,1
2499,2254,2376,245,4753,1
2498,2471,2484,27,4969,1
2437,2294,2365,143,4731,1
2724,2672,2698,52,5396,1
2437,2292,2364,145,4729,1
2366,2443,2404,-77,4809,1
2361,2360,2360,1,4721,1
2594,2320,2457,274,4914,1
2443,2636,2539,-193,5079,1
2363,2426,2394,-63,4789,1
2432,2286,2359,146,4718,1
2448,2359,2403,89,4807,1
2597,2374,2485,223,4971,1
2592,2531,2561,61,5123,1
2381,2457,2419,-76,4838,1
2443,2416,2429,27,4859,1
2678,2628,2653,50,5306,1
2536,2316,2426,220,4852,1
2731,2756,2743,-25,5487,1
2624,2526,2575,98,5150,1
2531,2554,2542,-23,5085,1
2503,2385,2444,118,4888,1
2367,2310,2338,57,4677,1
2598,2558,2578,40,5156,1
2363,2479,2421,-116,4842,1
2517,2551,2534,-34,5068,1
2679,2771,2725,-92,5450,1
2372,2427,2399,-55,4799,1
2346,2444,2395,-98,4790,1
2397,2298,2347,99,4695,1
2346,2537,2441,-191,4883,1
2367,2332,2349,35,4699,1
2534,2645,2589,-111,5179,1
2440,2395,2417,45,4835,1
2586,2523,2554,63,5109,1
2361,2383,2372,-22,4744,1
2491,2358,2424,133,4849,1
2356,2494,2425,-138,4850,1
2491,2688,2589,-197,5179,1
2527,2597,2562,-70,5124,1
2396,2520,2458,-124,4916,1
2636,2294,2465,342,4930,1
2546,2703,2624,-157,5249,1
2560,2459,2509,101,5019,1
2508,2514,2511,-6,5022,1
2308,2526,2417,-218,4834,1
2391,2469,2430,-78,4860,1
2630,2563,2596,67,5193,1
2785,2632,2708,153,5417,1
2514,2399,2456,115,4913,1
2506,2489,2497,17,4995,1
2547,2555,2551,-8,5102,1
2448,2524,2486,-76,4972,1
2270,2493,2381,-223,4763,1
2469,2507,2488,-38,4976,1
2368,2486,2427,-118,4854,1
2527,2421,2474,106,4948,1
2417,2580,2498,-163,4997,1
2530,2649,2589,-119,5179,1
2417,2398,2407,19,4815,1
2387,2597,2492,-210,4984,1
2595,2630,2612,-35,5225,1
2192,2654,2423,-462,4846,1
2611,2535,2573,76,5146,1
2420,2589,2504,-169,5009,1
2522,2615,2568,-93,5137,1
2267,2619,2443,-352,4886,1
2525,2353,2439,172,4878,1
2237,2540,2388,-303,4777,1
2639,2557,2598,82,5196,1
2623,2327,2475,296,4950,1
2549,2390,2469,159,4939,1
2422,2327,2374,95,4749,1
2637,2500,2568,137,5137,1
2632,2547,2589,85,5179,1
2435,2595,2515,-160,5030,1
2302,2532,2417,-230,4834,1
2608,2345,2476,263,4953,1
2525,2362,2443,163,4887,1
2463,2618,2540,-155,5081,1
2469,2358,2413,111,4827,1
2476,2384,2430,92,4860,1
2518,2365,2441,153,4883,1
2560,2431,2495,129,4991,1
2471,2557,2514,-86,5028,1
2541,2618,2579,-77,5159,1
2410,2472,2441,-62,4882,1
2531,2462,2496,69,4993,1
2397,2343,2370,54,4740,1
2346,2481,2413,-135,4827,1
2392,2588,2490,-196,4980,1
2483,2457,2470,26,4940,1
2458,2372,2415,86,4830,1
2397,2606,2501,-209,5003,1
2455,2615,2535,-160,5070,1
2469,2454,2461,15,4923,1
2554,2240,2397,314,4794,1
2451,2345,2398,106,4796,1
2326,2652,2489,-326,4978,1
2761,2826,2793,-65,5587,1
2599,2388,2493,211,4987,1
2398,2310,2354,88,4708,1
2304,2404,2354,-100,4708,1
2803,2774,2788,29,5577,1
2782,2683,2732,99,5465,1
2707,2338,2522,369,5045,1
2484,2301,2392,183,4785,1
2370,2630,2500,-260,5000,1
2387,2559,2473,-172,4946,1
2226,2613,2419,-387,4839,1
2449,2599,2524,-150,5048,1
2340,2384,2362,-44,4724,1
2265,2532,2398,-267,4797,1
2434,2335,2384,99,4769,1
2525,2596,2560,-71,5121,1
2384,2573,2478,-189,4957,1
2287,2536,2411,-249,4823,1
2555,2449,2502,106,5004,1
2676,2417,2546,259,5093,1
2342,2354,2348,-12,4696,1
2632,2518,2575,114,5150,1
2535,2641,2588,-106,5176,1
2580,2438,2509,142,5018,1
2722,2331,2526,391,5053,1
2462,2288,2375,174,4750,1
2657,2680,2668,-23,5337,1
2560,2596,2578,-36,5156,1
2648,2388,2518,260,5036,1
2518,2449,2483,69,4967,1
2645,2604,2624,41,5249,1
2430,2550,2490,-120,4980,1
2417,2429,2423,-12,4846,1
2472,2521,2496,-49,4993,1
2775,2681,2728,94,5456,1
2706,2428,2567,278,5134,1
2354,2556,2455,-202,4910,1
2737,2579,2658,158,5316,1
2449,2702,2575,-253,5151,1
2407,2532,2469,-125,4939,1
2741,2775,2758,-34,5516,1
2498,2285,2391,213,4783,1
2345,2509,2427,-164,4854,1
2468,2429,2448,39,4897,1
2557,2406,2481,151,4963,1
2620,2598,2609,22,5218,1
2421,2352,2386,69,4773,1
2472,2410,2441,62,4882,1
2479,2396,2437,83,4875,1
2638,2520,2579,118,5158,1
2600,2498,2549,102,5098,1
2296,2519,2407,-223,4815,1
2502,2651,2576,-149,5153,1
2393,2407,2400,-14,4800,1
2451,2416,2433,35,4867,1
2771,2616,2693,155,5387,1
2403,2471,2437,-68,4874,1
2438,2313,2375,125,4751,1
2329,2514,2421,-185,4843,1
2353,2353,2353,0,4706,1
2638,2473,2555,165,5111,1
2481,2473,2477,8,4954,1
2487,2312,2399,175,4799,1
2605,2487,2546,118,5092,1
2643,2502,2572,141,5145,1
2360,2391,2375,-31,4751,1
2477,2382,2429,95,4859,1
2320,2443,2381,-123,4763,1
2429,2455,2442,-26,4884,1
2510,2273,2391,237,4783,1
2410,2394,2402,16,4804,1
2532,2687,2609,-155,5219,1
2531,2610,2570,-79,5141,1
2553,2418,2485,135,4971,1
2516,2346,2431,170,4862,1
2525,2788,2656,-263,5313,1
2352,2526,2439,-174,4878,1
2458,2485,2471,-27,4943,1
2469,2471,2470,-2,4940,1
2501,2655,2578,-154,5156,1
2534,2496,2515,38,5030,1
2478,2428,2453,50,4906,1
2341,2565,2453,-224,4906,1
2653,2707,2680,-54,5360,1
2406,2667,2536,-261,5073,1
2541,2424,2482,117,4965,1
2567,2343,2455,224,4910,1
2723,2510,2616,213,5233,1
2482,2253,2367,229,4735,1
2722,2712,2717,10,5434,1
2324,2387,2355,-63,4711,1
2402,2400,2401,2,4802,1
2398,2371,2384,27,4769,1
2538,2622,2580,-84,5160,1
2370,2426,2398,-56,4796,1
2589,2598,2593,-9,5187,1
2431,2303,2367,128,4734,1
2288,2600,2444,-312,4888,1
2680,2548,2614,132,5228,1
2664,2683,2673,-19,5347,1
2372,2405,2388,-33,4777,1
2730,2721,2725,9,5451,1
2457,2594,2525,-137,5051,1
2546,2512,2529,34,5058,1
2518,2434,2476,84,4952,1
2449,2477,2463,-28,4926,1
2420,2563,2491,-143,4983,1
2544,2471,2507,73,5015,1
2739,2772,2755,-33,5511,1
2620,2693,2656,-73,5313,1
2273,2528,2400,-255,4801,1
2463,2528,2495,-65,4991,1
2390,2550,2470,-160,4940,1
2278,2476,2377,-198,4754,1
2475,2443,2459,32,4918,1
2196,2685,2440,-489,4881,1
2544,2549,2546,-5,5093,1
2518,2370,2444,148,4888,1
2419,2468,2443,-49,4887,1
2461,2575,2518,-114,5036,1
2635,2527,2581,108,5162,1
2701,2587,2644,114,5288,1
2394,2296,2345,98,4690,1
2446,2424,2435,22,4870,1
2418,2482,2450,-64,4900,1
2552,2416,2484,136,4968,1
2297,2487,2392,-190,4784,1
2556,2348,2452,208,4904,1
2420,2464,2442,-44,4884,1
2528,2524,2526,4,5052,1
2437,2301,2369,136,4738,1
2607,2579,2593,28,5186,1
2558,2620,2589,-62,5178,1
2402,2438,2420,-36,4840,1
2548,2641,2594,-93,5189,1
2311,2423,2367,-112,4734,1
2397,2521,2459,-124,4918,1
2593,2588,2590,5,5181,1
2353,2426,2389,-73,4779,1
2298,2477,2387,-179,4775,1
2616,2366,2491,250,4982,1
2591,2297,2444,294,4888,1
2452,2602,2527,-150,5054,1
2397,2495,2446,-98,4892,1
2626,2710,2668,-84,5336,1
2556,2453,2504,103,5009,1
2590,2367,2478,223,4957,1
2319,2404,2361,-85,4723,1
2347,2366,2356,-19,4713,1
2617,2295,2456,322,4912,1
2390,2548,2469,-158,4938,1
2394,2325,2359,69,4719,1
2410,2440,2425,-30,4850,1
2588,2254,2421,334,4842,1
2563,2467,2515,96,5030,1
2322,2396,2359,-74,4718,1
2344,2464,2404,-120,4808,1
2547,2419,2483,128,4966,1
2506,2367,2436,139,4873,1
2630,2546,2588,84,5176,1
2516,2559,2537,-43,5075,1
2417,2312,2364,105,4729,1
2298,2544,2421,-246,4842,1
2572,2711,2641,-139,5283,1
2260,2631,2445,-371,4891,1
2532,2309,2420,223,4841,1
2374,2567,2470,-193,4941,1
2535,2657,2596,-122,5192,1
2606,2487,2546,119,5093,1
2558,2565,2561,-7,5123,1
2479,2584,2531,-105,5063,1
2575,2426,2500,149,5001,1
2415,2542,2478,-127,4957,1
2503,2398,2450,105,4901,1
2522,2487,2504,35,5009,1
2584,2428,2506,156,5012,1
2534,2537,2535,-3,5071,1
2568,2453,2510,115,5021,1
2429,2443,2436,-14,4872,1
2355,2438,2396,-83,4793,1
2623,2370,2496,253,4993,1
2461,2410,2435,51,4871,1
2575,2399,2487,176,4974,1
2403,2353,2378,50,4756,1
2402,2484,2443,-82,4886,1
2375,2500,2437,-125,4875,1
2359,2476,2417,-117,4835,1
2365,2428,2396,-63,4793,1
2370,2431,2400,-61,4801,1
2508,2739,2623,-231,5247,1
2587,2342,2464,245,4929,1
2544,2489,2516,55,5033,1
2338,2549,2443,-211,4887,1
2284,2458,2371,-174,4742,1
2669,2624,2646,45,5293,1
2635,2451,2543,184,5086,1
2296,2561,2428,-265,4857,1
2404,2460,2432,-56,4864,1
2521,2593,2557,-72,5114,1
2451,2408,2429,43,4859,1
2469,2681,2575,-212,5150,1
2287,2481,2384,-194,4768,1
2331,2462,2396,-131,4793,1
2453,2614,2533,-161,5067,1
2392,2306,2349,86,4698,1
2371,2423,2397,-52,4794,1
2511,2465,2488,46,4976,1
2349,2440,2394,-91,4789,1
2467,2542,2504,-75,5009,1
2349,2481,2415,-132,4830,1
2548,2620,2584,-72,5168,1
2583,2881,2732,-298,5464,1
2642,2491,2566,151,5133,1
2412,2684,2548,-272,5096,1
2475,2549,2512,-74,5024,1
2602,2473,2537,129,5075,1
2541,2356,2448,185,4897,1
2524,2263,2393,261,4787,1
2438,2355,2396,83,4793,1
2660,2524,2592,136,5184,1
2312,2543,2427,-231,4855,1
2655,2473,2564,182,5128,1
2445,2630,2537,-185,5075,1
2448,2571,2509,-123,5019,1
2650,2589,2619,61,5239,1
2533,2344,2438,189,4877,1
2327,2672,2499,-345,4999,1
2502,2581,2541,-79,5083,1
2552,2501,2526,51,5053,1
2425,2525,2475,-100,4950,1
2321,2479,2400,-158,4800,1
2403,2310,2356,93,4713,1
2388,2512,2450,-124,4900,1
2457,2348,2402,109,4805,1
2735,2771,2753,-36,5506,1
2473,2373,2423,100,4846,1
2523,2313,2418,210,4836,1
2602,2511,2556,91,5113,1
2358,2590,2474,-232,4948,1
2410,2416,2413,-6,4826,1
2616,2294,2455,322,4910,1
2328,2497,2412,-169,4825,1
2546,2281,2413,265,4827,1
2357,2485,2421,-128,4842,1
2529,2430,2479,99,4959,1
2558,2227,2392,331,4785,1
2360,2643,2501,-283,5003,1
2372,2469,2420,-97,4841,1
2586,2637,2611,-51,5223,1
2560,2494,2527,66,5054,1
2482,2660,2571,-178,5142,1
2390,2530,2460,-140,4920,1
2379,2331,2355,48,4710,1
2394,2469,2431,-75,4863,1
2639,2523,2581,116,5162,1
2758,2744,2751,14,5502,1
2391,2402,2396,-11,4793,1
2634,2511,2572,123,5145,1
2564,2576,2570,-12,5140,1
2662,2672,2667,-10,5334,1
2389,2531,2460,-142,4920,1
2644,2573,2608,71,5217,1
2468,2413,2440,55,4881,1
2696,2325,2510,371,5021,1
2633,2620,2626,13,5253,1
2463,2293,2378,170,4756,1
2334,2411,2372,-77,4745,1
2487,2257,2372,230,4744,1
2398,2538,2468,-140,4936,1
2594,2390,2492,204,4984,1
2561,2328,2444,233,4889,1
2710,2715,2712,-5,5425,1
2603,2530,2566,73,5133,1
2583,2561,2572,22,5144,1
2620,2495,2557,125,5115,1
2402,2357,2379,45,4759,1
2441,2458,2449,-17,4899,1
2521,2370,2445,151,4891,1
2284,2468,2376,-184,4752,1
2619,2655,2637,-36,5274,1
2529,2245,2387,284,4774,1
2554,2372,2463,182,4926,1
2248,2554,2401,-306,4802,1
2495,2457,2476,38,4952,1
2616,2250,2433,366,4866,1
2484,2630,2557,-146,5114,1
2480,2256,2368,224,4736,1
2462,2594,2528,-132,5056,1
2459,2389,2424,70,4848,1
2549,2328,2438,221,4877,1
2420,2284,2352,136,4704,1
2662,2638,2650,24,5300,1
2412,2403,2407,9,4815,1
2592,2527,2559,65,5119,1
2332,2352,2342,-20,4684,1
2726,2675,2700,51,5401,1
2535,2427,2481,108,4962,1
2495,2261,2378,234,4756,1
2581,2529,2555,52,5110,1
2741,2656,2698,85,5397,1
2779,2753,2766,26,5532,1
2416,2613,2514,-197,5029,1
2723,2426,2574,297,5149,1
2437,2412,2424,25,4849,1
2556,2600,2578,-44,5156,1
2631,2647,2639,-16,5278,1
2542,2453,2497,89,4995,1
2572,2660,2616,-88,5232,1
2512,2295,2403,217,4807,1
2431,2354,2392,77,4785,1
2526,2558,2542,-32,5084,1
2434,2571,2502,-137,5005,1
2582,2638,2610,-56,5220,1
2522,2599,2560,-77,5121,1
2650,2685,2667,-35,5335,1
2661,2757,2709,-96,5418,1
2275,2483,2379,-208,4758,1
2485,2343,2414,142,4828,1
2626,2647,2636,-21,5273,1
2412,2592,2502,-180,5004,1
2339,2348,2343,-9,4687,1
2404,2466,2435,-62,4870,1
2498,2423,2460,75,4921,1
2672,2785,2728,-113,5457,1
2486,2353,2419,133,4839,1
2672,2720,2696,-48,5392,1
2387,2576,2481,-189,4963,1
2413,2445,2429,-32,4858,1
2678,2359,2518,319,5037,1
2390,2445,2417,-55,4835,1
2396,2515,2455,-119,4911,1
2450,2502,2476,-52,4952,1
2422,2495,2458,-73,4917,1
2418,2583,2500,-165,5001,1
2572,2562,2567,10,5134,1
2392,2320,2356,72,4712,1
2609,2490,2549,119,5099,1
2540,2434,2487,106,4974,1
2636,2490,2563,146,5126,1
2561,2495,2528,66,5056,1
2630,2508,2569,122,5138,1
2459,2276,2367,183,4735,1
2667,2621,2644,46,5288,1
2603,2204,2403,399,4807,1
2302,2485,2393,-183,4787,1
2423,2421,2422,2,4844,1
2317,2429,2373,-112,4746,1
2391,2452,2421,-61,4843,1
2470,2531,2500,-61,5001,1
2419,2388,2403,31,4807,1
2619,2317,2468,302,4936,1
2753,2651,2702,102,5404,1
2344,2334,2339,10,4678,1
2399,2516,2457,-117,4915,1
2349,2403,2376,-54,4752,1
2559,2675,2617,-116,5234,1
2555,2518,2536,37,5073,1
2249,2557,2403,-308,4806,1
2401,2466,2433,-65,4867,1
2252,2525,2388,-273,4777,1
2660,2381,2520,279,5041,1
2311,2453,2382,-142,4764,1
2520,2409,2464,111,4929,1
2495,2395,2445,100,4890,1
2320,2367,2343,-47,4687,1
2490,2536,2513,-46,5026,1
2467,2330,2398,137,4797,1
2396,2539,2467,-143,4935,1
2478,2628,2553,-150,5106,1
2283,2643,2463,-360,4926,1
2552,2412,2482,140,4964,1
2334,2428,2381,-94,4762,1
2767,2727,2747,40,5494,1
2347,2530,2438,-183,4877,1
2310,2554,2432,-244,4864,1
2350,2548,2449,-198,4898,1
2453,2545,2499,-92,4998,1
2389,2371,2380,18,4760,1
2405,2463,2434,-58,4868,1
2528,2289,2408,239,4817,1
2442,2655,2548,-213,5097,1
2609,2419,2514,190,5028,1
2644,2543,2593,101,5187,1
2341,2492,2416,-151,4833,1
2552,2570,2561,-18,5122,1
2520,2607,2563,-87,5127,1
2330,2442,2386,-112,4772,1
2389,2405,2397,-16,4794,1
2576,2578,2577,-2,5154,1
2534,2570,2552,-36,5104,1
2711,2560,2635,151,5271,1
2392,2669,2530,-277,5061,1
2413,2418,2415,-5,4831,1
2724,2678,2701,46,5402,1
2364,2319,2341,45,4683,1
2531,2541,2536,-10,5072,1
2580,2406,2493,174,4986,1
2354,2637,2495,-283,4991,1
2521,2477,2499,44,4998,1
2580,2221,2400,359,4801,1
2600,2493,2546,107,5093,1
2584,2557,2570,27,5141,1
2453,2709,2581,-256,5162,1
2586,2581,2583,5,5167,1
2325,2422,2373,-97,4747,1
2519,2346,2432,173,4865,1
2195,2618,2406,-423,4813,1
2275,2586,2430,-311,4861,1
2354,2425,2389,-71,4779,1
2449,2350,2399,99,4799,1
2421,2485,2453,-64,4906,1
2374,2562,2468,-188,4936,1
2525,2726,2625,-201,5251,1
2558,2510,2534,48,5068,1
2628,2516,2572,112,5144,1
2503,2540,2521,-37,5043,1
2506,2338,2422,168,4844,1
2434,2538,2486,-104,4972,1
2810,2764,2787,46,5574,1
2675,2632,2653,43,5307,1
2447,2483,2465,-36,4930,1
2571,2450,2510,121,5021,1
2469,2458,2463,11,4927,1
2630,2331,2480,299,4961,1
2555,2360,2457,195,4915,1
2312,2572,2442,-260,4884,1
2387,2485,2436,-98,4872,1
2510,2412,2461,98,4922,1
2276,2470,2373,-194,4746,1
2373,2307,2340,66,4680,1
2653,2288,2470,365,4941,1
2562,2370,2466,192,4932,1
2636,2620,2628,16,5256,1
2638,2477,2557,161,5115,1
2597,2700,2648,-103,5297,1
2500,2574,2537,-74,5074,1
2626,2550,2588,76,5176,1
2535,2421,2478,114,4956,1
2410,2495,2452,-85,4905,1
2539,2248,2393,291,4787,1
2634,2426,2530,208,5060,1
2503,2392,2447,111,4895,1
2281,2460,2370,-179,4741,1
2503,2246,2374,257,4749,1
2368,2449,2408,-81,4817,1
2381,2429,2405,-48,4810,1
2484,2699,2591,-215,5183,1
2461,2508,2484,-47,4969,1
2549,2436,2492,113,4985,1
2664,2424,2544,240,5088,1
2380,2342,2361,38,4722,1
2460,2511,2485,-51,4971,1
2559,2348,2453,211,4907,1
2341,2428,2384,-87,4769,1
2598,2680,2639,-82,5278,1
2338,2419,2378,-81,4757,1
2358,2545,2451,-187,4903,1
2531,2438,2484,93,4969,1
2481,2515,2498,-34,4996,1
2609,2663,2636,-54,5272,1
2613,2440,2526,173,5053,1
2532,2331,2431,201,4863,1
2535,2333,2434,202,4868,1
2610,2734,2672,-124,5344,1
2351,2569,2460,-218,4920,1
2384,2613,2498,-229,4997,1
2603,2448,2525,155,5051,1
2650,2660,2655,-10,5310,1
2454,2457,2455,-3,4911,1
2584,2419,2501,165,5003,1
2572,2339,2455,233,4911,1
2574,2422,2498,152,4996,1
2491,2330,2410,161,4821,1
2255,2647,2451,-392,4902,1
2605,2688,2646,-83,5293,1
2538,2520,2529,18,5058,1
2555,2425,2490,130,4980,1
2561,2234,2397,327,4795,1
2449,2310,2379,139,4759,1
2490,2401,2445,89,4891,1
2391,2470,2430,-79,4861,1
2545,2276,2410,269,4821,1
2544,2498,2521,46,5042,1
2539,2610,2574,-71,5149,1
2470,2487,2478,-17,4957,1
2422,2515,2468,-93,4937,1
2557,2300,2428,257,4857,1
2573,2297,2435,276,4870,1
2374,2528,2451,-154,4902,1
2635,2425,2530,210,5060,1
2445,2583,2514,-138,5028,1
2413,2490,2451,-77,4903,1
2546,2408,2477,138,4954,1
2296,2622,2459,-326,4918,1
2584,2435,2509,149,5019,1
2509,2269,2389,240,4778,1
2516,2391,2453,125,4907,1
2680,2340,2510,340,5020,1
2478,2392,2435,86,4870,1
2396,2607,2501,-211,5003,1
2579,2358,2468,221,4937,1
2582,2643,2612,-61,5225,1
2402,2538,2470,-136,4940,1
2645,2482,2563,163,5127,1
2566,2391,2478,175,4957,1
2428,2626,2527,-198,5054,1
2393,2454,2423,-61,4847,1
2460,2345,2402,115,4805,1
2468,2296,2382,172,4764,1
2753,2678,2715,75,5431,1
2539,2411,2475,128,4950,1
2657,2556,2606,101,5213,1
2348,2449,2398,-101,4797,1
2610,2667,2638,-57,5277,1
2492,2283,2387,209,4775,1
2505,2247,2376,258,4752,1
2522,2332,2427,190,4854,1
2324,2690,2507,-366,5014,1
2516,2446,2481,70,4962,1
2815,2644,2729,171,5459,1
2672,2791,2731,-119,5463,1
2274,2464,2369,-190,4738,1
2585,2647,2616,-62,5232,1
2426,2459,2442,-33,4885,1
2273,2472,2372,-199,4745,1
2511,2518,2514,-7,5029,1
2480,2273,2376,207,4753,1
2442,2337,2389,105,4779,1
2274,2536,2405,-262,4810,1
2402,2321,2361,81,4723,1
2698,2583,2640,115,5281,1
2550,2520,2535,30,5070,1
2595,2649,2622,-54,5244,1
2527,2550,2538,-23,5077,1
2377,2441,2409,-64,4818,1
2348,2450,2399,-102,4798,1
2388,2526,2457,-138,4914,1
2415,2303,2359,112,4718,1
2435,2549,2492,-114,4984,1
2387,2538,2462,-151,4925,1
2499,2460,2479,39,4959,1
2615,2507,2561,108,5122,1
2506,2551,2528,-45,5057,1
2568,2558,2563,10,5126,1
2599,2486,2542,113,5085,1
2551,2512,2531,39,5063,1
2630,2476,2553,154,5106,1
2304,2423,2363,-119,4727,1
2320,2481,2400,-161,4801,1
2607,2660,2633,-53,5267,1
2429,2458,2443,-29,4887,1
2341,2460,2400,-119,4801,1
2658,2599,2628,59,5257,1
2396,2308,2352,88,4704,1
2439,2337,2388,102,4776,1
2522,2271,2396,251,4793,1
2667,2551,2609,116,5218,1
2320,2455,2387,-135,4775,1
2443,2613,2528,-170,5056,1
2439,2284,2361,155,4723,1
2561,2561,2561,0,5122,1
2373,2469,2421,-96,4842,1
2313,2475,2394,-162,4788,1
2419,2397,2408,22,4816,1
2414,2594,2504,-180,5008,1
2304,2519,2411,-215,4823,1
2361,2362,2361,-1,4723,1
2644,2328,2486,316,4972,1
2448,2411,2429,37,4859,1
2352,2481,2416,-129,4833,1
2619,2524,2571,95,5143,1
2281,2464,2372,-183,4745,1
2397,2442,2419,-45,4839,1
2632,2487,2559,145,5119,1
2284,2555,2419,-271,4839,1
2618,2407,2512,211,5025,1
2377,2362,2369,15,4739,1
2457,2313,2385,144,4770,1
2476,2453,2464,23,4929,1
2409,2315,2362,94,4724,1
2368,2494,2431,-126,4862,1
2418,2324,2371,94,4742,1
2511,2381,2446,130,4892,1
2434,2328,2381,106,4762,1
2571,2525,2548,46,5096,1
2772,2660,2716,112,5432,1
2569,2218,2393,351,4787,1
2320,2392,2356,-72,4712,1
2607,2586,2596,21,5193,1
2425,2575,2500,-150,5000,1
2304,2599,2451,-295,4903,1
2659,2729,2694,-70,5388,1
2527,2684,2605,-157,5211,1
2512,2497,2504,15,5009,1
2530,2243,2386,287,4773,1
2408,2382,2395,26,4790,1
2429,2301,2365,128,4730,1
2455,2293,2374,162,4748,1
2316,2413,2364,-97,4729,1
2710,2553,2631,157,5263,1
2431,2478,2454,-47,4909,1
2607,2469,2538,138,5076,1
2720,2748,2734,-28,5468,1
2500,2442,2471,58,4942,1
2416,2674,2545,-258,5090,1
2543,2714,2628,-171,5257,1
2599,2671,2635,-72,5270,1
2325,2610,2467,-285,4935,1
2476,2255,2365,221,4731,1
2474,2441,2457,33,4915,1
2505,2253,2379,252,4758,1
2606,2283,2444,323,4889,1
2577,2261,2419,316,4838,1
2410,2583,2496,-173,4993,1
2323,2567,2445,-244,4890,1
2362,2527,2444,-165,4889,1
2544,2582,2563,-38,5126,1
2539,2539,2539,0,5078,1
2339,2475,2407,-136,4814,1
2564,2500,2532,64,5064,1
2460,2447,2453,13,4907,1
2631,2505,2568,126,5136,1
2412,2294,2353,118,4706,1
2606,2475,2540,131,5081,1
2389,2360,2374,29,4749,1
2569,2635,2602,-66,5204,1
2276,2466,2371,-190,4742,1
2541,2445,2493,96,4986,1
2504,2301,2402,203,4805,1
2579,2249,2414,330,4828,1
2414,2439,2426,-25,4853,1
2475,2430,2452,45,4905,1
2522,2450,2486,72,4972,1
2419,2422,2420,-3,4841,1
2411,2521,2466,-110,4932,1
2340,2519,2429,-179,4859,1
2546,2495,2520,51,5041,1
2694,2546,2620,148,5240,1
2487,2570,2528,-83,5057,1
2418,2291,2354,127,4709,1
2408,2387,2397,21,4795,1
2393,2514,2453,-121,4907,1
2742,2563,2652,179,5305,1
2335,2507,2421,-172,4842,1
2521,2516,2518,5,5037,1
2595,2559,2577,36,5154,1
2452,2580,2516,-128,5032,1
2385,2333,2359,52,4718,1
2517,2595,2556,-78,5112,1
2464,2317,2390,147,4781,1
2585,2536,2560,49,5121,1
2446,2592,2519,-146,5038,1
2704,2471,2587,233,5175,1
2444,2399,2421,45,4843,1
2663,2616,2639,47,5279,1
2360,2394,2377,-34,4754,1
2602,2663,2632,-61,5265,1
2484,2402,2443,82,4886,1
2431,2608,2519,-177,5039,1
2706,2556,2631,150,5262,1
2517,2298,2407,219,4815,1
2299,2488,2393,-189,4787,1
2455,2405,2430,50,4860,1
2314,2423,2368,-109,4737,1
2682,2394,2538,288,5076,1
2549,2603,2576,-54,5152,1
2511,2331,2421,180,4842,1
2625,2605,2615,20,5230,1
2456,2268,2362,188,4724,1
2541,2359,2450,182,4900,1
2522,2585,2553,-63,5107,1
2596,2502,2549,94,5098,1
2530,2488,2509,42,5018,1
2480,2387,2433,93,4867,1
2365,2395,2380,-30,4760,1
2644,2508,2576,136,5152,1
2623,2691,2657,-68,5314,1
2635,2505,2570,130,5140,1
2624,2720,2672,-96,5344,1
2531,2508,2519,23,5039,1
2473,2583,2528,-110,5056,1
2548,2608,2578,-60,5156,1
2734,2498,2616,236,5232,1
2511,2490,2500,21,5001,1
2605,2608,2606,-3,5213,1
2513,2316,2414,197,4829,1
2498,2471,2484,27,4969,1
2504,2441,2472,63,4945,1
2440,2324,2382,116,4764,1
2300,2425,2362,-125,4725,1
2546,2488,2517,58,5034,1
2503,2457,2480,46,4960,1
2546,2253,2399,293,4799,1
2514,2273,2393,241,4787,1
2653,2558,2605,95,5211,1
2630,2556,2593,74,5186,1
2524,2450,2487,74,4974,1
2622,2771,2696,-149,5393,1
2333,2648,2490,-315,4981,1
2470,2356,2413,114,4826,1
2460,2345,2402,115,4805,1
2579,2610,2594,-31,5189,1
2514,2529,2521,-15,5043,1
2367,2628,2497,-261,4995,1
2487,2326,2406,161,4813,1
2281,2471,2376,-190,4752,1
2478,2546,2512,-68,5024,1
2715,2561,2638,154,5276,1
2481,2460,2470,21,4941,1
2530,2642,2586,-112,5172,1
2519,2372,2445,147,4891,1
2705,2654,2679,51,5359,1
2432,2449,2440,-17,4881,1
2558,2574,2566,-16,5132,1
2498,2266,2382,232,4764,1
2458,2588,2523,-130,5046,1
2539,2670,2604,-131,5209,1
2622,2489,2555,133,5111,1
2524,2498,2511,26,5022,1
2635,2560,2597,75,5195,1
2696,2609,2652,87,5305,1
2345,2363,2354,-18,4708,1
2571,2576,2573,-5,5147,1
2560,2479,2519,81,5039,1
2578,2419,2498,159,4997,1
2486,2328,2407,158,4814,1
2542,2637,2589,-95,5179,1
2525,2501,2513,24,5026,1
2410,2524,2467,-114,4934,1
2675,2586,2630,89,5261,1
2539,2424,2481,115,4963,1
2292,2616,2454,-324,4908,1
2265,2482,2373,-217,4747,1
2568,2492,2530,76,5060,1
2394,2447,2420,-53,4841,1
2354,2602,2478,-248,4956,1
2450,2440,2445,10,4890,1
2682,2495,2588,187,5177,1
2747,2500,2623,247,5247,1
2412,2484,2448,-72,4896,1
2503,2654,2578,-151,5157,1
2525,2379,2452,146,4904,1
2369,2555,2462,-186,4924,1
2284,2576,2430,-292,4860,1
2624,2299,2461,325,4923,1
2568,2413,2490,155,4981,1
2757,2772,2764,-15,5529,1
2387,2385,2386,2,4772,1
2489,2480,2484,9,4969,1
2388,2302,2345,86,4690,1
2475,2362,2418,113,4837,1
2433,2568,2500,-135,5001,1
2371,2376,2373,-5,4747,1
2460,2421,2440,39,4881,1
2269,2529,2399,-260,4798,1
2705,2391,2548,314,5096,1
2474,2312,2393,162,4786,1
2394,2358,2376,36,4752,1
2391,2650,2520,-259,5041,1
2673,2613,2643,60,5286,1
2574,2484,2529,90,5058,1
2321,2411,2366,-90,4732,1
2538,2543,2540,-5,5081,1
2650,2286,2468,364,4936,1
2625,2345,2485,280,4970,1
2668,2706,2687,-38,5374,1
2446,2420,2433,26,4866,1
2688,2563,2625,125,5251,1
2398,2508,2453,-110,4906,1
2350,2399,2374,-49,4749,1
2468,2327,2397,141,4795,1
2514,2322,2418,192,4836,1
2557,2667,2612,-110,5224,1
2579,2729,2654,-150,5308,1
2566,2718,2642,-152,5284,1
2500,2581,2540,-81,5081,1
2368,2444,2406,-76,4812,1
2410,2444,2427,-34,4854,1
2405,2307,2356,98,4712,1
2217,2585,2401,-368,4802,1
2559,2396,2477,163,4955,1
2477,2503,2490,-26,4980,1
2419,2303,2361,116,4722,1
2388,2616,2502,-228,5004,1
2622,2445,2533,177,5067,1
2389,2540,2464,-151,4929,1
2437,2522,2479,-85,4959,1
2455,2349,2402,106,4804,1
2423,2559,2491,-136,4982,1
2650,2368,2509,282,5018,1
2316,2449,2382,-133,4765,1
2343,2455,2399,-112,4798,1
2428,2763,2595,-335,5191,1
2380,2316,2348,64,4696,1
2704,2621,2662,83,5325,1
2368,2553,2460,-185,4921,1
2350,2538,2444,-188,4888,1
2666,2462,2564,204,5128,1
2489,2609,2549,-120,5098,1
2463,2380,2421,83,4843,1
2644,2688,2666,-44,5332,1
2417,2587,2502,-170,5004,1
2491,2553,2522,-62,5044,1
2611,2500,2555,111,5111,1
2643,2678,2660,-35,5321,1
2511,2405,2458,106,4916,1
2695,2569,2632,126,5264,1
2376,2405,2390,-29,4781,1
2418,2599,2508,-181,5017,1
2472,2328,2400,144,4800,1
2439,2496,2467,-57,4935,1
2325,2384,2354,-59,4709,1
2425,2349,2387,76,4774,1
2428,2449,2438,-21,4877,1
2400,2370,2385,30,4770,1
2596,2592,2594,4,5188,1
2474,2479,2476,-5,4953,1
2440,2400,2420,40,4840,1
2707,2503,2605,204,5210,1
2578,2399,2488,179,4977,1
2667,2390,2528,277,5057,1
2758,2709,2733,49,5467,1
2320,2452,2386,-132,4772,1
2314,2381,2347,-67,4695,1
2483,2595,2539,-112,5078,1
2688,2418,2553,270,5106,1
2596,2426,2511,170,5022,1
2541,2684,2612,-143,5225,1
2335,2414,2374,-79,4749,1
2498,2282,2390,216,4780,1
2388,2474,2431,-86,4862,1
2559,2527,2543,32,5086,1
2476,2580,2528,-104,5056,1
2480,2361,2420,119,4841,1
2391,2511,2451,-120,4902,1
2473,2450,2461,23,4923,1
2602,2561,2581,41,5163,1
2491,2501,2496,-10,4992,1
2382,2428,2405,-46,4810,1
2443,2413,2428,30,4856,1
2551,2775,2663,-224,5326,1
2698,2582,2640,116,5280,1
2567,2421,2494,146,4988,1
2529,2644,2586,-115,5173,1
2446,2588,2517,-142,5034,1
2471,2437,2454,34,4908,1
2525,2352,2438,173,4877,1
2234,2558,2396,-324,4792,1
2597,2382,2489,215,4979,1
2340,2452,2396,-112,4792,1
2506,2290,2398,216,4796,1
2542,2542,2542,0,5084,1
2627,2696,2661,-69,5323,1
2608,2583,2595,25,5191,1
2351,2396,2373,-45,4747,1
2618,2582,2600,36,5200,1
2726,2653,2689,73,5379,1
2619,2419,2519,200,5038,1
2510,2434,2472,76,4944,1
2792,2649,2720,143,5441,1
2615,2293,2454,322,4908,1
2371,2315,2343,56,4686,1
2427,2543,2485,-116,4970,1
2338,2479,2408,-141,4817,1
2368,2405,2386,-37,4773,1
2715,2503,2609,212,5218,1
2585,2392,2488,193,4977,1
2351,2422,2386,-71,4773,1
2501,2452,2476,49,4953,1
2559,2300,2429,259,4859,1
2299,2577,2438,-278,4876,1
2678,2631,2654,47,5309,1
2535,2556,2545,-21,5091,1
2461,2276,2368,185,4737,1
2213,2682,2447,-469,4895,1
2527,2414,2470,113,4941,1
2418,2367,2392,51,4785,1
2531,2753,2642,-222,5284,1
2470,2417,2443,53,4887,1
2407,2628,2517,-221,5035,1
2586,2393,2489,193,4979,1
2541,2558,2549,-17,5099,1
2343,2386,2364,-43,4729,1
2466,2424,2445,42,4890,1
2308,2429,2368,-121,4737,1
2577,2628,2602,-51,5205,1
2489,2332,2410,157,4821,1
2705,2715,2710,-10,5420,1
2263,2595,2429,-332,4858,1
2480,2502,2491,-22,4982,1
2423,2619,2521,-196,5042,1
2510,2614,2562,-104,5124,1
2485,2541,2513,-56,5026,1
2379,2534,2456,-155,4913,1
2188,2650,2419,-462,4838,1
2402,2376,2389,26,4778,1
2413,2572,2492,-159,4985,1
2492,2516,2504,-24,5008,1
2566,2486,2526,80,5052,1
2420,2347,2383,73,4767,1
2659,2434,2546,225,5093,1
2544,2510,2527,34,5054,1
2616,2547,2581,69,5163,1
2284,2531,2407,-247,4815,1
2536,2559,2547,-23,5095,1
2252,2539,2395,-287,4791,1
2667,2660,2663,7,5327,1
2368,2319,2343,49,4687,1
2680,2508,2594,172,5188,1
2646,2758,2702,-112,5404,1
2607,2707,2657,-100,5314,1
2533,2484,2508,49,5017,1
2463,2615,2539,-152,5078,1
2489,2377,2433,112,4866,1
2505,2456,2480,49,4961,1
2631,2336,2483,295,4967,1
2301,2421,2361,-120,4722,1
2622,2257,2439,365,4879,1
2417,2375,2396,42,4792,1
2561,2481,2521,80,5042,1
2274,2526,2400,-252,4800,1
2548,2491,2519,57,5039,1
2536,2422,2479,114,4958,1
2491,2552,2521,-61,5043,1
2492,2528,2510,-36,5020,1
2532,2472,2502,60,5004,1
2633,2713,2673,-80,5346,1
2569,2709,2639,-140,5278,1
2706,2559,2632,147,5265,1
2560,2560,2560,0,5120,1
2334,2415,2374,-81,4749,1
2627,2385,2506,242,5012,1
2399,2387,2393,12,4786,1
2472,2263,2367,209,4735,1
2354,2420,2387,-66,4774,1
2734,2702,2718,32,5436,1
2256,2543,2399,-287,4799,1
2587,2321,2454,266,4908,1
2375,2643,2509,-268,5018,1
2383,2566,2474,-183,4949,1
2406,2510,2458,-104,4916,1
2725,2784,2754,-59,5509,1
2324,2439,2381,-115,4763,1
2647,2664,2655,-17,5311,1
2481,2379,2430,102,4860,1
2566,2557,2561,9,5123,1
2352,2572,2462,-220,4924,1
2540,2521,2530,19,5061,1
2431,2524,2477,-93,4955,1
2513,2446,2479,67,4959,1
2515,2381,2448,134,4896,1
2482,2446,2464,36,4928,1
2494,2331,2412,163,4825,1
2268,2471,2369,-203,4739,1
2627,2490,2558,137,5117,1
2524,2527,2525,-3,5051,1
2447,2284,2365,163,4731,1
2396,2310,2353,86,4706,1
2472,2364,2418,108,4836,1
2660,2496,2578,164,5156,1
2437,2300,2368,137,4737,1
2638,2579,2608,59,5217,1
2333,2383,2358,-50,4716,1
2510,2491,2500,19,5001,1
2574,2411,2492,163,4985,1
2621,2648,2634,-27,5269,1
2501,2423,2462,78,4924,1
2678,2740,2709,-62,5418,1
2538,2642,2590,-104,5180,1
2268,2528,2398,-260,4796,1
2375,2409,2392,-34,4784,1
2428,2613,2520,-185,5041,1
2517,2376,2446,141,4893,1
2691,2678,2684,13,5369,1
2556,2542,2549,14,5098,1
2516,2330,2423,186,4846,1
2672,2442,2557,230,5114,1
2465,2545,2505,-80,5010,1
2489,2476,2482,13,4965,1
2495,2614,2554,-119,5109,1
2548,2444,2496,104,4992,1
2289,2614,2451,-325,4903,1
2704,2564,2634,140,5268,1
2716,2374,2545,342,5090,1
2639,2619,2629,20,5258,1
2378,2518,2448,-140,4896,1
2273,2506,2389,-233,4779,1
2430,2561,2495,-131,4991,1
2356,2584,2470,-228,4940,1
2547,2480,2513,67,5027,1
2286,2440,2363,-154,4726,1
2480,2437,2458,43,4917,1
2551,2381,2466,170,4932,1
2391,2677,2534,-286,5068,1
2387,2466,2426,-79,4853,1
2621,2491,2556,130,5112,1
2357,2485,2421,-128,4842,1
2338,2699,2518,-361,5037,1
2463,2382,2422,81,4845,1
2352,2407,2379,-55,4759,1
2629,2470,2549,159,5099,1
2552,2434,2493,118,4986,1
2317,2386,2351,-69,4703,1
2710,2727,2718,-17,5437,1
2531,2302,2416,229,4833,1
2752,2543,2647,209,5295,1
2544,2388,2466,156,4932,1
2618,2449,2533,169,5067,1
2590,2705,2647,-115,5295,1
2515,2473,2494,42,4988,1
2468,2599,2533,-131,5067,1
2317,2585,2451,-268,4902,1
2425,2742,2583,-317,5167,1
2552,2696,2624,-144,5248,1
2684,2537,2610,147,5221,1
2478,2509,2493,-31,4987,1
2414,2449,2431,-35,4863,1
2711,2815,2763,-104,5526,1
2723,2705,2714,18,5428,1
2467,2321,2394,146,4788,1
2476,2303,2389,173,4779,1
2538,2325,2431,213,4863,1
2639,2540,2589,99,5179,1
2453,2633,2543,-180,5086,1
2348,2545,2446,-197,4893,1
2384,2523,2453,-139,4907,1
2525,2552,2538,-27,5077,1
2472,2665,2568,-193,5137,1
2276,2487,2381,-211,4763,1
2545,2419,2482,126,4964,1
2549,2293,2421,256,4842,1
2588,2508,2548,80,5096,1
2430,2429,2429,1,4859,1
2340,2371,2355,-31,4711,1
2481,2265,2373,216,4746,1
2584,2515,2549,69,5099,1
2540,2312,2426,228,4852,1
2475,2429,2452,46,4904,1
2560,2402,2481,158,4962,1
2535,2593,2564,-58,5128,1
2429,2550,2489,-121,4979,1
2477,2423,2450,54,4900,1
2204,2632,2418,-428,4836,1
2667,2474,2570,193,5141,1
2592,2345,2468,247,4937,1
2664,2533,2598,131,5197,1
2432,2570,2501,-138,5002,1
2455,2335,2395,120,4790,1
2485,2410,2447,75,4895,1
2598,2565,2581,33,5163,1
2279,2517,2398,-238,4796,1
2599,2455,2527,144,5054,1
2573,2602,2587,-29,5175,1
2491,2390,2440,101,4881,1
2579,2367,2473,212,4946,1
2294,2482,2388,-188,4776,1
2321,2501,2411,-180,4822,1
2541,2326,2433,215,4867,1
2418,2560,2489,-142,4978,1
2329,2407,2368,-78,4736,1
2584,2393,2488,191,4977,1
2296,2556,2426,-260,4852,1
2269,2556,2412,-287,4825,1
2486,2707,2596,-221,5193,1
2438,2346,2392,92,4784,1
2496,2407,2451,89,4903,1
2405,2524,2464,-119,4929,1
2747,2697,2722,50,5444,1
2553,2317,2435,236,4870,1
2638,2410,2524,228,5048,1
2631,2661,2646,-30,5292,1
2352,2572,2462,-220,4924,1
2405,2311,2358,94,4716,1
2585,2259,2422,326,4844,1
2405,2517,2461,-112,4922,1
2318,2471,2394,-153,4789,1
2531,2226,2378,305,4757,1
2459,2523,2491,-64,4982,1
2506,2599,2552,-93,5105,1
2326,2495,2410,-169,4821,1
2342,2541,2441,-199,4883,1
2611,2771,2691,-160,5382,1
2406,2398,2402,8,4804,1
2550,2449,2499,101,4999,1
2507,2240,2373,267,4747,1
2422,2383,2402,39,4805,1
2526,2405,2465,121,4931,1
2741,2668,2704,73,5409,1
2688,2581,2634,107,5269,1
2640,2292,2466,348,4932,1
2439,2292,2365,147,4731,1
2542,2743,2642,-201,5285,1
2474,2302,2388,172,4776,1
2559,2646,2602,-87,5205,1
2483,2337,2410,146,4820,1
2449,2396,2422,53,4845,1
2397,2457,2427,-60,4854,1
2705,2508,2606,197,5213,1
2515,2440,2477,75,4955,1
2421,2301,2361,120,4722,1
2574,2313,2443,261,4887,1
2451,2326,2388,125,4777,1
2458,2299,2378,159,4757,1
2617,2675,2646,-58,5292,1
2365,2689,2527,-324,5054,1
2465,2616,2540,-151,5081,1
2608,2540,2574,68,5148,1
2557,2275,2416,282,4832,1
2387,2514,2450,-127,4901,1
2428,2566,2497,-138,4994,1
2529,2416,2472,113,4945,1
2338,2518,2428,-180,4856,1
2344,2327,2335,17,4671,1
2331,2361,2346,-30,4692,1
2405,2423,2414,-18,4828,1
2339,2390,2364,-51,4729,1
2634,2247,2440,387,4881,1
2513,2419,2466,94,4932,1
2692,2689,2690,3,5381,1
2433,2359,2396,74,4792,1
2688,2562,2625,126,5250,1
2320,2415,2367,-95,4735,1
2614,2815,2714,-201,5429,1
2506,2323,2414,183,4829,1
2512,2558,2535,-46,5070,1
2425,2536,2480,-111,4961,1
2685,2734,2709,-49,5419,1
2775,2707,2741,68,5482,1
2412,2592,2502,-180,5004,1
2445,2318,2381,127,4763,1
2700,2644,2672,56,5344,1
2446,2575,2510,-129,5021,1
2637,2722,2679,-85,5359,1
2784,2760,2772,24,5544,1
2627,2662,2644,-35,5289,1
2385,2436,2410,-51,4821,1
2599,2290,2444,309,4889,1
2347,2500,2423,-153,4847,1
2513,2644,2578,-131,5157,1
2347,2644,2495,-297,4991,1
2769,2738,2753,31,5507,1
2477,2412,2444,65,4889,1
2379,2698,2538,-319,5077,1
2427,2567,2497,-140,4994,1
2313,2550,2431,-237,4863,1
2540,2667,2603,-127,5207,1
2484,2503,2493,-19,4987,1
2358,2426,2392,-68,4784,1
2614,2455,2534,159,5069,1
2631,2502,2566,129,5133,1
2505,2633,2569,-128,5138,1
2495,2336,2415,159,4831,1
2484,2293,2388,191,4777,1
2365,2499,2432,-134,4864,1
2565,2446,2505,119,5011,1
2398,2442,2420,-44,4840,1
2383,2515,2449,-132,4898,1
2497,2616,2556,-119,5113,1
2359,2353,2356,6,4712,1
2675,2511,2593,164,5186,1
2694,2438,2566,256,5132,1
2522,2247,2384,275,4769,1
2536,2398,2467,138,4934,1
2561,2331,2446,230,4892,1
2594,2491,2542,103,5085,1
2706,2676,2691,30,5382,1
2398,2344,2371,54,4742,1
2619,2680,2649,-61,5299,1
2636,2629,2632,7,5265,1
2384,2577,2480,-193,4961,1
2638,2706,2672,-68,5344,1
2787,2766,2776,21,5553,1
2637,2494,2565,143,5131,1
2543,2328,2435,215,4871,1
2536,2421,2478,115,4957,1
2505,2239,2372,266,4744,1
2445,2544,2494,-99,4989,1
2532,2445,2488,87,4977,1
2328,2397,2362,-69,4725,1
2361,2636,2498,-275,4997,1
2460,2316,2388,144,4776,1
2524,2358,2441,166,4882,1
2408,2501,2454,-93,4909,1
2528,2419,2473,109,4947,1
2539,2556,2547,-17,5095,1
2380,2459,2419,-79,4839,1
2613,2369,2491,244,4982,1
2520,2241,2380,279,4761,1
2565,2635,2600,-70,5200,1
2437,2562,2499,-125,4999,1
2457,2505,2481,-48,4962,1
2390,2646,2518,-256,5036,1
2513,2414,2463,99,4927,1
2599,2678,2638,-79,5277,1
2362,2423,2392,-61,4785,1
2707,2544,2625,163,5251,1
2682,2706,2694,-24,5388,1
2447,2445,2446,2,4892,1
2368,2610,2489,-242,4978,1
2448,2607,2527,-159,5055,1
2629,2446,2537,183,5075,1
2611,2582,2596,29,5193,1
2436,2326,2381,110,4762,1
2375,2582,2478,-207,4957,1
2387,2307,2347,80,4694,1
2374,2441,2407,-67,4815,1
2336,2590,2463,-254,4926,1
2565,2272,2418,293,4837,1
2360,2344,2352,16,4704,1
2394,2465,2429,-71,4859,1
2345,2458,2401,-113,4803,1
2273,2649,2461,-376,4922,1
2385,2515,2450,-130,4900,1
2491,2708,2599,-217,5199,1
2475,2339,2407,136,4814,1
2767,2793,2780,-26,5560,1
2550,2393,2471,157,4943,1
2494,2421,2457,73,4915,1
2447,2419,2433,28,4866,1
2461,2441,2451,20,4902,1
2351,2417,2384,-66,4768,1
2791,2713,2752,78,5504,1
2554,2677,2615,-123,5231,1
2374,2572,2473,-198,4946,1
2496,2613,2554,-117,5109,1
2616,2570,2593,46,5186,1
2283,2533,2408,-250,4816,1
2304,2493,2398,-189,4797,1
2581,2491,2536,90,5072,1
2628,2757,2692,-129,5385,1
2543,2598,2570,-55,5141,1
2507,2514,2510,-7,5021,1
2661,2513,2587,148,5174,1
2607,2474,2540,133,5081,1
2367,2541,2454,-174,4908,1
2529,2427,2478,102,4956,1
2567,2619,2593,-52,5186,1
2484,2432,2458,52,4916,1
2667,2184,2425,483,4851,1
2664,2531,2597,133,5195,1
2552,2415,2483,137,4967,1
2435,2627,2531,-192,5062,1
2484,2368,2426,116,4852,1
2596,2382,2489,214,4978,1
2535,2253,2394,282,4788,1
2595,2570,2582,25,5165,1
2404,2537,2470,-133,4941,1
2565,2446,2505,119,5011,1
2554,2453,2503,101,5007,1
2572,2471,2521,101,5043,1
2565,2286,2425,279,4851,1
2624,2301,2462,323,4925,1
2477,2259,2368,218,4736,1
2294,2492,2393,-198,4786,1
2556,2485,2520,71,5041,1
2539,2381,2460,158,4920,1
2653,2455,2554,198,5108,1
2688,2664,2676,24,5352,1
2626,2576,2601,50,5202,1
2541,2613,2577,-72,5154,1
2711,2503,2607,208,5214,1
2291,2423,2357,-132,4714,1
2461,2317,2389,144,4778,1
2325,2557,2441,-232,4882,1
2722,2477,2599,245,5199,1
2560,2364,2462,196,4924,1
2556,2412,2484,144,4968,1
2720,2861,2790,-141,5581,1
2345,2598,2471,-253,4943,1
2617,2453,2535,164,5070,1
2533,2590,2561,-57,5123,1
2521,2379,2450,142,4900,1
2659,2572,2615,87,5231,1
2707,2584,2645,123,5291,1
2385,2638,2511,-253,5023,1
2329,2564,2446,-235,4893,1
2396,2547,2471,-151,4943,1
2520,2737,2628,-217,5257,1
2488,2710,2599,-222,5198,1
2378,2601,2489,-223,4979,1
2527,2653,2590,-126,5180,1
2466,2556,2511,-90,5022,1
2484,2490,2487,-6,4974,1
2493,2452,2472,41,4945,1
2499,2262,2380,237,4761,1
2534,2475,2504,59,5009,1
2290,2472,2381,-182,4762,1
2423,2547,2485,-124,4970,1
2340,2618,2479,-278,4958,1
2408,2563,2485,-155,4971,1
2551,2535,2543,16,5086,1
2644,2546,2595,98,5190,1
2632,2635,2633,-3,5267,1
2492,2494,2493,-2,4986,1
2422,2634,2528,-212,5056,1
2368,2529,2448,-161,4897,1
2559,2595,2577,-36,5154,1
2628,2454,2541,174,5082,1
2529,2541,2535,-12,5070,1
2607,2454,2530,153,5061,1
2365,2456,2410,-91,4821,1
2741,2683,2712,58,5424,1
2579,2437,2508,142,5016,1
2494,2607,2550,-113,5101,1
2712,2616,2664,96,5328,1
2532,2431,2481,101,4963,1
2500,2356,2428,144,4856,1
2555,2329,2442,226,4884,1
2349,2562,2455,-213,4911,1
2327,2394,2360,-67,4721,1
2459,2399,2429,60,4858,1
2477,2343,2410,134,4820,1
2676,2702,2689,-26,5378,1
2631,2628,2629,3,5259,1
2441,2650,2545,-209,5091,1
2555,2449,2502,106,5004,1
2389,2511,2450,-122,4900,1
2536,2477,2506,59,5013,1
2539,2458,2498,81,4997,1
2573,2507,2540,66,5080,1
2553,2557,2555,-4,5110,1
2638,2556,2597,82,5194,1
2582,2372,2477,210,4954,1
2723,2653,2688,70,5376,1
2595,2577,2586,18,5172,1
2620,2688,2654,-68,5308,1
2635,2549,2592,86,5184,1
2590,2256,2423,334,4846,1
2601,2599,2600,2,5200,1
2476,2499,2487,-23,4975,1
2678,2646,2662,32,5324,1
2387,2303,2345,84,4690,1
2381,2401,2391,-20,4782,1
2564,2417,2490,147,4981,1
2336,2533,2434,-197,4869,1
2309,2425,2367,-116,4734,1
2321,2416,2368,-95,4737,1
2244,2595,2419,-351,4839,1
2495,2422,2458,73,4917,1
2347,2552,2449,-205,4899,1
2513,2338,2425,175,4851,1
2584,2333,2458,251,4917,1
2480,2304,2392,176,4784,1
2380,2347,2363,33,4727,1
2572,2435,2503,137,5007,1
2552,2665,2608,-113,5217,1
2519,2646,2582,-127,5165,1
2680,2627,2653,53,5307,1
2425,2286,2355,139,4711,1
2534,2239,2386,295,4773,1
2567,2531,2549,36,5098,1
2459,2264,2361,195,4723,1
2374,2566,2470,-192,4940,1
2538,2697,2617,-159,5235,1
2560,2528,2544,32,5088,1
2344,2580,2462,-236,4924,1
2535,2634,2584,-99,5169,1
2401,2491,2446,-90,4892,1
2589,2650,2619,-61,5239,1
2479,2556,2517,-77,5035,1
2464,2388,2426,76,4852,1
2473,2578,2525,-105,5051,1
2580,2450,2515,130,5030,1
2610,2565,2587,45,5175,1
2648,2558,2603,90,5206,1
2396,2534,2465,-138,4930,1
2775,2748,2761,27,5523,1
2476,2324,2400,152,4800,1
2317,2505,2411,-188,4822,1
2486,2267,2376,219,4753,1
2726,2623,2674,103,5349,1
2566,2533,2549,33,5099,1
2410,2463,2436,-53,4873,1
2526,2401,2463,125,4927,1
2569,2430,2499,139,4999,1
2564,2450,2507,114,5014,1
2511,2269,2390,242,4780,1
2702,2664,2683,38,5366,1
2634,2402,2518,232,5036,1
2344,2420,2382,-76,4764,1
2340,2501,2420,-161,4841,1
2422,2498,2460,-76,4920,1
2442,2393,2417,49,4835,1
2615,2466,2540,149,5081,1
2422,2441,2431,-19,4863,1
2649,2358,2503,291,5007,1
2378,2611,2494,-233,4989,1
2508,2407,2457,101,4915,1
2389,2619,2504,-230,5008,1
2409,2500,2454,-91,4909,1
2404,2556,2480,-152,4960,1
2723,2727,2725,-4,5450,1
2588,2614,2601,-26,5202,1
2526,2625,2575,-99,5151,1
2510,2526,2518,-16,5036,1
2483,2428,2455,55,4911,1
2543,2340,2441,203,4883,1
2572,2343,2457,229,4915,1
2385,2414,2399,-29,4799,1
2426,2358,2392,68,4784,1
2314,2417,2365,-103,4731,1
2367,2457,2412,-90,4824,1
2451,2353,2402,98,4804,1
2476,2382,2429,94,4858,1
2367,2362,2364,5,4729,1
2668,2553,2610,115,5221,1
2361,2374,2367,-13,4735,1
2541,2461,2501,80,5002,1
2305,2513,2409,-208,4818,1
2480,2338,2409,142,4818,1
2717,2663,2690,54,5380,1
2510,2547,2528,-37,5057,1
2561,2562,2561,-1,5123,1
2475,2387,2431,88,4862,1
2586,2484,2535,102,5070,1
2614,2600,2607,14,5214,1
2436,2580,2508,-144,5016,1
2499,2344,2421,155,4843,1
2475,2544,2509,-69,5019,1
2709,2753,2731,-44,5462,1
2441,2639,2540,-198,5080,1
2397,2541,2469,-144,4938,1
2656,2631,2643,25,5287,1
2373,2598,2485,-225,4971,1
2529,2557,2543,-28,5086,1
2709,2632,2670,77,5341,1
2760,2711,2735,49,5471,1
2707,2530,2618,177,5237,1
2375,2364,2369,11,4739,1
2520,2519,2519,1,5039,1
2505,2533,2519,-28,5038,1
2460,2354,2407,106,4814,1
2551,2688,2619,-137,5239,1
2277,2547,2412,-270,4824,1
2599,2450,2524,149,5049,1
2291,2449,2370,-158,4740,1
2412,2530,2471,-118,4942,1
2574,2530,2552,44,5104,1
2529,2585,2557,-56,5114,1
2442,2346,2394,96,4788,1
2362,2476,2419,-114,4838,1
2420,2447,2433,-27,4867,1
2515,2511,2513,4,5026,1
2448,2392,2420,56,4840,1
2597,2390,2493,207,4987,1
2378,2582,2480,-204,4960,1
2763,2726,2744,37,5489,1
2270,2680,2475,-410,4950,1
2734,2691,2712,43,5425,1
2267,2620,2443,-353,4887,1
2522,2242,2382,280,4764,1
2618,2626,2622,-8,5244,1
2648,2657,2652,-9,5305,1
2651,2706,2678,-55,5357,1
2536,2500,2518,36,5036,1
2579,2472,2525,107,5051,1
2498,2521,2509,-23,5019,1
2449,2313,2381,136,4762,1
2638,2601,2619,37,5239,1
2401,2454,2427,-53,4855,1
2431,2567,2499,-136,4998,1
2651,2366,2508,285,5017,1
2624,2478,2551,146,5102,1
2614,2606,2610,8,5220,1
2549,2669,2609,-120,5218,1
2475,2603,2539,-128,5078,1
2550,2278,2414,272,4828,1
2474,2426,2450,48,4900,1
2607,2536,2571,71,5143,1
2565,2458,2511,107,5023,1
2788,2644,2716,144,5432,1
2539,2554,2546,-15,5093,1
2363,2494,2428,-131,4857,1
2507,2503,2505,4,5010,1
2505,2548,2526,-43,5053,1
2633,2590,2611,43,5223,1
2494,2423,2458,71,4917,1
2286,2443,2364,-157,4729,1
2648,2463,2555,185,5111,1
2326,2447,2386,-121,4773,1
2580,2655,2617,-75,5235,1
2588,2463,2525,125,5051,1
2542,2228,2385,314,4770,1
2407,2302,2354,105,4709,1
2557,2597,2577,-40,5154,1
2556,2546,2551,10,5102,1
2608,2570,2589,38,5178,1
2702,2706,2704,-4,5408,1
2674,2666,2670,8,5340,1
2628,2679,2653,-51,5307,1
2516,2275,2395,241,4791,1
2430,2513,2471,-83,4943,1
2507,2246,2376,261,4753,1
2793,2744,2768,49,5537,1
2458,2547,2502,-89,5005,1
2440,2714,2577,-274,5154,1
2469,2564,2516,-95,5033,1
2417,2388,2402,29,4805,1
2454,2330,2392,124,4784,1
2371,2382,2376,-11,4753,1
2551,2595,2573,-44,5146,1
2429,2532,2480,-103,4961,1
2482,2437,2459,45,4919,1
2610,2491,2550,119,5101,1
2398,2427,2412,-29,4825,1
2567,2518,2542,49,5085,1
2518,2406,2462,112,4924,1
2449,2336,2392,113,4785,1
2572,2406,2489,166,4978,1
2354,2417,2385,-63,4771,1
2503,2635,2569,-132,5138,1
2302,2553,2427,-251,4855,1
2436,2469,2452,-33,4905,1
2579,2232,2405,347,4811,1
2413,2556,2484,-143,4969,1
2481,2586,2533,-105,5067,1
2641,2547,2594,94,5188,1
2472,2270,2371,202,4742,1
2336,2441,2388,-105,4777,1
2705,2465,2585,240,5170,1
2637,2722,2679,-85,5359,1
2643,2247,2445,396,4890,1
2597,2413,2505,184,5010,1
2431,2462,2446,-31,4893,1
2510,2274,2392,236,4784,1
2305,2395,2350,-90,4700,1
2580,2234,2407,346,4814,1
2676,2505,2590,171,5181,1
2253,2655,2454,-402,4908,1
2589,2633,2611,-44,5222,1
2568,2410,2489,158,4978,1
2446,2294,2370,152,4740,1
2419,2484,2451,-65,4903,1
2235,2634,2434,-399,4869,1
2332,2680,2506,-348,5012,1
2434,2550,2492,-116,4984,1
2313,2481,2397,-168,4794,1
2453,2402,2427,51,4855,1
2784,2803,2793,-19,5587,1
2283,2594,2438,-311,4877,1
2557,2708,2632,-151,5265,1
2478,2596,2537,-118,5074,1
2470,2531,2500,-61,5001,1
2682,2455,2568,227,5137,1
2438,2287,2362,151,4725,1
2417,2404,2410,13,4821,1
2402,2582,2492,-180,4984,1
2303,2430,2366,-127,4733,1
2427,2400,2413,27,4827,1
2294,2572,2433,-278,4866,1
2562,2308,2435,254,4870,1
2667,2603,2635,64,5270,1
2284,2534,2409,-250,4818,1
2683,2550,2616,133,5233,1
2702,2377,2539,325,5079,1
2337,2543,2440,-206,4880,1
2680,2543,2611,137,5223,1
2473,2377,2425,96,4850,1
2497,2276,2386,221,4773,1
2388,2669,2528,-281,5057,1
2589,2526,2557,63,5115,1
2609,2562,2585,47,5171,1
2444,2424,2434,20,4868,1
2560,2602,2581,-42,5162,1
2567,2353,2460,214,4920,1
2374,2423,2398,-49,4797,1
2206,2670,2438,-464,4876,1
2418,2526,2472,-108,4944,1
2436,2410,2423,26,4846,1
2426,2303,2364,123,4729,1
2683,2708,2695,-25,5391,1
2379,2504,2441,-125,4883,1
2593,2204,2398,389,4797,1
2441,2502,2471,-61,4943,1
2412,2317,2364,95,4729,1
2665,2457,2561,208,5122,1
2517,2389,2453,128,4906,1
2376,2323,2349,53,4699,1
2408,2534,2471,-126,4942,1
2343,2540,2441,-197,4883,1
2530,2407,2468,123,4937,1
2401,2355,2378,46,4756,1
2469,2805,2637,-336,5274,1
2393,2364,2378,29,4757,1
2498,2548,2523,-50,5046,1
2568,2449,2508,119,5017,1
2590,2708,2649,-118,5298,1
2644,2591,2617,53,5235,1
2453,2569,2511,-116,5022,1
2393,2561,2477,-168,4954,1
2232,2639,2435,-407,4871,1
2507,2577,2542,-70,5084,1
2423,2539,2481,-116,4962,1
2666,2687,2676,-21,5353,1
2414,2390,2402,24,4804,1
2693,2717,2705,-24,5410,1
2292,2533,2412,-241,4825,1
2282,2725,2503,-443,5007,1
2431,2468,2449,-37,4899,1
2389,2359,2374,30,4748,1
2321,2545,2433,-224,4866,1
2602,2495,2548,107,5097,1
2267,2545,2406,-278,4812,1
2579,2618,2598,-39,5197,1
2308,2475,2391,-167,4783,1
2367,2414,2390,-47,4781,1
2663,2467,2565,196,5130,1
2339,2387,2363,-48,4726,1
2363,2494,2428,-131,4857,1
2293,2436,2364,-143,4729,1
2517,2308,2412,209,4825,1
2503,2498,2500,5,5001,1
2483,2469,2476,14,4952,1
2552,2691,2621,-139,5243,1
2473,2265,2369,208,4738,1
2724,2602,2663,122,5326,1
2597,2545,2571,52,5142,1
2547,2354,2450,193,4901,1
2356,2390,2373,-34,4746,1
2502,2604,2553,-102,5106,1
2639,2663,2651,-24,5302,1
2454,2276,2365,178,4730,1
2285,2575,2430,-290,4860,1
2557,2584,2570,-27,5141,1
2295,2505,2400,-210,4800,1
2586,2470,2528,116,5056,1
2359,2415,2387,-56,4774,1
2739,2619,2679,120,5358,1
2296,2616,2456,-320,4912,1
2271,2635,2453,-364,4906,1
2482,2274,2378,208,4756,1
2380,2570,2475,-190,4950,1
2321,2447,2384,-126,4768,1
2404,2593,2498,-189,4997,1
2517,2298,2407,219,4815,1
2651,2680,2665,-29,5331,1
2447,2623,2535,-176,5070,1
2672,2475,2573,197,5147,1
2435,2530,2482,-95,4965,1
2468,2569,2518,-101,5037,1
2378,2636,2507,-258,5014,1
2434,2556,2495,-122,4990,1
2637,2580,2608,57,5217,1
2577,2758,2667,-181,5335,1
2730,2544,2637,186,5274,1
2705,2616,2660,89,5321,1
2384,2347,2365,37,4731,1
2257,2680,2468,-423,4937,1
2363,2330,2346,33,4693,1
2655,2499,2577,156,5154,1
2527,2427,2477,100,4954,1
2422,2535,2478,-113,4957,1
2577,2365,2471,212,4942,1
2641,2315,2478,326,4956,1
2521,2585,2553,-64,5106,1
2506,2295,2400,211,4801,1
2244,2574,2409,-330,4818,1
2358,2505,2431,-147,4863,1
2315,2446,2380,-131,4761,1
2431,2516,2473,-85,4947,1
2478,2331,2404,147,4809,1
2441,2512,2476,-71,4953,1
2723,2553,2638,170,5276,1
2544,2613,2578,-69,5157,1
2573,2633,2603,-60,5206,1
2273,2521,2397,-248,4794,1
2377,2467,2422,-90,4844,1
2605,2375,2490,230,4980,1
2320,2398,2359,-78,4718,1
2473,2319,2396,154,4792,1
2292,2458,2375,-166,4750,1
2592,2325,2458,267,4917,1
2388,2446,2417,-58,4834,1
2486,2427,2456,59,4913,1
2501,2568,2534,-67,5069,1
2550,2567,2558,-17,5117,1
2474,2528,2501,-54,5002,1
2611,2450,2530,161,5061,1
2342,2369,2355,-27,4711,1
2560,2375,2467,185,4935,1
2417,2459,2438,-42,4876,1
2545,2279,2412,266,4824,1
2484,2390,2437,94,4874,1
2483,2417,2450,66,4900,1
2517,2250,2383,267,4767,1
2707,2635,2671,72,5342,1
2609,2274,2441,335,4883,1
2410,2405,2407,5,4815,1
2500,2531,2515,-31,5031,1
2404,2519,2461,-115,4923,1
2573,2464,2518,109,5037,1
2541,2503,2522,38,5044,1
2538,2449,2493,89,4987,1
2545,2312,2428,233,4857,1
2338,2332,2335,6,4670,1
2837,2763,2800,74,5600,1
2373,2463,2418,-90,4836,1
2302,2506,2404,-204,4808,1
2476,2524,2500,-48,5000,1
2399,2571,2485,-172,4970,1
2331,2380,2355,-49,4711,1
2653,2762,2707,-109,5415,1
2626,2567,2596,59,5193,1
2302,2524,2413,-222,4826,1
2465,2552,2508,-87,5017,1
2248,2566,2407,-318,4814,1
2494,2660,2577,-166,5154,1
2698,2670,2684,28,5368,1
2692,2641,2666,51,5333,1
2737,2762,2749,-25,5499,1
2388,2613,2500,-225,5001,1
2478,2557,2517,-79,5035,1
2489,2340,2414,149,4829,1
2637,2622,2629,15,5259,1
2664,2671,2667,-7,5335,1
2523,2579,2551,-56,5102,1
2603,2442,2522,161,5045,1
2564,2631,2597,-67,5195,1
2530,2350,2440,180,4880,1
2699,2538,2618,161,5237,1
2393,2529,2461,-136,4922,1
2432,2506,2469,-74,4938,1
2624,2663,2643,-39,5287,1
2320,2533,2426,-213,4853,1
2723,2586,2654,137,5309,1
2355,2512,2433,-157,4867,1
2393,2356,2374,37,4749,1
2483,2564,2523,-81,5047,1
2437,2348,2392,89,4785,1
2785,2724,2754,61,5509,1
2371,2540,2455,-169,4911,1
2585,2389,2487,196,4974,1
2557,2655,2606,-98,5212,1
2260,2549,2404,-289,4809,1
2490,2543,2516,-53,5033,1
2561,2461,2511,100,5022,1
2213,2604,2408,-391,4817,1
2679,2622,2650,57,5301,1
2503,2417,2460,86,4920,1
2707,2493,2600,214,5200,1
2584,2682,2633,-98,5266,1
2280,2467,2373,-187,4747,1
2617,2679,2648,-62,5296,1
2598,2215,2406,383,4813,1
2527,2543,2535,-16,5070,1
2529,2328,2428,201,4857,1
2384,2333,2358,51,4717,1
2429,2523,2476,-94,4952,1
2492,2348,2420,144,4840,1
2485,2713,2599,-228,5198,1
2598,2375,2486,223,4973,1
2503,2409,2456,94,4912,1
2500,2281,2390,219,4781,1
2324,2458,2391,-134,4782,1
2556,2724,2640,-168,5280,1
2633,2359,2496,274,4992,1
2559,2427,2493,132,4986,1
2445,2509,2477,-64,4954,1
2345,2564,2454,-219,4909,1
2346,2399,2372,-53,4745,1
2632,2446,2539,186,5078,1
2613,2564,2588,49,5177,1
2326,2534,2430,-208,4860,1
2534,2552,2543,-18,5086,1
2305,2532,2418,-227,4837,1
2772,2567,2669,205,5339,1
2538,2311,2424,227,4849,1
2279,2566,2422,-287,4845,1
2276,2467,2371,-191,4743,1
2544,2463,2503,81,5007,1
2610,2657,2633,-47,5267,1
2625,2571,2598,54,5196,1
2661,2200,2430,461,4861,1
2564,2416,2490,148,4980,1
2622,2297,2459,325,4919,1
2507,2392,2449,115,4899,1
2457,2463,2460,-6,4920,1
2279,2450,2364,-171,4729,1
2502,2331,2416,171,4833,1
2507,2640,2573,-133,5147,1
2672,2734,2703,-62,5406,1
2441,2564,2502,-123,5005,1
2754,2582,2668,172,5336,1
2546,2614,2580,-68,5160,1
2550,2524,2537,26,5074,1
2386,2359,2372,27,4745,1
2749,2607,2678,142,5356,1
2412,2346,2379,66,4758,1
2474,2471,2472,3,4945,1
2336,2564,2450,-228,4900,1
2418,2285,2351,133,4703,1
2305,2518,2411,-213,4823,1
2538,2547,2542,-9,5085,1
2387,2716,2551,-329,5103,1
2752,2773,2762,-21,5525,1
2414,2546,2480,-132,4960,1
2757,2578,2667,179,5335,1
2486,2482,2484,4,4968,1
2557,2324,2440,233,4881,1
2453,2550,2501,-97,5003,1
2482,2535,2508,-53,5017,1
2420,2638,2529,-218,5058,1
2663,2569,2616,94,5232,1
2506,2717,2611,-211,5223,1
2436,2436,2436,0,4872,1
2548,2296,2422,252,4844,1
2368,2491,2429,-123,4859,1
2625,2416,2520,209,5041,1
2686,2344,2515,342,5030,1
2586,2253,2419,333,4839,1
2513,2308,2410,205,4821,1
2601,2350,2475,251,4951,1
2660,2633,2646,27,5293,1
2428,2433,2430,-5,4861,1
2538,2257,2397,281,4795,1
2632,2730,2681,-98,5362,1
2521,2294,2407,227,4815,1
2272,2622,2447,-350,4894,1
2412,2520,2466,-108,4932,1
2366,2522,2444,-156,4888,1
2586,2659,2622,-73,5245,1
2362,2562,2462,-200,4924,1
2613,2664,2638,-51,5277,1
2293,2471,2382,-178,4764,1
2478,2328,2403,150,4806,1
2468,2437,2452,31,4905,1
2345,2473,2409,-128,4818,1
2308,2586,2447,-278,4894,1
2603,2405,2504,198,5008,1
2297,2430,2363,-133,4727,1
2363,2374,2368,-11,4737,1
2580,2466,2523,114,5046,1
2700,2497,2598,203,5197,1
2588,2667,2627,-79,5255,1
2372,2496,2434,-124,4868,1
2476,2587,2531,-111,5063,1
2520,2278,2399,242,4798,1
2420,2386,2403,34,4806,1
2396,2513,2454,-117,4909,1
2717,2712,2714,5,5429,1
2599,2391,2495,208,4990,1
2471,2643,2557,-172,5114,1
2472,2260,2366,212,4732,1
2602,2231,2416,371,4833,1
2444,2574,2509,-130,5018,1
2397,2404,2400,-7,4801,1
2669,2572,2620,97,5241,1
2352,2642,2497,-290,4994,1
2582,2455,2518,127,5037,1
2766,2717,2741,49,5483,1
2408,2468,2438,-60,4876,1
2399,2570,2484,-171,4969,1
2570,2619,2594,-49,5189,1
2411,2372,2391,39,4783,1
2427,2554,2490,-127,4981,1
2562,2496,2529,66,5058,1
2589,2240,2414,349,4829,1
2433,2338,2385,95,4771,1
2317,2505,2411,-188,4822,1
2330,2439,2384,-109,4769,1
2648,2360,2504,288,5008,1
2530,2437,2483,93,4967,1
2291,2445,2368,-154,4736,1
2712,2384,2548,328,5096,1
2433,2353,2393,80,4786,1
2599,2616,2607,-17,5215,1
2388,2654,2521,-266,5042,1
2587,2442,2514,145,5029,1
2624,2489,2556,135,5113,1
2403,2521,2462,-118,4924,1
2375,2308,2341,67,4683,1
2304,2515,2409,-211,4819,1
2594,2707,2650,-113,5301,1
2457,2318,2387,139,4775,1
2608,2485,2546,123,5093,1
2532,2412,2472,120,4944,1
2430,2499,2464,-69,4929,1
2428,2713,2570,-285,5141,1
2655,2735,2695,-80,5390,1
2381,2571,2476,-190,4952,1
2550,2313,2431,237,4863,1
2749,2546,2647,203,5295,1
2218,2572,2395,-354,4790,1
2713,2636,2674,77,5349,1
2447,2367,2407,80,4814,1
2523,2556,2539,-33,5079,1
2655,2645,2650,10,5300,1
2533,2332,2432,201,4865,1
2222,2596,2409,-374,4818,1
2568,2631,2599,-63,5199,1
2345,2521,2433,-176,4866,1
2625,2621,2623,4,5246,1
2535,2273,2404,262,4808,1
2588,2686,2637,-98,5274,1
2552,2550,2551,2,5102,1
2656,2572,2614,84,5228,1
2346,2479,2412,-133,4825,1
2803,2734,2768,69,5537,1
2513,2253,2383,260,4766,1
2441,2364,2402,77,4805,1
2419,2371,2395,48,4790,1
2764,2740,2752,24,5504,1
2519,2320,2419,199,4839,1
2434,2330,2382,104,4764,1
2660,2680,2670,-20,5340,1
2389,2437,2413,-48,4826,1
2521,2455,2488,66,4976,1
2328,2546,2437,-218,4874,1
2562,2577,2569,-15,5139,1
2303,2468,2385,-165,4771,1
2571,2501,2536,70,5072,1
2472,2389,2430,83,4861,1
2508,2271,2389,237,4779,1
2636,2525,2580,111,5161,1
2420,2504,2462,-84,4924,1
2481,2541,2511,-60,5022,1
2576,2597,2586,-21,5173,1
2375,2388,2381,-13,4763,1
2475,2319,2397,156,4794,1
2691,2689,2690,2,5380,1
2387,2503,2445,-116,4890,1
2390,2563,2476,-173,4953,1
2499,2362,2430,137,4861,1
2627,2462,2544,165,5089,1
2425,2576,2500,-151,5001,1
2329,2696,2512,-367,5025,1
2730,2792,2761,-62,5522,1
2642,2561,2601,81,5203,1
2670,2571,2620,99,5241,1
2327,2509,2418,-182,4836,1
2505,2625,2565,-120,5130,1
2551,2278,2414,273,4829,1
2461,2406,2433,55,4867,1
2520,2506,2513,14,5026,1
2433,2552,2492,-119,4985,1
2510,2568,2539,-58,5078,1
2286,2459,2372,-173,4745,1
2419,2554,2486,-135,4973,1
2651,2558,2604,93,5209,1
2539,2448,2493,91,4987,1
2577,2569,2573,8,5146,1
2340,2591,2465,-251,4931,1
2515,2470,2492,45,4985,1
2363,2447,2405,-84,4810,1
2523,2635,2579,-112,5158,1
2454,2544,2499,-90,4998,1
2392,2311,2351,81,4703,1
2603,2422,2512,181,5025,1
2583,2212,2397,371,4795,1
2542,2491,2516,51,5033,1
2707,2659,2683,48,5366,1
2546,2339,2442,207,4885,1
2389,2477,2433,-88,4866,1
2430,2538,2484,-108,4968,1
2442,2663,2552,-221,5105,1
2727,2567,2647,160,5294,1
2365,2533,2449,-168,4898,1
2533,2373,2453,160,4906,1
2700,2637,2668,63,5337,1
2334,2533,2433,-199,4867,1
2317,2574,2445,-257,4891,1
2508,2513,2510,-5,5021,1
2456,2386,2421,70,4842,1
2279,2636,2457,-357,4915,1
2529,2602,2565,-73,5131,1
2425,2350,2387,75,4775,1
2484,2272,2378,212,4756,1
2241,2562,2401,-321,4803,1
2523,2322,2422,201,4845,1
2306,2505,2405,-199,4811,1
2391,2441,2416,-50,4832,1
2639,2678,2658,-39,5317,1
2609,2683,2646,-74,5292,1
2568,2286,2427,282,4854,1
2269,2547,2408,-278,4816,1
2505,2380,2442,125,4885,1
2676,2619,2647,57,5295,1
2581,2467,2524,114,5048,1
2600,2327,2463,273,4927,1
2509,2614,2561,-105,5123,1
2553,2230,2391,323,4783,1
2274,2459,2366,-185,4733,1
2489,2501,2495,-12,4990,1
2771,2881,2826,-110,5652,1
2432,2281,2356,151,4713,1
2655,2645,2650,10,5300,1
2398,2295,2346,103,4693,1
2507,2650,2578,-143,5157,1
2556,2518,2537,38,5074,1
2522,2361,2441,161,4883,1
2455,2335,2395,120,4790,1
2632,2474,2553,158,5106,1
2628,2201,2414,427,4829,1
2537,2417,2477,120,4954,1
2477,2343,2410,134,4820,1
2393,2560,2476,-167,4953,1
2616,2625,2620,-9,5241,1
2488,2567,2527,-79,5055,1
2432,2533,2482,-101,4965,1
2568,2652,2610,-84,5220,1
2338,2564,2451,-226,4902,1
2484,2481,2482,3,4965,1
2619,2481,2550,138,5100,1
2511,2391,2451,120,4902,1
2600,2655,2627,-55,5255,1
2475,2502,2488,-27,4977,1
2452,2475,2463,-23,4927,1
2594,2335,2464,259,4929,1
2606,2322,2464,284,4928,1
2639,2715,2677,-76,5354,1
2597,2606,2601,-9,5203,1
2350,2409,2379,-59,4759,1
2488,2569,2528,-81,5057,1
2383,2438,2410,-55,4821,1
2512,2447,2479,65,4959,1
2663,2683,2673,-20,5346,1
2485,2629,2557,-144,5114,1
2490,2686,2588,-196,5176,1
2379,2542,2460,-163,4921,1
2408,2484,2446,-76,4892,1
2507,2461,2484,46,4968,1
2493,2625,2559,-132,5118,1
2401,2481,2441,-80,4882,1
2662,2509,2585,153,5171,1
2659,2554,2606,105,5213,1
2330,2448,2389,-118,4778,1
2764,2815,2789,-51,5579,1
2486,2542,2514,-56,5028,1
2520,2290,2405,230,4810,1
2316,2391,2353,-75,4707,1
2327,2499,2413,-172,4826,1
2700,2703,2701,-3,5403,1
2643,2591,2617,52,5234,1
2647,2667,2657,-20,5314,1
2396,2446,2421,-50,4842,1
2530,2491,2510,39,5021,1
2284,2623,2453,-339,4907,1
2643,2558,2600,85,5201,1
2495,2529,2512,-34,5024,1
2499,2554,2526,-55,5053,1
2379,2511,2445,-132,4890,1
2417,2594,2505,-177,5011,1
2546,2312,2429,234,4858,1
2446,2356,2401,90,4802,1
2386,2401,2393,-15,4787,1
2345,2664,2504,-319,5009,1
2433,2418,2425,15,4851,1
2551,2696,2623,-145,5247,1
2492,2563,2527,-71,5055,1
2469,2310,2389,159,4779,1
2449,2377,2413,72,4826,1
2598,2215,2406,383,4813,1
2425,2412,2418,13,4837,1
2525,2615,2570,-90,5140,1
2516,2302,2409,214,4818,1
2566,2705,2635,-139,5271,1
2569,2447,2508,122,5016,1
2613,2363,2488,250,4976,1
2449,2559,2504,-110,5008,1
2319,2684,2501,-365,5003,1
2731,2731,2731,0,5462,1
2674,2584,2629,90,5258,1
2607,2516,2561,91,5123,1
2382,2549,2465,-167,4931,1
2602,2353,2477,249,4955,1
2412,2413,2412,-1,4825,1
2415,2538,2476,-123,4953,1
2409,2546,2477,-137,4955,1
2511,2705,2608,-194,5216,1
2783,2706,2744,77,5489,1
2641,2675,2658,-34,5316,1
2479,2670,2574,-191,5149,1
2379,2502,2440,-123,4881,1
2388,2661,2524,-273,5049,1
2570,2581,2575,-11,5151,1
2469,2290,2379,179,4759,1
2422,2298,2360,124,4720,1
2307,2532,2419,-225,4839,1
2460,2457,2458,3,4917,1
2544,2635,2589,-91,5179,1
2677,2526,2601,151,5203,1
2313,2442,2377,-129,4755,1
2474,2353,2413,121,4827,1
2291,2546,2418,-255,4837,1
2646,2495,2570,151,5141,1
2696,2568,2632,128,5264,1
2556,2404,2480,152,4960,1
2682,2575,2628,107,5257,1
2476,2597,2536,-121,5073,1
2631,2694,2662,-63,5325,1
2302,2551,2426,-249,4853,1
2793,2699,2746,94,5492,1
2366,2454,2410,-88,4820,1
2458,2411,2434,47,4869,1
2557,2270,2413,287,4827,1
2577,2501,2539,76,5078,1
2368,2444,2406,-76,4812,1
2428,2478,2453,-50,4906,1
2489,2507,2498,-18,4996,1
2418,2336,2377,82,4754,1
2567,2720,2643,-153,5287,1
2390,2503,2446,-113,4893,1
2352,2392,2372,-40,4744,1
2538,2522,2530,16,5060,1
2595,2339,2467,256,4934,1
2470,2395,2432,75,4865,1
2365,2321,2343,44,4686,1
2353,2415,2384,-62,4768,1
2556,2642,2599,-86,5198,1
2484,2559,2521,-75,5043,1
2506,2275,2390,231,4781,1
2423,2398,2410,25,4821,1
2417,2434,2425,-17,4851,1
2558,2274,2416,284,4832,1
2481,2260,2370,221,4741,1
2630,2559,2594,71,5189,1
2451,2586,2518,-135,5037,1
2469,2651,2560,-182,5120,1
2309,2413,2361,-104,4722,1
2285,2444,2364,-159,4729,1
2473,2479,2476,-6,4952,1
2512,2440,2476,72,4952,1
2547,2513,2530,34,5060,1
2657,2473,2565,184,5130,1
2562,2697,2629,-135,5259,1
2581,2396,2488,185,4977,1
2294,2513,2403,-219,4807,1
2520,2437,2478,83,4957,1
2387,2602,2494,-215,4989,1
2262,2559,2410,-297,4821,1
2310,2502,2406,-192,4812,1
2370,2544,2457,-174,4914,1
2555,2412,2483,143,4967,1
2327,2580,2453,-253,4907,1
2406,2564,2485,-158,4970,1
2404,2382,2393,22,4786,1
2405,2549,2477,-144,4954,1
2507,2571,2539,-64,5078,1
2389,2380,2384,9,4769,1
2497,2592,2544,-95,5089,1
2467,2606,2536,-139,5073,1
2609,2660,2634,-51,5269,1
2539,2653,2596,-114,5192,1
2535,2696,2615,-161,5231,1
2536,2616,2576,-80,5152,1
2362,2578,2470,-216,4940,1
2607,2720,2663,-113,5327,1
2488,2379,2433,109,4867,1
2534,2605,2569,-71,5139,1
2370,2655,2512,-285,5025,1
2457,2325,2391,132,4782,1
2488,2306,2397,182,4794,1
2482,2466,2474,16,4948,1
2637,2554,2595,83,5191,1
2369,2593,2481,-224,4962,1
2528,2336,2432,192,4864,1
2428,2313,2370,115,4741,1
2636,2479,2557,157,5115,1
2297,2437,2367,-140,4734,1
2580,2621,2600,-41,5201,1
2497,2484,2490,13,4981,1
2309,2486,2397,-177,4795,1
2397,2384,2390,13,4781,1
2491,2659,2575,-168,5150,1
2713,2695,2704,18,5408,1
2467,2619,2543,-152,5086,1
2494,2446,2470,48,4940,1
2547,2501,2524,46,5048,1
2746,2702,2724,44,5448,1
2550,2507,2528,43,5057,1
2530,2353,2441,177,4883,1
2308,2460,2384,-152,4768,1
2639,2706,2672,-67,5345,1
2437,2488,2462,-51,4925,1
2448,2563,2505,-115,5011,1
2626,2647,2636,-21,5273,1
2503,2333,2418,170,4836,1
2809,2801,2805,8,5610,1
2401,2337,2369,64,4738,1
2514,2389,2451,125,4903,1
2453,2324,2388,129,4777,1
2606,2651,2628,-45,5257,1
2418,2600,2509,-182,5018,1
2396,2318,2357,78,4714,1
2742,2637,2689,105,5379,1
2654,2634,2644,20,5288,1
2442,2366,2404,76,4808,1
2594,2632,2613,-38,5226,1
2428,2563,2495,-135,4991,1
2473,2373,2423,100,4846,1
2577,2596,2586,-19,5173,1
2490,2448,2469,42,4938,1
2358,2450,2404,-92,4808,1
2581,2361,2471,220,4942,1
2693,2691,2692,2,5384,1
2315,2475,2395,-160,4790,1
2499,2323,2411,176,4822,1
2528,2323,2425,205,4851,1
2549,2645,2597,-96,5194,1
2418,2481,2449,-63,4899,1
2541,2481,2511,60,5022,1
2517,2551,2534,-34,5068,1
2492,2526,2509,-34,5018,1
2864,2616,2740,248,5480,1
2732,2738,2735,-6,5470,1
2565,2409,2487,156,4974,1
2454,2605,2529,-151,5059,1
2454,2693,2573,-239,5147,1
2324,2476,2400,-152,4800,1
2706,2702,2704,4,5408,1
2377,2516,2446,-139,4893,1
2304,2569,2436,-265,4873,1
2396,2322,2359,74,4718,1
2612,2454,2533,158,5066,1
2598,2417,2507,181,5015,1
2421,2470,2445,-49,4891,1
2355,2554,2454,-199,4909,1
2368,2523,2445,-155,4891,1
2713,2803,2758,-90,5516,1
2526,2413,2469,113,4939,1
2327,2512,2419,-185,4839,1
2576,2563,2569,13,5139,1
2501,2594,2547,-93,5095,1
2661,2556,2608,105,5217,1
2343,2482,2412,-139,4825,1
2407,2325,2366,82,4732,1
2448,2466,2457,-18,4914,1
2703,2646,2674,57,5349,1
2496,2478,2487,18,4974,1
2667,2426,2546,241,5093,1
2407,2473,2440,-66,4880,1
2405,2693,2549,-288,5098,1
2376,2553,2464,-177,4929,1
2531,2285,2408,246,4816,1
2403,2539,2471,-136,4942,1
2591,2363,2477,228,4954,1
2370,2557,2463,-187,4927,1
2325,2619,2472,-294,4944,1
2441,2367,2404,74,4808,1
2555,2591,2573,-36,5146,1
2559,2367,2463,192,4926,1
2393,2605,2499,-212,4998,1
2489,2434,2461,55,4923,1
2592,2447,2519,145,5039,1
2572,2621,2596,-49,5193,1
2560,2540,2550,20,5100,1
2498,2345,2421,153,4843,1
2616,2506,2561,110,5122,1
2339,2526,2432,-187,4865,1
2477,2359,2418,118,4836,1
2434,2569,2501,-135,5003,1
2406,2471,2438,-65,4877,1
2555,2613,2584,-58,5168,1
2252,2549,2400,-297,4801,1
2489,2508,2498,-19,4997,1
2659,2602,2630,57,5261,1
2518,2473,2495,45,4991,1
2481,2442,2461,39,4923,1
2428,2418,2423,10,4846,1
2450,2493,2471,-43,4943,1
2423,2547,2485,-124,4970,1
2619,2484,2551,135,5103,1
2615,2554,2584,61,5169,1
2418,2580,2499,-162,4998,1
2363,2609,2486,-246,4972,1
2397,2591,2494,-194,4988,1
2461,2397,2429,64,4858,1
2525,2527,2526,-2,5052,1
2754,2703,2728,51,5457,1
2635,2546,2590,89,5181,1
2570,2457,2513,113,5027,1
2586,2512,2549,74,5098,1
2490,2556,2523,-66,5046,1
2619,2622,2620,-3,5241,1
2557,2252,2404,305,4809,1
2431,2510,2470,-79,4941,1
2415,2638,2526,-223,5053,1
2562,2319,2440,243,4881,1
2408,2318,2363,90,4726,1
2298,2589,2443,-291,4887,1
2524,2643,2583,-119,5167,1
2577,2539,2558,38,5116,1
2319,2548,2433,-229,4867,1
2276,2540,2408,-264,4816,1
2592,2370,2481,222,4962,1
2687,2574,2630,113,5261,1
2367,2665,2516,-298,5032,1
2494,2449,2471,45,4943,1
2606,2290,2448,316,4896,1
2492,2436,2464,56,4928,1
2505,2511,2508,-6,5016,1
2400,2646,2523,-246,5046,1
2486,2344,2415,142,4830,1
2479,2686,2582,-207,5165,1
2258,2550,2404,-292,4808,1
2482,2358,2420,124,4840,1
2580,2312,2446,268,4892,1
2286,2501,2393,-215,4787,1
2470,2357,2413,113,4827,1
2568,2514,2541,54,5082,1
2296,2505,2400,-209,4801,1
2535,2386,2460,149,4921,1
2546,2497,2521,49,5043,1
2565,2603,2584,-38,5168,1
2391,2312,2351,79,4703,1
2699,2719,2709,-20,5418,1
2407,2629,2518,-222,5036,1
2269,2552,2410,-283,4821,1
2700,2600,2650,100,5300,1
2594,2287,2440,307,4881,1
2537,2251,2394,286,4788,1
2511,2263,2387,248,4774,1
2536,2364,2450,172,4900,1
2522,2422,2472,100,4944,1
2627,2374,2500,253,5001,1
2373,2500,2436,-127,4873,1
2567,2491,2529,76,5058,1
2327,2417,2372,-90,4744,1
2467,2476,2471,-9,4943,1
2688,2693,2690,-5,5381,1
2484,2723,2603,-239,5207,1
2474,2702,2588,-228,5176,1
2522,2643,2582,-121,5165,1
2239,2568,2403,-329,4807,1
2432,2350,2391,82,4782,1
2388,2481,2434,-93,4869,1
2801,2877,2839,-76,5678,1
2486,2304,2395,182,4790,1
2426,2621,2523,-195,5047,1
2398,2560,2479,-162,4958,1
2450,2497,2473,-47,4947,1
2605,2354,2479,251,4959,1
2451,2565,2508,-114,5016,1
2330,2511,2420,-181,4841,1
2610,2451,2530,159,5061,1
2696,2490,2593,206,5186,1
2526,2339,2432,187,4865,1
2328,2426,2377,-98,4754,1
2298,2530,2414,-232,4828,1
2401,2389,2395,12,4790,1
2500,2454,2477,46,4954,1
2648,2529,2588,119,5177,1
2499,2310,2404,189,4809,1
2454,2295,2374,159,4749,1
2490,2603,2546,-113,5093,1
2289,2456,2372,-167,4745,1
2500,2331,2415,169,4831,1
2530,2336,2433,194,4866,1
2372,2552,2462,-180,4924,1
2344,2334,2339,10,4678,1
2591,2462,2526,129,5053,1
2686,2725,2705,-39,5411,1
2534,2289,2411,245,4823,1
2472,2482,2477,-10,4954,1
2372,2405,2388,-33,4777,1
2333,2455,2394,-122,4788,1
2400,2591,2495,-191,4991,1
2523,2326,2424,197,4849,1
2616,2593,2604,23,5209,1
2635,2480,2557,155,5115,1
2390,2302,2346,88,4692,1
2757,2709,2733,48,5466,1
2323,2459,2391,-136,4782,1
2470,2645,2557,-175,5115,1
2409,2479,2444,-70,4888,1
2527,2353,2440,174,4880,1
2611,2522,2566,89,5133,1
2392,2508,2450,-116,4900,1
2476,2338,2407,138,4814,1
2720,2801,2760,-81,5521,1
2543,2447,2495,96,4990,1
2459,2468,2463,-9,4927,1
2452,2555,2503,-103,5007,1
2622,2540,2581,82,5162,1
2442,2449,2445,-7,4891,1
2693,2779,2736,-86,5472,1
2531,2532,2531,-1,5063,1
2388,2362,2375,26,4750,1
2637,2618,2627,19,5255,1
2628,2299,2463,329,4927,1
2646,2650,2648,-4,5296,1
2455,2552,2503,-97,5007,1
2695,2548,2621,147,5243,1
2708,2687,2697,21,5395,1
2451,2415,2433,36,4866,1
2671,2647,2659,24,5318,1
2512,2290,2401,222,4802,1
2389,2639,2514,-250,5028,1
2549,2341,2445,208,4890,1
2391,2359,2375,32,4750,1
2721,2721,2721,0,5442,1
2515,2589,2552,-74,5104,1
2699,2714,2706,-15,5413,1
2657,2622,2639,35,5279,1
2405,2490,2447,-85,4895,1
2433,2489,2461,-56,4922,1
2671,2554,2612,117,5225,1
2468,2481,2474,-13,4949,1
2412,2600,2506,-188,5012,1
2505,2354,2429,151,4859,1
2719,2789,2754,-70,5508,1
2385,2468,2426,-83,4853,1
2336,2505,2420,-169,4841,1
2384,2413,2398,-29,4797,1
2371,2409,2390,-38,4780,1
2242,2617,2429,-375,4859,1
2700,2679,2689,21,5379,1
2654,2577,2615,77,5231,1
2594,2537,2565,57,5131,1
2492,2335,2413,157,4827,1
2481,2384,2432,97,4865,1
2474,2554,2514,-80,5028,1
2509,2322,2415,187,4831,1
2445,2300,2372,145,4745,1
2564,2345,2454,219,4909,1
2412,2444,2428,-32,4856,1
2342,2517,2429,-175,4859,1
2620,2655,2637,-35,5275,1
2376,2512,2444,-136,4888,1
2618,2538,2578,80,5156,1
2524,2404,2464,120,4928,1
2519,2326,2422,193,4845,1
2379,2505,2442,-126,4884,1
2511,2440,2475,71,4951,1
2425,2280,2352,145,4705,1
2359,2355,2357,4,4714,1
2316,2536,2426,-220,4852,1
2526,2284,2405,242,4810,1
2487,2734,2610,-247,5221,1
2440,2341,2390,99,4781,1
2463,2537,2500,-74,5000,1
2638,2498,2568,140,5136,1
2462,2427,2444,35,4889,1
2391,2557,2474,-166,4948,1
2583,2439,2511,144,5022,1
2347,2440,2393,-93,4787,1
2602,2564,2583,38,5166,1
2432,2320,2376,112,4752,1
2619,2317,2468,302,4936,1
2547,2638,2592,-91,5185,1
2637,2376,2506,261,5013,1
2475,2637,2556,-162,5112,1
2512,2408,2460,104,4920,1
2548,2467,2507,81,5015,1
2708,2608,2658,100,5316,1
2523,2578,2550,-55,5101,1
2517,2286,2401,231,4803,1
2311,2430,2370,-119,4741,1
2690,2694,2692,-4,5384,1
2324,2421,2372,-97,4745,1
2654,2555,2604,99,5209,1
2374,2612,2493,-238,4986,1
2404,2520,2462,-116,4924,1
2548,2380,2464,168,4928,1
2529,2651,2590,-122,5180,1
2347,2378,2362,-31,4725,1
2332,2492,2412,-160,4824,1
2339,2419,2379,-80,4758,1
2642,2687,2664,-45,5329,1
2225,2605,2415,-380,4830,1
2487,2297,2392,190,4784,1
2546,2380,2463,166,4926,1
2621,2401,2511,220,5022,1
2364,2355,2359,9,4719,1
2650,2659,2654,-9,5309,1
2505,2629,2567,-124,5134,1
2567,2714,2640,-147,5281,1
2743,2651,2697,92,5394,1
2456,2267,2361,189,4723,1
2459,2511,2485,-52,4970,1
2602,2574,2588,28,5176,1
2378,2538,2458,-160,4916,1
2435,2374,2404,61,4809,1
2742,2446,2594,296,5188,1
2457,2309,2383,148,4766,1
2518,2326,2422,192,4844,1
2468,2478,2473,-10,4946,1
2237,2575,2406,-338,4812,1
2683,2416,2549,267,5099,1
2467,2363,2415,104,4830,1
2318,2399,2358,-81,4717,1
2533,2301,2417,232,4834,1
2634,2201,2417,433,4835,1
2517,2250,2383,267,4767,1
2709,2784,2746,-75,5493,1
2688,2608,2648,80,5296,1
2506,2450,2478,56,4956,1
2417,2309,2363,108,4726,1
2424,2453,2438,-29,4877,1
2383,2635,2509,-252,5018,1
2758,2764,2761,-6,5522,1
2490,2351,2420,139,4841,1
2555,2637,2596,-82,5192,1
2566,2526,2546,40,5092,1
2527,2704,2615,-177,5231,1
2521,2378,2449,143,4899,1
2391,2530,2460,-139,4921,1
2415,2422,2418,-7,4837,1
2423,2570,2496,-147,4993,1
2525,2346,2435,179,4871,1
2550,2450,2500,100,5000,1
2540,2432,2486,108,4972,1
2394,2417,2405,-23,4811,1
2463,2317,2390,146,4780,1
2492,2602,2547,-110,5094,1
2620,2442,2531,178,5062,1
2583,2348,2465,235,4931,1
2330,2374,2352,-44,4704,1
2244,2590,2417,-346,4834,1
2530,2666,2598,-136,5196,1
2558,2704,2631,-146,5262,1
2321,2496,2408,-175,4817,1
2672,2665,2668,7,5337,1
2696,2673,2684,23,5369,1
2320,2403,2361,-83,4723,1
2370,2328,2349,42,4698,1
2316,2552,2434,-236,4868,1
2569,2397,2483,172,4966,1
2474,2405,2439,69,4879,1
2613,2513,2563,100,5126,1
2450,2387,2418,63,4837,1
2644,2717,2680,-73,5361,1
2645,2507,2576,138,5152,1
2361,2469,2415,-108,4830,1
2543,2615,2579,-72,5158,1
2564,2477,2520,87,5041,1
2732,2736,2734,-4,5468,1
2438,2529,2483,-91,4967,1
2449,2301,2375,148,4750,1
2549,2390,2469,159,4939,1
2786,2762,2774,24,5548,1
2591,2239,2415,352,4830,1
2596,2452,2524,144,5048,1
2425,2564,2494,-139,4989,1
2529,2592,2560,-63,5121,1
2304,2494,2399,-190,4798,1
2648,2428,2538,220,5076,1
2734,2454,2594,280,5188,1
2321,2396,2358,-75,4717,1
2343,2467,2405,-124,4810,1
2392,2487,2439,-95,4879,1
2258,2501,2379,-243,4759,1
2711,2406,2558,305,5117,1
2675,2468,2571,207,5143,1
2741,2775,2758,-34,5516,1
2450,2358,2404,92,4808,1
2512,2504,2508,8,5016,1
2231,2544,2387,-313,4775,1
2550,2688,2619,-138,5238,1
2602,2363,2482,239,4965,1
2628,2792,2710,-164,5420,1
2379,2572,2475,-193,4951,1
2523,2744,2633,-221,5267,1
2727,2705,2716,22,5432,1
2569,2684,2626,-115,5253,1
2468,2648,2558,-180,5116,1
2488,2576,2532,-88,5064,1
2350,2420,2385,-70,4770,1
2540,2417,2478,123,4957,1
2307,2460,2383,-153,4767,1
2473,2431,2452,42,4904,1
2402,2438,2420,-36,4840,1
2355,2528,2441,-173,4883,1
2250,2618,2434,-368,4868,1
2717,2608,2662,109,5325,1
2470,2326,2398,144,4796,1
2308,2491,2399,-183,4799,1
2346,2384,2365,-38,4730,1
2360,2316,2338,44,4676,1
2296,2462,2379,-166,4758,1
2524,2377,2450,147,4901,1
2527,2629,2578,-102,5156,1
2667,2687,2677,-20,5354,1
2610,2507,2558,103,5117,1
2615,2478,2546,137,5093,1
2613,2379,2496,234,4992,1
2713,2656,2684,57,5369,1
2483,2423,2453,60,4906,1
2471,2556,2513,-85,5027,1
2399,2514,2456,-115,4913,1
2652,2816,2734,-164,5468,1
2644,2321,2482,323,4965,1
2526,2607,2566,-81,5133,1
2365,2516,2440,-151,4881,1
2706,2575,2640,131,5281,1
2426,2393,2409,33,4819,1
2547,2475,2511,72,5022,1
2480,2356,2418,124,4836,1
2587,2246,2416,341,4833,1
2555,2508,2531,47,5063,1
2465,2786,2625,-321,5251,1
2432,2292,2362,140,4724,1
2468,2445,2456,23,4913,1
2763,2767,2765,-4,5530,1
2450,2408,2429,42,4858,1
2461,2320,2390,141,4781,1
2395,2601,2498,-206,4996,1
2414,2522,2468,-108,4936,1
2432,2541,2486,-109,4973,1
2271,2493,2382,-222,4764,1
2638,2478,2558,160,5116,1
2567,2507,2537,60,5074,1
2630,2516,2573,114,5146,1
2688,2727,2707,-39,5415,1
2299,2560,2429,-261,4859,1
2556,2369,2462,187,4925,1
2700,2753,2726,-53,5453,1
2578,2562,2570,16,5140,1
2712,2251,2481,461,4963,1
2642,2581,2611,61,5223,1
2456,2521,2488,-65,4977,1
2427,2401,2414,26,4828,1
2556,2405,2480,151,4961,1
2400,2368,2384,32,4768,1
2299,2467,2383,-168,4766,1
2455,2422,2438,33,4877,1
2705,2727,2716,-22,5432,1
2426,2356,2391,70,4782,1
2313,2471,2392,-158,4784,1
2316,2505,2410,-189,4821,1
2570,2541,2555,29,5111,1
2550,2313,2431,237,4863,1
2616,2389,2502,227,5005,1
2337,2490,2413,-153,4827,1
2667,2432,2549,235,5099,1
2569,2327,2448,242,4896,1
2400,2624,2512,-224,5024,1
2459,2395,2427,64,4854,1
2525,2568,2546,-43,5093,1
2540,2294,2417,246,4834,1
2342,2504,2423,-162,4846,1
2511,2283,2397,228,4794,1
2557,2556,2556,1,5113,1
2574,2213,2393,361,4787,1
2457,2577,2517,-120,5034,1
2329,2563,2446,-234,4892,1
2446,2390,2418,56,4836,1
2685,2438,2561,247,5123,1
2327,2461,2394,-134,4788,1
2772,2648,2710,124,5420,1
2326,2487,2406,-161,4813,1
2540,2566,2553,-26,5106,1
2639,2741,2690,-102,5380,1
2529,2323,2426,206,4852,1
2684,2602,2643,82,5286,1
2480,2621,2550,-141,5101,1
2547,2455,2501,92,5002,1
2290,2434,2362,-144,4724,1
2590,2422,2506,168,5012,1
2603,2281,2442,322,4884,1
2721,2731,2726,-10,5452,1
2387,2506,2446,-119,4893,1
2497,2351,2424,146,4848,1
2431,2389,2410,42,4820,1
2499,2375,2437,124,4874,1
2332,2492,2412,-160,4824,1
2566,2404,2485,162,4970,1
2557,2538,2547,19,5095,1
2527,2560,2543,-33,5087,1
2417,2555,2486,-138,4972,1
2308,2574,2441,-266,4882,1
2635,2419,2527,216,5054,1
2418,2307,2362,111,4725,1
2570,2392,2481,178,4962,1
2498,2387,2442,111,4885,1
2389,2403,2396,-14,4792,1
2775,2551,2663,224,5326,1
2419,2336,2377,83,4755,1
2325,2554,2439,-229,4879,1
2490,2418,2454,72,4908,1
2485,2423,2454,62,4908,1
2785,2589,2687,196,5374,1
2757,2780,2768,-23,5537,1
2449,2332,2390,117,4781,1
2372,2380,2376,-8,4752,1
2580,2414,2497,166,4994,1
2395,2609,2502,-214,5004,1
2520,2357,2438,163,4877,1
2697,2565,2631,132,5262,1
2412,2416,2414,-4,4828,1
2620,2567,2593,53,5187,1
2307,2451,2379,-144,4758,1
2564,2269,2416,295,4833,1
2434,2284,2359,150,4718,1
2630,2272,2451,358,4902,1
2381,2492,2436,-111,4873,1
2533,2603,2568,-70,5136,1
2447,2486,2466,-39,4933,1
2417,2404,2410,13,4821,1
2623,2630,2626,-7,5253,1
2352,2357,2354,-5,4709,1
2649,2529,2589,120,5178,1
2605,2752,2678,-147,5357,1
2444,2559,2501,-115,5003,1
2520,2631,2575,-111,5151,1
2406,2294,2350,112,4700,1
2578,2607,2592,-29,5185,1
2336,2482,2409,-146,4818,1
2394,2557,2475,-163,4951,1
2276,2496,2386,-220,4772,1
2642,2646,2644,-4,5288,1
2508,2554,2531,-46,5062,1
2368,2577,2472,-209,4945,1
2333,2342,2337,-9,4675,1
2548,2233,2390,315,4781,1
2364,2546,2455,-182,4910,1
2297,2471,2384,-174,4768,1
2593,2447,2520,146,5040,1
2723,2622,2672,101,5345,1
2629,2319,2474,310,4948,1
2291,2431,2361,-140,4722,1
2411,2469,2440,-58,4880,1
2274,2460,2367,-186,4734,1
2656,2368,2512,288,5024,1
2484,2362,2423,122,4846,1
2467,2557,2512,-90,5024,1
2573,2297,2435,276,4870,1
2580,2457,2518,123,5037,1
2542,2486,2514,56,5028,1
2329,2659,2494,-330,4988,1
2414,2422,2418,-8,4836,1
2545,2556,2550,-11,5101,1
2497,2503,2500,-6,5000,1
2391,2369,2380,22,4760,1
2601,2268,2434,333,4869,1
2565,2324,2444,241,4889,1
2437,2681,2559,-244,5118,1
2516,2377,2446,139,4893,1
2314,2557,2435,-243,4871,1
2561,2335,2448,226,4896,1
2539,2354,2446,185,4893,1
2489,2303,2396,186,4792,1
2516,2625,2570,-109,5141,1
2428,2306,2367,122,4734,1
2526,2514,2520,12,5040,1
2248,2605,2426,-357,4853,1
2369,2584,2476,-215,4953,1
2743,2621,2682,122,5364,1
2543,2454,2498,89,4997,1
2423,2290,2356,133,4713,1
2395,2622,2508,-227,5017,1
2392,2444,2418,-52,4836,1
2402,2513,2457,-111,4915,1
2356,2492,2424,-136,4848,1
2612,2608,2610,4,5220,1
2325,2510,2417,-185,4835,1
2580,2468,2524,112,5048,1
2662,2549,2605,113,5211,1
2291,2498,2394,-207,4789,1
2217,2594,2405,-377,4811,1
2588,2626,2607,-38,5214,1
2458,2471,2464,-13,4929,1
2580,2339,2459,241,4919,1
2541,2631,2586,-90,5172,1
2320,2369,2344,-49,4689,1
2491,2371,2431,120,4862,1
2684,2473,2578,211,5157,1
2427,2302,2364,125,4729,1
2459,2643,2551,-184,5102,1
2653,2622,2637,31,5275,1
2455,2608,2531,-153,5063,1
2517,2389,2453,128,4906,1
2693,2428,2560,265,5121,1
2562,2428,2495,134,4990,1
2543,2482,2512,61,5025,1
2306,2408,2357,-102,4714,1
2361,2614,2487,-253,4975,1
2307,2436,2371,-129,4743,1
2218,2576,2397,-358,4794,1
2559,2518,2538,41,5077,1
2457,2372,2414,85,4829,1
2639,2431,2535,208,5070,1
2638,2678,2658,-40,5316,1
2306,2505,2405,-199,4811,1
2404,2575,2489,-171,4979,1
2292,2587,2439,-295,4879,1
2407,2320,2363,87,4727,1
2365,2509,2437,-144,4874,1
2589,2402,2495,187,4991,1
2319,2525,2422,-206,4844,1
2494,2298,2396,196,4792,1
2419,2374,2396,45,4793,1
2496,2546,2521,-50,5042,1
2422,2292,2357,130,4714,1
2573,2509,2541,64,5082,1
2300,2531,2415,-231,4831,1
2536,2421,2478,115,4957,1
2387,2601,2494,-214,4988,1
2540,2269,2404,271,4809,1
2312,2485,2398,-173,4797,1
2407,2322,2364,85,4729,1
2663,2554,2608,109,5217,1
2591,2475,2533,116,5066,1
2288,2429,2358,-141,4717,1
2379,2367,2373,12,4746,1
2482,2616,2549,-134,5098,1
2526,2582,2554,-56,5108,1
2572,2449,2510,123,5021,1
2441,2460,2450,-19,4901,1
2384,2525,2454,-141,4909,1
2426,2290,2358,136,4716,1
2683,2445,2564,238,5128,1
2559,2370,2464,189,4929,1
2602,2298,2450,304,4900,1
2707,2494,2600,213,5201,1
2501,2666,2583,-165,5167,1
2559,2420,2489,139,4979,1
2616,2531,2573,85,5147,1
2328,2441,2384,-113,4769,1
2547,2448,2497,99,4995,1
2324,2370,2347,-46,4694,1
2668,2585,2626,83,5253,1
2559,2650,2604,-91,5209,1
2340,2516,2428,-176,4856,1
2506,2656,2581,-150,5162,1
2369,2339,2354,30,4708,1
2547,2669,2608,-122,5216,1
2691,2552,2621,139,5243,1
2477,2268,2372,209,4745,1
2398,2537,2467,-139,4935,1
2617,2442,2529,175,5059,1
2648,2311,2479,337,4959,1
2541,2615,2578,-74,5156,1
2402,2339,2370,63,4741,1
2488,2562,2525,-74,5050,1
2562,2318,2440,244,4880,1
2622,2414,2518,208,5036,1
2389,2454,2421,-65,4843,1
2400,2358,2379,42,4758,1
2546,2644,2595,-98,5190,1
2772,2709,2740,63,5481,1
2564,2269,2416,295,4833,1
2486,2375,2430,111,4861,1
2497,2668,2582,-171,5165,1
2644,2315,2479,329,4959,1
2379,2390,2384,-11,4769,1
2394,2563,2478,-169,4957,1
2586,2591,2588,-5,5177,1
2414,2567,2490,-153,4981,1
2632,2588,2610,44,5220,1
2414,2463,2438,-49,4877,1
2397,2529,2463,-132,4926,1
2610,2544,2577,66,5154,1
2579,2734,2656,-155,5313,1
2397,2389,2393,8,4786,1
2417,2589,2503,-172,5006,1
2459,2463,2461,-4,4922,1
2471,2584,2527,-113,5055,1
2537,2437,2487,100,4974,1
2360,2465,2412,-105,4825,1
2530,2448,2489,82,4978,1
2473,2401,2437,72,4874,1
2569,2539,2554,30,5108,1
2680,2752,2716,-72,5432,1
2434,2475,2454,-41,4909,1
2569,2386,2477,183,4955,1
2432,2509,2470,-77,4941,1
2436,2670,2553,-234,5106,1
2415,2587,2501,-172,5002,1
2461,2516,2488,-55,4977,1
2622,2308,2465,314,4930,1
2653,2477,2565,176,5130,1
2631,2247,2439,384,4878,1
2634,2455,2544,179,5089,1
2300,2410,2355,-110,4710,1
2321,2404,2362,-83,4725,1
2458,2378,2418,80,4836,1
2674,2510,2592,164,5184,1
2514,2544,2529,-30,5058,1
2645,2468,2556,177,5113,1
2396,2384,2390,12,4780,1
2726,2749,2737,-23,5475,1
2593,2420,2506,173,5013,1
2593,2486,2539,107,5079,1
2615,2502,2558,113,5117,1
2672,2678,2675,-6,5350,1
2534,2367,2450,167,4901,1
2393,2485,2439,-92,4878,1
2546,2613,2579,-67,5159,1
2489,2706,2597,-217,5195,1
2277,2730,2503,-453,5007,1
2631,2408,2519,223,5039,1
2443,2366,2404,77,4809,1
2451,2360,2405,91,4811,1
2431,2313,2372,118,4744,1
2538,2380,2459,158,4918,1
2655,2547,2601,108,5202,1
2559,2402,2480,157,4961,1
2355,2360,2357,-5,4715,1
2410,2549,2479,-139,4959,1
2377,2542,2459,-165,4919,1
2361,2324,2342,37,4685,1
2385,2705,2545,-320,5090,1
2388,2501,2444,-113,4889,1
2449,2512,2480,-63,4961,1
2338,2520,2429,-182,4858,1
2709,2480,2594,229,5189,1
2498,2364,2431,134,4862,1
2554,2441,2497,113,4995,1
2361,2530,2445,-169,4891,1
2680,2623,2651,57,5303,1
2509,2566,2537,-57,5075,1
2628,2427,2527,201,5055,1
2446,2501,2473,-55,4947,1
2366,2468,2417,-102,4834,1
2645,2343,2494,302,4988,1
2267,2547,2407,-280,4814,1
2330,2492,2411,-162,4822,1
2490,2604,2547,-114,5094,1
2792,2881,2836,-89,5673,1
2636,2398,2517,238,5034,1
2477,2290,2383,187,4767,1
2377,2367,2372,10,4744,1
2475,2286,2380,189,4761,1
2302,2638,2470,-336,4940,1
2386,2338,2362,48,4724,1
2290,2496,2393,-206,4786,1
2611,2417,2514,194,5028,1
2392,2690,2541,-298,5082,1
2637,2218,2427,419,4855,1
2487,2596,2541,-109,5083,1
2620,2438,2529,182,5058,1
2334,2456,2395,-122,4790,1
2460,2279,2369,181,4739,1
2628,2503,2565,125,5131,1
2351,2325,2338,26,4676,1
2628,2771,2699,-143,5399,1
2359,2594,2476,-235,4953,1
2466,2481,2473,-15,4947,1
2555,2487,2521,68,5042,1
2336,2418,2377,-82,4754,1
2457,2413,2435,44,4870,1
2472,2343,2407,129,4815,1
2507,2382,2444,125,4889,1
2643,2504,2573,139,5147,1
2666,2711,2688,-45,5377,1
2506,2677,2591,-171,5183,1
2296,2433,2364,-137,4729,1
2786,2539,2662,247,5325,1
2586,2384,2485,202,4970,1
2297,2478,2387,-181,4775,1
2545,2490,2517,55,5035,1
2627,2515,2571,112,5142,1
2460,2471,2465,-11,4931,1
2462,2328,2395,134,4790,1
2528,2461,2494,67,4989,1
2720,2700,2710,20,5420,1
2609,2291,2450,318,4900,1
2682,2357,2519,325,5039,1
2427,2479,2453,-52,4906,1
2663,2732,2697,-69,5395,1
2532,2415,2473,117,4947,1
2644,2343,2493,301,4987,1
2509,2312,2410,197,4821,1
2422,2567,2494,-145,4989,1
2542,2559,2550,-17,5101,1
2288,2464,2376,-176,4752,1
2735,2783,2759,-48,5518,1
2486,2734,2610,-248,5220,1
2508,2488,2498,20,4996,1
2813,2775,2794,38,5588,1
2693,2730,2711,-37,5423,1
2631,2324,2477,307,4955,1
2317,2611,2464,-294,4928,1
2285,2536,2410,-251,4821,1
2614,2435,2524,179,5049,1
2564,2275,2419,289,4839,1
2461,2400,2430,61,4861,1
2597,2526,2561,71,5123,1
2550,2361,2455,189,4911,1
2292,2518,2405,-226,4810,1
2493,2265,2379,228,4758,1
2411,2509,2460,-98,4920,1
2473,2481,2477,-8,4954,1
2505,2477,2491,28,4982,1
2556,2710,2633,-154,5266,1
2385,2603,2494,-218,4988,1
2603,2411,2507,192,5014,1
2339,2541,2440,-202,4880,1
2677,2549,2613,128,5226,1
2298,2563,2430,-265,4861,1
2702,2572,2637,130,5274,1
2652,2402,2527,250,5054,1
2438,2543,2490,-105,4981,1
2644,2511,2577,133,5155,1
2521,2362,2441,159,4883,1
2269,2519,2394,-250,4788,1
2504,2558,2531,-54,5062,1
2552,2504,2528,48,5056,1
2540,2349,2444,191,4889,1
2343,2460,2401,-117,4803,1
2493,2551,2522,-58,5044,1
2407,2588,2497,-181,4995,1
2458,2578,2518,-120,5036,1
2582,2347,2464,235,4929,1
2325,2481,2403,-156,4806,1
2521,2237,2379,284,4758,1
2345,2544,2444,-199,4889,1
2570,2360,2465,210,4930,1
2554,2564,2559,-10,5118,1
2607,2477,2542,130,5084,1
2510,2633,2571,-123,5143,1
2428,2486,2457,-58,4914,1
2479,2321,2400,158,4800,1
2543,2391,2467,152,4934,1
2552,2645,2598,-93,5197,1
2418,2386,2402,32,4804,1
2772,2660,2716,112,5432,1
2603,2384,2493,219,4987,1
2490,2395,2442,95,4885,1
2692,2438,2565,254,5130,1
2355,2522,2438,-167,4877,1
2681,2512,2596,169,5193,1
2667,2662,2664,5,5329,1
2642,2559,2600,83,5201,1
2612,2463,2537,149,5075,1
2651,2482,2566,169,5133,1
2285,2594,2439,-309,4879,1
2476,2514,2495,-38,4990,1
2396,2392,2394,4,4788,1
2412,2440,2426,-28,4852,1
2531,2585,2558,-54,5116,1
2372,2510,2441,-138,4882,1
2309,2604,2456,-295,4913,1
2295,2563,2429,-268,4858,1
2519,2434,2476,85,4953,1
2506,2327,2416,179,4833,1
2348,2372,2360,-24,4720,1
2413,2540,2476,-127,4953,1
2315,2528,2421,-213,4843,1
2425,2468,2446,-43,4893,1
2396,2346,2371,50,4742,1
2420,2566,2493,-146,4986,1
2570,2421,2495,149,4991,1
2422,2449,2435,-27,4871,1
2494,2431,2462,63,4925,1
2381,2467,2424,-86,4848,1
2268,2491,2379,-223,4759,1
2510,2399,2454,111,4909,1
2593,2431,2512,162,5024,1
2630,2651,2640,-21,5281,1
2461,2527,2494,-66,4988,1
2731,2784,2757,-53,5515,1
2689,2726,2707,-37,5415,1
2249,2571,2410,-322,4820,1
2336,2599,2467,-263,4935,1
2481,2320,2400,161,4801,1
2466,2678,2572,-212,5144,1
2359,2508,2433,-149,4867,1
2646,2474,2560,172,5120,1
2431,2285,2358,146,4716,1
2743,2482,2612,261,5225,1
2334,2425,2379,-91,4759,1
2693,2617,2655,76,5310,1
2713,2658,2685,55,5371,1
2585,2506,2545,79,5091,1
2724,2762,2743,-38,5486,1
2571,2481,2526,90,5052,1
2599,2462,2530,137,5061,1
2537,2532,2534,5,5069,1
2547,2535,2541,12,5082,1
2602,2583,2592,19,5185,1
2697,2568,2632,129,5265,1
2564,2458,2511,106,5022,1
2597,2546,2571,51,5143,1
2386,2485,2435,-99,4871,1
2570,2433,2501,137,5003,1
2525,2556,2540,-31,5081,1
2297,2454,2375,-157,4751,1
2560,2500,2530,60,5060,1
2354,2634,2494,-280,4988,1
2516,2421,2468,95,4937,1
2569,2417,2493,152,4986,1
2485,2556,2520,-71,5041,1
2631,2713,2672,-82,5344,1
2406,2422,2414,-16,4828,1
2534,2647,2590,-113,5181,1
2464,2308,2386,156,4772,1
2496,2432,2464,64,4928,1
2449,2606,2527,-157,5055,1
2603,2471,2537,132,5074,1
2351,2589,2470,-238,4940,1
2424,2430,2427,-6,4854,1
2480,2269,2374,211,4749,1
2517,2711,2614,-194,5228,1
2736,2421,2578,315,5157,1
2458,2390,2424,68,4848,1
2340,2461,2400,-121,4801,1
2262,2651,2456,-389,4913,1
2522,2677,2599,-155,5199,1
2636,2365,2500,271,5001,1
2364,2461,2412,-97,4825,1
2609,2250,2429,359,4859,1
2546,2220,2383,326,4766,1
2553,2704,2628,-151,5257,1
2442,2564,2503,-122,5006,1
2470,2548,2509,-78,5018,1
2617,2537,2577,80,5154,1
2574,2650,2612,-76,5224,1
2519,2582,2550,-63,5101,1
2661,2562,2611,99,5223,1
2565,2437,2501,128,5002,1
2656,2571,2613,85,5227,1
2491,2438,2464,53,4929,1
2532,2553,2542,-21,5085,1
2652,2528,2590,124,5180,1
2792,2659,2725,133,5451,1
2408,2491,2449,-83,4899,1
2469,2320,2394,149,4789,1
2473,2554,2513,-81,5027,1
2390,2542,2466,-152,4932,1
2531,2241,2386,290,4772,1
2643,2204,2423,439,4847,1
2512,2740,2626,-228,5252,1
2411,2377,2394,34,4788,1
2380,2540,2460,-160,4920,1
2580,2769,2674,-189,5349,1
2677,2663,2670,14,5340,1
2436,2360,2398,76,4796,1
2753,2732,2742,21,5485,1
2334,2577,2455,-243,4911,1
2442,2319,2380,123,4761,1
2526,2443,2484,83,4969,1
2481,2423,2452,58,4904,1
2337,2426,2381,-89,4763,1
2282,2516,2399,-234,4798,1
2631,2657,2644,-26,5288,1
2594,2541,2567,53,5135,1
2530,2350,2440,180,4880,1
2578,2287,2432,291,4865,1
2514,2413,2463,101,4927,1
2535,2532,2533,3,5067,1
2508,2310,2409,198,4818,1
2712,2682,2697,30,5394,1
2305,2410,2357,-105,4715,1
2397,2671,2534,-274,5068,1
2594,2451,2522,143,5045,1
2710,2718,2714,-8,5428,1
2398,2606,2502,-208,5004,1
2478,2597,2537,-119,5075,1
2328,2521,2424,-193,4849,1
2547,2542,2544,5,5089,1
2444,2572,2508,-128,5016,1
2659,2548,2603,111,5207,1
2455,2359,2407,96,4814,1
2698,2629,2663,69,5327,1
2552,2434,2493,118,4986,1
2613,2420,2516,193,5033,1
2409,2348,2378,61,4757,1
2523,2459,2491,64,4982,1
2543,2442,2492,101,4985,1
2597,2326,2461,271,4923,1
2491,2565,2528,-74,5056,1
2398,2589,2493,-191,4987,1
2476,2662,2569,-186,5138,1
2270,2516,2393,-246,4786,1
2530,2372,2451,158,4902,1
2405,2680,2542,-275,5085,1
2543,2619,2581,-76,5162,1
2601,2415,2508,186,5016,1
2552,2513,2532,39,5065,1
2476,2491,2483,-15,4967,1
2606,2453,2529,153,5059,1
2529,2476,2502,53,5005,1
2653,2720,2686,-67,5373,1
2374,2348,2361,26,4722,1
2754,2731,2742,23,5485,1
2712,2694,2703,18,5406,1
2551,2577,2564,-26,5128,1
2377,2479,2428,-102,4856,1
2435,2420,2427,15,4855,1
2368,2652,2510,-284,5020,1
2379,2436,2407,-57,4815,1
2653,2560,2606,93,5213,1
2459,2361,2410,98,4820,1
2436,2572,2504,-136,5008,1
2598,2240,2419,358,4838,1
2380,2551,2465,-171,4931,1
2544,2353,2448,191,4897,1
2538,2423,2480,115,4961,1
2505,2349,2427,156,4854,1
2465,2386,2425,79,4851,1
2582,2331,2456,251,4913,1
2519,2393,2456,126,4912,1
2568,2445,2506,123,5013,1
2546,2561,2553,-15,5107,1
2526,2316,2421,210,4842,1
2421,2346,2383,75,4767,1
2493,2712,2602,-219,5205,1
2414,2347,2380,67,4761,1
2402,2517,2459,-115,4919,1
2660,2733,2696,-73,5393,1
2361,2418,2389,-57,4779,1
2694,2511,2602,183,5205,1
2283,2447,2365,-164,4730,1
2667,2194,2430,473,4861,1
2422,2391,2406,31,4813,1
2323,2363,2343,-40,4686,1
2416,2519,2467,-103,4935,1
2410,2585,2497,-175,4995,1
2453,2513,2483,-60,4966,1
2541,2471,2506,70,5012,1
2599,2348,2473,251,4947,1
2278,2498,2388,-220,4776,1
2379,2483,2431,-104,4862,1
2392,2360,2376,32,4752,1
2710,2567,2638,143,5277,1
2484,2554,2519,-70,5038,1
2456,2422,2439,34,4878,1
2535,2368,2451,167,4903,1
2247,2538,2392,-291,4785,1
2721,2731,2726,-10,5452,1
2593,2532,2562,61,5125,1
2425,2650,2537,-225,5075,1
2594,2442,2518,152,5036,1
2318,2620,2469,-302,4938,1
2616,2446,2531,170,5062,1
2567,2595,2581,-28,5162,1
2396,2667,2531,-271,5063,1
2332,2679,2505,-347,5011,1
2259,2637,2448,-378,4896,1
2640,2576,2608,64,5216,1
2757,2810,2783,-53,5567,1
2596,2448,2522,148,5044,1
2294,2549,2421,-255,4843,1
2441,2301,2371,140,4742,1
2450,2414,2432,36,4864,1
2676,2518,2597,158,5194,1
2462,2380,2421,82,4842,1
2554,2415,2484,139,4969,1
2427,2483,2455,-56,4910,1
2708,2737,2722,-29,5445,1
2642,2700,2671,-58,5342,1
2576,2390,2483,186,4966,1
2554,2232,2393,322,4786,1
2471,2349,2410,122,4820,1
2540,2516,2528,24,5056,1
2355,2515,2435,-160,4870,1
2505,2613,2559,-108,5118,1
2590,2365,2477,225,4955,1
2660,2609,2634,51,5269,1
2475,2299,2387,176,4774,1
2501,2416,2458,85,4917,1
2417,2640,2528,-223,5057,1
2371,2364,2367,7,4735,1
2481,2551,2516,-70,5032,1
2506,2436,2471,70,4942,1
2337,2525,2431,-188,4862,1
2557,2250,2403,307,4807,1
2580,2367,2473,213,4947,1
2344,2328,2336,16,4672,1
2333,2595,2464,-262,4928,1
2311,2518,2414,-207,4829,1
2547,2379,2463,168,4926,1
2344,2547,2445,-203,4891,1
2471,2343,2407,128,4814,1
2585,2485,2535,100,5070,1
2525,2370,2447,155,4895,1
2342,2522,2432,-180,4864,1
2352,2542,2447,-190,4894,1
2772,2713,2742,59,5485,1
2386,2523,2454,-137,4909,1
2446,2631,2538,-185,5077,1
2399,2319,2359,80,4718,1
2571,2380,2475,191,4951,1
2516,2390,2453,126,4906,1
2566,2464,2515,102,5030,1
2757,2754,2755,3,5511,1
2535,2302,2418,233,4837,1
2431,2673,2552,-242,5104,1
2520,2393,2456,127,4913,1
2815,2748,2781,67,5563,1
2309,2533,2421,-224,4842,1
2437,2482,2459,-45,4919,1
2567,2423,2495,144,4990,1
2681,2397,2539,284,5078,1
2658,2680,2669,-22,5338,1
2423,2296,2359,127,4719,1
2813,2868,2840,-55,5681,1
2391,2543,2467,-152,4934,1
2708,2785,2746,-77,5493,1
2539,2393,2466,146,4932,1
2344,2469,2406,-125,4813,1
2356,2406,2381,-50,4762,1
2505,2667,2586,-162,5172,1
2377,2309,2343,68,4686,1
2710,2651,2680,59,5361,1
2330,2577,2453,-247,4907,1
2242,2603,2422,-361,4845,1
2574,2295,2434,279,4869,1
2517,2475,2496,42,4992,1
2327,2418,2372,-91,4745,1
2440,2489,2464,-49,4929,1
2331,2514,2422,-183,4845,1
2659,2417,2538,242,5076,1
2612,2212,2412,400,4824,1
2510,2415,2462,95,4925,1
2529,2628,2578,-99,5157,1
2554,2412,2483,142,4966,1
2534,2617,2575,-83,5151,1
2654,2269,2461,385,4923,1
2385,2328,2356,57,4713,1
2473,2499,2486,-26,4972,1
2286,2467,2376,-181,4753,1
2439,2362,2400,77,4801,1
2379,2320,2349,59,4699,1
2527,2485,2506,42,5012,1
2406,2597,2501,-191,5003,1
2556,2523,2539,33,5079,1
2779,2719,2749,60,5498,1
2492,2641,2566,-149,5133,1
2394,2448,2421,-54,4842,1
2511,2587,2549,-76,5098,1
2493,2441,2467,52,4934,1
2300,2450,2375,-150,4750,1
2553,2562,2557,-9,5115,1
2331,2486,2408,-155,4817,1
2488,2533,2510,-45,5021,1
2595,2628,2611,-33,5223,1
2438,2636,2537,-198,5074,1
2594,2506,2550,88,5100,1
2450,2423,2436,27,4873,1
2487,2464,2475,23,4951,1
2528,2356,2442,172,4884,1
2581,2239,2410,342,4820,1
2309,2527,2418,-218,4836,1
2475,2571,2523,-96,5046,1
2382,2488,2435,-106,4870,1
2496,2483,2489,13,4979,1
2258,2611,2434,-353,4869,1
2604,2588,2596,16,5192,1
2404,2490,2447,-86,4894,1
2391,2471,2431,-80,4862,1
2328,2455,2391,-127,4783,1
2375,2469,2422,-94,4844,1
2460,2605,2532,-145,5065,1
2560,2303,2431,257,4863,1
2782,2708,2745,74,5490,1
2490,2538,2514,-48,5028,1
2479,2273,2376,206,4752,1
2337,2545,2441,-208,4882,1
2402,2387,2394,15,4789,1
2607,2293,2450,314,4900,1
2727,2709,2718,18,5436,1
2639,2551,2595,88,5190,1
2324,2438,2381,-114,4762,1
2481,2437,2459,44,4918,1
2311,2554,2432,-243,4865,1
2611,2313,2462,298,4924,1
2417,2362,2389,55,4779,1
2760,2713,2736,47,5473,1
2423,2396,2409,27,4819,1
2327,2397,2362,-70,4724,1
2657,2695,2676,-38,5352,1
2377,2443,2410,-66,4820,1
2373,2440,2406,-67,4813,1
2260,2536,2398,-276,4796,1
2531,2269,2400,262,4800,1
2472,2598,2535,-126,5070,1
2538,2582,2560,-44,5120,1
2521,2664,2592,-143,5185,1
2438,2622,2530,-184,5060,1
2519,2490,2504,29,5009,1
2575,2503,2539,72,5078,1
2392,2529,2460,-137,4921,1
2460,2363,2411,97,4823,1
2277,2468,2372,-191,4745,1
2470,2635,2552,-165,5105,1
2418,2568,2493,-150,4986,1
2340,2531,2435,-191,4871,1
2418,2481,2449,-63,4899,1
2455,2353,2404,102,4808,1
2368,2442,2405,-74,4810,1
2423,2285,2354,138,4708,1
2363,2515,2439,-152,4878,1
2599,2437,2518,162,5036,1
2535,2285,2410,250,4820,1
2256,2558,2407,-302,4814,1
2548,2652,2600,-104,5200,1
2412,2447,2429,-35,4859,1
2301,2501,2401,-200,4802,1
2634,2408,2521,226,5042,1
2359,2506,2432,-147,4865,1
2305,2482,2393,-177,4787,1
2383,2534,2458,-151,4917,1
2747,2786,2766,-39,5533,1
2643,2398,2520,245,5041,1
2359,2481,2420,-122,4840,1
2371,2498,2434,-127,4869,1
2545,2734,2639,-189,5279,1
2517,2429,2473,88,4946,1
2477,2352,2414,125,4829,1
2530,2322,2426,208,4852,1
2449,2540,2494,-91,4989,1
2500,2298,2399,202,4798,1
2393,2313,2353,80,4706,1
2470,2456,2463,14,4926,1
2341,2662,2501,-321,5003,1
2474,2509,2491,-35,4983,1
2491,2474,2482,17,4965,1
2385,2328,2356,57,4713,1
2413,2287,2350,126,4700,1
2472,2375,2423,97,4847,1
2308,2589,2448,-281,4897,1
2516,2521,2518,-5,5037,1
2339,2417,2378,-78,4756,1
2539,2596,2567,-57,5135,1
2505,2386,2445,119,4891,1
2436,2650,2543,-214,5086,1
2388,2387,2387,1,4775,1
2460,2594,2527,-134,5054,1
2730,2717,2723,13,5447,1
2619,2638,2628,-19,5257,1
2473,2578,2525,-105,5051,1
2697,2676,2686,21,5373,1
2647,2549,2598,98,5196,1
2535,2404,2469,131,4939,1
2436,2505,2470,-69,4941,1
2393,2641,2517,-248,5034,1
2432,2339,2385,93,4771,1
2319,2368,2343,-49,4687,1
2502,2443,2472,59,4945,1
2462,2498,2480,-36,4960,1
2512,2279,2395,233,4791,1
2440,2447,2443,-7,4887,1
2572,2557,2564,15,5129,1
2453,2524,2488,-71,4977,1
2431,2530,2480,-99,4961,1
2363,2458,2410,-95,4821,1
2263,2587,2425,-324,4850,1
2447,2385,2416,62,4832,1
2307,2452,2379,-145,4759,1
2441,2593,2517,-152,5034,1
2409,2535,2472,-126,4944,1
2521,2256,2388,265,4777,1
2505,2356,2430,149,4861,1
2757,2721,2739,36,5478,1
2622,2682,2652,-60,5304,1
2612,2499,2555,113,5111,1
2216,2580,2398,-364,4796,1
2217,2650,2433,-433,4867,1
2623,2524,2573,99,5147,1
2411,2376,2393,35,4787,1
2549,2528,2538,21,5077,1
2586,2672,2629,-86,5258,1
2560,2398,2479,162,4958,1
2567,2546,2556,21,5113,1
2553,2524,2538,29,5077,1
2618,2433,2525,185,5051,1
2654,2682,2668,-28,5336,1
2652,2726,2689,-74,5378,1
2526,2409,2467,117,4935,1
2553,2268,2410,285,4821,1
2688,2441,2564,247,5129,1
2361,2501,2431,-140,4862,1
2645,2446,2545,199,5091,1
2753,2679,2716,74,5432,1
2485,2263,2374,222,4748,1
2408,2340,2374,68,4748,1
2558,2591,2574,-33,5149,1
2580,2707,2643,-127,5287,1
2654,2366,2510,288,5020,1
2406,2641,2523,-235,5047,1
2366,2533,2449,-167,4899,1
2489,2249,2369,240,4738,1
2681,2764,2722,-83,5445,1
2430,2538,2484,-108,4968,1
2507,2714,2610,-207,5221,1
2395,2378,2386,17,4773,1
2343,2498,2420,-155,4841,1
2591,2619,2605,-28,5210,1
2555,2377,2466,178,4932,1
2752,2792,2772,-40,5544,1
2476,2290,2383,186,4766,1
2377,2532,2454,-155,4909,1
2401,2441,2421,-40,4842,1
2620,2499,2559,121,5119,1
2382,2407,2394,-25,4789,1
2557,2705,2631,-148,5262,1
2672,2660,2666,12,5332,1
2534,2298,2416,236,4832,1
2483,2710,2596,-227,5193,1
2439,2327,2383,112,4766,1
2561,2506,2533,55,5067,1
2355,2426,2390,-71,4781,1
2293,2489,2391,-196,4782,1
2530,2550,2540,-20,5080,1
2548,2541,2544,7,5089,1
2551,2328,2439,223,4879,1
2659,2743,2701,-84,5402,1
2621,2586,2603,35,5207,1
2487,2506,2496,-19,4993,1
2739,2561,2650,178,5300,1
2462,2444,2453,18,4906,1
2351,2348,2349,3,4699,1
2421,2519,2470,-98,4940,1
2485,2564,2524,-79,5049,1
2596,2532,2564,64,5128,1
2438,2291,2364,147,4729,1
2584,2710,2647,-126,5294,1
2711,2393,2552,318,5104,1
2628,2639,2633,-11,5267,1
2527,2632,2579,-105,5159,1
2418,2288,2353,130,4706,1
2624,2563,2593,61,5187,1
2511,2421,2466,90,4932,1
2449,2314,2381,135,4763,1
2589,2711,2650,-122,5300,1
2742,2581,2661,161,5323,1
2450,2688,2569,-238,5138,1
2686,2556,2621,130,5242,1
2355,2555,2455,-200,4910,1
2570,2417,2493,153,4987,1
2606,2439,2522,167,5045,1
2482,2359,2420,123,4841,1
2565,2518,2541,47,5083,1
2577,2596,2586,-19,5173,1
2392,2495,2443,-103,4887,1
2404,2477,2440,-73,4881,1
2758,2830,2794,-72,5588,1
2505,2333,2419,172,4838,1
2402,2408,2405,-6,4810,1
2585,2470,2527,115,5055,1
2683,2531,2607,152,5214,1
2434,2358,2396,76,4792,1
2332,2381,2356,-49,4713,1
2355,2558,2456,-203,4913,1
2638,2245,2441,393,4883,1
2600,2558,2579,42,5158,1
2572,2293,2432,279,4865,1
2671,2343,2507,328,5014,1
2423,2407,2415,16,4830,1
2301,2526,2413,-225,4827,1
2477,2570,2523,-93,5047,1
2464,2350,2407,114,4814,1
2410,2540,2475,-130,4950,1
2501,2368,2434,133,4869,1
2633,2474,2553,159,5107,1
2707,2645,2676,62,5352,1
2636,2437,2536,199,5073,1
2344,2530,2437,-186,4874,1
2672,2586,2629,86,5258,1
2447,2677,2562,-230,5124,1
2326,2533,2429,-207,4859,1
2531,2259,2395,272,4790,1
2497,2653,2575,-156,5150,1
2554,2625,2589,-71,5179,1
2327,2409,2368,-82,4736,1
2713,2243,2478,470,4956,1
2680,2493,2586,187,5173,1
2379,2387,2383,-8,4766,1
2331,2423,2377,-92,4754,1
2520,2255,2387,265,4775,1
2629,2456,2542,173,5085,1
2629,2566,2597,63,5195,1
2422,2395,2408,27,4817,1
2564,2449,2506,115,5013,1
2393,2536,2464,-143,4929,1
2562,2485,2523,77,5047,1
2447,2282,2364,165,4729,1
2505,2472,2488,33,4977,1
2483,2463,2473,20,4946,1
2383,2507,2445,-124,4890,1
2323,2425,2374,-102,4748,1
2551,2478,2514,73,5029,1
2634,2698,2666,-64,5332,1
2526,2361,2443,165,4887,1
2490,2521,2505,-31,5011,1
2394,2581,2487,-187,4975,1
2641,2627,2634,14,5268,1
2639,2495,2567,144,5134,1
2325,2526,2425,-201,4851,1
2655,2467,2561,188,5122,1
2621,2742,2681,-121,5363,1
2558,2362,2460,196,4920,1
2491,2338,2414,153,4829,1
2570,2625,2597,-55,5195,1
2783,2772,2777,11,5555,1
2414,2494,2454,-80,4908,1
2628,2783,2705,-155,5411,1
2626,2618,2622,8,5244,1
2578,2427,2502,151,5005,1
2281,2512,2396,-231,4793,1
2439,2402,2420,37,4841,1
2391,2501,2446,-110,4892,1
2554,2584,2569,-30,5138,1
2554,2542,2548,12,5096,1
2588,2501,2544,87,5089,1
2631,2647,2639,-16,5278,1
2492,2429,2460,63,4921,1
2484,2549,2516,-65,5033,1
2375,2678,2526,-303,5053,1
2760,2549,2654,211,5309,1
2580,2563,2571,17,5143,1
2539,2397,2468,142,4936,1
2650,2578,2614,72,5228,1
2809,2757,2783,52,5566,1
2483,2367,2425,116,4850,1
2510,2380,2445,130,4890,1
2551,2335,2443,216,4886,1
2523,2605,2564,-82,5128,1
2667,2509,2588,158,5176,1
2597,2407,2502,190,5004,1
2638,2484,2561,154,5122,1
2427,2358,2392,69,4785,1
2410,2683,2546,-273,5093,1
2671,2516,2593,155,5187,1
2327,2365,2346,-38,4692,1
2596,2277,2436,319,4873,1
2514,2410,2462,104,4924,1
2740,2678,2709,62,5418,1
2600,2425,2512,175,5025,1
2345,2542,2443,-197,4887,1
2607,2455,2531,152,5062,1
2553,2586,2569,-33,5139,1
2436,2377,2406,59,4813,1
2635,2444,2539,191,5079,1
2644,2210,2427,434,4854,1
2368,2532,2450,-164,4900,1
2312,2486,2399,-174,4798,1
2571,2349,2460,222,4920,1
2473,2549,2511,-76,5022,1
2433,2396,2414,37,4829,1
2221,2587,2404,-366,4808,1
2298,2625,2461,-327,4923,1
2524,2484,2504,40,5008,1
2744,2263,2503,481,5007,1
2398,2448,2423,-50,4846,1
2470,2278,2374,192,4748,1
2524,2631,2577,-107,5155,1
2734,2631,2682,103,5365,1
2450,2550,2500,-100,5000,1
2504,2360,2432,144,4864,1
2613,2671,2642,-58,5284,1
2508,2371,2439,137,4879,1
2633,2456,2544,177,5089,1
2494,2597,2545,-103,5091,1
2649,2570,2609,79,5219,1
2397,2578,2487,-181,4975,1
2430,2432,2431,-2,4862,1
2529,2279,2404,250,4808,1
2409,2391,2400,18,4800,1
2628,2791,2709,-163,5419,1
2408,2319,2363,89,4727,1
2723,2637,2680,86,5360,1
2449,2299,2374,150,4748,1
2600,2538,2569,62,5138,1
2295,2505,2400,-210,4800,1
2313,2476,2394,-163,4789,1
2455,2611,2533,-156,5066,1
2409,2304,2356,105,4713,1
2351,2536,2443,-185,4887,1
2472,2611,2541,-139,5083,1
2615,2384,2499,231,4999,1
2270,2489,2379,-219,4759,1
2343,2323,2333,20,4666,1
2399,2608,2503,-209,5007,1
2599,2709,2654,-110,5308,1
2295,2454,2374,-159,4749,1
2532,2436,2484,96,4968,1
2760,2762,2761,-2,5522,1
2446,2503,2474,-57,4949,1
2332,2523,2427,-191,4855,1
2618,2433,2525,185,5051,1
2564,2674,2619,-110,5238,1
2529,2409,2469,120,4938,1
2403,2559,2481,-156,4962,1
2549,2633,2591,-84,5182,1
2485,2374,2429,111,4859,1
2517,2477,2497,40,4994,1
2688,2623,2655,65,5311,1
2437,2620,2528,-183,5057,1
2468,2603,2535,-135,5071,1
2388,2518,2453,-130,4906,1
2459,2284,2371,175,4743,1
2506,2396,2451,110,4902,1
2664,2737,2700,-73,5401,1
2455,2539,2497,-84,4994,1
2330,2389,2359,-59,4719,1
2529,2422,2475,107,4951,1
2539,2343,2441,196,4882,1
2672,2638,2655,34,5310,1
2536,2358,2447,178,4894,1
2421,2451,2436,-30,4872,1
2564,2258,2411,306,4822,1
2805,2740,2772,65,5545,1
2353,2468,2410,-115,4821,1
2323,2565,2444,-242,4888,1
2661,2627,2644,34,5288,1
2447,2498,2472,-51,4945,1
2557,2514,2535,43,5071,1
2610,2784,2697,-174,5394,1
2558,2324,2441,234,4882,1
2461,2518,2489,-57,4979,1
2240,2563,2401,-323,4803,1
2496,2429,2462,67,4925,1
2545,2404,2474,141,4949,1
2380,2551,2465,-171,4931,1
2724,2689,2706,35,5413,1
2618,2709,2663,-91,5327,1
2572,2471,2521,101,5043,1
2606,2341,2473,265,4947,1
2496,2454,2475,42,4950,1
2376,2422,2399,-46,4798,1
2282,2614,2448,-332,4896,1
2608,2495,2551,113,5103,1
2577,2215,2396,362,4792,1
2618,2546,2582,72,5164,1
2633,2782,2707,-149,5415,1
2635,2315,2475,320,4950,1
2662,2633,2647,29,5295,1
2520,2685,2602,-165,5205,1
2323,2508,2415,-185,4831,1
2631,2742,2686,-111,5373,1
2428,2346,2387,82,4774,1
2318,2452,2385,-134,4770,1
2251,2539,2395,-288,4790,1
2616,2416,2516,200,5032,1
2501,2430,2465,71,4931,1
2543,2393,2468,150,4936,1
2330,2598,2464,-268,4928,1
2786,2598,2692,188,5384,1
2346,2493,2419,-147,4839,1
2557,2373,2465,184,4930,1
2543,2465,2504,78,5008,1
2306,2496,2401,-190,4802,1
2380,2707,2543,-327,5087,1
2661,2174,2417,487,4835,1
2521,2280,2400,241,4801,1
2427,2487,2457,-60,4914,1
2466,2356,2411,110,4822,1
2654,2631,2642,23,5285,1
2407,2407,2407,0,4814,1
2510,2425,2467,85,4935,1
2486,2415,2450,71,4901,1
2439,2282,2360,157,4721,1
2554,2344,2449,210,4898,1
2450,2439,2444,11,4889,1
2660,2636,2648,24,5296,1
2434,2510,2472,-76,4944,1
2557,2587,2572,-30,5144,1
2528,2246,2387,282,4774,1
2469,2310,2389,159,4779,1
2394,2525,2459,-131,4919,1
2649,2592,2620,57,5241,1
2429,2425,2427,4,4854,1
2533,2412,2472,121,4945,1
2660,2562,2611,98,5222,1
2326,2365,2345,-39,4691,1
2545,2497,2521,48,5042,1
2546,2617,2581,-71,5163,1
2478,2545,2511,-67,5023,1
2711,2557,2634,154,5268,1
2594,2408,2501,186,5002,1
2514,2568,2541,-54,5082,1
2586,2477,2531,109,5063,1
2779,2531,2655,248,5310,1
2481,2351,2416,130,4832,1
2528,2528,2528,0,5056,1
2611,2582,2596,29,5193,1
2479,2561,2520,-82,5040,1
2554,2456,2505,98,5010,1
2561,2479,2520,82,5040,1
2398,2591,2494,-193,4989,1
2564,2647,2605,-83,5211,1
2262,2605,2433,-343,4867,1
2554,2401,2477,153,4955,1
2415,2292,2353,123,4707,1
2361,2565,2463,-204,4926,1
2330,2571,2450,-241,4901,1
2349,2554,2451,-205,4903,1
2558,2482,2520,76,5040,1
2487,2444,2465,43,4931,1
2339,2482,2410,-143,4821,1
2665,2418,2541,247,5083,1
2396,2517,2456,-121,4913,1
2515,2624,2569,-109,5139,1
2651,2554,2602,97,5205,1
2415,2458,2436,-43,4873,1
2421,2675,2548,-254,5096,1
2626,2536,2581,90,5162,1
2386,2456,2421,-70,4842,1
2293,2428,2360,-135,4721,1
2481,2266,2373,215,4747,1
2583,2444,2513,139,5027,1
2553,2466,2509,87,5019,1
2548,2648,2598,-100,5196,1
2359,2375,2367,-16,4734,1
2474,2626,2550,-152,5100,1
2403,2576,2489,-173,4979,1
2350,2508,2429,-158,4858,1
2593,2589,2591,4,5182,1
2498,2529,2513,-31,5027,1
2304,2583,2443,-279,4887,1
2633,2480,2556,153,5113,1
2523,2424,2473,99,4947,1
2484,2279,2381,205,4763,1
2567,2407,2487,160,4974,1
2608,2602,2605,6,5210,1
2625,2455,2540,170,5080,1
2707,2587,2647,120,5294,1
2643,2554,2598,89,5197,1
2385,2311,2348,74,4696,1
2344,2484,2414,-140,4828,1
2507,2671,2589,-164,5178,1
2498,2604,2551,-106,5102,1
2581,2408,2494,173,4989,1
2351,2485,2418,-134,4836,1
2357,2435,2396,-78,4792,1
2317,2649,2483,-332,4966,1
2526,2314,2420,212,4840,1
2514,2607,2560,-93,5121,1
2549,2375,2462,174,4924,1
2594,2515,2554,79,5109,1
2469,2304,2386,165,4773,1
2723,2730,2726,-7,5453,1
2522,2602,2562,-80,5124,1
2448,2552,2500,-104,5000,1
2436,2559,2497,-123,4995,1
2425,2422,2423,3,4847,1
2776,2767,2771,9,5543,1
2741,2775,2758,-34,5516,1
2378,2313,2345,65,4691,1
2709,2563,2636,146,5272,1
2702,2670,2686,32,5372,1
2431,2401,2416,30,4832,1
2338,2612,2475,-274,4950,1
2341,2384,2362,-43,4725,1
2607,2483,2545,124,5090,1
2406,2491,2448,-85,4897,1
2354,2347,2350,7,4701,1
2521,2288,2404,233,4809,1
2298,2445,2371,-147,4743,1
2393,2515,2454,-122,4908,1
2540,2372,2456,168,4912,1
2471,2469,2470,2,4940,1
2392,2402,2397,-10,4794,1
2508,2547,2527,-39,5055,1
2691,2542,2616,149,5233,1
2688,2689,2688,-1,5377,1
2215,2637,2426,-422,4852,1
2729,2390,2559,339,5119,1
2602,2589,2595,13,5191,1
2480,2526,2503,-46,5006,1
2453,2524,2488,-71,4977,1
2343,2571,2457,-228,4914,1
2278,2567,2422,-289,4845,1
2519,2437,2478,82,4956,1
2561,2304,2432,257,4865,1
2709,2492,2600,217,5201,1
2476,2495,2485,-19,4971,1
2470,2465,2467,5,4935,1
2334,2488,2411,-154,4822,1
2420,2480,2450,-60,4900,1
2590,2680,2635,-90,5270,1
2557,2331,2444,226,4888,1
2607,2701,2654,-94,5308,1
2475,2546,2510,-71,5021,1
2340,2359,2349,-19,4699,1
2226,2619,2422,-393,4845,1
2182,2715,2448,-533,4897,1
2659,2700,2679,-41,5359,1
2296,2414,2355,-118,4710,1
2786,2713,2749,73,5499,1
2485,2602,2543,-117,5087,1
2489,2342,2415,147,4831,1
2791,2753,2772,38,5544,1
2577,2613,2595,-36,5190,1
2511,2641,2576,-130,5152,1
2422,2376,2399,46,4798,1
2338,2346,2342,-8,4684,1
2578,2517,2547,61,5095,1
2614,2650,2632,-36,5264,1
2581,2484,2532,97,5065,1
2576,2284,2430,292,4860,1
2419,2335,2377,84,4754,1
2471,2335,2403,136,4806,1
2521,2294,2407,227,4815,1
2455,2371,2413,84,4826,1
2461,2652,2556,-191,5113,1
2482,2409,2445,73,4891,1
2383,2356,2369,27,4739,1
2417,2540,2478,-123,4957,1
2508,2467,2487,41,4975,1
2418,2454,2436,-36,4872,1
2312,2436,2374,-124,4748,1
2451,2422,2436,29,4873,1
2510,2680,2595,-170,5190,1
2268,2478,2373,-210,4746,1
2704,2638,2671,66,5342,1
2531,2492,2511,39,5023,1
2528,2445,2486,83,4973,1
2757,2730,2743,27,5487,1
2713,2731,2722,-18,5444,1
2406,2445,2425,-39,4851,1
2672,2165,2418,507,4837,1
2631,2644,2637,-13,5275,1
2333,2415,2374,-82,4748,1
2489,2282,2385,207,4771,1
2705,2659,2682,46,5364,1
2426,2299,2362,127,4725,1
2535,2536,2535,-1,5071,1
2340,2376,2358,-36,4716,1
2359,2466,2412,-107,4825,1
2544,2458,2501,86,5002,1
2516,2293,2404,223,4809,1
2357,2520,2438,-163,4877,1
2445,2362,2403,83,4807,1
2532,2737,2634,-205,5269,1
2548,2575,2561,-27,5123,1
2625,2446,2535,179,5071,1
2541,2243,2392,298,4784,1
2574,2311,2442,263,4885,1
2574,2411,2492,163,4985,1
2435,2316,2375,119,4751,1
2499,2407,2453,92,4906,1
2414,2644,2529,-230,5058,1
2539,2386,2462,153,4925,1
2407,2691,2549,-284,5098,1
2427,2290,2358,137,4717,1
2565,2526,2545,39,5091,1
2353,2411,2382,-58,4764,1
2320,2526,2423,-206,4846,1
2462,2482,2472,-20,4944,1
2575,2235,2405,340,4810,1
2731,2785,2758,-54,5516,1
2512,2501,2506,11,5013,1
2676,2447,2561,229,5123,1
2292,2523,2407,-231,4815,1
2702,2705,2703,-3,5407,1
2503,2340,2421,163,4843,1
2527,2660,2593,-133,5187,1
2516,2376,2446,140,4892,1
2451,2376,2413,75,4827,1
2638,2665,2651,-27,5303,1
2344,2417,2380,-73,4761,1
2607,2496,2551,111,5103,1
2552,2454,2503,98,5006,1
2317,2505,2411,-188,4822,1
2256,2511,2383,-255,4767,1
2710,2459,2584,251,5169,1
2452,2607,2529,-155,5059,1
2693,2664,2678,29,5357,1
2686,2792,2739,-106,5478,1
2438,2570,2504,-132,5008,1
2391,2418,2404,-27,4809,1
2653,2473,2563,180,5126,1
2656,2718,2687,-62,5374,1
2617,2518,2567,99,5135,1
2381,2336,2358,45,4717,1
2565,2432,2498,133,4997,1
2561,2335,2448,226,4896,1
2331,2515,2423,-184,4846,1
2469,2485,2477,-16,4954,1
2524,2503,2513,21,5027,1
2455,2415,2435,40,4870,1
2457,2356,2406,101,4813,1
2471,2386,2428,85,4857,1
2630,2513,2571,117,5143,1
2473,2601,2537,-128,5074,1
2710,2544,2627,166,5254,1
2345,2577,2461,-232,4922,1
2478,2558,2518,-80,5036,1
2684,2632,2658,52,5316,1
2456,2367,2411,89,4823,1
2490,2580,2535,-90,5070,1
2347,2655,2501,-308,5002,1
2440,2707,2573,-267,5147,1
2523,2364,2443,159,4887,1
2302,2491,2396,-189,4793,1
2651,2636,2643,15,5287,1
2691,2605,2648,86,5296,1
2275,2484,2379,-209,4759,1
2423,2434,2428,-11,4857,1
2429,2546,2487,-117,4975,1
2489,2549,2519,-60,5038,1
2559,2680,2619,-121,5239,1
2281,2718,2499,-437,4999,1
2315,2398,2356,-83,4713,1
2594,2678,2636,-84,5272,1
2494,2461,2477,33,4955,1
2539,2326,2432,213,4865,1
2600,2539,2569,61,5139,1
2775,2695,2735,80,5470,1
2485,2627,2556,-142,5112,1
2626,2574,2600,52,5200,1
2494,2378,2436,116,4872,1
2427,2642,2534,-215,5069,1
2309,2406,2357,-97,4715,1
2501,2382,2441,119,4883,1
2428,2554,2491,-126,4982,1
2636,2668,2652,-32,5304,1
2432,2553,2492,-121,4985,1
2518,2405,2461,113,4923,1
2526,2369,2447,157,4895,1
2405,2342,2373,63,4747,1
2441,2483,2462,-42,4924,1
2473,2397,2435,76,4870,1
2549,2575,2562,-26,5124,1
2607,2590,2598,17,5197,1
2390,2468,2429,-78,4858,1
2583,2396,2489,187,4979,1
2691,2237,2464,454,4928,1
2595,2460,2527,135,5055,1
2407,2549,2478,-142,4956,1
2603,2591,2597,12,5194,1
2404,2543,2473,-139,4947,1
2415,2472,2443,-57,4887,1
2597,2666,2631,-69,5263,1
2338,2581,2459,-243,4919,1
2499,2249,2374,250,4748,1
2494,2370,2432,124,4864,1
2495,2401,2448,94,4896,1
2384,2495,2439,-111,4879,1
2540,2598,2569,-58,5138,1
2749,2769,2759,-20,5518,1
2524,2257,2390,267,4781,1
2310,2443,2376,-133,4753,1
2297,2446,2371,-149,4743,1
2602,2688,2645,-86,5290,1
2730,2753,2741,-23,5483,1
2525,2274,2399,251,4799,1
2517,2549,2533,-32,5066,1
2345,2569,2457,-224,4914,1
2726,2613,2669,113,5339,1
2385,2312,2348,73,4697,1
2441,2567,2504,-126,5008,1
2533,2266,2399,267,4799,1
2522,2247,2384,275,4769,1
2661,2545,2603,116,5206,1
2349,2366,2357,-17,4715,1
2600,2359,2479,241,4959,1
2446,2370,2408,76,4816,1
2564,2505,2534,59,5069,1
2401,2433,2417,-32,4834,1
2300,2528,2414,-228,4828,1
2538,2529,2533,9,5067,1
2618,2503,2560,115,5121,1
2549,2549,2549,0,5098,1
2369,2480,2424,-111,4849,1
2490,2583,2536,-93,5073,1
2744,2712,2728,32,5456,1
2604,2717,2660,-113,5321,1
2491,2291,2391,200,4782,1
2559,2546,2552,13,5105,1
2525,2420,2472,105,4945,1
2499,2569,2534,-70,5068,1
2437,2620,2528,-183,5057,1
2455,2278,2366,177,4733,1
2531,2336,2433,195,4867,1
2509,2434,2471,75,4943,1
2461,2426,2443,35,4887,1
2268,2537,2402,-269,4805,1
2445,2433,2439,12,4878,1
2455,2638,2546,-183,5093,1
2638,2244,2441,394,4882,1
2365,2604,2484,-239,4969,1
2464,2618,2541,-154,5082,1
2486,2609,2547,-123,5095,1
2653,2613,2633,40,5266,1
2512,2740,2626,-228,5252,1
2723,2674,2698,49,5397,1
2304,2505,2404,-201,4809,1
2573,2320,2446,253,4893,1
2466,2299,2382,167,4765,1
2632,2693,2662,-61,5325,1
2681,2556,2618,125,5237,1
2731,2753,2742,-22,5484,1
2386,2518,2452,-132,4904,1
2391,2408,2399,-17,4799,1
2545,2377,2461,168,4922,1
2639,2496,2567,143,5135,1
2447,2320,2383,127,4767,1
2509,2467,2488,42,4976,1
2592,2512,2552,80,5104,1
2593,2448,2520,145,5041,1
2424,2363,2393,61,4787,1
2454,2376,2415,78,4830,1
2703,2783,2743,-80,5486,1
2492,2486,2489,6,4978,1
2361,2455,2408,-94,4816,1
2570,2544,2557,26,5114,1
2365,2558,2461,-193,4923,1
2645,2620,2632,25,5265,1
2497,2447,2472,50,4944,1
2558,2244,2401,314,4802,1
2619,2430,2524,189,5049,1
2555,2378,2466,177,4933,1
2649,2522,2585,127,5171,1
2360,2327,2343,33,4687,1
2432,2279,2355,153,4711,1
2487,2470,2478,17,4957,1
2495,2439,2467,56,4934,1
2347,2559,2453,-212,4906,1
2426,2614,2520,-188,5040,1
2534,2291,2412,243,4825,1
2549,2424,2486,125,4973,1
2464,2648,2556,-184,5112,1
2450,2314,2382,136,4764,1
2360,2381,2370,-21,4741,1
2713,2730,2721,-17,5443,1
2695,2580,2637,115,5275,1
2488,2388,2438,100,4876,1
2566,2489,2527,77,5055,1
2500,2459,2479,41,4959,1
2370,2379,2374,-9,4749,1
2674,2328,2501,346,5002,1
2573,2351,2462,222,4924,1
2387,2434,2410,-47,4821,1
2470,2384,2427,86,4854,1
2436,2539,2487,-103,4975,1
2429,2707,2568,-278,5136,1
2468,2330,2399,138,4798,1
2530,2667,2598,-137,5197,1
2536,2483,2509,53,5019,1
2563,2429,2496,134,4992,1
2363,2451,2407,-88,4814,1
2690,2591,2640,99,5281,1
2441,2536,2488,-95,4977,1
2495,2499,2497,-4,4994,1
2552,2247,2399,305,4799,1
2570,2417,2493,153,4987,1
2423,2300,2361,123,4723,1
2642,2307,2474,335,4949,1
2468,2715,2591,-247,5183,1
2325,2520,2422,-195,4845,1
2493,2586,2539,-93,5079,1
2568,2398,2483,170,4966,1
2531,2499,2515,32,5030,1
2716,2335,2525,381,5051,1
2452,2537,2494,-85,4989,1
2449,2399,2424,50,4848,1
2413,2415,2414,-2,4828,1
2451,2276,2363,175,4727,1
2382,2377,2379,5,4759,1
2700,2609,2654,91,5309,1
2430,2291,2360,139,4721,1
2355,2664,2509,-309,5019,1
2634,2624,2629,10,5258,1
2345,2418,2381,-73,4763,1
2554,2603,2578,-49,5157,1
2402,2482,2442,-80,4884,1
2481,2395,2438,86,4876,1
2335,2356,2345,-21,4691,1
2714,2627,2670,87,5341,1
2471,2661,2566,-190,5132,1
2290,2603,2446,-313,4893,1
2360,2356,2358,4,4716,1
2595,2598,2596,-3,5193,1
2655,2428,2541,227,5083,1
2815,2771,2793,44,5586,1
2586,2323,2454,263,4909,1
2388,2410,2399,-22,4798,1
2550,2603,2576,-53,5153,1
2598,2581,2589,17,5179,1
2541,2500,2520,41,5041,1
2537,2404,2470,133,4941,1
2312,2506,2409,-194,4818,1
2341,2328,2334,13,4669,1
2568,2534,2551,34,5102,1
2485,2271,2378,214,4756,1
2555,2472,2513,83,5027,1
2491,2372,2431,119,4863,1
2383,2476,2429,-93,4859,1
2483,2457,2470,26,4940,1
2665,2637,2651,28,5302,1
2682,2611,2646,71,5293,1
2397,2389,2393,8,4786,1
2514,2303,2408,211,4817,1
2787,2644,2715,143,5431,1
2467,2421,2444,46,4888,1
2713,2614,2663,99,5327,1
2531,2283,2407,248,4814,1
2376,2450,2413,-74,4826,1
2490,2420,2455,70,4910,1
2693,2612,2652,81,5305,1
2384,2352,2368,32,4736,1
2471,2788,2629,-317,5259,1
2498,2712,2605,-214,5210,1
2466,2472,2469,-6,4938,1
2476,2353,2414,123,4829,1
2437,2421,2429,16,4858,1
2663,2602,2632,61,5265,1
2369,2471,2420,-102,4840,1
2591,2649,2620,-58,5240,1
2419,2641,2530,-222,5060,1
2462,2586,2524,-124,5048,1
2537,2229,2383,308,4766,1
2431,2481,2456,-50,4912,1
2566,2623,2594,-57,5189,1
2337,2414,2375,-77,4751,1
2273,2478,2375,-205,4751,1
2509,2501,2505,8,5010,1
2477,2461,2469,16,4938,1
2472,2544,2508,-72,5016,1
2560,2230,2395,330,4790,1
2469,2685,2577,-216,5154,1
2569,2590,2579,-21,5159,1
2587,2244,2415,343,4831,1
2358,2384,2371,-26,4742,1
2305,2477,2391,-172,4782,1
2560,2555,2557,5,5115,1
2401,2504,2452,-103,4905,1
2515,2354,2434,161,4869,1
2421,2578,2499,-157,4999,1
2333,2538,2435,-205,4871,1
2368,2506,2437,-138,4874,1
2283,2564,2423,-281,4847,1
2321,2511,2416,-190,4832,1
2566,2482,2524,84,5048,1
2758,2724,2741,34,5482,1
2552,2489,2520,63,5041,1
2592,2617,2604,-25,5209,1
2668,2747,2707,-79,5415,1
2678,2702,2690,-24,5380,1
2263,2539,2401,-276,4802,1
2214,2608,2411,-394,4822,1
2653,2723,2688,-70,5376,1
2733,2465,2599,268,5198,1
2342,2412,2377,-70,4754,1
2599,2540,2569,59,5139,1
2492,2282,2387,210,4774,1
2514,2627,2570,-113,5141,1
2460,2595,2527,-135,5055,1
2572,2257,2414,315,4829,1
2320,2385,2352,-65,4705,1
2429,2544,2486,-115,4973,1
2582,2614,2598,-32,5196,1
2456,2484,2470,-28,4940,1
2429,2447,2438,-18,4876,1
2731,2731,2731,0,5462,1
2321,2550,2435,-229,4871,1
2347,2455,2401,-108,4802,1
2526,2313,2419,213,4839,1
2627,2291,2459,336,4918,1
2352,2355,2353,-3,4707,1
2381,2449,2415,-68,4830,1
2607,2753,2680,-146,5360,1
2569,2441,2505,128,5010,1
2713,2717,2715,-4,5430,1
2426,2458,2442,-32,4884,1
2450,2535,2492,-85,4985,1
2777,2616,2696,161,5393,1
2610,2542,2576,68,5152,1
2549,2411,2480,138,4960,1
2514,2514,2514,0,5028,1
2491,2528,2509,-37,5019,1
2426,2543,2484,-117,4969,1
2615,2701,2658,-86,5316,1
2837,2738,2787,99,5575,1
2310,2495,2402,-185,4805,1
2281,2479,2380,-198,4760,1
2386,2314,2350,72,4700,1
2441,2470,2455,-29,4911,1
2425,2575,2500,-150,5000,1
2466,2423,2444,43,4889,1
2496,2535,2515,-39,5031,1
2429,2386,2407,43,4815,1
2588,2505,2546,83,5093,1
2419,2562,2490,-143,4981,1
2666,2595,2630,71,5261,1
2349,2461,2405,-112,4810,1
2679,2490,2584,189,5169,1
2301,2498,2399,-197,4799,1
2399,2305,2352,94,4704,1
2518,2529,2523,-11,5047,1
2480,2484,2482,-4,4964,1
2661,2505,2583,156,5166,1
2400,2484,2442,-84,4884,1
2409,2399,2404,10,4808,1
2596,2569,2582,27,5165,1
2493,2517,2505,-24,5010,1
2342,2559,2450,-217,4901,1
2611,2521,2566,90,5132,1
2622,2549,2585,73,5171,1
2455,2285,2370,170,4740,1
2320,2472,2396,-152,4792,1
2540,2669,2604,-129,5209,1
2302,2537,2419,-235,4839,1
2383,2560,2471,-177,4943,1
2426,2697,2561,-271,5123,1
2532,2482,2507,50,5014,1
2409,2587,2498,-178,4996,1
2429,2289,2359,140,4718,1
2315,2376,2345,-61,4691,1
2488,2310,2399,178,4798,1
2354,2530,2442,-176,4884,1
2705,2618,2661,87,5323,1
2544,2469,2506,75,5013,1
2458,2521,2489,-63,4979,1
2596,2501,2548,95,5097,1
2326,2387,2356,-61,4713,1
2664,2631,2647,33,5295,1
2384,2683,2533,-299,5067,1
2361,2377,2369,-16,4738,1
2637,2538,2587,99,5175,1
2487,2252,2369,235,4739,1
2510,2552,2531,-42,5062,1
2551,2517,2534,34,5068,1
2570,2556,2563,14,5126,1
2678,2693,2685,-15,5371,1
2443,2521,2482,-78,4964,1
2247,2567,2407,-320,4814,1
2472,2582,2527,-110,5054,1
2476,2344,2410,132,4820,1
2368,2418,2393,-50,4786,1
2276,2628,2452,-352,4904,1
2376,2360,2368,16,4736,1
2661,2576,2618,85,5237,1
2586,2713,2649,-127,5299,1
2506,2600,2553,-94,5106,1
2366,2313,2339,53,4679,1
2511,2616,2563,-105,5127,1
2410,2429,2419,-19,4839,1
2509,2248,2378,261,4757,1
2486,2389,2437,97,4875,1
2641,2503,2572,138,5144,1
2489,2714,2601,-225,5203,1
2295,2494,2394,-199,4789,1
2311,2512,2411,-201,4823,1
2469,2400,2434,69,4869,1
2378,2579,2478,-201,4957,1
2552,2378,2465,174,4930,1
2285,2632,2458,-347,4917,1
2601,2306,2453,295,4907,1
2330,2545,2437,-215,4875,1
2464,2563,2513,-99,5027,1
2562,2497,2529,65,5059,1
2457,2396,2426,61,4853,1
2375,2509,2442,-134,4884,1
2554,2318,2436,236,4872,1
2508,2435,2471,73,4943,1
2416,2379,2397,37,4795,1
2359,2498,2428,-139,4857,1
2785,2736,2760,49,5521,1
2535,2485,2510,50,5020,1
2417,2363,2390,54,4780,1
2472,2432,2452,40,4904,1
2392,2362,2377,30,4754,1
2370,2460,2415,-90,4830,1
2288,2645,2466,-357,4933,1
2553,2431,2492,122,4984,1
2628,2595,2611,33,5223,1
2474,2621,2547,-147,5095,1
2404,2454,2429,-50,4858,1
2631,2637,2634,-6,5268,1
2279,2638,2458,-359,4917,1
2474,2307,2390,167,4781,1
2536,2361,2448,175,4897,1
2673,2541,2607,132,5214,1
2544,2380,2462,164,4924,1
2626,2621,2623,5,5247,1
2575,2634,2604,-59,5209,1
2567,2503,2535,64,5070,1
2592,2662,2627,-70,5254,1
2575,2304,2439,271,4879,1
2220,2620,2420,-400,4840,1
2670,2185,2427,485,4855,1
2686,2562,2624,124,5248,1
2567,2577,2572,-10,5144,1
2505,2263,2384,242,4768,1
2577,2452,2514,125,5029,1
2651,2673,2662,-22,5324,1
2338,2334,2336,4,4672,1
2443,2438,2440,5,4881,1
2456,2390,2423,66,4846,1
2381,2514,2447,-133,4895,1
2562,2353,2457,209,4915,1
2620,2380,2500,240,5000,1
2387,2435,2411,-48,4822,1
2391,2471,2431,-80,4862,1
2465,2684,2574,-219,5149,1
2512,2569,2540,-57,5081,1
2381,2621,2501,-240,5002,1
2639,2578,2608,61,5217,1
2618,2574,2596,44,5192,1
2619,2456,2537,163,5075,1
2451,2278,2364,173,4729,1
2518,2627,2572,-109,5145,1
2518,2342,2430,176,4860,1
2358,2526,2442,-168,4884,1
2531,2400,2465,131,4931,1
2672,2658,2665,14,5330,1
2407,2343,2375,64,4750,1
2532,2373,2452,159,4905,1
2554,2444,2499,110,4998,1
2581,2299,2440,282,4880,1
2598,2620,2609,-22,5218,1
2482,2277,2379,205,4759,1
2427,2583,2505,-156,5010,1
2370,2471,2420,-101,4841,1
2563,2683,2623,-120,5246,1
2389,2366,2377,23,4755,1
2616,2340,2478,276,4956,1
2718,2494,2606,224,5212,1
2769,2698,2733,71,5467,1
2554,2556,2555,-2,5110,1
2549,2250,2399,299,4799,1
2718,2581,2649,137,5299,1
2580,2314,2447,266,4894,1
2502,2563,2532,-61,5065,1
2372,2559,2465,-187,4931,1
2363,2448,2405,-85,4811,1
2589,2458,2523,131,5047,1
2506,2239,2372,267,4745,1
2449,2323,2386,126,4772,1
2511,2377,2444,134,4888,1
2468,2491,2479,-23,4959,1
2351,2571,2461,-220,4922,1
2587,2462,2524,125,5049,1
2348,2359,2353,-11,4707,1
2485,2507,2496,-22,4992,1
2512,2477,2494,35,4989,1
2490,2624,2557,-134,5114,1
2380,2564,2472,-184,4944,1
2638,2518,2578,120,5156,1
2460,2457,2458,3,4917,1
2711,2658,2684,53,5369,1
2390,2370,2380,20,4760,1
2420,2343,2381,77,4763,1
2416,2449,2432,-33,4865,1
2453,2437,2445,16,4890,1
2326,2523,2424,-197,4849,1
2534,2387,2460,147,4921,1
2321,2501,2411,-180,4822,1
2403,2611,2507,-208,5014,1
2551,2472,2511,79,5023,1
2674,2572,2623,102,5246,1
2407,2378,2392,29,4785,1
2732,2769,2750,-37,5501,1
2666,2628,2647,38,5294,1
2622,2534,2578,88,5156,1
2506,2390,2448,116,4896,1
2581,2288,2434,293,4869,1
2575,2473,2524,102,5048,1
2409,2378,2393,31,4787,1
2334,2339,2336,-5,4673,1
2462,2528,2495,-66,4990,1
2629,2336,2482,293,4965,1
2397,2616,2506,-219,5013,1
2567,2507,2537,60,5074,1
2443,2368,2405,75,4811,1
2421,2570,2495,-149,4991,1
2379,2635,2507,-256,5014,1
2681,2499,2590,182,5180,1
2483,2480,2481,3,4963,1
2483,2609,2546,-126,5092,1
2721,2500,2610,221,5221,1
2684,2366,2525,318,5050,1
2447,2520,2483,-73,4967,1
2374,2521,2447,-147,4895,1
2383,2710,2546,-327,5093,1
2458,2308,2383,150,4766,1
2602,2539,2570,63,5141,1
2622,2665,2643,-43,5287,1
2373,2592,2482,-219,4965,1
2542,2632,2587,-90,5174,1
2418,2427,2422,-9,4845,1
2503,2241,2372,262,4744,1
2403,2580,2491,-177,4983,1
2267,2570,2418,-303,4837,1
2374,2322,2348,52,4696,1
2472,2627,2549,-155,5099,1
2528,2438,2483,90,4966,1
2730,2791,2760,-61,5521,1
2741,2647,2694,94,5388,1
2521,2285,2403,236,4806,1
2595,2418,2506,177,5013,1
2504,2710,2607,-206,5214,1
2709,2581,2645,128,5290,1
2525,2394,2459,131,4919,1
2493,2448,2470,45,4941,1
2543,2556,2549,-13,5099,1
2356,2491,2423,-135,4847,1
2551,2401,2476,150,4952,1
2294,2434,2364,-140,4728,1
2571,2702,2636,-131,5273,1
2511,2550,2530,-39,5061,1
2564,2424,2494,140,4988,1
2551,2437,2494,114,4988,1
2471,2312,2391,159,4783,1
2524,2501,2512,23,5025,1
2482,2502,2492,-20,4984,1
2478,2640,2559,-162,5118,1
2538,2660,2599,-122,5198,1
2442,2309,2375,133,4751,1
2657,2717,2687,-60,5374,1
2378,2592,2485,-214,4970,1
2596,2445,2520,151,5041,1
2524,2307,2415,217,4831,1
2479,2712,2595,-233,5191,1
2649,2438,2543,211,5087,1
2614,2423,2518,191,5037,1
2455,2296,2375,159,4751,1
2382,2599,2490,-217,4981,1
2513,2438,2475,75,4951,1
2304,2454,2379,-150,4758,1
2467,2660,2563,-193,5127,1
2448,2377,2412,71,4825,1
2652,2291,2471,361,4943,1
2655,2549,2602,106,5204,1
2377,2642,2509,-265,5019,1
2252,2508,2380,-256,4760,1
2538,2547,2542,-9,5085,1
2419,2488,2453,-69,4907,1
2479,2280,2379,199,4759,1
2709,2830,2769,-121,5539,1
2620,2713,2666,-93,5333,1
2559,2326,2442,233,4885,1
2520,2392,2456,128,4912,1
2456,2495,2475,-39,4951,1
2425,2603,2514,-178,5028,1
2506,2590,2548,-84,5096,1
2305,2545,2425,-240,4850,1
2516,2381,2448,135,4897,1
2527,2601,2564,-74,5128,1
2525,2367,2446,158,4892,1
2518,2638,2578,-120,5156,1
2530,2551,2540,-21,5081,1
2560,2609,2584,-49,5169,1
2293,2516,2404,-223,4809,1
2548,2408,2478,140,4956,1
2368,2345,2356,23,4713,1
2469,2496,2482,-27,4965,1
2292,2441,2366,-149,4733,1
2362,2515,2438,-153,4877,1
2512,2402,2457,110,4914,1
2308,2460,2384,-152,4768,1
2495,2416,2455,79,4911,1
2689,2531,2610,158,5220,1
2584,2566,2575,18,5150,1
2625,2562,2593,63,5187,1
2460,2494,2477,-34,4954,1
2526,2384,2455,142,4910,1
2601,2460,2530,141,5061,1
2449,2383,2416,66,4832,1
2482,2623,2552,-141,5105,1
2320,2471,2395,-151,4791,1
2554,2592,2573,-38,5146,1
2600,2442,2521,158,5042,1
2552,2342,2447,210,4894,1
2472,2605,2538,-133,5077,1
2538,2646,2592,-108,5184,1
2391,2375,2383,16,4766,1
2516,2323,2419,193,4839,1
2386,2462,2424,-76,4848,1
2346,2431,2388,-85,4777,1
2364,2350,2357,14,4714,1
2693,2749,2721,-56,5442,1
2487,2373,2430,114,4860,1
2539,2268,2403,271,4807,1
2676,2471,2573,205,5147,1
2419,2669,2544,-250,5088,1
2664,2229,2446,435,4893,1
2561,2709,2635,-148,5270,1
2738,2749,2743,-11,5487,1
2463,2337,2400,126,4800,1
2479,2633,2556,-154,5112,1
2540,2424,2482,116,4964,1
2446,2288,2367,158,4734,1
2382,2512,2447,-130,4894,1
2419,2287,2353,132,4706,1
2516,2401,2458,115,4917,1
2708,2524,2616,184,5232,1
2741,2742,2741,-1,5483,1
2586,2415,2500,171,5001,1
2454,2595,2524,-141,5049,1
2339,2457,2398,-118,4796,1
2460,2290,2375,170,4750,1
2429,2566,2497,-137,4995,1
2506,2356,2431,150,4862,1
2339,2563,2451,-224,4902,1
2747,2683,2715,64,5430,1
2400,2549,2474,-149,4949,1
2290,2501,2395,-211,4791,1
2512,2368,2440,144,4880,1
2671,2437,2554,234,5108,1
2430,2546,2488,-116,4976,1
2501,2245,2373,256,4746,1
2419,2352,2385,67,4771,1
2277,2482,2379,-205,4759,1
2459,2394,2426,65,4853,1
2628,2579,2603,49,5207,1
2342,2483,2412,-141,4825,1
2621,2587,2604,34,5208,1
2501,2560,2530,-59,5061,1
2646,2443,2544,203,5089,1
2355,2373,2364,-18,4728,1
2635,2672,2653,-37,5307,1
2492,2257,2374,235,4749,1
2323,2553,2438,-230,4876,1
2713,2675,2694,38,5388,1
2264,2503,2383,-239,4767,1
2499,2274,2386,225,4773,1
2400,2315,2357,85,4715,1
2378,2377,2377,1,4755,1
2376,2396,2386,-20,4772,1
2679,2196,2437,483,4875,1
2362,2354,2358,8,4716,1
2395,2508,2451,-113,4903,1
2571,2474,2522,97,5045,1
2430,2506,2468,-76,4936,1
2314,2542,2428,-228,4856,1
2626,2545,2585,81,5171,1
2640,2567,2603,73,5207,1
2393,2345,2369,48,4738,1
2437,2351,2394,86,4788,1
2549,2301,2425,248,4850,1
2351,2387,2369,-36,4738,1
2413,2417,2415,-4,4830,1
2354,2561,2457,-207,4915,1
2379,2358,2368,21,4737,1
2557,2382,2469,175,4939,1
2607,2527,2567,80,5134,1
2434,2558,2496,-124,4992,1
2336,2579,2457,-243,4915,1
2713,2782,2747,-69,5495,1
2551,2332,2441,219,4883,1
2386,2682,2534,-296,5068,1
2604,2611,2607,-7,5215,1
2351,2363,2357,-12,4714,1
2741,2758,2749,-17,5499,1
2368,2604,2486,-236,4972,1
2627,2504,2565,123,5131,1
2422,2351,2386,71,4773,1
2548,2557,2552,-9,5105,1
2450,2394,2422,56,4844,1
2636,2441,2538,195,5077,1
2538,2307,2422,231,4845,1
2371,2509,2440,-138,4880,1
2502,2521,2511,-19,5023,1
2323,2415,2369,-92,4738,1
2425,2477,2451,-52,4902,1
2532,2569,2550,-37,5101,1
2709,2536,2622,173,5245,1
2554,2287,2420,267,4841,1
2543,2496,2519,47,5039,1
2443,2370,2406,73,4813,1
2531,2507,2519,24,5038,1
2395,2392,2393,3,4787,1
2458,2499,2478,-41,4957,1
2374,2365,2369,9,4739,1
2381,2500,2440,-119,4881,1
2295,2451,2373,-156,4746,1
2269,2469,2369,-200,4738,1
2276,2622,2449,-346,4898,1
2460,2525,2492,-65,4985,1
2541,2456,2498,85,4997,1
2463,2495,2479,-32,4958,1
2471,2336,2403,135,4807,1
2538,2367,2452,171,4905,1
2518,2634,2576,-116,5152,1
2637,2713,2675,-76,5350,1
2504,2306,2405,198,4810,1
2514,2318,2416,196,4832,1
2598,2335,2466,263,4933,1
2602,2741,2671,-139,5343,1
2757,2787,2772,-30,5544,1
2632,2484,2558,148,5116,1
2591,2230,2410,361,4821,1
2365,2644,2504,-279,5009,1
2449,2315,2382,134,4764,1
2401,2306,2353,95,4707,1
2575,2700,2637,-125,5275,1
2464,2509,2486,-45,4973,1
2602,2486,2544,116,5088,1
2484,2594,2539,-110,5078,1
2277,2650,2463,-373,4927,1
2444,2510,2477,-66,4954,1
2287,2487,2387,-200,4774,1
2565,2546,2555,19,5111,1
2427,2564,2495,-137,4991,1
2523,2516,2519,7,5039,1
2479,2634,2556,-155,5113,1
2323,2461,2392,-138,4784,1
2380,2314,2347,66,4694,1
2497,2447,2472,50,4944,1
2630,2616,2623,14,5246,1
2464,2698,2581,-234,5162,1
2632,2588,2610,44,5220,1
2482,2276,2379,206,4758,1
2473,2554,2513,-81,5027,1
2473,2407,2440,66,4880,1
2543,2527,2535,16,5070,1
2584,2574,2579,10,5158,1
2381,2509,2445,-128,4890,1
2595,2562,2578,33,5157,1
2428,2584,2506,-156,5012,1
2416,2382,2399,34,4798,1
2460,2278,2369,182,4738,1
2645,2318,2481,327,4963,1
2515,2450,2482,65,4965,1
2574,2648,2611,-74,5222,1
2529,2417,2473,112,4946,1
2557,2629,2593,-72,5186,1
2508,2408,2458,100,4916,1
2517,2294,2405,223,4811,1
2556,2249,2402,307,4805,1
2727,2772,2749,-45,5499,1
2524,2628,2576,-104,5152,1
2443,2416,2429,27,4859,1
2587,2405,2496,182,4992,1
2514,2602,2558,-88,5116,1
2523,2644,2583,-121,5167,1
2654,2445,2549,209,5099,1
2512,2570,2541,-58,5082,1
2548,2410,2479,138,4958,1
2354,2419,2386,-65,4773,1
2522,2600,2561,-78,5122,1
2559,2524,2541,35,5083,1
2417,2655,2536,-238,5072,1
2361,2360,2360,1,4721,1
2364,2508,2436,-144,4872,1
2486,2452,2469,34,4938,1
2777,2650,2713,127,5427,1
2515,2418,2466,97,4933,1
2417,2581,2499,-164,4998,1
2515,2277,2396,238,4792,1
2686,2546,2616,140,5232,1
2303,2503,2403,-200,4806,1
2355,2465,2410,-110,4820,1
2659,2679,2669,-20,5338,1
2303,2509,2406,-206,4812,1
2683,2248,2465,435,4931,1
2257,2496,2376,-239,4753,1
2477,2301,2389,176,4778,1
2518,2253,2385,265,4771,1
2369,2453,2411,-84,4822,1
2741,2862,2801,-121,5603,1
2473,2364,2418,109,4837,1
2327,2449,2388,-122,4776,1
2548,2501,2524,47,5049,1
2549,2606,2577,-57,5155,1
2279,2641,2460,-362,4920,1
2386,2456,2421,-70,4842,1
2340,2330,2335,10,4670,1
2564,2500,2532,64,5064,1
2427,2511,2469,-84,4938,1
2520,2498,2509,22,5018,1
2586,2383,2484,203,4969,1
2339,2536,2437,-197,4875,1
2616,2472,2544,144,5088,1
2586,2242,2414,344,4828,1
2498,2271,2384,227,4769,1
2608,2391,2499,217,4999,1
2557,2387,2472,170,4944,1
2393,2564,2478,-171,4957,1
2442,2601,2521,-159,5043,1
2561,2537,2549,24,5098,1
2463,2713,2588,-250,5176,1
2448,2388,2418,60,4836,1
2668,2578,2623,90,5246,1
2310,2640,2475,-330,4950,1
2547,2626,2586,-79,5173,1
2653,2707,2680,-54,5360,1
2491,2427,2459,64,4918,1
2339,2430,2384,-91,4769,1
2646,2543,2594,103,5189,1
2422,2583,2502,-161,5005,1
2291,2556,2423,-265,4847,1
2319,2527,2423,-208,4846,1
2708,2482,2595,226,5190,1
2531,2354,2442,177,4885,1
2793,2767,2780,26,5560,1
2467,2561,2514,-94,5028,1
2700,2485,2592,215,5185,1
2746,2500,2623,246,5246,1
2375,2375,2375,0,4750,1
2539,2300,2419,239,4839,1
2343,2396,2369,-53,4739,1
2268,2532,2400,-264,4800,1
2426,2463,2444,-37,4889,1
2379,2325,2352,54,4704,1
2465,2514,2489,-49,4979,1
2425,2295,2360,130,4720,1
2645,2622,2633,23,5267,1
2469,2364,2416,105,4833,1
2433,2638,2535,-205,5071,1
2449,2578,2513,-129,5027,1
2617,2530,2573,87,5147,1
2451,2395,2423,56,4846,1
2196,2663,2429,-467,4859,1
2737,2747,2742,-10,5484,1
2736,2773,2754,-37,5509,1
2611,2394,2502,217,5005,1
2350,2583,2466,-233,4933,1
2521,2629,2575,-108,5150,1
2569,2426,2497,143,4995,1
2622,2498,2560,124,5120,1
2264,2502,2383,-238,4766,1
2412,2457,2434,-45,4869,1
2571,2384,2477,187,4955,1
2480,2538,2509,-58,5018,1
2556,2457,2506,99,5013,1
2544,2458,2501,86,5002,1
2296,2450,2373,-154,4746,1
2332,2369,2350,-37,4701,1
2312,2497,2404,-185,4809,1
2428,2416,2422,12,4844,1
2547,2419,2483,128,4966,1
2442,2650,2546,-208,5092,1
2475,2616,2545,-141,5091,1
2273,2554,2413,-281,4827,1
2506,2681,2593,-175,5187,1
2312,2554,2433,-242,4866,1
2436,2426,2431,10,4862,1
2354,2381,2367,-27,4735,1
2334,2425,2379,-91,4759,1
2577,2339,2458,238,4916,1
2593,2528,2560,65,5121,1
2419,2455,2437,-36,4874,1
2536,2494,2515,42,5030,1
2371,2451,2411,-80,4822,1
2263,2535,2399,-272,4798,1
2338,2445,2391,-107,4783,1
2465,2301,2383,164,4766,1
2486,2430,2458,56,4916,1
2696,2412,2554,284,5108,1
2617,2463,2540,154,5080,1
2308,2421,2364,-113,4729,1
2647,2570,2608,77,5217,1
2727,2378,2552,349,5105,1
2526,2558,2542,-32,5084,1
2434,2277,2355,157,4711,1
2508,2321,2414,187,4829,1
2678,2721,2699,-43,5399,1
2603,2651,2627,-48,5254,1
2365,2409,2387,-44,4774,1
2661,2505,2583,156,5166,1
2711,2775,2743,-64,5486,1
2287,2448,2367,-161,4735,1
2506,2575,2540,-69,5081,1
2626,2371,2498,255,4997,1
2463,2264,2363,199,4727,1
2434,2482,2458,-48,4916,1
2297,2473,2385,-176,4770,1
2582,2504,2543,78,5086,1
2211,2626,2418,-415,4837,1
2577,2549,2563,28,5126,1
2493,2429,2461,64,4922,1
2262,2483,2372,-221,4745,1
2356,2468,2412,-112,4824,1
2577,2479,2528,98,5056,1
2560,2295,2427,265,4855,1
2687,2430,2558,257,5117,1
2609,2696,2652,-87,5305,1
2473,2629,2551,-156,5102,1
2430,2435,2432,-5,4865,1
2619,2370,2494,249,4989,1
2625,2520,2572,105,5145,1
2616,2446,2531,170,5062,1
2638,2410,2524,228,5048,1
2631,2674,2652,-43,5305,1
2639,2598,2618,41,5237,1
2326,2481,2403,-155,4807,1
2384,2513,2448,-129,4897,1
2361,2617,2489,-256,4978,1
2300,2442,2371,-142,4742,1
2769,2687,2728,82,5456,1
2371,2507,2439,-136,4878,1
2616,2533,2574,83,5149,1
2336,2482,2409,-146,4818,1
2719,2564,2641,155,5283,1
2662,2651,2656,11,5313,1
2545,2442,2493,103,4987,1
2532,2565,2548,-33,5097,1
2565,2460,2512,105,5025,1
2720,2764,2742,-44,5484,1
2488,2577,2532,-89,5065,1
2651,2372,2511,279,5023,1
2482,2343,2412,139,4825,1
2424,2328,2376,96,4752,1
2340,2559,2449,-219,4899,1
2310,2416,2363,-106,4726,1
2584,2535,2559,49,5119,1
2409,2494,2451,-85,4903,1
2543,2355,2449,188,4898,1
2579,2710,2644,-131,5289,1
2504,2642,2573,-138,5146,1
2493,2569,2531,-76,5062,1
2491,2293,2392,198,4784,1
2554,2564,2559,-10,5118,1
2572,2429,2500,143,5001,1
2377,2344,2360,33,4721,1
2646,2389,2517,257,5035,1
2585,2374,2479,211,4959,1
2383,2570,2476,-187,4953,1
2801,2330,2565,471,5131,1
2373,2630,2501,-257,5003,1
2590,2646,2618,-56,5236,1
2463,2544,2503,-81,5007,1
2308,2477,2392,-169,4785,1
2435,2450,2442,-15,4885,1
2519,2282,2400,237,4801,1
2492,2549,2520,-57,5041,1
2481,2445,2463,36,4926,1
2476,2447,2461,29,4923,1
2391,2547,2469,-156,4938,1
2347,2608,2477,-261,4955,1
2483,2618,2550,-135,5101,1
2512,2414,2463,98,4926,1
2363,2418,2390,-55,4781,1
2367,2460,2413,-93,4827,1
2330,2424,2377,-94,4754,1
2702,2646,2674,56,5348,1
2321,2454,2387,-133,4775,1
2598,2462,2530,136,5060,1
2555,2464,2509,91,5019,1
2630,2424,2527,206,5054,1
2241,2594,2417,-353,4835,1
2491,2331,2411,160,4822,1
2558,2530,2544,28,5088,1
2534,2350,2442,184,4884,1
2378,2437,2407,-59,4815,1
2482,2536,2509,-54,5018,1
2575,2270,2422,305,4845,1
2491,2335,2413,156,4826,1
2634,2558,2596,76,5192,1
2511,2335,2423,176,4846,1
2651,2488,2569,163,5139,1
2607,2660,2633,-53,5267,1
2358,2361,2359,-3,4719,1
2638,2616,2627,22,5254,1
2338,2449,2393,-111,4787,1
2473,2490,2481,-17,4963,1
2609,2634,2621,-25,5243,1
2547,2291,2419,256,4838,1
2518,2268,2393,250,4786,1
2618,2406,2512,212,5024,1
2283,2441,2362,-158,4724,1
2704,2572,2638,132,5276,1
2282,2582,2432,-300,4864,1
2518,2456,2487,62,4974,1
2345,2522,2433,-177,4867,1
2358,2458,2408,-100,4816,1
2386,2609,2497,-223,4995,1
2579,2266,2422,313,4845,1
2543,2264,2403,279,4807,1
2638,2682,2660,-44,5320,1
2452,2524,2488,-72,4976,1
2333,2401,2367,-68,4734,1
2340,2470,2405,-130,4810,1
2449,2425,2437,24,4874,1
2652,2420,2536,232,5072,1
2643,2678,2660,-35,5321,1
2313,2593,2453,-280,4906,1
2383,2323,2353,60,4706,1
2475,2325,2400,150,4800,1
2620,2488,2554,132,5108,1
2350,2506,2428,-156,4856,1
2547,2377,2462,170,4924,1
2552,2378,2465,174,4930,1
2587,2444,2515,143,5031,1
2785,2338,2561,447,5123,1
2480,2368,2424,112,4848,1
2505,2269,2387,236,4774,1
2313,2547,2430,-234,4860,1
2500,2578,2539,-78,5078,1
2473,2372,2422,101,4845,1
2448,2507,2477,-59,4955,1
2353,2600,2476,-247,4953,1
2481,2519,2500,-38,5000,1
2545,2495,2520,50,5040,1
2436,2569,2502,-133,5005,1
2580,2470,2525,110,5050,1
2357,2354,2355,3,4711,1
2477,2347,2412,130,4824,1
2435,2351,2393,84,4786,1
2345,2659,2502,-314,5004,1
2493,2251,2372,242,4744,1
2514,2520,2517,-6,5034,1
2559,2438,2498,121,4997,1
2474,2577,2525,-103,5051,1
2740,2579,2659,161,5319,1
2431,2380,2405,51,4811,1
2641,2734,2687,-93,5375,1
2344,2521,2432,-177,4865,1
2606,2382,2494,224,4988,1
2677,2745,2711,-68,5422,1
2278,2500,2389,-222,4778,1
2309,2457,2383,-148,4766,1
2524,2461,2492,63,4985,1
2659,2712,2685,-53,5371,1
2568,2357,2462,211,4925,1
2455,2283,2369,172,4738,1
2730,2679,2704,51,5409,1
2442,2469,2455,-27,4911,1
2293,2430,2361,-137,4723,1
2519,2314,2416,205,4833,1
2302,2436,2369,-134,4738,1
2549,2427,2488,122,4976,1
2573,2250,2411,323,4823,1
2549,2472,2510,77,5021,1
2634,2557,2595,77,5191,1
2453,2503,2478,-50,4956,1
2559,2447,2503,112,5006,1
2296,2443,2369,-147,4739,1
2643,2447,2545,196,5090,1
2771,2632,2701,139,5403,1
2503,2446,2474,57,4949,1
2654,2640,2647,14,5294,1
2493,2368,2430,125,4861,1
2515,2275,2395,240,4790,1
2344,2366,2355,-22,4710,1
2344,2526,2435,-182,4870,1
2479,2549,2514,-70,5028,1
2411,2336,2373,75,4747,1
2428,2282,2355,146,4710,1
2429,2319,2374,110,4748,1
2378,2636,2507,-258,5014,1
2437,2395,2416,42,4832,1
2515,2638,2576,-123,5153,1
2536,2375,2455,161,4911,1
2623,2785,2704,-162,5408,1
2477,2258,2367,219,4735,1
2643,2496,2569,147,5139,1
2536,2389,2462,147,4925,1
2518,2293,2405,225,4811,1
2560,2464,2512,96,5024,1
2526,2422,2474,104,4948,1
2713,2658,2685,55,5371,1
2650,2692,2671,-42,5342,1
2547,2452,2499,95,4999,1
2719,2365,2542,354,5084,1
2320,2405,2362,-85,4725,1
2518,2393,2455,125,4911,1
2511,2662,2586,-151,5173,1
2378,2598,2488,-220,4976,1
2501,2443,2472,58,4944,1
2289,2490,2389,-201,4779,1
2301,2525,2413,-224,4826,1
2619,2561,2590,58,5180,1
2348,2340,2344,8,4688,1
2617,2386,2501,231,5003,1
2489,2558,2523,-69,5047,1
2480,2598,2539,-118,5078,1
2530,2663,2596,-133,5193,1
2596,2490,2543,106,5086,1
2454,2409,2431,45,4863,1
2366,2437,2401,-71,4803,1
2333,2461,2397,-128,4794,1
2452,2501,2476,-49,4953,1
2548,2738,2643,-190,5286,1
2538,2366,2452,172,4904,1
2411,2459,2435,-48,4870,1
2438,2374,2406,64,4812,1
2747,2702,2724,45,5449,1
2643,2494,2568,149,5137,1
2572,2393,2482,179,4965,1
2626,2277,2451,349,4903,1
2600,2720,2660,-120,5320,1
2523,2390,2456,133,4913,1
2514,2405,2459,109,4919,1
2693,2458,2575,235,5151,1
2495,2471,2483,24,4966,1
2616,2493,2554,123,5109,1
2693,2769,2731,-76,5462,1
2502,2573,2537,-71,5075,1
2480,2350,2415,130,4830,1
2351,2360,2355,-9,4711,1
2350,2462,2406,-112,4812,1
2535,2447,2491,88,4982,1
2308,2448,2378,-140,4756,1
2717,2549,2633,168,5266,1
2462,2429,2445,33,4891,1
2383,2476,2429,-93,4859,1
2344,2473,2408,-129,4817,1
2375,2495,2435,-120,4870,1
2559,2486,2522,73,5045,1
2409,2477,2443,-68,4886,1
2616,2518,2567,98,5134,1
2463,2558,2510,-95,5021,1
2647,2531,2589,116,5178,1
2308,2591,2449,-283,4899,1
2595,2268,2431,327,4863,1
2381,2346,2363,35,4727,1
2508,2534,2521,-26,5042,1
2587,2686,2636,-99,5273,1
2567,2602,2584,-35,5169,1
2566,2365,2465,201,4931,1
2593,2579,2586,14,5172,1
2312,2414,2363,-102,4726,1
2368,2429,2398,-61,4797,1
2455,2487,2471,-32,4942,1
2468,2345,2406,123,4813,1
2676,2534,2605,142,5210,1
2494,2307,2400,187,4801,1
2584,2458,2521,126,5042,1
2433,2530,2481,-97,4963,1
2548,2412,2480,136,4960,1
2410,2572,2491,-162,4982,1
2469,2575,2522,-106,5044,1
2570,2527,2548,43,5097,1
2315,2534,2424,-219,4849,1
2322,2414,2368,-92,4736,1
2507,2513,2510,-6,5020,1
2590,2390,2490,200,4980,1
2543,2491,2517,52,5034,1
2423,2508,2465,-85,4931,1
2395,2517,2456,-122,4912,1
2407,2346,2376,61,4753,1
2294,2581,2437,-287,4875,1
2468,2549,2508,-81,5017,1
2406,2474,2440,-68,4880,1
2425,2353,2389,72,4778,1
2458,2312,2385,146,4770,1
2462,2302,2382,160,4764,1
2656,2584,2620,72,5240,1
2587,2529,2558,58,5116,1
2461,2443,2452,18,4904,1
2312,2420,2366,-108,4732,1
2476,2516,2496,-40,4992,1
2344,2503,2423,-159,4847,1
2502,2255,2378,247,4757,1
2609,2505,2557,104,5114,1
2353,2394,2373,-41,4747,1
2607,2377,2492,230,4984,1
2483,2514,2498,-31,4997,1
2489,2412,2450,77,4901,1
2486,2490,2488,-4,4976,1
2505,2397,2451,108,4902,1
2536,2449,2492,87,4985,1
2609,2536,2572,73,5145,1
2698,2750,2724,-52,5448,1
2545,2462,2503,83,5007,1
2643,2474,2558,169,5117,1
2803,2703,2753,100,5506,1
2572,2441,2506,131,5013,1
2311,2492,2401,-181,4803,1
2315,2436,2375,-121,4751,1
2594,2199,2396,395,4793,1
2450,2298,2374,152,4748,1
2520,2602,2561,-82,5122,1
2587,2278,2432,309,4865,1
2535,2320,2427,215,4855,1
2710,2696,2703,14,5406,1
2430,2511,2470,-81,4941,1
2251,2599,2425,-348,4850,1
2525,2508,2516,17,5033,1
2336,2540,2438,-204,4876,1
2587,2198,2392,389,4785,1
2471,2547,2509,-76,5018,1
2659,2631,2645,28,5290,1
2417,2572,2494,-155,4989,1
2722,2289,2505,433,5011,1
2439,2408,2423,31,4847,1
2674,2202,2438,472,4876,1
2481,2614,2547,-133,5095,1
2490,2304,2397,186,4794,1
2683,2691,2687,-8,5374,1
2621,2654,2637,-33,5275,1
2418,2505,2461,-87,4923,1
2663,2381,2522,282,5044,1
2691,2227,2459,464,4918,1
2651,2429,2540,222,5080,1
2409,2451,2430,-42,4860,1
2469,2511,2490,-42,4980,1
2686,2475,2580,211,5161,1
2440,2616,2528,-176,5056,1
2504,2489,2496,15,4993,1
2329,2498,2413,-169,4827,1
2438,2592,2515,-154,5030,1
2412,2463,2437,-51,4875,1
2257,2511,2384,-254,4768,1
2595,2285,2440,310,4880,1
2445,2300,2372,145,4745,1
2367,2311,2339,56,4678,1
2501,2278,2389,223,4779,1
2458,2614,2536,-156,5072,1
2404,2722,2563,-318,5126,1
2334,2404,2369,-70,4738,1
2700,2647,2673,53,5347,1
2437,2326,2381,111,4763,1
2501,2370,2435,131,4871,1
2522,2634,2578,-112,5156,1
2406,2522,2464,-116,4928,1
2277,2483,2380,-206,4760,1
2305,2402,2353,-97,4707,1
2577,2521,2549,56,5098,1
2315,2584,2449,-269,4899,1
2502,2535,2518,-33,5037,1
2437,2586,2511,-149,5023,1
2485,2617,2551,-132,5102,1
2293,2465,2379,-172,4758,1
2612,2304,2458,308,4916,1
2531,2658,2594,-127,5189,1
2521,2523,2522,-2,5044,1
2536,2491,2513,45,5027,1
2507,2404,2455,103,4911,1
2448,2523,2485,-75,4971,1
2492,2567,2529,-75,5059,1
2489,2585,2537,-96,5074,1
2435,2574,2504,-139,5009,1
2609,2655,2632,-46,5264,1
2639,2532,2585,107,5171,1
2313,2426,2369,-113,4739,1
2655,2705,2680,-50,5360,1
2864,2713,2788,151,5577,1
2313,2505,2409,-192,4818,1
2509,2484,2496,25,4993,1
2676,2612,2644,64,5288,1
2538,2637,2587,-99,5175,1
2512,2402,2457,110,4914,1
2577,2613,2595,-36,5190,1
2420,2523,2471,-103,4943,1
2415,2469,2442,-54,4884,1
2422,2432,2427,-10,4854,1
2506,2417,2461,89,4923,1
2350,2520,2435,-170,4870,1
2341,2506,2423,-165,4847,1
2568,2574,2571,-6,5142,1
2599,2368,2483,231,4967,1
2612,2290,2451,322,4902,1
2315,2513,2414,-198,4828,1
2623,2482,2552,141,5105,1
2635,2378,2506,257,5013,1
2419,2570,2494,-151,4989,1
2376,2480,2428,-104,4856,1
2319,2536,2427,-217,4855,1
2506,2619,2562,-113,5125,1
2563,2550,2556,13,5113,1
2549,2440,2494,109,4989,1
2485,2567,2526,-82,5052,1
2486,2538,2512,-52,5024,1
2506,2625,2565,-119,5131,1
2509,2397,2453,112,4906,1
2481,2274,2377,207,4755,1
2360,2553,2456,-193,4913,1
2556,2364,2460,192,4920,1
2407,2370,2388,37,4777,1
2731,2622,2676,109,5353,1
2387,2593,2490,-206,4980,1
2316,2460,2388,-144,4776,1
2492,2468,2480,24,4960,1
2591,2334,2462,257,4925,1
2619,2594,2606,25,5213,1
2730,2641,2685,89,5371,1
2712,2637,2674,75,5349,1
2363,2550,2456,-187,4913,1
2618,2526,2572,92,5144,1
2392,2385,2388,7,4777,1
2453,2279,2366,174,4732,1
2419,2500,2459,-81,4919,1
2540,2635,2587,-95,5175,1
2379,2586,2482,-207,4965,1
2469,2334,2401,135,4803,1
2660,2360,2510,300,5020,1
2525,2313,2419,212,4838,1
2358,2480,2419,-122,4838,1
2308,2430,2369,-122,4738,1
2372,2320,2346,52,4692,1
2476,2604,2540,-128,5080,1
2423,2672,2547,-249,5095,1
2410,2462,2436,-52,4872,1
2705,2628,2666,77,5333,1
2489,2338,2413,151,4827,1
2621,2688,2654,-67,5309,1
2573,2291,2432,282,4864,1
2330,2480,2405,-150,4810,1
2512,2352,2432,160,4864,1
2703,2739,2721,-36,5442,1
2602,2459,2530,143,5061,1
2477,2308,2392,169,4785,1
2396,2546,2471,-150,4942,1
2517,2313,2415,204,4830,1
2590,2468,2529,122,5058,1
2455,2364,2409,91,4819,1
2536,2382,2459,154,4918,1
2459,2552,2505,-93,5011,1
2605,2428,2516,177,5033,1
2312,2479,2395,-167,4791,1
2534,2674,2604,-140,5208,1
2501,2458,2479,43,4959,1
2437,2390,2413,47,4827,1
2258,2496,2377,-238,4754,1
2564,2553,2558,11,5117,1
2623,2264,2443,359,4887,1
2585,2655,2620,-70,5240,1
2446,2458,2452,-12,4904,1
2543,2288,2415,255,4831,1
2490,2573,2531,-83,5063,1
2532,2233,2382,299,4765,1
2569,2758,2663,-189,5327,1
2362,2562,2462,-200,4924,1
2558,2281,2419,277,4839,1
2532,2349,2440,183,4881,1
2440,2454,2447,-14,4894,1
2463,2494,2478,-31,4957,1
2294,2463,2378,-169,4757,1
2403,2497,2450,-94,4900,1
2621,2514,2567,107,5135,1
2380,2734,2557,-354,5114,1
2551,2528,2539,23,5079,1
2654,2482,2568,172,5136,1
2716,2215,2465,501,4931,1
2390,2459,2424,-69,4849,1
2708,2470,2589,238,5178,1
2422,2296,2359,126,4718,1
2618,2335,2476,283,4953,1
2417,2474,2445,-57,4891,1
2577,2505,2541,72,5082,1
2399,2453,2426,-54,4852,1
2686,2340,2513,346,5026,1
2516,2651,2583,-135,5167,1
2614,2717,2665,-103,5331,1
2285,2494,2389,-209,4779,1
2462,2547,2504,-85,5009,1
2455,2280,2367,175,4735,1
2636,2738,2687,-102,5374,1
2526,2316,2421,210,4842,1
2387,2466,2426,-79,4853,1
2436,2583,2509,-147,5019,1
2393,2361,2377,32,4754,1
2486,2527,2506,-41,5013,1
2607,2551,2579,56,5158,1
2478,2628,2553,-150,5106,1
2602,2197,2399,405,4799,1
2650,2569,2609,81,5219,1
2428,2418,2423,10,4846,1
2742,2659,2700,83,5401,1
2409,2298,2353,111,4707,1
2558,2306,2432,252,4864,1
2510,2354,2432,156,4864,1
2470,2299,2384,171,4769,1
2521,2464,2492,57,4985,1
2316,2503,2409,-187,4819,1
2445,2612,2528,-167,5057,1
2387,2442,2414,-55,4829,1
2513,2573,2543,-60,5086,1
2500,2291,2395,209,4791,1
2615,2414,2514,201,5029,1
2616,2722,2669,-106,5338,1
2660,2572,2616,88,5232,1
2323,2403,2363,-80,4726,1
2382,2638,2510,-256,5020,1
2283,2690,2486,-407,4973,1
2697,2518,2607,179,5215,1
2278,2459,2368,-181,4737,1
2520,2493,2506,27,5013,1
2553,2249,2401,304,4802,1
2557,2439,2498,118,4996,1
2696,2573,2634,123,5269,1
2335,2511,2423,-176,4846,1
2406,2528,2467,-122,4934,1
2344,2323,2333,21,4667,1
2556,2262,2409,294,4818,1
2291,2489,2390,-198,4780,1
2432,2526,2479,-94,4958,1
2354,2385,2369,-31,4739,1
2390,2308,2349,82,4698,1
2700,2653,2676,47,5353,1
2592,2421,2506,171,5013,1
2566,2411,2488,155,4977,1
2511,2567,2539,-56,5078,1
2639,2734,2686,-95,5373,1
2730,2783,2756,-53,5513,1
2430,2368,2399,62,4798,1
2500,2626,2563,-126,5126,1
2540,2479,2509,61,5019,1
2424,2377,2400,47,4801,1
2328,2645,2486,-317,4973,1
2435,2462,2448,-27,4897,1
2511,2306,2408,205,4817,1
2414,2544,2479,-130,4958,1
2559,2546,2552,13,5105,1
2582,2655,2618,-73,5237,1
2607,2352,2479,255,4959,1
2423,2513,2468,-90,4936,1
2349,2352,2350,-3,4701,1
2675,2619,2647,56,5294,1
2623,2496,2559,127,5119,1
2537,2705,2621,-168,5242,1
2475,2504,2489,-29,4979,1
2468,2549,2508,-81,5017,1
2678,2689,2683,-11,5367,1
2478,2351,2414,127,4829,1
2802,2720,2761,82,5522,1
2382,2475,2428,-93,4857,1
2574,2292,2433,282,4866,1
2512,2553,2532,-41,5065,1
2580,2635,2607,-55,5215,1
2424,2475,2449,-51,4899,1
2267,2473,2370,-206,4740,1
2528,2275,2401,253,4803,1
2541,2552,2546,-11,5093,1
2391,2521,2456,-130,4912,1
2513,2437,2475,76,4950,1
2626,2635,2630,-9,5261,1
2788,2770,2779,18,5558,1
2387,2506,2446,-119,4893,1
2752,2661,2706,91,5413,1
2505,2499,2502,6,5004,1
2468,2326,2397,142,4794,1
2586,2382,2484,204,4968,1
2689,2591,2640,98,5280,1
2545,2560,2552,-15,5105,1
2462,2480,2471,-18,4942,1
2459,2330,2394,129,4789,1
2418,2318,2368,100,4736,1
2366,2602,2484,-236,4968,1
2295,2463,2379,-168,4758,1
2519,2261,2390,258,4780,1
2612,2424,2518,188,5036,1
2423,2461,2442,-38,4884,1
2683,2599,2641,84,5282,1
2440,2592,2516,-152,5032,1
2484,2551,2517,-67,5035,1
2761,2872,2816,-111,5633,1
2426,2570,2498,-144,4996,1
2380,2365,2372,15,4745,1
2501,2392,2446,109,4893,1
2463,2580,2521,-117,5043,1
2438,2567,2502,-129,5005,1
2661,2417,2539,244,5078,1
2379,2447,2413,-68,4826,1
2461,2667,2564,-206,5128,1
2478,2331,2404,147,4809,1
2699,2714,2706,-15,5413,1
2446,2591,2518,-145,5037,1
2643,2250,2446,393,4893,1
2417,2468,2442,-51,4885,1
2306,2553,2429,-247,4859,1
2456,2587,2521,-131,5043,1
2365,2341,2353,24,4706,1
2346,2520,2433,-174,4866,1
2653,2501,2577,152,5154,1
2590,2574,2582,16,5164,1
2449,2389,2419,60,4838,1
2481,2445,2463,36,4926,1
2466,2369,2417,97,4835,1
2556,2505,2530,51,5061,1
2613,2514,2563,99,5127,1
2446,2450,2448,-4,4896,1
2716,2605,2660,111,5321,1
2644,2489,2566,155,5133,1
2358,2581,2469,-223,4939,1
2631,2416,2523,215,5047,1
2477,2589,2533,-112,5066,1
2501,2359,2430,142,4860,1
2563,2590,2576,-27,5153,1
2675,2693,2684,-18,5368,1
2449,2488,2468,-39,4937,1
2536,2362,2449,174,4898,1
2584,2693,2638,-109,5277,1
2597,2593,2595,4,5190,1
2695,2570,2632,125,5265,1
2493,2582,2537,-89,5075,1
2480,2597,2538,-117,5077,1
2389,2319,2354,70,4708,1
2496,2501,2498,-5,4997,1
2573,2447,2510,126,5020,1
2675,2210,2442,465,4885,1
2590,2568,2579,22,5158,1
2663,2437,2550,226,5100,1
2371,2558,2464,-187,4929,1
2625,2454,2539,171,5079,1
2457,2530,2493,-73,4987,1
2438,2591,2514,-153,5029,1
2718,2610,2664,108,5328,1
2391,2390,2390,1,4781,1
2625,2369,2497,256,4994,1
2348,2427,2387,-79,4775,1
2318,2403,2360,-85,4721,1
2549,2418,2483,131,4967,1
2420,2392,2406,28,4812,1
2487,2504,2495,-17,4991,1
2321,2426,2373,-105,4747,1
2454,2450,2452,4,4904,1
2757,2872,2814,-115,5629,1
2416,2320,2368,96,4736,1
2662,2591,2626,71,5253,1
2460,2584,2522,-124,5044,1
2502,2599,2550,-97,5101,1
2357,2409,2383,-52,4766,1
2506,2588,2547,-82,5094,1
2384,2352,2368,32,4736,1
2423,2448,2435,-25,4871,1
2598,2495,2546,103,5093,1
2625,2472,2548,153,5097,1
2633,2304,2468,329,4937,1
2531,2547,2539,-16,5078,1
2492,2667,2579,-175,5159,1
2447,2556,2501,-109,5003,1
2396,2605,2500,-209,5001,1
2445,2574,2509,-129,5019,1
2417,2563,2490,-146,4980,1
2634,2233,2433,401,4867,1
2368,2424,2396,-56,4792,1
2516,2418,2467,98,4934,1
2615,2599,2607,16,5214,1
2529,2258,2393,271,4787,1
2390,2328,2359,62,4718,1
2435,2401,2418,34,4836,1
2635,2464,2549,171,5099,1
2462,2537,2499,-75,4999,1
2536,2298,2417,238,4834,1
2455,2351,2403,104,4806,1
2386,2409,2397,-23,4795,1
2577,2412,2494,165,4989,1
2751,2676,2713,75,5427,1
2653,2547,2600,106,5200,1
2813,2487,2650,326,5300,1
2556,2371,2463,185,4927,1
2658,2471,2564,187,5129,1
2377,2437,2407,-60,4814,1
2422,2363,2392,59,4785,1
2601,2482,2541,119,5083,1
2591,2329,2460,262,4920,1
2382,2545,2463,-163,4927,1
2581,2631,2606,-50,5212,1
2456,2498,2477,-42,4954,1
2530,2296,2413,234,4826,1
2513,2484,2498,29,4997,1
2471,2663,2567,-192,5134,1
2711,2816,2763,-105,5527,1
2527,2622,2574,-95,5149,1
2641,2591,2616,50,5232,1
2507,2555,2531,-48,5062,1
2580,2454,2517,126,5034,1
2741,2565,2653,176,5306,1
2586,2357,2471,229,4943,1
2412,2322,2367,90,4734,1
2330,2518,2424,-188,4848,1
2528,2413,2470,115,4941,1
2554,2625,2589,-71,5179,1
2424,2574,2499,-150,4998,1
2302,2595,2448,-293,4897,1
2555,2426,2490,129,4981,1
2538,2357,2447,181,4895,1
2322,2565,2443,-243,4887,1
2354,2552,2453,-198,4906,1
2556,2457,2506,99,5013,1
2642,2501,2571,141,5143,1
2599,2712,2655,-113,5311,1
2349,2489,2419,-140,4838,1
2508,2330,2419,178,4838,1
2419,2432,2425,-13,4851,1
2509,2546,2527,-37,5055,1
2515,2502,2508,13,5017,1
2401,2332,2366,69,4733,1
2323,2391,2357,-68,4714,1
2713,2711,2712,2,5424,1
2499,2379,2439,120,4878,1
2573,2311,2442,262,4884,1
2632,2586,2609,46,5218,1
2293,2424,2358,-131,4717,1
2364,2565,2464,-201,4929,1
2715,2707,2711,8,5422,1
2400,2402,2401,-2,4802,1
2436,2505,2470,-69,4941,1
2476,2504,2490,-28,4980,1
2380,2423,2401,-43,4803,1
2405,2429,2417,-24,4834,1
2306,2395,2350,-89,4701,1
2450,2490,2470,-40,4940,1
2447,2286,2366,161,4733,1
2313,2526,2419,-213,4839,1
2408,2626,2517,-218,5034,1
2482,2539,2510,-57,5021,1
2438,2462,2450,-24,4900,1
2405,2530,2467,-125,4935,1
2328,2524,2426,-196,4852,1
2530,2537,2533,-7,5067,1
2423,2555,2489,-132,4978,1
2602,2416,2509,186,5018,1
2518,2558,2538,-40,5076,1
2348,2455,2401,-107,4803,1
2412,2652,2532,-240,5064,1
2494,2276,2385,218,4770,1
2409,2469,2439,-60,4878,1
2394,2396,2395,-2,4790,1
2590,2500,2545,90,5090,1
2607,2295,2451,312,4902,1
2328,2531,2429,-203,4859,1
2514,2544,2529,-30,5058,1
2546,2881,2713,-335,5427,1
2337,2492,2414,-155,4829,1
2490,2276,2383,214,4766,1
2354,2378,2366,-24,4732,1
2628,2593,2610,35,5221,1
2567,2447,2507,120,5014,1
2642,2282,2462,360,4924,1
2499,2380,2439,119,4879,1
2371,2491,2431,-120,4862,1
2452,2329,2390,123,4781,1
2547,2691,2619,-144,5238,1
2582,2554,2568,28,5136,1
2688,2530,2609,158,5218,1
2282,2586,2434,-304,4868,1
2651,2577,2614,74,5228,1
2404,2644,2524,-240,5048,1
2549,2574,2561,-25,5123,1
2565,2534,2549,31,5099,1
2365,2541,2453,-176,4906,1
2456,2303,2379,153,4759,1
2487,2595,2541,-108,5082,1
2533,2284,2408,249,4817,1
2659,2469,2564,190,5128,1
2322,2401,2361,-79,4723,1
2409,2435,2422,-26,4844,1
2631,2529,2580,102,5160,1
2292,2423,2357,-131,4715,1
2435,2508,2471,-73,4943,1
2556,2630,2593,-74,5186,1
2556,2339,2447,217,4895,1
2645,2402,2523,243,5047,1
2481,2653,2567,-172,5134,1
2760,2713,2736,47,5473,1
2423,2491,2457,-68,4914,1
2349,2485,2417,-136,4834,1
2382,2462,2422,-80,4844,1
2416,2560,2488,-144,4976,1
2460,2534,2497,-74,4994,1
2645,2492,2568,153,5137,1
2620,2328,2474,292,4948,1
2404,2584,2494,-180,4988,1
2547,2408,2477,139,4955,1
2628,2772,2700,-144,5400,1
2353,2479,2416,-126,4832,1
2671,2779,2725,-108,5450,1
2505,2666,2585,-161,5171,1
2274,2580,2427,-306,4854,1
2617,2492,2554,125,5109,1
2579,2535,2557,44,5114,1
2438,2288,2363,150,4726,1
2473,2353,2413,120,4826,1
2347,2440,2393,-93,4787,1
2702,2321,2511,381,5023,1
2448,2354,2401,94,4802,1
2469,2261,2365,208,4730,1
2737,2773,2755,-36,5510,1
2387,2416,2401,-29,4803,1
2545,2589,2567,-44,5134,1
2628,2235,2431,393,4863,1
2691,2706,2698,-15,5397,1
2475,2312,2393,163,4787,1
2678,2582,2630,96,5260,1
2368,2561,2464,-193,4929,1
2483,2599,2541,-116,5082,1
2436,2405,2420,31,4841,1
2458,2427,2442,31,4885,1
2672,2666,2669,6,5338,1
2413,2337,2375,76,4750,1
2324,2386,2355,-62,4710,1
2665,2560,2612,105,5225,1
2302,2430,2366,-128,4732,1
2338,2351,2344,-13,4689,1
2341,2401,2371,-60,4742,1
2436,2382,2409,54,4818,1
2638,2734,2686,-96,5372,1
2548,2568,2558,-20,5116,1
2305,2560,2432,-255,4865,1
2358,2455,2406,-97,4813,1
2414,2606,2510,-192,5020,1
2489,2554,2521,-65,5043,1
2563,2544,2553,19,5107,1
2555,2550,2552,5,5105,1
2383,2317,2350,66,4700,1
2385,2331,2358,54,4716,1
2495,2286,2390,209,4781,1
2534,2480,2507,54,5014,1
2810,2740,2775,70,5550,1
2416,2563,2489,-147,4979,1
2394,2563,2478,-169,4957,1
2653,2531,2592,122,5184,1
2437,2336,2386,101,4773,1
2361,2580,2470,-219,4941,1
2368,2508,2438,-140,4876,1
2641,2535,2588,106,5176,1
2504,2304,2404,200,4808,1
2722,2725,2723,-3,5447,1
2407,2551,2479,-144,4958,1
2636,2668,2652,-32,5304,1
2465,2513,2489,-48,4978,1
2398,2423,2410,-25,4821,1
2358,2524,2441,-166,4882,1
2542,2639,2590,-97,5181,1
2502,2618,2560,-116,5120,1
2518,2374,2446,144,4892,1
2543,2421,2482,122,4964,1
2334,2527,2430,-193,4861,1
2330,2378,2354,-48,4708,1
2482,2272,2377,210,4754,1
2645,2176,2410,469,4821,1
2616,2664,2640,-48,5280,1
2679,2742,2710,-63,5421,1
2571,2389,2480,182,4960,1
2436,2363,2399,73,4799,1
2616,2418,2517,198,5034,1
2658,2563,2610,95,5221,1
2451,2602,2526,-151,5053,1
2316,2402,2359,-86,4718,1
2307,2409,2358,-102,4716,1
2574,2405,2489,169,4979,1
2447,2617,2532,-170,5064,1
2559,2560,2559,-1,5119,1
2510,2353,2431,157,4863,1
2699,2606,2652,93,5305,1
2559,2556,2557,3,5115,1
2496,2339,2417,157,4835,1
2301,2454,2377,-153,4755,1
2341,2397,2369,-56,4738,1
2664,2614,2639,50,5278,1
2491,2442,2466,49,4933,1
2613,2698,2655,-85,5311,1
2601,2391,2496,210,4992,1
2705,2511,2608,194,5216,1
2471,2557,2514,-86,5028,1
2548,2416,2482,132,4964,1
2578,2397,2487,181,4975,1
2298,2496,2397,-198,4794,1
2345,2335,2340,10,4680,1
2554,2555,2554,-1,5109,1
2576,2285,2430,291,4861,1
2501,2408,2454,93,4909,1
2584,2630,2607,-46,5214,1
2431,2626,2528,-195,5057,1
2595,2374,2484,221,4969,1
2489,2543,2516,-54,5032,1
2570,2533,2551,37,5103,1
2414,2501,2457,-87,4915,1
2446,2485,2465,-39,4931,1
2469,2502,2485,-33,4971,1
2588,2302,2445,286,4890,1
2678,2562,2620,116,5240,1
2598,2438,2518,160,5036,1
2413,2650,2531,-237,5063,1
2351,2328,2339,23,4679,1
2530,2524,2527,6,5054,1
2413,2553,2483,-140,4966,1
2762,2711,2736,51,5473,1
2626,2571,2598,55,5197,1
2481,2401,2441,80,4882,1
2321,2529,2425,-208,4850,1
2445,2431,2438,14,4876,1
2293,2468,2380,-175,4761,1
2663,2501,2582,162,5164,1
2529,2445,2487,84,4974,1
2519,2296,2407,223,4815,1
2534,2380,2457,154,4914,1
2313,2614,2463,-301,4927,1
2520,2321,2420,199,4841,1
2689,2648,2668,41,5337,1
2417,2378,2397,39,4795,1
2801,2706,2753,95,5507,1
2299,2444,2371,-145,4743,1
2389,2548,2468,-159,4937,1
2632,2542,2587,90,5174,1
2677,2459,2568,218,5136,1
2692,2426,2559,266,5118,1
2321,2515,2418,-194,4836,1
2625,2380,2502,245,5005,1
2332,2370,2351,-38,4702,1
2326,2509,2417,-183,4835,1
2625,2484,2554,141,5109,1
2500,2531,2515,-31,5031,1
2575,2544,2559,31,5119,1
2378,2787,2582,-409,5165,1
2429,2379,2404,50,4808,1
2622,2406,2514,216,5028,1
2753,2751,2752,2,5504,1
2429,2559,2494,-130,4988,1
2641,2645,2643,-4,5286,1
2726,2816,2771,-90,5542,1
2444,2450,2447,-6,4894,1
2317,2472,2394,-155,4789,1
2601,2450,2525,151,5051,1
2722,2589,2655,133,5311,1
2495,2501,2498,-6,4996,1
2293,2579,2436,-286,4872,1
2635,2567,2601,68,5202,1
2638,2581,2609,57,5219,1
2556,2696,2626,-140,5252,1
2496,2666,2581,-170,5162,1
2531,2515,2523,16,5046,1
2486,2339,2412,147,4825,1
2384,2320,2352,64,4704,1
2568,2268,2418,300,4836,1
2469,2376,2422,93,4845,1
2498,2392,2445,106,4890,1
2468,2446,2457,22,4914,1
2526,2701,2613,-175,5227,1
2498,2293,2395,205,4791,1
2572,2383,2477,189,4955,1
2661,2383,2522,278,5044,1
2501,2507,2504,-6,5008,1
2506,2338,2422,168,4844,1
2338,2548,2443,-210,4886,1
2731,2757,2744,-26,5488,1
2682,2488,2585,194,5170,1
2497,2498,2497,-1,4995,1
2534,2316,2425,218,4850,1
2700,2566,2633,134,5266,1
2492,2619,2555,-127,5111,1
2520,2624,2572,-104,5144,1
2336,2418,2377,-82,4754,1
2409,2357,2383,52,4766,1
2670,2183,2426,487,4853,1
2562,2276,2419,286,4838,1
2482,2437,2459,45,4919,1
2351,2456,2403,-105,4807,1
2480,2310,2395,170,4790,1
2383,2534,2458,-151,4917,1
2270,2527,2398,-257,4797,1
2526,2237,2381,289,4763,1
2349,2427,2388,-78,4776,1
2561,2520,2540,41,5081,1
2480,2297,2388,183,4777,1
2539,2645,2592,-106,5184,1
2696,2642,2669,54,5338,1
2773,2734,2753,39,5507,1
2562,2710,2636,-148,5272,1
2651,2657,2654,-6,5308,1
2523,2245,2384,278,4768,1
2560,2459,2509,101,5019,1
2555,2240,2397,315,4795,1
2407,2428,2417,-21,4835,1
2686,2313,2499,373,4999,1
2389,2464,2426,-75,4853,1
2639,2606,2622,33,5245,1
2289,2537,2413,-248,4826,1
2342,2541,2441,-199,4883,1
2320,2462,2391,-142,4782,1
2435,2330,2382,105,4765,1
2662,2363,2512,299,5025,1
2696,2607,2651,89,5303,1
2700,2245,2472,455,4945,1
2358,2331,2344,27,4689,1
2518,2619,2568,-101,5137,1
2474,2276,2375,198,4750,1
2435,2594,2514,-159,5029,1
2503,2335,2419,168,4838,1
2542,2393,2467,149,4935,1
2335,2436,2385,-101,4771,1
2522,2603,2562,-81,5125,1
2320,2423,2371,-103,4743,1
2643,2556,2599,87,5199,1
2543,2605,2574,-62,5148,1
2715,2707,2711,8,5422,1
2305,2458,2381,-153,4763,1
2572,2679,2625,-107,5251,1
2608,2277,2442,331,4885,1
2687,2617,2652,70,5304,1
2597,2404,2500,193,5001,1
2392,2377,2384,15,4769,1
2651,2498,2574,153,5149,1
2723,2721,2722,2,5444,1
2577,2711,2644,-134,5288,1
2674,2397,2535,277,5071,1
2491,2491,2491,0,4982,1
2397,2549,2473,-152,4946,1
2572,2384,2478,188,4956,1
2563,2620,2591,-57,5183,1
2698,2733,2715,-35,5431,1
2337,2347,2342,-10,4684,1
2579,2277,2428,302,4856,1
2457,2446,2451,11,4903,1
2517,2333,2425,184,4850,1
2721,2783,2752,-62,5504,1
2442,2425,2433,17,4867,1
2613,2478,2545,135,5091,1
2485,2326,2405,159,4811,1
2605,2495,2550,110,5100,1
2754,2721,2737,33,5475,1
2724,2565,2644,159,5289,1
2399,2559,2479,-160,4958,1
2560,2315,2437,245,4875,1
2612,2543,2577,69,5155,1
2427,2542,2484,-115,4969,1
2278,2449,2363,-171,4727,1
2625,2701,2663,-76,5326,1
2685,2622,2653,63,5307,1
2533,2635,2584,-102,5168,1
2370,2435,2402,-65,4805,1
2632,2656,2644,-24,5288,1
2427,2528,2477,-101,4955,1
2501,2606,2553,-105,5107,1
2468,2314,2391,154,4782,1
2411,2461,2436,-50,4872,1
2432,2440,2436,-8,4872,1
2359,2421,2390,-62,4780,1
2650,2614,2632,36,5264,1
2509,2456,2482,53,4965,1
2567,2629,2598,-62,5196,1
2412,2386,2399,26,4798,1
2490,2453,2471,37,4943,1
2374,2390,2382,-16,4764,1
2562,2300,2431,262,4862,1
2553,2320,2436,233,4873,1
2457,2362,2409,95,4819,1
2648,2380,2514,268,5028,1
2579,2442,2510,137,5021,1
2354,2459,2406,-105,4813,1
2286,2451,2368,-165,4737,1
2464,2385,2424,79,4849,1
2610,2504,2557,106,5114,1
2502,2524,2513,-22,5026,1
2458,2526,2492,-68,4984,1
2376,2629,2502,-253,5005,1
2288,2441,2364,-153,4729,1
2398,2729,2563,-331,5127,1
2315,2447,2381,-132,4762,1
2312,2499,2405,-187,4811,1
2610,2620,2615,-10,5230,1
2612,2582,2597,30,5194,1
2536,2422,2479,114,4958,1
2332,2663,2497,-331,4995,1
2778,2684,2731,94,5462,1
2524,2340,2432,184,4864,1
2358,2371,2364,-13,4729,1
2317,2412,2364,-95,4729,1
2567,2359,2463,208,4926,1
2345,2339,2342,6,4684,1
2459,2556,2507,-97,5015,1
2379,2618,2498,-239,4997,1
2406,2304,2355,102,4710,1
2312,2540,2426,-228,4852,1
2471,2340,2405,131,4811,1
2401,2457,2429,-56,4858,1
2545,2511,2528,34,5056,1
2388,2521,2454,-133,4909,1
2433,2470,2451,-37,4903,1
2405,2592,2498,-187,4997,1
2527,2282,2404,245,4809,1
2327,2518,2422,-191,4845,1
2763,2548,2655,215,5311,1
2546,2775,2660,-229,5321,1
2554,2480,2517,74,5034,1
2429,2452,2440,-23,4881,1
2709,2801,2755,-92,5510,1
2679,2617,2648,62,5296,1
2707,2163,2435,544,4870,1
2566,2412,2489,154,4978,1
2622,2657,2639,-35,5279,1
2544,2637,2590,-93,5181,1
2309,2457,2383,-148,4766,1
2538,2485,2511,53,5023,1
2452,2275,2363,177,4727,1
2300,2423,2361,-123,4723,1
2460,2402,2431,58,4862,1
2433,2559,2496,-126,4992,1
2287,2565,2426,-278,4852,1
2430,2363,2396,67,4793,1
2414,2339,2376,75,4753,1
2496,2358,2427,138,4854,1
2698,2261,2479,437,4959,1
2499,2421,2460,78,4920,1
2738,2525,2631,213,5263,1
2537,2575,2556,-38,5112,1
2641,2571,2606,70,5212,1
2707,2555,2631,152,5262,1
2326,2352,2339,-26,4678,1
2642,2589,2615,53,5231,1
2499,2483,2491,16,4982,1
2612,2641,2626,-29,5253,1
2274,2579,2426,-305,4853,1
2338,2468,2403,-130,4806,1
2284,2523,2403,-239,4807,1
2523,2518,2520,5,5041,1
2734,2763,2748,-29,5497,1
2514,2405,2459,109,4919,1
2554,2557,2555,-3,5111,1
2594,2642,2618,-48,5236,1
2344,2455,2399,-111,4799,1
2654,2177,2415,477,4831,1
2527,2248,2387,279,4775,1
2555,2389,2472,166,4944,1
2525,2565,2545,-40,5090,1
2621,2687,2654,-66,5308,1
2727,2577,2652,150,5304,1
2433,2402,2417,31,4835,1
2439,2582,2510,-143,5021,1
2493,2372,2432,121,4865,1
2404,2663,2533,-259,5067,1
2562,2276,2419,286,4838,1
2376,2346,2361,30,4722,1
2335,2543,2439,-208,4878,1
2455,2674,2564,-219,5129,1
2625,2699,2662,-74,5324,1
2518,2404,2461,114,4922,1
2379,2510,2444,-131,4889,1
2528,2434,2481,94,4962,1
2530,2334,2432,196,4864,1
2522,2631,2576,-109,5153,1
2368,2470,2419,-102,4838,1
2616,2660,2638,-44,5276,1
2495,2601,2548,-106,5096,1
2455,2574,2514,-119,5029,1
2460,2448,2454,12,4908,1
2281,2550,2415,-269,4831,1
2586,2435,2510,151,5021,1
2394,2466,2430,-72,4860,1
2439,2314,2376,125,4753,1
2701,2616,2658,85,5317,1
2502,2475,2488,27,4977,1
2300,2532,2416,-232,4832,1
2338,2489,2413,-151,4827,1
2577,2233,2405,344,4810,1
2313,2406,2359,-93,4719,1
2546,2247,2396,299,4793,1
2554,2461,2507,93,5015,1
2722,2562,2642,160,5284,1
2320,2460,2390,-140,4780,1
2413,2641,2527,-228,5054,1
2473,2373,2423,100,4846,1
2668,2697,2682,-29,5365,1
2391,2443,2417,-52,4834,1
2557,2336,2446,221,4893,1
2572,2391,2481,181,4963,1
2614,2305,2459,309,4919,1
2546,2683,2614,-137,5229,1
2519,2705,2612,-186,5224,1
2526,2625,2575,-99,5151,1
2552,2461,2506,91,5013,1
2677,2580,2628,97,5257,1
2580,2655,2617,-75,5235,1
2507,2560,2533,-53,5067,1
2497,2375,2436,122,4872,1
2373,2591,2482,-218,4964,1
2472,2547,2509,-75,5019,1
2300,2578,2439,-278,4878,1
2539,2422,2480,117,4961,1
2283,2469,2376,-186,4752,1
2318,2572,2445,-254,4890,1
2565,2448,2506,117,5013,1
2394,2506,2450,-112,4900,1
2565,2610,2587,-45,5175,1
2322,2547,2434,-225,4869,1
2466,2742,2604,-276,5208,1
2534,2325,2429,209,4859,1
2624,2700,2662,-76,5324,1
2535,2403,2469,132,4938,1
2311,2582,2446,-271,4893,1
2496,2499,2497,-3,4995,1
2506,2708,2607,-202,5214,1
2276,2471,2373,-195,4747,1
2589,2470,2529,119,5059,1
2378,2406,2392,-28,4784,1
2480,2286,2383,194,4766,1
2477,2437,2457,40,4914,1
2451,2554,2502,-103,5005,1
2489,2391,2440,98,4880,1
2407,2511,2459,-104,4918,1
2312,2488,2400,-176,4800,1
2290,2576,2433,-286,4866,1
2489,2310,2399,179,4799,1
2547,2499,2523,48,5046,1
2502,2502,2502,0,5004,1
2405,2341,2373,64,4746,1
2742,2720,2731,22,5462,1
2545,2616,2580,-71,5161,1
2529,2438,2483,91,4967,1
2529,2302,2415,227,4831,1
2739,2503,2621,236,5242,1
2310,2457,2383,-147,4767,1
2394,2414,2404,-20,4808,1
2401,2376,2388,25,4777,1
2656,2689,2672,-33,5345,1
2577,2539,2558,38,5116,1
2498,2306,2402,192,4804,1
2625,2602,2613,23,5227,1
2526,2548,2537,-22,5074,1
2442,2299,2370,143,4741,1
2469,2360,2414,109,4829,1
2531,2250,2390,281,4781,1
2429,2473,2451,-44,4902,1
2520,2480,2500,40,5000,1
2490,2458,2474,32,4948,1
2443,2556,2499,-113,4999,1
2550,2481,2515,69,5031,1
2639,2537,2588,102,5176,1
2648,2469,2558,179,5117,1
2302,2483,2392,-181,4785,1
2666,2580,2623,86,5246,1
2466,2321,2393,145,4787,1
2481,2410,2445,71,4891,1
2435,2300,2367,135,4735,1
2616,2560,2588,56,5176,1
2620,2441,2530,179,5061,1
2582,2489,2535,93,5071,1
2674,2488,2581,186,5162,1
2335,2606,2470,-271,4941,1
2499,2385,2442,114,4884,1
2496,2427,2461,69,4923,1
2449,2613,2531,-164,5062,1
2604,2692,2648,-88,5296,1
2382,2564,2473,-182,4946,1
2539,2410,2474,129,4949,1
2381,2634,2507,-253,5015,1
2466,2316,2391,150,4782,1
2352,2367,2359,-15,4719,1
2475,2501,2488,-26,4976,1
2464,2380,2422,84,4844,1
2456,2335,2395,121,4791,1
2464,2363,2413,101,4827,1
2247,2583,2415,-336,4830,1
2723,2745,2734,-22,5468,1
2386,2506,2446,-120,4892,1
2552,2354,2453,198,4906,1
2452,2537,2494,-85,4989,1
2581,2598,2589,-17,5179,1
2454,2412,2433,42,4866,1
2556,2533,2544,23,5089,1
2691,2570,2630,121,5261,1
2369,2457,2413,-88,4826,1
2254,2525,2389,-271,4779,1
2658,2486,2572,172,5144,1
2440,2402,2421,38,4842,1
2663,2654,2658,9,5317,1
2497,2326,2411,171,4823,1
2474,2416,2445,58,4890,1
2346,2331,2338,15,4677,1
2515,2531,2523,-16,5046,1
2539,2311,2425,228,4850,1
2416,2358,2387,58,4774,1
2586,2544,2565,42,5130,1
2351,2321,2336,30,4672,1
2493,2607,2550,-114,5100,1
2475,2318,2396,157,4793,1
2392,2601,2496,-209,4993,1
2632,2519,2575,113,5151,1
2648,2619,2633,29,5267,1
2364,2330,2347,34,4694,1
2400,2527,2463,-127,4927,1
2450,2288,2369,162,4738,1
2549,2655,2602,-106,5204,1
2717,2726,2721,-9,5443,1
2635,2594,2614,41,5229,1
2284,2461,2372,-177,4745,1
2389,2412,2400,-23,4801,1
2418,2368,2393,50,4786,1
2652,2553,2602,99,5205,1
2365,2485,2425,-120,4850,1
2557,2542,2549,15,5099,1
2427,2326,2376,101,4753,1
2635,2679,2657,-44,5314,1
2561,2402,2481,159,4963,1
2510,2402,2456,108,4912,1
2540,2258,2399,282,4798,1
2458,2479,2468,-21,4937,1
2412,2409,2410,3,4821,1
2487,2387,2437,100,4874,1
2426,2579,2502,-153,5005,1
2554,2389,2471,165,4943,1
2363,2567,2465,-204,4930,1
2633,2526,2579,107,5159,1
2313,2495,2404,-182,4808,1
2631,2244,2437,387,4875,1
2358,2328,2343,30,4686,1
2299,2434,2366,-135,4733,1
2460,2486,2473,-26,4946,1
2367,2460,2413,-93,4827,1
2258,2501,2379,-243,4759,1
2593,2329,2461,264,4922,1
2571,2513,2542,58,5084,1
2475,2625,2550,-150,5100,1
2522,2336,2429,186,4858,1
2428,2423,2425,5,4851,1
2470,2595,2532,-125,5065,1
2525,2376,2450,149,4901,1
2547,2487,2517,60,5034,1
2429,2429,2429,0,4858,1
2638,2502,2570,136,5140,1
2409,2470,2439,-61,4879,1
2572,2568,2570,4,5140,1
2465,2337,2401,128,4802,1
2368,2622,2495,-254,4990,1
2296,2458,2377,-162,4754,1
2442,2389,2415,53,4831,1
2399,2460,2429,-61,4859,1
2370,2345,2357,25,4715,1
2766,2748,2757,18,5514,1
2347,2616,2481,-269,4963,1
2511,2410,2460,101,4921,1
2610,2704,2657,-94,5314,1
2451,2369,2410,82,4820,1
2466,2556,2511,-90,5022,1
2488,2357,2422,131,4845,1
2568,2446,2507,122,5014,1
2501,2709,2605,-208,5210,1
2554,2517,2535,37,5071,1
2526,2246,2386,280,4772,1
2464,2632,2548,-168,5096,1
2504,2452,2478,52,4956,1
2433,2400,2416,33,4833,1
2646,2664,2655,-18,5310,1
2619,2312,2465,307,4931,1
2472,2426,2449,46,4898,1
2602,2710,2656,-108,5312,1
2376,2607,2491,-231,4983,1
2310,2459,2384,-149,4769,1
2779,2548,2663,231,5327,1
2655,2252,2453,403,4907,1
2478,2358,2418,120,4836,1
2507,2571,2539,-64,5078,1
2370,2786,2578,-416,5156,1
2290,2629,2459,-339,4919,1
2511,2377,2444,134,4888,1
2460,2446,2453,14,4906,1
2314,2462,2388,-148,4776,1
2282,2448,2365,-166,4730,1
2518,2639,2578,-121,5157,1
2426,2325,2375,101,4751,1
2383,2569,2476,-186,4952,1
2524,2589,2556,-65,5113,1
2753,2864,2808,-111,5617,1
2531,2447,2489,84,4978,1
2402,2331,2366,71,4733,1
2523,2376,2449,147,4899,1
2658,2680,2669,-22,5338,1
2723,2632,2677,91,5355,1
2383,2603,2493,-220,4986,1
2580,2293,2436,287,4873,1
2486,2628,2557,-142,5114,1
2517,2285,2401,232,4802,1
2436,2477,2456,-41,4913,1
2347,2591,2469,-244,4938,1
2327,2367,2347,-40,4694,1
2531,2362,2446,169,4893,1
2744,2772,2758,-28,5516,1
2707,2185,2446,522,4892,1
2678,2743,2710,-65,5421,1
2587,2630,2608,-43,5217,1
2578,2359,2468,219,4937,1
2599,2614,2606,-15,5213,1
2338,2480,2409,-142,4818,1
2400,2594,2497,-194,4994,1
2493,2493,2493,0,4986,1
2650,2542,2596,108,5192,1
2328,2517,2422,-189,4845,1
2354,2576,2465,-222,4930,1
2446,2503,2474,-57,4949,1
2551,2414,2482,137,4965,1
2530,2333,2431,197,4863,1
2341,2491,2416,-150,4832,1
2500,2402,2451,98,4902,1
2520,2573,2546,-53,5093,1
2583,2281,2432,302,4864,1
2650,2723,2686,-73,5373,1
2528,2358,2443,170,4886,1
2274,2460,2367,-186,4734,1
2525,2570,2547,-45,5095,1
2604,2268,2436,336,4872,1
2353,2323,2338,30,4676,1
2493,2556,2524,-63,5049,1
2354,2581,2467,-227,4935,1
2386,2598,2492,-212,4984,1
2698,2296,2497,402,4994,1
2325,2557,2441,-232,4882,1
2428,2403,2415,25,4831,1
2567,2483,2525,84,5050,1
2338,2410,2374,-72,4748,1
2316,2628,2472,-312,4944,1
2522,2481,2501,41,5003,1
2650,2621,2635,29,5271,1
2716,2564,2640,152,5280,1
2357,2634,2495,-277,4991,1
2575,2352,2463,223,4927,1
2568,2461,2514,107,5029,1
2640,2474,2557,166,5114,1
2478,2341,2409,137,4819,1
2398,2435,2416,-37,4833,1
2272,2478,2375,-206,4750,1
2792,2771,2781,21,5563,1
2786,2775,2780,11,5561,1
2652,2643,2647,9,5295,1
2663,2837,2750,-174,5500,1
2460,2453,2456,7,4913,1
2596,2497,2546,99,5093,1
2495,2430,2462,65,4925,1
2712,2661,2686,51,5373,1
2337,2355,2346,-18,4692,1
2287,2431,2359,-144,4718,1
2509,2432,2470,77,4941,1
2606,2723,2664,-117,5329,1
2425,2370,2397,55,4795,1
2520,2655,2587,-135,5175,1
2328,2452,2390,-124,4780,1
2472,2358,2415,114,4830,1
2500,2501,2500,-1,5001,1
2399,2331,2365,68,4730,1
2349,2480,2414,-131,4829,1
2317,2412,2364,-95,4729,1
2698,2642,2670,56,5340,1
2394,2581,2487,-187,4975,1
2565,2299,2432,266,4864,1
2656,2492,2574,164,5148,1
2593,2703,2648,-110,5296,1
2360,2647,2503,-287,5007,1
2397,2447,2422,-50,4844,1
2701,2647,2674,54,5348,1
2327,2473,2400,-146,4800,1
2722,2622,2672,100,5344,1
2393,2472,2432,-79,4865,1
2307,2505,2406,-198,4812,1
2395,2430,2412,-35,4825,1
2381,2551,2466,-170,4932,1
2528,2408,2468,120,4936,1
2616,2789,2702,-173,5405,1
2517,2233,2375,284,4750,1
2608,2640,2624,-32,5248,1
2610,2462,2536,148,5072,1
2326,2485,2405,-159,4811,1
2338,2520,2429,-182,4858,1
2599,2634,2616,-35,5233,1
2569,2512,2540,57,5081,1
2397,2347,2372,50,4744,1
2379,2394,2386,-15,4773,1
2495,2282,2388,213,4777,1
2713,2734,2723,-21,5447,1
2471,2509,2490,-38,4980,1
2717,2662,2689,55,5379,1
2481,2371,2426,110,4852,1
2516,2649,2582,-133,5165,1
2613,2815,2714,-202,5428,1
2513,2372,2442,141,4885,1
2531,2329,2430,202,4860,1
2501,2565,2533,-64,5066,1
2282,2479,2380,-197,4761,1
2574,2260,2417,314,4834,1
2425,2631,2528,-206,5056,1
2545,2391,2468,154,4936,1
2442,2366,2404,76,4808,1
2454,2501,2477,-47,4955,1
2436,2584,2510,-148,5020,1
2465,2277,2371,188,4742,1
2421,2644,2532,-223,5065,1
2451,2655,2553,-204,5106,1
2535,2605,2570,-70,5140,1
2474,2342,2408,132,4816,1
2417,2321,2369,96,4738,1
2513,2539,2526,-26,5052,1
2514,2402,2458,112,4916,1
2621,2613,2617,8,5234,1
2309,2424,2366,-115,4733,1
2355,2511,2433,-156,4866,1
2553,2440,2496,113,4993,1
2338,2661,2499,-323,4999,1
2410,2470,2440,-60,4880,1
2630,2215,2422,415,4845,1
2215,2590,2402,-375,4805,1
2390,2643,2516,-253,5033,1
2584,2567,2575,17,5151,1
2604,2455,2529,149,5059,1
2554,2698,2626,-144,5252,1
2692,2654,2673,38,5346,1
2602,2543,2572,59,5145,1
2724,2628,2676,96,5352,1
2520,2266,2393,254,4786,1
2402,2360,2381,42,4762,1
2346,2378,2362,-32,4724,1
2598,2265,2431,333,4863,1
2555,2530,2542,25,5085,1
2585,2317,2451,268,4902,1
2562,2634,2598,-72,5196,1
2743,2678,2710,65,5421,1
2533,2333,2433,200,4866,1
2322,2384,2353,-62,4706,1
2640,2569,2604,71,5209,1
2359,2471,2415,-112,4830,1
2590,2484,2537,106,5074,1
2414,2662,2538,-248,5076,1
2642,2671,2656,-29,5313,1
2521,2488,2504,33,5009,1
2371,2433,2402,-62,4804,1
2323,2442,2382,-119,4765,1
2501,2297,2399,204,4798,1
2271,2489,2380,-218,4760,1
2459,2595,2527,-136,5054,1
2602,2476,2539,126,5078,1
2793,2779,2786,14,5572,1
2301,2447,2374,-146,4748,1
2617,2295,2456,322,4912,1
2625,2658,2641,-33,5283,1
2538,2579,2558,-41,5117,1
2664,2704,2684,-40,5368,1
2526,2533,2529,-7,5059,1
2482,2524,2503,-42,5006,1
2358,2409,2383,-51,4767,1
2520,2479,2499,41,4999,1
2438,2441,2439,-3,4879,1
2367,2485,2426,-118,4852,1
2360,2450,2405,-90,4810,1
2446,2501,2473,-55,4947,1
2371,2431,2401,-60,4802,1
2366,2506,2436,-140,4872,1
2681,2596,2638,85,5277,1
2551,2528,2539,23,5079,1
2331,2447,2389,-116,4778,1
2422,2519,2470,-97,4941,1
2332,2416,2374,-84,4748,1
2424,2481,2452,-57,4905,1
2392,2537,2464,-145,4929,1
2501,2380,2440,121,4881,1
2508,2517,2512,-9,5025,1
2296,2586,2441,-290,4882,1
2698,2733,2715,-35,5431,1
2663,2598,2630,65,5261,1
2741,2772,2756,-31,5513,1
2596,2252,2424,344,4848,1
2696,2651,2673,45,5347,1
2672,2488,2580,184,5160,1
2327,2482,2404,-155,4809,1
2477,2387,2432,90,4864,1
2501,2527,2514,-26,5028,1
2379,2376,2377,3,4755,1
2417,2339,2378,78,4756,1
2672,2746,2709,-74,5418,1
2268,2484,2376,-216,4752,1
2341,2458,2399,-117,4799,1
2371,2315,2343,56,4686,1
2351,2561,2456,-210,4912,1
2384,2333,2358,51,4717,1
2408,2484,2446,-76,4892,1
2782,2753,2767,29,5535,1
2612,2499,2555,113,5111,1
2427,2419,2423,8,4846,1
2335,2458,2396,-123,4793,1
2508,2453,2480,55,4961,1
2280,2506,2393,-226,4786,1
2567,2697,2632,-130,5264,1
2713,2712,2712,1,5425,1
2805,2768,2786,37,5573,1
2556,2329,2442,227,4885,1
2460,2520,2490,-60,4980,1
2371,2646,2508,-275,5017,1
2518,2620,2569,-102,5138,1
2618,2740,2679,-122,5358,1
2338,2397,2367,-59,4735,1
2362,2407,2384,-45,4769,1
2686,2559,2622,127,5245,1
2279,2461,2370,-182,4740,1
2560,2442,2501,118,5002,1
2654,2549,2601,105,5203,1
2497,2444,2470,53,4941,1
2598,2389,2493,209,4987,1
2237,2759,2498,-522,4996,1
2585,2606,2595,-21,5191,1
2503,2532,2517,-29,5035,1
2265,2561,2413,-296,4826,1
2328,2551,2439,-223,4879,1
2481,2590,2535,-109,5071,1
2662,2653,2657,9,5315,1
2637,2436,2536,201,5073,1
2708,2731,2719,-23,5439,1
2573,2297,2435,276,4870,1
2663,2667,2665,-4,5330,1
2244,2527,2385,-283,4771,1
2386,2602,2494,-216,4988,1
2533,2355,2444,178,4888,1
2332,2471,2401,-139,4803,1
2516,2434,2475,82,4950,1
2434,2322,2378,112,4756,1
2433,2372,2402,61,4805,1
2442,2381,2411,61,4823,1
2508,2655,2581,-147,5163,1
2524,2419,2471,105,4943,1
2475,2408,2441,67,4883,1
2699,2710,2704,-11,5409,1
2448,2381,2414,67,4829,1
2503,2331,2417,172,4834,1
2330,2541,2435,-211,4871,1
2377,2498,2437,-121,4875,1
2615,2580,2597,35,5195,1
2619,2707,2663,-88,5326,1
2359,2423,2391,-64,4782,1
2572,2526,2549,46,5098,1
2588,2393,2490,195,4981,1
2359,2462,2410,-103,4821,1
2289,2434,2361,-145,4723,1
2301,2555,2428,-254,4856,1
2506,2253,2379,253,4759,1
2448,2352,2400,96,4800,1
2755,2611,2683,144,5366,1
2312,2494,2403,-182,4806,1
2405,2430,2417,-25,4835,1
2508,2285,2396,223,4793,1
2522,2386,2454,136,4908,1
2323,2414,2368,-91,4737,1
2676,2624,2650,52,5300,1
2253,2531,2392,-278,4784,1
2482,2445,2463,37,4927,1
2421,2547,2484,-126,4968,1
2632,2428,2530,204,5060,1
2630,2344,2487,286,4974,1
2456,2472,2464,-16,4928,1
2665,2655,2660,10,5320,1
2689,2407,2548,282,5096,1
2716,2584,2650,132,5300,1
2792,2628,2710,164,5420,1
2475,2562,2518,-87,5037,1
2480,2650,2565,-170,5130,1
2370,2573,2471,-203,4943,1
2723,2783,2753,-60,5506,1
2518,2277,2397,241,4795,1
2492,2382,2437,110,4874,1
2254,2580,2417,-326,4834,1
2543,2436,2489,107,4979,1
2656,2628,2642,28,5284,1
2504,2318,2411,186,4822,1
2371,2532,2451,-161,4903,1
2496,2507,2501,-11,5003,1
2312,2454,2383,-142,4766,1
2287,2531,2409,-244,4818,1
2324,2364,2344,-40,4688,1
2502,2639,2570,-137,5141,1
2442,2567,2504,-125,5009,1
2492,2650,2571,-158,5142,1
2521,2622,2571,-101,5143,1
2507,2439,2473,68,4946,1
2522,2282,2402,240,4804,1
2333,2388,2360,-55,4721,1
2343,2328,2335,15,4671,1
2264,2547,2405,-283,4811,1
2698,2461,2579,237,5159,1
2395,2435,2415,-40,4830,1
2223,2596,2409,-373,4819,1
2770,2599,2684,171,5369,1
2636,2509,2572,127,5145,1
2522,2577,2549,-55,5099,1
2438,2325,2381,113,4763,1
2506,2402,2454,104,4908,1
2423,2492,2457,-69,4915,1
2341,2367,2354,-26,4708,1
2306,2601,2453,-295,4907,1
2426,2660,2543,-234,5086,1
2586,2224,2405,362,4810,1
2500,2252,2376,248,4752,1
2378,2614,2496,-236,4992,1
2413,2584,2498,-171,4997,1
2590,2375,2482,215,4965,1
2517,2530,2523,-13,5047,1
2688,2482,2585,206,5170,1
2427,2502,2464,-75,4929,1
2455,2430,2442,25,4885,1
2496,2550,2523,-54,5046,1
2685,2397,2541,288,5082,1
2578,2441,2509,137,5019,1
2624,2471,2547,153,5095,1
2438,2275,2356,163,4713,1
2457,2441,2449,16,4898,1
2424,2450,2437,-26,4874,1
2506,2271,2388,235,4777,1
2476,2549,2512,-73,5025,1
2343,2428,2385,-85,4771,1
2544,2551,2547,-7,5095,1
2286,2537,2411,-251,4823,1
2481,2508,2494,-27,4989,1
2355,2408,2381,-53,4763,1
2565,2514,2539,51,5079,1
2387,2523,2455,-136,4910,1
2675,2546,2610,129,5221,1
2582,2548,2565,34,5130,1
2430,2445,2437,-15,4875,1
2524,2504,2514,20,5028,1
2323,2583,2453,-260,4906,1
2434,2455,2444,-21,4889,1
2369,2488,2428,-119,4857,1
2724,2631,2677,93,5355,1
2562,2693,2627,-131,5255,1
2457,2467,2462,-10,4924,1
2562,2326,2444,236,4888,1
2496,2363,2429,133,4859,1
2367,2526,2446,-159,4893,1
2646,2524,2585,122,5170,1
2596,2399,2497,197,4995,1
2737,2723,2730,14,5460,1
2432,2704,2568,-272,5136,1
2404,2583,2493,-179,4987,1
2374,2446,2410,-72,4820,1
2331,2463,2397,-132,4794,1
2522,2404,2463,118,4926,1
2693,2607,2650,86,5300,1
2684,2440,2562,244,5124,1
2449,2313,2381,136,4762,1
2356,2386,2371,-30,4742,1
2389,2390,2389,-1,4779,1
2651,2683,2667,-32,5334,1
2321,2560,2440,-239,4881,1
2439,2329,2384,110,4768,1
2582,2505,2543,77,5087,1
2772,2702,2737,70,5474,1
2522,2454,2488,68,4976,1
2384,2571,2477,-187,4955,1
2611,2531,2571,80,5142,1
2388,2321,2354,67,4709,1
2651,2734,2692,-83,5385,1
2556,2533,2544,23,5089,1
2251,2659,2455,-408,4910,1
2678,2633,2655,45,5311,1
2329,2512,2420,-183,4841,1
2384,2647,2515,-263,5031,1
2547,2514,2530,33,5061,1
2609,2558,2583,51,5167,1
2459,2581,2520,-122,5040,1
2329,2354,2341,-25,4683,1
2497,2435,2466,62,4932,1
2565,2334,2449,231,4899,1
2385,2503,2444,-118,4888,1
2409,2564,2486,-155,4973,1
2659,2430,2544,229,5089,1
2389,2647,2518,-258,5036,1
2459,2443,2451,16,4902,1
2439,2506,2472,-67,4945,1
2663,2636,2649,27,5299,1
2516,2532,2524,-16,5048,1
2354,2531,2442,-177,4885,1
2368,2380,2374,-12,4748,1
2545,2489,2517,56,5034,1
2458,2368,2413,90,4826,1
2494,2269,2381,225,4763,1
2517,2243,2380,274,4760,1
2285,2533,2409,-248,4818,1
2347,2524,2435,-177,4871,1
2351,2388,2369,-37,4739,1
2440,2641,2540,-201,5081,1
2498,2290,2394,208,4788,1
2474,2320,2397,154,4794,1
2526,2308,2417,218,4834,1
2651,2630,2640,21,5281,1
2496,2516,2506,-20,5012,1
2418,2481,2449,-63,4899,1
2637,2579,2608,58,5216,1
2468,2416,2442,52,4884,1
2484,2373,2428,111,4857,1
2613,2692,2652,-79,5305,1
2613,2442,2527,171,5055,1
2647,2570,2608,77,5217,1
2531,2409,2470,122,4940,1
2651,2620,2635,31,5271,1
2459,2615,2537,-156,5074,1
2424,2374,2399,50,4798,1
2520,2569,2544,-49,5089,1
2684,2773,2728,-89,5457,1
2634,2455,2544,179,5089,1
2493,2406,2449,87,4899,1
2606,2453,2529,153,5059,1
2731,2772,2751,-41,5503,1
2359,2621,2490,-262,4980,1
2711,2482,2596,229,5193,1
2376,2337,2356,39,4713,1
2426,2442,2434,-16,4868,1
2321,2371,2346,-50,4692,1
2550,2304,2427,246,4854,1
2490,2401,2445,89,4891,1
2411,2421,2416,-10,4832,1
2553,2560,2556,-7,5113,1
2447,2616,2531,-169,5063,1
2529,2350,2439,179,4879,1
2447,2565,2506,-118,5012,1
2498,2290,2394,208,4788,1
2436,2321,2378,115,4757,1
2639,2469,2554,170,5108,1
2614,2524,2569,90,5138,1
2593,2471,2532,122,5064,1
2392,2653,2522,-261,5045,1
2359,2456,2407,-97,4815,1
2785,2779,2782,6,5564,1
2567,2315,2441,252,4882,1
2441,2286,2363,155,4727,1
2387,2463,2425,-76,4850,1
2629,2733,2681,-104,5362,1
2471,2307,2389,164,4778,1
2286,2468,2377,-182,4754,1
2426,2550,2488,-124,4976,1
2669,2519,2594,150,5188,1
2558,2462,2510,96,5020,1
2374,2476,2425,-102,4850,1
2494,2431,2462,63,4925,1
2426,2609,2517,-183,5035,1
2645,2586,2615,59,5231,1
2734,2718,2726,16,5452,1
2267,2525,2396,-258,4792,1
2471,2733,2602,-262,5204,1
2562,2242,2402,320,4804,1
2720,2772,2746,-52,5492,1
2363,2419,2391,-56,4782,1
2377,2469,2423,-92,4846,1
2539,2644,2591,-105,5183,1
2536,2515,2525,21,5051,1
2531,2238,2384,293,4769,1
2628,2471,2549,157,5099,1
2487,2638,2562,-151,5125,1
2667,2601,2634,66,5268,1
2507,2552,2529,-45,5059,1
2414,2458,2436,-44,4872,1
2524,2263,2393,261,4787,1
2525,2267,2396,258,4792,1
2688,2624,2656,64,5312,1
2431,2293,2362,138,4724,1
2560,2389,2474,171,4949,1
2405,2379,2392,26,4784,1
2272,2560,2416,-288,4832,1
2491,2306,2398,185,4797,1
2771,2733,2752,38,5504,1
2496,2277,2386,219,4773,1
2501,2557,2529,-56,5058,1
2421,2335,2378,86,4756,1
2564,2491,2527,73,5055,1
2324,2537,2430,-213,4861,1
2418,2617,2517,-199,5035,1
2564,2548,2556,16,5112,1
2476,2566,2521,-90,5042,1
2324,2450,2387,-126,4774,1
2475,2571,2523,-96,5046,1
2443,2481,2462,-38,4924,1
2287,2441,2364,-154,4728,1
2394,2476,2435,-82,4870,1
2394,2333,2363,61,4727,1
2730,2735,2732,-5,5465,1
2593,2384,2488,209,4977,1
2407,2579,2493,-172,4986,1
2470,2271,2370,199,4741,1
2593,2437,2515,156,5030,1
2705,2628,2666,77,5333,1
2414,2448,2431,-34,4862,1
2369,2491,2430,-122,4860,1
2569,2571,2570,-2,5140,1
2665,2656,2660,9,5321,1
2454,2399,2426,55,4853,1
2557,2249,2403,308,4806,1
2528,2520,2524,8,5048,1
2386,2602,2494,-216,4988,1
2524,2251,2387,273,4775,1
2395,2518,2456,-123,4913,1
2649,2680,2664,-31,5329,1
2506,2565,2535,-59,5071,1
2456,2619,2537,-163,5075,1
2542,2405,2473,137,4947,1
2506,2449,2477,57,4955,1
2392,2458,2425,-66,4850,1
2700,2615,2657,85,5315,1
2463,2547,2505,-84,5010,1
2452,2310,2381,142,4762,1
2485,2596,2540,-111,5081,1
2539,2605,2572,-66,5144,1
2601,2416,2508,185,5017,1
2508,2581,2544,-73,5089,1
2749,2216,2482,533,4965,1
2341,2324,2332,17,4665,1
2399,2493,2446,-94,4892,1
2544,2716,2630,-172,5260,1
2528,2277,2402,251,4805,1
2582,2402,2492,180,4984,1
2315,2519,2417,-204,4834,1
2564,2674,2619,-110,5238,1
2280,2508,2394,-228,4788,1
2483,2508,2495,-25,4991,1
2512,2638,2575,-126,5150,1
2624,2579,2601,45,5203,1
2594,2517,2555,77,5111,1
2644,2510,2577,134,5154,1
2425,2473,2449,-48,4898,1
2328,2480,2404,-152,4808,1
2539,2671,2605,-132,5210,1
2764,2766,2765,-2,5530,1
2349,2495,2422,-146,4844,1
2380,2375,2377,5,4755,1
2506,2543,2524,-37,5049,1
2532,2440,2486,92,4972,1
2625,2476,2550,149,5101,1
2458,2470,2464,-12,4928,1
2508,2610,2559,-102,5118,1
2483,2495,2489,-12,4978,1
2416,2710,2563,-294,5126,1
2687,2707,2697,-20,5394,1
2659,2344,2501,315,5003,1
2316,2470,2393,-154,4786,1
2637,2524,2580,113,5161,1
2498,2453,2475,45,4951,1
2401,2548,2474,-147,4949,1
2595,2601,2598,-6,5196,1
2752,2591,2671,161,5343,1
2364,2569,2466,-205,4933,1
2324,2443,2383,-119,4767,1
2385,2665,2525,-280,5050,1
2339,2452,2395,-113,4791,1
2591,2466,2528,125,5057,1
2391,2422,2406,-31,4813,1
2479,2327,2403,152,4806,1
2375,2569,2472,-194,4944,1
2407,2520,2463,-113,4927,1
2516,2516,2516,0,5032,1
2552,2331,2441,221,4883,1
2532,2406,2469,126,4938,1
2521,2501,2511,20,5022,1
2437,2310,2373,127,4747,1
2398,2439,2418,-41,4837,1
2512,2286,2399,226,4798,1
2454,2284,2369,170,4738,1
2688,2515,2601,173,5203,1
2627,2464,2545,163,5091,1
2389,2441,2415,-52,4830,1
2632,2419,2525,213,5051,1
2645,2881,2763,-236,5526,1
2313,2459,2386,-146,4772,1
2544,2298,2421,246,4842,1
2559,2383,2471,176,4942,1
2727,2744,2735,-17,5471,1
2555,2285,2420,270,4840,1
2516,2396,2456,120,4912,1
2408,2505,2456,-97,4913,1
2656,2373,2514,283,5029,1
2570,2676,2623,-106,5246,1
2488,2660,2574,-172,5148,1
2526,2528,2527,-2,5054,1
2458,2334,2396,124,4792,1
2281,2525,2403,-244,4806,1
2586,2700,2643,-114,5286,1
2423,2543,2483,-120,4966,1
2345,2368,2356,-23,4713,1
2437,2281,2359,156,4718,1
2764,2711,2737,53,5475,1
2628,2440,2534,188,5068,1
2345,2426,2385,-81,4771,1
2375,2559,2467,-184,4934,1
2305,2417,2361,-112,4722,1
2301,2599,2450,-298,4900,1
2548,2578,2563,-30,5126,1
2593,2520,2556,73,5113,1
2396,2552,2474,-156,4948,1
2464,2686,2575,-222,5150,1
2505,2650,2577,-145,5155,1
2516,2482,2499,34,4998,1
2321,2457,2389,-136,4778,1
2631,2563,2597,68,5194,1
2440,2567,2503,-127,5007,1
2594,2466,2530,128,5060,1
2496,2404,2450,92,4900,1
2496,2541,2518,-45,5037,1
2483,2491,2487,-8,4974,1
2637,2556,2596,81,5193,1
2410,2306,2358,104,4716,1
2521,2458,2489,63,4979,1
2668,2460,2564,208,5128,1
2353,2343,2348,10,4696,1
2591,2492,2541,99,5083,1
2346,2559,2452,-213,4905,1
2541,2446,2493,95,4987,1
2300,2412,2356,-112,4712,1
2455,2375,2415,80,4830,1
2632,2663,2647,-31,5295,1
2447,2295,2371,152,4742,1
2608,2447,2527,161,5055,1
2390,2607,2498,-217,4997,1
2401,2422,2411,-21,4823,1
2710,2285,2497,425,4995,1
2727,2549,2638,178,5276,1
2546,2422,2484,124,4968,1
2566,2714,2640,-148,5280,1
2451,2712,2581,-261,5163,1
2340,2526,2433,-186,4866,1
2713,2735,2724,-22,5448,1
2302,2476,2389,-174,4778,1
2454,2450,2452,4,4904,1
2578,2624,2601,-46,5202,1
2532,2636,2584,-104,5168,1
2519,2371,2445,148,4890,1
2340,2550,2445,-210,4890,1
2385,2334,2359,51,4719,1
2285,2459,2372,-174,4744,1
2410,2348,2379,62,4758,1
2419,2370,2394,49,4789,1
2702,2705,2703,-3,5407,1
2691,2427,2559,264,5118,1
2362,2557,2459,-195,4919,1
2730,2775,2752,-45,5505,1
2511,2467,2489,44,4978,1
2639,2564,2601,75,5203,1
2503,2547,2525,-44,5050,1
2306,2423,2364,-117,4729,1
2663,2615,2639,48,5278,1
2483,2425,2454,58,4908,1
2423,2556,2489,-133,4979,1
2731,2685,2708,46,5416,1
2302,2488,2395,-186,4790,1
2520,2470,2495,50,4990,1
2408,2483,2445,-75,4891,1
2384,2476,2430,-92,4860,1
2414,2616,2515,-202,5030,1
2659,2546,2602,113,5205,1
2417,2492,2454,-75,4909,1
2444,2384,2414,60,4828,1
2677,2569,2623,108,5246,1
2581,2564,2572,17,5145,1
2345,2540,2442,-195,4885,1
2547,2226,2386,321,4773,1
2459,2473,2466,-14,4932,1
2586,2561,2573,25,5147,1
2617,2670,2643,-53,5287,1
2416,2351,2383,65,4767,1
2585,2208,2396,377,4793,1
2398,2452,2425,-54,4850,1
2351,2440,2395,-89,4791,1
2528,2653,2590,-125,5181,1
2690,2590,2640,100,5280,1
2433,2543,2488,-110,4976,1
2555,2459,2507,96,5014,1
2295,2563,2429,-268,4858,1
2458,2321,2389,137,4779,1
2423,2484,2453,-61,4907,1
2384,2431,2407,-47,4815,1
2622,2709,2665,-87,5331,1
2421,2625,2523,-204,5046,1
2485,2730,2607,-245,5215,1
2406,2375,2390,31,4781,1
2235,2571,2403,-336,4806,1
2541,2669,2605,-128,5210,1
2479,2448,2463,31,4927,1
2568,2312,2440,256,4880,1
2314,2567,2440,-253,4881,1
2705,2661,2683,44,5366,1
2417,2522,2469,-105,4939,1
2403,2590,2496,-187,4993,1
2316,2422,2369,-106,4738,1
2684,2501,2592,183,5185,1
2443,2395,2419,48,4838,1
2384,2309,2346,75,4693,1
2330,2464,2397,-134,4794,1
2639,2608,2623,31,5247,1
2537,2526,2531,11,5063,1
2389,2576,2482,-187,4965,1
2417,2290,2353,127,4707,1
2404,2307,2355,97,4711,1
2471,2334,2402,137,4805,1
2614,2309,2461,305,4923,1
2737,2743,2740,-6,5480,1
2641,2567,2604,74,5208,1
2236,2638,2437,-402,4874,1
2680,2438,2559,242,5118,1
2418,2326,2372,92,4744,1
2590,2618,2604,-28,5208,1
2514,2429,2471,85,4943,1
2462,2536,2499,-74,4998,1
2641,2412,2526,229,5053,1
2452,2657,2554,-205,5109,1
2511,2374,2442,137,4885,1
2393,2454,2423,-61,4847,1
2574,2457,2515,117,5031,1
2586,2325,2455,261,4911,1
2529,2495,2512,34,5024,1
2302,2470,2386,-168,4772,1
2785,2506,2645,279,5291,1
2320,2440,2380,-120,4760,1
2480,2495,2487,-15,4975,1
2438,2329,2383,109,4767,1
2714,2425,2569,289,5139,1
2383,2560,2471,-177,4943,1
2395,2356,2375,39,4751,1
2328,2417,2372,-89,4745,1
2733,2578,2655,155,5311,1
2348,2320,2334,28,4668,1
2553,2664,2608,-111,5217,1
2567,2259,2413,308,4826,1
2270,2687,2478,-417,4957,1
2515,2257,2386,258,4772,1
2621,2698,2659,-77,5319,1
2520,2613,2566,-93,5133,1
2510,2376,2443,134,4886,1
2412,2491,2451,-79,4903,1
2546,2416,2481,130,4962,1
2344,2413,2378,-69,4757,1
2611,2331,2471,280,4942,1
2315,2568,2441,-253,4883,1
2442,2422,2432,20,4864,1
2410,2411,2410,-1,4821,1
2566,2746,2656,-180,5312,1
2378,2638,2508,-260,5016,1
2298,2522,2410,-224,4820,1
2636,2474,2555,162,5110,1
2499,2428,2463,71,4927,1
2515,2395,2455,120,4910,1
2339,2429,2384,-90,4768,1
2423,2595,2509,-172,5018,1
2240,2568,2404,-328,4808,1
2516,2570,2543,-54,5086,1
2441,2511,2476,-70,4952,1
2549,2451,2500,98,5000,1
2462,2438,2450,24,4900,1
2454,2460,2457,-6,4914,1
2412,2527,2469,-115,4939,1
2454,2280,2367,174,4734,1
2572,2316,2444,256,4888,1
2454,2550,2502,-96,5004,1
2527,2483,2505,44,5010,1
2612,2705,2658,-93,5317,1
2675,2723,2699,-48,5398,1
2538,2465,2501,73,5003,1
2598,2471,2534,127,5069,1
2400,2459,2429,-59,4859,1
2358,2482,2420,-124,4840,1
2407,2586,2496,-179,4993,1
2498,2303,2400,195,4801,1
2613,2231,2422,382,4844,1
2430,2527,2478,-97,4957,1
2516,2571,2543,-55,5087,1
2370,2455,2412,-85,4825,1
2579,2407,2493,172,4986,1
2627,2570,2598,57,5197,1
2408,2619,2513,-211,5027,1
2430,2374,2402,56,4804,1
2490,2655,2572,-165,5145,1
2633,2461,2547,172,5094,1
2375,2465,2420,-90,4840,1
2520,2542,2531,-22,5062,1
2563,2220,2391,343,4783,1
2593,2548,2570,45,5141,1
2476,2691,2583,-215,5167,1
2293,2529,2411,-236,4822,1
2601,2306,2453,295,4907,1
2491,2645,2568,-154,5136,1
2334,2409,2371,-75,4743,1
2663,2702,2682,-39,5365,1
2628,2336,2482,292,4964,1
2389,2376,2382,13,4765,1
2434,2619,2526,-185,5053,1
2288,2429,2358,-141,4717,1
2569,2700,2634,-131,5269,1
2489,2389,2439,100,4878,1
2342,2533,2437,-191,4875,1
2559,2577,2568,-18,5136,1
2445,2553,2499,-108,4998,1
2737,2764,2750,-27,5501,1
2447,2683,2565,-236,5130,1
2608,2492,2550,116,5100,1
2400,2562,2481,-162,4962,1
2491,2556,2523,-65,5047,1
2401,2597,2499,-196,4998,1
2442,2528,2485,-86,4970,1
2511,2366,2438,145,4877,1
2640,2612,2626,28,5252,1
2584,2466,2525,118,5050,1
2465,2608,2536,-143,5073,1
2626,2698,2662,-72,5324,1
2623,2631,2627,-8,5254,1
2303,2555,2429,-252,4858,1
2482,2361,2421,121,4843,1
2266,2661,2463,-395,4927,1
2534,2542,2538,-8,5076,1
2630,2469,2549,161,5099,1
2365,2440,2402,-75,4805,1
2486,2637,2561,-151,5123,1
2268,2509,2388,-241,4777,1
2400,2479,2439,-79,4879,1
2279,2462,2370,-183,4741,1
2652,2399,2525,253,5051,1
2438,2636,2537,-198,5074,1
2531,2512,2521,19,5043,1
2368,2432,2400,-64,4800,1
2441,2681,2561,-240,5122,1
2376,2364,2370,12,4740,1
2454,2292,2373,162,4746,1
2414,2323,2368,91,4737,1
2411,2400,2405,11,4811,1
2395,2438,2416,-43,4833,1
2379,2324,2351,55,4703,1
2551,2483,2517,68,5034,1
2365,2449,2407,-84,4814,1
2550,2575,2562,-25,5125,1
2477,2430,2453,47,4907,1
2574,2529,2551,45,5103,1
2608,2462,2535,146,5070,1
2459,2414,2436,45,4873,1
2363,2577,2470,-214,4940,1
2413,2452,2432,-39,4865,1
2605,2684,2644,-79,5289,1
2705,2327,2516,378,5032,1
2699,2658,2678,41,5357,1
2789,2743,2766,46,5532,1
2314,2423,2368,-109,4737,1
2617,2409,2513,208,5026,1
2566,2357,2461,209,4923,1
2407,2564,2485,-157,4971,1
2313,2504,2408,-191,4817,1
2607,2543,2575,64,5150,1
2460,2521,2490,-61,4981,1
2534,2508,2521,26,5042,1
2580,2435,2507,145,5015,1
2557,2309,2433,248,4866,1
2568,2283,2425,285,4851,1
2298,2499,2398,-201,4797,1
2330,2427,2378,-97,4757,1
2669,2555,2612,114,5224,1
2537,2245,2391,292,4782,1
2567,2468,2517,99,5035,1
2428,2375,2401,53,4803,1
2398,2530,2464,-132,4928,1
2430,2706,2568,-276,5136,1
2498,2702,2600,-204,5200,1
2482,2271,2376,211,4753,1
2475,2696,2585,-221,5171,1
2580,2719,2649,-139,5299,1
2533,2531,2532,2,5064,1
2536,2656,2596,-120,5192,1
2527,2335,2431,192,4862,1
2600,2577,2588,23,5177,1
2709,2643,2676,66,5352,1
2537,2245,2391,292,4782,1
2589,2634,2611,-45,5223,1
2490,2397,2443,93,4887,1
2384,2320,2352,64,4704,1
2430,2400,2415,30,4830,1
2522,2618,2570,-96,5140,1
2274,2555,2414,-281,4829,1
2559,2512,2535,47,5071,1
2468,2276,2372,192,4744,1
2639,2481,2560,158,5120,1
2657,2420,2538,237,5077,1
2437,2568,2502,-131,5005,1
2329,2436,2382,-107,4765,1
2338,2686,2512,-348,5024,1
2611,2604,2607,7,5215,1
2372,2464,2418,-92,4836,1
2321,2434,2377,-113,4755,1
2510,2354,2432,156,4864,1
2619,2730,2674,-111,5349,1
2509,2538,2523,-29,5047,1
2700,2698,2699,2,5398,1
2533,2424,2478,109,4957,1
2652,2737,2694,-85,5389,1
2477,2424,2450,53,4901,1
2577,2214,2395,363,4791,1
2616,2607,2611,9,5223,1
2466,2465,2465,1,4931,1
2425,2435,2430,-10,4860,1
2634,2530,2582,104,5164,1
2436,2285,2360,151,4721,1
2280,2572,2426,-292,4852,1
2702,2732,2717,-30,5434,1
2527,2380,2453,147,4907,1
2327,2528,2427,-201,4855,1
2386,2362,2374,24,4748,1
2404,2557,2480,-153,4961,1
2438,2437,2437,1,4875,1
2568,2545,2556,23,5113,1
2508,2242,2375,266,4750,1
2483,2732,2607,-249,5215,1
2495,2509,2502,-14,5004,1
2527,2562,2544,-35,5089,1
2402,2557,2479,-155,4959,1
2683,2424,2553,259,5107,1
2660,2650,2655,10,5310,1
2458,2329,2393,129,4787,1
2505,2513,2509,-8,5018,1
2495,2289,2392,206,4784,1
2435,2409,2422,26,4844,1
2287,2469,2378,-182,4756,1
2445,2512,2478,-67,4957,1
2556,2494,2525,62,5050,1
2380,2531,2455,-151,4911,1
2657,2571,2614,86,5228,1
2435,2350,2392,85,4785,1
2526,2296,2411,230,4822,1
2482,2428,2455,54,4910,1
2402,2438,2420,-36,4840,1
2780,2810,2795,-30,5590,1
2514,2607,2560,-93,5121,1
2661,2470,2565,191,5131,1
2583,2336,2459,247,4919,1
2321,2547,2434,-226,4868,1
2683,2717,2700,-34,5400,1
2528,2502,2515,26,5030,1
2553,2549,2551,4,5102,1
2450,2573,2511,-123,5023,1
2573,2210,2391,363,4783,1
2655,2417,2536,238,5072,1
2448,2507,2477,-59,4955,1
2332,2490,2411,-158,4822,1
2366,2532,2449,-166,4898,1
2386,2461,2423,-75,4847,1
2483,2732,2607,-249,5215,1
2153,2704,2428,-551,4857,1
2590,2201,2395,389,4791,1
2738,2749,2743,-11,5487,1
2423,2533,2478,-110,4956,1
2749,2455,2602,294,5204,1
2384,2486,2435,-102,4870,1
2405,2463,2434,-58,4868,1
2579,2588,2583,-9,5167,1
2346,2562,2454,-216,4908,1
2470,2534,2502,-64,5004,1
2362,2481,2421,-119,4843,1
2564,2506,2535,58,5070,1
2647,2341,2494,306,4988,1
2516,2243,2379,273,4759,1
2456,2433,2444,23,4889,1
2423,2371,2397,52,4794,1
2481,2357,2419,124,4838,1
2516,2562,2539,-46,5078,1
2549,2250,2399,299,4799,1
2502,2488,2495,14,4990,1
2449,2405,2427,44,4854,1
2523,2594,2558,-71,5117,1
2508,2291,2399,217,4799,1
2418,2549,2483,-131,4967,1
2485,2519,2502,-34,5004,1
2343,2397,2370,-54,4740,1
2580,2454,2517,126,5034,1
2551,2336,2443,215,4887,1
2299,2448,2373,-149,4747,1
2402,2561,2481,-159,4963,1
2519,2301,2410,218,4820,1
2418,2507,2462,-89,4925,1
2539,2555,2547,-16,5094,1
2604,2723,2663,-119,5327,1
2642,2563,2602,79,5205,1
2628,2625,2626,3,5253,1
2414,2716,2565,-302,5130,1
2580,2788,2684,-208,5368,1
2549,2644,2596,-95,5193,1
2737,2736,2736,1,5473,1
2636,2397,2516,239,5033,1
2505,2351,2428,154,4856,1
2731,2593,2662,138,5324,1
2518,2561,2539,-43,5079,1
2764,2741,2752,23,5505,1
2716,2784,2750,-68,5500,1
2540,2522,2531,18,5062,1
2555,2543,2549,12,5098,1
2403,2385,2394,18,4788,1
2332,2477,2404,-145,4809,1
2357,2332,2344,25,4689,1
2276,2541,2408,-265,4817,1
2457,2337,2397,120,4794,1
2311,2639,2475,-328,4950,1
2516,2671,2593,-155,5187,1
2500,2630,2565,-130,5130,1
2605,2683,2644,-78,5288,1
2741,2727,2734,14,5468,1
2225,2586,2405,-361,4811,1
2502,2289,2395,213,4791,1
2617,2711,2664,-94,5328,1
2564,2357,2460,207,4921,1
2421,2517,2469,-96,4938,1
2518,2378,2448,140,4896,1
2558,2263,2410,295,4821,1
2315,2573,2444,-258,4888,1
2540,2478,2509,62,5018,1
2237,2542,2389,-305,4779,1
2532,2443,2487,89,4975,1
2365,2593,2479,-228,4958,1
2334,2355,2344,-21,4689,1
2320,2565,2442,-245,4885,1
2459,2347,2403,112,4806,1
2567,2489,2528,78,5056,1
2684,2251,2467,433,4935,1
2559,2303,2431,256,4862,1
2595,2623,2609,-28,5218,1
2500,2309,2404,191,4809,1
2508,2567,2537,-59,5075,1
2350,2487,2418,-137,4837,1
2473,2576,2524,-103,5049,1
2485,2420,2452,65,4905,1
2648,2632,2640,16,5280,1
2473,2400,2436,73,4873,1
2353,2527,2440,-174,4880,1
2403,2342,2372,61,4745,1
2313,2513,2413,-200,4826,1
2286,2440,2363,-154,4726,1
2495,2448,2471,47,4943,1
2442,2622,2532,-180,5064,1
2340,2423,2381,-83,4763,1
2641,2707,2674,-66,5348,1
2548,2518,2533,30,5066,1
2509,2452,2480,57,4961,1
2455,2547,2501,-92,5002,1
2554,2543,2548,11,5097,1
2679,2614,2646,65,5293,1
2706,2558,2632,148,5264,1
2679,2636,2657,43,5315,1
2440,2512,2476,-72,4952,1
2469,2601,2535,-132,5070,1
2568,2407,2487,161,4975,1
2635,2617,2626,18,5252,1
2525,2371,2448,154,4896,1
2359,2473,2416,-114,4832,1
2607,2577,2592,30,5184,1
2472,2380,2426,92,4852,1
2752,2711,2731,41,5463,1
2300,2527,2413,-227,4827,1
2633,2398,2515,235,5031,1
2479,2302,2390,177,4781,1
2431,2558,2494,-127,4989,1
2385,2380,2382,5,4765,1
2562,2403,2482,159,4965,1
2554,2378,2466,176,4932,1
2627,2671,2649,-44,5298,1
2439,2587,2513,-148,5026,1
2626,2474,2550,152,5100,1
2432,2303,2367,129,4735,1
2452,2651,2551,-199,5103,1
2528,2384,2456,144,4912,1
2366,2500,2433,-134,4866,1
2681,2526,2603,155,5207,1
2246,2516,2381,-270,4762,1
2684,2403,2543,281,5087,1
2671,2691,2681,-20,5362,1
2526,2683,2604,-157,5209,1
2541,2605,2573,-64,5146,1
2504,2566,2535,-62,5070,1
2693,2670,2681,23,5363,1
2500,2300,2400,200,4800,1
2471,2659,2565,-188,5130,1
2546,2589,2567,-43,5135,1
2355,2525,2440,-170,4880,1
2661,2687,2674,-26,5348,1
2338,2365,2351,-27,4703,1
2448,2371,2409,77,4819,1
2565,2332,2448,233,4897,1
2620,2543,2581,77,5163,1
2300,2458,2379,-158,4758,1
2526,2294,2410,232,4820,1
2422,2420,2421,2,4842,1
2546,2568,2557,-22,5114,1
2705,2695,2700,10,5400,1
2470,2636,2553,-166,5106,1
2291,2552,2421,-261,4843,1
2365,2452,2408,-87,4817,1
2450,2440,2445,10,4890,1
2398,2551,2474,-153,4949,1
2499,2554,2526,-55,5053,1
2339,2579,2459,-240,4918,1
2361,2409,2385,-48,4770,1
2461,2513,2487,-52,4974,1
2355,2324,2339,31,4679,1
2560,2237,2398,323,4797,1
2435,2419,2427,16,4854,1
2646,2336,2491,310,4982,1
2481,2304,2392,177,4785,1
2253,2508,2380,-255,4761,1
2470,2375,2422,95,4845,1
2650,2572,2611,78,5222,1
2453,2511,2482,-58,4964,1
2547,2310,2428,237,4857,1
2401,2678,2539,-277,5079,1
2770,2580,2675,190,5350,1
2710,2709,2709,1,5419,1
2376,2368,2372,8,4744,1
2801,2543,2672,258,5344,1
2550,2323,2436,227,4873,1
2512,2412,2462,100,4924,1
2494,2554,2524,-60,5048,1
2475,2341,2408,134,4816,1
2471,2416,2443,55,4887,1
2463,2311,2387,152,4774,1
2409,2297,2353,112,4706,1
2507,2276,2391,231,4783,1
2386,2703,2544,-317,5089,1
2598,2632,2615,-34,5230,1
2515,2401,2458,114,4916,1
2771,2881,2826,-110,5652,1
2619,2270,2444,349,4889,1
2344,2480,2412,-136,4824,1
2646,2569,2607,77,5215,1
2440,2433,2436,7,4873,1
2743,2671,2707,72,5414,1
2412,2322,2367,90,4734,1
2292,2654,2473,-362,4946,1
2442,2621,2531,-179,5063,1
2465,2365,2415,100,4830,1
2356,2442,2399,-86,4798,1
2423,2593,2508,-170,5016,1
2655,2468,2561,187,5123,1
2488,2251,2369,237,4739,1
2390,2300,2345,90,4690,1
2437,2583,2510,-146,5020,1
2455,2614,2534,-159,5069,1
2486,2320,2403,166,4806,1
2496,2486,2491,10,4982,1
2479,2427,2453,52,4906,1
2546,2543,2544,3,5089,1
2544,2652,2598,-108,5196,1
2260,2571,2415,-311,4831,1
2604,2470,2537,134,5074,1
2356,2423,2389,-67,4779,1
2543,2651,2597,-108,5194,1
2501,2441,2471,60,4942,1
2411,2622,2516,-211,5033,1
2650,2409,2529,241,5059,1
2419,2601,2510,-182,5020,1
2356,2603,2479,-247,4959,1
2595,2417,2506,178,5012,1
2505,2492,2498,13,4997,1
2328,2471,2399,-143,4799,1
2726,2575,2650,151,5301,1
2556,2506,2531,50,5062,1
2520,2306,2413,214,4826,1
2584,2708,2646,-124,5292,1
2461,2556,2508,-95,5017,1
2762,2679,2720,83,5441,1
2336,2598,2467,-262,4934,1
2483,2718,2600,-235,5201,1
2456,2327,2391,129,4783,1
2393,2402,2397,-9,4795,1
2499,2663,2581,-164,5162,1
2560,2285,2422,275,4845,1
2630,2580,2605,50,5210,1
2609,2221,2415,388,4830,1
2438,2499,2468,-61,4937,1
2543,2354,2448,189,4897,1
2290,2512,2401,-222,4802,1
2370,2312,2341,58,4682,1
2316,2520,2418,-204,4836,1
2412,2475,2443,-63,4887,1
2682,2563,2622,119,5245,1
2634,2698,2666,-64,5332,1
2373,2511,2442,-138,4884,1
2633,2659,2646,-26,5292,1
2504,2256,2380,248,4760,1
2298,2615,2456,-317,4913,1
2803,2783,2793,20,5586,1
2412,2366,2389,46,4778,1
2679,2801,2740,-122,5480,1
2381,2314,2347,67,4695,1
2427,2325,2376,102,4752,1
2472,2358,2415,114,4830,1
2548,2537,2542,11,5085,1
2491,2421,2456,70,4912,1
2718,2235,2476,483,4953,1
2575,2411,2493,164,4986,1
2554,2713,2633,-159,5267,1
2701,2785,2743,-84,5486,1
2235,2663,2449,-428,4898,1
2342,2361,2351,-19,4703,1
2555,2540,2547,15,5095,1
2388,2392,2390,-4,4780,1
2508,2534,2521,-26,5042,1
2559,2290,2424,269,4849,1
2412,2369,2390,43,4781,1
2611,2423,2517,188,5034,1
2654,2510,2582,144,5164,1
2460,2539,2499,-79,4999,1
2605,2591,2598,14,5196,1
2441,2598,2519,-157,5039,1
2632,2531,2581,101,5163,1
2620,2376,2498,244,4996,1
2391,2513,2452,-122,4904,1
2634,2541,2587,93,5175,1
