WhiteElo,BlackElo,MeanElos,DiffElos
2354,2411,2382,57
1915,1999,1957,84
2446,2191,2318,255
2168,2075,2121,93
2437,2254,2345,183
2449,2201,2325,248
1813,1643,1728,170
2553,2052,2302,501
2306,2093,2199,213
2108,2273,2190,165
2047,2186,2116,139
1877,1851,1864,26
2406,2147,2276,259
2054,2099,2076,45
2250,2132,2191,118
1860,2464,2162,604
1942,1663,1802,279
2295,2191,2243,104
1979,2263,2121,284
2550,2502,2526,48
2392,2272,2332,120
2413,2315,2364,98
2332,2334,2333,2
2119,2136,2127,17
2522,2285,2403,237
2482,2329,2405,153
2345,2291,2318,54
1933,2207,2070,274
1941,2184,2062,243
2224,2008,2116,216
1889,2307,2098,418
2369,2394,2381,25
2529,2255,2392,274
1992,2119,2055,127
2130,1943,2036,187
2376,2591,2483,215
1870,2086,1978,216
2133,2214,2173,81
2024,2517,2270,493
2079,2202,2140,123
2281,2524,2402,243
2148,2197,2172,49
2124,2392,2258,268
2246,2426,2336,180
2613,2742,2677,129
2269,2106,2187,163
2485,2293,2389,192
2207,2402,2304,195
2607,1765,2186,842
2700,2753,2726,53
1962,2057,2009,95
2360,1924,2142,436
2311,2352,2331,41
2453,2268,2360,185
1934,1792,1863,142
2232,2344,2288,112
2271,2211,2241,60
2353,2327,2340,26
1902,2145,2023,243
2248,2512,2380,264
2359,2064,2211,295
2368,2248,2308,120
2056,2265,2160,209
2241,1776,2008,465
2466,2233,2349,233
2516,2706,2611,190
2152,2255,2203,103
2706,2713,2709,7
1381,1735,1558,354
2391,2431,2411,40
2380,2192,2286,188
2051,2185,2118,134
1945,2171,2058,226
2270,2152,2211,118
2460,2329,2394,131
2443,2407,2425,36
2548,2475,2511,73
2484,2507,2495,23
2119,2199,2159,80
2583,2461,2522,122
2531,2552,2541,21
2291,2459,2375,168
1962,2061,2011,99
2183,1931,2057,252
2645,2522,2583,123
1766,2053,1909,287
1890,2498,2194,608
2220,2122,2171,98
2534,2731,2632,197
1769,1799,1784,30
2065,2282,2173,217
2467,2109,2288,358
2469,2663,2566,194
2371,1822,2096,549
1903,1633,1768,270
2359,2356,2357,3
2543,2176,2359,367
2527,2507,2517,20
2368,2222,2295,146
2552,2331,2441,221
2253,2156,2204,97
2276,2455,2365,179
2706,2739,2722,33
2087,2372,2229,285
2595,2614,2604,19
2476,2169,2322,307
1861,1513,1687,348
2427,2322,2374,105
2577,2574,2575,3
2489,2621,2555,132
2409,2354,2381,55
2191,1991,2091,200
1585,1613,1599,28
2069,2515,2292,446
2392,2295,2343,97
2072,2251,2161,179
2451,2655,2553,204
2484,2463,2473,21
2597,2605,2601,8
2090,1658,1874,432
2409,1936,2172,473
2126,2168,2147,42
2480,1799,2139,681
2250,2122,2186,128
2164,2191,2177,27
2211,2317,2264,106
2013,2245,2129,232
2437,2359,2398,78
2050,2088,2069,38
1846,2337,2091,491
2275,2422,2348,147
2230,1846,2038,384
2336,2225,2280,111
1788,2212,2000,424
1965,2083,2024,118
2469,2608,2538,139
2319,2107,2213,212
1876,1904,1890,28
2556,2693,2624,137
2512,2571,2541,59
2298,2202,2250,96
2329,2468,2398,139
2253,2046,2149,207
2554,2607,2580,53
2075,2369,2222,294
2030,2232,2131,202
2346,2114,2230,232
2347,2479,2413,132
1985,2255,2120,270
2390,2034,2212,356
2298,2516,2407,218
2284,2092,2188,192
2177,2356,2266,179
2145,2351,2248,206
2316,2242,2279,74
2160,2047,2103,113
2017,1958,1987,59
2334,2166,2250,168
2119,2363,2241,244
1956,1945,1950,11
2091,2581,2336,490
2144,2068,2106,76
2330,2151,2240,179
2229,2457,2343,228
2538,2394,2466,144
2411,2201,2306,210
2442,2171,2306,271
1915,1803,1859,112
2398,2053,2225,345
2022,2205,2113,183
2154,2307,2230,153
2287,2496,2391,209
2167,1758,1962,409
1818,1837,1827,19
1922,2363,2142,441
2549,2185,2367,364
2548,2477,2512,71
2049,2309,2179,260
2585,2546,2565,39
2625,2244,2434,381
2505,2287,2396,218
2172,2351,2261,179
2624,2621,2622,3
2160,2275,2217,115
1641,1543,1592,98
2459,2312,2385,147
2311,2492,2401,181
2379,2091,2235,288
2359,2353,2356,6
2260,2204,2232,56
2039,1872,1955,167
2129,2003,2066,126
2190,2306,2248,116
1778,1959,1868,181
2091,2419,2255,328
2194,2024,2109,170
2379,2297,2338,82
2436,2263,2349,173
2263,2307,2285,44
1894,2465,2179,571
1683,2086,1884,403
2140,2375,2257,235
2411,2493,2452,82
2231,1858,2044,373
1639,1924,1781,285
2264,1692,1978,572
2257,2101,2179,156
2045,2387,2216,342
2221,1981,2101,240
2408,2399,2403,9
2506,2194,2350,312
2773,2761,2767,12
2699,2764,2731,65
1640,1464,1552,176
2026,2447,2236,421
2229,2051,2140,178
2388,2233,2310,155
2504,2519,2511,15
2142,1858,2000,284
2159,2076,2117,83
2705,2577,2641,128
2449,2303,2376,146
1972,2356,2164,384
2517,2053,2285,464
2625,2503,2564,122
2531,2017,2274,514
2540,2662,2601,122
2328,2318,2323,10
1649,2188,1918,539
2044,2181,2112,137
2187,2029,2108,158
1978,2186,2082,208
2312,2011,2161,301
1904,2091,1997,187
2464,2493,2478,29
1657,2123,1890,466
1651,1508,1579,143
2061,2145,2103,84
2256,2377,2316,121
2442,2397,2419,45
2161,2532,2346,371
2208,1999,2103,209
2666,2548,2607,118
2224,2428,2326,204
2414,2404,2409,10
2394,2255,2324,139
2255,2159,2207,96
2030,2183,2106,153
2032,2279,2155,247
2206,1969,2087,237
2174,2261,2217,87
2387,2222,2304,165
2368,2125,2246,243
2368,1811,2089,557
2511,2403,2457,108
2223,1912,2067,311
2515,2007,2261,508
2354,2491,2422,137
1902,2153,2027,251
2603,2417,2510,186
1623,2146,1884,523
2037,1582,1809,455
2437,2387,2412,50
2225,2234,2229,9
2265,2381,2323,116
2138,1835,1986,303
2078,2639,2358,561
1989,2174,2081,185
2084,2461,2272,377
2064,2174,2119,110
2364,2398,2381,34
2149,2446,2297,297
1960,2044,2002,84
2241,2439,2340,198
2431,2717,2574,286
2302,2042,2172,260
2552,2511,2531,41
2484,2349,2416,135
2651,2477,2564,174
1313,1842,1577,529
1745,2011,1878,266
2309,2608,2458,299
1897,1475,1686,422
2464,2424,2444,40
2348,1881,2114,467
2198,1968,2083,230
2638,2388,2513,250
2427,2202,2314,225
2525,2138,2331,387
2521,2344,2432,177
2577,2466,2521,111
1854,1705,1779,149
2695,2612,2653,83
2345,2534,2439,189
2556,2302,2429,254
2454,2472,2463,18
2645,2464,2554,181
2066,1763,1914,303
2470,2226,2348,244
1884,2547,2215,663
2374,2554,2464,180
1846,1765,1805,81
2048,1848,1948,200
1921,2308,2114,387
2136,2243,2189,107
2301,2119,2210,182
2009,2293,2151,284
1915,2105,2010,190
2596,2291,2443,305
2166,2416,2291,250
2645,2302,2473,343
1939,2052,1995,113
2312,2067,2189,245
2543,2412,2477,131
2138,1927,2032,211
2457,2309,2383,148
2481,2252,2366,229
2210,1971,2090,239
2392,2275,2333,117
2209,2338,2273,129
2631,2711,2671,80
2123,2358,2240,235
2015,2507,2261,492
2250,2507,2378,257
1735,1822,1778,87
1967,2215,2091,248
2457,2063,2260,394
2224,2356,2290,132
2144,2534,2339,390
1959,2095,2027,136
2249,2011,2130,238
2350,2521,2435,171
2497,2351,2424,146
2404,2414,2409,10
2583,2206,2394,377
2274,1797,2035,477
1937,2155,2046,218
2164,2434,2299,270
2184,2473,2328,289
2667,2375,2521,292
2488,2531,2509,43
2128,1965,2046,163
2693,2469,2581,224
2521,2475,2498,46
2095,2193,2144,98
1848,2074,1961,226
2053,2205,2129,152
2006,1835,1920,171
2375,2249,2312,126
2255,2235,2245,20
2445,2583,2514,138
1814,2042,1928,228
2049,2328,2188,279
1872,2288,2080,416
2292,2593,2442,301
2405,2539,2472,134
2457,2201,2329,256
2177,2024,2100,153
2182,1869,2025,313
1767,2455,2111,688
2409,2573,2491,164
2127,2498,2312,371
2203,2365,2284,162
2313,2366,2339,53
1730,1921,1825,191
2176,2359,2267,183
2240,2223,2231,17
2566,2501,2533,65
2678,2734,2706,56
1982,2324,2153,342
2237,2209,2223,28
1949,1803,1876,146
2370,2601,2485,231
2299,2494,2396,195
2433,2377,2405,56
2639,2368,2503,271
2004,1886,1945,118
2551,2205,2378,346
2460,2226,2343,234
1663,1948,1805,285
2272,2445,2358,173
2312,2596,2454,284
2366,2516,2441,150
2066,2198,2132,132
2405,2445,2425,40
2451,2187,2319,264
2309,2356,2332,47
1553,1694,1623,141
1778,2025,1901,247
2082,1884,1983,198
2271,2379,2325,108
1880,2032,1956,152
2429,2049,2239,380
1895,2347,2121,452
2314,2552,2433,238
2315,2456,2385,141
2220,2134,2177,86
2286,2255,2270,31
1896,2077,1986,181
2335,2436,2385,101
2786,2772,2779,14
2261,2427,2344,166
2232,2037,2134,195
2330,2563,2446,233
2536,2421,2478,115
1747,2262,2004,515
2421,2159,2290,262
2349,2597,2473,248
2490,2422,2456,68
2548,2118,2333,430
2415,2416,2415,1
1611,1825,1718,214
2001,1818,1909,183
2039,2248,2143,209
2153,2294,2223,141
2318,1767,2042,551
1951,2213,2082,262
2269,2058,2163,211
2513,2392,2452,121
2312,2417,2364,105
2430,2126,2278,304
2543,2399,2471,144
1836,2301,2068,465
2342,2259,2300,83
2167,1922,2044,245
2686,2439,2562,247
2371,2436,2403,65
1712,1747,1729,35
2007,1889,1948,118
2454,2218,2336,236
2526,2409,2467,117
1902,2117,2009,215
2465,2474,2469,9
2070,2156,2113,86
1712,2011,1861,299
2272,2153,2212,119
2050,2084,2067,34
2647,2556,2601,91
2544,2695,2619,151
2285,2356,2320,71
2355,2092,2223,263
2607,2269,2438,338
1817,1528,1672,289
2422,2275,2348,147
2132,2264,2198,132
2376,1871,2123,505
2385,2482,2433,97
2635,2562,2598,73
2257,2145,2201,112
1669,2023,1846,354
2573,2487,2530,86
1698,1754,1726,56
2138,2335,2236,197
2257,2308,2282,51
2224,2026,2125,198
2454,2482,2468,28
2254,2646,2450,392
1950,2083,2016,133
2467,2327,2397,140
2344,2407,2375,63
2588,2549,2568,39
1772,1753,1762,19
2035,2145,2090,110
2254,2325,2289,71
1980,2212,2096,232
1881,2295,2088,414
2114,2113,2113,1
2025,2103,2064,78
2322,2315,2318,7
2234,2379,2306,145
2316,2531,2423,215
2195,2094,2144,101
2259,2422,2340,163
2327,2463,2395,136
2024,2189,2106,165
2480,1931,2205,549
2506,2238,2372,268
2496,2458,2477,38
2108,1867,1987,241
2578,2491,2534,87
2269,2023,2146,246
2393,2171,2282,222
2098,2135,2116,37
1914,2054,1984,140
1908,1755,1831,153
2524,2124,2324,400
2111,2025,2068,86
2441,1967,2204,474
2567,2283,2425,284
1932,2153,2042,221
2117,1664,1890,453
2277,2273,2275,4
2026,1787,1906,239
1924,1707,1815,217
2246,2261,2253,15
2342,2204,2273,138
2380,2239,2309,141
2483,2526,2504,43
2497,2312,2404,185
2321,2274,2297,47
2275,2409,2342,134
2369,2207,2288,162
2411,2673,2542,262
2693,2529,2611,164
2192,2386,2289,194
1726,1999,1862,273
2241,2031,2136,210
2450,2683,2566,233
2273,2032,2152,241
2124,2013,2068,111
1975,1731,1853,244
1916,2221,2068,305
2348,2628,2488,280
2246,2325,2285,79
2610,2517,2563,93
2072,1743,1907,329
2350,2414,2382,64
2098,1932,2015,166
2202,1941,2071,261
2251,2212,2231,39
2188,1915,2051,273
2431,2187,2309,244
2663,2521,2592,142
2265,2569,2417,304
2261,1961,2111,300
2410,2549,2479,139
2459,2408,2433,51
2481,2445,2463,36
1716,1845,1780,129
2601,2602,2601,1
2302,2014,2158,288
1647,1753,1700,106
2107,1876,1991,231
1933,1797,1865,136
1781,2034,1907,253
2068,2208,2138,140
2306,2229,2267,77
2483,2321,2402,162
2366,2569,2467,203
1901,2201,2051,300
2628,2616,2622,12
2391,2473,2432,82
2508,2216,2362,292
2403,2232,2317,171
1976,2273,2124,297
2378,2274,2326,104
2405,2274,2339,131
1598,2319,1958,721
1986,1642,1814,344
2510,2549,2529,39
2100,2224,2162,124
2411,2432,2421,21
2621,2444,2532,177
2375,2339,2357,36
2170,2018,2094,152
2562,2487,2524,75
2580,2779,2679,199
2595,2653,2624,58
2261,2442,2351,181
2251,2059,2155,192
1836,2096,1966,260
2200,2139,2169,61
2244,1984,2114,260
2375,2139,2257,236
2506,2468,2487,38
2164,2395,2279,231
2110,2288,2199,178
2365,2422,2393,57
1741,2095,1918,354
2181,2351,2266,170
2558,2494,2526,64
2380,2199,2289,181
2451,2108,2279,343
2378,2177,2277,201
2069,2345,2207,276
2605,2575,2590,30
1889,1936,1912,47
2135,2258,2196,123
2121,2207,2164,86
2355,2166,2260,189
1790,1727,1758,63
2366,2409,2387,43
2612,2434,2523,178
2344,2101,2222,243
2162,2271,2216,109
2154,2108,2131,46
1950,1912,1931,38
2575,2498,2536,77
1926,2126,2026,200
2295,2307,2301,12
2711,2226,2468,485
2018,1847,1932,171
2006,1998,2002,8
2385,2148,2266,237
2553,2464,2508,89
2391,2312,2351,79
2239,2094,2166,145
1774,1997,1885,223
2438,2354,2396,84
2393,2489,2441,96
2746,2702,2724,44
2580,2463,2521,117
2476,2287,2381,189
2261,2527,2394,266
2513,2494,2503,19
1987,2321,2154,334
1806,1546,1676,260
2069,1934,2001,135
1676,2046,1861,370
2598,2461,2529,137
1973,2248,2110,275
1872,1718,1795,154
2288,2475,2381,187
2615,2677,2646,62
1852,2083,1967,231
2318,2349,2333,31
2136,2051,2093,85
2350,2547,2448,197
2281,2377,2329,96
2566,2501,2533,65
1909,1824,1866,85
2153,2463,2308,310
2442,2437,2439,5
2571,2084,2327,487
2324,2509,2416,185
1508,1844,1676,336
2284,1969,2126,315
2436,2468,2452,32
1810,1921,1865,111
2390,2076,2233,314
2399,2404,2401,5
2486,2366,2426,120
2315,2549,2432,234
2254,2074,2164,180
2379,2617,2498,238
2377,2329,2353,48
2308,2131,2219,177
2388,2529,2458,141
1616,1483,1549,133
2207,2095,2151,112
1714,1949,1831,235
2346,2259,2302,87
2461,2178,2319,283
2532,2234,2383,298
2404,2314,2359,90
2324,2376,2350,52
2238,2366,2302,128
1829,1532,1680,297
1955,1919,1937,36
2460,2139,2299,321
2547,2353,2450,194
1577,1809,1693,232
1993,1812,1902,181
2132,2553,2342,421
2430,2418,2424,12
1849,2223,2036,374
2343,2275,2309,68
2437,2533,2485,96
2221,2336,2278,115
2299,2207,2253,92
2404,2444,2424,40
2194,2339,2266,145
2275,2098,2186,177
2111,2301,2206,190
2029,1471,1750,558
2032,1932,1982,100
1972,1921,1946,51
2406,2498,2452,92
2156,1956,2056,200
2425,2533,2479,108
1731,2063,1897,332
2493,2529,2511,36
1944,2152,2048,208
2330,2206,2268,124
2296,2496,2396,200
2194,1905,2049,289
1527,2054,1790,527
2512,2453,2482,59
2352,2474,2413,122
2194,2068,2131,126
2509,2322,2415,187
1894,2048,1971,154
2333,2138,2235,195
2590,2484,2537,106
1828,2102,1965,274
2009,2437,2223,428
2108,1962,2035,146
2291,2423,2357,132
2116,1608,1862,508
2578,2648,2613,70
1881,2101,1991,220
2561,2449,2505,112
2457,2226,2341,231
2107,2006,2056,101
1949,2003,1976,54
2515,2414,2464,101
2458,2576,2517,118
2783,2756,2769,27
2517,2379,2448,138
2655,2541,2598,114
2199,2395,2297,196
2402,2569,2485,167
2441,2567,2504,126
2130,1962,2046,168
1836,2161,1998,325
2147,1768,1957,379
2663,2589,2626,74
2740,2676,2708,64
2208,2384,2296,176
2310,2391,2350,81
1744,2045,1894,301
2327,2637,2482,310
2316,1929,2122,387
2058,1767,1912,291
2012,2313,2162,301
2174,2368,2271,194
2589,2288,2438,301
2397,2297,2347,100
2327,2105,2216,222
2285,2433,2359,148
2388,2311,2349,77
2101,1984,2042,117
1896,1557,1726,339
2369,2558,2463,189
2213,1975,2094,238
2402,2579,2490,177
2286,2314,2300,28
2560,2368,2464,192
2137,2288,2212,151
2337,2267,2302,70
2154,1956,2055,198
2560,2682,2621,122
2107,2155,2131,48
2635,2611,2623,24
2602,2518,2560,84
2437,2453,2445,16
2036,2425,2230,389
2025,2416,2220,391
2046,2245,2145,199
2475,2457,2466,18
2333,1803,2068,530
1588,1987,1787,399
2488,2281,2384,207
2604,2399,2501,205
2217,2436,2326,219
2475,2688,2581,213
2632,2706,2669,74
2484,2638,2561,154
2607,2452,2529,155
2275,2319,2297,44
2440,2325,2382,115
2122,2058,2090,64
2043,1802,1922,241
2531,2678,2604,147
2390,2514,2452,124
1755,1713,1734,42
2296,2185,2240,111
2409,2537,2473,128
2509,2462,2485,47
2330,2449,2389,119
2291,2605,2448,314
2311,2458,2384,147
2176,1865,2020,311
2387,2434,2410,47
2005,2057,2031,52
2159,2329,2244,170
2389,2488,2438,99
2629,2609,2619,20
2125,2256,2190,131
2305,2143,2224,162
2193,2421,2307,228
2251,2449,2350,198
2247,2412,2329,165
1989,1848,1918,141
1983,1358,1670,625
2474,2463,2468,11
2443,2482,2462,39
2661,2631,2646,30
2130,2002,2066,128
2357,2407,2382,50
2270,2031,2150,239
2008,1854,1931,154
2205,2436,2320,231
2021,2287,2154,266
1888,2064,1976,176
2253,2292,2272,39
2076,2324,2200,248
2658,2729,2693,71
2208,2328,2268,120
2357,2447,2402,90
1278,1688,1483,410
2229,2078,2153,151
1952,1597,1774,355
2753,2734,2743,19
2349,2167,2258,182
2258,1845,2051,413
2500,2744,2622,244
2269,2369,2319,100
2749,2663,2706,86
2064,2239,2151,175
2062,1943,2002,119
2462,2161,2311,301
2294,2104,2199,190
2053,2236,2144,183
2532,2624,2578,92
2083,2449,2266,366
2173,2138,2155,35
2327,2391,2359,64
2381,2508,2444,127
2375,2204,2289,171
2131,1708,1919,423
1957,2142,2049,185
2343,2014,2178,329
2507,2552,2529,45
2010,2523,2266,513
2540,2485,2512,55
2210,2078,2144,132
2477,2279,2378,198
2354,2301,2327,53
1862,1998,1930,136
2111,1852,1981,259
2086,2359,2222,273
2579,2549,2564,30
1768,2145,1956,377
2552,2116,2334,436
2305,2248,2276,57
1862,2119,1990,257
1972,2096,2034,124
2544,2111,2327,433
2290,2357,2323,67
1827,1605,1716,222
2049,2285,2167,236
2289,2431,2360,142
2706,2734,2720,28
1965,2084,2024,119
2178,2032,2105,146
2246,2429,2337,183
2415,2525,2470,110
1394,1886,1640,492
2438,2539,2488,101
2435,2643,2539,208
2329,2504,2416,175
2516,2237,2376,279
1913,1744,1828,169
2241,2054,2147,187
2524,2496,2510,28
2299,2055,2177,244
2063,1833,1948,230
1927,1658,1792,269
2391,2505,2448,114
2560,2176,2368,384
1929,2187,2058,258
2281,2174,2227,107
2253,2137,2195,116
2402,2062,2232,340
2347,2107,2227,240
2244,2367,2305,123
2371,1845,2108,526
2277,2286,2281,9
2383,2269,2326,114
2581,2698,2639,117
1961,2239,2100,278
1847,2215,2031,368
2365,1909,2137,456
2378,1952,2165,426
2552,2438,2495,114
2714,2501,2607,213
2412,2063,2237,349
1640,1795,1717,155
2238,1958,2098,280
2365,2499,2432,134
2548,2412,2480,136
2360,2464,2412,104
2327,2334,2330,7
2331,2677,2504,346
2381,2295,2338,86
2438,2473,2455,35
2247,2166,2206,81
2090,1729,1909,361
1766,2105,1935,339
2364,2398,2381,34
2226,1997,2111,229
1926,1753,1839,173
2168,2148,2158,20
2537,2312,2424,225
2084,2281,2182,197
2227,2306,2266,79
2574,2606,2590,32
2484,2284,2384,200
1604,1718,1661,114
2638,2706,2672,68
2396,2625,2510,229
2556,2462,2509,94
1967,1794,1880,173
2338,2112,2225,226
2065,2204,2134,139
2766,2732,2749,34
2118,2287,2202,169
1863,1414,1638,449
2239,2003,2121,236
2428,2239,2333,189
2109,2331,2220,222
2342,2328,2335,14
2637,2631,2634,6
2150,2115,2132,35
2528,2686,2607,158
1757,1818,1787,61
2442,2278,2360,164
1978,1952,1965,26
2075,1905,1990,170
2615,2722,2668,107
2402,2385,2393,17
2785,2673,2729,112
2094,2423,2258,329
2400,2488,2444,88
1946,1805,1875,141
1999,2258,2128,259
2506,2457,2481,49
2801,2543,2672,258
2067,1893,1980,174
2026,2196,2111,170
2242,2137,2189,105
2396,2242,2319,154
2471,2583,2527,112
2571,2289,2430,282
1693,1393,1543,300
2704,2617,2660,87
1958,1206,1582,752
2488,2417,2452,71
2385,2109,2247,276
2476,2226,2351,250
1794,2035,1914,241
2202,2285,2243,83
2347,2095,2221,252
2712,2498,2605,214
2399,2316,2357,83
2468,2538,2503,70
2262,2046,2154,216
2678,2172,2425,506
1999,2254,2126,255
2116,2225,2170,109
2330,2455,2392,125
1941,1778,1859,163
1637,1347,1492,290
2129,2489,2309,360
2299,2136,2217,163
2120,2145,2132,25
1701,1992,1846,291
2374,2253,2313,121
2700,2647,2673,53
2292,2403,2347,111
2019,2399,2209,380
2002,2201,2101,199
2356,2327,2341,29
2159,2191,2175,32
2008,2223,2115,215
2250,2209,2229,41
2563,2288,2425,275
1918,1618,1768,300
2489,2524,2506,35
2555,2379,2467,176
2448,2007,2227,441
2095,2368,2231,273
2090,2188,2139,98
2351,2313,2332,38
1907,2196,2051,289
2289,1994,2141,295
2266,2188,2227,78
2621,2714,2667,93
2529,2654,2591,125
2605,2613,2609,8
1696,2054,1875,358
2571,2478,2524,93
2183,1781,1982,402
2331,2486,2408,155
1876,2101,1988,225
2487,2449,2468,38
2274,2166,2220,108
2170,2016,2093,154
2558,2655,2606,97
2672,2713,2692,41
2187,2062,2124,125
2561,2451,2506,110
2486,2488,2487,2
2565,2477,2521,88
2068,1964,2016,104
1656,1791,1723,135
1647,1318,1482,329
2653,2546,2599,107
2627,2628,2627,1
1988,2059,2023,71
2548,2578,2563,30
2640,2541,2590,99
2720,2792,2756,72
2305,2529,2417,224
2374,2309,2341,65
1694,2022,1858,328
2456,2378,2417,78
2305,2138,2221,167
1978,1931,1954,47
1634,2121,1877,487
2159,2418,2288,259
2265,2151,2208,114
2540,2576,2558,36
2444,2207,2325,237
2380,2456,2418,76
2481,1945,2213,536
2417,2448,2432,31
2351,2542,2446,191
2495,2404,2449,91
2392,2642,2517,250
2013,2107,2060,94
1545,1879,1712,334
2691,2712,2701,21
2538,2582,2560,44
2050,2235,2142,185
2439,2235,2337,204
2462,2508,2485,46
2115,2267,2191,152
2344,2324,2334,20
2192,2101,2146,91
2234,2181,2207,53
2310,2091,2200,219
2479,2238,2358,241
2111,2342,2226,231
2470,2625,2547,155
1987,2147,2067,160
2509,2458,2483,51
2377,2374,2375,3
2479,2639,2559,160
2185,2415,2300,230
2439,2187,2313,252
2183,2019,2101,164
2379,2205,2292,174
2095,2569,2332,474
2226,2598,2412,372
2196,2261,2228,65
2529,2362,2445,167
2413,2112,2262,301
2673,2549,2611,124
2282,2272,2277,10
2358,2422,2390,64
2019,1918,1968,101
2544,2529,2536,15
2214,2178,2196,36
2455,2546,2500,91
2013,2132,2072,119
1585,1941,1763,356
1611,1765,1688,154
2171,2126,2148,45
2537,2512,2524,25
2396,2549,2472,153
1999,1956,1977,43
1987,2148,2067,161
1989,2158,2073,169
2009,2253,2131,244
2230,2417,2323,187
2474,2608,2541,134
1474,1906,1690,432
2243,2578,2410,335
2272,2598,2435,326
2406,2252,2329,154
2235,2297,2266,62
2303,2124,2213,179
2366,2616,2491,250
2567,2158,2362,409
2486,2492,2489,6
2345,2525,2435,180
2310,2445,2377,135
2466,2498,2482,32
2342,2357,2349,15
2132,2006,2069,126
2402,2367,2384,35
2105,2103,2104,2
2310,2088,2199,222
2558,2696,2627,138
2368,2253,2310,115
2547,2443,2495,104
2506,2345,2425,161
2604,2571,2587,33
2069,2193,2131,124
2399,2369,2384,30
2516,2475,2495,41
2682,2641,2661,41
2134,1984,2059,150
2510,2269,2389,241
2436,2638,2537,202
2083,2015,2049,68
2551,2421,2486,130
1796,2189,1992,393
2065,2198,2131,133
1633,2014,1823,381
2550,2416,2483,134
1973,1919,1946,54
2556,2042,2299,514
2081,2529,2305,448
2708,2779,2743,71
2184,1998,2091,186
2568,2679,2623,111
2418,2358,2388,60
2207,1926,2066,281
1645,1893,1769,248
2123,2001,2062,122
1724,1633,1678,91
2299,2533,2416,234
1849,2173,2011,324
1626,1905,1765,279
2236,2111,2173,125
2431,2313,2372,118
2002,2288,2145,286
2563,2412,2487,151
1961,2175,2068,214
2114,1932,2023,182
2552,2326,2439,226
2383,2396,2389,13
2092,1961,2026,131
2632,2554,2593,78
1439,1912,1675,473
2084,2002,2043,82
2209,2381,2295,172
2157,2396,2276,239
2094,2292,2193,198
2500,2562,2531,62
2079,2048,2063,31
2663,2438,2550,225
1985,2222,2103,237
2518,2348,2433,170
1995,1846,1920,149
2225,2184,2204,41
2063,2143,2103,80
2394,2473,2433,79
2199,2293,2246,94
2340,2457,2398,117
2098,2552,2325,454
2470,2663,2566,193
2164,2212,2188,48
2286,2274,2280,12
1952,2245,2098,293
1804,1778,1791,26
2560,2318,2439,242
2527,2421,2474,106
2189,2086,2137,103
2623,2383,2503,240
2203,2094,2148,109
2524,2386,2455,138
2017,2222,2119,205
2406,2426,2416,20
2547,1813,2180,734
2003,1734,1868,269
2503,2418,2460,85
2245,2274,2259,29
2723,2712,2717,11
2608,2543,2575,65
2250,2609,2429,359
1791,2118,1954,327
2486,1738,2112,748
2322,2304,2313,18
2522,2625,2573,103
2199,2475,2337,276
2082,2343,2212,261
1837,1643,1740,194
2545,2191,2368,354
2188,2636,2412,448
2000,1946,1973,54
1776,1995,1885,219
2263,2461,2362,198
2090,1946,2018,144
2004,2104,2054,100
1963,1974,1968,11
1908,1592,1750,316
2288,2579,2433,291
1655,1936,1795,281
2593,2511,2552,82
2330,2157,2243,173
2000,2069,2034,69
1587,1949,1768,362
2102,2379,2240,277
2451,2148,2299,303
1859,2102,1980,243
2211,1999,2105,212
2345,2133,2239,212
2484,2432,2458,52
2212,1937,2074,275
2474,2299,2386,175
1820,2058,1939,238
2371,2461,2416,90
2336,2015,2175,321
2401,2512,2456,111
2304,2263,2283,41
2222,2438,2330,216
2026,1942,1984,84
2348,2078,2213,270
1833,2313,2073,480
1871,2049,1960,178
2400,2232,2316,168
2204,2069,2136,135
1934,2101,2017,167
2428,2549,2488,121
2527,2636,2581,109
2539,2269,2404,270
1922,1781,1851,141
2541,2218,2379,323
1864,2127,1995,263
2541,2556,2548,15
2445,2149,2297,296
1609,2167,1888,558
2324,2337,2330,13
1999,1827,1913,172
1219,1803,1511,584
2320,2416,2368,96
2582,2545,2563,37
2510,2374,2442,136
2081,1933,2007,148
2368,2078,2223,290
1794,2002,1898,208
1800,1918,1859,118
2429,2563,2496,134
2200,2288,2244,88
2521,2067,2294,454
2206,2451,2328,245
2254,2153,2203,101
2107,2238,2172,131
1673,1944,1808,271
2484,2446,2465,38
1996,2473,2234,477
2403,2364,2383,39
2353,2076,2214,277
2364,2716,2540,352
2557,2264,2410,293
1837,2266,2051,429
2480,1957,2218,523
2570,2454,2512,116
2126,2158,2142,32
1823,2071,1947,248
2093,2161,2127,68
1847,2143,1995,296
1969,1768,1868,201
2558,2529,2543,29
2012,1978,1995,34
2706,2417,2561,289
1876,2225,2050,349
2500,2425,2462,75
2387,2277,2332,110
2366,2196,2281,170
2177,2435,2306,258
2480,2363,2421,117
2417,2322,2369,95
2062,2364,2213,302
2344,2546,2445,202
2378,2258,2318,120
2255,2254,2254,1
2318,2317,2317,1
2220,1993,2106,227
1772,1922,1847,150
2304,2237,2270,67
2253,2386,2319,133
2304,2049,2176,255
2442,2274,2358,168
2658,2709,2683,51
2548,2338,2443,210
2402,2664,2533,262
1684,1933,1808,249
1921,2066,1993,145
2205,1738,1971,467
2350,2111,2230,239
2440,2267,2353,173
2422,2373,2397,49
2511,2541,2526,30
2648,2502,2575,146
2182,2591,2386,409
2531,2339,2435,192
1851,2521,2186,670
2356,2186,2271,170
2612,2472,2542,140
2012,1783,1897,229
2403,2368,2385,35
1833,2042,1937,209
2470,2584,2527,114
2443,2226,2334,217
2605,2524,2564,81
2247,2287,2267,40
2225,2282,2253,57
2284,2364,2324,80
2385,2233,2309,152
2102,2107,2104,5
2597,2659,2628,62
2469,2439,2454,30
2482,2076,2279,406
2331,2011,2171,320
1558,1799,1678,241
2214,1864,2039,350
2072,2271,2171,199
2254,1737,1995,517
2482,2542,2512,60
1892,1945,1918,53
2379,2556,2467,177
2118,2022,2070,96
2496,2314,2405,182
2130,2022,2076,108
2488,2245,2366,243
2079,1904,1991,175
2613,2132,2372,481
1613,2529,2071,916
2046,1885,1965,161
2315,2466,2390,151
2074,2184,2129,110
2813,2648,2730,165
2384,2389,2386,5
2438,2398,2418,40
2038,1585,1811,453
1965,2001,1983,36
2100,1713,1906,387
2046,2405,2225,359
2468,2235,2351,233
1927,1937,1932,10
2007,1718,1862,289
2270,2443,2356,173
2191,2161,2176,30
2011,1966,1988,45
2232,2316,2274,84
2094,1797,1945,297
2144,2256,2200,112
2542,2608,2575,66
1995,2307,2151,312
2399,2178,2288,221
2219,2193,2206,26
2717,2663,2690,54
2108,2237,2172,129
2536,2669,2602,133
2426,2303,2364,123
2027,2488,2257,461
2358,2402,2380,44
2430,2234,2332,196
2179,2413,2296,234
1796,2081,1938,285
2486,2629,2557,143
1993,2512,2252,519
2021,1934,1977,87
2586,2476,2531,110
1682,1604,1643,78
2599,2659,2629,60
1801,2326,2063,525
2151,2391,2271,240
2558,2375,2466,183
1934,1897,1915,37
2168,2266,2217,98
2392,2526,2459,134
2816,2697,2756,119
2266,2047,2156,219
2256,2212,2234,44
1917,2097,2007,180
2544,2631,2587,87
2500,2289,2394,211
2416,2458,2437,42
2454,2721,2587,267
1989,1792,1890,197
2734,2753,2743,19
2363,2506,2434,143
2125,2331,2228,206
2444,2498,2471,54
1347,1451,1399,104
2426,2522,2474,96
2422,2546,2484,124
2139,2518,2328,379
1852,2216,2034,364
2308,2518,2413,210
2526,2105,2315,421
1879,2204,2041,325
2547,2581,2564,34
2397,2183,2290,214
2682,2249,2465,433
2442,2723,2582,281
2159,2104,2131,55
2725,2666,2695,59
2234,2308,2271,74
2449,2349,2399,100
1793,1662,1727,131
2433,2375,2404,58
2170,2046,2108,124
2630,2482,2556,148
2414,2083,2248,331
2256,2012,2134,244
2651,2358,2504,293
2201,1909,2055,292
2090,2228,2159,138
2367,2365,2366,2
2518,2503,2510,15
2282,1915,2098,367
2236,2086,2161,150
2259,2067,2163,192
2214,2291,2252,77
2214,2395,2304,181
2059,2135,2097,76
2477,2368,2422,109
1857,1706,1781,151
1954,2421,2187,467
2284,2619,2451,335
2341,2316,2328,25
2292,2427,2359,135
2275,2147,2211,128
1963,1966,1964,3
2105,2299,2202,194
2296,2538,2417,242
1948,2083,2015,135
2713,2505,2609,208
2487,2515,2501,28
2157,2168,2162,11
2547,2271,2409,276
1570,1859,1714,289
2109,1981,2045,128
2518,2644,2581,126
2270,2203,2236,67
2150,1966,2058,184
2540,2505,2522,35
2001,1824,1912,177
2479,2586,2532,107
2498,2628,2563,130
2431,2546,2488,115
2066,2278,2172,212
2257,2514,2385,257
1953,2187,2070,234
2412,2646,2529,234
2609,2705,2657,96
1929,2341,2135,412
2476,2418,2447,58
2516,2242,2379,274
2230,2205,2217,25
2396,2585,2490,189
2527,2617,2572,90
2230,2409,2319,179
2043,2438,2240,395
2639,2535,2587,104
2529,2545,2537,16
2504,2358,2431,146
2408,2487,2447,79
2536,2132,2334,404
2181,2403,2292,222
1995,2417,2206,422
2643,2592,2617,51
2375,2496,2435,121
2267,2548,2407,281
1924,2067,1995,143
2697,2641,2669,56
2199,2304,2251,105
2505,2408,2456,97
2148,1864,2006,284
2050,2023,2036,27
2585,2508,2546,77
1918,2079,1998,161
2518,2427,2472,91
2067,2203,2135,136
2305,2231,2268,74
2678,2706,2692,28
2313,2584,2448,271
2417,2389,2403,28
2403,2253,2328,150
2159,2308,2233,149
2446,2487,2466,41
1740,1963,1851,223
2135,2089,2112,46
2570,2277,2423,293
2257,2045,2151,212
2105,2114,2109,9
2547,2567,2557,20
2380,2325,2352,55
2086,1566,1826,520
2141,2423,2282,282
2273,1975,2124,298
2329,2222,2275,107
2117,2547,2332,430
2054,1997,2025,57
1590,1658,1624,68
2757,2758,2757,1
1875,2044,1959,169
2093,1921,2007,172
1969,2073,2021,104
1965,2194,2079,229
2062,2318,2190,256
2114,2337,2225,223
1800,1647,1723,153
2488,2645,2566,157
2314,2369,2341,55
2371,2458,2414,87
2675,2753,2714,78
2205,2391,2298,186
2665,2671,2668,6
2170,2071,2120,99
2075,2218,2146,143
2095,2269,2182,174
2599,2374,2486,225
2193,2188,2190,5
2086,2243,2164,157
2228,2308,2268,80
2604,2295,2449,309
1869,2054,1961,185
2070,2422,2246,352
2331,2215,2273,116
2122,2296,2209,174
1995,1896,1945,99
2489,2281,2385,208
1956,2148,2052,192
1851,1325,1588,526
2081,1702,1891,379
2227,2021,2124,206
2445,1899,2172,546
1980,1894,1937,86
2298,2184,2241,114
2487,2631,2559,144
2094,2163,2128,69
2000,2331,2165,331
2335,2435,2385,100
2162,2541,2351,379
2163,2312,2237,149
2109,2204,2156,95
2178,2362,2270,184
2422,2583,2502,161
2414,2299,2356,115
1876,2428,2152,552
2080,2001,2040,79
1830,2042,1936,212
2283,2004,2143,279
2360,1987,2173,373
2196,2299,2247,103
1920,2048,1984,128
2253,2545,2399,292
2601,2614,2607,13
2105,1969,2037,136
2603,2022,2312,581
2554,2381,2467,173
2228,2151,2189,77
2439,2607,2523,168
1766,2072,1919,306
2024,2137,2080,113
2279,2237,2258,42
2556,2411,2483,145
2495,2289,2392,206
2655,2544,2599,111
2731,2703,2717,28
2220,2303,2261,83
2470,2558,2514,88
1997,2246,2121,249
2688,2619,2653,69
2031,2238,2134,207
2178,2376,2277,198
1987,1791,1889,196
2332,2311,2321,21
2106,2391,2248,285
1659,2428,2043,769
1795,1939,1867,144
2108,1959,2033,149
2555,2651,2603,96
2207,2369,2288,162
2485,2281,2383,204
2257,2223,2240,34
2340,2332,2336,8
1903,2291,2097,388
2091,2032,2061,59
2084,2103,2093,19
1458,1836,1647,378
1851,1285,1568,566
2315,2512,2413,197
1976,1749,1862,227
1985,2268,2126,283
1614,1877,1745,263
2477,2499,2488,22
2575,2641,2608,66
2066,1969,2017,97
1587,1605,1596,18
2403,2125,2264,278
2042,2395,2218,353
2400,2261,2330,139
2411,2249,2330,162
2321,2507,2414,186
2168,2442,2305,274
2282,2706,2494,424
1914,1899,1906,15
2187,1929,2058,258
2006,1835,1920,171
2327,1824,2075,503
2071,2629,2350,558
2603,2548,2575,55
1471,1654,1562,183
1808,2045,1926,237
1852,1677,1764,175
2023,2125,2074,102
2208,2632,2420,424
2296,2291,2293,5
1954,1899,1926,55
2423,2426,2424,3
1980,2013,1996,33
1938,2099,2018,161
2393,2069,2231,324
2472,2311,2391,161
2328,2184,2256,144
2299,1797,2048,502
1675,1579,1627,96
1822,2025,1923,203
1952,2189,2070,237
2259,2417,2338,158
2198,1908,2053,290
2552,2379,2465,173
2665,2639,2652,26
2192,1847,2019,345
2564,2046,2305,518
2231,1976,2103,255
2141,1915,2028,226
2770,2769,2769,1
2060,1994,2027,66
2129,2465,2297,336
2071,2323,2197,252
2009,1755,1882,254
2507,2294,2400,213
2103,2337,2220,234
2237,2328,2282,91
2428,2489,2458,61
2516,2711,2613,195
2115,2446,2280,331
2625,2425,2525,200
2258,2263,2260,5
2099,1982,2040,117
2080,2213,2146,133
2316,2362,2339,46
2041,2471,2256,430
2543,2605,2574,62
2438,2185,2311,253
2605,2706,2655,101
2250,2078,2164,172
2280,2093,2186,187
1992,2103,2047,111
2110,2337,2223,227
2283,2288,2285,5
2473,2273,2373,200
2528,2428,2478,100
2003,1912,1957,91
2190,2179,2184,11
2338,2581,2459,243
2258,2031,2144,227
2121,2003,2062,118
2026,2354,2190,328
2240,2282,2261,42
2323,2328,2325,5
2605,2418,2511,187
2264,2042,2153,222
2211,2227,2219,16
1878,2024,1951,146
1734,2211,1972,477
1785,2069,1927,284
2128,2423,2275,295
1763,2107,1935,344
2244,2445,2344,201
2430,2214,2322,216
2127,1865,1996,262
1790,2073,1931,283
2056,2147,2101,91
1956,1608,1782,348
2564,2352,2458,212
2295,2203,2249,92
2331,2328,2329,3
1599,1438,1518,161
2404,2066,2235,338
2288,2227,2257,61
1603,1852,1727,249
1867,2098,1982,231
2652,2412,2532,240
2496,2174,2335,322
2271,2119,2195,152
2458,2511,2484,53
2286,2022,2154,264
1896,1689,1792,207
2675,2534,2604,141
2438,2347,2392,91
2525,2464,2494,61
2063,1911,1987,152
2137,1901,2019,236
2073,2151,2112,78
2428,2265,2346,163
2144,1938,2041,206
2462,2106,2284,356
1907,2209,2058,302
1796,1899,1847,103
1952,2279,2115,327
1940,2123,2031,183
2565,2517,2541,48
2161,2482,2321,321
1640,2003,1821,363
2164,1995,2079,169
1496,1774,1635,278
2244,2121,2182,123
2151,2218,2184,67
2373,2507,2440,134
2251,2286,2268,35
2434,2338,2386,96
2149,2403,2276,254
2382,2055,2218,327
2281,2309,2295,28
2333,2215,2274,118
2450,2482,2466,32
1927,2177,2052,250
2436,2673,2554,237
1846,1421,1633,425
1887,1621,1754,266
2416,2481,2448,65
1981,1976,1978,5
2010,2362,2186,352
2144,2221,2182,77
2659,2451,2555,208
1998,2004,2001,6
1920,2088,2004,168
1676,1808,1742,132
2238,2356,2297,118
2023,2255,2139,232
2595,2479,2537,116
2047,2326,2186,279
2001,1765,1883,236
2431,2412,2421,19
2184,2327,2255,143
2139,1573,1856,566
2469,2493,2481,24
2081,2339,2210,258
2375,2514,2444,139
2401,1808,2104,593
2290,2233,2261,57
2741,2617,2679,124
2048,2515,2281,467
2698,2572,2635,126
2135,2002,2068,133
2397,2219,2308,178
1786,2136,1961,350
1759,1938,1848,179
2506,2409,2457,97
2136,2484,2310,348
1939,1999,1969,60
2429,2197,2313,232
2391,2296,2343,95
2308,2491,2399,183
2557,2339,2448,218
2324,2199,2261,125
2053,2278,2165,225
2226,2427,2326,201
2133,2217,2175,84
2480,2234,2357,246
2275,2469,2372,194
2644,2028,2336,616
2097,2137,2117,40
2313,2501,2407,188
2490,2464,2477,26
2529,2476,2502,53
2593,2574,2583,19
2361,2493,2427,132
2574,2286,2430,288
1882,2071,1976,189
1756,1729,1742,27
2034,2235,2134,201
2268,2274,2271,6
2401,2474,2437,73
1990,2256,2123,266
2505,2642,2573,137
2175,2014,2094,161
2214,2378,2296,164
2204,1761,1982,443
1891,1671,1781,220
2663,2471,2567,192
1899,2069,1984,170
2322,2297,2309,25
2506,2771,2638,265
2030,2224,2127,194
2338,2445,2391,107
2428,2069,2248,359
2463,2432,2447,31
2261,1829,2045,432
2285,2246,2265,39
2377,2071,2224,306
2377,2656,2516,279
2042,2213,2127,171
2227,2322,2274,95
2655,2331,2493,324
2441,2512,2476,71
1909,2083,1996,174
2560,2669,2614,109
2000,2294,2147,294
2211,2218,2214,7
1798,2006,1902,208
2751,2331,2541,420
2568,2329,2448,239
1962,2127,2044,165
2368,2267,2317,101
2651,2659,2655,8
2313,2217,2265,96
2081,2272,2176,191
2180,2419,2299,239
2251,2362,2306,111
2364,2362,2363,2
2499,2254,2376,245
1905,1666,1785,239
2498,2471,2484,27
2437,2294,2365,143
2724,2672,2698,52
2020,2155,2087,135
2156,2401,2278,245
1599,1915,1757,316
2170,2083,2126,87
2001,2281,2141,280
2437,2292,2364,145
2366,2443,2404,77
2307,1909,2108,398
2003,1657,1830,346
2270,2409,2339,139
2282,1977,2129,305
2362,2039,2200,323
2443,2636,2539,193
2342,2245,2293,97
2089,1967,2028,122
2381,2103,2242,278
2263,2011,2137,252
1552,1487,1519,65
2249,2113,2181,136
2363,2426,2394,63
2505,2196,2350,309
1880,2207,2043,327
2432,2286,2359,146
2349,2154,2251,195
2448,2359,2403,89
2391,2187,2289,204
1786,2176,1981,390
1590,1641,1615,51
2104,1967,2035,137
2597,2374,2485,223
2169,2237,2203,68
2389,2017,2203,372
1570,1851,1710,281
1832,1551,1691,281
2592,2531,2561,61
1683,2086,1884,403
2381,2457,2419,76
2344,1988,2166,356
2274,2338,2306,64
1791,1938,1864,147
2443,2416,2429,27
2056,2267,2161,211
2678,2628,2653,50
2536,2316,2426,220
2108,2331,2219,223
1835,1945,1890,110
2248,1738,1993,510
2019,1841,1930,178
2731,2756,2743,25
2624,2526,2575,98
2531,2554,2542,23
2503,2385,2444,118
2253,2137,2195,116
2068,1884,1976,184
2106,1986,2046,120
1886,2204,2045,318
2267,2416,2341,149
2598,2558,2578,40
2316,2074,2195,242
2222,2099,2160,123
2422,2204,2313,218
2373,2136,2254,237
2363,2479,2421,116
2017,1792,1904,225
2066,2254,2160,188
2517,2551,2534,34
2089,2323,2206,234
1747,1842,1794,95
2679,2771,2725,92
2372,2427,2399,55
1995,1805,1900,190
2187,2307,2247,120
2037,2047,2042,10
2346,2444,2395,98
2397,2298,2347,99
2024,2082,2053,58
2346,2537,2441,191
2201,2307,2254,106
2276,2065,2170,211
2367,2332,2349,35
2061,2081,2071,20
1940,2162,2051,222
2534,2645,2589,111
1849,2083,1966,234
2440,2395,2417,45
2586,2523,2554,63
1976,1719,1847,257
1982,1788,1885,194
2017,2082,2049,65
2361,2383,2372,22
2053,1774,1913,279
1962,2225,2093,263
2491,2358,2424,133
2356,2494,2425,138
2491,2688,2589,197
2527,2597,2562,70
2248,2141,2194,107
2235,2416,2325,181
2184,1994,2089,190
2059,1808,1933,251
2095,1898,1996,197
2181,2538,2359,357
2177,2166,2171,11
2422,2125,2273,297
2162,2365,2263,203
2636,2294,2465,342
2182,2426,2304,244
2233,2087,2160,146
2065,1947,2006,118
2288,2248,2268,40
1746,2069,1907,323
2546,2703,2624,157
2560,2459,2509,101
2332,2166,2249,166
2229,2425,2327,196
2420,2128,2274,292
2101,2416,2258,315
2119,2107,2113,12
2067,2313,2190,246
2198,2058,2128,140
2508,2514,2511,6
2232,2377,2304,145
2308,2526,2417,218
2065,1499,1782,566
2391,2469,2430,78
2630,2563,2596,67
2785,2632,2708,153
1956,2589,2272,633
2228,2316,2272,88
2514,2399,2456,115
1941,1957,1949,16
2506,2489,2497,17
2154,2243,2198,89
2372,2204,2288,168
2004,2069,2036,65
2547,2555,2551,8
2501,2069,2285,432
2397,2294,2345,103
2284,2112,2198,172
2448,2524,2486,76
2217,2526,2371,309
2270,2493,2381,223
2469,2507,2488,38
2368,2486,2427,118
2446,2154,2300,292
2439,1952,2195,487
1927,2116,2021,189
2527,2421,2474,106
2530,2649,2589,119
2669,2141,2405,528
2417,2398,2407,19
2387,2597,2492,210
1891,2098,1994,207
2192,2654,2423,462
2053,2453,2253,400
2611,2535,2573,76
2244,2078,2161,166
2420,2589,2504,169
2054,2367,2210,313
1842,1584,1713,258
2193,2325,2259,132
2179,2307,2243,128
2446,2242,2344,204
2522,2615,2568,93
2161,1886,2023,275
2328,2308,2318,20
2115,1753,1934,362
2092,2211,2151,119
2382,2175,2278,207
2267,2619,2443,352
2289,2373,2331,84
1920,1655,1787,265
2481,2216,2348,265
2396,2127,2261,269
2525,2353,2439,172
2080,1955,2017,125
2639,2557,2598,82
2470,2221,2345,249
2280,2215,2247,65
2623,2327,2475,296
2422,2327,2374,95
2155,2442,2298,287
2015,2191,2103,176
2632,2547,2589,85
2422,2246,2334,176
2134,1994,2064,140
2435,2595,2515,160
2375,2231,2303,144
2302,2532,2417,230
2019,2217,2118,198
2608,2345,2476,263
2363,2244,2303,119
2149,2165,2157,16
2123,2356,2239,233
2194,2008,2101,186
2525,2362,2443,163
2096,2321,2208,225
2071,2297,2184,226
2463,2618,2540,155
2287,2148,2217,139
2336,2235,2285,101
2469,2358,2413,111
2476,2384,2430,92
2014,1826,1920,188
2518,2365,2441,153
2560,2431,2495,129
1945,1796,1870,149
2446,2233,2339,213
2246,2036,2141,210
2471,2557,2514,86
1936,1404,1670,532
2285,2423,2354,138
2251,2485,2368,234
2541,2618,2579,77
2467,2194,2330,273
2410,2472,2441,62
2531,2462,2496,69
2195,2199,2197,4
2397,2343,2370,54
1927,1974,1950,47
2346,2481,2413,135
2183,2469,2326,286
1651,1435,1543,216
1864,2115,1989,251
2392,2588,2490,196
2409,2258,2333,151
2483,2457,2470,26
2244,2063,2153,181
2397,2246,2321,151
2458,2372,2415,86
2111,2243,2177,132
2274,2332,2303,58
2397,2606,2501,209
2455,2615,2535,160
2469,2454,2461,15
2339,2127,2233,212
2451,2345,2398,106
2222,2425,2323,203
2345,2139,2242,206
2326,2652,2489,326
2761,2826,2793,65
1884,2313,2098,429
2599,2388,2493,211
2073,1915,1994,158
2235,2027,2131,208
2109,2274,2191,165
1287,1484,1385,197
2138,1916,2027,222
2436,2224,2330,212
2174,2026,2100,148
2171,2186,2178,15
2002,2262,2132,260
1691,1955,1823,264
2499,2158,2328,341
2296,2396,2346,100
2211,2281,2246,70
2242,2453,2347,211
1981,2073,2027,92
2042,2273,2157,231
2148,2401,2274,253
2304,2404,2354,100
2089,2346,2217,257
2123,2234,2178,111
1896,1563,1729,333
2058,2009,2033,49
2107,2001,2054,106
2803,2774,2788,29
2337,2176,2256,161
1817,2121,1969,304
2485,1693,2089,792
2782,2683,2732,99
2707,2338,2522,369
2203,2287,2245,84
2484,2301,2392,183
1912,1704,1808,208
1919,2119,2019,200
1884,1712,1798,172
2078,1831,1954,247
1927,2094,2010,167
1928,2002,1965,74
2387,2559,2473,172
1768,2078,1923,310
2141,2246,2193,105
2226,2613,2419,387
2396,2253,2324,143
1682,2071,1876,389
2208,2545,2376,337
2449,2599,2524,150
2340,2384,2362,44
2179,1989,2084,190
1959,2426,2192,467
2265,2532,2398,267
2383,2008,2195,375
2087,1954,2020,133
1867,2144,2005,277
2266,2101,2183,165
2221,2292,2256,71
2281,2052,2166,229
2351,2074,2212,277
2434,2335,2384,99
2022,2196,2109,174
1911,2201,2056,290
1805,2025,1915,220
2525,2596,2560,71
1925,2422,2173,497
2192,2367,2279,175
2384,2573,2478,189
2253,2347,2300,94
2186,2125,2155,61
2287,2536,2411,249
1595,1446,1520,149
2555,2449,2502,106
2200,2321,2260,121
2285,2072,2178,213
2116,2356,2236,240
2676,2417,2546,259
2342,2354,2348,12
2052,1952,2002,100
2121,2056,2088,65
1888,1611,1749,277
2632,2518,2575,114
2203,2093,2148,110
2228,1965,2096,263
2535,2641,2588,106
1984,1979,1981,5
2025,2228,2126,203
2160,2325,2242,165
2580,2438,2509,142
2216,2378,2297,162
2722,2331,2526,391
2462,2288,2375,174
2091,2441,2266,350
2270,2114,2192,156
2059,2218,2138,159
2560,2596,2578,36
2648,2388,2518,260
2518,2449,2483,69
2110,2664,2387,554
2645,2604,2624,41
1994,1485,1739,509
2417,2429,2423,12
1929,2204,2066,275
2085,1955,2020,130
2472,2521,2496,49
2396,1978,2187,418
2251,2086,2168,165
2219,2163,2191,56
2775,2681,2728,94
2706,2428,2567,278
2354,2556,2455,202
2737,2579,2658,158
2336,2205,2270,131
2034,1852,1943,182
2193,1792,1992,401
2449,2702,2575,253
2180,2075,2127,105
2407,2532,2469,125
2278,2403,2340,125
2114,2194,2154,80
2741,2775,2758,34
2498,2285,2391,213
2345,2509,2427,164
1737,1852,1794,115
1848,1573,1710,275
1845,1802,1823,43
2098,2414,2256,316
2104,1993,2048,111
2468,2429,2448,39
1733,2223,1978,490
2026,1941,1983,85
1573,2064,1818,491
2557,2406,2481,151
2368,2259,2313,109
1788,2306,2047,518
2620,2598,2609,22
2421,2352,2386,69
2215,2227,2221,12
2255,2087,2171,168
1846,1698,1772,148
2240,2179,2209,61
2152,2419,2285,267
2438,2255,2346,183
2150,2051,2100,99
2185,2092,2138,93
2083,1897,1990,186
2479,2396,2437,83
2093,2235,2164,142
2186,1994,2090,192
2600,2498,2549,102
2296,2519,2407,223
2214,2486,2350,272
2339,2006,2172,333
1553,1883,1718,330
1857,2273,2065,416
2502,2651,2576,149
2080,2285,2182,205
2393,2407,2400,14
2211,2116,2163,95
1701,1846,1773,145
2451,2416,2433,35
1813,2116,1964,303
1889,2125,2007,236
2290,2088,2189,202
2452,2242,2347,210
2448,2206,2327,242
1939,2218,2078,279
2771,2616,2693,155
2403,2471,2437,68
1747,1487,1617,260
2111,1903,2007,208
2438,2313,2375,125
1919,2026,1972,107
2036,2261,2148,225
2329,2514,2421,185
2358,2048,2203,310
1920,1687,1803,233
2353,2353,2353,0
2053,1879,1966,174
2251,2235,2243,16
2268,2122,2195,146
2638,2473,2555,165
2159,2236,2197,77
2219,2471,2345,252
2026,2306,2166,280
2006,2356,2181,350
2481,2473,2477,8
2487,2312,2399,175
2321,2198,2259,123
2137,2282,2209,145
2044,2348,2196,304
2278,2279,2278,1
2605,2487,2546,118
2018,1918,1968,100
2082,2173,2127,91
2643,2502,2572,141
2255,2203,2229,52
2360,2391,2375,31
2245,2421,2333,176
2316,2075,2195,241
1924,2398,2161,474
2477,2382,2429,95
2287,2098,2192,189
2320,2443,2381,123
1654,1757,1705,103
2429,2455,2442,26
2259,2462,2360,203
2377,2244,2310,133
2510,2273,2391,237
2021,2273,2147,252
2410,2394,2402,16
2039,2326,2182,287
2120,2291,2205,171
1880,1931,1905,51
2532,2687,2609,155
2579,1939,2259,640
1633,1921,1777,288
2121,2282,2201,161
2553,2418,2485,135
2516,2346,2431,170
2008,2098,2053,90
2525,2788,2656,263
2352,2526,2439,174
2063,2255,2159,192
2481,2085,2283,396
2458,2485,2471,27
2469,2471,2470,2
2501,2655,2578,154
2307,2161,2234,146
2534,2496,2515,38
2478,2428,2453,50
2341,2565,2453,224
2298,2023,2160,275
2368,2279,2323,89
1970,2517,2243,547
2335,1957,2146,378
2145,1921,2033,224
1967,2244,2105,277
2132,2413,2272,281
2401,2226,2313,175
1941,1892,1916,49
2653,2707,2680,54
2203,1811,2007,392
1897,2039,1968,142
2646,1697,2171,949
2242,2098,2170,144
2406,2667,2536,261
2299,2228,2263,71
2541,2424,2482,117
2070,2543,2306,473
2567,2343,2455,224
2361,2147,2254,214
2482,2253,2367,229
2722,2712,2717,10
1467,2119,1793,652
2259,2339,2299,80
2120,2209,2164,89
2311,2371,2341,60
2324,2387,2355,63
1766,1887,1826,121
2205,1828,2016,377
2267,2327,2297,60
2398,2371,2384,27
2538,2622,2580,84
2370,2426,2398,56
2158,2411,2284,253
2201,2231,2216,30
2442,2121,2281,321
2229,2358,2293,129
2589,2598,2593,9
1912,2228,2070,316
2044,2129,2086,85
2431,2303,2367,128
2223,2234,2228,11
2066,2264,2165,198
1982,2523,2252,541
2680,2548,2614,132
2664,2683,2673,19
1931,2334,2132,403
2372,2405,2388,33
2730,2721,2725,9
2457,2594,2525,137
2423,2277,2350,146
1875,2133,2004,258
2546,2512,2529,34
2518,2434,2476,84
2449,2477,2463,28
1616,1835,1725,219
2420,2563,2491,143
2544,2471,2507,73
1975,2244,2109,269
2434,2256,2345,178
2025,2181,2103,156
1683,1824,1753,141
2739,2772,2755,33
2413,2208,2310,205
2620,2693,2656,73
2273,2528,2400,255
2463,2528,2495,65
2278,2476,2377,198
2475,2443,2459,32
2214,1922,2068,292
2051,2273,2162,222
2196,2685,2440,489
2544,2549,2546,5
2159,2078,2118,81
2227,2114,2170,113
2419,2468,2443,49
1610,1953,1781,343
2470,2045,2257,425
1658,1628,1643,30
2461,2575,2518,114
1841,1534,1687,307
2635,2527,2581,108
2701,2587,2644,114
2394,2296,2345,98
2088,2328,2208,240
2446,2424,2435,22
2462,1995,2228,467
1744,2081,1912,337
2300,2149,2224,151
2025,2171,2098,146
2418,2482,2450,64
2552,2416,2484,136
1981,2618,2299,637
2194,2388,2291,194
2297,2487,2392,190
2556,2348,2452,208
2145,2426,2285,281
2420,2464,2442,44
2528,2524,2526,4
2223,2415,2319,192
2076,2199,2137,123
2437,2301,2369,136
1738,1806,1772,68
2607,2579,2593,28
1659,1896,1777,237
2402,2438,2420,36
2172,1986,2079,186
2548,2641,2594,93
2311,2423,2367,112
1953,1726,1839,227
1626,2368,1997,742
1796,1755,1775,41
1787,2257,2022,470
2397,2521,2459,124
2593,2588,2590,5
2290,1791,2040,499
1990,2349,2169,359
1741,2071,1906,330
2353,2426,2389,73
2298,2477,2387,179
2076,1954,2015,122
2616,2366,2491,250
1786,1792,1789,6
2591,2297,2444,294
2067,1926,1996,141
2452,2602,2527,150
2397,2495,2446,98
2495,2117,2306,378
2063,2092,2077,29
2556,2453,2504,103
2132,2599,2365,467
2047,2144,2095,97
1737,1743,1740,6
2590,2367,2478,223
1279,1813,1546,534
2158,1955,2056,203
2319,2404,2361,85
2347,2366,2356,19
2329,2101,2215,228
2471,2097,2284,374
1831,1969,1900,138
2169,2271,2220,102
2094,2284,2189,190
2617,2295,2456,322
2390,2548,2469,158
2233,2121,2177,112
1627,1326,1476,301
2394,2325,2359,69
2177,2058,2117,119
2310,2282,2296,28
2036,2245,2140,209
1417,1764,1590,347
2588,2254,2421,334
2563,2467,2515,96
2322,2396,2359,74
2344,2464,2404,120
2547,2419,2483,128
2124,1746,1935,378
1995,2174,2084,179
2506,2367,2436,139
2630,2546,2588,84
2533,2123,2328,410
2516,2559,2537,43
2237,2166,2201,71
2417,2312,2364,105
2281,2142,2211,139
2056,1945,2000,111
2235,2227,2231,8
2298,2544,2421,246
1848,1634,1741,214
2572,2711,2641,139
2058,2232,2145,174
1759,1549,1654,210
2307,2166,2236,141
2208,2449,2328,241
2227,2147,2187,80
2260,2631,2445,371
2532,2309,2420,223
2277,2216,2246,61
2246,1713,1979,533
2374,2567,2470,193
2056,2381,2218,325
2176,2214,2195,38
2535,2657,2596,122
2606,2487,2546,119
2243,2269,2256,26
2558,2565,2561,7
2479,2584,2531,105
2575,2426,2500,149
1935,2183,2059,248
2221,2047,2134,174
1931,2024,1977,93
2415,2542,2478,127
1870,2186,2028,316
2503,2398,2450,105
2522,2487,2504,35
2584,2428,2506,156
2534,2537,2535,3
2173,2533,2353,360
1899,2283,2091,384
2040,2147,2093,107
2330,2069,2199,261
1646,1763,1704,117
2568,2453,2510,115
2225,2263,2244,38
2220,2231,2225,11
2490,2241,2365,249
2297,2154,2225,143
2429,2443,2436,14
1957,1812,1884,145
2414,2164,2289,250
2355,2438,2396,83
2329,2261,2295,68
2505,2031,2268,474
1896,2006,1951,110
2575,2399,2487,176
2403,2353,2378,50
1937,2174,2055,237
2200,2373,2286,173
2399,1985,2192,414
1286,1367,1326,81
2402,2484,2443,82
2141,2035,2088,106
2344,2141,2242,203
2359,2476,2417,117
1629,1909,1769,280
2365,2428,2396,63
2155,2011,2083,144
2243,2161,2202,82
2166,2251,2208,85
2527,2019,2273,508
2370,2431,2400,61
2174,2297,2235,123
1784,1588,1686,196
2086,1926,2006,160
2311,2169,2240,142
2052,2508,2280,456
2508,2739,2623,231
1638,1771,1704,133
2587,2342,2464,245
2399,2257,2328,142
2285,2367,2326,82
2045,1931,1988,114
2341,2086,2213,255
2544,2489,2516,55
2338,2549,2443,211
2304,2356,2330,52
2284,2458,2371,174
2230,2512,2371,282
2102,2385,2243,283
1957,1987,1972,30
1922,1927,1924,5
2060,2512,2286,452
2669,2624,2646,45
1867,2566,2216,699
2272,2135,2203,137
1946,1836,1891,110
2419,2252,2335,167
2207,2346,2276,139
2016,2048,2032,32
2422,2233,2327,189
2241,2281,2261,40
2394,2125,2259,269
2007,2054,2030,47
2635,2451,2543,184
2258,2255,2256,3
2055,1692,1873,363
2296,2561,2428,265
2043,2592,2317,549
2412,2271,2341,141
2020,2235,2127,215
2521,2593,2557,72
2457,2176,2316,281
1761,1443,1602,318
2007,2186,2096,179
2451,2408,2429,43
1779,2123,1951,344
2404,2249,2326,155
2029,1601,1815,428
1951,1953,1952,2
2629,2038,2333,591
2110,2168,2139,58
2502,1927,2214,575
2469,2681,2575,212
2090,1905,1997,185
2154,1991,2072,163
2434,2078,2256,356
2287,2481,2384,194
1639,1834,1736,195
1723,1583,1653,140
2221,2379,2300,158
2156,2581,2368,425
2331,2462,2396,131
2148,2496,2322,348
2453,2614,2533,161
2343,1976,2159,367
1938,2173,2055,235
2305,2312,2308,7
2264,2446,2355,182
2165,2432,2298,267
2392,2306,2349,86
2126,2158,2142,32
2166,2377,2271,211
2052,1881,1966,171
2371,2423,2397,52
2511,2465,2488,46
2173,2373,2273,200
1683,2015,1849,332
2467,2542,2504,75
2349,2481,2415,132
2354,2198,2276,156
2015,2211,2113,196
2383,2296,2339,87
2583,2881,2732,298
1947,1833,1890,114
2068,2012,2040,56
2079,2213,2146,134
2642,2491,2566,151
1906,2265,2085,359
2022,2212,2117,190
1919,1885,1902,34
1960,2238,2099,278
2285,1971,2128,314
2458,2213,2335,245
2233,2108,2170,125
1989,2137,2063,148
2457,2152,2304,305
2439,2211,2325,228
1768,1673,1720,95
2412,2684,2548,272
2276,2139,2207,137
2189,2177,2183,12
2475,2549,2512,74
2602,2473,2537,129
2437,2077,2257,360
2541,2356,2448,185
2524,2263,2393,261
2438,2355,2396,83
1620,2063,1841,443
2275,1892,2083,383
2660,2524,2592,136
2312,2543,2427,231
2224,2434,2329,210
2371,2167,2269,204
2655,2473,2564,182
2119,1831,1975,288
2397,2257,2327,140
2323,2278,2300,45
2448,2571,2509,123
2144,2289,2216,145
1950,1839,1894,111
1586,2045,1815,459
2247,2118,2182,129
1938,1778,1858,160
2386,2275,2330,111
2356,2112,2234,244
2368,2242,2305,126
2230,2336,2283,106
2365,1978,2171,387
2650,2589,2619,61
2349,2157,2253,192
2251,2322,2286,71
2533,2344,2438,189
2187,2381,2284,194
2135,2494,2314,359
2327,2672,2499,345
2502,2581,2541,79
2324,2191,2257,133
1915,1708,1811,207
2002,2341,2171,339
2552,2501,2526,51
2425,2525,2475,100
2321,2479,2400,158
2138,2092,2115,46
2271,2058,2164,213
1744,1849,1796,105
2388,2512,2450,124
1902,2148,2025,246
2135,2361,2248,226
2185,2381,2283,196
2122,1842,1982,280
2457,2348,2402,109
1645,1879,1762,234
2735,2771,2753,36
2473,2373,2423,100
2206,2403,2304,197
2011,2309,2160,298
2114,2216,2165,102
2523,2313,2418,210
2185,1867,2026,318
2047,2108,2077,61
2190,2054,2122,136
1998,2147,2072,149
2115,1987,2051,128
2602,2511,2556,91
2306,2289,2297,17
2410,2416,2413,6
2616,2294,2455,322
1868,1931,1899,63
2165,2002,2083,163
2328,2497,2412,169
2546,2281,2413,265
2357,2485,2421,128
2558,2227,2392,331
2251,1951,2101,300
1655,2151,1903,496
2360,2643,2501,283
2372,2469,2420,97
2263,2373,2318,110
1933,2149,2041,216
2586,2637,2611,51
2072,2138,2105,66
2560,2494,2527,66
2239,2421,2330,182
2256,2451,2353,195
2379,2331,2355,48
1965,1637,1801,328
1847,1596,1721,251
1929,2149,2039,220
1559,1806,1682,247
2394,2469,2431,75
2639,2523,2581,116
2202,2225,2213,23
2019,1985,2002,34
2176,2343,2259,167
1868,1808,1838,60
2155,2277,2216,122
2263,2327,2295,64
2758,2744,2751,14
2360,2039,2199,321
1973,2208,2090,235
2391,2402,2396,11
2340,1877,2108,463
1949,1771,1860,178
2634,2511,2572,123
2564,2576,2570,12
2522,2179,2350,343
2662,2672,2667,10
2356,2313,2334,43
2468,2054,2261,414
2389,2531,2460,142
2256,1922,2089,334
2394,2181,2287,213
2148,2567,2357,419
1630,2047,1838,417
2644,2573,2608,71
1626,1795,1710,169
2211,2082,2146,129
1823,2401,2112,578
1918,1504,1711,414
2234,2013,2123,221
2287,2427,2357,140
2099,1981,2040,118
2008,2015,2011,7
2023,1802,1912,221
2367,2109,2238,258
1282,1562,1422,280
1872,1872,1872,0
2468,2413,2440,55
2256,2097,2176,159
2095,2123,2109,28
1833,2066,1949,233
2696,2325,2510,371
1595,1888,1741,293
2203,1927,2065,276
1867,2048,1957,181
2193,2238,2215,45
2463,2293,2378,170
2334,2411,2372,77
2487,2257,2372,230
2398,2538,2468,140
2329,1947,2138,382
1627,1621,1624,6
2205,2011,2108,194
2363,1917,2140,446
2561,2328,2444,233
2710,2715,2712,5
2583,2561,2572,22
2257,2453,2355,196
2620,2495,2557,125
2402,2357,2379,45
2441,2458,2449,17
2283,2191,2237,92
2284,2468,2376,184
2122,1905,2013,217
1865,1531,1698,334
1916,2258,2087,342
2137,2458,2297,321
1930,1606,1768,324
2619,2655,2637,36
1839,2072,1955,233
2096,2427,2261,331
2069,2236,2152,167
2303,2309,2306,6
2058,1962,2010,96
1814,2082,1948,268
2254,2245,2249,9
2529,2245,2387,284
2046,2126,2086,80
2554,2372,2463,182
1867,2278,2072,411
2248,2554,2401,306
2495,2457,2476,38
2215,2533,2374,318
2034,2439,2236,405
2529,2218,2373,311
1913,2289,2101,376
2350,2161,2255,189
2179,2531,2355,352
2044,1895,1969,149
2480,2256,2368,224
2462,2594,2528,132
2069,2169,2119,100
2459,2389,2424,70
2549,2328,2438,221
2182,1984,2083,198
2420,2284,2352,136
2662,2638,2650,24
2412,2403,2407,9
2592,2527,2559,65
2332,2352,2342,20
2147,1958,2052,189
2242,2299,2270,57
2417,2163,2290,254
2534,2053,2293,481
2304,1808,2056,496
2726,2675,2700,51
2033,2136,2084,103
2535,2427,2481,108
2495,2261,2378,234
2581,2529,2555,52
1486,1733,1609,247
1743,1325,1534,418
2203,1862,2032,341
2741,2656,2698,85
2030,1817,1923,213
1906,1628,1767,278
2779,2753,2766,26
2416,2613,2514,197
2271,2427,2349,156
1981,2262,2121,281
2723,2426,2574,297
2059,2324,2191,265
2437,2412,2424,25
2631,2647,2639,16
1726,1954,1840,228
2542,2453,2497,89
2240,2024,2132,216
2249,2045,2147,204
1857,2193,2025,336
2512,2295,2403,217
1834,2031,1932,197
2269,2119,2194,150
2173,2562,2367,389
2431,2354,2392,77
2526,2558,2542,32
2059,2203,2131,144
2434,2571,2502,137
2582,2638,2610,56
2127,2222,2174,95
2050,2166,2108,116
2522,2599,2560,77
1808,1904,1856,96
2650,2685,2667,35
2170,2464,2317,294
2661,2757,2709,96
2275,2483,2379,208
2038,1766,1902,272
2259,2276,2267,17
2448,1954,2201,494
2485,2343,2414,142
2626,2647,2636,21
2040,1843,1941,197
2412,2592,2502,180
2204,2078,2141,126
2207,2409,2308,202
1934,2046,1990,112
2012,1867,1939,145
2284,1988,2136,296
2339,2348,2343,9
2288,2339,2313,51
1717,2067,1892,350
2404,2466,2435,62
2498,2423,2460,75
2672,2785,2728,113
2244,1913,2078,331
2126,1926,2026,200
2486,2353,2419,133
1575,1906,1740,331
2387,2576,2481,189
2209,2005,2107,204
2413,2445,2429,32
2190,2029,2109,161
2678,2359,2518,319
2032,1963,1997,69
2390,2445,2417,55
2368,2246,2307,122
2132,2339,2235,207
2396,2515,2455,119
2197,1813,2005,384
1883,1871,1877,12
2450,2502,2476,52
2250,2331,2290,81
2422,2495,2458,73
2418,2583,2500,165
2572,2562,2567,10
2008,1758,1883,250
2397,2233,2315,164
2540,2434,2487,106
2094,2293,2193,199
2184,2229,2206,45
2561,2495,2528,66
2027,1779,1903,248
1950,2032,1991,82
2630,2508,2569,122
2459,2276,2367,183
2230,2398,2314,168
2667,2621,2644,46
2603,2204,2403,399
2066,1703,1884,363
2302,2485,2393,183
2423,2421,2422,2
2024,2049,2036,25
1463,2047,1755,584
2219,2531,2375,312
2317,2429,2373,112
2247,2361,2304,114
1838,1529,1683,309
2096,2354,2225,258
2391,2452,2421,61
2470,2531,2500,61
1847,1762,1804,85
2419,2388,2403,31
2619,2317,2468,302
2192,2538,2365,346
1755,2372,2063,617
1794,1788,1791,6
2004,2138,2071,134
1976,2185,2080,209
2753,2651,2702,102
2087,2172,2129,85
1980,2127,2053,147
2326,1994,2160,332
2370,2193,2281,177
2344,2334,2339,10
2120,2317,2218,197
2315,2051,2183,264
2033,2423,2228,390
2399,2516,2457,117
2361,2278,2319,83
2349,2403,2376,54
2320,1805,2062,515
2266,1999,2132,267
2263,2337,2300,74
2154,2292,2223,138
2559,2675,2617,116
2555,2518,2536,37
2249,2557,2403,308
2401,2466,2433,65
2252,2525,2388,273
2660,2381,2520,279
2311,2453,2382,142
2208,2362,2285,154
2079,2348,2213,269
2158,2318,2238,160
2514,2218,2366,296
2520,2409,2464,111
1486,1755,1620,269
2072,2383,2227,311
2495,2395,2445,100
2320,2367,2343,47
2095,1816,1955,279
2490,2536,2513,46
2356,2154,2255,202
2439,2241,2340,198
2254,2145,2199,109
2396,2539,2467,143
2409,2129,2269,280
1498,1714,1606,216
2162,2394,2278,232
2181,1808,1994,373
1741,1325,1533,416
2478,2628,2553,150
2151,2084,2117,67
2283,2643,2463,360
2552,2412,2482,140
1838,2035,1936,197
2334,2428,2381,94
2767,2727,2747,40
2310,2554,2432,244
2350,2548,2449,198
1724,2229,1976,505
2217,2392,2304,175
2268,2005,2136,263
2453,2545,2499,92
2338,1752,2045,586
2015,2333,2174,318
2475,2118,2296,357
2389,2371,2380,18
1636,1543,1589,93
2405,2463,2434,58
2528,2289,2408,239
2442,2655,2548,213
1964,1557,1760,407
2379,2166,2272,213
2392,2246,2319,146
1857,1955,1906,98
2299,2254,2276,45
1995,2368,2181,373
1898,1975,1936,77
2609,2419,2514,190
2644,2543,2593,101
2135,2214,2174,79
2115,2087,2101,28
1978,1981,1979,3
1978,1754,1866,224
2178,2006,2092,172
1972,2458,2215,486
2058,2524,2291,466
1929,2037,1983,108
2256,2129,2192,127
2341,2492,2416,151
2034,2265,2149,231
2520,2607,2563,87
2304,2117,2210,187
2342,1973,2157,369
2029,1702,1865,327
1948,2574,2261,626
2330,2442,2386,112
2389,2405,2397,16
2576,2578,2577,2
1660,1592,1626,68
2254,2086,2170,168
2319,2163,2241,156
2357,2292,2324,65
2392,2669,2530,277
1611,2144,1877,533
2413,2418,2415,5
2724,2678,2701,46
2049,1922,1985,127
2364,2319,2341,45
2531,2541,2536,10
2580,2406,2493,174
2058,2213,2135,155
2220,2097,2158,123
2354,2637,2495,283
1632,1928,1780,296
2099,2269,2184,170
2200,2101,2150,99
1887,2135,2011,248
2279,2224,2251,55
2521,2477,2499,44
2580,2221,2400,359
2209,2069,2139,140
1559,1804,1681,245
1936,1998,1967,62
2600,2493,2546,107
1530,2067,1798,537
2584,2557,2570,27
2209,1854,2031,355
2453,2709,2581,256
2586,2581,2583,5
2325,2422,2373,97
1704,2004,1854,300
2141,1852,1996,289
2519,2346,2432,173
1969,2484,2226,515
2441,2158,2299,283
1950,2153,2051,203
2195,2618,2406,423
2160,1903,2031,257
2228,2156,2192,72
2242,2238,2240,4
2067,2457,2262,390
2414,2133,2273,281
2275,2586,2430,311
2354,2425,2389,71
2244,2179,2211,65
1868,2156,2012,288
2237,2238,2237,1
2162,2011,2086,151
2129,2348,2238,219
2305,2177,2241,128
2436,2132,2284,304
2421,2485,2453,64
2182,2142,2162,40
2098,2138,2118,40
2229,2294,2261,65
2374,2562,2468,188
2344,2257,2300,87
2525,2726,2625,201
2310,1984,2147,326
2436,2014,2225,422
2628,2516,2572,112
1369,1761,1565,392
1676,1893,1784,217
2206,1995,2100,211
2088,1898,1993,190
2506,2338,2422,168
2434,2538,2486,104
2810,2764,2787,46
2139,2232,2185,93
1824,2253,2038,429
1797,2016,1906,219
1965,2403,2184,438
2675,2632,2653,43
2013,2246,2129,233
1889,2001,1945,112
2218,2431,2324,213
2461,2207,2334,254
2189,2602,2395,413
2447,2483,2465,36
2072,1982,2027,90
2260,2317,2288,57
2129,2229,2179,100
2469,2458,2463,11
2630,2331,2480,299
1971,2177,2074,206
2312,2572,2442,260
2331,2301,2316,30
1868,2013,1940,145
1654,1623,1638,31
2060,2262,2161,202
2387,2485,2436,98
2510,2412,2461,98
2442,1995,2218,447
1430,1291,1360,139
2578,2067,2322,511
2373,2307,2340,66
1335,1546,1440,211
2004,2343,2173,339
2219,2014,2116,205
2287,2356,2321,69
1984,2214,2099,230
2182,2258,2220,76
2653,2288,2470,365
2253,1969,2111,284
2180,1997,2088,183
1915,2187,2051,272
2146,2325,2235,179
2323,1923,2123,400
2018,2212,2115,194
2207,2206,2206,1
2420,2164,2292,256
2363,2083,2223,280
2441,2054,2247,387
2239,2177,2208,62
1929,1688,1808,241
2039,2119,2079,80
2165,2419,2292,254
1940,2291,2115,351
2323,1994,2158,329
2521,2193,2357,328
2638,2477,2557,161
1934,2071,2002,137
2233,2011,2122,222
2085,1971,2028,114
2500,2574,2537,74
2535,2421,2478,114
2410,2495,2452,85
2125,2008,2066,117
2303,2216,2259,87
2539,2248,2393,291
2455,1899,2177,556
2634,2426,2530,208
2503,2392,2447,111
2276,2068,2172,208
2503,2246,2374,257
2368,2449,2408,81
2381,2429,2405,48
2484,2699,2591,215
2461,2508,2484,47
1983,2447,2215,464
2107,1977,2042,130
1975,1785,1880,190
2549,2436,2492,113
2140,2461,2300,321
2664,2424,2544,240
1822,1879,1850,57
2350,2069,2209,281
2202,2256,2229,54
2248,2123,2185,125
2264,2294,2279,30
1909,2199,2054,290
2198,2513,2355,315
1909,1952,1930,43
1788,2073,1930,285
2380,2342,2361,38
2314,2321,2317,7
2186,2023,2104,163
1991,1839,1915,152
2333,2153,2243,180
2460,2511,2485,51
2559,2348,2453,211
2341,2428,2384,87
1491,1504,1497,13
2171,2509,2340,338
2056,2317,2186,261
2203,2141,2172,62
2127,2137,2132,10
2338,2419,2378,81
2358,2545,2451,187
1990,1872,1931,118
2531,2438,2484,93
2481,2515,2498,34
1994,1796,1895,198
1892,1839,1865,53
2311,2031,2171,280
2141,2227,2184,86
2111,1912,2011,199
2609,2663,2636,54
2162,2329,2245,167
2072,2307,2189,235
2098,1907,2002,191
2425,2194,2309,231
2532,2331,2431,201
2535,2333,2434,202
2290,2086,2188,204
2466,2087,2276,379
2610,2734,2672,124
2351,2569,2460,218
2361,2237,2299,124
2384,2613,2498,229
2603,2448,2525,155
1906,2161,2033,255
2454,2457,2455,3
2345,2143,2244,202
2584,2419,2501,165
2206,2166,2186,40
2203,1785,1994,418
2572,2339,2455,233
1985,2655,2320,670
1945,2297,2121,352
2186,2282,2234,96
2574,2422,2498,152
2228,2412,2320,184
2303,2029,2166,274
2038,2475,2256,437
2399,2153,2276,246
2255,2647,2451,392
1916,1655,1785,261
2121,2088,2104,33
1981,2247,2114,266
2441,1957,2199,484
1615,1391,1503,224
1915,2144,2029,229
2605,2688,2646,83
2306,2276,2291,30
2555,2425,2490,130
2561,2234,2397,327
2284,1982,2133,302
2139,2262,2200,123
1831,1705,1768,126
2490,2401,2445,89
2003,1777,1890,226
2423,2136,2279,287
1964,1689,1826,275
2016,1878,1947,138
2119,2221,2170,102
2277,1576,1926,701
2545,2276,2410,269
2527,2088,2307,439
2544,2498,2521,46
1318,1577,1447,259
2148,1957,2052,191
2385,2017,2201,368
2470,2487,2478,17
2061,2289,2175,228
2422,2515,2468,93
2311,2152,2231,159
2375,2068,2221,307
2311,2024,2167,287
2573,2297,2435,276
2288,1849,2068,439
2236,2474,2355,238
2157,2024,2090,133
2089,2245,2167,156
2264,2037,2150,227
2101,1605,1853,496
2374,2528,2451,154
2220,2344,2282,124
2201,2313,2257,112
1767,1999,1883,232
2455,2222,2338,233
2055,1994,2024,61
2064,1873,1968,191
2635,2425,2530,210
2445,2583,2514,138
2411,2113,2262,298
1874,1747,1810,127
2236,2352,2294,116
2254,2341,2297,87
2272,2194,2233,78
2242,2346,2294,104
2546,2408,2477,138
2311,1925,2118,386
2296,2622,2459,326
2584,2435,2509,149
2509,2269,2389,240
2290,2204,2247,86
2516,2391,2453,125
2478,2392,2435,86
1890,2121,2005,231
1734,1953,1843,219
2396,2607,2501,211
2579,2358,2468,221
2023,1726,1874,297
2210,2251,2230,41
2140,2586,2363,446
2582,2643,2612,61
2402,2538,2470,136
2645,2482,2563,163
1643,1782,1712,139
2060,2261,2160,201
2310,2083,2196,227
2011,2116,2063,105
2028,1935,1981,93
2181,2157,2169,24
1791,1589,1690,202
2566,2391,2478,175
2428,2626,2527,198
2393,2454,2423,61
2063,2294,2178,231
2205,2151,2178,54
2437,2034,2235,403
1719,1891,1805,172
2460,2345,2402,115
2175,1869,2022,306
2468,2296,2382,172
2187,2425,2306,238
2156,1739,1947,417
2055,1777,1916,278
2753,2678,2715,75
2236,2461,2348,225
1874,1437,1655,437
2539,2411,2475,128
2657,2556,2606,101
2348,2449,2398,101
2433,2025,2229,408
2167,2013,2090,154
2610,2667,2638,57
1912,2124,2018,212
2492,2283,2387,209
2154,2097,2125,57
2172,2581,2376,409
2505,2247,2376,258
2522,2332,2427,190
2268,2354,2311,86
2246,2469,2357,223
2230,2434,2332,204
2260,1866,2063,394
2220,2054,2137,166
2363,2209,2286,154
2516,2446,2481,70
1827,2109,1968,282
2815,2644,2729,171
2672,2791,2731,119
2274,2464,2369,190
2084,2219,2151,135
1744,2285,2014,541
1859,1509,1684,350
2290,2239,2264,51
1790,1509,1649,281
2585,2647,2616,62
2356,2097,2226,259
2426,2459,2442,33
2273,2472,2372,199
2511,2518,2514,7
2480,2273,2376,207
2151,2632,2391,481
2213,1696,1954,517
2006,1878,1942,128
2302,2151,2226,151
2359,2237,2298,122
2375,2186,2280,189
1969,2305,2137,336
2442,2337,2389,105
2008,2515,2261,507
1657,2037,1847,380
1884,2059,1971,175
2275,2044,2159,231
2274,2536,2405,262
2402,2321,2361,81
2698,2583,2640,115
2218,2299,2258,81
2121,2324,2222,203
2246,1991,2118,255
2360,2209,2284,151
2403,2002,2202,401
2595,2649,2622,54
2183,2223,2203,40
1996,2129,2062,133
2443,2255,2349,188
2377,2441,2409,64
2157,2356,2256,199
1876,1772,1824,104
2388,2526,2457,138
2415,2303,2359,112
1303,1433,1368,130
2115,2528,2321,413
2155,2257,2206,102
1745,1583,1664,162
2032,1538,1785,494
1809,1449,1629,360
2128,2012,2070,116
1903,2107,2005,204
2188,2468,2328,280
2275,2143,2209,132
2056,2192,2124,136
2173,2575,2374,402
1622,1865,1743,243
1960,1761,1860,199
1768,1928,1848,160
2365,2147,2256,218
2367,1892,2129,475
2177,2178,2177,1
1918,1986,1952,68
2435,2549,2492,114
2387,2538,2462,151
2615,2507,2561,108
1865,1995,1930,130
2074,2168,2121,94
2506,2551,2528,45
2568,2558,2563,10
1952,2274,2113,322
2094,1754,1924,340
2242,2513,2377,271
2599,2486,2542,113
1714,2128,1921,414
2236,2281,2258,45
2244,2451,2347,207
2551,2512,2531,39
2630,2476,2553,154
2304,2423,2363,119
1910,2142,2026,232
2036,2128,2082,92
1381,1845,1613,464
2320,2481,2400,161
2235,1953,2094,282
2429,2458,2443,29
2000,1992,1996,8
2411,2152,2281,259
2179,1997,2088,182
1727,1503,1615,224
2658,2599,2628,59
2396,2308,2352,88
2439,2337,2388,102
2522,2271,2396,251
1576,2302,1939,726
1888,2195,2041,307
2667,2551,2609,116
2116,1949,2032,167
2320,2455,2387,135
1827,2025,1926,198
1888,2243,2065,355
2443,2613,2528,170
2439,2284,2361,155
2561,2561,2561,0
2373,2469,2421,96
2356,2277,2316,79
2313,2475,2394,162
2013,2201,2107,188
2376,2204,2290,172
2087,2079,2083,8
2419,2397,2408,22
2077,2162,2119,85
2414,2594,2504,180
2304,2519,2411,215
2361,2362,2361,1
1677,1473,1575,204
2238,1951,2094,287
2292,2106,2199,186
2072,1975,2023,97
2111,2282,2196,171
2644,2328,2486,316
2448,2411,2429,37
1975,2143,2059,168
2044,1648,1846,396
2352,2481,2416,129
2323,2077,2200,246
2349,2269,2309,80
2158,2272,2215,114
2181,2263,2222,82
2342,2078,2210,264
2055,2406,2230,351
2039,2269,2154,230
2619,2524,2571,95
1857,2137,1997,280
2261,2246,2253,15
2035,1928,1981,107
2189,1977,2083,212
2331,1835,2083,496
2281,2464,2372,183
2074,1966,2020,108
2222,2381,2301,159
2397,2442,2419,45
2087,1946,2016,141
2338,2243,2290,95
2632,2487,2559,145
2284,2555,2419,271
2348,2088,2218,260
2186,2419,2302,233
2618,2407,2512,211
1673,1244,1458,429
2377,2362,2369,15
1985,1743,1864,242
2457,2313,2385,144
2226,1759,1992,467
2457,2049,2253,408
2476,2453,2464,23
2409,2315,2362,94
2060,1852,1956,208
2368,2494,2431,126
1661,1456,1558,205
2418,2324,2371,94
2230,2368,2299,138
2220,2519,2369,299
2241,1876,2058,365
2316,2025,2170,291
2148,1599,1873,549
1967,2066,2016,99
2511,2381,2446,130
2153,2365,2259,212
2147,2062,2104,85
1957,2058,2007,101
2263,2136,2199,127
1797,1941,1869,144
2434,2328,2381,106
2571,2525,2548,46
1878,2337,2107,459
1996,2002,1999,6
2088,2331,2209,243
2151,1967,2059,184
2060,1931,1995,129
2116,2289,2202,173
2417,2188,2302,229
2180,2133,2156,47
2033,2131,2082,98
2047,1799,1923,248
2208,2036,2122,172
2227,1928,2077,299
2203,2139,2171,64
1633,1592,1612,41
2254,2008,2131,246
2637,2069,2353,568
2569,2218,2393,351
2221,2031,2126,190
2320,2392,2356,72
1410,1369,1389,41
2607,2586,2596,21
2253,2391,2322,138
2425,2575,2500,150
2019,2227,2123,208
1721,2037,1879,316
2186,2083,2134,103
2308,1869,2088,439
2304,2599,2451,295
2659,2729,2694,70
2527,2684,2605,157
2005,2112,2058,107
2512,2497,2504,15
2416,2119,2267,297
1820,1637,1728,183
2530,2243,2386,287
2156,1792,1974,364
2408,2382,2395,26
1843,2049,1946,206
2429,2301,2365,128
2455,2293,2374,162
2316,2413,2364,97
2710,2553,2631,157
2120,2567,2343,447
2431,2478,2454,47
2607,2469,2538,138
2720,2748,2734,28
2500,2442,2471,58
2209,1938,2073,271
1922,2443,2182,521
2416,2674,2545,258
2127,2191,2159,64
2543,2714,2628,171
2319,2173,2246,146
1625,1635,1630,10
2599,2671,2635,72
2117,2154,2135,37
2476,2255,2365,221
2474,2441,2457,33
1962,2392,2177,430
2180,2117,2148,63
2164,2392,2278,228
1787,1865,1826,78
2505,2253,2379,252
2153,1918,2035,235
2606,2283,2444,323
2564,2195,2379,369
2488,2231,2359,257
2577,2261,2419,316
1982,2239,2110,257
2385,2035,2210,350
1923,2251,2087,328
2030,2454,2242,424
2354,2256,2305,98
2322,2276,2299,46
1905,2208,2056,303
2410,2583,2496,173
2025,2185,2105,160
2319,2222,2270,97
2141,2018,2079,123
2323,2567,2445,244
1812,1979,1895,167
2362,2527,2444,165
2038,1883,1960,155
2544,2582,2563,38
2216,2127,2171,89
2539,2539,2539,0
1897,1754,1825,143
2339,2475,2407,136
2460,2447,2453,13
2281,2392,2336,111
2631,2505,2568,126
2412,2294,2353,118
2606,2475,2540,131
2569,2635,2602,66
2020,1772,1896,248
2423,2251,2337,172
2276,2466,2371,190
2541,2445,2493,96
2043,2142,2092,99
2152,2571,2361,419
2011,2197,2104,186
2504,2301,2402,203
2579,2249,2414,330
2434,2246,2340,188
2414,2439,2426,25
1715,2031,1873,316
1734,1986,1860,252
2028,2125,2076,97
2140,2339,2239,199
1824,1797,1810,27
2419,2422,2420,3
2363,2226,2294,137
2411,2521,2466,110
2228,2378,2303,150
2340,2519,2429,179
1488,1915,1701,427
2205,2308,2256,103
2271,2051,2161,220
2546,2495,2520,51
2694,2546,2620,148
2278,2395,2336,117
2187,2361,2274,174
2309,2043,2176,266
2351,2027,2189,324
2238,2315,2276,77
1970,1943,1956,27
2462,2174,2318,288
2272,2061,2166,211
2272,1886,2079,386
2172,1909,2040,263
2418,2291,2354,127
2408,2387,2397,21
2395,2258,2326,137
2393,2514,2453,121
2742,2563,2652,179
2153,2163,2158,10
2533,2085,2309,448
1957,2287,2122,330
2100,1774,1937,326
2335,2507,2421,172
2521,2516,2518,5
2595,2559,2577,36
2385,2333,2359,52
2286,1905,2095,381
2105,2146,2125,41
2070,2278,2174,208
2015,2156,2085,141
2517,2595,2556,78
2464,2317,2390,147
2585,2536,2560,49
1934,2205,2069,271
2446,2592,2519,146
2704,2471,2587,233
2444,2399,2421,45
2663,2616,2639,47
2248,1699,1973,549
2232,2218,2225,14
2436,2167,2301,269
2360,2394,2377,34
2407,2257,2332,150
2288,2366,2327,78
2283,2197,2240,86
2602,2663,2632,61
2484,2402,2443,82
2431,2608,2519,177
1910,2099,2004,189
1995,2142,2068,147
2706,2556,2631,150
2517,2298,2407,219
2299,2488,2393,189
2221,2089,2155,132
2354,1878,2116,476
1878,2012,1945,134
2116,1996,2056,120
2455,2405,2430,50
2314,2423,2368,109
2380,2155,2267,225
2115,1734,1924,381
1675,2084,1879,409
1955,2438,2196,483
2204,2503,2353,299
1868,2099,1983,231
2124,2337,2230,213
2053,2403,2228,350
2682,2394,2538,288
2549,2603,2576,54
2140,1561,1850,579
2511,2331,2421,180
2382,2206,2294,176
1775,2195,1985,420
2625,2605,2615,20
2456,2268,2362,188
1775,2196,1985,421
2158,2325,2241,167
2381,1953,2167,428
2541,2359,2450,182
1946,1731,1838,215
2522,2585,2553,63
1831,1663,1747,168
2596,2502,2549,94
2303,2216,2259,87
2530,2488,2509,42
1990,2506,2248,516
2480,2387,2433,93
1691,1388,1539,303
2239,2431,2335,192
2279,2393,2336,114
2196,2314,2255,118
2365,2395,2380,30
2280,2281,2280,1
2035,2144,2089,109
2644,2508,2576,136
2623,2691,2657,68
2182,2415,2298,233
2079,2368,2223,289
2274,2195,2234,79
2516,2104,2310,412
1976,2283,2129,307
1922,1596,1759,326
2635,2505,2570,130
1817,2254,2035,437
1655,1866,1760,211
2189,2307,2248,118
2531,2508,2519,23
2473,2583,2528,110
2081,2307,2194,226
2548,2608,2578,60
2127,2596,2361,469
2213,2068,2140,145
1945,1794,1869,151
2302,2163,2232,139
2734,2498,2616,236
1946,2047,1996,101
2075,2541,2308,466
1942,2299,2120,357
2174,2603,2388,429
2605,2608,2606,3
2513,2316,2414,197
2498,2471,2484,27
2504,2441,2472,63
2440,2324,2382,116
2147,2108,2127,39
2421,2029,2225,392
2089,2088,2088,1
2091,2178,2134,87
2300,2425,2362,125
1996,1873,1934,123
2546,2488,2517,58
2251,2173,2212,78
2126,2559,2342,433
2503,2457,2480,46
2070,2077,2073,7
2276,2112,2194,164
2368,2282,2325,86
2245,2408,2326,163
2546,2253,2399,293
2119,1785,1952,334
2514,2273,2393,241
2653,2558,2605,95
2630,2556,2593,74
2243,2331,2287,88
2622,2771,2696,149
2275,2172,2223,103
1615,1895,1755,280
2220,2023,2121,197
1812,1998,1905,186
2028,2124,2076,96
2392,2098,2245,294
2109,2431,2270,322
2190,2355,2272,165
2261,2407,2334,146
2354,2262,2308,92
2333,2648,2490,315
2470,2356,2413,114
1858,1796,1827,62
1902,2166,2034,264
2502,2185,2343,317
2460,2345,2402,115
2091,1985,2038,106
2044,2347,2195,303
2190,1776,1983,414
2514,2529,2521,15
2109,2331,2220,222
2367,2628,2497,261
2487,2326,2406,161
2482,2182,2332,300
1648,2021,1834,373
2281,2471,2376,190
1794,2659,2226,865
2331,2275,2303,56
2248,2039,2143,209
2478,2546,2512,68
2377,2282,2329,95
2180,1902,2041,278
2715,2561,2638,154
2293,2242,2267,51
2365,2305,2335,60
2125,2079,2102,46
2228,2195,2211,33
2220,2273,2246,53
2530,2642,2586,112
1973,2201,2087,228
2150,2268,2209,118
2378,1997,2187,381
2362,2269,2315,93
2289,2176,2232,113
2184,1832,2008,352
2313,1783,2048,530
2519,2372,2445,147
2127,1709,1918,418
1882,1483,1682,399
2183,2549,2366,366
2705,2654,2679,51
2127,2183,2155,56
2294,2318,2306,24
2432,2449,2440,17
2310,2107,2208,203
2558,2574,2566,16
2263,2048,2155,215
2498,2266,2382,232
2283,2086,2184,197
2458,2588,2523,130
1995,2306,2150,311
2622,2489,2555,133
2524,2498,2511,26
2171,1655,1913,516
2696,2609,2652,87
2345,2363,2354,18
2571,2576,2573,5
2077,1922,1999,155
1920,1664,1792,256
2007,2288,2147,281
2124,2022,2073,102
2560,2479,2519,81
2517,2059,2288,458
2020,2316,2168,296
2578,2419,2498,159
2454,2241,2347,213
2486,2328,2407,158
2426,2164,2295,262
2219,2182,2200,37
1964,2157,2060,193
2293,2159,2226,134
2542,2637,2589,95
2438,2067,2252,371
2371,2195,2283,176
2545,2186,2365,359
2525,2501,2513,24
2388,1783,2085,605
2410,2524,2467,114
1785,1449,1617,336
2242,2037,2139,205
2011,2237,2124,226
2675,2586,2630,89
2539,2424,2481,115
2065,1944,2004,121
1769,2115,1942,346
1907,2158,2032,251
2292,2616,2454,324
2312,2038,2175,274
2071,2217,2144,146
2385,1808,2096,577
2265,2482,2373,217
1985,2196,2090,211
2318,2255,2286,63
2043,1982,2012,61
2568,2492,2530,76
2394,2447,2420,53
2354,2602,2478,248
2131,2438,2284,307
2220,2379,2299,159
2682,2495,2588,187
2013,2203,2108,190
1967,2255,2111,288
2412,2484,2448,72
1958,2462,2210,504
2099,1909,2004,190
1965,2223,2094,258
1994,2431,2212,437
2002,2112,2057,110
2529,2132,2330,397
2339,2098,2218,241
2503,2654,2578,151
2525,2379,2452,146
2369,2555,2462,186
2367,2126,2246,241
1691,1946,1818,255
2206,2133,2169,73
2284,2576,2430,292
1977,2006,1991,29
2300,1846,2073,454
2169,2424,2296,255
2624,2299,2461,325
2421,2194,2307,227
2568,2413,2490,155
2757,2772,2764,15
2200,2452,2326,252
2459,2201,2330,258
2071,1918,1994,153
1611,1742,1676,131
1749,1798,1773,49
2387,2385,2386,2
2495,2226,2360,269
2154,2516,2335,362
2204,2147,2175,57
2150,2339,2244,189
2169,2361,2265,192
2081,1865,1973,216
1838,1763,1800,75
2388,2302,2345,86
2246,2091,2168,155
2118,1904,2011,214
1841,1945,1893,104
2378,2145,2261,233
2475,2362,2418,113
2037,2324,2180,287
1920,2228,2074,308
2248,2377,2312,129
1832,1477,1654,355
1312,2579,1945,1267
2433,2568,2500,135
2450,2141,2295,309
2371,2376,2373,5
1845,1454,1649,391
2066,1911,1988,155
2160,2331,2245,171
2460,2421,2440,39
2257,2031,2144,226
2267,2193,2230,74
2399,2289,2344,110
2269,2529,2399,260
1892,2219,2055,327
2283,2394,2338,111
2705,2391,2548,314
2474,2312,2393,162
2394,2358,2376,36
2084,2043,2063,41
2673,2613,2643,60
2574,2484,2529,90
2265,2362,2313,97
2321,2411,2366,90
1815,1553,1684,262
2631,1563,2097,1068
2209,2352,2280,143
2538,2543,2540,5
2129,2023,2076,106
1673,1969,1821,296
2650,2286,2468,364
1553,1793,1673,240
2625,2345,2485,280
2668,2706,2687,38
2034,2152,2093,118
1470,1804,1637,334
1917,2049,1983,132
2336,2126,2231,210
2688,2563,2625,125
2123,1594,1858,529
2398,2508,2453,110
2350,2399,2374,49
2071,2483,2277,412
2001,2376,2188,375
2468,2327,2397,141
1669,1801,1735,132
1967,2081,2024,114
2064,2031,2047,33
2677,1841,2259,836
1953,2048,2000,95
2347,1838,2092,509
2514,2322,2418,192
2084,2209,2146,125
2101,1961,2031,140
2557,2667,2612,110
2579,2729,2654,150
2107,2129,2118,22
2301,2195,2248,106
2566,2718,2642,152
2012,2164,2088,152
1915,2316,2115,401
2500,2581,2540,81
2368,2444,2406,76
1959,2251,2105,292
2410,2444,2427,34
1941,1628,1784,313
1627,1731,1679,104
2405,2307,2356,98
1878,2025,1951,147
2217,2585,2401,368
2237,2181,2209,56
2110,2164,2137,54
1985,2135,2060,150
2019,2121,2070,102
2559,2396,2477,163
2477,2503,2490,26
2533,1937,2235,596
2419,2303,2361,116
2388,2616,2502,228
2061,2352,2206,291
2622,2445,2533,177
2459,2239,2349,220
2065,2007,2036,58
1920,1712,1816,208
2365,2004,2184,361
2437,2522,2479,85
2455,2349,2402,106
2423,2559,2491,136
2650,2368,2509,282
2316,2449,2382,133
2343,2455,2399,112
2428,2763,2595,335
2155,2056,2105,99
1996,2167,2081,171
2007,1713,1860,294
2269,2172,2220,97
2230,2113,2171,117
2380,2316,2348,64
2456,1938,2197,518
2161,1808,1984,353
2479,2183,2331,296
2704,2621,2662,83
1321,1313,1317,8
2197,2147,2172,50
2368,2553,2460,185
2017,1721,1869,296
2350,2538,2444,188
2205,2077,2141,128
1871,2073,1972,202
1695,1908,1801,213
2460,2259,2359,201
2398,2279,2338,119
2666,2462,2564,204
2489,2609,2549,120
1767,1583,1675,184
2240,2158,2199,82
2644,2688,2666,44
2417,2587,2502,170
1830,1771,1800,59
2177,1999,2088,178
2491,2553,2522,62
2377,2286,2331,91
2643,2678,2660,35
2197,2469,2333,272
2511,2405,2458,106
2170,2269,2219,99
1814,2227,2020,413
2695,2569,2632,126
2146,2324,2235,178
1936,2117,2026,181
2340,2101,2220,239
2376,2405,2390,29
2560,2136,2348,424
2316,1867,2091,449
2418,2599,2508,181
2472,2328,2400,144
2439,2496,2467,57
1959,1687,1823,272
2325,2384,2354,59
2425,2349,2387,76
1954,2308,2131,354
2152,2148,2150,4
2018,2255,2136,237
2358,2212,2285,146
1683,1716,1699,33
2428,2449,2438,21
2055,2203,2129,148
1694,1909,1801,215
2380,2099,2239,281
2363,2227,2295,136
2596,2592,2594,4
1607,2034,1820,427
1808,1724,1766,84
2474,2479,2476,5
2023,2237,2130,214
2296,2118,2207,178
2104,2032,2068,72
2707,2503,2605,204
2246,2303,2274,57
2345,1989,2167,356
2029,2309,2169,280
2578,2399,2488,179
2112,2055,2083,57
2299,2379,2339,80
2169,2125,2147,44
2758,2709,2733,49
2024,2335,2179,311
1951,1734,1842,217
2401,2177,2289,224
2112,1802,1957,310
2267,2004,2135,263
2354,2236,2295,118
2320,2452,2386,132
1694,1814,1754,120
2280,2355,2317,75
2084,2375,2229,291
2314,2381,2347,67
2453,2019,2236,434
2176,2417,2296,241
2483,2595,2539,112
2225,2285,2255,60
1988,1854,1921,134
2688,2418,2553,270
2252,2372,2312,120
2118,1974,2046,144
2290,2016,2153,274
2045,2372,2208,327
1728,2095,1911,367
2596,2426,2511,170
2026,1739,1882,287
2114,2052,2083,62
2541,2684,2612,143
2335,2414,2374,79
2498,2282,2390,216
1331,1926,1628,595
2388,2474,2431,86
2335,2201,2268,134
2559,2527,2543,32
2480,2361,2420,119
1808,2123,1965,315
2391,2511,2451,120
1941,1692,1816,249
2421,2162,2291,259
1610,1554,1582,56
2204,2024,2114,180
2223,2367,2295,144
2085,2502,2293,417
2319,2077,2198,242
1952,2197,2074,245
2602,2561,2581,41
2491,2501,2496,10
2382,2428,2405,46
2443,2413,2428,30
2129,2231,2180,102
2226,2006,2116,220
2551,2775,2663,224
2698,2582,2640,116
2066,2383,2224,317
1992,1856,1924,136
2001,2248,2124,247
2133,2211,2172,78
2567,2421,2494,146
2529,2644,2586,115
2201,1936,2068,265
2387,2292,2339,95
2228,1886,2057,342
2446,2588,2517,142
2471,2437,2454,34
2109,1885,1997,224
2383,2209,2296,174
2375,1723,2049,652
2525,2352,2438,173
2190,2423,2306,233
2234,2558,2396,324
2597,2382,2489,215
2145,2202,2173,57
2329,2319,2324,10
2512,2008,2260,504
2340,2452,2396,112
2542,2542,2542,0
2065,2478,2271,413
1922,1548,1735,374
2627,2696,2661,69
1930,2087,2008,157
1626,2165,1895,539
2178,2326,2252,148
2376,2272,2324,104
2608,2583,2595,25
2351,2396,2373,45
2235,2093,2164,142
2244,2405,2324,161
2139,2533,2336,394
2396,2201,2298,195
2618,2582,2600,36
2726,2653,2689,73
2619,2419,2519,200
2080,2246,2163,166
2522,1981,2251,541
2432,2207,2319,225
2510,2434,2472,76
1984,2396,2190,412
2792,2649,2720,143
2615,2293,2454,322
1601,1925,1763,324
1891,2383,2137,492
2523,2186,2354,337
2371,2315,2343,56
2427,2543,2485,116
2295,2087,2191,208
2002,2328,2165,326
2444,2164,2304,280
2085,1981,2033,104
2338,2479,2408,141
2368,2405,2386,37
2138,2347,2242,209
2057,2147,2102,90
2515,1632,2073,883
2177,2211,2194,34
2533,2164,2348,369
2285,2256,2270,29
2715,2503,2609,212
2585,2392,2488,193
2351,2422,2386,71
2379,2191,2285,188
2078,1848,1963,230
2501,2452,2476,49
1898,1985,1941,87
2199,2505,2352,306
2299,2577,2438,278
2443,2066,2254,377
2678,2631,2654,47
2535,2556,2545,21
2446,2096,2271,350
1953,2095,2024,142
2101,1996,2048,105
2407,2225,2316,182
2461,2276,2368,185
2146,2165,2155,19
2213,2682,2447,469
2527,2414,2470,113
1878,2318,2098,440
2418,2367,2392,51
2137,2377,2257,240
2531,2753,2642,222
2470,2417,2443,53
2407,2628,2517,221
2493,2112,2302,381
2157,2327,2242,170
2271,2345,2308,74
2442,2256,2349,186
2459,1802,2130,657
2586,2393,2489,193
2418,2248,2333,170
2440,1961,2200,479
2541,2558,2549,17
2320,2254,2287,66
2343,2386,2364,43
2245,2115,2180,130
2176,2356,2266,180
2466,2424,2445,42
2245,2152,2198,93
2308,2429,2368,121
2577,2628,2602,51
2355,2088,2221,267
2362,1896,2129,466
2489,2332,2410,157
1770,2049,1909,279
2145,2221,2183,76
2236,2434,2335,198
1636,1471,1553,165
2705,2715,2710,10
2263,2595,2429,332
2480,2502,2491,22
1654,1936,1795,282
1914,2375,2144,461
1938,2092,2015,154
2296,2051,2173,245
2423,2619,2521,196
2277,2297,2287,20
2246,2351,2298,105
2270,1952,2111,318
2357,2082,2219,275
2510,2614,2562,104
2186,2427,2306,241
2096,2224,2160,128
2258,2414,2336,156
2485,2541,2513,56
1752,2158,1955,406
2379,2534,2456,155
1951,1585,1768,366
2140,2333,2236,193
2402,2376,2389,26
2413,2572,2492,159
2367,2141,2254,226
2492,2516,2504,24
2566,2486,2526,80
2420,2347,2383,73
2659,2434,2546,225
2157,1827,1992,330
2434,2227,2330,207
1612,1861,1736,249
1755,1981,1868,226
1991,2092,2041,101
2616,2547,2581,69
2002,1627,1814,375
2471,1892,2181,579
2186,2078,2132,108
2284,2531,2407,247
2275,2242,2258,33
1913,2171,2042,258
2060,1904,1982,156
2536,2559,2547,23
2222,2028,2125,194
1948,2361,2154,413
2252,2539,2395,287
2368,2319,2343,49
1952,2385,2168,433
2202,2167,2184,35
2326,2332,2329,6
2680,2508,2594,172
2201,1948,2074,253
2255,2482,2368,227
2289,2253,2271,36
2646,2758,2702,112
2387,2246,2316,141
2607,2707,2657,100
2138,2069,2103,69
1818,1474,1646,344
1994,2186,2090,192
1918,1609,1763,309
2533,2484,2508,49
2463,2615,2539,152
2069,2425,2247,356
2044,1929,1986,115
2489,2377,2433,112
2505,2456,2480,49
2631,2336,2483,295
2086,1852,1969,234
1945,1801,1873,144
2301,2421,2361,120
2622,2257,2439,365
2173,2128,2150,45
2151,2297,2224,146
2285,2291,2288,6
2213,2456,2334,243
2417,2375,2396,42
1921,2317,2119,396
2561,2481,2521,80
2487,2104,2295,383
2274,2526,2400,252
2548,2491,2519,57
2536,2422,2479,114
1924,1627,1775,297
2043,2223,2133,180
2118,2378,2248,260
2491,2552,2521,61
2249,2417,2333,168
2203,2191,2197,12
2492,2528,2510,36
2532,2472,2502,60
2106,1844,1975,262
2290,2262,2276,28
2013,2079,2046,66
2633,2713,2673,80
2219,2029,2124,190
2446,2187,2316,259
1756,1947,1851,191
2569,2709,2639,140
2079,1811,1945,268
2706,2559,2632,147
2334,2415,2374,81
2133,1986,2059,147
2084,2534,2309,450
2627,2385,2506,242
2047,1855,1951,192
2547,2202,2374,345
2038,1677,1857,361
2468,2254,2361,214
2469,1946,2207,523
2200,2488,2344,288
2156,2395,2275,239
2399,2387,2393,12
2303,2087,2195,216
2472,2263,2367,209
1875,1726,1800,149
1645,1391,1518,254
2734,2702,2718,32
2372,2189,2280,183
2256,2543,2399,287
2587,2321,2454,266
2096,1846,1971,250
2161,2023,2092,138
2375,2643,2509,268
1984,2237,2110,253
2383,2566,2474,183
2175,2264,2219,89
2016,2336,2176,320
2432,2252,2342,180
2078,2396,2237,318
2180,2572,2376,392
2165,1965,2065,200
2337,2304,2320,33
1590,2157,1873,567
2038,2074,2056,36
2398,2153,2275,245
2088,2244,2166,156
1836,2253,2044,417
2725,2784,2754,59
1616,1813,1714,197
2331,2189,2260,142
2324,2439,2381,115
2647,2664,2655,17
2283,2008,2145,275
2225,2277,2251,52
2332,1963,2147,369
2481,2379,2430,102
2043,1719,1881,324
2162,2554,2358,392
2366,2123,2244,243
2242,2371,2306,129
2328,2069,2198,259
2161,1907,2034,254
1514,2036,1775,522
2250,2252,2251,2
2418,2175,2296,243
2097,2246,2171,149
2256,2146,2201,110
2566,2557,2561,9
2246,2357,2301,111
2371,2237,2304,134
2020,2444,2232,424
2352,2572,2462,220
2540,2521,2530,19
2062,2317,2189,255
2431,2524,2477,93
2129,2437,2283,308
2247,2225,2236,22
2206,2359,2282,153
1468,1733,1600,265
2313,2081,2197,232
2392,2227,2309,165
1710,2002,1856,292
2513,2446,2479,67
2508,1808,2158,700
2515,2381,2448,134
2254,2248,2251,6
2482,2446,2464,36
2152,1986,2069,166
2179,2337,2258,158
2494,2331,2412,163
2268,2471,2369,203
2191,2064,2127,127
2524,2527,2525,3
2447,2284,2365,163
2053,2117,2085,64
2237,2044,2140,193
2472,2364,2418,108
2366,2036,2201,330
1381,1987,1684,606
2660,2496,2578,164
2465,2166,2315,299
2638,2579,2608,59
2333,2383,2358,50
2510,2491,2500,19
1763,2599,2181,836
2153,2624,2388,471
2574,2411,2492,163
2041,1816,1928,225
2229,2027,2128,202
1945,1801,1873,144
2202,2427,2314,225
2621,2648,2634,27
2172,2216,2194,44
2501,2423,2462,78
2025,2072,2048,47
1424,1553,1488,129
2051,2358,2204,307
2211,2225,2218,14
1978,2448,2213,470
2255,2433,2344,178
2238,2424,2331,186
1677,2072,1874,395
2095,1605,1850,490
2220,2109,2164,111
2045,1958,2001,87
2283,1981,2132,302
2248,1944,2096,304
1873,1658,1765,215
1835,2043,1939,208
2538,2642,2590,104
2125,1872,1998,253
2268,2528,2398,260
2404,2199,2301,205
2375,2409,2392,34
2428,2613,2520,185
1778,1526,1652,252
2517,2376,2446,141
2200,2351,2275,151
2691,2678,2684,13
2256,2386,2321,130
2556,2542,2549,14
2672,2442,2557,230
2126,1912,2019,214
2185,2564,2374,379
2115,2282,2198,167
2465,2545,2505,80
2050,1847,1948,203
2489,2476,2482,13
2495,2614,2554,119
2548,2444,2496,104
2289,2614,2451,325
1963,2494,2228,531
2178,2061,2119,117
2458,2168,2313,290
2057,2182,2119,125
2424,2261,2342,163
2704,2564,2634,140
2716,2374,2545,342
2193,2591,2392,398
2127,1962,2044,165
2639,2619,2629,20
2378,2518,2448,140
2385,2171,2278,214
2175,2325,2250,150
2215,2561,2388,346
2003,1729,1866,274
2157,2113,2135,44
2352,2141,2246,211
2273,2506,2389,233
2142,1683,1912,459
2375,2171,2273,204
2061,1943,2002,118
2249,2047,2148,202
2430,2561,2495,131
2357,2302,2329,55
2413,1933,2173,480
2360,2111,2235,249
2197,1997,2097,200
2141,2523,2332,382
2356,2584,2470,228
2447,2151,2299,296
2026,2098,2062,72
2418,2062,2240,356
2078,1921,1999,157
1931,2017,1974,86
2337,2221,2279,116
2287,2048,2167,239
2218,1847,2032,371
2480,2437,2458,43
2551,2381,2466,170
2391,2677,2534,286
2191,2269,2230,78
2387,2466,2426,79
2267,2441,2354,174
1973,2262,2117,289
1682,1806,1744,124
2150,1764,1957,386
2399,2062,2230,337
1716,1722,1719,6
2621,2491,2556,130
2277,1997,2137,280
2357,2485,2421,128
1986,2197,2091,211
2211,1835,2023,376
2338,2699,2518,361
2463,2382,2422,81
2172,2018,2095,154
2244,2341,2292,97
2346,2177,2261,169
1926,2182,2054,256
2040,2484,2262,444
2194,2318,2256,124
2205,2361,2283,156
2435,2217,2326,218
2352,2407,2379,55
2245,2409,2327,164
2552,2434,2493,118
1994,1638,1816,356
2276,2078,2177,198
2317,2386,2351,69
2710,2727,2718,17
2173,1785,1979,388
2304,2394,2349,90
2259,1975,2117,284
1922,2258,2090,336
2531,2302,2416,229
2752,2543,2647,209
2534,2118,2326,416
1740,2101,1920,361
2544,2388,2466,156
2050,1832,1941,218
2618,2449,2533,169
2040,1748,1894,292
2097,1808,1952,289
2046,2259,2152,213
2590,2705,2647,115
2515,2473,2494,42
2382,2094,2238,288
1797,1795,1796,2
2153,2025,2089,128
1953,2321,2137,368
1934,1735,1834,199
2050,1996,2023,54
2468,2599,2533,131
1531,1565,1548,34
2176,2432,2304,256
1983,2151,2067,168
2317,2585,2451,268
2321,2111,2216,210
2425,2742,2583,317
2256,2428,2342,172
2552,2696,2624,144
2684,2537,2610,147
2478,2509,2493,31
2286,2406,2346,120
2314,2338,2326,24
2414,2449,2431,35
2432,2194,2313,238
2267,2083,2175,184
2310,2069,2189,241
2711,2815,2763,104
2156,2211,2183,55
2723,2705,2714,18
1513,1929,1721,416
2467,2321,2394,146
2476,2303,2389,173
1755,2015,1885,260
2156,2487,2321,331
1884,1878,1881,6
1908,2163,2035,255
2133,1962,2047,171
2538,2325,2431,213
2437,2095,2266,342
2338,2293,2315,45
2453,2633,2543,180
2348,2545,2446,197
1609,2019,1814,410
2039,2156,2097,117
2054,2366,2210,312
2384,2523,2453,139
2276,2381,2328,105
2281,1973,2127,308
1930,1952,1941,22
1673,1822,1747,149
1550,1619,1584,69
2268,2162,2215,106
2260,2304,2282,44
1815,1695,1755,120
2101,1906,2003,195
2210,2138,2174,72
2314,2296,2305,18
2255,2344,2299,89
1754,1993,1873,239
2559,1922,2240,637
2199,2335,2267,136
2007,2268,2137,261
2525,2552,2538,27
2598,2172,2385,426
2265,2263,2264,2
2472,2665,2568,193
2243,2461,2352,218
1940,2095,2017,155
1814,2271,2042,457
2276,2487,2381,211
2123,2391,2257,268
2089,2271,2180,182
2545,2419,2482,126
2158,1885,2021,273
2135,2213,2174,78
2051,2315,2183,264
2227,2381,2304,154
2185,1968,2076,217
2444,1849,2146,595
2475,2249,2362,226
2210,2227,2218,17
1842,1477,1659,365
2549,2293,2421,256
2335,1929,2132,406
2103,2109,2106,6
1874,1788,1831,86
2264,2319,2291,55
2059,2226,2142,167
2588,2508,2548,80
2430,2429,2429,1
1845,1768,1806,77
2340,2371,2355,31
2481,2265,2373,216
2321,2245,2283,76
2324,2121,2222,203
2377,2192,2284,185
2584,2515,2549,69
2039,1968,2003,71
2419,2204,2311,215
2100,2412,2256,312
2385,2253,2319,132
1983,1977,1980,6
2543,2201,2372,342
1575,1805,1690,230
1803,2049,1926,246
2540,2312,2426,228
2147,1962,2054,185
2571,2051,2311,520
2409,2193,2301,216
1630,2039,1834,409
1733,2181,1957,448
2475,2429,2452,46
1590,2123,1856,533
2622,2026,2324,596
2460,2238,2349,222
2176,2562,2369,386
2240,2221,2230,19
2288,2085,2186,203
1768,2059,1913,291
2560,2402,2481,158
1770,1644,1707,126
2535,2593,2564,58
2291,2308,2299,17
2477,2423,2450,54
2204,2632,2418,428
1751,1421,1586,330
2239,2423,2331,184
1856,2017,1936,161
2667,2474,2570,193
2592,2345,2468,247
2196,1778,1987,418
2303,2042,2172,261
2664,2533,2598,131
2062,2261,2161,199
2241,2394,2317,153
2314,1814,2064,500
2368,2211,2289,157
2455,2335,2395,120
2053,2238,2145,185
1864,2372,2118,508
2598,2565,2581,33
2106,1962,2034,144
2055,2042,2048,13
2279,2517,2398,238
1861,1884,1872,23
2599,2455,2527,144
2573,2602,2587,29
2579,2367,2473,212
1604,1729,1666,125
2294,2482,2388,188
2321,2501,2411,180
2541,2326,2433,215
2248,2499,2373,251
1740,1659,1699,81
1544,1845,1694,301
2094,1839,1966,255
2306,2293,2299,13
2116,2004,2060,112
2329,2407,2368,78
1977,1594,1785,383
2584,2393,2488,191
2296,2053,2174,243
2296,2556,2426,260
2194,2526,2360,332
1308,1767,1537,459
2269,2556,2412,287
2311,2205,2258,106
2240,2112,2176,128
2160,2431,2295,271
2253,2067,2160,186
2115,2484,2299,369
2486,2707,2596,221
2477,1987,2232,490
2438,2346,2392,92
2243,2205,2224,38
2496,2407,2451,89
2282,1946,2114,336
2405,2524,2464,119
2747,2697,2722,50
1823,2077,1950,254
1759,2092,1925,333
2199,2325,2262,126
2035,2145,2090,110
2553,2317,2435,236
2205,2005,2105,200
2414,2186,2300,228
2413,2175,2294,238
2157,2403,2280,246
2131,1854,1992,277
1934,2125,2029,191
2053,2205,2129,152
2631,2661,2646,30
2352,2572,2462,220
2023,1987,2005,36
2405,2311,2358,94
1817,2137,1977,320
2244,2436,2340,192
2038,2101,2069,63
2061,1835,1948,226
2311,2086,2198,225
2150,2068,2109,82
2195,1832,2013,363
2340,2048,2194,292
2269,2346,2307,77
2206,1982,2094,224
2211,1965,2088,246
2212,2075,2143,137
2362,1895,2128,467
2585,2259,2422,326
2405,2517,2461,112
2474,2101,2287,373
2073,1958,2015,115
1846,2281,2063,435
2339,1796,2067,543
2318,2471,2394,153
2201,2401,2301,200
2531,2226,2378,305
2357,2034,2195,323
2392,2228,2310,164
2012,1982,1997,30
2459,2523,2491,64
2287,2361,2324,74
2506,2599,2552,93
1905,2064,1984,159
2326,2495,2410,169
2032,1952,1992,80
2133,1331,1732,802
1962,2163,2062,201
1894,2175,2034,281
2250,2504,2377,254
1962,2321,2141,359
1753,2027,1890,274
2098,1903,2000,195
2424,2191,2307,233
2143,1855,1999,288
1945,2069,2007,124
2342,2541,2441,199
2287,2148,2217,139
2336,2313,2324,23
2611,2771,2691,160
2406,2398,2402,8
2550,2449,2499,101
2607,2036,2321,571
1577,1927,1752,350
2157,2396,2276,239
2179,1971,2075,208
2088,2283,2185,195
2195,1947,2071,248
1906,2329,2117,423
2124,1942,2033,182
2027,2274,2150,247
2422,2383,2402,39
2205,2218,2211,13
2526,2405,2465,121
1732,1971,1851,239
1382,1889,1635,507
2741,2668,2704,73
2688,2581,2634,107
2126,1937,2031,189
2640,2292,2466,348
2439,2292,2365,147
2304,2189,2246,115
2178,2058,2118,120
2235,2506,2370,271
2092,2008,2050,84
2542,2743,2642,201
2298,2196,2247,102
2048,2558,2303,510
2364,2026,2195,338
1955,2255,2105,300
2474,2302,2388,172
2559,2646,2602,87
2409,2238,2323,171
2191,2445,2318,254
1593,2403,1998,810
2483,2337,2410,146
2373,2151,2262,222
1998,1812,1905,186
2545,2011,2278,534
2491,2002,2246,489
2449,2396,2422,53
1973,2404,2188,431
2397,2457,2427,60
2256,2439,2347,183
2705,2508,2606,197
2052,2058,2055,6
2317,2141,2229,176
1910,2418,2164,508
2328,1981,2154,347
2241,2266,2253,25
2134,2192,2163,58
1955,1591,1773,364
1772,2323,2047,551
2421,2301,2361,120
2116,2295,2205,179
2292,2401,2346,109
1800,1911,1855,111
2369,2147,2258,222
2574,2313,2443,261
2451,2326,2388,125
1932,2422,2177,490
2458,2299,2378,159
2617,2675,2646,58
1628,1982,1805,354
2365,2689,2527,324
2465,2616,2540,151
2207,2542,2374,335
2337,1947,2142,390
2068,1788,1928,280
1928,2033,1980,105
2557,2275,2416,282
2387,2514,2450,127
2360,2301,2330,59
1759,1709,1734,50
2428,2566,2497,138
2205,2157,2181,48
2052,1892,1972,160
2529,2416,2472,113
2182,2487,2334,305
2377,2284,2330,93
2338,2518,2428,180
2164,2376,2270,212
2247,1935,2091,312
2079,2286,2182,207
2344,2327,2335,17
2016,2176,2096,160
2331,2142,2236,189
2240,1967,2103,273
2331,2361,2346,30
2405,2423,2414,18
2270,1783,2026,487
2164,2369,2266,205
2634,2247,2440,387
1914,1865,1889,49
2513,2419,2466,94
2692,2689,2690,3
2204,2425,2314,221
2433,2359,2396,74
2688,2562,2625,126
2320,2415,2367,95
1999,1974,1986,25
1972,2267,2119,295
2114,1826,1970,288
1571,1938,1754,367
2264,2106,2185,158
2614,2815,2714,201
2506,2323,2414,183
2428,2229,2328,199
2134,1907,2020,227
2287,2369,2328,82
2285,1795,2040,490
2512,2558,2535,46
1428,1926,1677,498
2388,2221,2304,167
2425,2536,2480,111
1933,2179,2056,246
2099,2224,2161,125
2685,2734,2709,49
2775,2707,2741,68
2052,1733,1892,319
2240,2239,2239,1
1964,1618,1791,346
2254,2389,2321,135
2267,2407,2337,140
2447,2248,2347,199
2392,2226,2309,166
2261,2251,2256,10
2412,2592,2502,180
2445,2318,2381,127
2473,2134,2303,339
2700,2644,2672,56
1893,2122,2007,229
2263,2278,2270,15
2055,2016,2035,39
2172,2505,2338,333
1991,2359,2175,368
2181,1987,2084,194
2433,1933,2183,500
2252,2412,2332,160
2107,1913,2010,194
2446,2575,2510,129
2432,2267,2349,165
2576,2095,2335,481
2637,2722,2679,85
2368,2246,2307,122
2290,1859,2074,431
2237,1927,2082,310
2627,2662,2644,35
2385,2436,2410,51
2075,1843,1959,232
1880,2074,1977,194
1803,1781,1792,22
2192,1953,2072,239
2417,2085,2251,332
2174,2379,2276,205
2212,2442,2327,230
2369,2121,2245,248
2198,2357,2277,159
1864,2165,2014,301
2513,2644,2578,131
2200,2497,2348,297
1991,2501,2246,510
2093,2564,2328,471
2282,2181,2231,101
2364,2022,2193,342
2347,2644,2495,297
2281,2365,2323,84
2210,2563,2386,353
1888,2229,2058,341
2769,2738,2753,31
2049,1847,1948,202
2477,2412,2444,65
2379,2698,2538,319
1866,2263,2064,397
2379,1942,2160,437
2427,2567,2497,140
2540,2667,2603,127
2574,2108,2341,466
2484,2503,2493,19
2506,2207,2356,299
1397,1619,1508,222
2358,2426,2392,68
2614,2455,2534,159
2313,2274,2293,39
2631,2502,2566,129
2505,2633,2569,128
2495,2336,2415,159
2066,1942,2004,124
1977,1731,1854,246
2176,2028,2102,148
2484,2293,2388,191
2101,2151,2126,50
2125,1714,1919,411
2476,2203,2339,273
2030,2106,2068,76
2168,2064,2116,104
1859,1604,1731,255
2365,2499,2432,134
2565,2446,2505,119
2398,2442,2420,44
2383,2515,2449,132
1990,2368,2179,378
2054,1909,1981,145
2497,2616,2556,119
1570,2024,1797,454
1471,2069,1770,598
2189,2225,2207,36
2054,1827,1940,227
2359,2353,2356,6
2231,2334,2282,103
2229,1797,2013,432
2259,2163,2211,96
2675,2511,2593,164
2282,1863,2072,419
1927,2143,2035,216
2694,2438,2566,256
2522,2247,2384,275
2536,2398,2467,138
2561,2331,2446,230
2230,2164,2197,66
2183,2026,2104,157
2230,2235,2232,5
2005,2268,2136,263
2393,2292,2342,101
2594,2491,2542,103
2259,2139,2199,120
2706,2676,2691,30
2398,2344,2371,54
2186,2154,2170,32
2019,1807,1913,212
1673,1871,1772,198
2476,2124,2300,352
2636,2629,2632,7
2093,2003,2048,90
2384,2577,2480,193
2638,2706,2672,68
2262,2423,2342,161
1819,2034,1926,215
2787,2766,2776,21
2236,2067,2151,169
2011,1859,1935,152
2248,2498,2373,250
2143,1782,1962,361
2637,2494,2565,143
2543,2328,2435,215
2428,2264,2346,164
2093,2036,2064,57
1920,2043,1981,123
2290,2103,2196,187
2027,1946,1986,81
2536,2421,2478,115
1406,1607,1506,201
2501,2017,2259,484
2168,2569,2368,401
2328,1973,2150,355
2384,2224,2304,160
2038,1773,1905,265
2505,2239,2372,266
2445,2544,2494,99
2175,2242,2208,67
1752,1723,1737,29
2302,2238,2270,64
2168,2482,2325,314
1413,1691,1552,278
2532,2445,2488,87
2328,2397,2362,69
2171,2578,2374,407
2361,2636,2498,275
2460,2316,2388,144
2524,2358,2441,166
2408,2501,2454,93
2528,2419,2473,109
1705,2402,2053,697
2366,2222,2294,144
2079,2189,2134,110
2200,2448,2324,248
2539,2556,2547,17
2380,2459,2419,79
1737,2212,1974,475
2162,1979,2070,183
2613,2369,2491,244
2520,2241,2380,279
1948,2235,2091,287
1948,1676,1812,272
2565,2635,2600,70
2149,2216,2182,67
2177,2459,2318,282
2322,2243,2282,79
2437,2562,2499,125
2246,2428,2337,182
2274,1882,2078,392
2457,2505,2481,48
1763,1921,1842,158
2399,2203,2301,196
2329,2083,2206,246
2390,2646,2518,256
2145,2454,2299,309
2057,2267,2162,210
2240,1951,2095,289
2513,2414,2463,99
2599,2678,2638,79
2209,2279,2244,70
1498,1906,1702,408
2207,1916,2061,291
2362,2423,2392,61
2054,2106,2080,52
2070,2515,2292,445
2707,2544,2625,163
2229,2377,2303,148
2682,2706,2694,24
2276,2157,2216,119
2216,1927,2071,289
2244,2285,2264,41
2447,2445,2446,2
1872,2341,2106,469
2448,2607,2527,159
2392,2064,2228,328
2629,2446,2537,183
2044,1907,1975,137
2611,2582,2596,29
2426,1958,2192,468
1949,2042,1995,93
2436,2326,2381,110
2375,2072,2223,303
1874,1754,1814,120
2064,2085,2074,21
2173,2433,2303,260
2199,2442,2320,243
2375,2582,2478,207
2387,2307,2347,80
2374,2441,2407,67
2565,2272,2418,293
1285,1609,1447,324
2360,2344,2352,16
2394,2465,2429,71
2345,2458,2401,113
2273,2649,2461,376
2385,2515,2450,130
1989,1982,1985,7
2491,2708,2599,217
2039,2159,2099,120
2126,2476,2301,350
2555,2001,2278,554
2475,2339,2407,136
2074,1931,2002,143
2767,2793,2780,26
2261,2411,2336,150
1995,2287,2141,292
2550,2393,2471,157
2227,2371,2299,144
2017,2145,2081,128
1971,1795,1883,176
2250,2126,2188,124
2494,2421,2457,73
2186,2319,2252,133
2094,2245,2169,151
2144,2214,2179,70
2189,2041,2115,148
2313,2368,2340,55
2447,2419,2433,28
2461,2441,2451,20
2351,2417,2384,66
2791,2713,2752,78
2554,2677,2615,123
2194,2068,2131,126
2285,2022,2153,263
2374,2572,2473,198
2405,2282,2343,123
2174,2081,2127,93
1916,2153,2034,237
2278,1848,2063,430
2496,2613,2554,117
2232,2118,2175,114
2311,2093,2202,218
1701,1736,1718,35
2283,2533,2408,250
1651,1811,1731,160
2304,2493,2398,189
1833,2128,1980,295
1561,1857,1709,296
2164,1921,2042,243
2117,2369,2243,252
2581,2491,2536,90
2628,2757,2692,129
2543,2598,2570,55
2240,1959,2099,281
1968,2313,2140,345
2507,2514,2510,7
2661,2513,2587,148
2177,2489,2333,312
2250,2272,2261,22
2290,2356,2323,66
2229,2211,2220,18
2607,2474,2540,133
2214,2379,2296,165
2051,2254,2152,203
2168,1762,1965,406
2233,2381,2307,148
2367,2541,2454,174
2529,2427,2478,102
2371,2112,2241,259
2471,2034,2252,437
2222,2457,2339,235
2324,2056,2190,268
2567,2619,2593,52
2484,2432,2458,52
1796,2073,1934,277
2667,2184,2425,483
2664,2531,2597,133
2552,2415,2483,137
2435,2627,2531,192
2484,2368,2426,116
2471,2224,2347,247
2152,2342,2247,190
2113,1793,1953,320
2337,1985,2161,352
2079,2262,2170,183
2596,2382,2489,214
2414,2151,2282,263
1812,2006,1909,194
2290,2267,2278,23
1890,1544,1717,346
2025,2192,2108,167
1992,2014,2003,22
2535,2253,2394,282
2172,1965,2068,207
1857,1935,1896,78
1965,2349,2157,384
2022,2156,2089,134
2404,2537,2470,133
2565,2446,2505,119
2435,1964,2199,471
2353,1843,2098,510
2417,2104,2260,313
2554,2453,2503,101
1547,1754,1650,207
1944,2303,2123,359
1921,1871,1896,50
2572,2471,2521,101
2523,2226,2374,297
2393,1999,2196,394
1970,2034,2002,64
2005,2055,2030,50
2565,2286,2425,279
1856,1694,1775,162
2009,1862,1935,147
2472,2053,2262,419
2091,2153,2122,62
1993,1655,1824,338
2624,2301,2462,323
2005,2711,2358,706
1789,1621,1705,168
2468,2239,2353,229
2477,2259,2368,218
2294,2492,2393,198
1687,2199,1943,512
2556,2485,2520,71
2539,2381,2460,158
2277,2218,2247,59
1684,1977,1830,293
2653,2455,2554,198
2248,2095,2171,153
2062,2545,2303,483
2076,2337,2206,261
2688,2664,2676,24
2218,2323,2270,105
2626,2576,2601,50
2673,2106,2389,567
2541,2613,2577,72
2377,2241,2309,136
2374,2177,2275,197
2711,2503,2607,208
2170,2173,2171,3
1993,2406,2199,413
2180,1954,2067,226
2161,2106,2133,55
2419,2249,2334,170
1709,2169,1939,460
2128,2249,2188,121
2291,2423,2357,132
1770,1581,1675,189
2461,2317,2389,144
2325,2557,2441,232
2090,2274,2182,184
2430,2241,2335,189
2151,1868,2009,283
2238,2449,2343,211
2722,2477,2599,245
2560,2364,2462,196
2556,2412,2484,144
1952,1474,1713,478
2033,2291,2162,258
1458,1861,1659,403
2281,2302,2291,21
1856,1982,1919,126
2720,2861,2790,141
1895,1669,1782,226
2345,2598,2471,253
2617,2453,2535,164
2238,2448,2343,210
2052,2226,2139,174
1645,1795,1720,150
1554,2619,2086,1065
2278,2123,2200,155
1739,2149,1944,410
2521,2379,2450,142
1753,2137,1945,384
2148,2256,2202,108
2201,2003,2102,198
2659,2572,2615,87
2707,2584,2645,123
2460,2107,2283,353
2385,2638,2511,253
2242,2083,2162,159
2460,2218,2339,242
2329,2564,2446,235
1975,2111,2043,136
1932,2359,2145,427
2396,2547,2471,151
2520,2737,2628,217
2121,1767,1944,354
1788,1882,1835,94
2265,2124,2194,141
2378,2601,2489,223
2027,2081,2054,54
1952,2213,2082,261
1987,2102,2044,115
1912,2345,2128,433
1781,2318,2049,537
2441,2168,2304,273
2527,2653,2590,126
2466,2556,2511,90
1881,1731,1806,150
2265,2217,2241,48
2272,2194,2233,78
2311,2079,2195,232
2263,2262,2262,1
2139,2215,2177,76
2493,2452,2472,41
2062,2394,2228,332
2088,1792,1940,296
2162,2113,2137,49
2499,2262,2380,237
2354,2249,2301,105
2182,2599,2390,417
2534,2475,2504,59
2222,2148,2185,74
2290,2472,2381,182
2152,1572,1862,580
2423,2547,2485,124
2340,2618,2479,278
2408,2563,2485,155
2170,1974,2072,196
2185,2568,2376,383
2551,2535,2543,16
2644,2546,2595,98
2632,2635,2633,3
2509,1792,2150,717
2017,2188,2102,171
1773,2019,1896,246
2275,2149,2212,126
2092,2501,2296,409
2492,2494,2493,2
1825,1649,1737,176
1984,1697,1840,287
2422,2634,2528,212
2127,1886,2006,241
2282,2164,2223,118
1848,2225,2036,377
2250,1945,2097,305
2477,2247,2362,230
2368,2529,2448,161
2257,1985,2121,272
2325,2191,2258,134
2240,2037,2138,203
2162,2093,2127,69
2254,2223,2238,31
2046,2398,2222,352
2559,2595,2577,36
2628,2454,2541,174
2529,2541,2535,12
2607,2454,2530,153
2365,2456,2410,91
2360,2248,2304,112
2094,1854,1974,240
2254,2453,2353,199
2472,2026,2249,446
2741,2683,2712,58
2579,2437,2508,142
2494,2607,2550,113
2362,2085,2223,277
2712,2616,2664,96
1992,2403,2197,411
2237,2471,2354,234
2065,1926,1995,139
2533,2211,2372,322
1730,1952,1841,222
2532,2431,2481,101
2217,1886,2051,331
2462,2174,2318,288
2028,2582,2305,554
2500,2356,2428,144
2082,2353,2217,271
1819,2385,2102,566
2180,2155,2167,25
2257,1896,2076,361
2206,2358,2282,152
2555,2329,2442,226
2011,1903,1957,108
2349,2562,2455,213
2327,2394,2360,67
2459,2399,2429,60
1990,2195,2092,205
2477,2343,2410,134
1894,2073,1983,179
1661,1498,1579,163
2331,2339,2335,8
2676,2702,2689,26
2018,1772,1895,246
1767,1637,1702,130
2631,2628,2629,3
2364,2064,2214,300
2326,2171,2248,155
1907,1978,1942,71
1887,2272,2079,385
2555,2449,2502,106
2389,2511,2450,122
2249,1968,2108,281
2101,1978,2039,123
1904,2458,2181,554
2536,2477,2506,59
1367,1789,1578,422
2539,2458,2498,81
2573,2507,2540,66
1771,1497,1634,274
2553,2557,2555,4
2107,2206,2156,99
2638,2556,2597,82
2582,2372,2477,210
2113,1998,2055,115
2138,2314,2226,176
2181,2357,2269,176
1820,1977,1898,157
2723,2653,2688,70
2003,2209,2106,206
1566,1939,1752,373
2126,1957,2041,169
2491,2234,2362,257
1908,1803,1855,105
2049,2206,2127,157
2595,2577,2586,18
2392,1997,2194,395
2620,2688,2654,68
2396,2171,2283,225
1838,2056,1947,218
2635,2549,2592,86
2068,1924,1996,144
2590,2256,2423,334
2688,2135,2411,553
2102,1848,1975,254
2601,2599,2600,2
2476,2499,2487,23
2066,2073,2069,7
1954,2324,2139,370
2095,2038,2066,57
2678,2646,2662,32
2190,2487,2338,297
2089,2044,2066,45
2586,2055,2320,531
2387,2303,2345,84
2377,2178,2277,199
2381,2401,2391,20
2237,2484,2360,247
1317,1897,1607,580
2564,2417,2490,147
2259,2184,2221,75
2331,2069,2200,262
2336,2533,2434,197
2304,1935,2119,369
2309,2425,2367,116
2024,2139,2081,115
2321,2416,2368,95
2244,2595,2419,351
2293,2292,2292,1
2032,1851,1941,181
2361,1756,2058,605
2253,2303,2278,50
2495,2422,2458,73
2347,2552,2449,205
1648,2459,2053,811
1705,1924,1814,219
1933,2248,2090,315
2371,2032,2201,339
2286,2103,2194,183
2143,1976,2059,167
2513,2338,2425,175
2584,2333,2458,251
2480,2304,2392,176
2225,1862,2043,363
2241,2358,2299,117
1988,2188,2088,200
2236,2337,2286,101
2391,2233,2312,158
2254,2001,2127,253
2152,1814,1983,338
2256,2386,2321,130
2217,2363,2290,146
2380,2347,2363,33
2123,2486,2304,363
2053,2325,2189,272
1707,1873,1790,166
2572,2435,2503,137
1943,2221,2082,278
1680,2029,1854,349
2249,2171,2210,78
2552,2665,2608,113
2010,2191,2100,181
2285,2364,2324,79
1381,1515,1448,134
2201,2155,2178,46
2338,2259,2298,79
2059,2185,2122,126
1936,2124,2030,188
1969,2107,2038,138
2246,2458,2352,212
2307,2295,2301,12
2519,2646,2582,127
2031,2254,2142,223
2086,1911,1998,175
1958,2388,2173,430
1856,2411,2133,555
2318,2286,2302,32
2340,2216,2278,124
1780,2013,1896,233
2680,2627,2653,53
2202,2255,2228,53
2197,2371,2284,174
2425,2286,2355,139
2221,2047,2134,174
2534,2239,2386,295
2567,2531,2549,36
2459,2264,2361,195
1961,2322,2141,361
1940,2285,2112,345
2374,2566,2470,192
2538,2697,2617,159
2560,2528,2544,32
2313,2374,2343,61
2230,2128,2179,102
2348,2122,2235,226
1735,1683,1709,52
1919,2181,2050,262
2011,2045,2028,34
2431,2147,2289,284
2535,2634,2584,99
2247,1856,2051,391
2115,1929,2022,186
2401,2491,2446,90
2204,2245,2224,41
1920,2473,2196,553
2479,2556,2517,77
2464,2388,2426,76
2256,2003,2129,253
2473,2578,2525,105
2228,1514,1871,714
2610,2565,2587,45
2218,2089,2153,129
2439,2253,2346,186
2648,2558,2603,90
2719,2051,2385,668
2055,1872,1963,183
2188,2314,2251,126
1974,2167,2070,193
2242,2052,2147,190
2396,2534,2465,138
1379,1303,1341,76
2167,2086,2126,81
2143,2229,2186,86
2051,2261,2156,210
2775,2748,2761,27
2022,2168,2095,146
2476,2324,2400,152
2317,2505,2411,188
1981,2426,2203,445
2486,2267,2376,219
2726,2623,2674,103
2566,2533,2549,33
2104,1849,1976,255
1958,2319,2138,361
1760,2212,1986,452
1757,2154,1955,397
2182,1994,2088,188
2410,2463,2436,53
2380,2069,2224,311
2242,2226,2234,16
2300,2117,2208,183
2526,2401,2463,125
2217,2435,2326,218
2088,2526,2307,438
2511,2269,2390,242
2702,2664,2683,38
2634,2402,2518,232
2340,2025,2182,315
1756,2099,1927,343
1856,2033,1944,177
2238,2063,2150,175
1997,1746,1871,251
2195,2368,2281,173
2256,2226,2241,30
2443,2009,2226,434
2044,2155,2099,111
1951,2371,2161,420
1959,2096,2027,137
2340,2501,2420,161
2422,2498,2460,76
2442,2393,2417,49
2615,2466,2540,149
2422,2441,2431,19
2388,2175,2281,213
2060,2331,2195,271
2099,1926,2012,173
2309,2307,2308,2
2649,2358,2503,291
2282,2232,2257,50
2116,2239,2177,123
2480,2248,2364,232
2378,2611,2494,233
1809,1504,1656,305
2508,2407,2457,101
2389,2619,2504,230
1840,1385,1612,455
2301,1741,2021,560
2404,2556,2480,152
2214,2497,2355,283
2723,2727,2725,4
2588,2614,2601,26
2150,2449,2299,299
1840,1993,1916,153
1658,2075,1866,417
1664,1988,1826,324
2526,2625,2575,99
2177,2205,2191,28
2423,2097,2260,326
2191,2415,2303,224
2206,2361,2283,155
2141,1956,2048,185
2510,2526,2518,16
2483,2428,2455,55
2025,2418,2221,393
1634,2069,1851,435
2572,2343,2457,229
2385,2414,2399,29
2426,2358,2392,68
2314,2417,2365,103
1607,1716,1661,109
2272,2117,2194,155
2500,2189,2344,311
2252,1919,2085,333
2236,2458,2347,222
2371,2197,2284,174
2253,2284,2268,31
1899,1786,1842,113
1899,2217,2058,318
2367,2457,2412,90
2187,2281,2234,94
1944,1366,1655,578
2269,2378,2323,109
2353,2289,2321,64
2237,2086,2161,151
2420,2054,2237,366
2521,1534,2027,987
2451,2353,2402,98
2315,2017,2166,298
2241,2263,2252,22
2217,2009,2113,208
2051,1945,1998,106
2261,2236,2248,25
2476,2382,2429,94
2312,2231,2271,81
2367,2362,2364,5
2668,2553,2610,115
2009,2202,2105,193
2328,2204,2266,124
2484,1874,2179,610
2196,2574,2385,378
2179,2266,2222,87
2011,2319,2165,308
2361,2374,2367,13
2425,2081,2253,344
2541,2461,2501,80
2243,1978,2110,265
2210,2406,2308,196
2305,2513,2409,208
1722,1867,1794,145
2172,2526,2349,354
2170,1905,2037,265
2480,2338,2409,142
1862,2029,1945,167
2717,2663,2690,54
2510,2547,2528,37
1735,1865,1800,130
2561,2562,2561,1
2447,2132,2289,315
2475,2387,2431,88
2159,1989,2074,170
2170,2061,2115,109
2359,1918,2138,441
1819,2432,2125,613
2586,2484,2535,102
2299,1969,2134,330
1665,1374,1519,291
1712,1471,1591,241
2102,2428,2265,326
2484,2091,2287,393
2486,2242,2364,244
1633,1813,1723,180
1843,2145,1994,302
2007,1858,1932,149
1979,2147,2063,168
1800,2339,2069,539
2232,2135,2183,97
1725,2171,1948,446
2300,2199,2249,101
2499,2344,2421,155
2034,2069,2051,35
2475,2544,2509,69
2293,1927,2110,366
1981,2262,2121,281
2709,2753,2731,44
2317,2184,2250,133
1732,1536,1634,196
2441,2639,2540,198
2397,2541,2469,144
1794,1771,1782,23
2656,2631,2643,25
2373,2598,2485,225
1929,2334,2131,405
2185,2048,2116,137
2529,2557,2543,28
2172,1909,2040,263
2709,2632,2670,77
2198,2322,2260,124
2301,2324,2312,23
2760,2711,2735,49
2375,2364,2369,11
2520,2519,2519,1
2159,2064,2111,95
2129,2299,2214,170
2545,1957,2251,588
2077,2244,2160,167
2505,2533,2519,28
1592,1959,1775,367
2235,2473,2354,238
1959,2059,2009,100
2282,2366,2324,84
1782,2371,2076,589
2460,2354,2407,106
2551,2688,2619,137
2262,2365,2313,103
2277,2547,2412,270
2270,2394,2332,124
2140,2167,2153,27
2135,2007,2071,128
2291,2449,2370,158
1866,1516,1691,350
2272,2229,2250,43
2260,2399,2329,139
2242,1851,2046,391
2113,2227,2170,114
2290,2013,2151,277
2529,2585,2557,56
2425,2132,2278,293
2333,2193,2263,140
2217,2404,2310,187
2116,2166,2141,50
2245,2483,2364,238
2129,1966,2047,163
2442,2346,2394,96
2362,2476,2419,114
2420,2447,2433,27
2221,2412,2316,191
2143,2486,2314,343
2515,2511,2513,4
2385,2174,2279,211
2427,2203,2315,224
2448,2392,2420,56
2208,2043,2125,165
1920,2487,2203,567
2224,2464,2344,240
2203,2314,2258,111
1789,1973,1881,184
2407,2133,2270,274
2378,2582,2480,204
1958,1703,1830,255
1797,2002,1899,205
2763,2726,2744,37
2425,2081,2253,344
2252,2099,2175,153
2734,2691,2712,43
2272,2204,2238,68
2176,2038,2107,138
1927,2272,2099,345
2522,2242,2382,280
2403,2282,2342,121
2025,2216,2120,191
1721,1512,1616,209
2618,2626,2622,8
2648,2657,2652,9
2027,2324,2175,297
2651,2706,2678,55
2261,2439,2350,178
2296,2282,2289,14
1895,1647,1771,248
1929,2348,2138,419
2361,2149,2255,212
2579,2472,2525,107
2498,2521,2509,23
2449,2313,2381,136
2083,1921,2002,162
2638,2601,2619,37
2177,1973,2075,204
2401,2454,2427,53
2431,2567,2499,136
2651,2366,2508,285
2624,2478,2551,146
2614,2606,2610,8
1656,2162,1909,506
2549,2669,2609,120
1832,2502,2167,670
2022,1972,1997,50
2475,2603,2539,128
2550,2278,2414,272
2170,2475,2322,305
2474,2426,2450,48
2396,2208,2302,188
2362,2244,2303,118
2210,2428,2319,218
2607,2536,2571,71
2565,2458,2511,107
2577,1866,2221,711
2788,2644,2716,144
2539,2554,2546,15
2416,2065,2240,351
1968,2213,2090,245
2363,2241,2302,122
2045,2428,2236,383
2363,2494,2428,131
2330,2162,2246,168
2507,2503,2505,4
2033,2368,2200,335
2376,2291,2333,85
2357,2217,2287,140
2340,1945,2142,395
2167,2354,2260,187
2142,1916,2029,226
2505,2548,2526,43
2494,2423,2458,71
2004,2407,2205,403
2175,1904,2039,271
2428,2249,2338,179
2102,2289,2195,187
2286,2443,2364,157
2648,2463,2555,185
2218,2275,2246,57
2326,2447,2386,121
1959,2029,1994,70
2091,1648,1869,443
2091,1874,1982,217
2580,2655,2617,75
2588,2463,2525,125
2542,2228,2385,314
2206,2522,2364,316
2071,2136,2103,65
2069,1607,1838,462
2407,2302,2354,105
2100,2314,2207,214
2456,2098,2277,358
2239,2063,2151,176
2386,2003,2194,383
2557,2597,2577,40
2556,2546,2551,10
2284,2306,2295,22
2198,2337,2267,139
2289,1951,2120,338
1872,2131,2001,259
2275,1849,2062,426
1941,1744,1842,197
2357,2256,2306,101
2301,2203,2252,98
2112,1768,1940,344
2702,2706,2704,4
2313,2266,2289,47
1973,1981,1977,8
2674,2666,2670,8
2130,1605,1867,525
2244,1871,2057,373
2198,2317,2257,119
2628,2679,2653,51
1983,2149,2066,166
2098,1844,1971,254
2516,2275,2395,241
2216,2473,2344,257
2430,2513,2471,83
2482,1986,2234,496
2507,2246,2376,261
2123,2363,2243,240
2213,1865,2039,348
2793,2744,2768,49
2107,2449,2278,342
1676,1872,1774,196
2438,2197,2317,241
2259,2395,2327,136
2458,2547,2502,89
2014,1936,1975,78
2440,2714,2577,274
2469,2564,2516,95
1793,1975,1884,182
2417,2388,2402,29
2134,2312,2223,178
2055,1917,1986,138
2371,2382,2376,11
2170,2388,2279,218
2393,1999,2196,394
2002,2217,2109,215
1828,2074,1951,246
2551,2595,2573,44
2021,2297,2159,276
2429,2532,2480,103
1704,1892,1798,188
1396,1845,1620,449
1976,1679,1827,297
2482,2437,2459,45
2610,2491,2550,119
2398,2427,2412,29
1859,2181,2020,322
2567,2518,2542,49
1977,2386,2181,409
2518,2406,2462,112
2449,2336,2392,113
1959,2089,2024,130
2572,2406,2489,166
2354,2417,2385,63
1792,2229,2010,437
2503,2635,2569,132
2302,2553,2427,251
2102,2342,2222,240
2408,2161,2284,247
2382,2194,2288,188
2127,2038,2082,89
2170,1852,2011,318
2436,2469,2452,33
1668,1317,1492,351
2579,2232,2405,347
2259,2446,2352,187
2267,2223,2245,44
2252,2494,2373,242
2413,2556,2484,143
2481,2586,2533,105
1960,1863,1911,97
1976,1626,1801,350
2011,1967,1989,44
2641,2547,2594,94
2172,2089,2130,83
2336,2441,2388,105
2004,2097,2050,93
2705,2465,2585,240
2637,2722,2679,85
2007,1822,1914,185
2200,2389,2294,189
2214,2001,2107,213
2421,2257,2339,164
1664,1797,1730,133
2219,1933,2076,286
1985,2383,2184,398
2643,2247,2445,396
2597,2413,2505,184
2171,2446,2308,275
2431,2462,2446,31
2510,2274,2392,236
2099,1989,2044,110
1949,2152,2050,203
2305,2395,2350,90
2580,2234,2407,346
2676,2505,2590,171
2253,2655,2454,402
2589,2633,2611,44
1696,1863,1779,167
2149,1902,2025,247
2303,2185,2244,118
2446,2294,2370,152
2419,2484,2451,65
2128,2386,2257,258
2201,1799,2000,402
2235,2634,2434,399
2081,1981,2031,100
2120,2103,2111,17
1656,2112,1884,456
2421,2136,2278,285
2313,2481,2397,168
2453,2402,2427,51
2149,2515,2332,366
2302,1959,2130,343
2784,2803,2793,19
2283,2594,2438,311
2557,2708,2632,151
2151,2104,2127,47
2478,2596,2537,118
1910,1798,1854,112
2500,1933,2216,567
1890,2145,2017,255
2470,2531,2500,61
2343,2294,2318,49
1658,1788,1723,130
2333,2132,2232,201
2163,2322,2242,159
2024,2254,2139,230
2218,2432,2325,214
1987,1824,1905,163
2682,2455,2568,227
1900,2055,1977,155
2438,2287,2362,151
2000,2536,2268,536
1712,1912,1812,200
2430,2021,2225,409
1955,2198,2076,243
2217,2063,2140,154
2267,2383,2325,116
2342,1985,2163,357
2417,2404,2410,13
2149,2045,2097,104
1936,1688,1812,248
2072,1724,1898,348
2402,2582,2492,180
2152,1907,2029,245
2263,1995,2129,268
2131,1949,2040,182
2123,2147,2135,24
2074,2255,2164,181
2308,2199,2253,109
1670,2104,1887,434
2042,2442,2242,400
2462,1978,2220,484
2294,2572,2433,278
2562,2308,2435,254
1893,2024,1958,131
2667,2603,2635,64
2348,2242,2295,106
2131,2126,2128,5
2376,2255,2315,121
2284,2534,2409,250
2702,2377,2539,325
1986,1794,1890,192
2385,2267,2326,118
2145,1955,2050,190
2431,2055,2243,376
2211,2305,2258,94
1552,2446,1999,894
1531,1793,1662,262
2337,2543,2440,206
2064,2259,2161,195
2680,2543,2611,137
2151,1979,2065,172
2277,2005,2141,272
2473,2377,2425,96
2159,2338,2248,179
2295,2398,2346,103
2572,2126,2349,446
2167,2387,2277,220
2311,2079,2195,232
2275,2034,2154,241
1846,1981,1913,135
2250,2119,2184,131
2209,2316,2262,107
1688,1971,1829,283
2367,2092,2229,275
2497,2276,2386,221
2316,2009,2162,307
2151,2235,2193,84
1753,1863,1808,110
1915,2043,1979,128
2262,2223,2242,39
2388,2669,2528,281
2589,2526,2557,63
2609,2562,2585,47
2444,2424,2434,20
2178,2516,2347,338
2560,2602,2581,42
2261,2143,2202,118
2567,2353,2460,214
2109,1928,2018,181
1995,1889,1942,106
2374,2423,2398,49
2120,2079,2099,41
2063,1804,1933,259
2418,2526,2472,108
2426,2303,2364,123
2152,2013,2082,139
2160,2262,2211,102
2228,2266,2247,38
2683,2708,2695,25
2379,2504,2441,125
2593,2204,2398,389
2441,2502,2471,61
2412,2317,2364,95
2375,2141,2258,234
2665,2457,2561,208
2517,2389,2453,128
2376,2323,2349,53
1734,1966,1850,232
2132,1952,2042,180
1731,1904,1817,173
2350,2304,2327,46
1821,1989,1905,168
2408,2534,2471,126
2530,2407,2468,123
2401,2355,2378,46
1706,2229,1967,523
1847,2057,1952,210
2402,2095,2248,307
2196,2385,2290,189
2469,2805,2637,336
2393,2364,2378,29
2498,2548,2523,50
1768,2165,1966,397
2279,2393,2336,114
2279,1729,2004,550
2221,2306,2263,85
2568,2449,2508,119
1988,2229,2108,241
2590,2708,2649,118
2030,1844,1937,186
2390,2092,2241,298
2036,1802,1919,234
2265,2135,2200,130
2644,2591,2617,53
2453,2569,2511,116
2393,2561,2477,168
2178,2471,2324,293
1934,2236,2085,302
2249,2248,2248,1
1934,2061,1997,127
2241,2029,2135,212
2232,2639,2435,407
2507,2577,2542,70
2609,2183,2396,426
2423,2539,2481,116
2082,2237,2159,155
2666,2687,2676,21
2044,2086,2065,42
1619,1799,1709,180
1785,2143,1964,358
2194,2444,2319,250
2064,1836,1950,228
2090,1969,2029,121
2252,2215,2233,37
1716,1821,1768,105
2693,2717,2705,24
2293,2205,2249,88
1930,2058,1994,128
2292,2533,2412,241
1897,2015,1956,118
2282,2725,2503,443
2200,2037,2118,163
1876,2118,1997,242
1975,1654,1814,321
1770,2103,1936,333
2085,2502,2293,417
2431,2468,2449,37
1649,1487,1568,162
2078,2436,2257,358
2147,2385,2266,238
2298,2338,2318,40
2278,2144,2211,134
2389,2359,2374,30
1929,1916,1922,13
2423,2197,2310,226
2237,2231,2234,6
2302,2245,2273,57
1812,2285,2048,473
1838,1303,1570,535
2158,2228,2193,70
2321,2545,2433,224
2602,2495,2548,107
2015,1844,1929,171
2178,2412,2295,234
2068,2161,2114,93
2267,2545,2406,278
2074,2235,2154,161
2332,2136,2234,196
2579,2618,2598,39
2072,2002,2037,70
1698,1866,1782,168
1999,2239,2119,240
2092,2345,2218,253
2213,1781,1997,432
1950,1641,1795,309
2308,2475,2391,167
2309,2102,2205,207
2367,2414,2390,47
2405,1977,2191,428
2663,2467,2565,196
2339,2387,2363,48
2341,2178,2259,163
2071,2308,2189,237
2212,2185,2198,27
2363,2494,2428,131
2121,2307,2214,186
2331,2115,2223,216
2305,2213,2259,92
2403,2059,2231,344
2411,2218,2314,193
2274,2228,2251,46
2412,2223,2317,189
1976,2138,2057,162
2058,2235,2146,177
2337,2255,2296,82
2285,2063,2174,222
2293,2436,2364,143
2130,1787,1958,343
2446,2242,2344,204
2517,2308,2412,209
2102,2073,2087,29
2173,1786,1979,387
2196,1883,2039,313
2503,2498,2500,5
2483,2469,2476,14
2234,2298,2266,64
2206,2085,2145,121
1793,1572,1682,221
1986,2131,2058,145
2552,2691,2621,139
2473,2265,2369,208
2724,2602,2663,122
2597,2545,2571,52
2255,2476,2365,221
2547,2354,2450,193
2180,2261,2220,81
2342,2008,2175,334
2017,1944,1980,73
2502,2604,2553,102
1792,1546,1669,246
2553,1805,2179,748
1976,2454,2215,478
2187,2244,2215,57
2639,2663,2651,24
2257,2486,2371,229
2454,2276,2365,178
2330,2197,2263,133
1811,2108,1959,297
2347,2052,2199,295
2129,2074,2101,55
2285,2259,2272,26
2285,2575,2430,290
2557,2584,2570,27
2295,2505,2400,210
2145,2104,2124,41
2359,2415,2387,56
1419,1607,1513,188
2092,2292,2192,200
2739,2619,2679,120
2200,2042,2121,158
2296,2616,2456,320
1595,1555,1575,40
2108,2685,2396,577
2271,2635,2453,364
2482,2274,2378,208
1736,2169,1952,433
2364,2125,2244,239
1952,2479,2215,527
2157,2439,2298,282
1731,1772,1751,41
2114,2312,2213,198
2431,2029,2230,402
2298,2137,2217,161
2321,2447,2384,126
2404,2593,2498,189
2517,2298,2407,219
1811,2116,1963,305
2025,2081,2053,56
2447,2623,2535,176
2254,2445,2349,191
2300,2377,2338,77
2338,2185,2261,153
2672,2475,2573,197
2211,2306,2258,95
2194,2131,2162,63
2468,2569,2518,101
2378,2636,2507,258
2368,2153,2260,215
2261,2132,2196,129
1974,2384,2179,410
2434,2556,2495,122
2585,2173,2379,412
2016,2335,2175,319
2195,1683,1939,512
2577,2758,2667,181
2730,2544,2637,186
2705,2616,2660,89
2384,2347,2365,37
2306,2064,2185,242
2232,2166,2199,66
2222,2185,2203,37
2655,2499,2577,156
2527,2427,2477,100
2422,2535,2478,113
2158,1928,2043,230
2577,2365,2471,212
2124,2229,2176,105
2641,2315,2478,326
1845,1776,1810,69
2521,2585,2553,64
2506,2295,2400,211
2058,2361,2209,303
1939,2141,2040,202
2244,2574,2409,330
2358,2505,2431,147
2013,2311,2162,298
2121,1984,2052,137
2315,2446,2380,131
1604,1947,1775,343
2015,1748,1881,267
2366,2024,2195,342
2431,2516,2473,85
2296,2296,2296,0
2342,2054,2198,288
1887,2509,2198,622
1722,1697,1709,25
2478,2331,2404,147
2441,2512,2476,71
1650,1407,1528,243
1905,2249,2077,344
1974,2113,2043,139
1839,1683,1761,156
2194,2157,2175,37
2107,2113,2110,6
2436,2214,2325,222
2723,2553,2638,170
2254,2275,2264,21
1739,1602,1670,137
2544,2613,2578,69
2573,2633,2603,60
2170,2032,2101,138
2275,2275,2275,0
2049,2229,2139,180
2273,2521,2397,248
1787,1997,1892,210
2061,2354,2207,293
2377,2467,2422,90
2164,2134,2149,30
2152,2301,2226,149
2303,2181,2242,122
2309,2256,2282,53
2605,2375,2490,230
2336,2274,2305,62
2320,2398,2359,78
2473,2319,2396,154
2292,2458,2375,166
2120,2518,2319,398
2592,2325,2458,267
2145,2008,2076,137
2420,1951,2185,469
2176,2133,2154,43
2368,2213,2290,155
2093,2208,2150,115
2388,2446,2417,58
2486,2427,2456,59
2298,2082,2190,216
2111,1786,1948,325
2501,2568,2534,67
2550,2567,2558,17
1432,2016,1724,584
2474,2528,2501,54
2141,1771,1956,370
2301,2161,2231,140
1917,1836,1876,81
2187,1767,1977,420
2028,1947,1987,81
1464,1768,1616,304
2266,2238,2252,28
2319,2166,2242,153
2474,2239,2356,235
2268,2436,2352,168
2342,2369,2355,27
2428,2053,2240,375
2560,2375,2467,185
2520,2229,2374,291
2100,2459,2279,359
2417,2459,2438,42
2062,2211,2136,149
2545,2279,2412,266
1991,2499,2245,508
2483,2417,2450,66
1436,1814,1625,378
2707,2635,2671,72
1968,1983,1975,15
2029,2302,2165,273
2186,2455,2320,269
2054,2145,2099,91
2069,2402,2235,333
2609,2274,2441,335
2410,2405,2407,5
2500,2531,2515,31
2404,2519,2461,115
2573,2464,2518,109
1945,2216,2080,271
2541,2503,2522,38
2538,2449,2493,89
2052,1909,1980,143
2344,2183,2263,161
2293,2157,2225,136
1880,2139,2009,259
2336,1871,2103,465
2259,2027,2143,232
2100,1844,1972,256
2545,2312,2428,233
1989,2161,2075,172
2338,2332,2335,6
2837,2763,2800,74
2373,2463,2418,90
1933,1704,1818,229
1976,1929,1952,47
1490,1858,1674,368
2302,2506,2404,204
2322,2329,2325,7
2246,2224,2235,22
2242,2157,2199,85
2058,1904,1981,154
2078,2478,2278,400
1675,1859,1767,184
2476,2524,2500,48
2234,2081,2157,153
2041,2275,2158,234
2131,2141,2136,10
2281,2402,2341,121
2213,1819,2016,394
2211,2461,2336,250
2399,2571,2485,172
2110,1812,1961,298
2132,2333,2232,201
2416,2119,2267,297
2165,1817,1991,348
1564,1837,1700,273
2104,1939,2021,165
2653,2762,2707,109
2167,2007,2087,160
2188,2243,2215,55
2250,2152,2201,98
2626,2567,2596,59
2302,2524,2413,222
1844,2237,2040,393
1698,1831,1764,133
2069,1641,1855,428
2170,2327,2248,157
2465,2552,2508,87
2248,2566,2407,318
2252,2053,2152,199
2362,2182,2272,180
1911,2087,1999,176
2192,2245,2218,53
2692,2641,2666,51
2445,2249,2347,196
1529,1897,1713,368
2209,2094,2151,115
2112,1878,1995,234
2168,1874,2021,294
2737,2762,2749,25
2026,1847,1936,179
2388,2613,2500,225
2369,2054,2211,315
2106,2295,2200,189
2030,1887,1958,143
2061,2243,2152,182
1946,1918,1932,28
2289,2416,2352,127
2134,2255,2194,121
2478,2557,2517,79
1972,2447,2209,475
2354,2237,2295,117
2143,2607,2375,464
2610,2181,2395,429
2127,2107,2117,20
2637,2622,2629,15
2664,2671,2667,7
2523,2579,2551,56
1922,2235,2078,313
2307,2167,2237,140
2603,2442,2522,161
2564,2631,2597,67
2316,1735,2025,581
2145,2303,2224,158
2699,2538,2618,161
2393,2529,2461,136
2432,2506,2469,74
2624,2663,2643,39
2122,2027,2074,95
2320,2533,2426,213
2433,2233,2333,200
2723,2586,2654,137
2355,2512,2433,157
1858,2408,2133,550
1909,2445,2177,536
2254,2377,2315,123
1571,1877,1724,306
2393,2356,2374,37
1734,1995,1864,261
2483,2564,2523,81
2437,2348,2392,89
2289,2273,2281,16
2785,2724,2754,61
1668,1901,1784,233
2200,2508,2354,308
1787,1805,1796,18
2184,2388,2286,204
2585,2389,2487,196
2557,2655,2606,98
2353,2157,2255,196
2260,2549,2404,289
2113,2386,2249,273
2076,2074,2075,2
2490,2543,2516,53
2198,1967,2082,231
2561,2461,2511,100
2432,2231,2331,201
2235,2278,2256,43
2517,2035,2276,482
2132,2517,2324,385
2122,2438,2280,316
2266,2343,2304,77
1622,1762,1692,140
2241,2413,2327,172
2484,1906,2195,578
2213,2604,2408,391
1470,1951,1710,481
1996,2219,2107,223
2330,2044,2187,286
2679,2622,2650,57
1868,1991,1929,123
2486,2037,2261,449
2503,2417,2460,86
2707,2493,2600,214
2584,2682,2633,98
2280,2467,2373,187
2374,1899,2136,475
2206,2342,2274,136
2617,2679,2648,62
2598,2215,2406,383
1854,1882,1868,28
2527,2543,2535,16
2200,2278,2239,78
2529,2328,2428,201
2384,2333,2358,51
1953,2178,2065,225
2049,2064,2056,15
2371,2273,2322,98
2429,2523,2476,94
2495,1836,2165,659
2492,2348,2420,144
2485,2713,2599,228
2178,2351,2264,173
2054,2056,2055,2
2598,2375,2486,223
2023,2298,2160,275
2050,2368,2209,318
2503,2409,2456,94
2500,2281,2390,219
2442,2201,2321,241
1573,1835,1704,262
2324,2458,2391,134
2556,2724,2640,168
2120,2087,2103,33
2173,1909,2041,264
2214,2423,2318,209
2633,2359,2496,274
2306,2207,2256,99
2065,2271,2168,206
2046,2075,2060,29
2559,2427,2493,132
2220,1836,2028,384
1794,2377,2085,583
2140,1975,2057,165
2445,2509,2477,64
2410,2218,2314,192
2500,2106,2303,394
2100,2003,2051,97
2345,2564,2454,219
2043,2306,2174,263
2411,2256,2333,155
2346,2399,2372,53
2632,2446,2539,186
1999,1646,1822,353
2613,2564,2588,49
2326,2534,2430,208
2534,2552,2543,18
2102,2005,2053,97
2305,2532,2418,227
1884,1837,1860,47
2104,1838,1971,266
1886,2063,1974,177
2772,2567,2669,205
2538,2311,2424,227
2140,2549,2344,409
2279,2566,2422,287
2102,2032,2067,70
2276,2467,2371,191
2257,2137,2197,120
2121,2409,2265,288
2544,2463,2503,81
2101,2224,2162,123
2610,2657,2633,47
2073,2139,2106,66
2625,2571,2598,54
2066,2099,2082,33
2202,2106,2154,96
2564,2416,2490,148
2264,2146,2205,118
2622,2297,2459,325
2507,2392,2449,115
2020,2006,2013,14
2562,2175,2368,387
2457,2463,2460,6
2502,2331,2416,171
2248,2378,2313,130
2063,2371,2217,308
2168,2251,2209,83
2193,1909,2051,284
2672,2734,2703,62
2204,2003,2103,201
2265,2138,2201,127
2441,2564,2502,123
2754,2582,2668,172
2546,2614,2580,68
2222,2079,2150,143
2550,2524,2537,26
2386,2359,2372,27
2088,2215,2151,127
2749,2607,2678,142
1589,1807,1698,218
2318,2247,2282,71
2222,2033,2127,189
2412,2346,2379,66
2474,2471,2472,3
2215,2361,2288,146
2336,2564,2450,228
2418,2285,2351,133
2305,2518,2411,213
2538,2547,2542,9
2107,1958,2032,149
2387,2716,2551,329
2292,2197,2244,95
2292,2195,2243,97
2752,2773,2762,21
2414,2546,2480,132
2455,2178,2316,277
2757,2578,2667,179
2486,2482,2484,4
2152,1775,1963,377
2557,2324,2440,233
2322,2303,2312,19
2232,1938,2085,294
2482,2535,2508,53
2420,2638,2529,218
2214,1886,2050,328
1843,1522,1682,321
2663,2569,2616,94
2506,2717,2611,211
2318,1848,2083,470
2285,2416,2350,131
2244,2115,2179,129
2520,2096,2308,424
1978,2086,2032,108
2137,2361,2249,224
1808,1794,1801,14
2154,2308,2231,154
2436,2436,2436,0
1861,2027,1944,166
2322,2121,2221,201
2548,2296,2422,252
2368,2491,2429,123
2304,2352,2328,48
2321,2148,2234,173
1744,1617,1680,127
2625,2416,2520,209
2388,2104,2246,284
2686,2344,2515,342
2008,2304,2156,296
1648,2422,2035,774
1939,2338,2138,399
2212,2184,2198,28
2586,2253,2419,333
1739,2096,1917,357
1757,1819,1788,62
2513,2308,2410,205
2449,2053,2251,396
1888,1519,1703,369
2464,2129,2296,335
2162,2026,2094,136
2346,2076,2211,270
2660,2633,2646,27
2428,2433,2430,5
2050,2029,2039,21
2538,2257,2397,281
2258,2461,2359,203
2168,1959,2063,209
1921,2169,2045,248
2172,1958,2065,214
2216,1977,2096,239
2521,2294,2407,227
2272,2622,2447,350
2338,2153,2245,185
2131,2351,2241,220
2366,2522,2444,156
2586,2659,2622,73
2362,2562,2462,200
2165,1977,2071,188
1630,1979,1804,349
2318,2008,2163,310
2613,2664,2638,51
2234,2453,2343,219
2293,2471,2382,178
2123,2358,2240,235
2478,2328,2403,150
2067,2311,2189,244
2093,2091,2092,2
2468,2437,2452,31
1622,1245,1433,377
2251,2307,2279,56
2345,2473,2409,128
2308,2586,2447,278
2066,1985,2025,81
2603,2405,2504,198
1532,1871,1701,339
2405,2025,2215,380
2187,1805,1996,382
2521,2037,2279,484
2224,2204,2214,20
1708,1897,1802,189
2363,2374,2368,11
1278,1858,1568,580
2536,1881,2208,655
1549,1591,1570,42
1869,2011,1940,142
2580,2466,2523,114
2146,2322,2234,176
2700,2497,2598,203
2328,2098,2213,230
2588,2667,2627,79
2372,2496,2434,124
2476,2587,2531,111
2520,2278,2399,242
1831,1796,1813,35
2117,2266,2191,149
2420,2386,2403,34
2141,2282,2211,141
2460,2224,2342,236
2396,2513,2454,117
2604,1684,2144,920
2161,2284,2222,123
2184,2469,2326,285
2717,2712,2714,5
2163,2424,2293,261
2123,2341,2232,218
2330,2204,2267,126
2284,2377,2330,93
2599,2391,2495,208
2029,2189,2109,160
2468,2199,2333,269
2133,2328,2230,195
1836,2233,2034,397
2393,2182,2287,211
2294,2067,2180,227
2471,2643,2557,172
2602,2231,2416,371
2512,2192,2352,320
2444,2574,2509,130
2338,2242,2290,96
2372,2239,2305,133
2397,2404,2400,7
2669,2572,2620,97
2352,2642,2497,290
1927,2448,2187,521
2582,2455,2518,127
2113,2296,2204,183
2233,2344,2288,111
2766,2717,2741,49
2129,2017,2073,112
2046,2678,2362,632
2166,2383,2274,217
2408,2468,2438,60
2185,2152,2168,33
2206,1895,2050,311
2570,2619,2594,49
2084,2306,2195,222
1935,2133,2034,198
2456,2135,2295,321
2411,2372,2391,39
2087,2369,2228,282
2427,2554,2490,127
2289,1992,2140,297
2147,2456,2301,309
2136,2188,2162,52
2051,2418,2234,367
1598,2288,1943,690
2559,2176,2367,383
1998,2074,2036,76
2227,2547,2387,320
2172,2416,2294,244
1793,2066,1929,273
2527,2043,2285,484
2562,2496,2529,66
2104,2365,2234,261
2034,2139,2086,105
2196,1935,2065,261
1464,1812,1638,348
2269,2263,2266,6
1967,2284,2125,317
2081,1459,1770,622
2135,2049,2092,86
2076,1832,1954,244
2111,2113,2112,2
1972,1636,1804,336
2224,2081,2152,143
2044,1953,1998,91
2178,2259,2218,81
2433,2338,2385,95
2025,2196,2110,171
2317,2505,2411,188
2068,2206,2137,138
1925,2268,2096,343
2330,2439,2384,109
2067,1874,1970,193
2038,2237,2137,199
2263,2347,2305,84
1798,2032,1915,234
2246,2076,2161,170
2530,2437,2483,93
1979,2177,2078,198
1737,1982,1859,245
2051,2403,2227,352
2291,2445,2368,154
2125,2036,2080,89
1942,2117,2029,175
2712,2384,2548,328
2099,2278,2188,179
2433,2353,2393,80
1685,1892,1788,207
2383,2078,2230,305
2599,2616,2607,17
2388,2654,2521,266
2510,2182,2346,328
2118,2348,2233,230
2386,2226,2306,160
2135,2033,2084,102
2343,2034,2188,309
1983,2153,2068,170
2587,2442,2514,145
1827,2181,2004,354
2624,2489,2556,135
2403,2521,2462,118
2375,2308,2341,67
2304,2515,2409,211
1772,2392,2082,620
2594,2707,2650,113
2241,2402,2321,161
2457,2318,2387,139
2608,2485,2546,123
2153,1996,2074,157
2104,1851,1977,253
2532,2412,2472,120
1812,2068,1940,256
2284,2138,2211,146
2224,2402,2313,178
2059,1983,2021,76
2399,2189,2294,210
1897,1663,1780,234
1917,1837,1877,80
1742,1846,1794,104
2190,2434,2312,244
2259,1611,1935,648
2430,2499,2464,69
2556,2174,2365,382
2400,2244,2322,156
2327,2209,2268,118
2119,2011,2065,108
2428,2713,2570,285
2655,2735,2695,80
1817,2199,2008,382
1370,1784,1577,414
2000,2177,2088,177
2211,2255,2233,44
1959,2041,2000,82
2381,2571,2476,190
2119,1971,2045,148
2147,2293,2220,146
2550,2313,2431,237
1795,2459,2127,664
1889,1981,1935,92
2103,1805,1954,298
2749,2546,2647,203
1848,1936,1892,88
1972,2028,2000,56
2192,2253,2222,61
2266,2462,2364,196
1963,2077,2020,114
2401,2168,2284,233
2218,2572,2395,354
1386,2334,1860,948
2713,2636,2674,77
2447,2367,2407,80
2523,2556,2539,33
2132,2287,2209,155
2230,2451,2340,221
2268,2154,2211,114
2092,2334,2213,242
2040,2184,2112,144
2655,2645,2650,10
2160,2375,2267,215
2059,2099,2079,40
1919,2352,2135,433
1698,1501,1599,197
2533,2332,2432,201
2241,2023,2132,218
2222,2596,2409,374
2568,2631,2599,63
2345,2521,2433,176
2625,2621,2623,4
2535,2273,2404,262
2462,2117,2289,345
2588,2686,2637,98
2342,2116,2229,226
2295,2027,2161,268
2656,2572,2614,84
2118,2485,2301,367
2206,2114,2160,92
2346,2479,2412,133
2803,2734,2768,69
2513,2253,2383,260
2098,2245,2171,147
2260,1905,2082,355
2441,2364,2402,77
2401,1781,2091,620
1682,2087,1884,405
2097,2261,2179,164
2419,2371,2395,48
2112,2093,2102,19
2210,2343,2276,133
2389,2437,2413,48
2521,2455,2488,66
2328,2546,2437,218
2078,2361,2219,283
2223,2371,2297,148
2228,2212,2220,16
2562,2577,2569,15
2112,1977,2044,135
2303,2468,2385,165
1734,1868,1801,134
2282,1884,2083,398
2571,2501,2536,70
2282,2166,2224,116
2472,2389,2430,83
1783,1982,1882,199
1800,1828,1814,28
2036,1965,2000,71
2320,1942,2131,378
2508,2271,2389,237
2636,2525,2580,111
1950,1702,1826,248
2560,2153,2356,407
2058,2198,2128,140
1886,2252,2069,366
2491,2212,2351,279
2189,2261,2225,72
2420,2504,2462,84
2481,2541,2511,60
2576,2597,2586,21
1936,2111,2023,175
2471,2143,2307,328
2504,2146,2325,358
2287,2376,2331,89
2375,2388,2381,13
2475,2319,2397,156
2691,2689,2690,2
2387,2503,2445,116
2390,2563,2476,173
2204,2334,2269,130
2455,2226,2340,229
2499,2362,2430,137
2627,2462,2544,165
2220,1965,2092,255
2287,1488,1887,799
2123,2481,2302,358
2425,2576,2500,151
1684,1927,1805,243
2146,1723,1934,423
2465,2246,2355,219
2329,2696,2512,367
1944,2166,2055,222
2730,2792,2761,62
2118,2228,2173,110
1935,2009,1972,74
2119,1923,2021,196
2262,2237,2249,25
2295,2153,2224,142
2483,2222,2352,261
1997,2144,2070,147
1848,1978,1913,130
2642,2561,2601,81
2670,2571,2620,99
1990,2048,2019,58
2244,2095,2169,149
1604,1868,1736,264
2327,2509,2418,182
2250,2076,2163,174
2140,2271,2205,131
1754,1634,1694,120
1830,1961,1895,131
2029,2214,2121,185
2505,2625,2565,120
1861,2477,2169,616
1996,2052,2024,56
1850,1482,1666,368
2551,2278,2414,273
2461,2406,2433,55
2282,2106,2194,176
2085,2228,2156,143
2018,2517,2267,499
1498,2144,1821,646
2520,2506,2513,14
2433,2552,2492,119
2510,2568,2539,58
2343,2039,2191,304
1483,1768,1625,285
1823,2244,2033,421
2414,2274,2344,140
1705,1528,1616,177
2073,2218,2145,145
2286,2459,2372,173
2157,2177,2167,20
1574,1771,1672,197
2218,2091,2154,127
2419,2554,2486,135
2318,2153,2235,165
2651,2558,2604,93
2539,2448,2493,91
2577,2569,2573,8
2144,1889,2016,255
2340,2591,2465,251
2268,1961,2114,307
2108,2244,2176,136
2149,1961,2055,188
2244,1852,2048,392
1492,1827,1659,335
2139,1997,2068,142
2231,2037,2134,194
2363,2447,2405,84
2470,2223,2346,247
2523,2635,2579,112
1783,1314,1548,469
2054,1883,1968,171
2280,1907,2093,373
1932,2452,2192,520
2429,2237,2333,192
2308,1881,2094,427
2590,1946,2268,644
2166,1975,2070,191
2054,1821,1937,233
2454,2544,2499,90
2015,2113,2064,98
2058,2103,2080,45
2172,2383,2277,211
2059,1927,1993,132
2370,2106,2238,264
2392,2311,2351,81
2285,2001,2143,284
2259,2233,2246,26
1973,2144,2058,171
2603,2422,2512,181
2292,2039,2165,253
2174,2522,2348,348
2583,2212,2397,371
1904,2179,2041,275
2247,2301,2274,54
2005,1977,1991,28
2186,2236,2211,50
2212,1931,2071,281
2542,2491,2516,51
1823,1663,1743,160
2707,2659,2683,48
2118,1846,1982,272
2185,2464,2324,279
2113,2458,2285,345
2109,2417,2263,308
1943,1791,1867,152
2243,2262,2252,19
1936,1893,1914,43
2546,2339,2442,207
2203,2104,2153,99
1904,2164,2034,260
2142,2269,2205,127
2060,2062,2061,2
2389,2477,2433,88
2004,2278,2141,274
2321,2319,2320,2
2135,2168,2151,33
2096,1673,1884,423
2117,2102,2109,15
2430,2538,2484,108
2118,2501,2309,383
2442,2663,2552,221
2727,2567,2647,160
2164,2372,2268,208
2365,2533,2449,168
1851,1726,1788,125
2223,2481,2352,258
2472,2076,2274,396
2533,2373,2453,160
1471,1808,1639,337
2407,2144,2275,263
2430,2208,2319,222
2263,2347,2305,84
2254,2407,2330,153
2700,2637,2668,63
2031,1802,1916,229
2391,2034,2212,357
1925,2274,2099,349
2334,2533,2433,199
1959,1828,1893,131
2197,1841,2019,356
2317,2574,2445,257
2167,2106,2136,61
1966,2118,2042,152
2449,2179,2314,270
1843,1512,1677,331
2246,1981,2113,265
2508,2513,2510,5
2202,2171,2186,31
2456,2386,2421,70
2279,2636,2457,357
2192,2419,2305,227
2058,2309,2183,251
1636,1417,1526,219
2529,2602,2565,73
2528,2221,2374,307
2711,2119,2415,592
2427,2164,2295,263
2279,2112,2195,167
2484,2272,2378,212
1854,1475,1664,379
2241,2562,2401,321
2238,2302,2270,64
2208,2342,2275,134
2523,2322,2422,201
2306,2505,2405,199
2053,2148,2100,95
2391,2441,2416,50
2639,2678,2658,39
2249,2459,2354,210
1988,2127,2057,139
2001,1783,1892,218
2609,2683,2646,74
2568,2286,2427,282
2269,2547,2408,278
2676,2619,2647,57
2581,2467,2524,114
2600,2327,2463,273
2509,2614,2561,105
2060,2466,2263,406
1961,2399,2180,438
1895,2205,2050,310
2441,1851,2146,590
2274,2459,2366,185
2014,1655,1834,359
1846,1764,1805,82
2068,2298,2183,230
2489,2501,2495,12
1945,1653,1799,292
2771,2881,2826,110
2085,2202,2143,117
1958,1939,1948,19
2432,2281,2356,151
2655,2645,2650,10
2398,2295,2346,103
1931,2199,2065,268
2239,2472,2355,233
1745,1988,1866,243
1963,2212,2087,249
2128,2014,2071,114
2556,2518,2537,38
2522,2361,2441,161
2455,2335,2395,120
2143,2574,2358,431
2017,1909,1963,108
1544,1808,1676,264
2632,2474,2553,158
1959,2092,2025,133
2628,2201,2414,427
2000,2152,2076,152
2511,1947,2229,564
1984,2209,2096,225
2537,2417,2477,120
2441,2085,2263,356
2103,2521,2312,418
1837,2197,2017,360
2140,2301,2220,161
2477,2343,2410,134
2270,2234,2252,36
1943,1667,1805,276
2616,2625,2620,9
2051,1759,1905,292
1638,1861,1749,223
2163,2168,2165,5
2488,2567,2527,79
2432,2533,2482,101
2568,2652,2610,84
2115,2322,2218,207
2291,1874,2082,417
2217,2053,2135,164
1700,1971,1835,271
1999,2123,2061,124
2108,2357,2232,249
1917,2061,1989,144
2088,1901,1994,187
2338,2564,2451,226
2075,2377,2226,302
2541,2171,2356,370
2119,2289,2204,170
2484,2481,2482,3
2278,2094,2186,184
1941,2214,2077,273
1704,2155,1929,451
1669,1933,1801,264
2619,2481,2550,138
2254,2079,2166,175
2022,2326,2174,304
2266,2386,2326,120
2303,2391,2347,88
2343,2217,2280,126
2065,2224,2144,159
1501,1923,1712,422
2511,2391,2451,120
2353,2092,2222,261
2116,1983,2049,133
2155,2274,2214,119
2244,1951,2097,293
2600,2655,2627,55
1544,1812,1678,268
2475,2502,2488,27
2452,2475,2463,23
1611,1985,1798,374
2072,2373,2222,301
2397,1986,2191,411
2594,2335,2464,259
2222,1725,1973,497
2606,2322,2464,284
2639,2715,2677,76
2411,2264,2337,147
2188,2029,2108,159
2223,2316,2269,93
1569,1984,1776,415
1882,1714,1798,168
2351,2277,2314,74
1823,2246,2034,423
2597,2606,2601,9
2274,2059,2166,215
2350,2409,2379,59
2113,2051,2082,62
2488,2569,2528,81
2027,1753,1890,274
2407,2114,2260,293
1936,2338,2137,402
1971,2245,2108,274
2261,2117,2189,144
1923,1764,1843,159
2383,2438,2410,55
2512,2447,2479,65
2663,2683,2673,20
2485,2629,2557,144
2490,2686,2588,196
1746,1388,1567,358
2168,2133,2150,35
2063,2311,2187,248
2379,2542,2460,163
1971,2071,2021,100
2408,2484,2446,76
1918,2227,2072,309
2507,2461,2484,46
2040,2231,2135,191
2225,2114,2169,111
2239,2027,2133,212
2245,2006,2125,239
2255,2252,2253,3
1877,2137,2007,260
2295,2291,2293,4
2377,2012,2194,365
2256,1805,2030,451
2493,2625,2559,132
2401,2481,2441,80
2245,2305,2275,60
2426,2018,2222,408
2063,2108,2085,45
2164,2257,2210,93
2662,2509,2585,153
2198,2101,2149,97
2003,2167,2085,164
2318,2101,2209,217
2569,2128,2348,441
2148,2102,2125,46
2477,2235,2356,242
2659,2554,2606,105
1918,2087,2002,169
2006,1634,1820,372
1812,2209,2010,397
1786,2181,1983,395
2330,2448,2389,118
1689,1817,1753,128
2287,2425,2356,138
2168,2245,2206,77
2764,2815,2789,51
2276,2375,2325,99
2317,2065,2191,252
1820,1669,1744,151
1942,1868,1905,74
2486,2542,2514,56
2316,2391,2353,75
2327,2499,2413,172
2413,2006,2209,407
2700,2703,2701,3
2643,2591,2617,52
2647,2667,2657,20
1799,1943,1871,144
2396,2446,2421,50
2530,2491,2510,39
2204,2079,2141,125
2500,2107,2303,393
2024,2409,2216,385
2284,2623,2453,339
2384,1791,2087,593
1933,1857,1895,76
2303,2087,2195,216
1986,1864,1925,122
2299,2276,2287,23
2643,2558,2600,85
1839,2132,1985,293
2495,2529,2512,34
2499,2554,2526,55
2379,2511,2445,132
2417,2594,2505,177
1745,1845,1795,100
2463,1817,2140,646
2128,2002,2065,126
1985,2231,2108,246
2533,2162,2347,371
2562,2089,2325,473
1992,1614,1803,378
2504,2162,2333,342
2081,2512,2296,431
2204,2415,2309,211
2259,2114,2186,145
2546,2312,2429,234
1839,2119,1979,280
2262,2198,2230,64
2268,2379,2323,111
2502,2116,2309,386
1966,2156,2061,190
2446,2356,2401,90
2060,2362,2211,302
2386,2401,2393,15
2345,2664,2504,319
2433,2418,2425,15
2355,2235,2295,120
1870,2195,2032,325
2551,2696,2623,145
2492,2563,2527,71
2166,2248,2207,82
2402,2139,2270,263
2404,2198,2301,206
2654,1726,2190,928
2528,2225,2376,303
1669,1234,1451,435
2437,2055,2246,382
2003,2158,2080,155
2017,1939,1978,78
2201,1663,1932,538
2152,1899,2025,253
2449,2377,2413,72
2198,2401,2299,203
2598,2215,2406,383
2328,2161,2244,167
2382,2108,2245,274
1978,2292,2135,314
2425,2412,2418,13
2525,2615,2570,90
2026,2104,2065,78
2143,2152,2147,9
2297,2227,2262,70
2205,2331,2268,126
2409,1961,2185,448
2023,2166,2094,143
1875,2133,2004,258
2097,2104,2100,7
2005,1704,1854,301
2516,2302,2409,214
2244,2183,2213,61
2566,2705,2635,139
2569,2447,2508,122
2269,2278,2273,9
2613,2363,2488,250
2209,2255,2232,46
2284,2336,2310,52
2082,2247,2164,165
2449,2559,2504,110
2319,2684,2501,365
2731,2731,2731,0
2285,2129,2207,156
2674,2584,2629,90
2607,2516,2561,91
2434,2018,2226,416
2382,2549,2465,167
2383,2255,2319,128
2095,1977,2036,118
2602,2353,2477,249
2412,2413,2412,1
2418,2089,2253,329
2415,2538,2476,123
2130,1971,2050,159
2337,2042,2189,295
1664,1868,1766,204
2319,2007,2163,312
2409,2546,2477,137
2279,1721,2000,558
2511,2705,2608,194
2783,2706,2744,77
2641,2675,2658,34
2143,2179,2161,36
2379,2502,2440,123
2388,2661,2524,273
2456,2042,2249,414
1839,1897,1868,58
2570,2581,2575,11
2383,2225,2304,158
2227,2074,2150,153
2234,2294,2264,60
1860,2089,1974,229
2374,2157,2265,217
2381,2187,2284,194
1759,1817,1788,58
2211,2057,2134,154
2422,2298,2360,124
2307,2532,2419,225
2067,2268,2167,201
2225,2118,2171,107
2460,2457,2458,3
2065,2093,2079,28
2312,2263,2287,49
2544,2635,2589,91
2244,2066,2155,178
2622,2102,2362,520
2143,2301,2222,158
1869,1585,1727,284
2116,2345,2230,229
2677,2526,2601,151
2313,2442,2377,129
2203,2364,2283,161
2055,2428,2241,373
2474,2353,2413,121
2179,2433,2306,254
2291,2546,2418,255
2646,2495,2570,151
2217,2161,2189,56
2051,2272,2161,221
2006,2208,2107,202
2234,2501,2367,267
2144,2327,2235,183
2696,2568,2632,128
2204,2089,2146,115
2314,2314,2314,0
2556,2404,2480,152
2524,2147,2335,377
2682,2575,2628,107
2053,2184,2118,131
2196,2037,2116,159
1921,2132,2026,211
2270,2038,2154,232
2226,2498,2362,272
2283,2059,2171,224
2476,2597,2536,121
2631,2694,2662,63
2302,2551,2426,249
2148,2005,2076,143
2793,2699,2746,94
2366,2454,2410,88
2370,2001,2185,369
2458,2411,2434,47
2226,2373,2299,147
2066,2205,2135,139
2658,1887,2272,771
2577,2501,2539,76
2368,2444,2406,76
1886,2047,1966,161
2283,2362,2322,79
2428,2478,2453,50
1700,1657,1678,43
2489,2507,2498,18
2418,2336,2377,82
2437,2264,2350,173
1756,1646,1701,110
1723,2166,1944,443
2390,2503,2446,113
2352,2392,2372,40
2297,2244,2270,53
2131,2415,2273,284
2538,2522,2530,16
2286,2366,2326,80
1690,1866,1778,176
1825,2018,1921,193
2595,2339,2467,256
2470,2395,2432,75
2365,2321,2343,44
2412,2227,2319,185
2110,2099,2104,11
2353,2415,2384,62
2556,2642,2599,86
2519,2143,2331,376
2484,2559,2521,75
2076,2205,2140,129
2082,2221,2151,139
2439,1896,2167,543
2506,2275,2390,231
2423,2398,2410,25
2255,2073,2164,182
2327,2093,2210,234
1823,2036,1929,213
2417,2434,2425,17
2558,2274,2416,284
2081,2182,2131,101
2223,2327,2275,104
2630,2559,2594,71
2352,2127,2239,225
2451,2586,2518,135
2469,2651,2560,182
2309,2413,2361,104
2153,2385,2269,232
2285,2444,2364,159
2226,2045,2135,181
2441,2023,2232,418
2219,2283,2251,64
1889,2362,2125,473
1897,1627,1762,270
2473,2479,2476,6
1684,1682,1683,2
2067,1932,1999,135
2375,2279,2327,96
2144,2008,2076,136
2547,2513,2530,34
2130,2639,2384,509
2513,2171,2342,342
2132,2269,2200,137
2657,2473,2565,184
1628,1709,1668,81
2108,2054,2081,54
2015,1633,1824,382
2010,2085,2047,75
2402,2041,2221,361
2562,2697,2629,135
1883,1633,1758,250
2173,2164,2168,9
2235,2075,2155,160
2581,2396,2488,185
1788,2107,1947,319
2386,2207,2296,179
2294,2513,2403,219
2391,2271,2331,120
1991,2463,2227,472
2520,2437,2478,83
2387,2602,2494,215
2262,2559,2410,297
2310,2502,2406,192
2370,2544,2457,174
2097,1533,1815,564
2555,2412,2483,143
2139,1986,2062,153
2406,2564,2485,158
1915,1575,1745,340
2404,2382,2393,22
2405,2549,2477,144
2507,2571,2539,64
1736,1492,1614,244
1987,2005,1996,18
2027,2324,2175,297
2193,2077,2135,116
2210,2327,2268,117
1840,2101,1970,261
2497,2592,2544,95
1954,2592,2273,638
2381,2286,2333,95
2048,2188,2118,140
2467,2606,2536,139
2336,2303,2319,33
2086,2427,2256,341
1993,2177,2085,184
2198,2455,2326,257
2539,2653,2596,114
2535,2696,2615,161
2536,2616,2576,80
1708,1903,1805,195
2230,1732,1981,498
2101,2023,2062,78
2166,2516,2341,350
1970,2109,2039,139
1904,2074,1989,170
2362,2578,2470,216
2178,2122,2150,56
2316,2101,2208,215
2488,2379,2433,109
1909,2089,1999,180
2534,2605,2569,71
2070,2237,2153,167
2370,2655,2512,285
2403,2192,2297,211
1738,2127,1932,389
1988,2133,2060,145
2425,2252,2338,173
2457,2325,2391,132
2488,2306,2397,182
2482,2466,2474,16
2637,2554,2595,83
1945,2008,1976,63
2369,2593,2481,224
2040,2068,2054,28
2131,2488,2309,357
2168,1881,2024,287
2528,2336,2432,192
2428,2313,2370,115
2636,2479,2557,157
2043,2187,2115,144
2297,2437,2367,140
2102,1984,2043,118
2244,2257,2250,13
2330,2211,2270,119
2580,2621,2600,41
2497,2484,2490,13
2309,2486,2397,177
2381,1817,2099,564
2397,2384,2390,13
1650,1683,1666,33
2038,2288,2163,250
1933,2157,2045,224
2035,1759,1897,276
2491,2659,2575,168
2417,2172,2294,245
2201,2367,2284,166
2364,1889,2126,475
2383,1939,2161,444
2068,2333,2200,265
2165,2081,2123,84
2338,1904,2121,434
2713,2695,2704,18
1935,2021,1978,86
2467,2619,2543,152
2108,1923,2015,185
2061,2534,2297,473
1996,2187,2091,191
1984,1886,1935,98
2273,2434,2353,161
1857,2048,1952,191
1782,1487,1634,295
2349,2226,2287,123
2494,2446,2470,48
2285,2193,2239,92
1838,2422,2130,584
2438,2259,2348,179
2318,1931,2124,387
2053,2268,2160,215
2309,2086,2197,223
1685,1751,1718,66
2121,2291,2206,170
2107,1956,2031,151
2547,2501,2524,46
2746,2702,2724,44
2025,1839,1932,186
2550,2507,2528,43
2530,2353,2441,177
2204,2081,2142,123
2236,1959,2097,277
2639,2706,2672,67
2437,2488,2462,51
2013,2253,2133,240
2448,2563,2505,115
2076,1713,1894,363
2626,2647,2636,21
2503,2333,2418,170
2809,2801,2805,8
2157,2118,2137,39
2401,2337,2369,64
2106,1907,2006,199
2514,2389,2451,125
1605,2436,2020,831
1926,2091,2008,165
2453,2324,2388,129
1875,1774,1824,101
2606,2651,2628,45
2338,2041,2189,297
1871,2002,1936,131
1936,2092,2014,156
2017,2172,2094,155
2396,2318,2357,78
2212,2373,2292,161
2097,2226,2161,129
2024,2192,2108,168
2236,2216,2226,20
2016,1903,1959,113
2742,2637,2689,105
2333,2183,2258,150
2082,2438,2260,356
2654,2634,2644,20
2009,1961,1985,48
2442,2366,2404,76
2594,2632,2613,38
2044,1813,1928,231
2215,2449,2332,234
2101,2196,2148,95
2052,2306,2179,254
2428,2563,2495,135
1724,2013,1868,289
2120,1838,1979,282
2335,2237,2286,98
2123,1964,2043,159
2186,2005,2095,181
2545,2193,2369,352
2138,2211,2174,73
2473,2373,2423,100
2577,2596,2586,19
2320,2357,2338,37
1932,2223,2077,291
2490,2448,2469,42
2419,2111,2265,308
2423,2065,2244,358
2199,2457,2328,258
1846,1996,1921,150
2180,2527,2353,347
2242,2325,2283,83
2234,2354,2294,120
2363,2274,2318,89
2495,2201,2348,294
2290,1977,2133,313
2435,2235,2335,200
2581,2361,2471,220
2693,2691,2692,2
2315,2475,2395,160
2499,2323,2411,176
2528,2323,2425,205
1479,2115,1797,636
1609,1641,1625,32
1617,1706,1661,89
2493,2058,2275,435
2549,2645,2597,96
2418,2481,2449,63
2541,2481,2511,60
2517,2551,2534,34
2492,2526,2509,34
2864,2616,2740,248
2732,2738,2735,6
2123,2523,2323,400
2565,2409,2487,156
2454,2605,2529,151
1748,2003,1875,255
2326,2265,2295,61
2225,2328,2276,103
2109,2278,2193,169
2454,2693,2573,239
2127,2405,2266,278
2423,2038,2230,385
2324,2476,2400,152
2318,1958,2138,360
1792,1889,1840,97
2237,2442,2339,205
2216,2455,2335,239
1576,1819,1697,243
1648,2006,1827,358
1603,1827,1715,224
2319,2268,2293,51
1984,2529,2256,545
2274,2348,2311,74
1882,1865,1873,17
2258,2073,2165,185
2706,2702,2704,4
2377,2516,2446,139
2286,2069,2177,217
2226,1854,2040,372
2304,2569,2436,265
2076,2288,2182,212
2396,2322,2359,74
1507,1894,1700,387
2612,2454,2533,158
2348,2166,2257,182
2598,2417,2507,181
2271,2292,2281,21
2187,2192,2189,5
2240,2217,2228,23
2528,2104,2316,424
1547,1407,1477,140
2355,2554,2454,199
2368,2523,2445,155
1872,2078,1975,206
2713,2803,2758,90
2405,2233,2319,172
1883,1699,1791,184
2288,2039,2163,249
1942,1746,1844,196
2123,1683,1903,440
2526,2413,2469,113
1936,1805,1870,131
1950,2126,2038,176
2213,2341,2277,128
2327,2512,2419,185
2576,2563,2569,13
2073,2261,2167,188
2359,2157,2258,202
2501,2594,2547,93
2310,2145,2227,165
1230,1384,1307,154
2100,2498,2299,398
1793,1885,1839,92
2661,2556,2608,105
2343,2482,2412,139
2171,2441,2306,270
1925,2201,2063,276
2407,2325,2366,82
2113,2381,2247,268
2105,1771,1938,334
2448,2466,2457,18
2297,2298,2297,1
2703,2646,2674,57
2496,2478,2487,18
2667,2426,2546,241
2147,2051,2099,96
2407,2473,2440,66
2213,2462,2337,249
2100,2302,2201,202
2405,2693,2549,288
2260,2396,2328,136
2406,2235,2320,171
2482,1968,2225,514
2376,2553,2464,177
2531,2285,2408,246
1553,1535,1544,18
2000,2108,2054,108
2136,2485,2310,349
2294,2014,2154,280
1816,2218,2017,402
2403,2539,2471,136
2591,2363,2477,228
2370,2557,2463,187
2325,2619,2472,294
2165,1909,2037,256
1789,1983,1886,194
2441,2367,2404,74
2555,2591,2573,36
2559,2367,2463,192
2393,2605,2499,212
2042,1885,1963,157
2210,1883,2046,327
2276,1951,2113,325
2489,2434,2461,55
2119,2132,2125,13
1819,1627,1723,192
2170,2316,2243,146
2082,1909,1995,173
2175,2487,2331,312
2592,2447,2519,145
2572,2621,2596,49
2069,1982,2025,87
2113,1773,1943,340
2076,2278,2177,202
2569,1878,2223,691
2005,1961,1983,44
2498,2345,2421,153
2616,2506,2561,110
2330,2223,2276,107
2339,2526,2432,187
1864,1883,1873,19
1760,2052,1906,292
2477,2359,2418,118
2107,2459,2283,352
2383,2158,2270,225
2434,2569,2501,135
2160,2477,2318,317
1916,2402,2159,486
1969,2071,2020,102
1514,2039,1776,525
2406,2471,2438,65
2385,2013,2199,372
2047,1895,1971,152
2555,2613,2584,58
2381,2125,2253,256
2252,2549,2400,297
2071,2463,2267,392
2489,2508,2498,19
2062,1907,1984,155
2271,2059,2165,212
2214,2174,2194,40
2341,1913,2127,428
2152,2002,2077,150
2150,1778,1964,372
2176,2468,2322,292
2659,2602,2630,57
2301,2096,2198,205
2518,2473,2495,45
2481,2442,2461,39
2454,2212,2333,242
1815,1517,1666,298
1929,2077,2003,148
2428,2418,2423,10
2050,1808,1929,242
2244,2288,2266,44
1788,1691,1739,97
2450,2493,2471,43
2212,1929,2070,283
2423,2547,2485,124
2619,2484,2551,135
1889,2017,1953,128
2130,1992,2061,138
2039,2273,2156,234
1827,1927,1877,100
2615,2554,2584,61
2350,2261,2305,89
2070,1793,1931,277
1893,1995,1944,102
1867,2073,1970,206
1776,1959,1867,183
2141,1878,2009,263
2363,2609,2486,246
2230,2243,2236,13
2052,2385,2218,333
2397,2591,2494,194
2461,2397,2429,64
2525,2527,2526,2
1986,2459,2222,473
2079,1821,1950,258
2213,2068,2140,145
2754,2703,2728,51
1599,1853,1726,254
2116,2168,2142,52
2635,2546,2590,89
2570,2457,2513,113
2276,2274,2275,2
2320,2336,2328,16
2586,2512,2549,74
2212,2387,2299,175
2249,1981,2115,268
2089,1936,2012,153
2180,2499,2339,319
2490,2556,2523,66
2619,2622,2620,3
2557,2252,2404,305
2318,2123,2220,195
1816,2102,1959,286
2322,2126,2224,196
2329,2089,2209,240
2241,1543,1892,698
2158,2064,2111,94
2582,2118,2350,464
2067,1983,2025,84
2415,2638,2526,223
2562,2319,2440,243
2408,2318,2363,90
2416,2114,2265,302
2298,2589,2443,291
2132,1895,2013,237
1965,2126,2045,161
2224,2016,2120,208
2240,2083,2161,157
2524,2643,2583,119
2577,2539,2558,38
2011,2294,2152,283
2319,2548,2433,229
2165,2255,2210,90
2687,2574,2630,113
1989,2271,2130,282
1901,2201,2051,300
2256,2123,2189,133
2367,2665,2516,298
1689,1585,1637,104
2050,1417,1733,633
2167,1954,2060,213
2494,2449,2471,45
2380,2193,2286,187
2320,2045,2182,275
2086,2565,2325,479
1720,1378,1549,342
1690,1713,1701,23
2226,2131,2178,95
2091,1837,1964,254
2492,2436,2464,56
2002,2358,2180,356
2178,2112,2145,66
1646,1765,1705,119
2148,2029,2088,119
2505,2511,2508,6
2068,1932,2000,136
2319,2236,2277,83
2369,2293,2331,76
2400,2646,2523,246
2486,2344,2415,142
2479,2686,2582,207
1594,1848,1721,254
2300,2315,2307,15
2482,2358,2420,124
2580,2312,2446,268
2286,2501,2393,215
2470,2357,2413,113
2568,2514,2541,54
2012,2324,2168,312
1673,1983,1828,310
2167,2573,2370,406
2356,2137,2246,219
2194,2439,2316,245
2102,1931,2016,171
2164,2282,2223,118
2213,2029,2121,184
2342,2109,2225,233
2393,2055,2224,338
2296,2505,2400,209
2302,2155,2228,147
2535,2386,2460,149
2047,2263,2155,216
2102,2431,2266,329
2409,1896,2152,513
2546,2497,2521,49
1704,1863,1783,159
1804,1801,1802,3
2277,2303,2290,26
1790,1672,1731,118
2565,2603,2584,38
2391,2312,2351,79
2230,2076,2153,154
2140,2283,2211,143
2699,2719,2709,20
1805,2412,2108,607
2407,2629,2518,222
2269,2552,2410,283
2041,1657,1849,384
2370,2173,2271,197
2068,2227,2147,159
2594,2287,2440,307
2287,2076,2181,211
2537,2251,2394,286
2327,2347,2337,20
2511,2263,2387,248
1439,1641,1540,202
2233,1992,2112,241
2194,2036,2115,158
2259,2417,2338,158
2536,2364,2450,172
2151,2237,2194,86
2522,2422,2472,100
2173,2026,2099,147
1470,1634,1552,164
2627,2374,2500,253
1909,2048,1978,139
2365,1975,2170,390
2188,2399,2293,211
2244,2142,2193,102
1862,1631,1746,231
2105,1933,2019,172
2567,2491,2529,76
2327,2417,2372,90
2467,2476,2471,9
2325,2176,2250,149
2688,2693,2690,5
2484,2723,2603,239
2028,2163,2095,135
1920,2141,2030,221
2526,2049,2287,477
2172,2304,2238,132
1864,1367,1615,497
2081,2414,2247,333
2099,2258,2178,159
1996,2107,2051,111
2501,2235,2368,266
2284,2094,2189,190
2011,1833,1922,178
2474,2702,2588,228
2394,2287,2340,107
2522,2643,2582,121
1654,2045,1849,391
2239,2568,2403,329
1560,1561,1560,1
1940,1719,1829,221
2286,2278,2282,8
2159,2208,2183,49
1764,2016,1890,252
2388,2481,2434,93
2442,2182,2312,260
2801,2877,2839,76
2486,2304,2395,182
2199,2014,2106,185
2426,2621,2523,195
2124,2051,2087,73
2029,2457,2243,428
2460,2076,2268,384
1572,1838,1705,266
2237,2293,2265,56
1687,2019,1853,332
2450,2497,2473,47
2174,2284,2229,110
1661,1897,1779,236
2092,1887,1989,205
2398,2159,2278,239
2321,2101,2211,220
2605,2354,2479,251
1947,1943,1945,4
2259,2363,2311,104
2451,2565,2508,114
2330,2511,2420,181
2610,2451,2530,159
1948,1715,1831,233
2167,1961,2064,206
2201,2048,2124,153
2215,2352,2283,137
2028,1987,2007,41
2526,2339,2432,187
2328,2426,2377,98
1941,2039,1990,98
2078,2374,2226,296
1788,1974,1881,186
2014,1861,1937,153
2401,2389,2395,12
2500,2454,2477,46
2648,2529,2588,119
1910,2511,2210,601
1876,1672,1774,204
2229,2374,2301,145
2454,2295,2374,159
2490,2603,2546,113
2289,2456,2372,167
2500,2331,2415,169
2530,2336,2433,194
1464,1835,1649,371
2283,1909,2096,374
2004,1504,1754,500
2129,2446,2287,317
2180,2364,2272,184
2372,2552,2462,180
2042,1809,1925,233
2344,2334,2339,10
2591,2462,2526,129
2029,1633,1831,396
2280,2079,2179,201
2362,2132,2247,230
2686,2725,2705,39
2534,2289,2411,245
2125,2149,2137,24
2064,2405,2234,341
2472,2482,2477,10
2372,2405,2388,33
2045,1842,1943,203
2333,2455,2394,122
2172,2007,2089,165
2400,2591,2495,191
2523,2326,2424,197
1893,1454,1673,439
2399,2133,2266,266
2616,2593,2604,23
1293,1639,1466,346
2390,2302,2346,88
2272,2266,2269,6
2757,2709,2733,48
2323,2459,2391,136
2260,2028,2144,232
2389,2247,2318,142
1818,1618,1718,200
2062,1874,1968,188
2470,2645,2557,175
2160,1849,2004,311
2409,2479,2444,70
2527,2353,2440,174
2611,2522,2566,89
1680,1667,1673,13
1544,2057,1800,513
2270,2391,2330,121
2024,1814,1919,210
2392,2508,2450,116
2173,2203,2188,30
2476,2338,2407,138
2720,2801,2760,81
2416,2051,2233,365
2447,2161,2304,286
2293,2023,2158,270
1795,1974,1884,179
2291,2235,2263,56
2543,2447,2495,96
2459,2468,2463,9
2220,2168,2194,52
2234,2465,2349,231
1764,2078,1921,314
1952,2539,2245,587
2401,2195,2298,206
2055,1726,1890,329
2413,2225,2319,188
2452,2555,2503,103
2252,2308,2280,56
1597,1942,1769,345
2442,2449,2445,7
2693,2779,2736,86
2113,1783,1948,330
2417,2174,2295,243
2531,2532,2531,1
2388,2362,2375,26
2637,2618,2627,19
2628,2299,2463,329
2283,1999,2141,284
2507,2141,2324,366
2079,2056,2067,23
1927,2145,2036,218
2091,1935,2013,156
2406,2253,2329,153
2255,2437,2346,182
2455,2552,2503,97
2695,2548,2621,147
2708,2687,2697,21
2010,2229,2119,219
2281,2276,2278,5
2451,2415,2433,36
2120,1763,1941,357
2283,2336,2309,53
2208,2537,2372,329
2671,2647,2659,24
2091,2243,2167,152
2131,2346,2238,215
1787,2004,1895,217
2389,2639,2514,250
1916,1746,1831,170
2132,2351,2241,219
2080,2178,2129,98
1847,2188,2017,341
2375,2222,2298,153
2549,2341,2445,208
2427,2023,2225,404
2391,2359,2375,32
2721,2721,2721,0
2515,2589,2552,74
2699,2714,2706,15
2109,2274,2191,165
2135,2359,2247,224
2272,2128,2200,144
2657,2622,2639,35
1971,2393,2182,422
2194,1763,1978,431
2369,2249,2309,120
2156,2211,2183,55
1945,2076,2010,131
2433,2489,2461,56
2317,1933,2125,384
2066,2364,2215,298
2671,2554,2612,117
1678,1653,1665,25
2202,2434,2318,232
2468,2481,2474,13
2324,2164,2244,160
2125,2305,2215,180
2227,2266,2246,39
1800,1983,1891,183
2444,1926,2185,518
2071,1544,1807,527
2114,2303,2208,189
2193,2449,2321,256
1595,1671,1633,76
1671,1949,1810,278
2301,2339,2320,38
2524,2006,2265,518
2505,2354,2429,151
2112,2314,2213,202
1623,1868,1745,245
2719,2789,2754,70
2245,2294,2269,49
2385,2468,2426,83
2336,2505,2420,169
1993,2158,2075,165
2336,2192,2264,144
2017,1887,1952,130
2237,1921,2079,316
2384,2413,2398,29
2371,2409,2390,38
1850,2056,1953,206
2461,1917,2189,544
2242,2617,2429,375
2700,2679,2689,21
2282,2075,2178,207
2654,2577,2615,77
2154,2056,2105,98
2146,2282,2214,136
2032,2282,2157,250
2026,2097,2061,71
2157,2308,2232,151
2192,2095,2143,97
1899,1983,1941,84
2594,2537,2565,57
2492,2335,2413,157
2253,2265,2259,12
2030,2415,2222,385
2481,2384,2432,97
2223,2087,2155,136
1969,1344,1656,625
2474,2554,2514,80
1880,2575,2227,695
2034,2397,2215,363
2509,2322,2415,187
2579,2192,2385,387
1824,2444,2134,620
2317,2135,2226,182
2203,2459,2331,256
2564,2345,2454,219
1970,2033,2001,63
2412,2444,2428,32
2122,2027,2074,95
2342,2517,2429,175
2620,2655,2637,35
2366,2112,2239,254
1567,1408,1487,159
2169,2433,2301,264
2376,2512,2444,136
2618,2538,2578,80
1922,2178,2050,256
1731,1857,1794,126
1566,1962,1764,396
2320,2262,2291,58
2445,2221,2333,224
2524,2404,2464,120
1882,2137,2009,255
2358,2298,2328,60
2519,2326,2422,193
2379,2505,2442,126
2390,2175,2282,215
1576,1526,1551,50
1857,1497,1677,360
1786,1622,1704,164
2359,2355,2357,4
2070,1807,1938,263
2316,2536,2426,220
2459,2202,2330,257
2526,2284,2405,242
2487,2734,2610,247
2261,2008,2134,253
2197,2414,2305,217
2207,2584,2395,377
2440,2341,2390,99
2074,2173,2123,99
2463,2537,2500,74
2638,2498,2568,140
1963,1931,1947,32
2049,2335,2192,286
2046,2439,2242,393
2156,2116,2136,40
2139,1902,2020,237
2462,2427,2444,35
2591,2114,2352,477
2256,2175,2215,81
2391,2229,2310,162
1274,1453,1363,179
1462,1705,1583,243
2307,2357,2332,50
2169,1683,1926,486
2067,2453,2260,386
2030,2396,2213,366
1915,1548,1731,367
2284,2073,2178,211
1992,2101,2046,109
2107,2287,2197,180
2231,2366,2298,135
2391,2557,2474,166
2431,2276,2353,155
1719,1834,1776,115
2583,2439,2511,144
1930,2102,2016,172
2182,2072,2127,110
2210,2389,2299,179
2456,2258,2357,198
1665,1899,1782,234
1952,2052,2002,100
2602,2564,2583,38
2205,2362,2283,157
1988,2139,2063,151
2282,1988,2135,294
1988,1856,1922,132
2619,2317,2468,302
2547,2638,2592,91
2009,1834,1921,175
2637,2376,2506,261
2029,2533,2281,504
2423,1961,2192,462
2475,2637,2556,162
2512,2408,2460,104
2324,2244,2284,80
2548,2467,2507,81
2068,1922,1995,146
2405,2113,2259,292
2708,2608,2658,100
2124,1964,2044,160
2250,2022,2136,228
2523,2578,2550,55
2517,2286,2401,231
2136,2413,2274,277
1769,2185,1977,416
2690,2694,2692,4
1739,1567,1653,172
1867,2214,2040,347
2324,2421,2372,97
2654,2555,2604,99
1951,2089,2020,138
2374,2612,2493,238
2529,2651,2590,122
2197,2004,2100,193
1749,2069,1909,320
2347,2378,2362,31
2002,2098,2050,96
1807,2221,2014,414
1852,2175,2013,323
1999,2026,2012,27
2288,2338,2313,50
1752,1602,1677,150
2332,2492,2412,160
2140,1722,1931,418
2224,1932,2078,292
1965,2318,2141,353
2339,2419,2379,80
2642,2687,2664,45
2210,2417,2313,207
2225,2605,2415,380
2370,2041,2205,329
2388,1958,2173,430
2101,2411,2256,310
2043,2341,2192,298
2487,2297,2392,190
2293,2035,2164,258
2000,1838,1919,162
2128,2476,2302,348
2046,1879,1962,167
1931,2076,2003,145
1931,2201,2066,270
2355,2095,2225,260
2132,2233,2182,101
2085,2213,2149,128
2055,2163,2109,108
2373,2078,2225,295
2621,2401,2511,220
2364,2355,2359,9
2650,2659,2654,9
1623,2188,1905,565
2386,2247,2316,139
2382,2157,2269,225
2484,1943,2213,541
2297,2131,2214,166
1984,2095,2039,111
2231,2493,2362,262
1807,1996,1901,189
2344,2159,2251,185
2505,2629,2567,124
1733,1949,1841,216
2567,2714,2640,147
2743,2651,2697,92
2456,2267,2361,189
2459,2511,2485,52
2430,2247,2338,183
2602,2574,2588,28
2378,2538,2458,160
2185,2113,2149,72
2054,2372,2213,318
2449,1836,2142,613
1972,1622,1797,350
2278,2322,2300,44
1883,2255,2069,372
1876,2117,1996,241
2244,1933,2088,311
2435,2374,2404,61
2742,2446,2594,296
2457,2309,2383,148
1943,2549,2246,606
1837,2081,1959,244
2518,2326,2422,192
2468,2478,2473,10
2237,2575,2406,338
2683,2416,2549,267
2133,2058,2095,75
2221,1872,2046,349
2467,2363,2415,104
2597,2073,2335,524
2318,2399,2358,81
2533,2301,2417,232
2634,2201,2417,433
1791,2033,1912,242
2189,1882,2035,307
2263,2185,2224,78
2400,1972,2186,428
2237,2263,2250,26
1999,2283,2141,284
2335,2219,2277,116
2428,2168,2298,260
2327,2165,2246,162
2709,2784,2746,75
2688,2608,2648,80
2032,1905,1968,127
2417,2309,2363,108
1935,2188,2061,253
2424,2453,2438,29
2383,2635,2509,252
2131,2166,2148,35
2075,2271,2173,196
2061,2132,2096,71
2120,1881,2000,239
2079,1911,1995,168
2758,2764,2761,6
2490,2351,2420,139
1727,1485,1606,242
2555,2637,2596,82
2053,1861,1957,192
2566,2526,2546,40
2414,2182,2298,232
2527,2704,2615,177
2521,2378,2449,143
2402,2025,2213,377
2538,1881,2209,657
2415,2422,2418,7
2259,2005,2132,254
2252,2311,2281,59
2062,2253,2157,191
2283,1955,2119,328
2215,2199,2207,16
2525,2346,2435,179
2082,2269,2175,187
1980,1843,1911,137
1801,1684,1742,117
2028,2238,2133,210
2273,2257,2265,16
2153,2013,2083,140
2035,2331,2183,296
2130,1655,1892,475
2296,1978,2137,318
2540,2432,2486,108
2394,2417,2405,23
2052,2121,2086,69
2136,2396,2266,260
2266,2031,2148,235
2463,2317,2390,146
1984,2211,2097,227
2190,2246,2218,56
2492,2602,2547,110
1926,2145,2035,219
2620,2442,2531,178
2268,2118,2193,150
2583,2348,2465,235
1879,1861,1870,18
2046,1602,1824,444
2330,2374,2352,44
2022,2095,2058,73
2021,1636,1828,385
1779,2239,2009,460
2530,2666,2598,136
1988,2237,2112,249
2558,2704,2631,146
2210,1828,2019,382
1833,1565,1699,268
2233,2065,2149,168
1769,2062,1915,293
2069,2122,2095,53
2321,2496,2408,175
2070,1905,1987,165
2240,1933,2086,307
2672,2665,2668,7
2696,2673,2684,23
2320,2403,2361,83
2370,2328,2349,42
2552,2138,2345,414
2118,2357,2237,239
1589,1678,1633,89
2316,2552,2434,236
2569,2397,2483,172
2279,2103,2191,176
2474,2405,2439,69
2102,2238,2170,136
2000,1751,1875,249
2276,2159,2217,117
2279,2207,2243,72
2400,2181,2290,219
1746,2131,1938,385
2227,2343,2285,116
2352,2272,2312,80
2055,2314,2184,259
2137,2709,2423,572
2479,2081,2280,398
2053,1727,1890,326
2101,2082,2091,19
1991,1717,1854,274
2073,1917,1995,156
2185,2405,2295,220
1803,1987,1895,184
1657,1571,1614,86
1962,1887,1924,75
2029,1882,1955,147
1794,1572,1683,222
2613,2513,2563,100
1824,2545,2184,721
1957,1523,1740,434
2450,2387,2418,63
2644,2717,2680,73
2645,2507,2576,138
2118,1848,1983,270
1830,1957,1893,127
2146,2208,2177,62
2142,2162,2152,20
2229,1944,2086,285
2209,1981,2095,228
2153,1818,1985,335
2361,2469,2415,108
2543,2615,2579,72
1601,1776,1688,175
2564,2477,2520,87
2327,2246,2286,81
2309,1776,2042,533
1781,2394,2087,613
2161,2458,2309,297
1883,1605,1744,278
2732,2736,2734,4
2048,1953,2000,95
2438,2529,2483,91
2449,2301,2375,148
2786,2762,2774,24
2102,2358,2230,256
2306,2333,2319,27
2591,2239,2415,352
2396,2225,2310,171
2206,2505,2355,299
2012,2424,2218,412
2023,2273,2148,250
2087,1972,2029,115
1992,1646,1819,346
2596,2452,2524,144
2425,2564,2494,139
2529,2592,2560,63
2434,1997,2215,437
1916,2154,2035,238
2281,2091,2186,190
2304,2494,2399,190
2648,2428,2538,220
1992,1894,1943,98
2734,2454,2594,280
2321,2396,2358,75
2343,2467,2405,124
2216,2211,2213,5
2233,2398,2315,165
2152,2225,2188,73
1730,2187,1958,457
2392,2487,2439,95
2258,2501,2379,243
1525,1899,1712,374
2711,2406,2558,305
1961,2421,2191,460
2114,2033,2073,81
2104,2331,2217,227
2385,2053,2219,332
2675,2468,2571,207
2741,2775,2758,34
1506,2027,1766,521
2126,1933,2029,193
2450,2358,2404,92
2230,2399,2314,169
2512,2504,2508,8
1926,1791,1858,135
1945,1744,1844,201
1743,1423,1583,320
2243,1907,2075,336
2323,2357,2340,34
2262,2475,2368,213
1742,1987,1864,245
2020,2103,2061,83
2017,2302,2159,285
2168,2467,2317,299
2231,2544,2387,313
2550,2688,2619,138
2602,2363,2482,239
2164,2302,2233,138
2628,2792,2710,164
2379,2572,2475,193
2592,2162,2377,430
2027,2309,2168,282
1645,2181,1913,536
1512,1933,1722,421
2137,1843,1990,294
2192,1952,2072,240
2014,2404,2209,390
2523,2744,2633,221
2727,2705,2716,22
1812,1893,1852,81
2351,2304,2327,47
2204,2375,2289,171
2569,2684,2626,115
2468,2648,2558,180
2089,2396,2242,307
2147,2287,2217,140
2211,2364,2287,153
2488,2576,2532,88
2207,2341,2274,134
1773,2071,1922,298
1571,1857,1714,286
2118,2553,2335,435
1965,1654,1809,311
2162,2129,2145,33
2540,2417,2478,123
2380,2225,2302,155
2380,2105,2242,275
2473,2431,2452,42
2402,2438,2420,36
2313,2375,2344,62
1999,2111,2055,112
2107,2219,2163,112
2352,2248,2300,104
2263,1841,2052,422
2245,2147,2196,98
2020,2148,2084,128
2401,2198,2299,203
1921,2176,2048,255
1985,1913,1949,72
2433,2097,2265,336
2355,2528,2441,173
2168,2319,2243,151
2193,2257,2225,64
2033,1902,1967,131
2026,2244,2135,218
2250,2618,2434,368
2440,2209,2324,231
2438,2104,2271,334
2717,2608,2662,109
2470,2326,2398,144
2109,2043,2076,66
2369,2236,2302,133
2308,2491,2399,183
2178,2205,2191,27
1891,2055,1973,164
2134,2216,2175,82
1974,2115,2044,141
2346,2384,2365,38
2295,2032,2163,263
2360,2316,2338,44
2459,2228,2343,231
2413,2236,2324,177
1922,2225,2073,303
2269,2425,2347,156
2297,1812,2054,485
2296,2462,2379,166
2088,2569,2328,481
2524,2377,2450,147
2295,2335,2315,40
1841,2036,1938,195
2148,2297,2222,149
2292,2127,2209,165
1674,2019,1846,345
2426,2181,2303,245
2527,2629,2578,102
2128,2057,2092,71
2667,2687,2677,20
2086,2277,2181,191
1973,1633,1803,340
2364,2249,2306,115
1978,2412,2195,434
2439,2165,2302,274
1714,2257,1985,543
2610,2507,2558,103
2312,2218,2265,94
1936,2135,2035,199
2090,2107,2098,17
2195,2184,2189,11
2615,2478,2546,137
1966,2118,2042,152
1634,1889,1761,255
2234,2058,2146,176
2613,2379,2496,234
2155,1751,1953,404
2713,2656,2684,57
2262,2276,2269,14
2340,1985,2162,355
2138,2393,2265,255
2483,2423,2453,60
2198,2159,2178,39
2289,2034,2161,255
2471,2556,2513,85
2399,2514,2456,115
2367,2283,2325,84
2652,2816,2734,164
2644,2321,2482,323
2215,2009,2112,206
1989,2216,2102,227
2526,2607,2566,81
2365,2516,2440,151
2706,2575,2640,131
2426,2393,2409,33
2218,2193,2205,25
2327,2343,2335,16
1653,1978,1815,325
2212,2283,2247,71
2547,2475,2511,72
2254,2342,2298,88
1401,1781,1591,380
2030,2331,2180,301
2480,2356,2418,124
2261,2229,2245,32
2253,2098,2175,155
2156,1865,2010,291
2587,2246,2416,341
2098,1689,1893,409
2555,2508,2531,47
2465,2786,2625,321
2424,1885,2154,539
2432,2292,2362,140
2290,2053,2171,237
2084,2256,2170,172
2468,2445,2456,23
1945,1931,1938,14
2005,1978,1991,27
2438,2044,2241,394
2763,2767,2765,4
2036,2234,2135,198
2450,2408,2429,42
1755,1502,1628,253
2170,2244,2207,74
2037,1878,1957,159
1634,1903,1768,269
2289,2336,2312,47
2395,2601,2498,206
2077,2346,2211,269
2414,2522,2468,108
2432,2541,2486,109
1966,2141,2053,175
2271,2493,2382,222
2545,2117,2331,428
2453,2177,2315,276
1567,1704,1635,137
2638,2478,2558,160
2567,2507,2537,60
2402,2178,2290,224
2343,2279,2311,64
2630,2516,2573,114
2688,2727,2707,39
2556,2369,2462,187
2700,2753,2726,53
2195,1835,2015,360
2435,1862,2148,573
2098,2365,2231,267
1996,1844,1920,152
2114,2219,2166,105
2297,2164,2230,133
2234,1999,2116,235
2232,2126,2179,106
1807,1929,1868,122
2578,2562,2570,16
2460,2148,2304,312
1760,2041,1900,281
2281,1917,2099,364
2164,2537,2350,373
2172,2297,2234,125
2712,2251,2481,461
2642,2581,2611,61
2456,2521,2488,65
2427,2401,2414,26
2188,2265,2226,77
2282,2278,2280,4
2615,2044,2329,571
2459,2152,2305,307
2037,1581,1809,456
1985,2296,2140,311
2174,2401,2287,227
2220,2019,2119,201
2332,1904,2118,428
2556,2405,2480,151
2400,2368,2384,32
2137,2256,2196,119
2299,2467,2383,168
2388,1903,2145,485
2327,1804,2065,523
1958,1821,1889,137
2347,2175,2261,172
2327,2057,2192,270
1953,2052,2002,99
2455,2422,2438,33
2705,2727,2716,22
1833,1531,1682,302
2416,2239,2327,177
2428,2177,2302,251
1975,2208,2091,233
1930,2078,2004,148
1373,2222,1797,849
2214,2394,2304,180
2308,2239,2273,69
2069,2176,2122,107
2471,2066,2268,405
2426,2356,2391,70
2313,2471,2392,158
1982,1695,1838,287
2088,2177,2132,89
1846,2113,1979,267
2147,2336,2241,189
1951,1991,1971,40
2427,1821,2124,606
2043,2302,2172,259
2316,2505,2410,189
2022,2185,2103,163
2570,2541,2555,29
2550,2313,2431,237
2136,2464,2300,328
1819,2042,1930,223
2149,1965,2057,184
2233,2539,2386,306
2616,2389,2502,227
2124,2414,2269,290
2667,2432,2549,235
2569,2327,2448,242
2021,2301,2161,280
1841,2122,1981,281
2124,2155,2139,31
2400,2624,2512,224
2308,2085,2196,223
2285,2165,2225,120
2459,2395,2427,64
2525,2568,2546,43
2540,2294,2417,246
2342,2504,2423,162
2511,2283,2397,228
2557,2556,2556,1
2574,2213,2393,361
2082,1998,2040,84
2024,2172,2098,148
2457,2577,2517,120
2329,2563,2446,234
2269,2039,2154,230
2216,2359,2287,143
2238,1926,2082,312
2101,1923,2012,178
2318,2172,2245,146
2441,2177,2309,264
1379,1673,1526,294
2685,2438,2561,247
2102,2103,2102,1
2327,2461,2394,134
2218,2222,2220,4
2772,2648,2710,124
1739,2015,1877,276
2326,2487,2406,161
2540,2566,2553,26
1890,2163,2026,273
1965,2318,2141,353
2639,2741,2690,102
2239,2454,2346,215
2425,1903,2164,522
2289,2184,2236,105
2529,2323,2426,206
2036,2209,2122,173
2145,2342,2243,197
2684,2602,2643,82
2480,2621,2550,141
2251,2438,2344,187
2216,2119,2167,97
2024,2298,2161,274
2105,1966,2035,139
2547,2455,2501,92
2290,2434,2362,144
2590,2422,2506,168
2099,2411,2255,312
2603,2281,2442,322
2721,2731,2726,10
2298,2115,2206,183
2170,2048,2109,122
2211,2084,2147,127
2182,2518,2350,336
2052,2524,2288,472
2424,2159,2291,265
2387,2506,2446,119
2308,2173,2240,135
2497,2351,2424,146
2431,2389,2410,42
1871,2098,1984,227
1991,2152,2071,161
2368,2207,2287,161
2240,2262,2251,22
2056,2147,2101,91
2364,2206,2285,158
2499,2375,2437,124
2212,2019,2115,193
2331,1854,2092,477
2332,2492,2412,160
2566,2404,2485,162
2184,2358,2271,174
1932,1884,1908,48
2224,1911,2067,313
1980,2116,2048,136
2149,2345,2247,196
1890,2249,2069,359
2339,2271,2305,68
2367,2141,2254,226
2247,2442,2344,195
2206,2417,2311,211
2084,2037,2060,47
2108,2554,2331,446
2557,2538,2547,19
2138,2153,2145,15
2417,2555,2486,138
2308,2574,2441,266
2057,2285,2171,228
2217,1991,2104,226
1556,1932,1744,376
2432,2112,2272,320
2635,2419,2527,216
2307,2164,2235,143
2200,1812,2006,388
2062,2133,2097,71
2105,2021,2063,84
2418,2307,2362,111
2174,2561,2367,387
2187,2495,2341,308
2133,2432,2282,299
2621,2156,2388,465
2570,2392,2481,178
2498,2387,2442,111
1885,1693,1789,192
2389,2403,2396,14
2175,2003,2089,172
2775,2551,2663,224
2411,1848,2129,563
2291,2319,2305,28
2166,1932,2049,234
2419,2336,2377,83
2189,2035,2112,154
2325,2554,2439,229
2367,2225,2296,142
2490,2418,2454,72
2284,2055,2169,229
2075,2366,2220,291
2485,2423,2454,62
2152,1923,2037,229
2785,2589,2687,196
2126,1768,1947,358
1918,2481,2199,563
2449,2332,2390,117
1660,1676,1668,16
1926,1884,1905,42
1280,1552,1416,272
2458,1971,2214,487
1921,2053,1987,132
1980,1948,1964,32
2580,2414,2497,166
2395,2609,2502,214
2067,2135,2101,68
2169,2298,2233,129
2106,1926,2016,180
2172,2163,2167,9
2449,2251,2350,198
2052,2211,2131,159
2520,2357,2438,163
2297,2075,2186,222
1912,1768,1840,144
2697,2565,2631,132
2412,2416,2414,4
2620,2567,2593,53
1880,2057,1968,177
1889,2282,2085,393
2121,2331,2226,210
2210,1967,2088,243
2237,2326,2281,89
2269,2446,2357,177
2307,2451,2379,144
1844,2468,2156,624
2564,2269,2416,295
2116,2423,2269,307
2145,2401,2273,256
2136,1951,2043,185
1884,2151,2017,267
2434,2284,2359,150
2630,2272,2451,358
2203,2454,2328,251
2381,2492,2436,111
2488,2142,2315,346
1957,1775,1866,182
1660,1652,1656,8
2533,2603,2568,70
2089,2217,2153,128
2600,2173,2386,427
2379,2191,2285,188
2361,2147,2254,214
2447,2486,2466,39
2417,2404,2410,13
1747,2379,2063,632
2352,2357,2354,5
2649,2529,2589,120
2605,2752,2678,147
2444,2559,2501,115
2320,2017,2168,303
2453,2216,2334,237
1897,2292,2094,395
2213,2476,2344,263
1910,2092,2001,182
2520,2631,2575,111
2235,2341,2288,106
2049,2101,2075,52
2406,2294,2350,112
1612,1833,1722,221
1923,2108,2015,185
2578,2607,2592,29
2304,2026,2165,278
1783,1779,1781,4
2030,2284,2157,254
2469,2085,2277,384
2429,2146,2287,283
2336,2482,2409,146
2394,2557,2475,163
2039,1888,1963,151
2312,2064,2188,248
2345,2241,2293,104
2239,2424,2331,185
2276,2496,2386,220
2642,2646,2644,4
1507,2239,1873,732
2508,2554,2531,46
2368,2577,2472,209
2333,2342,2337,9
2548,2233,2390,315
2204,2272,2238,68
2364,2546,2455,182
2458,2195,2326,263
2310,2163,2236,147
2297,2471,2384,174
2593,2447,2520,146
2723,2622,2672,101
2629,2319,2474,310
2563,2132,2347,431
2291,2431,2361,140
2127,2032,2079,95
1908,2121,2014,213
2163,2204,2183,41
2411,2469,2440,58
2121,2037,2079,84
2158,2253,2205,95
2182,1911,2046,271
2249,2173,2211,76
2289,1806,2047,483
2656,2368,2512,288
2484,2362,2423,122
2130,2156,2143,26
2155,2321,2238,166
1993,1767,1880,226
2250,2356,2303,106
2045,2457,2251,412
1748,1956,1852,208
2467,2557,2512,90
2183,2408,2295,225
1940,2156,2048,216
2124,2581,2352,457
2266,2208,2237,58
2224,2407,2315,183
2573,2297,2435,276
2304,2028,2166,276
2580,2457,2518,123
2207,2067,2137,140
2542,2486,2514,56
2385,2186,2285,199
2329,2659,2494,330
1892,2049,1970,157
2478,1775,2126,703
2414,2422,2418,8
2090,2121,2105,31
2545,2556,2550,11
2497,2503,2500,6
2391,2369,2380,22
2601,2268,2434,333
2565,2324,2444,241
2332,2283,2307,49
2437,2681,2559,244
2375,2107,2241,268
2150,2629,2389,479
2328,2218,2273,110
2641,2169,2405,472
2516,2377,2446,139
2314,2557,2435,243
2561,2335,2448,226
2539,2354,2446,185
2101,1966,2033,135
2489,2303,2396,186
2516,2625,2570,109
2428,2306,2367,122
2526,2514,2520,12
2239,2426,2332,187
2489,2223,2356,266
2248,2605,2426,357
2403,1764,2083,639
2369,2584,2476,215
2743,2621,2682,122
2543,2454,2498,89
1383,1206,1294,177
1499,1795,1647,296
1970,2578,2274,608
1845,2081,1963,236
1757,2436,2096,679
2395,2622,2508,227
1957,2094,2025,137
1951,2424,2187,473
2045,2419,2232,374
2392,2444,2418,52
2246,2434,2340,188
2399,2084,2241,315
2402,2513,2457,111
2207,2299,2253,92
2356,2492,2424,136
2612,2608,2610,4
2580,2468,2524,112
2187,2328,2257,141
2328,2089,2208,239
2662,2549,2605,113
2291,2498,2394,207
2217,2594,2405,377
1790,1554,1672,236
2588,2626,2607,38
1884,1887,1885,3
1715,1436,1575,279
2458,2471,2464,13
2061,2034,2047,27
1931,2076,2003,145
2580,2339,2459,241
1835,2056,1945,221
2047,1777,1912,270
2194,2208,2201,14
1771,2327,2049,556
2541,2631,2586,90
2320,2369,2344,49
2491,2371,2431,120
2684,2473,2578,211
2427,2302,2364,125
1883,1657,1770,226
2212,2295,2253,83
2459,2643,2551,184
1993,1782,1887,211
2653,2622,2637,31
2210,2573,2391,363
2455,2608,2531,153
2232,2409,2320,177
2517,2389,2453,128
2693,2428,2560,265
1725,2212,1968,487
2232,2519,2375,287
2562,2428,2495,134
2543,2482,2512,61
2306,2408,2357,102
2361,2614,2487,253
2166,2152,2159,14
2512,2082,2297,430
2415,2055,2235,360
2208,2046,2127,162
2307,2436,2371,129
2218,2576,2397,358
2436,2259,2347,177
2559,2518,2538,41
2457,2372,2414,85
2368,2222,2295,146
2198,2488,2343,290
2639,2431,2535,208
2046,2285,2165,239
1767,2637,2202,870
2638,2678,2658,40
2537,1751,2144,786
2022,2464,2243,442
2226,2126,2176,100
1790,2047,1918,257
2221,2421,2321,200
2068,2032,2050,36
2210,2397,2303,187
2185,2535,2360,350
2487,2157,2322,330
2306,2505,2405,199
1825,2153,1989,328
2250,2113,2181,137
2404,2575,2489,171
2292,2587,2439,295
2279,2397,2338,118
2365,2509,2437,144
1979,2449,2214,470
1767,1981,1874,214
2230,2215,2222,15
2288,2181,2234,107
2141,2338,2239,197
2120,2246,2183,126
2589,2402,2495,187
2377,2239,2308,138
1836,1936,1886,100
1828,2434,2131,606
1527,1701,1614,174
2348,2213,2280,135
2319,2525,2422,206
2151,2371,2261,220
2157,2064,2110,93
2494,2298,2396,196
2419,2374,2396,45
2322,2324,2323,2
2496,2546,2521,50
2195,2343,2269,148
2422,2292,2357,130
2573,2509,2541,64
1993,1924,1958,69
2311,2333,2322,22
1483,2101,1792,618
2300,2531,2415,231
2102,2502,2302,400
2536,2421,2478,115
2540,2178,2359,362
2195,2157,2176,38
1956,2205,2080,249
1904,2041,1972,137
1532,1344,1438,188
2437,2244,2340,193
2249,1979,2114,270
2140,2078,2109,62
2387,2601,2494,214
2254,2131,2192,123
2100,2364,2232,264
2141,2471,2306,330
2540,2269,2404,271
2232,2274,2253,42
2312,2485,2398,173
2267,1956,2111,311
2209,2218,2213,9
2328,2173,2250,155
2407,2322,2364,85
2663,2554,2608,109
2310,2349,2329,39
2468,2197,2332,271
2285,1994,2139,291
2261,2471,2366,210
2194,2043,2118,151
2255,2186,2220,69
2132,1895,2013,237
2186,2336,2261,150
2312,1806,2059,506
2252,1962,2107,290
2591,2475,2533,116
2187,2274,2230,87
2288,2429,2358,141
2379,2367,2373,12
2482,2616,2549,134
2155,1876,2015,279
2526,2582,2554,56
2572,2449,2510,123
2176,2031,2103,145
1952,2189,2070,237
2384,2525,2454,141
2211,2089,2150,122
2276,2215,2245,61
2318,2244,2281,74
2683,2445,2564,238
2227,2013,2120,214
2602,2298,2450,304
2367,2158,2262,209
2707,2494,2600,213
2501,2666,2583,165
1846,1634,1740,212
2084,1889,1986,195
2616,2531,2573,85
2328,2441,2384,113
2291,1982,2136,309
2547,2448,2497,99
2668,2585,2626,83
2285,2411,2348,126
2241,2178,2209,63
1976,2503,2239,527
2117,2306,2211,189
2244,2191,2217,53
2268,2443,2355,175
2174,2343,2258,169
2210,2191,2200,19
1762,1748,1755,14
2340,2516,2428,176
2506,2656,2581,150
2369,2339,2354,30
2547,2669,2608,122
2691,2552,2621,139
2015,2043,2029,28
2477,2268,2372,209
2398,2537,2467,139
1805,1968,1886,163
2105,2507,2306,402
2617,2442,2529,175
2648,2311,2479,337
2025,2564,2294,539
2541,2615,2578,74
2402,2339,2370,63
2489,2177,2333,312
2192,2023,2107,169
2557,1896,2226,661
2488,2562,2525,74
2123,2426,2274,303
2562,2318,2440,244
2622,2414,2518,208
2389,2454,2421,65
2189,2441,2315,252
2400,2358,2379,42
2546,2644,2595,98
2772,2709,2740,63
2564,2269,2416,295
2324,2327,2325,3
1936,2411,2173,475
2486,2375,2430,111
1250,1518,1384,268
2445,2151,2298,294
2560,2111,2335,449
2250,2297,2273,47
2198,2282,2240,84
2145,2258,2201,113
2497,2668,2582,171
2644,2315,2479,329
2302,1941,2121,361
2004,1843,1923,161
2007,2115,2061,108
1799,1806,1802,7
2394,2563,2478,169
1734,1796,1765,62
2073,2396,2234,323
2145,1883,2014,262
2586,2591,2588,5
2160,2017,2088,143
2414,2567,2490,153
2632,2588,2610,44
2414,2463,2438,49
1908,2168,2038,260
2397,2529,2463,132
2610,2544,2577,66
2402,2036,2219,366
2422,1819,2120,603
2265,2404,2334,139
2579,2734,2656,155
2397,2389,2393,8
2417,2589,2503,172
2167,2316,2241,149
2152,2478,2315,326
1625,1684,1654,59
2459,2463,2461,4
2333,2186,2259,147
2189,1951,2070,238
1824,2428,2126,604
2471,2584,2527,113
2247,2129,2188,118
2537,2437,2487,100
1962,2164,2063,202
2360,2465,2412,105
1714,2281,1997,567
2272,2402,2337,130
1860,2134,1997,274
1991,2071,2031,80
2156,2368,2262,212
2153,2447,2300,294
2306,1531,1918,775
2530,2448,2489,82
2288,2077,2182,211
2192,1992,2092,200
2373,2261,2317,112
1836,2067,1951,231
2050,2339,2194,289
2473,2401,2437,72
1877,2067,1972,190
2569,2539,2554,30
2337,1931,2134,406
2159,2538,2348,379
2680,2752,2716,72
1626,2368,1997,742
2009,2257,2133,248
2434,2475,2454,41
2270,1986,2128,284
2054,1858,1956,196
1787,2177,1982,390
1780,1993,1886,213
2120,1889,2004,231
2108,2039,2073,69
2569,2386,2477,183
2106,2399,2252,293
2123,1731,1927,392
2278,2068,2173,210
2432,2509,2470,77
2315,2173,2244,142
2415,2587,2501,172
2461,2516,2488,55
2171,2323,2247,152
2198,2214,2206,16
2110,2395,2252,285
2037,2098,2067,61
2175,2454,2314,279
2622,2308,2465,314
1817,2418,2117,601
2345,2096,2220,249
2653,2477,2565,176
2631,2247,2439,384
2154,1991,2072,163
2098,2416,2257,318
2634,2455,2544,179
1931,1309,1620,622
2124,2434,2279,310
2321,2404,2362,83
2246,2483,2364,237
2298,2059,2178,239
2078,2574,2326,496
1861,2134,1997,273
2034,2553,2293,519
1866,2471,2168,605
2458,2378,2418,80
2311,2067,2189,244
1971,2102,2036,131
2244,2036,2140,208
2203,1969,2086,234
2514,2544,2529,30
2018,2354,2186,336
2123,1873,1998,250
2645,2468,2556,177
1904,2037,1970,133
2414,2062,2238,352
1879,1905,1892,26
2137,2005,2071,132
2174,1863,2018,311
2084,2218,2151,134
2406,2261,2333,145
2396,2384,2390,12
2726,2749,2737,23
2045,1805,1925,240
1667,1954,1810,287
2029,1745,1887,284
1633,1903,1768,270
2003,2222,2112,219
2449,1915,2182,534
2514,2171,2342,343
2283,2412,2347,129
2033,1854,1943,179
2235,2199,2217,36
2093,1799,1946,294
2593,2486,2539,107
2206,2214,2210,8
2615,2502,2558,113
2672,2678,2675,6
2534,2367,2450,167
2393,2485,2439,92
2546,2613,2579,67
2489,2706,2597,217
2374,2247,2310,127
1988,2197,2092,209
2124,1835,1979,289
1758,1456,1607,302
2215,1821,2018,394
2323,1963,2143,360
1825,1691,1758,134
2013,2025,2019,12
2631,2408,2519,223
1969,2094,2031,125
2443,2366,2404,77
2105,1811,1958,294
2488,2227,2357,261
2297,2075,2186,222
2252,2034,2143,218
2431,2313,2372,118
2114,2335,2224,221
2345,2173,2259,172
1710,2289,1999,579
2541,1978,2259,563
2214,2048,2131,166
2411,2231,2321,180
2655,2547,2601,108
2559,2402,2480,157
2203,2326,2264,123
2338,2102,2220,236
1682,1762,1722,80
1949,2182,2065,233
1530,1712,1621,182
2410,2549,2479,139
2460,2238,2349,222
2377,2542,2459,165
2361,2324,2342,37
2385,2705,2545,320
2364,2151,2257,213
2388,2501,2444,113
2449,2512,2480,63
1622,1798,1710,176
2147,2134,2140,13
2498,2364,2431,134
2003,2242,2122,239
1498,1761,1629,263
2042,2359,2200,317
1861,2286,2073,425
1606,1822,1714,216
2554,2441,2497,113
2322,2113,2217,209
2186,2189,2187,3
2024,1724,1874,300
1983,1605,1794,378
2680,2623,2651,57
1960,2124,2042,164
2292,2076,2184,216
2189,1959,2074,230
2509,2566,2537,57
2628,2427,2527,201
2446,2501,2473,55
2575,2138,2356,437
2366,2468,2417,102
2645,2343,2494,302
1921,1742,1831,179
2215,2368,2291,153
2136,1871,2003,265
2267,2547,2407,280
2330,2492,2411,162
2166,1935,2050,231
2490,2604,2547,114
2792,2881,2836,89
2320,1984,2152,336
2636,2398,2517,238
1840,1991,1915,151
1734,2083,1908,349
2065,1975,2020,90
1881,2061,1971,180
2377,2367,2372,10
2216,1997,2106,219
1612,1835,1723,223
2475,2286,2380,189
2070,2234,2152,164
2271,2174,2222,97
2289,1963,2126,326
2399,2236,2317,163
2302,2638,2470,336
2064,2202,2133,138
1768,1934,1851,166
2386,2338,2362,48
2290,2496,2393,206
2611,2417,2514,194
2219,2067,2143,152
2282,2024,2153,258
2284,2325,2304,41
1848,1905,1876,57
2282,2077,2179,205
2437,1881,2159,556
2637,2218,2427,419
2255,2244,2249,11
2164,2402,2283,238
2374,2285,2329,89
2487,2596,2541,109
2236,2167,2201,69
1997,2173,2085,176
2620,2438,2529,182
2355,2068,2211,287
2049,1957,2003,92
2334,2456,2395,122
2460,2279,2369,181
2202,2347,2274,145
2628,2503,2565,125
2252,2449,2350,197
2283,2111,2197,172
2529,2026,2277,503
1991,1729,1860,262
1834,2009,1921,175
2351,2325,2338,26
2628,2771,2699,143
2325,2066,2195,259
2359,2594,2476,235
1618,1603,1610,15
2188,2177,2182,11
2466,2481,2473,15
2262,2102,2182,160
2136,1979,2057,157
1881,1742,1811,139
2263,2437,2350,174
1956,2295,2125,339
2334,2032,2183,302
1973,1812,1892,161
2555,2487,2521,68
2010,2215,2112,205
1921,2493,2207,572
2143,1973,2058,170
2343,2307,2325,36
2350,2259,2304,91
2584,2057,2320,527
2336,2418,2377,82
2215,1828,2021,387
2457,2413,2435,44
2472,2343,2407,129
1931,2211,2071,280
2051,2175,2113,124
2507,2382,2444,125
2643,2504,2573,139
2429,2021,2225,408
2666,2711,2688,45
2089,1781,1935,308
2085,1945,2015,140
2506,2677,2591,171
2296,2433,2364,137
2786,2539,2662,247
1973,2081,2027,108
2216,2398,2307,182
2016,1766,1891,250
2383,2276,2329,107
2079,2178,2128,99
2218,1799,2008,419
2290,1958,2124,332
2586,2384,2485,202
2297,2478,2387,181
2410,1923,2166,487
2070,2477,2273,407
2157,2257,2207,100
2168,2298,2233,130
1932,2309,2120,377
1782,1501,1641,281
1714,1447,1580,267
2289,2187,2238,102
2438,2269,2353,169
2144,2001,2072,143
1824,1949,1886,125
1949,1989,1969,40
2627,2515,2571,112
2460,2471,2465,11
2462,2328,2395,134
2528,2461,2494,67
2213,2058,2135,155
2609,2291,2450,318
2682,2357,2519,325
1873,2076,1974,203
2254,2232,2243,22
2284,2409,2346,125
2427,2479,2453,52
2663,2732,2697,69
2497,2017,2257,480
1514,1676,1595,162
1919,2034,1976,115
2532,2415,2473,117
2081,2457,2269,376
2535,2203,2369,332
1595,1464,1529,131
2291,2178,2234,113
2644,2343,2493,301
2509,2312,2410,197
2307,2352,2329,45
2242,2304,2273,62
1770,2148,1959,378
2104,2249,2176,145
1873,2167,2020,294
1639,2004,1821,365
2403,2022,2212,381
2129,2159,2144,30
2422,2567,2494,145
2542,2559,2550,17
2288,2464,2376,176
2124,2254,2189,130
2735,2783,2759,48
2110,1863,1986,247
2252,2034,2143,218
2486,2734,2610,248
2277,2414,2345,137
2418,2277,2347,141
2187,1751,1969,436
2508,2488,2498,20
2813,2775,2794,38
2415,2226,2320,189
1804,1957,1880,153
2286,2146,2216,140
2631,2324,2477,307
1753,2222,1987,469
2000,1818,1909,182
2105,2071,2088,34
1679,1969,1824,290
2317,2611,2464,294
2285,2536,2410,251
2614,2435,2524,179
2170,2353,2261,183
2284,1936,2110,348
2201,2149,2175,52
2564,2275,2419,289
2028,2524,2276,496
1619,1936,1777,317
2597,2526,2561,71
2233,2349,2291,116
2083,1873,1978,210
1776,1541,1658,235
2376,2282,2329,94
2216,2127,2171,89
2159,2547,2353,388
2411,2161,2286,250
2255,2196,2225,59
1850,2045,1947,195
1774,2321,2047,547
2141,2275,2208,134
2023,2152,2087,129
2550,2361,2455,189
2045,1774,1909,271
2185,1911,2048,274
2292,2518,2405,226
2493,2265,2379,228
1704,2053,1878,349
2327,2044,2185,283
2065,2303,2184,238
2411,2509,2460,98
2473,2481,2477,8
2505,2477,2491,28
2390,2238,2314,152
2385,2603,2494,218
1942,2209,2075,267
2603,2411,2507,192
2137,1948,2042,189
2339,2541,2440,202
1568,2149,1858,581
2014,1572,1793,442
2113,2251,2182,138
2040,2259,2149,219
1969,1862,1915,107
2677,2549,2613,128
2013,2228,2120,215
1885,2018,1951,133
2298,2563,2430,265
2702,2572,2637,130
2652,2402,2527,250
2582,2095,2338,487
2273,2163,2218,110
2438,2543,2490,105
2562,2101,2331,461
2644,2511,2577,133
2521,2362,2441,159
2269,2519,2394,250
2200,1867,2033,333
2504,2558,2531,54
1879,2131,2005,252
2552,2504,2528,48
2183,2214,2198,31
1925,2302,2113,377
1749,1845,1797,96
2391,2128,2259,263
2652,1708,2180,944
2374,2281,2327,93
2077,2321,2199,244
2540,2349,2444,191
2339,1843,2091,496
2318,2227,2272,91
1548,1768,1658,220
1870,1596,1733,274
2208,2061,2134,147
2252,2494,2373,242
2185,2301,2243,116
1248,1954,1601,706
2153,1902,2027,251
2286,2352,2319,66
2550,2209,2379,341
1404,1677,1540,273
1769,1977,1873,208
2372,2141,2256,231
2493,2551,2522,58
2407,2588,2497,181
2458,2578,2518,120
2582,2347,2464,235
2325,2481,2403,156
2521,2237,2379,284
2103,2602,2352,499
2345,2544,2444,199
2225,2038,2131,187
2335,2071,2203,264
2165,1888,2026,277
2091,2379,2235,288
2554,2564,2559,10
2085,2368,2226,283
2607,2477,2542,130
2510,2633,2571,123
2178,2499,2338,321
1902,1898,1900,4
1907,2276,2091,369
1750,2026,1888,276
2428,2486,2457,58
2462,2179,2320,283
2426,2126,2276,300
2479,2321,2400,158
2120,2249,2184,129
2543,2391,2467,152
2238,2419,2328,181
2483,2189,2336,294
2306,2361,2333,55
1980,2215,2097,235
2552,2645,2598,93
2165,2275,2220,110
1869,2182,2025,313
2309,2292,2300,17
2418,2386,2402,32
2603,2384,2493,219
2290,2045,2167,245
2490,2395,2442,95
2692,2438,2565,254
1684,1956,1820,272
2355,2522,2438,167
2681,2512,2596,169
2226,2072,2149,154
2667,2662,2664,5
2642,2559,2600,83
2213,1983,2098,230
1822,2077,1949,255
1809,2139,1974,330
1912,1711,1811,201
2612,2463,2537,149
2651,2482,2566,169
2285,2594,2439,309
2476,2514,2495,38
2270,2274,2272,4
2396,2392,2394,4
2196,2292,2244,96
1956,2239,2097,283
2531,2585,2558,54
1995,2298,2146,303
2473,2252,2362,221
2156,2484,2320,328
2309,2604,2456,295
2241,2153,2197,88
2090,1955,2022,135
1931,2143,2037,212
2295,2563,2429,268
1776,2054,1915,278
2079,1285,1682,794
2519,2434,2476,85
2506,2327,2416,179
2348,2372,2360,24
2151,1993,2072,158
2529,1886,2207,643
2365,2073,2219,292
1771,2225,1998,454
2235,2287,2261,52
2315,2528,2421,213
2425,2468,2446,43
1679,1921,1800,242
2162,2381,2271,219
2117,1771,1944,346
2396,2346,2371,50
2066,1961,2013,105
2053,1703,1878,350
2295,2074,2184,221
2330,2155,2242,175
1903,1996,1949,93
2237,2238,2237,1
2358,2108,2233,250
2420,2566,2493,146
2140,1902,2021,238
2570,2421,2495,149
2235,2408,2321,173
1953,2284,2118,331
2422,2449,2435,27
2267,2265,2266,2
2307,2141,2224,166
1915,1692,1803,223
2262,2479,2370,217
2494,2431,2462,63
1954,1594,1774,360
2247,2378,2312,131
1579,1951,1765,372
2274,2112,2193,162
2034,2308,2171,274
2102,1883,1992,219
2381,2467,2424,86
2268,2491,2379,223
1368,1958,1663,590
2510,2399,2454,111
2593,2431,2512,162
2117,2479,2298,362
2316,2344,2330,28
2381,2128,2254,253
2198,1972,2085,226
2254,2346,2300,92
2148,2163,2155,15
1978,2228,2103,250
2012,2127,2069,115
1973,2065,2019,92
2630,2651,2640,21
2429,2081,2255,348
2240,1989,2114,251
2388,2209,2298,179
1991,1632,1811,359
2237,1959,2098,278
2461,2527,2494,66
1895,2533,2214,638
1608,2092,1850,484
2731,2784,2757,53
1451,1417,1434,34
1982,2116,2049,134
2106,2468,2287,362
2689,2726,2707,37
2433,2066,2249,367
2249,2571,2410,322
2336,2599,2467,263
2275,2045,2160,230
1948,2324,2136,376
2092,1852,1972,240
2396,2156,2276,240
2412,2143,2277,269
2388,2037,2212,351
2068,2308,2188,240
1864,2057,1960,193
2466,2678,2572,212
2197,2412,2304,215
1865,1556,1710,309
2146,2339,2242,193
1975,2159,2067,184
2055,1789,1922,266
1718,2157,1937,439
2359,2508,2433,149
2410,2229,2319,181
2368,2079,2223,289
1900,1567,1733,333
2157,2364,2260,207
2646,2474,2560,172
2431,2285,2358,146
2743,2482,2612,261
2074,2141,2107,67
1941,2232,2086,291
2334,2425,2379,91
2693,2617,2655,76
1799,2138,1968,339
2308,2261,2284,47
2129,2213,2171,84
2713,2658,2685,55
2585,2506,2545,79
2157,2601,2379,444
2048,2328,2188,280
1676,1862,1769,186
1741,1592,1666,149
2532,2106,2319,426
2130,2018,2074,112
2724,2762,2743,38
2571,2481,2526,90
2599,2462,2530,137
2537,2532,2534,5
2547,2535,2541,12
2529,2219,2374,310
2602,2583,2592,19
2697,2568,2632,129
1879,2051,1965,172
2289,2315,2302,26
1616,1658,1637,42
1846,2077,1961,231
1550,1565,1557,15
2039,2591,2315,552
2564,2458,2511,106
1468,1879,1673,411
2597,2546,2571,51
2064,2024,2044,40
1717,1918,1817,201
2545,2144,2344,401
2386,2485,2435,99
2570,2433,2501,137
2525,2556,2540,31
1983,2119,2051,136
2057,1884,1970,173
2297,2454,2375,157
2318,2147,2232,171
1560,1223,1391,337
2046,2392,2219,346
1901,2076,1988,175
1983,2026,2004,43
2275,2085,2180,190
2134,1904,2019,230
2074,1675,1874,399
2438,2119,2278,319
2418,2037,2227,381
2354,2634,2494,280
2229,2295,2262,66
2516,2421,2468,95
2248,2418,2333,170
1933,1644,1788,289
2104,2239,2171,135
2173,1987,2080,186
2569,2417,2493,152
2270,1989,2129,281
1890,1512,1701,378
2485,2556,2520,71
2354,1791,2072,563
2418,2153,2285,265
1984,2263,2123,279
2631,2713,2672,82
2406,2422,2414,16
2005,1839,1922,166
2534,2647,2590,113
2464,2308,2386,156
2078,1832,1955,246
1993,2073,2033,80
2496,2432,2464,64
2449,2606,2527,157
2354,2098,2226,256
2134,2306,2220,172
2508,2225,2366,283
2260,2235,2247,25
1991,2065,2028,74
2106,2017,2061,89
2303,2123,2213,180
2603,2471,2537,132
2351,2589,2470,238
1759,2116,1937,357
2179,2198,2188,19
1927,2107,2017,180
2376,2243,2309,133
2221,1899,2060,322
2070,1896,1983,174
2328,2254,2291,74
2160,1979,2069,181
2480,2269,2374,211
2425,2195,2310,230
1942,1749,1845,193
2517,2711,2614,194
1805,2125,1965,320
1218,1278,1248,60
2736,2421,2578,315
2223,1585,1904,638
2340,2461,2400,121
2190,2334,2262,144
1848,1992,1920,144
2010,2141,2075,131
2262,2651,2456,389
2218,2477,2347,259
2179,2394,2286,215
2522,2677,2599,155
2115,2399,2257,284
2636,2365,2500,271
2392,2268,2330,124
2533,2206,2369,327
2223,2199,2211,24
2358,1626,1992,732
1734,2143,1938,409
2208,2104,2156,104
2325,2141,2233,184
1747,1425,1586,322
2398,2235,2316,163
2253,1839,2046,414
2364,2461,2412,97
1507,2124,1815,617
2553,2704,2628,151
2209,2338,2273,129
1876,1798,1837,78
2442,2564,2503,122
2470,2548,2509,78
2194,1957,2075,237
2106,2283,2194,177
2365,2215,2290,150
2617,2537,2577,80
2478,2186,2332,292
1985,1647,1816,338
2198,2377,2287,179
2125,2533,2329,408
2185,1962,2073,223
1492,2015,1753,523
2083,2301,2192,218
2235,2386,2310,151
2428,2273,2350,155
2519,2582,2550,63
2661,2562,2611,99
2565,2437,2501,128
2302,2155,2228,147
2656,2571,2613,85
2020,2224,2122,204
2491,2438,2464,53
2532,2553,2542,21
2187,2263,2225,76
2652,2528,2590,124
2200,2479,2339,279
2792,2659,2725,133
2408,2491,2449,83
2126,2249,2187,123
2473,2554,2513,81
1993,1834,1913,159
2262,2073,2167,189
2390,2542,2466,152
2531,2241,2386,290
2643,2204,2423,439
2145,2388,2266,243
2072,2147,2109,75
2192,2441,2316,249
2295,1764,2029,531
1880,1637,1758,243
2296,2172,2234,124
2189,2377,2283,188
1752,1839,1795,87
2106,2178,2142,72
2411,2377,2394,34
2072,2207,2139,135
2580,2769,2674,189
1742,2053,1897,311
2417,2026,2221,391
2677,2663,2670,14
2169,1536,1852,633
2753,2732,2742,21
2334,2577,2455,243
2340,2314,2327,26
2442,2319,2380,123
2526,2443,2484,83
2481,2423,2452,58
2337,2426,2381,89
2421,2273,2347,148
2115,2284,2199,169
2282,2516,2399,234
1704,2023,1863,319
1830,1895,1862,65
2631,2657,2644,26
1828,1971,1899,143
2174,2353,2263,179
2218,2424,2321,206
2274,2062,2168,212
1959,2086,2022,127
2035,2396,2215,361
2441,2262,2351,179
2271,2121,2196,150
2594,2541,2567,53
2578,2287,2432,291
2180,2369,2274,189
2190,2188,2189,2
2514,2413,2463,101
2535,2532,2533,3
2444,1904,2174,540
2712,2682,2697,30
1716,2082,1899,366
1769,2118,1943,349
1718,2224,1971,506
2397,2671,2534,274
2166,2376,2271,210
2594,2451,2522,143
2710,2718,2714,8
2062,1806,1934,256
1800,1557,1678,243
2199,2286,2242,87
2019,1782,1900,237
2398,2606,2502,208
2273,1715,1994,558
1924,2175,2049,251
2332,2117,2224,215
2043,1959,2001,84
1803,2008,1905,205
2427,2222,2324,205
2165,1964,2064,201
2190,2007,2098,183
2478,2597,2537,119
2328,2521,2424,193
2399,1938,2168,461
2342,2102,2222,240
2547,2542,2544,5
2480,2226,2353,254
1870,2226,2048,356
2444,2572,2508,128
1722,2154,1938,432
2486,2132,2309,354
2107,2406,2256,299
1949,1779,1864,170
2229,2386,2307,157
2015,1731,1873,284
2278,2169,2223,109
2260,1961,2110,299
2202,2073,2137,129
1981,2081,2031,100
2659,2548,2603,111
2149,1921,2035,228
2186,2261,2223,75
1829,2039,1934,210
2455,2359,2407,96
2357,2271,2314,86
2275,2404,2339,129
2119,2095,2107,24
2003,2345,2174,342
2414,2259,2336,155
1808,2049,1928,241
2698,2629,2663,69
1981,2103,2042,122
2146,2399,2272,253
2164,1866,2015,298
2552,2434,2493,118
2493,2209,2351,284
2301,2208,2254,93
2298,2114,2206,184
1942,1458,1700,484
1932,2384,2158,452
1748,1962,1855,214
2241,2132,2186,109
2282,2198,2240,84
1751,1546,1648,205
1707,2001,1854,294
2334,2304,2319,30
2206,2498,2352,292
2035,2203,2119,168
1605,1772,1688,167
2011,2269,2140,258
1746,2035,1890,289
1655,1834,1744,179
2391,2217,2304,174
2277,2242,2259,35
2409,2348,2378,61
2035,1734,1884,301
2523,2459,2491,64
2543,2442,2492,101
2415,2161,2288,254
2597,2326,2461,271
2471,2087,2279,384
2491,2565,2528,74
2140,2272,2206,132
2398,2589,2493,191
2022,2093,2057,71
2476,2662,2569,186
2270,2516,2393,246
2530,2372,2451,158
1830,2144,1987,314
1951,1768,1859,183
2224,2112,2168,112
2116,2005,2060,111
2543,2619,2581,76
2151,2445,2298,294
2601,2415,2508,186
2141,2111,2126,30
1991,2066,2028,75
2552,2513,2532,39
1817,1899,1858,82
2476,2491,2483,15
2606,2453,2529,153
2270,2099,2184,171
2529,2476,2502,53
2158,1984,2071,174
2061,1989,2025,72
1933,1968,1950,35
2147,2397,2272,250
2476,2073,2274,403
2246,1699,1972,547
2090,2611,2350,521
2311,2225,2268,86
2209,2027,2118,182
2374,2348,2361,26
2754,2731,2742,23
2430,2236,2333,194
2218,2369,2293,151
2502,2216,2359,286
2113,2303,2208,190
2712,2694,2703,18
1952,2191,2071,239
2551,2577,2564,26
2235,2249,2242,14
2377,2479,2428,102
1941,2405,2173,464
1855,2079,1967,224
2526,2095,2310,431
2368,2652,2510,284
2115,1967,2041,148
1966,1729,1847,237
2379,2436,2407,57
2100,2181,2140,81
1992,2375,2183,383
2154,1983,2068,171
2043,1715,1879,328
1844,2463,2153,619
2012,1905,1958,107
2077,1843,1960,234
2364,2058,2211,306
2075,1793,1934,282
2427,2033,2230,394
2316,2196,2256,120
2459,2361,2410,98
2239,2254,2246,15
2285,2101,2193,184
2436,2572,2504,136
2307,2098,2202,209
2047,1893,1970,154
2209,2181,2195,28
2216,1962,2089,254
2269,1822,2045,447
2380,2551,2465,171
2199,2123,2161,76
2544,2353,2448,191
2273,2318,2295,45
2538,2423,2480,115
2505,2349,2427,156
2217,2405,2311,188
2199,2411,2305,212
2308,2032,2170,276
2465,2386,2425,79
2136,2016,2076,120
2582,2331,2456,251
2519,2393,2456,126
1797,1963,1880,166
2080,1943,2011,137
2568,2445,2506,123
2009,1855,1932,154
1939,2473,2206,534
2161,2367,2264,206
2085,2255,2170,170
2113,2201,2157,88
2358,2134,2246,224
2546,2561,2553,15
2210,2403,2306,193
2526,2316,2421,210
1848,2269,2058,421
2164,2392,2278,228
1978,2087,2032,109
2160,1886,2023,274
2362,2089,2225,273
2421,2346,2383,75
2214,1703,1958,511
2493,2712,2602,219
1966,2121,2043,155
2414,2347,2380,67
2275,1505,1890,770
2402,2517,2459,115
2095,2286,2190,191
1571,2135,1853,564
2205,2302,2253,97
2660,2733,2696,73
2361,2418,2389,57
2025,2198,2111,173
2341,2303,2322,38
2694,2511,2602,183
2315,2329,2322,14
2230,2252,2241,22
2283,2447,2365,164
2053,1783,1918,270
2667,2194,2430,473
2188,2342,2265,154
1925,2095,2010,170
1885,2132,2008,247
2422,2391,2406,31
2323,2363,2343,40
2416,2519,2467,103
2109,1861,1985,248
2311,2295,2303,16
2216,2389,2302,173
2195,2109,2152,86
2333,2238,2285,95
2410,2585,2497,175
2304,2208,2256,96
2403,2034,2218,369
2072,1879,1975,193
2204,2244,2224,40
2000,1788,1894,212
2182,1911,2046,271
2427,2066,2246,361
2156,2127,2141,29
2211,2203,2207,8
1871,2196,2033,325
1944,1963,1953,19
2267,2084,2175,183
2453,2513,2483,60
1638,2408,2023,770
1971,2141,2056,170
2541,2471,2506,70
2216,2518,2367,302
2312,2347,2329,35
2282,2388,2335,106
2599,2348,2473,251
1964,2132,2048,168
1646,1711,1678,65
2265,1928,2096,337
1873,2071,1972,198
2129,2205,2167,76
1599,1665,1632,66
2278,2498,2388,220
2511,2091,2301,420
2572,2033,2302,539
2161,2265,2213,104
2379,2483,2431,104
2415,2263,2339,152
2075,1933,2004,142
1848,1554,1701,294
1933,2099,2016,166
2257,2233,2245,24
2013,2369,2191,356
2710,2567,2638,143
2142,1981,2061,161
2484,2554,2519,70
2456,2422,2439,34
2435,2205,2320,230
2264,2143,2203,121
2419,2075,2247,344
2164,2072,2118,92
2287,2011,2149,276
2297,2112,2204,185
2156,2327,2241,171
2535,2368,2451,167
1881,1768,1824,113
2225,2412,2318,187
2216,2114,2165,102
2247,2538,2392,291
1973,2489,2231,516
2056,2002,2029,54
2721,2731,2726,10
1914,1721,1817,193
2294,2209,2251,85
2170,2401,2285,231
2593,2532,2562,61
2594,2442,2518,152
1895,2009,1952,114
2616,2446,2531,170
2207,2077,2142,130
1964,1681,1822,283
1812,2117,1964,305
2567,2595,2581,28
2251,2192,2221,59
2237,2166,2201,71
2212,2519,2365,307
1914,2162,2038,248
2220,2344,2282,124
2131,1949,2040,182
2396,2667,2531,271
2385,2236,2310,149
2003,1845,1924,158
2476,1801,2138,675
2060,1873,1966,187
2332,2679,2505,347
2009,2022,2015,13
2259,2637,2448,378
2011,2174,2092,163
2098,2296,2197,198
1846,1984,1915,138
2270,2424,2347,154
2640,2576,2608,64
1948,2389,2168,441
2318,2143,2230,175
2373,2203,2288,170
2596,2448,2522,148
2294,2549,2421,255
2441,2301,2371,140
2317,2256,2286,61
2450,2414,2432,36
2456,1924,2190,532
1745,1997,1871,252
1677,1264,1470,413
1925,1769,1847,156
2176,2477,2326,301
2504,2229,2366,275
2676,2518,2597,158
2283,1886,2084,397
2113,1966,2039,147
1741,2124,1932,383
2554,2415,2484,139
2121,1833,1977,288
2427,2483,2455,56
2319,2255,2287,64
2708,2737,2722,29
2554,2232,2393,322
2182,2079,2130,103
2471,2349,2410,122
2243,2519,2381,276
2540,2516,2528,24
2373,2148,2260,225
1780,1895,1837,115
2287,2196,2241,91
2161,2247,2204,86
2355,2515,2435,160
2242,2123,2182,119
2181,2243,2212,62
2505,2613,2559,108
2590,2365,2477,225
1928,1836,1882,92
2660,2609,2634,51
2475,2299,2387,176
2501,2416,2458,85
2371,2364,2367,7
1873,2223,2048,350
2481,2551,2516,70
1713,2185,1949,472
2241,2265,2253,24
2238,2349,2293,111
2506,2436,2471,70
1951,2311,2131,360
2352,2224,2288,128
2214,1909,2061,305
1809,1926,1867,117
2306,2317,2311,11
1918,2043,1980,125
2161,2231,2196,70
2337,2525,2431,188
2259,2111,2185,148
2271,2085,2178,186
2174,2101,2137,73
2278,1659,1968,619
1819,1967,1893,148
1951,2252,2101,301
2203,2408,2305,205
2381,2235,2308,146
2101,2061,2081,40
2219,2375,2297,156
2580,2367,2473,213
2138,1796,1967,342
2094,1907,2000,187
2344,2328,2336,16
2129,2391,2260,262
2333,2595,2464,262
2020,1961,1990,59
2097,1959,2028,138
2311,2518,2414,207
2302,2018,2160,284
2547,2379,2463,168
2344,2547,2445,203
2302,2291,2296,11
2214,2451,2332,237
2256,2368,2312,112
2471,2343,2407,128
2335,2241,2288,94
2585,2485,2535,100
2197,1985,2091,212
2576,2164,2370,412
2342,2522,2432,180
2352,2542,2447,190
2772,2713,2742,59
2244,1849,2046,395
2386,2523,2454,137
2446,2631,2538,185
2308,2206,2257,102
2399,2319,2359,80
2181,2206,2193,25
2186,1866,2026,320
1988,1962,1975,26
1941,2364,2152,423
2033,2216,2124,183
2566,2464,2515,102
2757,2754,2755,3
1867,2122,1994,255
2535,2302,2418,233
2431,2673,2552,242
1969,2172,2070,203
2142,2354,2248,212
2520,2393,2456,127
2255,2008,2131,247
2065,2514,2289,449
2815,2748,2781,67
2447,2184,2315,263
2313,2149,2231,164
1844,1976,1910,132
1888,2278,2083,390
2309,2533,2421,224
2437,2482,2459,45
2284,1812,2048,472
1937,1759,1848,178
1982,2149,2065,167
2559,2141,2350,418
2483,2197,2340,286
1883,1724,1803,159
2256,2365,2310,109
2016,1786,1901,230
2241,2199,2220,42
2438,2212,2325,226
2567,2423,2495,144
2378,1915,2146,463
2681,2397,2539,284
2230,2503,2366,273
2062,2177,2119,115
2423,2296,2359,127
1959,2256,2107,297
2181,2167,2174,14
2159,2053,2106,106
2813,2868,2840,55
2391,2543,2467,152
2708,2785,2746,77
1698,1815,1756,117
2539,2393,2466,146
2344,2469,2406,125
2356,2406,2381,50
2505,2667,2586,162
2377,2309,2343,68
2060,2108,2084,48
2398,2082,2240,316
2710,2651,2680,59
2330,2577,2453,247
2033,2384,2208,351
1927,1824,1875,103
2105,2511,2308,406
2242,2125,2183,117
2242,2603,2422,361
2574,2295,2434,279
2424,2032,2228,392
2467,2185,2326,282
2517,2475,2496,42
1952,2084,2018,132
2327,2418,2372,91
2174,1782,1978,392
1981,2114,2047,133
2440,2489,2464,49
2067,2373,2220,306
1950,2244,2097,294
2331,2514,2422,183
2340,2059,2199,281
2274,2123,2198,151
2659,2417,2538,242
2612,2212,2412,400
1931,2257,2094,326
2393,2239,2316,154
1872,1893,1882,21
1724,2023,1873,299
2185,1856,2020,329
2213,2079,2146,134
2255,2121,2188,134
2207,2409,2308,202
2313,2185,2249,128
2100,2523,2311,423
2239,2259,2249,20
2510,2415,2462,95
2529,2628,2578,99
1581,2296,1938,715
2201,2435,2318,234
2232,2071,2151,161
1665,2073,1869,408
2554,2412,2483,142
2534,2617,2575,83
2177,2394,2285,217
2175,1914,2044,261
1999,2191,2095,192
2654,2269,2461,385
2024,2589,2306,565
2296,1802,2049,494
2246,2397,2321,151
2385,2328,2356,57
1708,1829,1768,121
2215,1882,2048,333
2380,2045,2212,335
2473,2499,2486,26
2170,2338,2254,168
1806,2153,1979,347
2286,2467,2376,181
1919,2145,2032,226
1918,2065,1991,147
2062,2039,2050,23
2508,2074,2291,434
2439,2362,2400,77
2092,2141,2116,49
2527,2485,2506,42
2406,2597,2501,191
2275,2028,2151,247
2556,2523,2539,33
1955,2355,2155,400
2321,2242,2281,79
2324,2277,2300,47
2779,2719,2749,60
2348,2176,2262,172
2356,2312,2334,44
2297,2172,2234,125
2492,2641,2566,149
1514,1734,1624,220
2292,2304,2298,12
2394,2448,2421,54
2138,1861,1999,277
2511,2587,2549,76
2493,2441,2467,52
2313,2087,2200,226
2149,1987,2068,162
2372,1904,2138,468
2083,2301,2192,218
2002,2071,2036,69
1823,1929,1876,106
2083,2469,2276,386
2553,2562,2557,9
2270,2459,2364,189
2136,2073,2104,63
2360,1988,2174,372
2246,2112,2179,134
2053,2263,2158,210
2331,2486,2408,155
1672,1958,1815,286
2345,2264,2304,81
2488,2533,2510,45
2595,2628,2611,33
2438,2636,2537,198
2594,2506,2550,88
1810,1993,1901,183
2216,2178,2197,38
2325,2186,2255,139
2241,2427,2334,186
2450,2423,2436,27
2487,2464,2475,23
2224,1971,2097,253
1816,2157,1986,341
2308,2278,2293,30
2528,2356,2442,172
2581,2239,2410,342
2309,2527,2418,218
2475,2571,2523,96
2120,2063,2091,57
2100,2283,2191,183
2305,2245,2275,60
2374,2248,2311,126
2382,2488,2435,106
2315,2233,2274,82
2420,2269,2344,151
2353,1983,2168,370
2426,2104,2265,322
2496,2483,2489,13
2072,2291,2181,219
2167,2009,2088,158
1871,1614,1742,257
2258,2611,2434,353
2015,1845,1930,170
2276,1815,2045,461
2604,2588,2596,16
2205,2157,2181,48
2193,1993,2093,200
2437,2229,2333,208
2347,2298,2322,49
2391,2471,2431,80
2174,2008,2091,166
2328,2455,2391,127
2375,2469,2422,94
2295,2374,2334,79
2487,2196,2341,291
1906,2292,2099,386
2460,2605,2532,145
2249,1544,1896,705
2168,2545,2356,377
2560,2303,2431,257
1995,1704,1849,291
2121,2137,2129,16
2782,2708,2745,74
1860,1935,1897,75
2022,1866,1944,156
2490,2538,2514,48
1628,1879,1753,251
2137,2259,2198,122
2276,1873,2074,403
2479,2273,2376,206
2360,1989,2174,371
2337,2545,2441,208
2402,2387,2394,15
2227,2053,2140,174
2285,2022,2153,263
2050,1951,2000,99
2415,1937,2176,478
2607,2293,2450,314
2259,2471,2365,212
2727,2709,2718,18
1667,1973,1820,306
1867,1829,1848,38
2127,1833,1980,294
2024,2043,2033,19
1638,1279,1458,359
2639,2551,2595,88
2238,2169,2203,69
2029,1989,2009,40
2052,1862,1957,190
2188,2007,2097,181
2324,2438,2381,114
2072,1791,1931,281
1607,1432,1519,175
2007,2203,2105,196
2025,1664,1844,361
1887,2037,1962,150
2349,1979,2164,370
2215,1878,2046,337
2220,2114,2167,106
2481,2437,2459,44
2073,1716,1894,357
2167,1936,2051,231
2104,2391,2247,287
2417,2075,2246,342
2070,1885,1977,185
2166,2111,2138,55
1975,2152,2063,177
2311,2554,2432,243
2611,2313,2462,298
2417,2362,2389,55
2760,2713,2736,47
2423,2396,2409,27
2386,2296,2341,90
2327,2397,2362,70
1913,2014,1963,101
1390,1498,1444,108
2201,2088,2144,113
2711,2085,2398,626
1892,2121,2006,229
2657,2695,2676,38
2377,2443,2410,66
1697,1962,1829,265
2428,2144,2286,284
2260,2536,2398,276
2150,2008,2079,142
2250,2373,2311,123
1930,1983,1956,53
2531,2269,2400,262
2301,2294,2297,7
1755,1959,1857,204
2472,2598,2535,126
2017,2169,2093,152
2091,1935,2013,156
2538,2582,2560,44
2170,2017,2093,153
2521,2664,2592,143
2218,1915,2066,303
1896,2061,1978,165
2438,2622,2530,184
2126,2267,2196,141
2530,1969,2249,561
2123,2345,2234,222
2172,1984,2078,188
2575,2503,2539,72
2455,2103,2279,352
2392,2529,2460,137
2460,2363,2411,97
2321,2112,2216,209
2277,2468,2372,191
2470,2635,2552,165
2092,1668,1880,424
1333,1517,1425,184
2107,2075,2091,32
2418,2568,2493,150
2085,1641,1863,444
1984,2419,2201,435
2340,2531,2435,191
2418,2481,2449,63
2368,2143,2255,225
2090,1691,1890,399
1681,2033,1857,352
2072,1842,1957,230
1950,2023,1986,73
2123,2127,2125,4
2174,2111,2142,63
2455,2353,2404,102
2346,2088,2217,258
2344,1998,2171,346
2401,2282,2341,119
2002,1733,1867,269
2368,2442,2405,74
1642,2077,1859,435
2183,2108,2145,75
2423,2285,2354,138
2100,2479,2289,379
1919,2055,1987,136
2363,2515,2439,152
2064,2456,2260,392
2599,2437,2518,162
2335,1927,2131,408
2220,2024,2122,196
2535,2285,2410,250
2256,2558,2407,302
1598,1741,1669,143
2080,1826,1953,254
2178,1953,2065,225
2384,2258,2321,126
2091,2244,2167,153
2153,2226,2189,73
2280,2368,2324,88
1997,2151,2074,154
2548,2652,2600,104
2412,2447,2429,35
2301,2501,2401,200
2370,2222,2296,148
2634,2408,2521,226
2359,2506,2432,147
2305,2482,2393,177
2430,2161,2295,269
1927,2142,2034,215
1972,2026,1999,54
2050,2192,2121,142
2169,2327,2248,158
2383,2534,2458,151
1988,2242,2115,254
2136,2099,2117,37
2276,2381,2328,105
2747,2786,2766,39
2643,2398,2520,245
2359,2481,2420,122
2024,2162,2093,138
2057,2187,2122,130
1933,2014,1973,81
2371,2498,2434,127
2050,2007,2028,43
2262,2202,2232,60
2545,2734,2639,189
2137,1849,1993,288
2255,2166,2210,89
2287,2316,2301,29
2517,2429,2473,88
2294,2131,2212,163
2477,2352,2414,125
2286,2217,2251,69
2530,2322,2426,208
2500,2298,2399,202
2393,2313,2353,80
2172,1917,2044,255
2144,1878,2011,266
2011,2208,2109,197
2253,1791,2022,462
1996,2136,2066,140
2034,1531,1782,503
2200,2382,2291,182
1549,1877,1713,328
1938,1858,1898,80
2470,2456,2463,14
2287,2147,2217,140
2016,2393,2204,377
2341,2662,2501,321
2224,2134,2179,90
2266,2095,2180,171
2098,2219,2158,121
2474,2509,2491,35
2491,2474,2482,17
2160,2353,2256,193
2302,1647,1974,655
2257,2262,2259,5
2385,2328,2356,57
2446,2238,2342,208
2318,2211,2264,107
2413,2287,2350,126
2447,2259,2353,188
2472,2375,2423,97
2308,2589,2448,281
2516,2521,2518,5
2339,2417,2378,78
2478,2203,2340,275
2339,2132,2235,207
2539,2596,2567,57
2505,2386,2445,119
2388,2387,2387,1
2460,2594,2527,134
2730,2717,2723,13
2619,2638,2628,19
1810,1469,1639,341
1850,2491,2170,641
2278,2265,2271,13
2473,2578,2525,105
1927,2352,2139,425
2427,1904,2165,523
2155,2362,2258,207
2167,2365,2266,198
2022,2018,2020,4
2697,2676,2686,21
2098,1901,1999,197
1694,1876,1785,182
2647,2549,2598,98
2535,2404,2469,131
2286,2134,2210,152
1959,2412,2185,453
2436,2505,2470,69
1939,2168,2053,229
2393,2641,2517,248
2432,2339,2385,93
2319,2368,2343,49
2502,2443,2472,59
2072,2162,2117,90
2133,2117,2125,16
2105,2011,2058,94
2112,2493,2302,381
2462,2498,2480,36
2512,2279,2395,233
2440,2447,2443,7
2572,2557,2564,15
2189,2426,2307,237
1761,1909,1835,148
2453,2524,2488,71
2052,2295,2173,243
2194,2582,2388,388
2427,2209,2318,218
2080,1733,1906,347
2328,2215,2271,113
2224,2114,2169,110
2245,2069,2157,176
1774,2148,1961,374
1814,1757,1785,57
2363,2458,2410,95
2387,2161,2274,226
2263,2587,2425,324
2394,2284,2339,110
2282,2377,2329,95
2393,2198,2295,195
2338,2218,2278,120
1947,2021,1984,74
1700,2079,1889,379
2440,2248,2344,192
2207,1731,1969,476
2447,2385,2416,62
2311,1724,2017,587
2307,2452,2379,145
1999,1817,1908,182
1796,1483,1639,313
2441,2593,2517,152
2180,2061,2120,119
2409,2535,2472,126
2392,2251,2321,141
2521,2256,2388,265
1806,1683,1744,123
2505,2356,2430,149
2414,2183,2298,231
1987,1835,1911,152
1927,2061,1994,134
2215,2129,2172,86
2055,2389,2222,334
2350,1926,2138,424
1769,1982,1875,213
2021,2414,2217,393
2757,2721,2739,36
2622,2682,2652,60
2427,2224,2325,203
2612,2499,2555,113
2623,2524,2573,99
2126,2207,2166,81
2034,2137,2085,103
1756,2161,1958,405
2313,2362,2337,49
2411,2376,2393,35
1879,2219,2049,340
2045,2169,2107,124
2255,2408,2331,153
2201,2561,2381,360
2549,2528,2538,21
2586,2672,2629,86
2560,2398,2479,162
2127,1969,2048,158
2567,2546,2556,21
2039,1849,1944,190
2230,2269,2249,39
1878,2079,1978,201
2190,2028,2109,162
2553,2524,2538,29
1916,2362,2139,446
2201,2335,2268,134
2618,2433,2525,185
2262,2111,2186,151
2068,2312,2190,244
2086,2199,2142,113
2165,2318,2241,153
1817,2326,2071,509
2543,2047,2295,496
2188,2566,2377,378
1883,1893,1888,10
2408,2284,2346,124
2654,2682,2668,28
2177,2241,2209,64
2079,1834,1956,245
2652,2726,2689,74
2526,2409,2467,117
2351,2228,2289,123
2356,2162,2259,194
2553,2268,2410,285
2162,2321,2241,159
2096,2037,2066,59
2573,2097,2335,476
1911,1644,1777,267
1732,2128,1930,396
2688,2441,2564,247
2153,2266,2209,113
2046,2288,2167,242
2216,2012,2114,204
2440,2031,2235,409
2100,2397,2248,297
1867,1591,1729,276
2361,2501,2431,140
2645,2446,2545,199
2075,2305,2190,230
2753,2679,2716,74
2485,2263,2374,222
2558,2591,2574,33
2157,2338,2247,181
2580,2707,2643,127
2654,2366,2510,288
2406,2641,2523,235
1977,2232,2104,255
1865,2461,2163,596
1572,1815,1693,243
1843,1602,1722,241
1967,2243,2105,276
2366,2533,2449,167
2145,2529,2337,384
2489,2249,2369,240
2681,2764,2722,83
2430,2538,2484,108
2097,1759,1928,338
1689,2131,1910,442
2507,2714,2610,207
1945,1777,1861,168
2004,2211,2107,207
2123,2408,2265,285
2370,2307,2338,63
2183,2239,2211,56
1698,1943,1820,245
2395,2378,2386,17
2358,2246,2302,112
2066,1754,1910,312
2475,2088,2281,387
2343,2498,2420,155
2231,2129,2180,102
1751,2096,1923,345
2147,2226,2186,79
1728,1807,1767,79
2153,2396,2274,243
2455,2141,2298,314
2374,1945,2159,429
2591,2619,2605,28
2264,2034,2149,230
2074,2308,2191,234
1938,2251,2094,313
2555,2377,2466,178
2291,2028,2159,263
2091,2587,2339,496
1794,1916,1855,122
2752,2792,2772,40
2215,2482,2348,267
2046,2047,2046,1
2377,2532,2454,155
2430,1987,2208,443
2039,2066,2052,27
1945,1663,1804,282
2401,2441,2421,40
2291,2189,2240,102
2403,2277,2340,126
2620,2499,2559,121
2382,2407,2394,25
2557,2705,2631,148
2294,2107,2200,187
2225,2464,2344,239
2150,1491,1820,659
2282,2327,2304,45
2285,1957,2121,328
2269,2001,2135,268
2197,2353,2275,156
1611,1755,1683,144
2534,2298,2416,236
2222,2365,2293,143
2484,1882,2183,602
2232,2449,2340,217
2473,2185,2329,288
2439,2327,2383,112
2561,2506,2533,55
2355,2426,2390,71
2482,2147,2314,335
2293,2489,2391,196
2378,2246,2312,132
1924,2208,2066,284
1726,2007,1866,281
2281,2235,2258,46
2548,2541,2544,7
2301,2157,2229,144
1931,2237,2084,306
2551,2328,2439,223
1740,2414,2077,674
2659,2743,2701,84
2155,2292,2223,137
1775,2104,1939,329
2621,2586,2603,35
2249,2316,2282,67
2108,1835,1971,273
2312,2038,2175,274
1653,1942,1797,289
2487,2506,2496,19
2739,2561,2650,178
2311,2295,2303,16
2462,2444,2453,18
2199,1846,2022,353
2351,2348,2349,3
2462,2219,2340,243
2303,2315,2309,12
2421,2519,2470,98
2485,2564,2524,79
2356,2082,2219,274
1904,1747,1825,157
2168,2187,2177,19
2355,1992,2173,363
2000,1886,1943,114
2408,2215,2311,193
2596,2532,2564,64
2259,2055,2157,204
1997,2087,2042,90
1846,2222,2034,376
2296,2344,2320,48
2438,2291,2364,147
2210,1962,2086,248
2068,2166,2117,98
2711,2393,2552,318
2628,2639,2633,11
2527,2632,2579,105
1986,2299,2142,313
2158,2152,2155,6
2068,1947,2007,121
1999,2001,2000,2
2418,2288,2353,130
2333,2138,2235,195
1865,1697,1781,168
2032,2036,2034,4
1922,2048,1985,126
2318,2206,2262,112
1978,2164,2071,186
2624,2563,2593,61
2511,2421,2466,90
2036,1802,1919,234
2449,2314,2381,135
2227,2159,2193,68
2589,2711,2650,122
2436,2132,2284,304
2188,2511,2349,323
2140,1913,2026,227
1799,2021,1910,222
2742,2581,2661,161
1955,1634,1794,321
2450,2688,2569,238
2016,2156,2086,140
2260,2447,2353,187
2686,2556,2621,130
2143,2124,2133,19
2355,2555,2455,200
1725,2212,1968,487
2061,2174,2117,113
2331,2112,2221,219
2570,2417,2493,153
2606,2439,2522,167
2482,2359,2420,123
2565,2518,2541,47
2577,2596,2586,19
2221,2392,2306,171
2220,1934,2077,286
2392,2495,2443,103
2404,2477,2440,73
2324,2108,2216,216
2505,2333,2419,172
2009,1673,1841,336
1750,1969,1859,219
1999,2233,2116,234
2135,2434,2284,299
1389,1901,1645,512
2077,2074,2075,3
1747,1854,1800,107
2137,2002,2069,135
2186,2052,2119,134
2217,2293,2255,76
1805,1973,1889,168
2402,2408,2405,6
2074,1912,1993,162
2187,2343,2265,156
2683,2531,2607,152
2532,2115,2323,417
2259,1984,2121,275
2056,2055,2055,1
2148,2493,2320,345
2066,2208,2137,142
2005,2091,2048,86
2434,2358,2396,76
2134,2177,2155,43
2553,1916,2234,637
1822,2243,2032,421
2113,2509,2311,396
2332,2381,2356,49
2140,2144,2142,4
2263,2238,2250,25
2355,2558,2456,203
1578,1695,1636,117
2638,2245,2441,393
2113,2379,2246,266
1696,1466,1581,230
2600,2558,2579,42
2572,2293,2432,279
1983,2146,2064,163
2671,2343,2507,328
2423,2407,2415,16
2375,2243,2309,132
2301,2526,2413,225
1672,2329,2000,657
2032,1886,1959,146
2295,2307,2301,12
2033,1873,1953,160
2501,2368,2434,133
2633,2474,2553,159
2382,2156,2269,226
2434,2239,2336,195
2172,2306,2239,134
2200,1929,2064,271
2707,2645,2676,62
2636,2437,2536,199
2672,2586,2629,86
2054,1834,1944,220
2447,2677,2562,230
2326,2533,2429,207
2531,2259,2395,272
2134,2328,2231,194
2318,2352,2335,34
2202,2026,2114,176
2497,2653,2575,156
1801,1921,1861,120
2268,2416,2342,148
2213,2282,2247,69
2222,2172,2197,50
2133,2553,2343,420
1377,1784,1580,407
2410,2232,2321,178
2194,2159,2176,35
2554,2625,2589,71
2327,2409,2368,82
1825,2095,1960,270
2713,2243,2478,470
1814,2039,1926,225
2255,2147,2201,108
2095,2368,2231,273
2244,2138,2191,106
2229,2281,2255,52
2244,2229,2236,15
2680,2493,2586,187
1590,1909,1749,319
1937,2291,2114,354
2107,2216,2161,109
2255,2056,2155,199
2379,2387,2383,8
2102,1853,1977,249
2062,2148,2105,86
2097,1935,2016,162
2110,2298,2204,188
2375,2046,2210,329
2331,2423,2377,92
1950,2162,2056,212
1728,1774,1751,46
2511,1958,2234,553
2520,2255,2387,265
2629,2456,2542,173
2053,2253,2153,200
2173,2046,2109,127
2629,2566,2597,63
2422,2395,2408,27
2564,2449,2506,115
2393,2536,2464,143
2562,2485,2523,77
1631,1844,1737,213
1770,2016,1893,246
2447,2282,2364,165
2445,2187,2316,258
2358,2176,2267,182
2101,2055,2078,46
2505,2472,2488,33
2448,2227,2337,221
2109,2332,2220,223
2321,2321,2321,0
2338,2095,2216,243
2483,2463,2473,20
2325,2333,2329,8
2181,2487,2334,306
2383,2507,2445,124
2323,2425,2374,102
2237,2113,2175,124
1895,2062,1978,167
2551,2478,2514,73
2634,2698,2666,64
2077,1715,1896,362
2367,2109,2238,258
2203,2372,2287,169
2526,2361,2443,165
2490,2521,2505,31
2220,2067,2143,153
2394,2581,2487,187
2641,2627,2634,14
2024,2239,2131,215
2005,2593,2299,588
1794,1614,1704,180
2496,2029,2262,467
2639,2495,2567,144
2325,2526,2425,201
2087,1718,1902,369
2214,2509,2361,295
2508,2221,2364,287
2249,2023,2136,226
2655,2467,2561,188
1917,1985,1951,68
2621,2742,2681,121
1996,2312,2154,316
2078,1918,1998,160
2558,2362,2460,196
2491,2338,2414,153
2570,2625,2597,55
2062,1865,1963,197
1943,1547,1745,396
1890,2094,1992,204
2783,2772,2777,11
2414,2494,2454,80
2492,2201,2346,291
2020,1817,1918,203
2628,2783,2705,155
2214,2333,2273,119
2626,2618,2622,8
2578,2427,2502,151
2190,2227,2208,37
2281,2512,2396,231
1759,2152,1955,393
1814,2005,1909,191
2134,2035,2084,99
2439,2402,2420,37
2391,2501,2446,110
2554,2584,2569,30
2554,2542,2548,12
2588,2501,2544,87
2165,2258,2211,93
2631,2647,2639,16
1713,2185,1949,472
2124,2007,2065,117
2426,2034,2230,392
1966,1767,1866,199
2492,2429,2460,63
2009,2377,2193,368
2554,2093,2323,461
2484,2549,2516,65
2056,2285,2170,229
2375,2678,2526,303
2760,2549,2654,211
2039,1869,1954,170
2580,2563,2571,17
2087,2426,2256,339
2264,1809,2036,455
2539,2397,2468,142
2254,2494,2374,240
2650,2578,2614,72
1609,1331,1470,278
1656,1287,1471,369
2809,2757,2783,52
2479,2225,2352,254
2223,2073,2148,150
2483,2367,2425,116
1879,2211,2045,332
1917,2133,2025,216
2411,2211,2311,200
2273,2432,2352,159
2551,2335,2443,216
2172,2023,2097,149
2523,2121,2322,402
2210,2211,2210,1
2523,2605,2564,82
1751,1641,1696,110
2345,2195,2270,150
2667,2509,2588,158
2597,2407,2502,190
2123,2272,2197,149
1261,1601,1431,340
2470,2248,2359,222
1715,2011,1863,296
2155,2344,2249,189
2638,2484,2561,154
2118,2283,2200,165
2286,2084,2185,202
2130,2508,2319,378
1965,2133,2049,168
2427,2358,2392,69
2142,1876,2009,266
2228,2315,2271,87
1927,1763,1845,164
2410,2683,2546,273
2671,2516,2593,155
2102,1727,1914,375
1689,1894,1791,205
2327,2365,2346,38
2596,2277,2436,319
2200,2103,2151,97
2132,2186,2159,54
2104,1908,2006,196
2740,2678,2709,62
2600,2425,2512,175
2193,2442,2317,249
1570,1839,1704,269
2054,2242,2148,188
2345,2542,2443,197
2434,2245,2339,189
1882,2158,2020,276
1948,2316,2132,368
2081,2045,2063,36
1695,1793,1744,98
2401,2246,2323,155
2607,2455,2531,152
1712,1631,1671,81
2553,2586,2569,33
2442,2244,2343,198
1964,2016,1990,52
2151,2579,2365,428
2020,1677,1848,343
2140,1702,1921,438
2436,2377,2406,59
2014,2472,2243,458
1899,1789,1844,110
2634,1884,2259,750
2251,2045,2148,206
2635,2444,2539,191
2053,1792,1922,261
2368,2532,2450,164
2644,2154,2399,490
2369,2197,2283,172
2273,2133,2203,140
2312,2486,2399,174
2571,2349,2460,222
2306,2068,2187,238
2473,2549,2511,76
1526,1738,1632,212
2433,2396,2414,37
2321,2351,2336,30
2221,2587,2404,366
2298,2625,2461,327
1950,2118,2034,168
1847,2034,1940,187
1986,2172,2079,186
1771,1904,1837,133
2404,2201,2302,203
2129,2002,2065,127
1916,1952,1934,36
2524,2484,2504,40
2744,2263,2503,481
2398,2448,2423,50
1893,1992,1942,99
2134,2509,2321,375
2193,2299,2246,106
2277,2423,2350,146
2470,2278,2374,192
1717,2423,2070,706
1775,1601,1688,174
1890,2093,1991,203
2641,2169,2405,472
1996,2125,2060,129
2181,2376,2278,195
2524,2631,2577,107
2734,2631,2682,103
1701,1936,1818,235
2163,2579,2371,416
2381,2124,2252,257
2287,2354,2320,67
2106,1786,1946,320
2103,2105,2104,2
2494,2207,2350,287
2102,2158,2130,56
2049,1817,1933,232
2338,2245,2291,93
2130,1907,2018,223
2613,2671,2642,58
1980,1634,1807,346
2508,2371,2439,137
1975,2163,2069,188
2000,2329,2164,329
2005,1907,1956,98
2023,2098,2060,75
2633,2456,2544,177
1516,1504,1510,12
2094,2274,2184,180
2089,2222,2155,133
2043,1641,1842,402
2018,2064,2041,46
2115,2517,2316,402
1887,2081,1984,194
2494,2597,2545,103
2086,1965,2025,121
2104,1751,1927,353
2138,2567,2352,429
1962,2153,2057,191
2379,2239,2309,140
1698,1939,1818,241
2397,2578,2487,181
2430,2432,2431,2
2529,2279,2404,250
2409,2391,2400,18
2101,2006,2053,95
1944,2022,1983,78
2628,2791,2709,163
2025,2015,2020,10
2222,2397,2309,175
2355,2273,2314,82
2408,2319,2363,89
2723,2637,2680,86
2222,2293,2257,71
2449,2299,2374,150
2090,1818,1954,272
2267,1996,2131,271
2600,2538,2569,62
2295,2505,2400,210
2313,2476,2394,163
2455,2611,2533,156
2116,2443,2279,327
2409,2304,2356,105
2351,2536,2443,185
2472,2611,2541,139
2339,2103,2221,236
2005,2503,2254,498
1645,2002,1823,357
2615,2384,2499,231
2270,2489,2379,219
1941,2517,2229,576
2343,2323,2333,20
1857,1601,1729,256
1861,2281,2071,420
2399,2608,2503,209
2599,2709,2654,110
1571,1818,1694,247
2295,2454,2374,159
2486,2182,2334,304
2571,2063,2317,508
2532,2436,2484,96
2760,2762,2761,2
1793,2224,2008,431
1981,2163,2072,182
2394,2256,2325,138
2095,2308,2201,213
2446,2503,2474,57
2145,2046,2095,99
1896,2229,2062,333
2031,2079,2055,48
2332,2523,2427,191
2246,1985,2115,261
2300,1973,2136,327
2618,2433,2525,185
2263,1835,2049,428
2564,2674,2619,110
2016,2118,2067,102
2371,2146,2258,225
2287,2214,2250,73
2129,1843,1986,286
2106,2024,2065,82
2529,2409,2469,120
2166,2174,2170,8
2523,1742,2132,781
2403,2559,2481,156
2336,1991,2163,345
1687,1396,1541,291
1788,1904,1846,116
2549,2633,2591,84
2419,2157,2288,262
2241,2403,2322,162
2090,1715,1902,375
1616,2025,1820,409
2236,2143,2189,93
2082,2281,2181,199
1880,2033,1956,153
2330,1991,2160,339
2267,1962,2114,305
2240,2315,2277,75
2106,2298,2202,192
2485,2374,2429,111
2517,2477,2497,40
2688,2623,2655,65
2024,1835,1929,189
2370,1959,2164,411
1950,2097,2023,147
2468,2603,2535,135
2411,2251,2331,160
1937,2167,2052,230
2388,2518,2453,130
1993,2495,2244,502
2313,1753,2033,560
2459,2284,2371,175
2506,2396,2451,110
1981,1897,1939,84
2334,2288,2311,46
2664,2737,2700,73
2455,2539,2497,84
2182,2048,2115,134
2304,2102,2203,202
1970,2428,2199,458
1967,2161,2064,194
2330,2389,2359,59
2072,2336,2204,264
2492,2141,2316,351
2176,1735,1955,441
2386,2297,2341,89
2529,2422,2475,107
1974,2106,2040,132
2539,2343,2441,196
1721,2105,1913,384
2672,2638,2655,34
2536,2358,2447,178
2421,2451,2436,30
2564,2258,2411,306
2427,2074,2250,353
2064,2346,2205,282
1773,1875,1824,102
1657,1865,1761,208
2428,2237,2332,191
2291,2118,2204,173
1841,2112,1976,271
1964,2213,2088,249
2223,2255,2239,32
2095,2004,2049,91
2068,1994,2031,74
2353,2468,2410,115
2275,1969,2122,306
2369,2196,2282,173
2002,2112,2057,110
2174,1889,2031,285
2063,2449,2256,386
2235,2308,2271,73
2323,2565,2444,242
2291,2223,2257,68
2661,2627,2644,34
2124,2186,2155,62
2447,2498,2472,51
2182,2483,2332,301
2176,1968,2072,208
1656,2064,1860,408
2065,2347,2206,282
2134,1972,2053,162
1623,1548,1585,75
1743,2158,1950,415
2557,2514,2535,43
2130,2034,2082,96
2156,1946,2051,210
2610,2784,2697,174
2244,2087,2165,157
2148,2127,2137,21
2558,2324,2441,234
2106,2216,2161,110
2007,2206,2106,199
1919,2391,2155,472
1866,1752,1809,114
2461,2518,2489,57
2240,2563,2401,323
2253,2298,2275,45
2472,2229,2350,243
1523,1931,1727,408
1622,2425,2023,803
2496,2429,2462,67
2197,2232,2214,35
1587,1342,1464,245
2366,2308,2337,58
2027,2226,2126,199
2280,2318,2299,38
1748,2167,1957,419
2545,2404,2474,141
2274,1706,1990,568
2380,2551,2465,171
2724,2689,2706,35
1789,2392,2090,603
1811,2221,2016,410
1921,1675,1798,246
2618,2709,2663,91
2408,2257,2332,151
2572,2471,2521,101
2296,1979,2137,317
1929,1681,1805,248
2273,1942,2107,331
2378,2203,2290,175
2389,2127,2258,262
2606,2341,2473,265
2496,2454,2475,42
2192,2034,2113,158
2376,2422,2399,46
2282,2614,2448,332
2406,2194,2300,212
2608,2495,2551,113
2317,2316,2316,1
2577,2215,2396,362
2618,2546,2582,72
2633,2782,2707,149
2180,1908,2044,272
1928,1878,1903,50
2635,2315,2475,320
2662,2633,2647,29
2352,2233,2292,119
2108,1784,1946,324
2520,2685,2602,165
1599,1964,1781,365
2323,2508,2415,185
2040,2243,2141,203
2227,2477,2352,250
2509,2236,2372,273
2631,2742,2686,111
2428,2346,2387,82
1747,2561,2154,814
2318,2452,2385,134
1921,2172,2046,251
2133,2589,2361,456
2407,2238,2322,169
1928,1629,1778,299
2251,2539,2395,288
2616,2416,2516,200
2071,1942,2006,129
2423,2257,2340,166
2014,2256,2135,242
2124,2054,2089,70
2543,2393,2468,150
2092,2097,2094,5
2303,2098,2200,205
2568,2205,2386,363
1912,2363,2137,451
2371,2115,2243,256
2330,2598,2464,268
2786,2598,2692,188
2346,2493,2419,147
1992,1964,1978,28
2269,2095,2182,174
2253,2443,2348,190
2102,2201,2151,99
2006,2204,2105,198
2557,2373,2465,184
1968,1664,1816,304
2543,2465,2504,78
1780,1956,1868,176
2220,1943,2081,277
2015,2337,2176,322
2306,2496,2401,190
2367,2114,2240,253
2047,2477,2262,430
2161,1973,2067,188
2229,2155,2192,74
2389,2211,2300,178
1983,2075,2029,92
2274,2212,2243,62
2204,2283,2243,79
2479,1991,2235,488
2380,2707,2543,327
2661,2174,2417,487
2244,2232,2238,12
2227,2117,2172,110
2427,2487,2457,60
2182,1747,1964,435
2417,2081,2249,336
2466,2356,2411,110
2046,1956,2001,90
2111,2312,2211,201
2654,2631,2642,23
2173,1983,2078,190
2427,2229,2328,198
2093,2367,2230,274
2407,2407,2407,0
2510,2425,2467,85
2345,2248,2296,97
2474,2239,2356,235
2066,2263,2164,197
2036,2283,2159,247
1953,2178,2065,225
2486,2415,2450,71
2187,2007,2097,180
1646,1684,1665,38
1825,2092,1958,267
2439,2282,2360,157
2554,2344,2449,210
2084,2485,2284,401
1582,2203,1892,621
2450,2439,2444,11
2365,2273,2319,92
2381,2068,2224,313
1957,1929,1943,28
1973,2177,2075,204
2249,2007,2128,242
2029,1832,1930,197
2364,2053,2208,311
2660,2636,2648,24
1858,2047,1952,189
2557,2587,2572,30
2528,2246,2387,282
2017,2237,2127,220
2113,2094,2103,19
2200,2562,2381,362
2258,2391,2324,133
2111,2161,2136,50
2219,1889,2054,330
2394,2525,2459,131
2137,2049,2093,88
2649,2592,2620,57
2429,2425,2427,4
1906,2476,2191,570
2481,1993,2237,488
2533,2412,2472,121
2660,2562,2611,98
1982,2092,2037,110
2326,2365,2345,39
2214,2258,2236,44
2387,2098,2242,289
2211,2528,2369,317
2182,2308,2245,126
2545,2497,2521,48
2267,2369,2318,102
2546,2617,2581,71
1821,1651,1736,170
2478,2545,2511,67
2093,1975,2034,118
2711,2557,2634,154
2594,2408,2501,186
2378,2177,2277,201
2514,2568,2541,54
2099,2233,2166,134
2364,2054,2209,310
1633,1948,1790,315
1864,2035,1949,171
2586,2477,2531,109
2779,2531,2655,248
2481,2351,2416,130
2427,1913,2170,514
2293,1959,2126,334
1984,2297,2140,313
2272,2105,2188,167
2528,2528,2528,0
2103,1814,1958,289
1937,2118,2027,181
1292,1632,1462,340
2185,2229,2207,44
2611,2582,2596,29
2222,2118,2170,104
2099,2283,2191,184
2187,2384,2285,197
1869,2086,1977,217
2222,2112,2167,110
1849,2002,1925,153
2203,2261,2232,58
2479,2561,2520,82
2554,2456,2505,98
2145,2163,2154,18
2561,2479,2520,82
2398,2591,2494,193
2440,1995,2217,445
2037,2213,2125,176
2564,2647,2605,83
2068,1842,1955,226
2070,2249,2159,179
2262,2605,2433,343
2554,2401,2477,153
2249,2443,2346,194
2297,2074,2185,223
2205,2112,2158,93
1774,2134,1954,360
2415,2292,2353,123
2361,2565,2463,204
2330,2571,2450,241
2349,2554,2451,205
2558,2482,2520,76
1831,2109,1970,278
2588,2175,2381,413
2487,2444,2465,43
2339,2482,2410,143
2102,1877,1989,225
1932,2099,2015,167
2036,2281,2158,245
1968,2117,2042,149
2270,2436,2353,166
2260,2417,2338,157
1994,2088,2041,94
2052,2125,2088,73
2665,2418,2541,247
2179,2403,2291,224
2177,2373,2275,196
2396,2517,2456,121
2515,2624,2569,109
2651,2554,2602,97
2057,2006,2031,51
1885,2194,2039,309
2415,2458,2436,43
2421,2675,2548,254
2626,2536,2581,90
2386,2456,2421,70
2293,2428,2360,135
2059,2324,2191,265
2213,2071,2142,142
2481,2266,2373,215
2583,2444,2513,139
2130,2301,2215,171
1885,2187,2036,302
2203,1983,2093,220
2079,2389,2234,310
2185,2156,2170,29
2210,2266,2238,56
2056,2355,2205,299
2255,2472,2363,217
2553,2466,2509,87
2074,2008,2041,66
2548,2648,2598,100
2159,2322,2240,163
2147,2601,2374,454
1663,1856,1759,193
1941,1964,1952,23
2359,2375,2367,16
2365,2222,2293,143
2474,2626,2550,152
1852,2128,1990,276
2520,2229,2374,291
1890,1917,1903,27
2403,2576,2489,173
2350,2508,2429,158
2593,2589,2591,4
2477,1911,2194,566
2498,2529,2513,31
2006,1935,1970,71
2303,2018,2160,285
2304,2583,2443,279
2238,1885,2061,353
2523,2424,2473,99
2319,2067,2193,252
1886,1977,1931,91
2147,1788,1967,359
2095,1651,1873,444
2484,2279,2381,205
2158,2529,2343,371
2567,2407,2487,160
2608,2602,2605,6
2266,2001,2133,265
2040,2623,2331,583
2361,2197,2279,164
2625,2455,2540,170
2449,2222,2335,227
2201,2088,2144,113
2119,1993,2056,126
2707,2587,2647,120
2180,2382,2281,202
2643,2554,2598,89
2385,2311,2348,74
2536,2093,2314,443
2223,2028,2125,195
2149,1939,2044,210
2344,2484,2414,140
2169,1873,2021,296
1978,2503,2240,525
1715,2216,1965,501
2347,2209,2278,138
2335,2007,2171,328
2507,2671,2589,164
2118,2587,2352,469
2192,1945,2068,247
2270,1875,2072,395
2226,2392,2309,166
1762,2062,1912,300
2072,1881,1976,191
1849,1756,1802,93
2411,2095,2253,316
2199,1887,2043,312
2498,2604,2551,106
2172,2308,2240,136
2059,2266,2162,207
2349,2086,2217,263
2581,2408,2494,173
2143,1766,1954,377
1978,2107,2042,129
1799,2165,1982,366
2335,2226,2280,109
2221,2169,2195,52
2237,2463,2350,226
2421,2054,2237,367
2585,1914,2249,671
2059,2287,2173,228
2092,2366,2229,274
2351,2485,2418,134
2357,2435,2396,78
2212,2403,2307,191
2317,2649,2483,332
1699,2365,2032,666
2526,2314,2420,212
2367,2185,2276,182
2514,2607,2560,93
2549,2375,2462,174
2368,2114,2241,254
2092,2137,2114,45
2019,2074,2046,55
2579,2193,2386,386
2265,2087,2176,178
2411,2166,2288,245
2594,2515,2554,79
2469,2304,2386,165
2522,2602,2562,80
2355,1768,2061,587
1870,2158,2014,288
2035,2209,2122,174
2299,2102,2200,197
2448,2552,2500,104
1688,2092,1890,404
2008,2248,2128,240
2040,2183,2111,143
1417,1861,1639,444
2195,1753,1974,442
2436,2559,2497,123
2029,2105,2067,76
2425,2422,2423,3
2495,2179,2337,316
2776,2767,2771,9
2159,2027,2093,132
2741,2775,2758,34
2205,2412,2308,207
2378,2313,2345,65
1717,1904,1810,187
2282,1544,1913,738
2709,2563,2636,146
2173,1595,1884,578
2431,2401,2416,30
2403,2086,2244,317
2221,1954,2087,267
2338,2612,2475,274
2210,2396,2303,186
2672,2041,2356,631
2213,2029,2121,184
2341,2384,2362,43
2607,2483,2545,124
2406,2491,2448,85
1788,1683,1735,105
2354,2347,2350,7
2226,2233,2229,7
1868,2011,1939,143
2521,2288,2404,233
2298,2445,2371,147
2371,2212,2291,159
2004,1755,1879,249
1915,2071,1993,156
1993,2291,2142,298
2069,2195,2132,126
2237,2086,2161,151
2439,2036,2237,403
2393,2515,2454,122
1951,2224,2087,273
2540,2372,2456,168
2249,2377,2313,128
2471,2469,2470,2
2412,2052,2232,360
2071,2242,2156,171
2392,2402,2397,10
1866,1719,1792,147
2037,2172,2104,135
1961,2107,2034,146
1888,1547,1717,341
2508,2547,2527,39
2117,2226,2171,109
2691,2542,2616,149
2688,2689,2688,1
2246,2312,2279,66
2215,2637,2426,422
1961,1574,1767,387
2262,1865,2063,397
2298,2319,2308,21
2404,2273,2338,131
2139,2263,2201,124
2118,2069,2093,49
1815,1494,1654,321
2602,2589,2595,13
1926,2278,2102,352
2233,2248,2240,15
2480,2526,2503,46
2453,2524,2488,71
2237,2166,2201,71
2343,2571,2457,228
2163,1776,1969,387
1860,1816,1838,44
2120,1705,1912,415
2020,2141,2080,121
2079,1692,1885,387
2278,2567,2422,289
2544,2161,2352,383
2519,2437,2478,82
2561,2304,2432,257
1746,1548,1647,198
1949,2334,2141,385
2250,2329,2289,79
2709,2492,2600,217
2476,2495,2485,19
2227,1955,2091,272
2414,2183,2298,231
2188,2439,2313,251
2470,2465,2467,5
2662,1967,2314,695
2114,1916,2015,198
1984,2064,2024,80
2334,2488,2411,154
1886,2205,2045,319
2420,2218,2319,202
1857,2398,2127,541
2340,2104,2222,236
2129,2119,2124,10
2196,2385,2290,189
2144,2553,2348,409
2557,2331,2444,226
2607,2701,2654,94
2046,1625,1835,421
2475,2546,2510,71
2153,2557,2355,404
1982,2263,2122,281
2340,2359,2349,19
2206,2311,2258,105
2226,2619,2422,393
2182,2715,2448,533
2247,1987,2117,260
2296,2414,2355,118
2019,2271,2145,252
2786,2713,2749,73
2485,2602,2543,117
1992,1797,1894,195
2239,2016,2127,223
2293,1855,2074,438
2080,2484,2282,404
2093,2401,2247,308
2311,2168,2239,143
2227,1846,2036,381
2489,2342,2415,147
2791,2753,2772,38
2577,2613,2595,36
2248,1785,2016,463
2511,2641,2576,130
2148,2473,2310,325
2422,2376,2399,46
2135,2475,2305,340
2338,2346,2342,8
2578,2517,2547,61
2581,2484,2532,97
2255,2001,2128,254
2274,2177,2225,97
2473,2157,2315,316
2576,2284,2430,292
2387,1977,2182,410
2069,2211,2140,142
2381,2246,2313,135
2251,1997,2124,254
2419,2335,2377,84
2144,1677,1910,467
2405,2242,2323,163
2469,2005,2237,464
2331,2162,2246,169
2471,2335,2403,136
2226,2109,2167,117
2241,2104,2172,137
1980,2005,1992,25
2521,2294,2407,227
2455,2371,2413,84
2461,2652,2556,191
2482,2409,2445,73
2159,1966,2062,193
2186,2237,2211,51
2383,2356,2369,27
1758,1948,1853,190
2264,2191,2227,73
1775,2005,1890,230
2471,2179,2325,292
2045,2076,2060,31
2114,2186,2150,72
2508,2467,2487,41
2269,2369,2319,100
2418,2454,2436,36
2312,2436,2374,124
2426,2232,2329,194
2451,2422,2436,29
2308,2013,2160,295
2268,2478,2373,210
1705,2173,1939,468
2299,1947,2123,352
2037,2163,2100,126
1881,2105,1993,224
2414,2274,2344,140
2310,1884,2097,426
2704,2638,2671,66
2185,1845,2015,340
2051,1651,1851,400
2531,2492,2511,39
1514,1592,1553,78
2360,2254,2307,106
2554,1977,2265,577
2528,2445,2486,83
2059,2274,2166,215
2713,2731,2722,18
2406,2445,2425,39
2672,2165,2418,507
1844,1934,1889,90
2631,2644,2637,13
2191,1957,2074,234
2336,2285,2310,51
2050,2013,2031,37
2311,2248,2279,63
2429,2262,2345,167
2421,2037,2229,384
1939,2209,2074,270
2333,2415,2374,82
1959,2107,2033,148
2489,2282,2385,207
2705,2659,2682,46
2083,2158,2120,75
2426,2299,2362,127
2535,2536,2535,1
2196,2296,2246,100
1999,2227,2113,228
2132,2453,2292,321
2340,2376,2358,36
2350,1933,2141,417
2359,2466,2412,107
2544,2458,2501,86
2516,2293,2404,223
2445,2362,2403,83
1706,1879,1792,173
2017,1747,1882,270
2192,2277,2234,85
2084,2195,2139,111
1806,1602,1704,204
2532,2737,2634,205
2548,2575,2561,27
1913,2479,2196,566
2625,2446,2535,179
2356,1937,2146,419
2571,2126,2348,445
2247,2443,2345,196
2541,2243,2392,298
2112,2393,2252,281
2442,2104,2273,338
2574,2311,2442,263
2574,2411,2492,163
2311,2132,2221,179
1984,1864,1924,120
2287,2121,2204,166
2105,2386,2245,281
1714,1278,1496,436
2053,2204,2128,151
2435,2316,2375,119
2499,2407,2453,92
2414,2644,2529,230
2103,2219,2161,116
1936,1853,1894,83
2029,2403,2216,374
2215,2145,2180,70
2539,2386,2462,153
2407,2691,2549,284
2015,1812,1913,203
2565,2526,2545,39
2353,2411,2382,58
1973,2151,2062,178
2320,2526,2423,206
2293,2069,2181,224
2387,1894,2140,493
2462,2482,2472,20
2113,2254,2183,141
2242,2277,2259,35
2575,2235,2405,340
2160,1883,2021,277
2160,2186,2173,26
2682,2101,2391,581
2372,2064,2218,308
2731,2785,2758,54
2261,2323,2292,62
2004,1885,1944,119
2200,2397,2298,197
2512,2501,2506,11
2676,2447,2561,229
2292,2523,2407,231
2702,2705,2703,3
2198,2264,2231,66
1994,1543,1768,451
2558,2067,2312,491
2516,2376,2446,140
1962,1706,1834,256
2150,1841,1995,309
2108,2231,2169,123
1765,2009,1887,244
1963,2137,2050,174
2451,2376,2413,75
2279,2409,2344,130
2638,2665,2651,27
1892,1717,1804,175
2344,2417,2380,73
2607,2496,2551,111
2208,2044,2126,164
1574,1949,1761,375
2552,2454,2503,98
2376,2252,2314,124
2191,2421,2306,230
2150,1864,2007,286
2086,2236,2161,150
2317,2505,2411,188
2256,2511,2383,255
1941,1708,1824,233
2710,2459,2584,251
2200,2501,2350,301
2239,2235,2237,4
2210,2353,2281,143
1977,2123,2050,146
2288,2313,2300,25
2452,2607,2529,155
2693,2664,2678,29
2686,2792,2739,106
2215,2441,2328,226
1773,2036,1904,263
1948,1831,1889,117
2391,2418,2404,27
2653,2473,2563,180
2656,2718,2687,62
2303,2049,2176,254
2617,2518,2567,99
2024,2218,2121,194
1803,2134,1968,331
2413,1958,2185,455
2381,2336,2358,45
2565,2432,2498,133
2017,1738,1877,279
2561,2335,2448,226
2180,2195,2187,15
2331,2515,2423,184
1805,1577,1691,228
1778,2226,2002,448
2353,1857,2105,496
2469,2485,2477,16
2524,2503,2513,21
1957,2119,2038,162
2455,2415,2435,40
2399,2231,2315,168
2052,2364,2208,312
2169,2288,2228,119
2112,2507,2309,395
2013,2059,2036,46
2457,2356,2406,101
2105,2249,2177,144
2471,2386,2428,85
2630,2513,2571,117
2249,2412,2330,163
2112,2445,2278,333
2353,2178,2265,175
2320,2188,2254,132
2334,2135,2234,199
2473,2601,2537,128
2710,2544,2627,166
1627,1775,1701,148
2094,2168,2131,74
2104,2335,2219,231
1372,1785,1578,413
2302,1927,2114,375
1587,2199,1893,612
2096,1894,1995,202
2345,2577,2461,232
2478,2558,2518,80
2530,2225,2377,305
2684,2632,2658,52
1999,2365,2182,366
2456,2367,2411,89
1909,2095,2002,186
2032,1892,1962,140
2308,2112,2210,196
1950,2273,2111,323
2258,2179,2218,79
1782,2018,1900,236
2461,2229,2345,232
2347,2655,2501,308
2440,2707,2573,267
2275,2402,2338,127
2523,2364,2443,159
2302,2491,2396,189
2651,2636,2643,15
2145,1886,2015,259
1817,2006,1911,189
2308,1971,2139,337
2150,2358,2254,208
2338,2314,2326,24
1941,1574,1757,367
2224,2334,2279,110
2031,1995,2013,36
1912,2227,2069,315
2308,2273,2290,35
2287,2373,2330,86
1785,2243,2014,458
1917,2103,2010,186
2691,2605,2648,86
2007,2356,2181,349
2228,2081,2154,147
2542,2107,2324,435
2249,2489,2369,240
2275,2484,2379,209
2131,2162,2146,31
2276,2399,2337,123
2315,1916,2115,399
2423,2434,2428,11
2429,2546,2487,117
2117,1904,2010,213
2120,2335,2227,215
2489,2549,2519,60
2099,1828,1963,271
2396,2235,2315,161
1910,2412,2161,502
2056,2154,2105,98
1951,2179,2065,228
2281,2718,2499,437
2315,2398,2356,83
2594,2678,2636,84
2457,2113,2285,344
2278,2094,2186,184
2494,2461,2477,33
2253,2482,2367,229
2539,2326,2432,213
2600,2539,2569,61
2054,2532,2293,478
2451,2215,2333,236
2775,2695,2735,80
2071,2158,2114,87
2099,1892,1995,207
2485,2627,2556,142
1827,1317,1572,510
2626,2574,2600,52
2105,2105,2105,0
2494,2378,2436,116
2231,2309,2270,78
2427,2642,2534,215
1302,1591,1446,289
2179,1923,2051,256
1904,1966,1935,62
2308,2182,2245,126
1923,2095,2009,172
2146,2512,2329,366
2309,2406,2357,97
2390,2055,2222,335
2501,2382,2441,119
2214,2111,2162,103
2428,2554,2491,126
2636,2668,2652,32
2432,2553,2492,121
1940,2453,2196,513
2518,2405,2461,113
2526,2369,2447,157
2405,2342,2373,63
2390,2187,2288,203
1487,1615,1551,128
2441,2483,2462,42
2033,1928,1980,105
2014,2125,2069,111
2473,2397,2435,76
2549,2575,2562,26
1948,2123,2035,175
2423,2227,2325,196
2060,2242,2151,182
2137,2292,2214,155
1628,2098,1863,470
2026,2132,2079,106
2277,2176,2226,101
1908,2166,2037,258
1761,1617,1689,144
1880,2133,2006,253
2390,2468,2429,78
2103,2474,2288,371
1873,2376,2124,503
2253,2322,2287,69
2583,2396,2489,187
2094,1902,1998,192
2691,2237,2464,454
2250,2493,2371,243
1388,1928,1658,540
2265,2238,2251,27
1881,1631,1756,250
1772,2649,2210,877
2249,2131,2190,118
2407,2549,2478,142
2367,2231,2299,136
2603,2591,2597,12
1898,1806,1852,92
1843,2138,1990,295
2396,2089,2242,307
2428,1937,2182,491
2214,2183,2198,31
2404,2543,2473,139
1917,2385,2151,468
2106,2404,2255,298
2415,2472,2443,57
1945,1752,1848,193
2597,2666,2631,69
2338,2581,2459,243
2268,2108,2188,160
2380,2092,2236,288
2499,2249,2374,250
2027,2017,2022,10
1973,1949,1961,24
2495,2401,2448,94
2293,2116,2204,177
2384,2495,2439,111
2540,2598,2569,58
1838,2113,1975,275
2227,2411,2319,184
2047,2094,2070,47
1987,2438,2212,451
2358,2217,2287,141
2178,2386,2282,208
2475,2182,2328,293
2150,2381,2265,231
2749,2769,2759,20
2524,2257,2390,267
2310,2443,2376,133
2217,1943,2080,274
2275,2233,2254,42
2416,2254,2335,162
2089,1707,1898,382
2297,2446,2371,149
2602,2688,2645,86
2223,2157,2190,66
1852,1765,1808,87
1736,1776,1756,40
2164,2303,2233,139
2256,1939,2097,317
2730,2753,2741,23
2525,2274,2399,251
2338,2249,2293,89
2417,2228,2322,189
2517,2549,2533,32
2345,2569,2457,224
2018,2341,2179,323
2726,2613,2669,113
2058,1953,2005,105
2385,2312,2348,73
2246,2092,2169,154
2441,2567,2504,126
2533,2266,2399,267
1956,1943,1949,13
2522,2247,2384,275
1913,2142,2027,229
2486,1856,2171,630
2661,2545,2603,116
2037,2164,2100,127
2349,2366,2357,17
2278,2325,2301,47
2325,2248,2286,77
1893,2453,2173,560
2600,2359,2479,241
2104,2332,2218,228
2564,2505,2534,59
2174,2235,2204,61
2401,2433,2417,32
2213,1994,2103,219
1640,1598,1619,42
1634,1781,1707,147
2300,2528,2414,228
2196,2039,2117,157
1716,2306,2011,590
1795,1933,1864,138
1872,1735,1803,137
2223,2018,2120,205
1654,1919,1786,265
1907,2327,2117,420
2234,2107,2170,127
2271,2102,2186,169
1417,1307,1362,110
2322,2223,2272,99
2538,2529,2533,9
1798,1646,1722,152
2325,2117,2221,208
1732,2222,1977,490
2618,2503,2560,115
2526,1987,2256,539
2549,2549,2549,0
1993,2268,2130,275
2166,2229,2197,63
1882,2082,1982,200
2085,2392,2238,307
1926,1967,1946,41
2492,2134,2313,358
2490,2583,2536,93
2744,2712,2728,32
2604,2717,2660,113
2197,2396,2296,199
2132,1861,1996,271
2367,2078,2222,289
2020,2257,2138,237
2040,2118,2079,78
2491,2291,2391,200
2195,2026,2110,169
2001,1883,1942,118
2311,2185,2248,126
1944,1927,1935,17
2275,1928,2101,347
2081,1924,2002,157
2559,2546,2552,13
2433,2131,2282,302
2499,2569,2534,70
2455,2278,2366,177
2433,2242,2337,191
2109,2058,2083,51
2399,2245,2322,154
2018,2301,2159,283
2117,1797,1957,320
2023,2337,2180,314
2195,1955,2075,240
2531,2336,2433,195
2307,2303,2305,4
2116,2292,2204,176
2164,1908,2036,256
2448,2143,2295,305
1843,1738,1790,105
2187,2276,2231,89
2509,2434,2471,75
2166,1525,1845,641
2055,1819,1937,236
2461,2426,2443,35
2269,1985,2127,284
2270,2003,2136,267
1929,1817,1873,112
2315,2244,2279,71
2309,2079,2194,230
2285,2008,2146,277
2268,2537,2402,269
2280,1915,2097,365
2029,2267,2148,238
2445,2433,2439,12
2455,2638,2546,183
2090,1812,1951,278
2638,2244,2441,394
2137,2291,2214,154
2365,2604,2484,239
2464,2618,2541,154
2486,2609,2547,123
2180,2475,2327,295
2653,2613,2633,40
2430,2073,2251,357
2422,2247,2334,175
2178,2464,2321,286
1812,1859,1835,47
2020,2287,2153,267
2125,2318,2221,193
2073,2077,2075,4
2723,2674,2698,49
1990,1879,1934,111
2384,1838,2111,546
2268,2154,2211,114
2221,2059,2140,162
1993,2129,2061,136
2410,1931,2170,479
2257,2103,2180,154
1949,2355,2152,406
2304,2505,2404,201
2466,2299,2382,167
2632,2693,2662,61
2304,2083,2193,221
2212,1973,2092,239
2070,2134,2102,64
2681,2556,2618,125
1992,2455,2223,463
2270,2051,2160,219
2731,2753,2742,22
2386,2518,2452,132
2051,2183,2117,132
2391,2408,2399,17
2545,2377,2461,168
2391,2245,2318,146
2154,2003,2078,151
2639,2496,2567,143
2163,2143,2153,20
2083,2308,2195,225
2509,2467,2488,42
2557,2092,2324,465
2306,2039,2172,267
2060,1841,1950,219
2132,2252,2192,120
1977,2069,2023,92
2431,2173,2302,258
1926,2116,2021,190
2206,2356,2281,150
2592,2512,2552,80
1956,2213,2084,257
2553,1971,2262,582
2593,2448,2520,145
1624,2004,1814,380
2261,2153,2207,108
2424,2363,2393,61
2454,2376,2415,78
2639,2144,2391,495
2049,2336,2192,287
2291,2286,2288,5
2703,2783,2743,80
2341,2214,2277,127
2492,2486,2489,6
2363,2018,2190,345
2361,2455,2408,94
2570,2544,2557,26
2365,2558,2461,193
2497,2447,2472,50
2300,2362,2331,62
2558,2244,2401,314
2172,2012,2092,160
2026,2353,2189,327
1735,1996,1865,261
2476,2239,2357,237
2555,2378,2466,177
2101,2287,2194,186
2649,2522,2585,127
2360,2327,2343,33
2257,2281,2269,24
2357,2273,2315,84
1609,1785,1697,176
2432,2279,2355,153
2495,2439,2467,56
2200,2127,2163,73
2024,1877,1950,147
2380,2223,2301,157
2061,1778,1919,283
2362,2231,2296,131
2245,2163,2204,82
2347,2559,2453,212
1769,1971,1870,202
2143,2217,2180,74
1978,2254,2116,276
2426,2614,2520,188
2534,2291,2412,243
2257,2057,2157,200
2039,2197,2118,158
2274,2115,2194,159
1872,2021,1946,149
2549,2424,2486,125
2225,2117,2171,108
1910,2053,1981,143
2464,2648,2556,184
2243,2441,2342,198
1971,2086,2028,115
2159,2021,2090,138
2519,2199,2359,320
2198,2036,2117,162
2152,2306,2229,154
2450,2314,2382,136
1745,1973,1859,228
1942,2214,2078,272
1744,2121,1932,377
2360,2381,2370,21
2377,2293,2335,84
2325,2086,2205,239
1628,1705,1666,77
2046,2408,2227,362
2286,1817,2051,469
2488,2388,2438,100
2386,2093,2239,293
2258,2472,2365,214
2566,2489,2527,77
2177,2188,2182,11
2048,2526,2287,478
2259,1917,2088,342
2354,2265,2309,89
2123,1569,1846,554
2500,2459,2479,41
2341,2288,2314,53
2423,2043,2233,380
2370,2379,2374,9
1876,1925,1900,49
2081,2171,2126,90
2674,2328,2501,346
2573,2351,2462,222
2301,2187,2244,114
2304,2145,2224,159
2387,2434,2410,47
2221,2449,2335,228
2254,2241,2247,13
2470,2384,2427,86
2436,2539,2487,103
1533,2173,1853,640
2333,2263,2298,70
2244,2401,2322,157
1919,2175,2047,256
2429,2707,2568,278
2185,1808,1996,377
2392,1952,2172,440
2567,2179,2373,388
2530,2667,2598,137
1792,1537,1664,255
2536,2483,2509,53
2205,2329,2267,124
2295,1959,2127,336
2218,2252,2235,34
2563,2429,2496,134
2266,1997,2131,269
1882,1971,1926,89
2363,2451,2407,88
2343,2081,2212,262
1940,2056,1998,116
2690,2591,2640,99
2441,2536,2488,95
2270,2028,2149,242
2295,2016,2155,279
2495,2499,2497,4
2043,2067,2055,24
2073,2296,2184,223
2552,2247,2399,305
2210,2451,2330,241
2242,2488,2365,246
2570,2417,2493,153
1990,1844,1917,146
2642,2307,2474,335
2193,1895,2044,298
1881,2144,2012,263
2177,2325,2251,148
2468,2715,2591,247
2091,1841,1966,250
2346,2285,2315,61
2082,2218,2150,136
2493,2586,2539,93
2568,2398,2483,170
2531,2499,2515,32
2716,2335,2525,381
2062,2281,2171,219
2205,2415,2310,210
2452,2537,2494,85
2449,2399,2424,50
2285,2167,2226,118
2413,2415,2414,2
1793,2131,1962,338
2451,2276,2363,175
2065,2008,2036,57
1676,1928,1802,252
2382,2377,2379,5
2375,2201,2288,174
1860,1999,1929,139
2700,2609,2654,91
2430,2291,2360,139
2271,2085,2178,186
2174,2292,2233,118
1841,2082,1961,241
2372,2176,2274,196
2347,2288,2317,59
2355,2664,2509,309
2312,1827,2069,485
1432,1287,1359,145
2634,2624,2629,10
1865,1783,1824,82
2345,2418,2381,73
1837,2047,1942,210
2156,2545,2350,389
2146,2208,2177,62
2554,2603,2578,49
2402,2482,2442,80
2140,2326,2233,186
2481,2395,2438,86
1830,2037,1933,207
2258,2178,2218,80
2145,2215,2180,70
2121,2256,2188,135
1899,2508,2203,609
2335,2356,2345,21
2714,2627,2670,87
2471,2661,2566,190
2223,2293,2258,70
2270,2301,2285,31
1983,1775,1879,208
1686,1869,1777,183
2290,2603,2446,313
2360,2356,2358,4
2053,1913,1983,140
2595,2598,2596,3
2327,2073,2200,254
2159,2374,2266,215
2264,2346,2305,82
2011,2228,2119,217
2191,1972,2081,219
2122,2506,2314,384
2655,2428,2541,227
2815,2771,2793,44
2586,2323,2454,263
2095,1757,1926,338
2204,2044,2124,160
1948,2187,2067,239
2133,2304,2218,171
2317,2236,2276,81
2288,2123,2205,165
2550,2603,2576,53
1996,2615,2305,619
2598,2581,2589,17
1974,1784,1879,190
2537,2404,2470,133
2312,2506,2409,194
2114,1955,2034,159
1769,1591,1680,178
1559,2145,1852,586
2341,2328,2334,13
2213,2325,2269,112
2242,2406,2324,164
2198,2437,2317,239
2071,2438,2254,367
2196,2263,2229,67
2256,2469,2362,213
2353,2295,2324,58
2568,2534,2551,34
1574,1635,1604,61
2215,2343,2279,128
2211,2365,2288,154
2376,2018,2197,358
2485,2271,2378,214
2148,1852,2000,296
2555,2472,2513,83
1827,2157,1992,330
2131,1988,2059,143
1921,1396,1658,525
2491,2372,2431,119
1992,2196,2094,204
2383,2476,2429,93
2483,2457,2470,26
1366,1894,1630,528
2286,2337,2311,51
2665,2637,2651,28
2682,2611,2646,71
2618,2097,2357,521
2116,2001,2058,115
2130,1348,1739,782
1791,2083,1937,292
2397,2389,2393,8
2514,2303,2408,211
2109,2071,2090,38
2240,2325,2282,85
2787,2644,2715,143
2290,2007,2148,283
2016,1831,1923,185
2467,2421,2444,46
2713,2614,2663,99
2208,2305,2256,97
2531,2283,2407,248
1945,2117,2031,172
1529,1901,1715,372
2209,2501,2355,292
2693,2612,2652,81
2288,2335,2311,47
2018,2165,2091,147
2084,2211,2147,127
2384,2352,2368,32
2184,2156,2170,28
2219,2129,2174,90
2471,2788,2629,317
2498,2712,2605,214
1871,2117,1994,246
2141,2312,2226,171
1844,1939,1891,95
2466,2472,2469,6
2221,1941,2081,280
2122,2479,2300,357
2218,1929,2073,289
2248,2082,2165,166
2109,2431,2270,322
2476,2353,2414,123
2440,2254,2347,186
2437,2421,2429,16
2663,2602,2632,61
2260,2068,2164,192
2178,2188,2183,10
2527,2006,2266,521
2532,2124,2328,408
2214,2111,2162,103
2075,1913,1994,162
1676,1934,1805,258
2256,2067,2161,189
2369,2471,2420,102
2591,2649,2620,58
2419,2641,2530,222
2462,2586,2524,124
2340,2223,2281,117
2537,2229,2383,308
2138,1903,2020,235
2141,2039,2090,102
2047,2234,2140,187
2177,2137,2157,40
1864,2141,2002,277
2431,2481,2456,50
2566,2623,2594,57
2260,2399,2329,139
1544,1587,1565,43
2337,2414,2375,77
2273,2478,2375,205
2509,2501,2505,8
2477,2461,2469,16
2382,1762,2072,620
2472,2544,2508,72
1735,2051,1893,316
1928,2079,2003,151
2469,2685,2577,216
2241,2255,2248,14
2587,2244,2415,343
2358,2384,2371,26
2305,2477,2391,172
2560,2555,2557,5
2401,2504,2452,103
1999,2274,2136,275
2426,2018,2222,408
2332,2299,2315,33
2131,2359,2245,228
2163,1937,2050,226
1881,1701,1791,180
2515,2354,2434,161
2086,2302,2194,216
2421,2578,2499,157
1987,2433,2210,446
2007,2323,2165,316
2199,2437,2318,238
2235,2437,2336,202
2182,2491,2336,309
2333,2538,2435,205
2368,2506,2437,138
2217,2439,2328,222
2283,2564,2423,281
2285,2414,2349,129
2321,2511,2416,190
2566,2482,2524,84
2758,2724,2741,34
2199,2006,2102,193
2324,2135,2229,189
2085,1812,1948,273
2552,2489,2520,63
1906,2021,1963,115
2592,2617,2604,25
2668,2747,2707,79
2678,2702,2690,24
1938,2291,2114,353
1960,1718,1839,242
2394,2006,2200,388
2263,2539,2401,276
2214,2608,2411,394
2297,2244,2270,53
1958,2499,2228,541
2144,1885,2014,259
2653,2723,2688,70
2326,2181,2253,145
2733,2465,2599,268
2194,2067,2130,127
2342,2412,2377,70
1886,1718,1802,168
1964,1896,1930,68
2313,2167,2240,146
2492,2282,2387,210
2514,2627,2570,113
2460,2595,2527,135
2572,2257,2414,315
1982,2227,2104,245
2097,2222,2159,125
1958,2103,2030,145
2204,2113,2158,91
2319,2175,2247,144
2320,2385,2352,65
2022,2047,2034,25
2168,1927,2047,241
1935,2108,2021,173
2429,2544,2486,115
2060,1869,1964,191
1761,1897,1829,136
2142,1917,2029,225
2582,2614,2598,32
2194,2579,2386,385
2114,2268,2191,154
2119,2457,2288,338
2456,2484,2470,28
2429,2447,2438,18
2004,2437,2220,433
1651,2186,1918,535
2205,2573,2389,368
1816,2182,1999,366
1756,2108,1932,352
2179,2128,2153,51
2100,2412,2256,312
2227,2118,2172,109
2731,2731,2731,0
1971,2384,2177,413
1986,2182,2084,196
2062,2104,2083,42
2283,1886,2084,397
2317,2285,2301,32
1796,2308,2052,512
2347,2455,2401,108
2163,2031,2097,132
2298,2262,2280,36
2044,2167,2105,123
2403,2233,2318,170
2526,2313,2419,213
2627,2291,2459,336
2163,1935,2049,228
1929,1546,1737,383
2124,2012,2068,112
2245,1854,2049,391
2235,2073,2154,162
2081,2181,2131,100
2203,2107,2155,96
2352,2355,2353,3
2270,2311,2290,41
2230,2258,2244,28
2381,2449,2415,68
2607,2753,2680,146
1971,1907,1939,64
2404,2214,2309,190
2569,2441,2505,128
2135,2261,2198,126
2713,2717,2715,4
2426,2458,2442,32
2450,2535,2492,85
2271,2202,2236,69
2777,2616,2696,161
2085,1914,1999,171
2610,2542,2576,68
2549,2411,2480,138
1808,2114,1961,306
2514,2514,2514,0
2388,2196,2292,192
2491,2528,2509,37
2499,2232,2365,267
2426,2543,2484,117
2615,2701,2658,86
2837,2738,2787,99
2310,2495,2402,185
2226,2404,2315,178
2281,2479,2380,198
2131,2521,2326,390
2050,2291,2170,241
2224,2394,2309,170
1612,1643,1627,31
2368,2096,2232,272
2386,2314,2350,72
2385,2094,2239,291
2536,2049,2292,487
2356,1788,2072,568
2657,1988,2322,669
2425,2575,2500,150
2466,2423,2444,43
2496,2535,2515,39
2196,2299,2247,103
2260,2304,2282,44
2429,2386,2407,43
2588,2505,2546,83
2419,2562,2490,143
1948,1866,1907,82
1976,1664,1820,312
2666,2595,2630,71
1767,2005,1886,238
2202,2296,2249,94
2349,2461,2405,112
2301,2498,2399,197
2046,1933,1989,113
1498,1757,1627,259
2029,2229,2129,200
2079,2023,2051,56
2399,2305,2352,94
2048,1935,1991,113
2518,2529,2523,11
2480,2484,2482,4
2211,2377,2294,166
2661,2505,2583,156
2400,2484,2442,84
2409,2399,2404,10
2485,1775,2130,710
2362,2149,2255,213
2596,2569,2582,27
2281,1924,2102,357
2129,2076,2102,53
2108,2344,2226,236
2400,2145,2272,255
2046,2292,2169,246
2493,2517,2505,24
2343,2093,2218,250
2358,2036,2197,322
2342,2559,2450,217
1507,1959,1733,452
1600,1789,1694,189
2611,2521,2566,90
1978,2326,2152,348
1691,1383,1537,308
2622,2549,2585,73
2455,2285,2370,170
2372,2182,2277,190
2486,2242,2364,244
2220,2328,2274,108
2320,2472,2396,152
2224,2305,2264,81
2032,2474,2253,442
2540,2669,2604,129
2147,1981,2064,166
2302,2537,2419,235
2280,2264,2272,16
2059,2209,2134,150
1838,2132,1985,294
1932,1974,1953,42
2174,2108,2141,66
2426,2697,2561,271
2532,2482,2507,50
2409,2587,2498,178
2204,2107,2155,97
2429,2289,2359,140
2315,2376,2345,61
1966,2361,2163,395
2235,2353,2294,118
2186,1994,2090,192
1683,2127,1905,444
1895,1593,1744,302
2126,2359,2242,233
2705,2618,2661,87
2544,2469,2506,75
2458,2521,2489,63
2596,2501,2548,95
2128,1995,2061,133
1941,1761,1851,180
2326,2387,2356,61
2664,2631,2647,33
2300,2256,2278,44
2384,2683,2533,299
1979,1782,1880,197
2361,2377,2369,16
2133,1919,2026,214
2272,2057,2164,215
2140,1578,1859,562
2602,2068,2335,534
2305,2053,2179,252
2485,2022,2253,463
2195,2586,2390,391
2185,1978,2081,207
1776,1582,1679,194
2637,2538,2587,99
2487,2252,2369,235
2510,2552,2531,42
2551,2517,2534,34
2145,2216,2180,71
2325,2253,2289,72
2404,2239,2321,165
2570,2556,2563,14
2440,2174,2307,266
1951,2182,2066,231
2030,1828,1929,202
2678,2693,2685,15
1897,2008,1952,111
1982,2148,2065,166
2443,2521,2482,78
2470,1968,2219,502
2230,2112,2171,118
2326,2197,2261,129
2316,2258,2287,58
2247,2567,2407,320
2275,2133,2204,142
2472,2582,2527,110
2476,2344,2410,132
1995,2161,2078,166
2406,2202,2304,204
2368,2418,2393,50
2221,2557,2389,336
2165,2489,2327,324
2413,2249,2331,164
2276,2628,2452,352
2275,2204,2239,71
2242,2071,2156,171
2142,1981,2061,161
1917,1692,1804,225
2291,2412,2351,121
2661,2576,2618,85
2125,2475,2300,350
1920,1741,1830,179
2299,1663,1981,636
2006,1923,1964,83
2438,2182,2310,256
2171,2362,2266,191
2586,2713,2649,127
1555,1812,1683,257
2179,2484,2331,305
2034,2246,2140,212
1961,2005,1983,44
1688,1865,1776,177
2084,1578,1831,506
2120,2245,2182,125
2366,2313,2339,53
2511,2616,2563,105
2410,2429,2419,19
1485,1686,1585,201
2390,2016,2203,374
1923,2408,2165,485
2509,2248,2378,261
2486,2389,2437,97
2365,2249,2307,116
2641,2503,2572,138
2055,1786,1920,269
1949,2182,2065,233
2489,2714,2601,225
2282,2158,2220,124
2295,2494,2394,199
2311,2512,2411,201
2048,2271,2159,223
2066,1929,1997,137
2079,2354,2216,275
2391,2231,2311,160
2378,2579,2478,201
2348,2318,2333,30
2051,2488,2269,437
2052,2319,2185,267
1929,2254,2091,325
2552,2378,2465,174
2209,2458,2333,249
2236,2143,2189,93
2058,1799,1928,259
1579,1935,1757,356
2285,2632,2458,347
2108,2315,2211,207
2601,2306,2453,295
2157,2058,2107,99
2079,1959,2019,120
2041,1719,1880,322
2197,2268,2232,71
1358,1845,1601,487
2115,1832,1973,283
2330,2545,2437,215
2464,2563,2513,99
2036,2177,2106,141
2562,2497,2529,65
1869,2031,1950,162
1915,2076,1995,161
2457,2396,2426,61
1979,2238,2108,259
2102,1602,1852,500
2151,2252,2201,101
1810,2242,2026,432
2375,2509,2442,134
2209,2337,2273,128
2482,2221,2351,261
2271,2386,2328,115
2239,2021,2130,218
2410,2098,2254,312
2180,2539,2359,359
2554,2318,2436,236
2195,2261,2228,66
2579,2063,2321,516
1955,1623,1789,332
1723,1914,1818,191
2508,2435,2471,73
2416,2379,2397,37
2399,2069,2234,330
2359,2498,2428,139
1341,1314,1327,27
2092,2193,2142,101
2115,1912,2013,203
2168,2221,2194,53
2785,2736,2760,49
2535,2485,2510,50
2417,2363,2390,54
2182,2291,2236,109
2375,2147,2261,228
2472,2432,2452,40
2392,2362,2377,30
1908,1598,1753,310
2216,2412,2314,196
2101,1575,1838,526
2027,2162,2094,135
2288,2645,2466,357
1963,2139,2051,176
2553,2431,2492,122
2628,2595,2611,33
2444,2258,2351,186
2091,2262,2176,171
2474,2621,2547,147
1992,1711,1851,281
2157,1839,1998,318
2218,1967,2092,251
2222,2215,2218,7
2026,2138,2082,112
2404,2454,2429,50
1943,2449,2196,506
2631,2637,2634,6
2279,2638,2458,359
2474,2307,2390,167
2536,2361,2448,175
2176,2273,2224,97
2673,2541,2607,132
2060,2195,2127,135
2184,2328,2256,144
2332,2056,2194,276
1723,2348,2035,625
2626,2621,2623,5
1772,1853,1812,81
2090,1934,2012,156
2124,2277,2200,153
2363,2162,2262,201
1659,1987,1823,328
2575,2634,2604,59
1962,1909,1935,53
2163,2309,2236,146
2602,2029,2315,573
2171,2225,2198,54
1862,1579,1720,283
2303,2376,2339,73
1965,1902,1933,63
2567,2503,2535,64
2592,2662,2627,70
2235,1967,2101,268
1981,2187,2084,206
2575,2304,2439,271
2670,2185,2427,485
2686,2562,2624,124
2345,2195,2270,150
1855,2379,2117,524
1862,2236,2049,374
1842,2077,1959,235
2567,2577,2572,10
2505,2263,2384,242
2577,2452,2514,125
2651,2673,2662,22
2030,2225,2127,195
1976,2163,2069,187
2001,1979,1990,22
2338,2334,2336,4
2443,2438,2440,5
2140,1999,2069,141
2205,2401,2303,196
2404,2114,2259,290
2225,2047,2136,178
1661,1978,1819,317
1917,2108,2012,191
2298,2136,2217,162
2228,2211,2219,17
2381,2514,2447,133
1866,1748,1807,118
1954,1929,1941,25
2117,2316,2216,199
2562,2353,2457,209
2387,2435,2411,48
2391,2471,2431,80
2465,2684,2574,219
2512,2569,2540,57
2433,2199,2316,234
2142,2245,2193,103
2109,2174,2141,65
2381,2621,2501,240
2455,2052,2253,403
2197,2337,2267,140
2289,1946,2117,343
2639,2578,2608,61
1909,1717,1813,192
2618,2574,2596,44
2619,2456,2537,163
2174,1868,2021,306
2033,2711,2372,678
2451,2278,2364,173
2077,2101,2089,24
2408,2238,2323,170
2187,2206,2196,19
2518,2627,2572,109
1905,2292,2098,387
1684,2523,2103,839
2518,2342,2430,176
2264,2425,2344,161
2358,2526,2442,168
2672,2658,2665,14
2407,2343,2375,64
2196,1958,2077,238
2213,2007,2110,206
2169,1824,1996,345
2532,2373,2452,159
2554,2444,2499,110
2237,2263,2250,26
2581,2299,2440,282
1998,2093,2045,95
2482,2277,2379,205
2195,2204,2199,9
2194,2327,2260,133
2414,2267,2340,147
1934,2238,2086,304
2427,2583,2505,156
2191,1746,1968,445
2045,1663,1854,382
2370,2471,2420,101
2563,2683,2623,120
1570,1723,1646,153
2434,2193,2313,241
2389,2366,2377,23
2109,1941,2025,168
2413,2099,2256,314
2239,2398,2318,159
2073,2234,2153,161
2288,1753,2020,535
2405,1653,2029,752
2064,1795,1929,269
1601,1915,1758,314
2460,2202,2331,258
2718,2494,2606,224
2610,1871,2240,739
1920,2513,2216,593
1920,1598,1759,322
1989,1787,1888,202
2139,2217,2178,78
2769,2698,2733,71
1910,2134,2022,224
2509,2174,2341,335
2214,2057,2135,157
2554,2556,2555,2
2261,2256,2258,5
2718,2581,2649,137
2129,2275,2202,146
2580,2314,2447,266
2076,1784,1930,292
2132,2081,2106,51
2261,1987,2124,274
2502,2563,2532,61
2372,2559,2465,187
2339,2051,2195,288
2363,2448,2405,85
2589,2458,2523,131
2506,2239,2372,267
2291,2129,2210,162
2230,2375,2302,145
2094,2346,2220,252
2171,2364,2267,193
2308,2088,2198,220
1978,1996,1987,18
2178,2366,2272,188
2449,2323,2386,126
2511,2377,2444,134
2186,1798,1992,388
2468,2491,2479,23
2351,2571,2461,220
1968,1873,1920,95
2587,2462,2524,125
2348,2359,2353,11
2224,2456,2340,232
2250,1972,2111,278
2257,2367,2312,110
2255,2451,2353,196
2364,2029,2196,335
2224,2205,2214,19
2056,2284,2170,228
2485,2507,2496,22
2182,2126,2154,56
1754,1848,1801,94
2512,2477,2494,35
1956,2032,1994,76
2318,2206,2262,112
2490,2624,2557,134
1487,1776,1631,289
1593,1878,1735,285
2064,2202,2133,138
2130,2184,2157,54
2327,2217,2272,110
2380,2564,2472,184
2063,2522,2292,459
1824,1641,1732,183
2303,2222,2262,81
2080,1817,1948,263
1716,1722,1719,6
2139,1928,2033,211
2638,2518,2578,120
2477,2207,2342,270
2102,2181,2141,79
2460,2457,2458,3
2222,2402,2312,180
2262,2034,2148,228
2711,2658,2684,53
2205,2275,2240,70
2144,1942,2043,202
1977,2026,2001,49
2233,2295,2264,62
1607,1645,1626,38
2066,1735,1900,331
2202,2359,2280,157
2230,2169,2199,61
2420,2343,2381,77
2416,2449,2432,33
2453,2437,2445,16
2326,2523,2424,197
2469,2097,2283,372
2473,2172,2322,301
2203,2534,2368,331
2534,2387,2460,147
2134,2107,2120,27
2221,2076,2148,145
2223,2246,2234,23
2585,1965,2275,620
2321,2501,2411,180
2172,2113,2142,59
2403,2611,2507,208
1651,1892,1771,241
1996,2166,2081,170
2551,2472,2511,79
2674,2572,2623,102
2028,1977,2002,51
1984,1718,1851,266
2020,2011,2015,9
2089,2262,2175,173
2407,2378,2392,29
2101,1767,1934,334
2732,2769,2750,37
2666,2628,2647,38
2622,2534,2578,88
1755,1905,1830,150
1942,2271,2106,329
2327,1799,2063,528
2508,2202,2355,306
2212,1949,2080,263
2094,2369,2231,275
1607,2367,1987,760
2293,2114,2203,179
2282,1677,1979,605
1819,2509,2164,690
2429,2219,2324,210
1517,1545,1531,28
2308,2352,2330,44
2235,2275,2255,40
2206,1976,2091,230
2520,2213,2366,307
2581,2288,2434,293
2575,2473,2524,102
1777,1604,1690,173
2444,2221,2332,223
2386,2255,2320,131
2308,2349,2328,41
2034,2158,2096,124
2409,2378,2393,31
2054,2206,2130,152
2334,2339,2336,5
2334,2182,2258,152
1957,2019,1988,62
2086,1991,2038,95
2462,2528,2495,66
1946,1696,1821,250
2005,2232,2118,227
2629,2336,2482,293
1802,2143,1972,341
1899,2461,2180,562
1908,2483,2195,575
1694,2035,1864,341
2073,2376,2224,303
2362,2125,2243,237
2397,2616,2506,219
2567,2507,2537,60
2562,2185,2373,377
2086,2571,2328,485
2443,2368,2405,75
1871,1555,1713,316
2427,2036,2231,391
2140,1982,2061,158
2301,2249,2275,52
2108,2383,2245,275
2048,2046,2047,2
2241,2129,2185,112
2379,2635,2507,256
2357,2122,2239,235
2681,2499,2590,182
2483,2609,2546,126
2289,2108,2198,181
2684,2366,2525,318
2387,2219,2303,168
2374,2521,2447,147
2341,2321,2331,20
2237,2117,2177,120
2141,2284,2212,143
2458,2308,2383,150
2602,2539,2570,63
1827,1932,1879,105
2577,2191,2384,386
2622,2665,2643,43
1469,2015,1742,546
2007,2271,2139,264
2373,2592,2482,219
2056,2521,2288,465
1844,2016,1930,172
2340,2321,2330,19
2460,2017,2238,443
1861,1705,1783,156
1909,1836,1872,73
2133,2318,2225,185
1941,2131,2036,190
2379,2089,2234,290
2074,2277,2175,203
2542,2632,2587,90
2418,2427,2422,9
2503,2241,2372,262
1740,1944,1842,204
1730,1948,1839,218
2406,2207,2306,199
2310,2209,2259,101
2229,1968,2098,261
2047,2316,2181,269
2327,2308,2317,19
2135,2295,2215,160
1988,1683,1835,305
2374,2322,2348,52
2472,2627,2549,155
2285,2142,2213,143
2124,1903,2013,221
2528,2438,2483,90
2138,1954,2046,184
2730,2791,2760,61
2741,2647,2694,94
2223,2439,2331,216
2339,2322,2330,17
2034,2061,2047,27
2298,2212,2255,86
2521,2285,2403,236
2287,2411,2349,124
2595,2418,2506,177
2311,1984,2147,327
2709,2581,2645,128
2176,2435,2305,259
1973,1941,1957,32
1976,2201,2088,225
2525,2394,2459,131
2074,2489,2281,415
2493,2448,2470,45
1880,2427,2153,547
1738,2011,1874,273
2543,2556,2549,13
2356,2491,2423,135
1923,1821,1872,102
1676,1907,1791,231
1944,2143,2043,199
2216,2414,2315,198
2356,2036,2196,320
2551,2401,2476,150
2294,2434,2364,140
2250,2392,2321,142
1772,2375,2073,603
2571,2702,2636,131
2229,2138,2183,91
2169,2387,2278,218
2564,2424,2494,140
2236,2236,2236,0
2551,2437,2494,114
2202,2118,2160,84
1818,2098,1958,280
2461,2125,2293,336
2521,2218,2369,303
2231,2373,2302,142
2471,2312,2391,159
2133,1886,2009,247
2265,2079,2172,186
2524,2501,2512,23
1704,1605,1654,99
2300,2293,2296,7
2384,2265,2324,119
2153,2255,2204,102
2482,2502,2492,20
2233,2015,2124,218
2095,2175,2135,80
2442,2309,2375,133
2399,2227,2313,172
2188,2017,2102,171
2063,2234,2148,171
2186,2447,2316,261
2657,2717,2687,60
2378,2592,2485,214
1990,2208,2099,218
2307,2216,2261,91
2214,1879,2046,335
2596,2445,2520,151
2524,2307,2415,217
2117,2235,2176,118
2206,2187,2196,19
2080,1845,1962,235
2479,2712,2595,233
1664,2169,1916,505
2649,2438,2543,211
2614,2423,2518,191
2460,2172,2316,288
2172,1979,2075,193
2557,2178,2367,379
2255,2436,2345,181
2455,2296,2375,159
2382,2599,2490,217
2513,2438,2475,75
2345,2154,2249,191
2304,2454,2379,150
2100,1818,1959,282
1942,2254,2098,312
2026,2224,2125,198
2448,2377,2412,71
2249,2095,2172,154
2319,2115,2217,204
2652,2291,2471,361
2655,2549,2602,106
2004,2309,2156,305
2377,2642,2509,265
2252,2508,2380,256
2538,2547,2542,9
2419,2488,2453,69
2042,2048,2045,6
2620,2713,2666,93
2064,2442,2253,378
1655,2289,1972,634
2559,2326,2442,233
2000,2151,2075,151
2520,2392,2456,128
2317,2257,2287,60
2277,2397,2337,120
1729,1428,1578,301
2362,2205,2283,157
2456,2495,2475,39
1845,2108,1976,263
1893,1367,1630,526
1989,1851,1920,138
2425,2603,2514,178
2304,2229,2266,75
2345,2175,2260,170
2027,1989,2008,38
2305,2545,2425,240
2317,2203,2260,114
1848,1999,1923,151
1926,1893,1909,33
2273,2259,2266,14
2210,1995,2102,215
2516,2381,2448,135
1847,1745,1796,102
2527,2601,2564,74
2196,2077,2136,119
2051,2171,2111,120
2525,2367,2446,158
1808,2265,2036,457
2181,2326,2253,145
2518,2638,2578,120
2067,2487,2277,420
1482,1818,1650,336
2530,2551,2540,21
2560,2609,2584,49
2293,2516,2404,223
2197,2287,2242,90
1994,2298,2146,304
2158,2012,2085,146
2334,2304,2319,30
1730,2048,1889,318
2548,2408,2478,140
2039,1934,1986,105
2368,2345,2356,23
1646,2062,1854,416
2469,2496,2482,27
1697,1626,1661,71
2422,2259,2340,163
2166,1939,2052,227
1702,1947,1824,245
2292,2441,2366,149
2466,2072,2269,394
2362,2515,2438,153
2512,2402,2457,110
2489,1977,2233,512
1866,2082,1974,216
2203,2258,2230,55
2495,2416,2455,79
2056,1883,1969,173
2053,2281,2167,228
1652,1884,1768,232
1572,1743,1657,171
2689,2531,2610,158
2196,2511,2353,315
2584,2566,2575,18
2012,2169,2090,157
2625,2562,2593,63
1868,2148,2008,280
2409,2179,2294,230
2460,2494,2477,34
2183,2347,2265,164
2073,1751,1912,322
2526,2384,2455,142
2449,2383,2416,66
2110,2253,2181,143
1875,1602,1738,273
2347,2189,2268,158
2482,2623,2552,141
2317,1972,2144,345
2320,2471,2395,151
2554,2592,2573,38
1769,2043,1906,274
2600,2442,2521,158
1962,1853,1907,109
2552,2342,2447,210
2289,2278,2283,11
2472,2605,2538,133
2538,2646,2592,108
2391,2375,2383,16
2122,2265,2193,143
2516,2323,2419,193
1712,2008,1860,296
2222,2144,2183,78
2394,2106,2250,288
2011,2165,2088,154
2226,2057,2141,169
2386,2462,2424,76
2237,1952,2094,285
2103,2208,2155,105
2108,1675,1891,433
2346,2431,2388,85
2291,2421,2356,130
2693,2749,2721,56
2274,2069,2171,205
1962,2638,2300,676
2077,1912,1994,165
2115,2441,2278,326
1965,1994,1979,29
1886,2014,1950,128
2002,2366,2184,364
2487,2373,2430,114
2217,2557,2387,340
2032,2049,2040,17
1899,2189,2044,290
2068,2596,2332,528
2539,2268,2403,271
2066,2278,2172,212
2676,2471,2573,205
1778,2455,2116,677
2224,2254,2239,30
2525,2122,2323,403
2419,2669,2544,250
2056,2326,2191,270
2664,2229,2446,435
2561,2709,2635,148
2097,2017,2057,80
2426,2233,2329,193
2032,2287,2159,255
2080,2267,2173,187
2738,2749,2743,11
2463,2337,2400,126
2479,2633,2556,154
2263,2404,2333,141
2540,2424,2482,116
2446,2288,2367,158
2382,2512,2447,130
2183,2062,2122,121
2132,2322,2227,190
2249,2272,2260,23
2419,2287,2353,132
1770,2067,1918,297
2516,2401,2458,115
1892,2297,2094,405
2708,2524,2616,184
2297,2213,2255,84
2355,2072,2213,283
2741,2742,2741,1
2164,2401,2282,237
2586,2415,2500,171
2454,2595,2524,141
2120,2258,2189,138
1398,1291,1344,107
2339,2457,2398,118
2158,2385,2271,227
1888,2115,2001,227
2429,2566,2497,137
2443,2252,2347,191
2506,2356,2431,150
2335,2002,2168,333
2339,2563,2451,224
2124,2417,2270,293
1982,2182,2082,200
2747,2683,2715,64
2108,2286,2197,178
2311,2295,2303,16
2155,2441,2298,286
2298,2318,2308,20
2400,2549,2474,149
2363,2149,2256,214
2358,2132,2245,226
2290,2501,2395,211
2273,2435,2354,162
2487,2248,2367,239
2101,2117,2109,16
2512,2368,2440,144
2671,2437,2554,234
2430,2546,2488,116
2535,2147,2341,388
2237,1956,2096,281
2200,1964,2082,236
2221,2016,2118,205
2463,2213,2338,250
2122,2305,2213,183
2501,2245,2373,256
2529,2001,2265,528
2419,2352,2385,67
2277,2482,2379,205
1973,2184,2078,211
1918,2096,2007,178
2113,2535,2324,422
1926,1844,1885,82
2459,2394,2426,65
1788,1647,1717,141
1563,1716,1639,153
1904,2315,2109,411
2326,2255,2290,71
2628,2579,2603,49
1960,1959,1959,1
2171,2492,2331,321
1944,2188,2066,244
1978,2251,2114,273
2357,2239,2298,118
2191,2275,2233,84
2245,2036,2140,209
2070,1927,1998,143
2252,1965,2108,287
1801,1762,1781,39
2070,1957,2013,113
2342,2483,2412,141
2123,2303,2213,180
2169,1981,2075,188
2059,1922,1990,137
1807,2051,1929,244
2621,2587,2604,34
2328,2148,2238,180
2646,2443,2544,203
2325,2167,2246,158
2263,2109,2186,154
2355,2373,2364,18
2016,1557,1786,459
2149,2202,2175,53
2635,2672,2653,37
2492,2257,2374,235
2190,2406,2298,216
2263,2227,2245,36
2235,2368,2301,133
1685,1863,1774,178
2207,2428,2317,221
1899,2527,2213,628
1852,1628,1740,224
2329,2104,2216,225
1322,1278,1300,44
2065,1822,1943,243
1980,2155,2067,175
2323,2553,2438,230
2153,2478,2315,325
2713,2675,2694,38
1950,2218,2084,268
2264,2503,2383,239
2153,2129,2141,24
2311,1944,2127,367
2086,2116,2101,30
2499,2274,2386,225
2272,2048,2160,224
2119,2229,2174,110
2400,2315,2357,85
2378,2377,2377,1
2275,1845,2060,430
2376,2396,2386,20
2118,2299,2208,181
2125,2258,2191,133
2679,2196,2437,483
2362,2354,2358,8
2395,2508,2451,113
2430,2275,2352,155
2362,2026,2194,336
1954,2157,2055,203
2571,2474,2522,97
2490,2007,2248,483
2430,2506,2468,76
2314,2542,2428,228
2298,2165,2231,133
2149,2344,2246,195
2102,1832,1967,270
2210,1834,2022,376
2137,2002,2069,135
2626,2545,2585,81
2640,2567,2603,73
2393,2345,2369,48
2496,2142,2319,354
2367,2134,2250,233
2212,2489,2350,277
1859,1948,1903,89
2227,2166,2196,61
2241,2367,2304,126
2274,1839,2056,435
2155,2438,2296,283
1865,1828,1846,37
2546,2143,2344,403
2183,2021,2102,162
2004,1848,1926,156
2045,2208,2126,163
2216,2252,2234,36
2437,2351,2394,86
2193,2396,2294,203
1945,2073,2009,128
1913,2252,2082,339
2410,2216,2313,194
2321,2264,2292,57
2549,2301,2425,248
2133,2343,2238,210
2351,2387,2369,36
2271,2348,2309,77
2413,2417,2415,4
2014,2067,2040,53
2354,2561,2457,207
2112,1823,1967,289
2256,2429,2342,173
2379,2358,2368,21
2557,2382,2469,175
2199,2518,2358,319
2607,2527,2567,80
2254,1707,1980,547
2100,2211,2155,111
1992,1809,1900,183
1919,1762,1840,157
2425,2256,2340,169
2434,2558,2496,124
2246,2401,2323,155
2336,2579,2457,243
2299,1776,2037,523
2713,2782,2747,69
2551,2332,2441,219
1861,2171,2016,310
1981,2458,2219,477
1863,2362,2112,499
2386,2682,2534,296
2263,2002,2132,261
2100,1952,2026,148
1621,1477,1549,144
2604,2611,2607,7
2351,2363,2357,12
2366,2239,2302,127
2741,2758,2749,17
2032,2474,2253,442
2368,2604,2486,236
2159,2422,2290,263
2073,2389,2231,316
2627,2504,2565,123
1709,1589,1649,120
2064,2253,2158,189
1951,1598,1774,353
2029,2385,2207,356
2025,1989,2007,36
2436,2032,2234,404
1879,2084,1981,205
2289,2242,2265,47
2423,2224,2323,199
2421,2268,2344,153
2422,2351,2386,71
2123,1944,2033,179
2026,1958,1992,68
1892,2335,2113,443
2548,2557,2552,9
2073,1997,2035,76
2450,2394,2422,56
2168,2249,2208,81
2636,2441,2538,195
2474,2223,2348,251
2117,2069,2093,48
2538,2307,2422,231
1917,1863,1890,54
2359,2276,2317,83
2281,2423,2352,142
2371,2509,2440,138
2503,1826,2164,677
1985,1892,1938,93
2188,2006,2097,182
2321,1985,2153,336
2502,2521,2511,19
2253,2274,2263,21
2496,2196,2346,300
2121,2215,2168,94
2323,2415,2369,92
2425,2477,2451,52
2532,2569,2550,37
2709,2536,2622,173
2368,2304,2336,64
2554,2287,2420,267
2543,2496,2519,47
2180,2219,2199,39
1847,1558,1702,289
2531,2507,2519,24
2395,2392,2393,3
2458,2499,2478,41
2374,2365,2369,9
2013,2128,2070,115
2244,2268,2256,24
2089,1929,2009,160
1783,2247,2015,464
1782,2195,1988,413
2291,2086,2188,205
2295,2451,2373,156
1904,1954,1929,50
2291,2409,2350,118
2120,2003,2061,117
2161,2215,2188,54
1893,2297,2095,404
2207,2386,2296,179
2269,2469,2369,200
2070,2319,2194,249
2256,2014,2135,242
2232,2278,2255,46
1943,1777,1860,166
2285,2208,2246,77
2276,2622,2449,346
2460,2525,2492,65
2449,1891,2170,558
2541,2456,2498,85
2463,2495,2479,32
2039,2056,2047,17
2061,1865,1963,196
2061,1866,1963,195
2098,2269,2183,171
2234,2237,2235,3
2471,2336,2403,135
2050,1919,1984,131
2538,2367,2452,171
2045,2382,2213,337
2518,2634,2576,116
1962,2131,2046,169
2637,2713,2675,76
2504,2306,2405,198
2107,2376,2241,269
2514,2318,2416,196
2598,2335,2466,263
1483,1524,1503,41
1969,2369,2169,400
2602,2741,2671,139
2247,2345,2296,98
2049,1899,1974,150
1831,2111,1971,280
2270,2375,2322,105
2757,2787,2772,30
2632,2484,2558,148
2160,2308,2234,148
2036,2197,2116,161
1860,1993,1926,133
2365,2644,2504,279
2419,2069,2244,350
2002,2126,2064,124
2273,2124,2198,149
2027,1978,2002,49
2157,2271,2214,114
2215,2445,2330,230
2449,2315,2382,134
2092,1945,2018,147
2156,2266,2211,110
2439,1952,2195,487
1674,1905,1789,231
2401,2306,2353,95
1814,1999,1906,185
2333,2231,2282,102
1997,2046,2021,49
2126,2457,2291,331
2033,2132,2082,99
1826,2006,1916,180
2464,2509,2486,45
2229,2406,2317,177
2189,2447,2318,258
2602,2486,2544,116
2316,1882,2099,434
2484,2594,2539,110
2449,2099,2274,350
2224,2038,2131,186
2287,2487,2387,200
2382,2005,2193,377
1611,1286,1448,325
2107,2095,2101,12
2206,2495,2350,289
2565,2546,2555,19
2427,2564,2495,137
2011,2064,2037,53
2250,2265,2257,15
2366,2164,2265,202
2159,2342,2250,183
2523,2516,2519,7
2304,2116,2210,188
2259,1993,2126,266
2211,2272,2241,61
2423,1932,2177,491
2017,2459,2238,442
1849,2267,2058,418
2479,2634,2556,155
2099,2281,2190,182
2323,2461,2392,138
2030,2293,2161,263
2506,2195,2350,311
2380,2314,2347,66
2216,2096,2156,120
2497,2447,2472,50
2630,2616,2623,14
1953,2134,2043,181
2464,2698,2581,234
2225,2274,2249,49
2632,2588,2610,44
2172,2617,2394,445
2375,2037,2206,338
1396,1806,1601,410
2482,2276,2379,206
1793,2522,2157,729
1851,2054,1952,203
2473,2554,2513,81
2473,2407,2440,66
2543,2527,2535,16
2584,2574,2579,10
1658,1849,1753,191
2381,2509,2445,128
1987,2198,2092,211
2118,2351,2234,233
2214,1929,2071,285
2595,2562,2578,33
2264,1514,1889,750
2146,2195,2170,49
2428,2584,2506,156
2217,2124,2170,93
2274,2284,2279,10
2109,1697,1903,412
2416,2382,2399,34
2460,2278,2369,182
1977,2077,2027,100
2320,1873,2096,447
2186,2335,2260,149
1842,2583,2212,741
2307,2039,2173,268
2645,2318,2481,327
2110,1786,1948,324
2574,2648,2611,74
2073,2226,2149,153
2529,2417,2473,112
2557,2629,2593,72
2243,2216,2229,27
2508,2408,2458,100
2517,2294,2405,223
2216,2179,2197,37
2556,2249,2402,307
2236,1852,2044,384
2727,2772,2749,45
2524,2628,2576,104
2339,2078,2208,261
2443,2416,2429,27
2065,2203,2134,138
1846,2244,2045,398
1917,2467,2192,550
2087,2377,2232,290
2239,2088,2163,151
2073,2292,2182,219
2189,1978,2083,211
2003,2138,2070,135
2377,2176,2276,201
2587,2405,2496,182
2404,2159,2281,245
2227,2388,2307,161
1961,2531,2246,570
2514,2602,2558,88
2145,2115,2130,30
2117,2201,2159,84
2164,2135,2149,29
2258,2275,2266,17
2523,2644,2583,121
2654,2445,2549,209
2096,2403,2249,307
2000,1808,1904,192
1849,1808,1828,41
2354,2419,2386,65
2559,2524,2541,35
2417,2655,2536,238
2454,2183,2318,271
1913,1778,1845,135
2282,2135,2208,147
1633,1764,1698,131
1782,1961,1871,179
2101,1966,2033,135
2407,2112,2259,295
2317,2365,2341,48
1948,2364,2156,416
2059,2235,2147,176
2227,1987,2107,240
2081,2216,2148,135
2364,2508,2436,144
2408,2281,2344,127
2486,2452,2469,34
1926,2308,2117,382
2244,2404,2324,160
2320,1981,2150,339
1916,2036,1976,120
2515,2418,2466,97
2389,2126,2257,263
1596,2046,1821,450
2089,2422,2255,333
2027,1955,1991,72
2187,2116,2151,71
2417,2581,2499,164
2515,2277,2396,238
2686,2546,2616,140
2303,2503,2403,200
1678,1885,1781,207
2355,2465,2410,110
2659,2679,2669,20
2189,2451,2320,262
2303,2509,2406,206
1710,1566,1638,144
2213,1835,2024,378
1821,1941,1881,120
2683,2248,2465,435
2071,2269,2170,198
2254,2049,2151,205
2015,1608,1811,407
2257,2496,2376,239
2200,2169,2184,31
1835,1949,1892,114
2455,2021,2238,434
1776,2234,2005,458
2477,2301,2389,176
2239,1959,2099,280
2302,2211,2256,91
2274,2156,2215,118
2206,2364,2285,158
2527,2218,2372,309
2064,1962,2013,102
2188,2399,2293,211
2518,2253,2385,265
2415,2203,2309,212
2060,2208,2134,148
2369,2453,2411,84
2490,2209,2349,281
2048,1942,1995,106
2741,2862,2801,121
2473,2364,2418,109
2327,2449,2388,122
2548,2501,2524,47
2549,2606,2577,57
2279,2641,2460,362
2382,2165,2273,217
2261,2003,2132,258
1747,1912,1829,165
2282,2028,2155,254
2298,1783,2040,515
2084,1875,1979,209
2248,1882,2065,366
1986,2441,2213,455
2337,2034,2185,303
2232,1951,2091,281
2267,2003,2135,264
2013,2305,2159,292
2386,2456,2421,70
2132,1966,2049,166
2350,2262,2306,88
1957,2126,2041,169
1932,2452,2192,520
2276,2395,2335,119
2400,2277,2338,123
1936,1777,1856,159
2002,2232,2117,230
2082,2351,2216,269
2427,2511,2469,84
2018,1996,2007,22
2520,2498,2509,22
2238,1911,2074,327
2133,1709,1921,424
2127,2377,2252,250
2148,1943,2045,205
2586,2383,2484,203
2243,2059,2151,184
2339,2536,2437,197
2382,2129,2255,253
2201,2342,2271,141
2406,2108,2257,298
2002,2205,2103,203
2151,2383,2267,232
1888,2267,2077,379
1825,2203,2014,378
2616,2472,2544,144
1688,1828,1758,140
2183,1872,2027,311
2511,2104,2307,407
2266,2177,2221,89
2007,2146,2076,139
2242,2053,2147,189
2586,2242,2414,344
1767,1923,1845,156
2371,2048,2209,323
2061,2359,2210,298
2498,2271,2384,227
1961,2162,2061,201
2608,2391,2499,217
2557,2387,2472,170
1849,2229,2039,380
1800,2084,1942,284
2393,2564,2478,171
2442,2601,2521,159
2561,2537,2549,24
2463,2713,2588,250
2494,2216,2355,278
2448,2388,2418,60
2565,2204,2384,361
2140,2351,2245,211
2668,2578,2623,90
2347,2229,2288,118
2547,2626,2586,79
2257,2364,2310,107
2653,2707,2680,54
2520,2125,2322,395
2491,2427,2459,64
2144,2153,2148,9
2373,1963,2168,410
2112,1779,1945,333
2646,2543,2594,103
2422,2583,2502,161
2291,2556,2423,265
2368,2099,2233,269
2111,2094,2102,17
1361,1684,1522,323
2486,2232,2359,254
1803,2116,1959,313
2270,2142,2206,128
2319,2527,2423,208
2708,2482,2595,226
1982,1879,1930,103
2282,2133,2207,149
2531,2354,2442,177
2793,2767,2780,26
2401,2165,2283,236
2226,2107,2166,119
2467,2561,2514,94
2278,2197,2237,81
2700,2485,2592,215
2375,2375,2375,0
2166,1915,2040,251
1610,1544,1577,66
2075,2457,2266,382
2205,2415,2310,210
2089,2064,2076,25
2035,1863,1949,172
2413,2198,2305,215
2343,2396,2369,53
2147,2198,2172,51
2124,2285,2204,161
2124,1926,2025,198
1732,2374,2053,642
2231,2048,2139,183
2182,2406,2294,224
2268,2532,2400,264
2426,2463,2444,37
2366,2184,2275,182
2291,2102,2196,189
1997,1728,1862,269
2379,2325,2352,54
2156,2267,2211,111
1792,2069,1930,277
1988,1939,1963,49
2465,2514,2489,49
1678,1832,1755,154
1934,2247,2090,313
2425,2295,2360,130
1817,1993,1905,176
2023,2217,2120,194
2645,2622,2633,23
2469,2364,2416,105
2377,2128,2252,249
2040,2272,2156,232
2433,2638,2535,205
2230,2303,2266,73
2449,2578,2513,129
2135,2394,2264,259
2126,2225,2175,99
1975,2043,2009,68
2451,2395,2423,56
1847,1718,1782,129
2196,2663,2429,467
2737,2747,2742,10
2736,2773,2754,37
2348,2272,2310,76
1967,2121,2044,154
1999,2222,2110,223
2611,2394,2502,217
2350,2583,2466,233
1482,1691,1586,209
2521,2629,2575,108
2313,2313,2313,0
2361,2262,2311,99
2569,2426,2497,143
2622,2498,2560,124
2221,1972,2096,249
1808,2007,1907,199
2146,2238,2192,92
2136,2272,2204,136
2169,2168,2168,1
2030,2416,2223,386
2348,1606,1977,742
1913,1651,1782,262
2264,2502,2383,238
2412,2457,2434,45
2328,2123,2225,205
2324,2049,2186,275
2190,2465,2327,275
2245,1966,2105,279
2571,2384,2477,187
1633,1884,1758,251
2480,2538,2509,58
2084,1864,1974,220
1766,2143,1954,377
2028,2635,2331,607
2556,2457,2506,99
1636,1593,1614,43
2544,2458,2501,86
2062,2476,2269,414
2094,1794,1944,300
2332,2369,2350,37
2523,2093,2308,430
2312,2497,2404,185
2428,2416,2422,12
2326,2296,2311,30
1962,2189,2075,227
2547,2419,2483,128
2174,1952,2063,222
2475,2616,2545,141
2273,2554,2413,281
2506,2681,2593,175
2312,2554,2433,242
2285,2222,2253,63
2436,2426,2431,10
2350,2135,2242,215
2354,2381,2367,27
2334,2425,2379,91
2577,2339,2458,238
1819,1723,1771,96
1719,1727,1723,8
2055,2365,2210,310
1983,2176,2079,193
2227,2487,2357,260
2096,2504,2300,408
2593,2528,2560,65
2134,2055,2094,79
2219,2027,2123,192
2419,2455,2437,36
2209,2411,2310,202
2489,2188,2338,301
2134,2243,2188,109
2058,2201,2129,143
2083,2197,2140,114
2536,2494,2515,42
2049,2174,2111,125
2067,2266,2166,199
2147,2233,2190,86
1908,2267,2087,359
2371,2451,2411,80
2263,2535,2399,272
2338,2445,2391,107
2465,2301,2383,164
1944,2303,2123,359
2563,2013,2288,550
1881,2093,1987,212
2311,2225,2268,86
2209,2308,2258,99
2351,2195,2273,156
2696,2412,2554,284
2617,2463,2540,154
2308,2421,2364,113
2122,2405,2263,283
2010,2278,2144,268
1858,1655,1756,203
2121,2192,2156,71
2193,2364,2278,171
2091,2489,2290,398
2727,2378,2552,349
2526,2558,2542,32
2434,2277,2355,157
2661,1972,2316,689
2472,2166,2319,306
2508,2321,2414,187
2678,2721,2699,43
2603,2651,2627,48
2352,2155,2253,197
1345,1952,1648,607
2058,2381,2219,323
2365,2409,2387,44
2661,2505,2583,156
2391,2161,2276,230
2199,1798,1998,401
2329,2209,2269,120
2285,2422,2353,137
2711,2775,2743,64
2287,2448,2367,161
2016,1558,1787,458
2456,2115,2285,341
1394,1625,1509,231
2295,2211,2253,84
2051,2025,2038,26
2342,2043,2192,299
2224,2055,2139,169
2331,2014,2172,317
2186,2115,2150,71
2492,2092,2292,400
2506,2575,2540,69
2626,2371,2498,255
2463,2264,2363,199
2434,2482,2458,48
1945,2081,2013,136
2344,2199,2271,145
2060,2487,2273,427
2408,2126,2267,282
2297,2473,2385,176
1852,2036,1944,184
2582,2504,2543,78
2211,2626,2418,415
2212,2025,2118,187
2577,2549,2563,28
2493,2429,2461,64
2262,2483,2372,221
2000,2235,2117,235
2356,2468,2412,112
2069,2319,2194,250
2181,2098,2139,83
2023,2112,2067,89
2577,2479,2528,98
2100,2498,2299,398
2205,2029,2117,176
2187,1968,2077,219
1935,2135,2035,200
2560,2295,2427,265
2183,2318,2250,135
2293,2062,2177,231
2249,2011,2130,238
2297,2046,2171,251
2359,2074,2216,285
2609,2696,2652,87
2473,2629,2551,156
2430,2435,2432,5
1848,1996,1922,148
1756,2075,1915,319
2488,2222,2355,266
2616,2446,2531,170
2377,2114,2245,263
2631,2674,2652,43
2372,1998,2185,374
2244,2093,2168,151
2286,2237,2261,49
2639,2598,2618,41
2326,2481,2403,155
2261,2392,2326,131
2122,2265,2193,143
2590,2168,2379,422
1961,2109,2035,148
2394,2135,2264,259
2026,1958,1992,68
2101,2373,2237,272
2064,2262,2163,198
2415,2133,2274,282
1766,1625,1695,141
1868,2007,1937,139
2258,2329,2293,71
2053,1943,1998,110
1854,2046,1950,192
2384,2513,2448,129
2317,2244,2280,73
2306,2025,2165,281
2009,1863,1936,146
2512,2188,2350,324
2361,2617,2489,256
2300,2442,2371,142
1910,2157,2033,247
2121,2218,2169,97
2020,1613,1816,407
2554,1875,2214,679
2345,2257,2301,88
2314,2244,2279,70
2408,2236,2322,172
2769,2687,2728,82
2216,2505,2360,289
1801,1973,1887,172
2182,2054,2118,128
2371,2507,2439,136
2616,2533,2574,83
2336,2482,2409,146
2243,2386,2314,143
1950,2051,2000,101
2719,2564,2641,155
2662,2651,2656,11
2196,1852,2024,344
2174,1971,2072,203
2545,2442,2493,103
2113,1893,2003,220
2149,1898,2023,251
2532,2565,2548,33
2008,2226,2117,218
2237,2102,2169,135
2279,1878,2078,401
2720,2764,2742,44
2488,2577,2532,89
2651,2372,2511,279
2482,2343,2412,139
2141,2198,2169,57
2226,2433,2329,207
2231,2352,2291,121
1687,1832,1759,145
2424,2328,2376,96
2340,2559,2449,219
2187,2362,2274,175
2105,2313,2209,208
2310,2416,2363,106
2584,2535,2559,49
2315,2261,2288,54
2409,2494,2451,85
1899,2489,2194,590
1945,1595,1770,350
1867,2089,1978,222
1925,1633,1779,292
2295,1851,2073,444
1941,2094,2017,153
2543,2355,2449,188
1929,1696,1812,233
2504,2642,2573,138
2493,2569,2531,76
2113,2198,2155,85
2295,2392,2343,97
1878,1809,1843,69
2154,2149,2151,5
2388,2203,2295,185
2491,2293,2392,198
2334,2156,2245,178
1964,2324,2144,360
1983,1655,1819,328
2108,1952,2030,156
1823,1558,1690,265
1891,2313,2102,422
2450,2199,2324,251
2420,1823,2121,597
1918,1426,1672,492
2111,1857,1984,254
2330,2239,2284,91
1876,2103,1989,227
2554,2564,2559,10
2059,2031,2045,28
2572,2429,2500,143
2377,2344,2360,33
1725,2361,2043,636
2098,1917,2007,181
2290,2063,2176,227
2646,2389,2517,257
1718,1951,1834,233
2213,1937,2075,276
2585,2374,2479,211
2255,2432,2343,177
2069,1948,2008,121
2003,2165,2084,162
2256,1876,2066,380
2140,2051,2095,89
2590,2646,2618,56
2329,1909,2119,420
2025,2551,2288,526
2463,2544,2503,81
2308,2477,2392,169
2222,2406,2314,184
2519,2282,2400,237
2232,1861,2046,371
2492,2549,2520,57
1903,1979,1941,76
1933,2094,2013,161
2178,2135,2156,43
1861,2144,2002,283
2481,2445,2463,36
2440,2085,2262,355
2476,2447,2461,29
1971,1666,1818,305
2030,1771,1900,259
1938,2399,2168,461
2391,2547,2469,156
2201,2145,2173,56
2380,2233,2306,147
1430,1544,1487,114
2004,2251,2127,247
1924,2104,2014,180
2255,1996,2125,259
1977,2214,2095,237
2194,2294,2244,100
2347,2608,2477,261
2376,2236,2306,140
1676,2221,1948,545
2483,2618,2550,135
1706,1516,1611,190
2512,2414,2463,98
2188,2315,2251,127
2363,2418,2390,55
2392,1936,2164,456
2215,1925,2070,290
2330,2424,2377,94
2702,2646,2674,56
2276,2059,2167,217
2321,2454,2387,133
2598,2462,2530,136
2284,2236,2260,48
2005,2137,2071,132
2121,2399,2260,278
2029,2148,2088,119
2418,2142,2280,276
2364,2118,2241,246
2332,2086,2209,246
2555,2464,2509,91
2630,2424,2527,206
2043,2219,2131,176
2241,2594,2417,353
2340,2033,2186,307
2491,2331,2411,160
1890,2145,2017,255
2139,2399,2269,260
2378,2437,2407,59
2482,2536,2509,54
1498,1954,1726,456
2043,2092,2067,49
2491,2335,2413,156
2634,2558,2596,76
2227,1988,2107,239
2511,2335,2423,176
2506,2009,2257,497
2651,2488,2569,163
1979,1931,1955,48
1920,1679,1799,241
2358,2361,2359,3
2544,2059,2301,485
2638,2616,2627,22
2105,2135,2120,30
2338,2449,2393,111
2124,2507,2315,383
1907,1776,1841,131
2268,2203,2235,65
2109,2551,2330,442
2239,2505,2372,266
1971,2099,2035,128
2219,2038,2128,181
2048,2272,2160,224
2609,2634,2621,25
2547,2291,2419,256
2049,2147,2098,98
2518,2268,2393,250
2618,2406,2512,212
2283,2441,2362,158
2704,2572,2638,132
2305,2138,2221,167
2264,1937,2100,327
2096,2008,2052,88
2455,2145,2300,310
2061,2341,2201,280
2282,2582,2432,300
2518,2456,2487,62
1907,1983,1945,76
2422,2247,2334,175
2132,1967,2049,165
2345,2522,2433,177
2433,1796,2114,637
2358,2458,2408,100
2307,2221,2264,86
2386,2609,2497,223
2579,2266,2422,313
2267,2373,2320,106
2254,2389,2321,135
2543,2264,2403,279
2638,2682,2660,44
2452,2524,2488,72
2333,2401,2367,68
1707,1291,1499,416
2449,2425,2437,24
2010,2597,2303,587
2297,2238,2267,59
1975,1556,1765,419
2096,2116,2106,20
2643,2678,2660,35
2038,1818,1928,220
2211,1927,2069,284
1990,2196,2093,206
2313,2593,2453,280
1868,1926,1897,58
2383,2323,2353,60
2282,2041,2161,241
2475,2325,2400,150
2001,1832,1916,169
2038,1756,1897,282
2170,2321,2245,151
1743,2377,2060,634
1529,1897,1713,368
2203,1987,2095,216
2620,2488,2554,132
2100,2098,2099,2
2350,2506,2428,156
1914,2139,2026,225
1948,2189,2068,241
2547,2377,2462,170
2458,2085,2271,373
2049,2298,2173,249
2552,2378,2465,174
2587,2444,2515,143
2487,2208,2347,279
2785,2338,2561,447
2480,2368,2424,112
1746,1516,1631,230
2360,2212,2286,148
2505,2269,2387,236
2313,2547,2430,234
2500,2578,2539,78
2670,2132,2401,538
2261,2161,2211,100
2231,2385,2308,154
2473,2372,2422,101
2448,2507,2477,59
2481,2519,2500,38
2157,1848,2002,309
2158,2003,2080,155
2010,1837,1923,173
2545,2495,2520,50
2250,2063,2156,187
2214,2443,2328,229
2365,2002,2183,363
2436,2569,2502,133
2161,1975,2068,186
2312,2285,2298,27
2150,2089,2119,61
2357,2354,2355,3
2195,1608,1901,587
2477,2347,2412,130
2225,2129,2177,96
2435,2351,2393,84
2255,2002,2128,253
2345,2659,2502,314
2046,2517,2281,471
2237,1872,2054,365
2460,2162,2311,298
2493,2251,2372,242
1781,1885,1833,104
2040,2009,2024,31
2234,2201,2217,33
2414,2246,2330,168
2117,2464,2290,347
1901,1541,1721,360
2559,2438,2498,121
2090,1918,2004,172
2474,2577,2525,103
2740,2579,2659,161
1498,1676,1587,178
2415,2224,2319,191
1969,2088,2028,119
2190,2449,2319,259
1970,2072,2021,102
2081,2478,2279,397
2073,2325,2199,252
2025,2062,2043,37
2641,2734,2687,93
2275,2268,2271,7
2011,1991,2001,20
2344,2521,2432,177
2109,2148,2128,39
2606,2382,2494,224
2554,2174,2364,380
2677,2745,2711,68
2075,2133,2104,58
2000,2206,2103,206
2409,2241,2325,168
2348,2119,2233,229
1897,2042,1969,145
2309,2457,2383,148
1819,1975,1897,156
2183,2255,2219,72
1985,2013,1999,28
2524,2461,2492,63
2659,2712,2685,53
1830,2119,1974,289
2202,2309,2255,107
1882,2114,1998,232
2568,2357,2462,211
2200,2283,2241,83
2455,2283,2369,172
2730,2679,2704,51
1869,2113,1991,244
2328,2123,2225,205
2442,2469,2455,27
2108,2012,2060,96
1807,2287,2047,480
2222,2378,2300,156
2519,2314,2416,205
2011,2101,2056,90
1870,2259,2064,389
2628,2105,2366,523
2302,2436,2369,134
2549,2427,2488,122
1886,2041,1963,155
2549,2472,2510,77
2315,2081,2198,234
2634,2557,2595,77
1735,2051,1893,316
2453,2503,2478,50
2559,2447,2503,112
2263,2008,2135,255
2259,2261,2260,2
2076,2437,2256,361
2296,2443,2369,147
2172,2405,2288,233
2643,2447,2545,196
2771,2632,2701,139
1834,2066,1950,232
2398,2119,2258,279
2115,2096,2105,19
2503,2446,2474,57
2435,2017,2226,418
2227,1832,2029,395
2493,2368,2430,125
2515,2275,2395,240
2480,2225,2352,255
2122,2133,2127,11
1812,2413,2112,601
2136,2361,2248,225
1890,1639,1764,251
2184,2261,2222,77
2344,2366,2355,22
2016,1424,1720,592
2344,2526,2435,182
2479,2549,2514,70
2268,2064,2166,204
1970,1869,1919,101
1983,2244,2113,261
2078,2573,2325,495
1796,1792,1794,4
2305,2184,2244,121
2411,2336,2373,75
2057,2227,2142,170
1821,2099,1960,278
2428,2282,2355,146
1896,1978,1937,82
1616,1779,1697,163
1955,2046,2000,91
2429,2319,2374,110
1673,2256,1964,583
1888,1679,1783,209
2237,2016,2126,221
2133,2589,2361,456
2378,2636,2507,258
1855,2258,2056,403
2437,2395,2416,42
2515,2638,2576,123
2536,2375,2455,161
2200,2017,2108,183
2154,2209,2181,55
2081,2505,2293,424
2076,2289,2182,213
2463,1997,2230,466
2484,2241,2362,243
2623,2785,2704,162
2477,2258,2367,219
2031,1747,1889,284
2643,2496,2569,147
2536,2389,2462,147
2113,1941,2027,172
2510,2198,2354,312
2046,1785,1915,261
1901,2171,2036,270
1982,2132,2057,150
2249,2379,2314,130
1830,2045,1937,215
2007,1766,1886,241
2152,2329,2240,177
2518,2293,2405,225
2560,2464,2512,96
2211,2305,2258,94
2429,2198,2313,231
2117,2013,2065,104
2526,2422,2474,104
1980,2148,2064,168
2713,2658,2685,55
2009,2273,2141,264
2267,2046,2156,221
2203,2265,2234,62
2650,2692,2671,42
2564,2065,2314,499
2394,2078,2236,316
2547,2452,2499,95
2719,2365,2542,354
2320,2405,2362,85
1483,1674,1578,191
2387,2253,2320,134
2219,2317,2268,98
1719,1836,1777,117
2474,1937,2205,537
1803,2071,1937,268
2222,2531,2376,309
2224,2523,2373,299
1992,1484,1738,508
2043,2363,2203,320
2177,2304,2240,127
2518,2393,2455,125
2511,2662,2586,151
2378,2598,2488,220
2172,2042,2107,130
2157,2666,2411,509
1600,1995,1797,395
2501,2443,2472,58
2301,2525,2413,224
2619,2561,2590,58
2617,2386,2501,231
2002,2289,2145,287
2489,2558,2523,69
2078,2157,2117,79
2480,2598,2539,118
2530,2663,2596,133
1988,2257,2122,269
2454,2409,2431,45
2212,2325,2268,113
2366,2437,2401,71
2082,2219,2150,137
2333,2461,2397,128
2271,2343,2307,72
2055,2051,2053,4
1937,2342,2139,405
2247,2418,2332,171
2252,2143,2197,109
1973,2099,2036,126
2635,2072,2353,563
2452,2501,2476,49
2564,1999,2281,565
1986,2103,2044,117
2084,2243,2163,159
2181,2275,2228,94
2223,2291,2257,68
1976,2006,1991,30
2548,2738,2643,190
1814,1993,1903,179
2360,2263,2311,97
2118,2283,2200,165
2471,2253,2362,218
1402,1742,1572,340
2112,2288,2200,176
1777,1576,1676,201
2284,2289,2286,5
2538,2366,2452,172
1786,1974,1880,188
2074,2656,2365,582
2131,2303,2217,172
2100,2068,2084,32
2087,2347,2217,260
2107,2365,2236,258
2186,2382,2284,196
1902,2118,2010,216
2136,2014,2075,122
2211,2241,2226,30
2281,2118,2199,163
2024,1757,1890,267
2238,2355,2296,117
1879,2048,1963,169
2411,2459,2435,48
2438,2374,2406,64
2176,2406,2291,230
2747,2702,2724,45
2643,2494,2568,149
1546,1916,1731,370
2248,2111,2179,137
1927,1965,1946,38
2572,2393,2482,179
2626,2277,2451,349
2355,2087,2221,268
2025,2142,2083,117
2189,2107,2148,82
2191,2408,2299,217
2514,2405,2459,109
2338,2108,2223,230
2693,2458,2575,235
2136,2221,2178,85
2495,2471,2483,24
2616,2493,2554,123
2693,2769,2731,76
2502,2573,2537,71
1867,1983,1925,116
1958,2354,2156,396
2122,1881,2001,241
2300,2221,2260,79
2350,2462,2406,112
2167,2344,2255,177
2161,2031,2096,130
2048,2212,2130,164
2535,2447,2491,88
2308,2448,2378,140
2717,2549,2633,168
2205,2448,2326,243
2462,2429,2445,33
2383,2476,2429,93
2344,2473,2408,129
2084,2187,2135,103
2375,2495,2435,120
2559,2486,2522,73
1833,1628,1730,205
1883,2282,2082,399
2239,2469,2354,230
2409,2477,2443,68
2092,1883,1987,209
2203,2021,2112,182
2616,2518,2567,98
2236,2434,2335,198
2252,2475,2363,223
2203,2078,2140,125
2129,1931,2030,198
2463,2558,2510,95
2647,2531,2589,116
2318,2202,2260,116
2211,1964,2087,247
2296,2098,2197,198
2308,2591,2449,283
2393,2263,2328,130
2259,1983,2121,276
1925,2082,2003,157
2214,2123,2168,91
1776,2093,1934,317
2595,2268,2431,327
1875,1864,1869,11
1759,1953,1856,194
2207,2588,2397,381
2313,2292,2302,21
2381,2346,2363,35
2232,2201,2216,31
1622,1604,1613,18
2236,1934,2085,302
2508,2534,2521,26
2251,2317,2284,66
2352,2303,2327,49
2227,2052,2139,175
2169,2305,2237,136
2070,1731,1900,339
2226,2411,2318,185
2113,2354,2233,241
2151,1966,2058,185
2079,2533,2306,454
2158,2254,2206,96
2061,2057,2059,4
2083,2228,2155,145
2587,2686,2636,99
2567,2602,2584,35
2566,2365,2465,201
2525,2091,2308,434
2593,2579,2586,14
2312,2414,2363,102
2368,2429,2398,61
2239,2287,2263,48
2284,2224,2254,60
1701,1505,1603,196
2455,2487,2471,32
2172,2557,2364,385
2468,2345,2406,123
2287,2071,2179,216
2171,1855,2013,316
2676,2534,2605,142
2143,1997,2070,146
1991,2401,2196,410
1716,1583,1649,133
2494,2307,2400,187
2584,2458,2521,126
2106,2437,2271,331
2548,2412,2480,136
2210,2103,2156,107
2410,2572,2491,162
2065,2268,2166,203
2329,2132,2230,197
2450,1787,2118,663
2469,2575,2522,106
2266,2302,2284,36
2570,2527,2548,43
2056,2244,2150,188
2176,2426,2301,250
2315,2534,2424,219
2171,1862,2016,309
1971,2427,2199,456
2173,2283,2228,110
2322,2414,2368,92
2278,2027,2152,251
2507,2513,2510,6
2075,2184,2129,109
2285,2428,2356,143
2188,2277,2232,89
1357,1996,1676,639
2221,2353,2287,132
1862,1591,1726,271
2087,1985,2036,102
1995,1926,1960,69
2342,2261,2301,81
2366,2269,2317,97
1854,2257,2055,403
2543,2491,2517,52
1812,1753,1782,59
1889,1815,1852,74
2343,2268,2305,75
2318,2231,2274,87
1936,2496,2216,560
2423,2508,2465,85
1881,2408,2144,527
1361,1978,1669,617
2284,2079,2181,205
1696,1596,1646,100
2200,2042,2121,158
2070,2256,2163,186
2395,2517,2456,122
1805,1916,1860,111
2407,2346,2376,61
2438,2265,2351,173
2294,2581,2437,287
1747,1992,1869,245
2468,2549,2508,81
2406,2474,2440,68
2021,1703,1862,318
2314,2204,2259,110
2008,1749,1878,259
1813,1611,1712,202
2425,2353,2389,72
2077,2322,2199,245
2239,2416,2327,177
1692,2007,1849,315
2458,2312,2385,146
2462,2302,2382,160
2161,1946,2053,215
2298,1986,2142,312
2121,1373,1747,748
1555,1806,1680,251
2656,2584,2620,72
1924,2047,1985,123
2587,2529,2558,58
2461,2443,2452,18
2476,2516,2496,40
2144,1965,2054,179
2031,1924,1977,107
2361,1879,2120,482
1463,1894,1678,431
2344,2503,2423,159
2502,2255,2378,247
2268,2336,2302,68
2157,2081,2119,76
2609,2505,2557,104
2164,2453,2308,289
2353,2394,2373,41
2562,1604,2083,958
2263,2261,2262,2
2235,1663,1949,572
1907,2165,2036,258
2607,2377,2492,230
2483,2514,2498,31
2081,2359,2220,278
1945,1954,1949,9
2489,2412,2450,77
2505,2397,2451,108
1693,2199,1946,506
1613,1707,1660,94
2536,2449,2492,87
2609,2536,2572,73
2423,2158,2290,265
2272,2041,2156,231
2545,2462,2503,83
2262,1997,2129,265
2643,2474,2558,169
1632,1949,1790,317
1799,1698,1748,101
2017,1879,1948,138
2382,1901,2141,481
2803,2703,2753,100
2247,2489,2368,242
2572,2441,2506,131
2024,2189,2106,165
2328,1991,2159,337
1818,1899,1858,81
2112,2471,2291,359
2015,2574,2294,559
2311,2492,2401,181
2315,2436,2375,121
2170,2379,2274,209
2594,2199,2396,395
2046,2595,2320,549
2003,2531,2267,528
2450,2298,2374,152
2006,2225,2115,219
2520,2602,2561,82
2587,2278,2432,309
2048,2342,2195,294
1853,1986,1919,133
1651,2053,1852,402
2710,2696,2703,14
1942,1377,1659,565
2430,2511,2470,81
2284,1836,2060,448
2251,2599,2425,348
2166,2273,2219,107
2259,2219,2239,40
2480,2191,2335,289
2279,2365,2322,86
1957,2323,2140,366
2177,2157,2167,20
1594,2011,1802,417
1497,1655,1576,158
2404,2135,2269,269
2434,2123,2278,311
2525,2508,2516,17
1782,1684,1733,98
2454,2123,2288,331
2342,2135,2238,207
2244,2459,2351,215
1976,2291,2133,315
2587,2198,2392,389
2471,2547,2509,76
1854,1885,1869,31
2227,2373,2300,146
2341,2189,2265,152
2659,2631,2645,28
2417,2572,2494,155
2722,2289,2505,433
2235,2201,2218,34
1823,2001,1912,178
2247,1893,2070,354
1942,1814,1878,128
1965,1556,1760,409
2048,2286,2167,238
2439,2408,2423,31
2334,1912,2123,422
2462,2148,2305,314
2344,2206,2275,138
1855,2407,2131,552
2239,2409,2324,170
2674,2202,2438,472
2474,2064,2269,410
2481,2614,2547,133
2490,2304,2397,186
2245,2262,2253,17
2405,2179,2292,226
2683,2691,2687,8
1854,1902,1878,48
2385,2297,2341,88
2337,1867,2102,470
2284,2424,2354,140
2621,2654,2637,33
2418,2505,2461,87
2053,2234,2143,181
2221,2182,2201,39
1663,2144,1903,481
2369,2146,2257,223
2663,2381,2522,282
2691,2227,2459,464
2651,2429,2540,222
2354,2129,2241,225
2409,2451,2430,42
2341,1998,2169,343
2469,2511,2490,42
1884,1976,1930,92
2686,2475,2580,211
2353,2188,2270,165
2440,2616,2528,176
2504,2489,2496,15
2329,2498,2413,169
2438,2592,2515,154
1998,2334,2166,336
1940,2379,2159,439
2412,2463,2437,51
2200,2067,2133,133
2085,2262,2173,177
2144,1861,2002,283
2251,2493,2372,242
2500,2034,2267,466
2091,2502,2296,411
2257,2511,2384,254
1814,1624,1719,190
1684,1832,1758,148
2595,2285,2440,310
2231,2448,2339,217
2035,2337,2186,302
2263,2209,2236,54
2350,2099,2224,251
2315,2344,2329,29
2367,2311,2339,56
2190,2227,2208,37
2187,2602,2394,415
2683,2081,2382,602
2041,2239,2140,198
2501,2278,2389,223
2288,2084,2186,204
2458,2614,2536,156
2169,1916,2042,253
1925,2131,2028,206
2404,2722,2563,318
2005,2167,2086,162
2359,2312,2335,47
2085,2527,2306,442
2334,2404,2369,70
2700,2647,2673,53
2272,2379,2325,107
1731,1696,1713,35
2437,2326,2381,111
2060,2218,2139,158
1711,1938,1824,227
2213,2159,2186,54
2522,2634,2578,112
2258,1941,2099,317
2070,2226,2148,156
2223,2478,2350,255
2625,1997,2311,628
2430,2256,2343,174
2406,2522,2464,116
1951,2144,2047,193
2151,1933,2042,218
2151,2192,2171,41
2339,1813,2076,526
2277,2483,2380,206
2305,2402,2353,97
2385,1927,2156,458
1927,2091,2009,164
2434,2005,2219,429
1971,2178,2074,207
2104,2233,2168,129
2577,2521,2549,56
2315,2584,2449,269
1981,1937,1959,44
2569,2148,2358,421
2459,1943,2201,516
2502,2535,2518,33
2469,2126,2297,343
1939,2532,2235,593
2437,2586,2511,149
2376,2187,2281,189
2485,2617,2551,132
2293,2465,2379,172
2362,1896,2129,466
2143,2267,2205,124
2075,2298,2186,223
2160,1726,1943,434
2339,2074,2206,265
2612,2304,2458,308
2204,2368,2286,164
2531,2658,2594,127
1820,2251,2035,431
2070,2234,2152,164
2184,2083,2133,101
2199,2331,2265,132
1969,2177,2073,208
1974,2149,2061,175
2185,1998,2091,187
2236,2499,2367,263
2521,2523,2522,2
2139,2169,2154,30
2536,2491,2513,45
2507,2404,2455,103
2448,2523,2485,75
2492,2567,2529,75
2489,2585,2537,96
2435,2574,2504,139
2609,2655,2632,46
2204,2003,2103,201
2200,1994,2097,206
2245,2501,2373,256
2639,2532,2585,107
1985,2156,2070,171
2191,2202,2196,11
2240,2006,2123,234
2277,2194,2235,83
2313,2426,2369,113
1569,1859,1714,290
2655,2705,2680,50
1870,2239,2054,369
2260,2044,2152,216
1400,1256,1328,144
2864,2713,2788,151
2625,1816,2220,809
1551,1916,1733,365
2313,2505,2409,192
2509,2484,2496,25
2676,2612,2644,64
2337,2286,2311,51
2230,2504,2367,274
2538,2637,2587,99
2512,2402,2457,110
2045,2148,2096,103
2044,1879,1961,165
1702,1925,1813,223
2577,2613,2595,36
2420,2523,2471,103
2415,2469,2442,54
2422,2432,2427,10
2349,1978,2163,371
2067,2293,2180,226
2423,2145,2284,278
2199,2325,2262,126
2506,2417,2461,89
2439,2125,2282,314
2216,2478,2347,262
2129,1762,1945,367
2157,2319,2238,162
2151,2017,2084,134
1875,2149,2012,274
1854,2198,2026,344
2298,2357,2327,59
2017,2215,2116,198
2258,2376,2317,118
1526,1677,1601,151
2116,2208,2162,92
2341,2506,2423,165
2568,2574,2571,6
2599,2368,2483,231
2190,2135,2162,55
2367,2239,2303,128
2099,1896,1997,203
2180,1992,2086,188
2315,2513,2414,198
2623,2482,2552,141
2635,2378,2506,257
1856,2344,2100,488
2132,2384,2258,252
2043,1891,1967,152
2223,2091,2157,132
2319,2536,2427,217
2506,2619,2562,113
2112,2018,2065,94
2485,2567,2526,82
2003,2046,2024,43
2486,2538,2512,52
1995,2355,2175,360
2274,2394,2334,120
2354,2034,2194,320
2506,2625,2565,119
2509,2397,2453,112
2255,2357,2306,102
2481,2274,2377,207
2130,1785,1957,345
2013,2302,2157,289
1922,1377,1649,545
2360,2553,2456,193
1904,2203,2053,299
2372,2156,2264,216
2080,2209,2144,129
2515,2026,2270,489
1706,1614,1660,92
1910,1802,1856,108
1980,2223,2101,243
2210,1993,2101,217
2556,2364,2460,192
2036,1575,1805,461
2201,2409,2305,208
2169,2561,2365,392
2275,2129,2202,146
2150,2034,2092,116
2261,2274,2267,13
2432,2086,2259,346
1671,1829,1750,158
2337,2264,2300,73
1647,1835,1741,188
2327,2034,2180,293
2731,2622,2676,109
2448,2253,2350,195
1691,1647,1669,44
2387,2593,2490,206
2492,2468,2480,24
2591,2334,2462,257
2289,1939,2114,350
2289,2171,2230,118
2323,2241,2282,82
2619,2594,2606,25
1878,1566,1722,312
2102,2427,2264,325
2002,2147,2074,145
2229,2191,2210,38
2730,2641,2685,89
2402,1894,2148,508
2201,2299,2250,98
2111,2249,2180,138
1780,2174,1977,394
1792,1614,1703,178
2055,2021,2038,34
1972,1781,1876,191
2208,2216,2212,8
2530,2195,2362,335
2124,1975,2049,149
2712,2637,2674,75
1788,2168,1978,380
2618,2526,2572,92
1854,2229,2041,375
1902,2092,1997,190
1923,1636,1779,287
2392,2385,2388,7
1852,2292,2072,440
1928,2351,2139,423
2453,2279,2366,174
2540,2635,2587,95
2261,2468,2364,207
2379,2586,2482,207
2259,2383,2321,124
2119,2132,2125,13
1598,1881,1739,283
2186,2082,2134,104
2218,2297,2257,79
1913,2079,1996,166
1923,2125,2024,202
2210,2365,2287,155
2385,2195,2290,190
2008,1891,1949,117
2042,1849,1945,193
2071,2248,2159,177
2469,2334,2401,135
2322,2016,2169,306
2146,2346,2246,200
2132,2363,2247,231
2255,2242,2248,13
2525,2313,2419,212
2172,1917,2044,255
2025,2213,2119,188
2399,1901,2150,498
1985,2451,2218,466
2400,1715,2057,685
1717,2271,1994,554
2131,1939,2035,192
2310,2239,2274,71
2350,2285,2317,65
2355,2153,2254,202
2476,2604,2540,128
2423,2672,2547,249
2410,2462,2436,52
2248,2478,2363,230
2616,2152,2384,464
2250,2043,2146,207
2454,1767,2110,687
2145,2283,2214,138
2705,2628,2666,77
2036,2276,2156,240
2071,1817,1944,254
2489,2338,2413,151
2621,2688,2654,67
2573,2291,2432,282
2304,2175,2239,129
2140,2493,2316,353
2088,2319,2203,231
2253,2188,2220,65
2411,2251,2331,160
2512,2352,2432,160
2703,2739,2721,36
2602,2459,2530,143
1788,1585,1686,203
2358,2216,2287,142
2096,2097,2096,1
2125,1753,1939,372
2249,2222,2235,27
1923,2429,2176,506
2307,2135,2221,172
2060,2574,2317,514
1922,1997,1959,75
2477,2308,2392,169
2081,2218,2149,137
2396,2546,2471,150
2517,2313,2415,204
2088,2211,2149,123
1698,2025,1861,327
2216,2306,2261,90
2319,1995,2157,324
2590,2468,2529,122
2406,1951,2178,455
2455,2364,2409,91
2307,2381,2344,74
2113,2234,2173,121
2536,2382,2459,154
2169,2403,2286,234
2459,2552,2505,93
2417,2156,2286,261
2161,2281,2221,120
1825,1902,1863,77
2114,2281,2197,167
1747,2196,1971,449
2256,2008,2132,248
1608,1833,1720,225
2605,2428,2516,177
2312,2479,2395,167
2029,1805,1917,224
2130,1985,2057,145
2534,2674,2604,140
2404,2164,2284,240
2501,2458,2479,43
2273,2257,2265,16
1938,1996,1967,58
2256,2307,2281,51
2001,2007,2004,6
2107,1927,2017,180
1741,1852,1796,111
1672,1845,1758,173
1596,1806,1701,210
2159,2596,2377,437
2258,2496,2377,238
1863,2283,2073,420
2564,2553,2558,11
2623,2264,2443,359
2128,2076,2102,52
2585,2655,2620,70
2446,2458,2452,12
2543,2288,2415,255
2348,2228,2288,120
2279,2228,2253,51
2208,1806,2007,402
1714,1958,1836,244
2125,1892,2008,233
1532,1947,1739,415
2098,1979,2038,119
2011,2226,2118,215
2490,2573,2531,83
2532,2233,2382,299
2214,2397,2305,183
2071,2316,2193,245
2121,1977,2049,144
1953,1747,1850,206
2302,2091,2196,211
2085,1737,1911,348
1857,2022,1939,165
2103,2288,2195,185
2569,2758,2663,189
2362,2562,2462,200
2382,2162,2272,220
2558,2281,2419,277
2252,2169,2210,83
2195,2381,2288,186
2532,2349,2440,183
2440,2454,2447,14
2463,2494,2478,31
2385,1979,2182,406
1660,2183,1921,523
2009,1769,1889,240
1799,1975,1887,176
2294,2463,2378,169
2403,2497,2450,94
2010,2033,2021,23
2621,2514,2567,107
2329,2101,2215,228
2225,2014,2119,211
2195,2219,2207,24
1984,2123,2053,139
2401,2001,2201,400
2184,2276,2230,92
2125,2252,2188,127
2182,2266,2224,84
1954,2362,2158,408
2104,2475,2289,371
2092,2277,2184,185
2086,2148,2117,62
2380,2734,2557,354
2279,2277,2278,2
2245,1986,2115,259
2331,2282,2306,49
2551,2528,2539,23
2345,2299,2322,46
2654,2482,2568,172
2118,1799,1958,319
2378,1935,2156,443
1916,2239,2077,323
2412,2259,2335,153
2716,2215,2465,501
2390,2459,2424,69
2247,2001,2124,246
2149,2268,2208,119
2100,2217,2158,117
2359,1795,2077,564
1429,1707,1568,278
2025,2326,2175,301
2422,2296,2359,126
2618,2335,2476,283
2417,2474,2445,57
2098,2028,2063,70
2577,2505,2541,72
2193,2409,2301,216
2399,2453,2426,54
1512,1674,1593,162
2516,2651,2583,135
1751,1968,1859,217
2505,2203,2354,302
2177,1829,2003,348
2251,2219,2235,32
2037,2216,2126,179
2154,1896,2025,258
2614,2717,2665,103
2207,1977,2092,230
1518,1568,1543,50
2285,2494,2389,209
2408,2123,2265,285
2123,2298,2210,175
2462,2547,2504,85
2452,2243,2347,209
2182,2328,2255,146
1883,2349,2116,466
2375,2129,2252,246
2636,2738,2687,102
2526,2316,2421,210
2387,2466,2426,79
2436,2583,2509,147
2011,1799,1905,212
2379,2057,2218,322
2393,2361,2377,32
2147,2522,2334,375
2486,2527,2506,41
1836,2032,1934,196
2607,2551,2579,56
2478,2628,2553,150
2188,2393,2290,205
2315,1942,2128,373
2602,2197,2399,405
2650,2569,2609,81
2428,2418,2423,10
2742,2659,2700,83
2409,2298,2353,111
2135,1735,1935,400
2558,2306,2432,252
2510,2354,2432,156
1796,2097,1946,301
1821,2181,2001,360
2470,2299,2384,171
2346,2146,2246,200
2018,2293,2155,275
2521,2464,2492,57
2139,1885,2012,254
2316,2503,2409,187
2120,2349,2234,229
1482,1981,1731,499
1901,1943,1922,42
2182,2081,2131,101
2445,2612,2528,167
2150,2361,2255,211
2387,2442,2414,55
2513,2573,2543,60
2137,1946,2041,191
2500,2291,2395,209
2297,1869,2083,428
2319,2108,2213,211
2147,2279,2213,132
2615,2414,2514,201
1980,2049,2014,69
2432,2221,2326,211
2062,2238,2150,176
2113,2403,2258,290
1928,2015,1971,87
2616,2722,2669,106
2113,1806,1959,307
2418,2172,2295,246
2660,2572,2616,88
2345,2049,2197,296
1738,1289,1513,449
2323,2403,2363,80
2382,2638,2510,256
1890,1945,1917,55
2697,2518,2607,179
2278,2459,2368,181
2520,2493,2506,27
2553,2249,2401,304
2557,2439,2498,118
2263,2249,2256,14
2696,2573,2634,123
2335,2511,2423,176
2406,2528,2467,122
1409,1666,1537,257
1827,2598,2212,771
2344,2323,2333,21
2556,2262,2409,294
2065,2291,2178,226
2283,2001,2142,282
2165,1923,2044,242
2443,2012,2227,431
2291,2489,2390,198
2432,2526,2479,94
2354,2385,2369,31
2390,2308,2349,82
2700,2653,2676,47
2592,2421,2506,171
1707,2032,1869,325
1780,2246,2013,466
2566,2411,2488,155
2212,2559,2385,347
2256,2181,2218,75
2055,2288,2171,233
1936,1758,1847,178
2361,2021,2191,340
1747,2266,2006,519
2511,2567,2539,56
2639,2734,2686,95
1920,1713,1816,207
1855,2086,1970,231
2015,2415,2215,400
2511,1728,2119,783
2118,1862,1990,256
2730,2783,2756,53
2274,2131,2202,143
1984,2275,2129,291
2057,1977,2017,80
2430,2368,2399,62
1874,1754,1814,120
2106,1986,2046,120
2500,2626,2563,126
2540,2479,2509,61
2424,2377,2400,47
2328,2645,2486,317
1955,2119,2037,164
2435,2462,2448,27
2322,2234,2278,88
2201,1929,2065,272
2384,2121,2252,263
2511,2306,2408,205
1916,2157,2036,241
1594,1745,1669,151
1857,2078,1967,221
2264,2085,2174,179
2268,2049,2158,219
2266,1994,2130,272
2239,1981,2110,258
1909,2025,1967,116
2307,2359,2333,52
2149,2282,2215,133
1978,2121,2049,143
1722,1831,1776,109
2085,1931,2008,154
2414,2544,2479,130
2254,2118,2186,136
2030,2175,2102,145
2559,2546,2552,13
2106,2377,2241,271
1790,1915,1852,125
2118,2487,2302,369
1811,1981,1896,170
2468,2057,2262,411
2374,2183,2278,191
2172,1668,1920,504
2582,2655,2618,73
1762,1339,1550,423
2505,2238,2371,267
2607,2352,2479,255
1700,1922,1811,222
2158,1999,2078,159
2423,2513,2468,90
2525,2204,2364,321
2077,2167,2122,90
1839,1592,1715,247
2349,2352,2350,3
2556,2183,2369,373
2675,2619,2647,56
2623,2496,2559,127
1718,2067,1892,349
2537,2705,2621,168
2029,2442,2235,413
2121,1969,2045,152
2475,2504,2489,29
1953,1798,1875,155
2468,2549,2508,81
2678,2689,2683,11
2478,2351,2414,127
2387,2103,2245,284
2382,2475,2428,93
2574,2292,2433,282
1885,2345,2115,460
2066,1901,1983,165
1868,2246,2057,378
1659,2276,1967,617
2512,2553,2532,41
2580,2635,2607,55
2424,2475,2449,51
2062,2157,2109,95
2086,2366,2226,280
1956,1716,1836,240
2167,2263,2215,96
2267,2473,2370,206
2528,2275,2401,253
2201,2413,2307,212
2233,2398,2315,165
2030,2375,2202,345
2274,2169,2221,105
2136,2004,2070,132
2275,2337,2306,62
2074,1844,1959,230
1992,1315,1653,677
2137,2147,2142,10
2302,2226,2264,76
2276,2069,2172,207
2044,2254,2149,210
2258,2184,2221,74
2105,2351,2228,246
2486,2204,2345,282
2541,2552,2546,11
1806,2262,2034,456
2391,2521,2456,130
2000,2189,2094,189
1905,2303,2104,398
2513,2437,2475,76
2296,2133,2214,163
2677,1959,2318,718
2626,2635,2630,9
2136,2376,2256,240
2469,2253,2361,216
2141,1943,2042,198
2136,1912,2024,224
2200,1881,2040,319
2387,2506,2446,119
2182,2254,2218,72
2752,2661,2706,91
1926,1789,1857,137
1802,1454,1628,348
2505,2499,2502,6
2412,2158,2285,254
2468,2326,2397,142
2064,2205,2134,141
2087,1643,1865,444
2167,2319,2243,152
1871,2282,2076,411
1733,2003,1868,270
1770,2249,2009,479
2586,2382,2484,204
2309,2299,2304,10
1911,2106,2008,195
2689,2591,2640,98
2418,2318,2368,100
2348,2288,2318,60
2366,2602,2484,236
1916,1865,1890,51
2469,1981,2225,488
2295,2463,2379,168
2519,2261,2390,258
2074,2403,2238,329
2612,2424,2518,188
2045,2079,2062,34
2423,2461,2442,38
1914,2223,2068,309
2213,2476,2344,263
2683,2599,2641,84
2248,2321,2284,73
2004,1783,1893,221
2440,2592,2516,152
2109,1923,2016,186
2484,2551,2517,67
2286,2328,2307,42
2761,2872,2816,111
2292,2374,2333,82
2380,2365,2372,15
1705,1353,1529,352
2501,2392,2446,109
2414,1994,2204,420
1882,2225,2053,343
2438,2567,2502,129
2319,2076,2197,243
2397,1874,2135,523
2287,2389,2338,102
2661,2417,2539,244
2379,2447,2413,68
2461,2667,2564,206
1992,2305,2148,313
2478,2331,2404,147
2360,1883,2121,477
2699,2714,2706,15
2085,2325,2205,240
2446,2591,2518,145
2227,2211,2219,16
2417,2468,2442,51
2057,2256,2156,199
2369,2262,2315,107
2000,2081,2040,81
2142,2349,2245,207
2277,1992,2134,285
2021,2263,2142,242
1933,2091,2012,158
2306,2553,2429,247
2456,2587,2521,131
1879,2169,2024,290
2148,1974,2061,174
2063,2281,2172,218
1716,1979,1847,263
2315,2263,2289,52
1854,2094,1974,240
1993,2056,2024,63
2487,1911,2199,576
2365,2341,2353,24
2045,2369,2207,324
2653,2501,2577,152
2590,2574,2582,16
2449,2389,2419,60
2190,2445,2317,255
1892,2294,2093,402
2481,2445,2463,36
2145,1936,2040,209
1921,2294,2107,373
2466,2369,2417,97
2417,2202,2309,215
2556,2505,2530,51
2280,2025,2152,255
2480,2187,2333,293
2613,2514,2563,99
2078,1941,2009,137
2716,2605,2660,111
2370,2107,2238,263
1479,1805,1642,326
1777,2071,1924,294
2276,2077,2176,199
2644,2489,2566,155
2193,1789,1991,404
2255,2039,2147,216
2089,1944,2016,145
2157,2132,2144,25
2358,2581,2469,223
2631,2416,2523,215
2477,2589,2533,112
2518,2227,2372,291
2501,2359,2430,142
2039,2378,2208,339
1919,1996,1957,77
1737,1727,1732,10
1727,1957,1842,230
2034,1632,1833,402
2025,2033,2029,8
1449,1908,1678,459
2602,2163,2382,439
2675,2693,2684,18
1937,1691,1814,246
1746,2201,1973,455
2203,2323,2263,120
2449,2488,2468,39
2140,1782,1961,358
2076,1972,2024,104
2536,2362,2449,174
2182,1976,2079,206
2584,2693,2638,109
1773,1926,1849,153
1950,2171,2060,221
2234,2097,2165,137
2217,2316,2266,99
1786,1654,1720,132
2024,1908,1966,116
2105,1792,1948,313
1583,2151,1867,568
2597,2593,2595,4
2258,1982,2120,276
2301,2081,2191,220
2216,2336,2276,120
2103,2445,2274,342
2493,2582,2537,89
2480,2597,2538,117
1733,1251,1492,482
2089,1975,2032,114
2389,2319,2354,70
2496,2501,2498,5
1808,2296,2052,488
1745,1418,1581,327
2196,2371,2283,175
2573,2447,2510,126
2590,2568,2579,22
2280,2387,2333,107
2208,2191,2199,17
2069,2462,2265,393
2234,2467,2350,233
2663,2437,2550,226
2154,2097,2125,57
2272,1855,2063,417
2430,2153,2291,277
2371,2558,2464,187
2313,2273,2293,40
2625,2454,2539,171
2274,2168,2221,106
2438,2591,2514,153
2086,2222,2154,136
2165,2229,2197,64
2625,2369,2497,256
2348,2427,2387,79
2318,2403,2360,85
2276,1971,2123,305
2397,2193,2295,204
2549,2418,2483,131
1653,2085,1869,432
2063,2128,2095,65
1611,1819,1715,208
2560,2152,2356,408
1889,2172,2030,283
2248,2212,2230,36
2086,2175,2130,89
2420,2392,2406,28
2487,2504,2495,17
2321,2426,2373,105
2265,2032,2148,233
2334,2183,2258,151
2224,2198,2211,26
2162,2256,2209,94
2272,2047,2159,225
2188,2306,2247,118
2757,2872,2814,115
1863,1682,1772,181
2097,2236,2166,139
2062,1887,1974,175
2128,1993,2060,135
2352,2242,2297,110
2662,2591,2626,71
1710,1862,1786,152
2276,2118,2197,158
2229,1988,2108,241
2084,2247,2165,163
2460,2584,2522,124
2502,2599,2550,97
2341,2301,2321,40
1608,2053,1830,445
2349,2318,2333,31
2357,2409,2383,52
2506,2588,2547,82
2384,2352,2368,32
2423,2448,2435,25
2269,2203,2236,66
2598,2495,2546,103
2625,2472,2548,153
2633,2304,2468,329
2291,2047,2169,244
1905,2071,1988,166
2531,2547,2539,16
1999,1553,1776,446
1521,1995,1758,474
2085,2306,2195,221
2492,2667,2579,175
2447,2556,2501,109
2237,2161,2199,76
2054,1994,2024,60
2489,1977,2233,512
2097,2394,2245,297
1931,1903,1917,28
2200,2186,2193,14
2396,2605,2500,209
2445,2574,2509,129
1714,1575,1644,139
2277,1973,2125,304
2417,2563,2490,146
2634,2233,2433,401
2368,2424,2396,56
2173,2491,2332,318
2516,2418,2467,98
2568,2201,2384,367
1546,1995,1770,449
2615,2599,2607,16
2529,2258,2393,271
1964,2333,2148,369
1905,2132,2018,227
2057,2376,2216,319
2390,2328,2359,62
2079,2218,2148,139
1856,1388,1622,468
2435,2147,2291,288
1659,1861,1760,202
1574,1431,1502,143
1603,1614,1608,11
2130,2217,2173,87
2435,2401,2418,34
2379,2069,2224,310
2104,2364,2234,260
2452,2148,2300,304
2635,2464,2549,171
2462,2218,2340,244
2462,2537,2499,75
1950,2046,1998,96
2149,2399,2274,250
2536,2298,2417,238
2262,2067,2164,195
2335,2097,2216,238
2232,2097,2164,135
2286,1885,2085,401
2455,2351,2403,104
1758,1917,1837,159
2386,2409,2397,23
2128,2368,2248,240
2509,2062,2285,447
2577,2412,2494,165
2751,2676,2713,75
2653,2547,2600,106
2249,2473,2361,224
2408,2174,2291,234
2813,2487,2650,326
1455,1724,1589,269
2556,2371,2463,185
2658,2471,2564,187
2187,2237,2212,50
2377,2437,2407,60
2422,2363,2392,59
2601,2482,2541,119
2591,2329,2460,262
2382,2545,2463,163
2411,2219,2315,192
1971,2289,2130,318
1622,2287,1954,665
2581,2631,2606,50
2456,2498,2477,42
2530,2296,2413,234
2513,2484,2498,29
2040,2329,2184,289
2203,1766,1984,437
2471,2663,2567,192
2328,2203,2265,125
2423,2072,2247,351
2711,2816,2763,105
2527,2622,2574,95
2167,2351,2259,184
2641,2591,2616,50
2530,2194,2362,336
2507,2555,2531,48
1705,1949,1827,244
2273,2259,2266,14
2580,2454,2517,126
2741,2565,2653,176
2586,2357,2471,229
2412,2322,2367,90
2134,2337,2235,203
2330,2518,2424,188
2209,2245,2227,36
2073,2355,2214,282
2298,2057,2177,241
2528,2413,2470,115
2554,2625,2589,71
2424,2574,2499,150
2271,1739,2005,532
2302,2595,2448,293
2233,1903,2068,330
2197,2019,2108,178
2220,2196,2208,24
1914,2168,2041,254
2236,1985,2110,251
1594,1903,1748,309
2129,2166,2147,37
2555,2426,2490,129
2115,2287,2201,172
2377,2189,2283,188
2158,1887,2022,271
2538,2357,2447,181
1693,1352,1522,341
2268,2371,2319,103
2045,1747,1896,298
2176,2277,2226,101
2322,2565,2443,243
2521,2174,2347,347
2354,2552,2453,198
1819,1822,1820,3
2414,2183,2298,231
2556,2457,2506,99
2314,2313,2313,1
1880,2346,2113,466
2642,2501,2571,141
2599,2712,2655,113
2135,2194,2164,59
2349,2489,2419,140
2169,2329,2249,160
2122,2311,2216,189
2357,2214,2285,143
2311,2299,2305,12
2169,1956,2062,213
2419,2432,2425,13
2509,2546,2527,37
1841,2042,1941,201
2515,2502,2508,13
2285,2035,2160,250
2401,2332,2366,69
2130,2064,2097,66
2323,2391,2357,68
2265,2247,2256,18
2713,2711,2712,2
2266,1944,2105,322
2083,2261,2172,178
2499,2379,2439,120
2506,2216,2361,290
2223,1978,2100,245
2256,2403,2329,147
2190,1903,2046,287
2573,2311,2442,262
2232,2242,2237,10
2093,2247,2170,154
1786,2332,2059,546
1498,1886,1692,388
2408,2275,2341,133
2078,1841,1959,237
2154,2257,2205,103
2354,2213,2283,141
1961,1561,1761,400
2293,2352,2322,59
2158,2414,2286,256
2346,2176,2261,170
2632,2586,2609,46
2458,2151,2304,307
2293,2424,2358,131
2364,2565,2464,201
1501,2209,1855,708
2087,2205,2146,118
2715,2707,2711,8
1891,2175,2033,284
1933,1855,1894,78
1796,2127,1961,331
2007,1823,1915,184
2400,2402,2401,2
2436,2505,2470,69
2476,2504,2490,28
2271,1894,2082,377
2353,1909,2131,444
2119,2173,2146,54
2303,2165,2234,138
2120,2211,2165,91
2369,2252,2310,117
2292,2048,2170,244
2380,2423,2401,43
2405,2429,2417,24
2306,2395,2350,89
1859,2319,2089,460
2353,2066,2209,287
2070,2303,2186,233
2447,2286,2366,161
2006,1921,1963,85
2580,2165,2372,415
2069,1822,1945,247
2299,2147,2223,152
2313,2526,2419,213
2408,2626,2517,218
2233,2397,2315,164
2328,2131,2229,197
2233,2122,2177,111
2236,2388,2312,152
2256,2469,2362,213
2482,2539,2510,57
2104,2505,2304,401
2240,1988,2114,252
2025,2468,2246,443
2246,1917,2081,329
2395,2074,2234,321
2080,2252,2166,172
2438,2462,2450,24
2328,2524,2426,196
2530,2537,2533,7
2141,2084,2112,57
2423,2555,2489,132
2602,2416,2509,186
2128,2323,2225,195
2064,2529,2296,465
1936,2043,1989,107
2518,2558,2538,40
2348,2455,2401,107
2344,2152,2248,192
2412,2652,2532,240
2053,2474,2263,421
2494,2276,2385,218
2409,2469,2439,60
1925,1794,1859,131
2394,2396,2395,2
2342,2201,2271,141
2001,2077,2039,76
2607,2295,2451,312
2056,2088,2072,32
2194,2246,2220,52
2292,2256,2274,36
1741,1891,1816,150
2328,2531,2429,203
2514,2544,2529,30
2546,2881,2713,335
2045,2369,2207,324
2337,2492,2414,155
2490,2276,2383,214
2354,2378,2366,24
2112,1959,2035,153
2628,2593,2610,35
1597,1862,1729,265
2375,2281,2328,94
2484,2098,2291,386
2169,1917,2043,252
2194,1951,2072,243
2567,2447,2507,120
2642,2282,2462,360
2336,2134,2235,202
1944,2152,2048,208
2205,2282,2243,77
2278,2266,2272,12
2014,1626,1820,388
1763,1879,1821,116
2230,2038,2134,192
2230,2089,2159,141
2036,2256,2146,220
2022,2101,2061,79
2390,2228,2309,162
1827,2424,2125,597
2371,2491,2431,120
2452,2329,2390,123
2547,2691,2619,144
2090,2429,2259,339
2582,2554,2568,28
2351,2042,2196,309
2243,2463,2353,220
1878,1546,1712,332
2245,1939,2092,306
2282,2586,2434,304
2294,2226,2260,68
2651,2577,2614,74
2238,2064,2151,174
2308,2257,2282,51
2404,2644,2524,240
2549,2574,2561,25
2565,2534,2549,31
2094,1839,1966,255
2413,2228,2320,185
2365,2541,2453,176
2109,1938,2023,171
2456,2303,2379,153
2487,2595,2541,108
2533,2284,2408,249
2033,1919,1976,114
2659,2469,2564,190
2322,2401,2361,79
2387,2246,2316,141
2253,1756,2004,497
2036,2251,2143,215
2409,2435,2422,26
2005,2128,2066,123
1949,1827,1888,122
2073,1849,1961,224
2135,2098,2116,37
1888,2555,2221,667
2148,2195,2171,47
1893,2368,2130,475
2631,2529,2580,102
2014,2318,2166,304
1970,2211,2090,241
2292,2423,2357,131
2381,2244,2312,137
2269,2302,2285,33
1994,1865,1929,129
2435,2508,2471,73
2261,2202,2231,59
1907,2094,2000,187
2221,2475,2348,254
2113,2181,2147,68
2050,2084,2067,34
2362,2082,2222,280
2026,1614,1820,412
1855,1659,1757,196
1865,2008,1936,143
2017,1953,1985,64
1982,2096,2039,114
2556,2339,2447,217
2645,2402,2523,243
2177,1995,2086,182
2178,2161,2169,17
2055,2158,2106,103
2481,2653,2567,172
2179,2323,2251,144
2288,2384,2336,96
2760,2713,2736,47
2423,2491,2457,68
2195,2485,2340,290
2045,2179,2112,134
2276,2103,2189,173
2349,2485,2417,136
2382,2462,2422,80
2300,2055,2177,245
2265,2462,2363,197
2460,2534,2497,74
2645,2492,2568,153
2022,2097,2059,75
2620,2328,2474,292
1875,2079,1977,204
2404,2584,2494,180
2502,2031,2266,471
2504,2214,2359,290
2547,2408,2477,139
1982,1817,1899,165
2628,2772,2700,144
2052,2399,2225,347
2353,2479,2416,126
2671,2779,2725,108
2034,2129,2081,95
1904,2148,2026,244
1518,1929,1723,411
2505,2666,2585,161
2478,2044,2261,434
2040,2238,2139,198
1750,2056,1903,306
2617,2492,2554,125
2579,2535,2557,44
2438,2288,2363,150
1722,2054,1888,332
2397,2109,2253,288
2050,2124,2087,74
2473,2353,2413,120
2091,1675,1883,416
1607,1876,1741,269
2327,1996,2161,331
2038,1945,1991,93
2702,2321,2511,381
2265,2018,2141,247
2448,2354,2401,94
2469,2261,2365,208
2393,2198,2295,195
2069,2185,2127,116
2737,2773,2755,36
2387,2416,2401,29
2055,2381,2218,326
1795,1951,1873,156
2100,2106,2103,6
2291,1903,2097,388
1800,1788,1794,12
2228,2355,2291,127
2174,2274,2224,100
2545,2589,2567,44
2097,1761,1929,336
1910,2076,1993,166
1830,2011,1920,181
1918,1739,1828,179
2628,2235,2431,393
1981,1828,1904,153
2691,2706,2698,15
2153,2294,2223,141
2475,2312,2393,163
2077,1856,1966,221
2203,2046,2124,157
2138,2174,2156,36
2678,2582,2630,96
1999,1778,1888,221
2272,2056,2164,216
1838,2075,1956,237
2373,1951,2162,422
2368,2561,2464,193
2248,2004,2126,244
2483,2599,2541,116
2515,2187,2351,328
2436,2405,2420,31
2191,2397,2294,206
2108,2184,2146,76
2458,2427,2442,31
2191,2068,2129,123
2672,2666,2669,6
2176,1928,2052,248
2123,2372,2247,249
2413,2337,2375,76
2324,2386,2355,62
2271,1307,1789,964
2206,2427,2316,221
1576,1583,1579,7
1995,2226,2110,231
2171,1949,2060,222
2387,2184,2285,203
2338,2351,2344,13
2190,2051,2120,139
2547,2179,2363,368
2097,2308,2202,211
2071,2059,2065,12
2341,2401,2371,60
2363,2063,2213,300
2006,2129,2067,123
2364,2295,2329,69
2154,2215,2184,61
2323,2196,2259,127
2024,2505,2264,481
2436,2382,2409,54
2344,2179,2261,165
2638,2734,2686,96
1740,1548,1644,192
2117,2232,2174,115
2548,2568,2558,20
2206,2108,2157,98
2358,2455,2406,97
1996,2182,2089,186
2414,2606,2510,192
2489,2554,2521,65
2191,2562,2376,371
2563,2544,2553,19
1747,1518,1632,229
2116,1979,2047,137
2001,2236,2118,235
2383,2317,2350,66
2168,2289,2228,121
2219,1987,2103,232
2085,2203,2144,118
2206,2051,2128,155
2385,2331,2358,54
2495,2286,2390,209
2179,2402,2290,223
1919,1691,1805,228
2416,2563,2489,147
2027,1757,1892,270
2376,2204,2290,172
2394,2563,2478,169
2653,2531,2592,122
1921,2431,2176,510
2328,1956,2142,372
1682,1851,1766,169
1779,1984,1881,205
2437,2336,2386,101
2368,2508,2438,140
2641,2535,2588,106
2504,2304,2404,200
2407,2214,2310,193
2722,2725,2723,3
2407,2551,2479,144
2097,2481,2289,384
2134,2165,2149,31
2594,2154,2374,440
2636,2668,2652,32
2004,1967,1985,37
2073,2326,2199,253
2465,2513,2489,48
2251,2017,2134,234
2130,2037,2083,93
2398,2423,2410,25
2358,2524,2441,166
2542,2639,2590,97
2261,2084,2172,177
2502,2618,2560,116
2518,2374,2446,144
2543,2421,2482,122
1954,1839,1896,115
1980,1652,1816,328
2394,1963,2178,431
2215,2403,2309,188
2195,2418,2306,223
2300,2028,2164,272
2315,2011,2163,304
2169,2348,2258,179
1904,1625,1764,279
2334,2527,2430,193
2330,2378,2354,48
1792,1985,1888,193
2482,2272,2377,210
2645,2176,2410,469
2392,2181,2286,211
1941,2161,2051,220
2287,2337,2312,50
2616,2664,2640,48
2074,2157,2115,83
2679,2742,2710,63
2571,2389,2480,182
2267,2245,2256,22
2436,2363,2399,73
2616,2418,2517,198
2658,2563,2610,95
2162,1928,2045,234
2146,2067,2106,79
2451,2602,2526,151
2316,2402,2359,86
2080,2309,2194,229
2307,2409,2358,102
2574,2405,2489,169
2447,2617,2532,170
2018,2013,2015,5
2393,1947,2170,446
2203,2241,2222,38
2075,2377,2226,302
2573,2131,2352,442
2276,2255,2265,21
2215,2501,2358,286
2126,2285,2205,159
2510,2353,2431,157
2157,2256,2206,99
2344,2213,2278,131
2408,2135,2271,273
2484,2082,2283,402
1485,1683,1584,198
1785,1495,1640,290
2699,2606,2652,93
2559,2556,2557,3
2064,2198,2131,134
2243,2109,2176,134
2496,2339,2417,157
2324,2231,2277,93
2232,2034,2133,198
2301,2454,2377,153
2341,2397,2369,56
1347,1659,1503,312
2228,2325,2276,97
2244,2422,2333,178
1871,1499,1685,372
1952,2068,2010,116
2664,2614,2639,50
2394,2229,2311,165
1576,1839,1707,263
1647,2232,1939,585
1970,1924,1947,46
2179,2282,2230,103
2190,2377,2283,187
2122,1937,2029,185
2491,2442,2466,49
2217,2205,2211,12
2205,2053,2129,152
2267,2237,2252,30
2183,2322,2252,139
2291,2386,2338,95
2613,2698,2655,85
2601,2391,2496,210
2080,1899,1989,181
2091,1757,1924,334
2149,2512,2330,363
1848,1478,1663,370
1903,2172,2037,269
2705,2511,2608,194
2320,2166,2243,154
2089,2147,2118,58
1811,1853,1832,42
2459,2176,2317,283
2236,2217,2226,19
2082,2192,2137,110
1926,1735,1830,191
2471,2557,2514,86
2548,2416,2482,132
2578,2397,2487,181
2298,2496,2397,198
2191,2324,2257,133
2345,2335,2340,10
2554,2555,2554,1
2576,2285,2430,291
2134,2302,2218,168
2501,2408,2454,93
2215,2131,2173,84
2322,1878,2100,444
1763,1885,1824,122
2431,2626,2528,195
2375,2194,2284,181
2143,1937,2040,206
1903,2081,1992,178
2595,2374,2484,221
1520,1655,1587,135
2489,2543,2516,54
2570,2533,2551,37
2434,2228,2331,206
2414,2501,2457,87
2182,2301,2241,119
2446,2485,2465,39
2469,2502,2485,33
2340,2192,2266,148
2199,2426,2312,227
2180,2393,2286,213
2588,2302,2445,286
2678,2562,2620,116
2186,2604,2395,418
2039,1948,1993,91
2598,2438,2518,160
2146,1977,2061,169
2351,2328,2339,23
2279,2374,2326,95
2330,2035,2182,295
2530,2524,2527,6
2706,2056,2381,650
2020,2527,2273,507
2068,1718,1893,350
2413,2553,2483,140
1926,2017,1971,91
2226,1991,2108,235
2109,1905,2007,204
2762,2711,2736,51
2626,2571,2598,55
2208,2139,2173,69
2402,2224,2313,178
2324,2346,2335,22
2435,2234,2334,201
2481,2401,2441,80
2476,2248,2362,228
2321,2529,2425,208
2188,2134,2161,54
1745,2282,2013,537
2277,2375,2326,98
1905,2072,1988,167
2445,2431,2438,14
1866,1947,1906,81
2293,2468,2380,175
2663,2501,2582,162
2529,2445,2487,84
1946,2263,2104,317
2519,2296,2407,223
2291,2285,2288,6
2313,2614,2463,301
1983,2146,2064,163
2086,2387,2236,301
2137,1979,2058,158
2333,2007,2170,326
2520,2321,2420,199
2240,2486,2363,246
1995,2127,2061,132
2148,2023,2085,125
2422,2106,2264,316
2689,2648,2668,41
2099,1601,1850,498
2306,2207,2256,99
1784,2245,2014,461
2163,2215,2189,52
2161,2052,2106,109
2236,2338,2287,102
2191,2523,2357,332
2291,2421,2356,130
2417,2378,2397,39
1923,1625,1774,298
2291,2386,2338,95
2801,2706,2753,95
2072,2384,2228,312
2299,2444,2371,145
2389,2548,2468,159
2181,2552,2366,371
1702,1405,1553,297
2288,2013,2150,275
2632,2542,2587,90
2402,2229,2315,173
2677,2459,2568,218
2692,2426,2559,266
2220,2451,2335,231
1960,2144,2052,184
2296,1994,2145,302
1873,1578,1725,295
2321,2515,2418,194
1867,2008,1937,141
2238,2443,2340,205
2505,2196,2350,309
1890,2257,2073,367
2098,2276,2187,178
2206,2301,2253,95
2326,2509,2417,183
2355,2115,2235,240
2239,2312,2275,73
1555,1722,1638,167
2239,2035,2137,204
2625,2484,2554,141
2500,2531,2515,31
2307,2007,2157,300
2466,2213,2339,253
2473,2222,2347,251
2575,2544,2559,31
2378,2787,2582,409
2429,2379,2404,50
2313,2225,2269,88
2462,2182,2322,280
2166,1929,2047,237
2118,1795,1956,323
2027,2313,2170,286
2622,2406,2514,216
2753,2751,2752,2
2203,2047,2125,156
2166,1853,2009,313
2098,2006,2052,92
1983,2141,2062,158
2429,2559,2494,130
1394,1537,1465,143
2641,2645,2643,4
1875,1659,1767,216
2726,2816,2771,90
1922,2151,2036,229
2317,2472,2394,155
2229,1841,2035,388
2121,1881,2001,240
2083,2492,2287,409
2130,1844,1987,286
2020,2015,2017,5
2242,1681,1961,561
2258,2321,2289,63
1608,2092,1850,484
2144,2072,2108,72
1682,1781,1731,99
2006,2025,2015,19
2074,2009,2041,65
2010,2121,2065,111
1920,1381,1650,539
1891,2326,2108,435
2722,2589,2655,133
2495,2501,2498,6
1704,2124,1914,420
2247,2098,2172,149
2293,2579,2436,286
2023,2348,2185,325
2269,2081,2175,188
2635,2567,2601,68
2491,2069,2280,422
2165,1985,2075,180
2271,2277,2274,6
2638,2581,2609,57
2556,2696,2626,140
2152,2188,2170,36
2496,2666,2581,170
1734,1866,1800,132
2123,2267,2195,144
2531,2515,2523,16
1916,2097,2006,181
2486,2339,2412,147
2282,1984,2133,298
2568,2268,2418,300
2168,2448,2308,280
2508,2225,2366,283
1712,1883,1797,171
2469,2376,2422,93
2200,2044,2122,156
2267,2338,2302,71
2498,2392,2445,106
1932,2087,2009,155
1999,2049,2024,50
2162,1861,2011,301
2030,1987,2008,43
2302,2006,2154,296
1994,2564,2279,570
2359,2227,2293,132
2468,2446,2457,22
2264,2422,2343,158
2526,2701,2613,175
2498,2293,2395,205
1780,2021,1900,241
2572,2383,2477,189
2661,2383,2522,278
2137,2322,2229,185
2501,2507,2504,6
2471,2237,2354,234
1962,2323,2142,361
2506,2338,2422,168
2338,2548,2443,210
2731,2757,2744,26
2682,2488,2585,194
2705,1856,2280,849
2497,2498,2497,1
2005,2353,2179,348
1673,1881,1777,208
2362,2234,2298,128
1858,2219,2038,361
2534,2316,2425,218
1970,2483,2226,513
1882,2111,1996,229
2321,2077,2199,244
2700,2566,2633,134
1764,2424,2094,660
2492,2619,2555,127
2285,1903,2094,382
2227,2405,2316,178
2520,2624,2572,104
1736,2047,1891,311
2253,2088,2170,165
2336,2418,2377,82
1958,1836,1897,122
2243,2245,2244,2
1961,2172,2066,211
2074,2368,2221,294
2246,1934,2090,312
1683,2165,1924,482
2317,2047,2182,270
2409,2357,2383,52
2364,2105,2234,259
2429,2269,2349,160
2607,2078,2342,529
2261,2204,2232,57
2374,1916,2145,458
1795,1849,1822,54
2132,2046,2089,86
2380,2227,2303,153
2227,2402,2314,175
2670,2183,2426,487
2562,2276,2419,286
2439,2187,2313,252
2130,1894,2012,236
2482,2437,2459,45
2252,1828,2040,424
1954,2424,2189,470
2181,2265,2223,84
2351,2456,2403,105
2252,2448,2350,196
1992,1792,1892,200
2043,2486,2264,443
2132,1946,2039,186
1845,1679,1762,166
2383,2534,2458,151
2270,2527,2398,257
2526,2237,2381,289
2349,2427,2388,78
2488,2174,2331,314
2308,2161,2234,147
1797,2078,1937,281
2116,1793,1954,323
1706,1575,1640,131
2154,1935,2044,219
2480,2297,2388,183
1857,2245,2051,388
1355,2403,1879,1048
1324,1669,1496,345
1605,1914,1759,309
2097,1966,2031,131
2466,2255,2360,211
2066,2263,2164,197
1738,2288,2013,550
1943,2001,1972,58
2230,2503,2366,273
2539,2645,2592,106
2407,2088,2247,319
1992,1794,1893,198
2158,2113,2135,45
2696,2642,2669,54
1914,1803,1858,111
1514,1856,1685,342
2773,2734,2753,39
1791,1626,1708,165
2147,2006,2076,141
2189,1992,2090,197
2283,1937,2110,346
2334,2244,2289,90
2069,2287,2178,218
2651,2657,2654,6
2005,2108,2056,103
2523,2245,2384,278
2431,2151,2291,280
1996,2109,2052,113
2560,2459,2509,101
2367,2037,2202,330
2407,2428,2417,21
2686,2313,2499,373
2528,2222,2375,306
2178,2292,2235,114
2389,2464,2426,75
2220,1941,2080,279
2405,2279,2342,126
1880,2177,2028,297
2639,2606,2622,33
2038,1649,1843,389
2153,1808,1980,345
1800,1981,1890,181
2252,2335,2293,83
2289,2537,2413,248
1546,1756,1651,210
1975,2214,2094,239
2006,1882,1944,124
2091,1761,1926,330
2297,1995,2146,302
2342,2541,2441,199
2320,2462,2391,142
2417,2104,2260,313
1788,2035,1911,247
2238,2465,2351,227
2662,2363,2512,299
1945,2245,2095,300
2167,2143,2155,24
2696,2607,2651,89
2231,2347,2289,116
2227,2227,2227,0
2414,1713,2063,701
2168,1992,2080,176
2430,1889,2159,541
2700,2245,2472,455
2358,2331,2344,27
2518,2619,2568,101
2417,1993,2205,424
2060,1809,1934,251
2355,2218,2286,137
1909,2211,2060,302
2198,2369,2283,171
1789,2213,2001,424
2474,2276,2375,198
1981,2298,2139,317
2435,2594,2514,159
2503,2335,2419,168
1798,1752,1775,46
2042,1571,1806,471
2542,2393,2467,149
2335,2436,2385,101
1732,2008,1870,276
2522,2603,2562,81
1690,2248,1969,558
2320,2423,2371,103
1963,1798,1880,165
1881,2141,2011,260
1647,1399,1523,248
1803,2215,2009,412
2107,2388,2247,281
2643,2556,2599,87
2198,2117,2157,81
2213,1898,2055,315
1676,1528,1602,148
2198,2521,2359,323
2398,2187,2292,211
2543,2605,2574,62
2005,1912,1958,93
2715,2707,2711,8
2305,2458,2381,153
2096,2028,2062,68
2381,2212,2296,169
2024,2269,2146,245
2262,2174,2218,88
2308,1979,2143,329
2572,2679,2625,107
2431,2192,2311,239
2399,2025,2212,374
2341,2097,2219,244
2608,2277,2442,331
2687,2617,2652,70
2597,2404,2500,193
2392,2377,2384,15
2030,2027,2028,3
2651,2498,2574,153
2172,2049,2110,123
2201,2183,2192,18
2130,2327,2228,197
2723,2721,2722,2
1805,2132,1968,327
1801,1614,1707,187
2577,2711,2644,134
2674,2397,2535,277
1573,2023,1798,450
1941,2215,2078,274
2491,2491,2491,0
2254,2387,2320,133
2397,2549,2473,152
2572,2384,2478,188
2012,1908,1960,104
2387,2216,2301,171
2637,1782,2209,855
2241,2312,2276,71
2376,2293,2334,83
2340,2212,2276,128
2274,2352,2313,78
1812,2043,1927,231
2269,2439,2354,170
2330,2131,2230,199
2388,1783,2085,605
2339,2224,2281,115
2069,1959,2014,110
2317,2228,2272,89
2698,2733,2715,35
2337,2347,2342,10
1880,2044,1962,164
2097,2442,2269,345
2128,2335,2231,207
1957,2074,2015,117
1708,2016,1862,308
2579,2277,2428,302
2088,2426,2257,338
2191,1998,2094,193
2457,2446,2451,11
2185,2021,2103,164
2517,2333,2425,184
1647,1602,1624,45
2226,2489,2357,263
2379,2303,2341,76
2274,2077,2175,197
2445,1841,2143,604
2721,2783,2752,62
1534,1781,1657,247
2442,2425,2433,17
1982,2041,2011,59
2613,2478,2545,135
2485,2326,2405,159
2185,2112,2148,73
2605,2495,2550,110
2754,2721,2737,33
1884,2228,2056,344
1749,1514,1631,235
2510,2213,2361,297
2724,2565,2644,159
2399,2559,2479,160
2259,2125,2192,134
1984,1674,1829,310
2560,2315,2437,245
2098,2222,2160,124
2612,2543,2577,69
1605,2012,1808,407
1922,1899,1910,23
2427,2542,2484,115
2178,1897,2037,281
2349,2213,2281,136
2170,2364,2267,194
2209,2435,2322,226
2278,2449,2363,171
2312,2237,2274,75
2093,2257,2175,164
2625,2701,2663,76
2484,2027,2255,457
2188,2384,2286,196
1893,2457,2175,564
2092,2186,2139,94
2685,2622,2653,63
2533,2635,2584,102
2370,2435,2402,65
1520,1711,1615,191
2632,2656,2644,24
2064,1888,1976,176
2427,2528,2477,101
2318,2304,2311,14
2168,1713,1940,455
2112,1863,1987,249
2501,2606,2553,105
2468,2314,2391,154
2022,2163,2092,141
2411,2461,2436,50
2359,2421,2390,62
1998,2102,2050,104
2650,2614,2632,36
2150,2081,2115,69
2509,2456,2482,53
2281,2115,2198,166
2567,2629,2598,62
2103,2186,2144,83
2412,2386,2399,26
2500,2149,2324,351
2044,1786,1915,258
2257,2162,2209,95
1683,2157,1920,474
2299,2254,2276,45
2093,2347,2220,254
2473,2068,2270,405
2490,2453,2471,37
2065,2266,2165,201
1734,1531,1632,203
2248,2303,2275,55
2190,2573,2381,383
2161,1955,2058,206
2000,2438,2219,438
1839,2276,2057,437
2457,2362,2409,95
1947,1747,1847,200
2579,2442,2510,137
2077,1903,1990,174
2354,2459,2406,105
2072,2437,2254,365
2286,2451,2368,165
2037,2352,2194,315
2215,1956,2085,259
2464,2385,2424,79
2112,1808,1960,304
1949,2315,2132,366
2610,2504,2557,106
2274,2358,2316,84
1928,2164,2046,236
2502,2524,2513,22
2458,2114,2286,344
1971,2242,2106,271
2458,2526,2492,68
2376,2629,2502,253
2101,1922,2011,179
2288,2441,2364,153
2222,2149,2185,73
2159,2307,2233,148
2202,2158,2180,44
2398,2729,2563,331
2315,2447,2381,132
2157,2305,2231,148
2065,1803,1934,262
2101,2238,2169,137
2408,2106,2257,302
2312,2499,2405,187
2612,2582,2597,30
2054,2126,2090,72
1806,1845,1825,39
2215,1965,2090,250
2160,1709,1934,451
2536,2422,2479,114
2332,2663,2497,331
2039,1929,1984,110
2217,2017,2117,200
2778,2684,2731,94
2222,2355,2288,133
2358,2371,2364,13
1954,2082,2018,128
2317,2412,2364,95
2297,2363,2330,66
2567,2359,2463,208
2345,2339,2342,6
2083,1645,1864,438
2245,1963,2104,282
2243,2256,2249,13
2459,2556,2507,97
2379,2618,2498,239
2406,2304,2355,102
2401,2457,2429,56
2119,1938,2028,181
2352,1982,2167,370
2444,2034,2239,410
2378,2287,2332,91
2545,2511,2528,34
2388,2521,2454,133
1945,2023,1984,78
1828,2195,2011,367
2405,2592,2498,187
2522,2054,2288,468
1966,2053,2009,87
1951,2054,2002,103
2293,2116,2204,177
2527,2282,2404,245
2327,2518,2422,191
2763,2548,2655,215
2237,2306,2271,69
2201,2327,2264,126
2546,2775,2660,229
1990,1661,1825,329
2429,2452,2440,23
2709,2801,2755,92
2679,2617,2648,62
1979,2251,2115,272
2074,2433,2253,359
2442,2261,2351,181
2245,1938,2091,307
2707,2163,2435,544
1737,1797,1767,60
2566,2412,2489,154
2622,2657,2639,35
1648,1854,1751,206
2544,2637,2590,93
2309,2457,2383,148
2538,2485,2511,53
1959,2345,2152,386
2452,2275,2363,177
2300,2423,2361,123
2010,1924,1967,86
2255,2118,2186,137
1659,1784,1721,125
2460,2402,2431,58
2433,2559,2496,126
2287,2565,2426,278
2216,2182,2199,34
2456,2132,2294,324
2198,2537,2367,339
1928,2191,2059,263
1595,1924,1759,329
2430,2363,2396,67
2361,2143,2252,218
1708,1912,1810,204
2490,2191,2340,299
2414,2339,2376,75
2283,2082,2182,201
2007,1758,1882,249
2038,1936,1987,102
2077,2293,2185,216
2338,2041,2189,297
2496,2358,2427,138
2410,2171,2290,239
2698,2261,2479,437
2499,2421,2460,78
2738,2525,2631,213
1823,1699,1761,124
2142,2011,2076,131
2537,2575,2556,38
1934,2517,2225,583
1717,2174,1945,457
1947,2094,2020,147
2231,2176,2203,55
2250,1991,2120,259
1978,2505,2241,527
2248,2438,2343,190
2349,2104,2226,245
2271,2046,2158,225
2641,2571,2606,70
2154,2338,2246,184
2707,2555,2631,152
1989,2166,2077,177
1896,2028,1962,132
2210,2504,2357,294
1787,1684,1735,103
1924,2088,2006,164
2326,2352,2339,26
2276,2434,2355,158
2642,2589,2615,53
2397,2245,2321,152
1976,1605,1790,371
2499,2483,2491,16
2319,1999,2159,320
2098,1901,1999,197
1916,2304,2110,388
2403,1989,2196,414
2003,2126,2064,123
1540,1872,1706,332
2083,2325,2204,242
2115,1834,1974,281
2612,2641,2626,29
2083,2405,2244,322
2274,2579,2426,305
2338,2468,2403,130
2284,2523,2403,239
2285,2168,2226,117
2523,2518,2520,5
2234,2115,2174,119
2734,2763,2748,29
1960,1499,1729,461
2514,2405,2459,109
2554,2557,2555,3
2594,2642,2618,48
2272,2267,2269,5
2344,2455,2399,111
2654,2177,2415,477
2059,1808,1933,251
2527,2248,2387,279
2555,2389,2472,166
2326,2062,2194,264
2016,2261,2138,245
2304,2292,2298,12
2525,2565,2545,40
2621,2687,2654,66
2727,2577,2652,150
2433,2402,2417,31
2020,2078,2049,58
2209,1752,1980,457
2439,2582,2510,143
2028,2438,2233,410
2256,2124,2190,132
2372,1926,2149,446
2493,2372,2432,121
1994,1793,1893,201
2404,2663,2533,259
2129,1803,1966,326
2155,2158,2156,3
2562,2276,2419,286
2127,1932,2029,195
1419,2032,1725,613
2185,1978,2081,207
1999,2272,2135,273
2238,2448,2343,210
2376,2346,2361,30
1961,2172,2066,211
2335,2543,2439,208
2446,1982,2214,464
2455,2674,2564,219
2176,2331,2253,155
2492,2075,2283,417
1641,1962,1801,321
2625,2699,2662,74
2128,2306,2217,178
2193,2099,2146,94
2518,2404,2461,114
2274,2198,2236,76
1935,1802,1868,133
2267,2123,2195,144
2528,2434,2481,94
2530,2334,2432,196
2027,1824,1925,203
2522,2631,2576,109
1852,1657,1754,195
2203,2428,2315,225
1831,2115,1973,284
2451,2072,2261,379
2495,2601,2548,106
2455,2574,2514,119
1824,2012,1918,188
1848,2128,1988,280
2282,2368,2325,86
2011,2197,2104,186
2460,2448,2454,12
1642,2339,1990,697
2586,2435,2510,151
2309,2279,2294,30
2184,2292,2238,108
2394,2466,2430,72
2156,1965,2060,191
2117,2273,2195,156
1789,1928,1858,139
2051,2369,2210,318
2170,2131,2150,39
2179,1744,1961,435
2439,2314,2376,125
2701,2616,2658,85
2295,1964,2129,331
2240,2256,2248,16
2502,2475,2488,27
2277,2195,2236,82
2024,2031,2027,7
2201,2406,2303,205
1882,2078,1980,196
2300,2532,2416,232
2338,2489,2413,151
2577,2233,2405,344
2313,2406,2359,93
2546,2247,2396,299
2204,1915,2059,289
2497,2017,2257,480
2554,2461,2507,93
2251,2466,2358,215
2722,2562,2642,160
2413,2641,2527,228
2136,2353,2244,217
2157,2205,2181,48
2444,2189,2316,255
2473,2373,2423,100
2668,2697,2682,29
2391,2443,2417,52
2557,2336,2446,221
2028,1822,1925,206
1989,1848,1918,141
2572,2391,2481,181
2204,1733,1968,471
1985,1858,1921,127
2463,2245,2354,218
2516,2216,2366,300
1932,1771,1851,161
2614,2305,2459,309
2172,1997,2084,175
2446,2188,2317,258
2298,2199,2248,99
2546,2683,2614,137
1747,1875,1811,128
2519,2705,2612,186
2526,2625,2575,99
1960,1546,1753,414
2552,2461,2506,91
1674,2092,1883,418
2535,1909,2222,626
2580,2655,2617,75
2497,2375,2436,122
2373,2591,2482,218
2571,1988,2279,583
1878,2331,2104,453
1726,1893,1809,167
2472,2547,2509,75
2221,2309,2265,88
2297,2248,2272,49
2024,1507,1765,517
2169,2127,2148,42
2282,2388,2335,106
2300,2578,2439,278
2337,1937,2137,400
2539,2422,2480,117
2283,2469,2376,186
2332,2056,2194,276
2318,2572,2445,254
1986,2432,2209,446
2470,2139,2304,331
2565,2448,2506,117
2394,2506,2450,112
1823,2074,1948,251
2322,2547,2434,225
2259,2012,2135,247
2448,2137,2292,311
2170,2064,2117,106
2196,1871,2033,325
2466,2742,2604,276
1965,2086,2025,121
2277,2272,2274,5
2081,2257,2169,176
2534,2325,2429,209
2300,2013,2156,287
2136,2455,2295,319
2439,2103,2271,336
1946,2401,2173,455
2214,2507,2360,293
2535,2403,2469,132
2311,2582,2446,271
2107,2134,2120,27
2496,2499,2497,3
2506,2708,2607,202
2276,2471,2373,195
2328,2123,2225,205
2268,2171,2219,97
2300,2392,2346,92
2240,2389,2314,149
2526,2011,2268,515
2161,2423,2292,262
2378,2406,2392,28
2480,2286,2383,194
2477,2437,2457,40
2451,2554,2502,103
2118,2336,2227,218
2209,2181,2195,28
2489,2391,2440,98
2407,2511,2459,104
2312,2488,2400,176
2115,1946,2030,169
2290,2576,2433,286
2129,2498,2313,369
2547,2499,2523,48
2344,1858,2101,486
2502,2502,2502,0
2152,2385,2268,233
2369,2042,2205,327
2396,2026,2211,370
2405,2341,2373,64
2414,2072,2243,342
1900,2073,1986,173
1877,1905,1891,28
1993,2039,2016,46
1810,1843,1826,33
2079,2099,2089,20
2167,2057,2112,110
2113,1864,1988,249
2545,2616,2580,71
2024,1716,1870,308
2133,2481,2307,348
2102,2237,2169,135
1964,2203,2083,239
2529,2438,2483,91
2200,2482,2341,282
2529,2302,2415,227
2324,2165,2244,159
2739,2503,2621,236
2337,2235,2286,102
1844,2101,1972,257
2148,2371,2259,223
2522,1757,2139,765
2437,2188,2312,249
2188,2312,2250,124
2310,2457,2383,147
1901,1445,1673,456
1998,2291,2144,293
2394,2414,2404,20
2401,2376,2388,25
2166,2296,2231,130
1952,1718,1835,234
1490,1641,1565,151
2656,2689,2672,33
2276,2068,2172,208
2577,2539,2558,38
2209,2212,2210,3
2176,2264,2220,88
2201,2293,2247,92
2284,2421,2352,137
2361,2084,2222,277
1937,2064,2000,127
2059,2354,2206,295
2084,2332,2208,248
2498,2306,2402,192
2198,2214,2206,16
1734,2017,1875,283
2305,2162,2233,143
2268,2278,2273,10
2196,2322,2259,126
2625,2602,2613,23
2526,2548,2537,22
2442,2299,2370,143
2245,2415,2330,170
2662,2114,2388,548
2037,1995,2016,42
1704,2364,2034,660
2137,2111,2124,26
2168,2564,2366,396
2429,2473,2451,44
2490,2458,2474,32
2202,2347,2274,145
2217,2205,2211,12
2019,1933,1976,86
2432,2252,2342,180
2443,2556,2499,113
2550,2481,2515,69
2639,2537,2588,102
2648,2469,2558,179
2302,2483,2392,181
2093,2287,2190,194
1983,1967,1975,16
1611,1874,1742,263
2181,2121,2151,60
2350,2008,2179,342
2466,2321,2393,145
1736,1833,1784,97
2582,2142,2362,440
1965,2298,2131,333
1873,2093,1983,220
2076,2252,2164,176
2286,2048,2167,238
2620,2441,2530,179
2141,2249,2195,108
2582,2489,2535,93
2288,1743,2015,545
2098,2082,2090,16
1880,1691,1785,189
1847,2025,1936,178
2674,2488,2581,186
2335,2606,2470,271
2248,2438,2343,190
2499,2385,2442,114
2220,2299,2259,79
2205,2137,2171,68
2496,2427,2461,69
1910,2161,2035,251
2449,2613,2531,164
2081,1853,1967,228
2604,2692,2648,88
1908,1711,1809,197
1774,1546,1660,228
1905,1618,1761,287
1790,2191,1990,401
1960,1835,1897,125
1887,1828,1857,59
2066,2495,2280,429
2382,2564,2473,182
1602,1853,1727,251
1511,1991,1751,480
2035,2276,2155,241
2169,2363,2266,194
2381,2634,2507,253
2466,2316,2391,150
2101,1975,2038,126
1985,2318,2151,333
2352,2367,2359,15
2258,2385,2321,127
2213,2487,2350,274
2488,2089,2288,399
2475,2501,2488,26
1913,1793,1853,120
2327,2274,2300,53
2002,2429,2215,427
2456,2335,2395,121
2464,2363,2413,101
1884,1778,1831,106
2236,2162,2199,74
2231,2089,2160,142
1821,1907,1864,86
1783,2041,1912,258
2247,2583,2415,336
1953,1512,1732,441
2287,2159,2223,128
2513,2185,2349,328
2306,2212,2259,94
1636,1873,1754,237
2723,2745,2734,22
1808,2154,1981,346
2403,2138,2270,265
2243,1847,2045,396
2023,2043,2033,20
2145,2036,2090,109
2239,2075,2157,164
1984,2198,2091,214
2386,2506,2446,120
2552,2354,2453,198
2452,2537,2494,85
2581,2598,2589,17
2454,2412,2433,42
2101,2546,2323,445
2556,2533,2544,23
2174,2032,2103,142
2379,2116,2247,263
2401,2196,2298,205
1664,1909,1786,245
2002,2563,2282,561
2007,2281,2144,274
2369,2457,2413,88
2254,2525,2389,271
1906,2043,1974,137
2548,2003,2275,545
2375,2123,2249,252
1773,1946,1859,173
2658,2486,2572,172
2324,2042,2183,282
2125,2305,2215,180
2440,2402,2421,38
2663,2654,2658,9
2166,2322,2244,156
2497,2326,2411,171
2438,2164,2301,274
2575,2186,2380,389
2557,2157,2357,400
2234,2109,2171,125
2474,2416,2445,58
2286,2337,2311,51
2346,2331,2338,15
2515,2531,2523,16
2539,2311,2425,228
2170,2082,2126,88
2256,2458,2357,202
2262,2233,2247,29
2167,1895,2031,272
2262,2258,2260,4
1970,2054,2012,84
2339,1885,2112,454
2487,2167,2327,320
2240,2045,2142,195
2205,2374,2289,169
2221,1844,2032,377
2179,2417,2298,238
2113,2225,2169,112
2505,2224,2364,281
2416,2358,2387,58
2254,2459,2356,205
2190,2304,2247,114
1858,1967,1912,109
2125,2116,2120,9
2434,2189,2311,245
2586,2544,2565,42
2351,2321,2336,30
2493,2607,2550,114
2475,2318,2396,157
2200,2363,2281,163
2392,2601,2496,209
2632,2519,2575,113
2127,2238,2182,111
2028,2091,2059,63
2460,1946,2203,514
2245,2114,2179,131
1783,1985,1884,202
2648,2619,2633,29
2337,2105,2221,232
2400,2527,2463,127
2450,2288,2369,162
2549,2655,2602,106
2250,2342,2296,92
2025,2195,2110,170
2717,2726,2721,9
2312,2261,2286,51
2253,2037,2145,216
2094,2446,2270,352
2222,2249,2235,27
2635,2594,2614,41
2284,2461,2372,177
2389,2412,2400,23
2428,1931,2179,497
2132,1948,2040,184
2418,2368,2393,50
2249,1792,2020,457
2652,2553,2602,99
1728,1585,1656,143
2094,2081,2087,13
2039,2132,2085,93
1926,2463,2194,537
2153,2287,2220,134
2039,2435,2237,396
2242,2307,2274,65
2365,2485,2425,120
2557,2542,2549,15
2427,2326,2376,101
2210,2144,2177,66
2178,2366,2272,188
2413,2176,2294,237
2635,2679,2657,44
1818,1916,1867,98
2390,2171,2280,219
2561,2402,2481,159
1531,1763,1647,232
2445,2104,2274,341
2155,1969,2062,186
2510,2402,2456,108
2540,2258,2399,282
2387,1942,2164,445
2414,2131,2272,283
2458,2479,2468,21
2412,2409,2410,3
2487,2387,2437,100
2037,2391,2214,354
1941,1828,1884,113
2426,2579,2502,153
2305,2025,2165,280
2002,2433,2217,431
2554,2389,2471,165
2363,2567,2465,204
2633,2526,2579,107
2313,2495,2404,182
2130,2026,2078,104
2023,1799,1911,224
2062,2396,2229,334
2631,2244,2437,387
2011,2181,2096,170
2315,2063,2189,252
2022,1851,1936,171
2358,2328,2343,30
2441,2165,2303,276
2132,2103,2117,29
1641,1778,1709,137
2196,2035,2115,161
2299,2434,2366,135
2023,2423,2223,400
2121,2342,2231,221
1943,2123,2033,180
1964,2171,2067,207
2119,2166,2142,47
2460,2486,2473,26
1921,1985,1953,64
2318,2004,2161,314
1755,1471,1613,284
2205,1897,2051,308
2349,2049,2199,300
2171,2328,2249,157
2174,2206,2190,32
2111,2412,2261,301
2015,2231,2123,216
2664,2144,2404,520
2112,2129,2120,17
2258,2501,2379,243
2127,2073,2100,54
2593,2329,2461,264
2571,2513,2542,58
2475,2625,2550,150
2531,2136,2333,395
2522,2336,2429,186
2402,1946,2174,456
2428,2423,2425,5
2170,2034,2102,136
2470,2595,2532,125
1498,1531,1514,33
2525,2376,2450,149
2217,2401,2309,184
1756,1896,1826,140
1680,1831,1755,151
2547,2487,2517,60
2429,2429,2429,0
2289,2395,2342,106
1730,1875,1802,145
2638,2502,2570,136
2038,2241,2139,203
2572,2568,2570,4
2282,2285,2283,3
1998,1858,1928,140
2194,2269,2231,75
1964,2174,2069,210
2465,2337,2401,128
2409,2209,2309,200
1914,1732,1823,182
2064,2318,2191,254
2368,2622,2495,254
2112,2326,2219,214
2202,2032,2117,170
2296,2458,2377,162
2281,2375,2328,94
2085,1911,1998,174
2191,2465,2328,274
1944,1561,1752,383
2442,2389,2415,53
1841,1829,1835,12
2130,2186,2158,56
2244,1725,1984,519
2153,1765,1959,388
2140,1881,2010,259
1703,1637,1670,66
2225,2118,2171,107
2293,2264,2278,29
2322,2139,2230,183
1642,1511,1576,131
1851,1723,1787,128
2497,2186,2341,311
2417,2195,2306,222
1896,2048,1972,152
2370,2345,2357,25
2766,2748,2757,18
2016,2087,2051,71
2347,2616,2481,269
2264,2096,2180,168
2270,2159,2214,111
2156,2206,2181,50
2257,2194,2225,63
2006,2519,2262,513
2273,2396,2334,123
2610,2704,2657,94
1864,2031,1947,167
1431,2167,1799,736
2246,1915,2080,331
1961,1658,1809,303
1994,2228,2111,234
2211,1777,1994,434
2451,2369,2410,82
1679,1795,1737,116
2204,1955,2079,249
2345,2198,2271,147
2466,2556,2511,90
2488,2357,2422,131
2568,2446,2507,122
2177,1921,2049,256
2002,2365,2183,363
2082,2206,2144,124
2048,2265,2156,217
2018,1938,1978,80
2153,2402,2277,249
2041,2269,2155,228
2501,2709,2605,208
2554,2517,2535,37
2167,2003,2085,164
2668,2149,2408,519
2526,2246,2386,280
2026,2314,2170,288
1848,1532,1690,316
2464,2632,2548,168
1832,2087,1959,255
1988,2291,2139,303
1274,1607,1440,333
1661,1262,1461,399
2226,1959,2092,267
2248,2435,2341,187
2504,2452,2478,52
2223,2233,2228,10
2568,1992,2280,576
2646,2664,2655,18
2224,2378,2301,154
2619,2312,2465,307
2329,2334,2331,5
2258,2094,2176,164
2014,2061,2037,47
1935,1723,1829,212
2472,2426,2449,46
2190,2156,2173,34
2167,1855,2011,312
2100,2305,2202,205
2376,2607,2491,231
2310,2459,2384,149
2368,1851,2109,517
2274,2209,2241,65
2779,2548,2663,231
2387,1983,2185,404
2250,2275,2262,25
2157,2369,2263,212
2280,2373,2326,93
2024,2275,2149,251
2655,2252,2453,403
1942,2509,2225,567
2478,2358,2418,120
2138,2182,2160,44
2236,2002,2119,234
2507,2571,2539,64
2057,1962,2009,95
2370,2786,2578,416
1664,1455,1559,209
2389,2079,2234,310
2349,2154,2251,195
2173,2292,2232,119
2290,2629,2459,339
2389,2286,2337,103
2511,2377,2444,134
2206,2125,2165,81
2460,2446,2453,14
2094,2078,2086,16
2214,2368,2291,154
1679,1966,1822,287
2314,2462,2388,148
2282,2448,2365,166
2028,2058,2043,30
2432,2152,2292,280
2050,1848,1949,202
2518,2639,2578,121
1991,2275,2133,284
2426,2325,2375,101
2314,1971,2142,343
1521,1881,1701,360
2352,2252,2302,100
2383,2569,2476,186
2401,1941,2171,460
2336,2235,2285,101
2524,2589,2556,65
1982,2185,2083,203
2753,2864,2808,111
2531,2447,2489,84
2046,1961,2003,85
2402,2331,2366,71
2224,2466,2345,242
1512,1843,1677,331
2523,2376,2449,147
2129,2014,2071,115
2501,2144,2322,357
2134,2539,2336,405
2723,2632,2677,91
2133,1818,1975,315
2383,2603,2493,220
2225,2351,2288,126
2306,2291,2298,15
2322,2209,2265,113
2580,2293,2436,287
2117,2032,2074,85
2486,2628,2557,142
2079,1911,1995,168
2517,2285,2401,232
2408,2145,2276,263
2436,2477,2456,41
2547,2174,2360,373
2016,2103,2059,87
2323,2258,2290,65
2347,2591,2469,244
2327,2367,2347,40
2164,2398,2281,234
2174,2371,2272,197
2022,1811,1916,211
2531,2362,2446,169
2744,2772,2758,28
2155,2558,2356,403
2178,2347,2262,169
2707,2185,2446,522
2417,2235,2326,182
2066,2226,2146,160
2101,1889,1995,212
2323,1959,2141,364
1937,1968,1952,31
2281,1819,2050,462
2250,2235,2242,15
2262,2199,2230,63
1583,1932,1757,349
2309,2237,2273,72
2678,2743,2710,65
2172,2251,2211,79
2044,2298,2171,254
2316,2052,2184,264
2098,2414,2256,316
2184,2363,2273,179
2262,2438,2350,176
2082,2251,2166,169
2345,2173,2259,172
2147,1942,2044,205
2330,2174,2252,156
2278,2015,2146,263
1980,1612,1796,368
2069,1916,1992,153
2578,2359,2468,219
2599,2614,2606,15
2119,2304,2211,185
2178,2035,2106,143
2349,2055,2202,294
2089,1672,1880,417
2259,2195,2227,64
1641,2439,2040,798
1782,1621,1701,161
2400,2594,2497,194
2002,2167,2084,165
2493,2493,2493,0
2008,2285,2146,277
1851,2363,2107,512
2059,2171,2115,112
2038,2399,2218,361
2394,2257,2325,137
2650,2542,2596,108
2312,2099,2205,213
2217,2507,2362,290
2328,2517,2422,189
2076,2291,2183,215
2354,2576,2465,222
2446,2503,2474,57
2136,2177,2156,41
2079,1791,1935,288
1923,2133,2028,210
1952,2085,2018,133
2174,2194,2184,20
2260,2072,2166,188
1863,1987,1925,124
2210,2083,2146,127
1791,2251,2021,460
2108,2301,2204,193
2104,2197,2150,93
2551,2414,2482,137
2071,2582,2326,511
2530,2333,2431,197
2341,2491,2416,150
2500,2402,2451,98
2520,2573,2546,53
2552,2206,2379,346
2260,1739,1999,521
2140,2374,2257,234
2583,2281,2432,302
2029,2351,2190,322
1796,2446,2121,650
2650,2723,2686,73
2233,2039,2136,194
2119,2533,2326,414
1908,2148,2028,240
2357,2307,2332,50
2115,2277,2196,162
2312,2194,2253,118
2226,2055,2140,171
2528,2358,2443,170
1985,2213,2099,228
2204,2315,2259,111
2158,1912,2035,246
2009,2552,2280,543
2232,2406,2319,174
2274,2382,2328,108
1917,2308,2112,391
2604,2268,2436,336
2212,1901,2056,311
2353,2323,2338,30
2353,2251,2302,102
2321,2019,2170,302
2493,2556,2524,63
2121,2559,2340,438
2078,2019,2048,59
2286,2252,2269,34
2009,2257,2133,248
1981,2325,2153,344
2354,2581,2467,227
1893,1528,1710,365
2310,2161,2235,149
2215,1985,2100,230
2030,2115,2072,85
2386,2598,2492,212
2698,2296,2497,402
2199,2009,2104,190
2325,2557,2441,232
2199,2405,2302,206
2261,1841,2051,420
2428,2403,2415,25
2063,2024,2043,39
2064,1885,1974,179
2072,1903,1987,169
1780,1933,1856,153
2483,2246,2364,237
2567,2483,2525,84
2316,2628,2472,312
2522,2481,2501,41
2650,2621,2635,29
2716,2564,2640,152
1787,1902,1844,115
2357,2634,2495,277
1991,2066,2028,75
2575,2352,2463,223
2222,2056,2139,166
2568,2461,2514,107
1851,2245,2048,394
2640,2474,2557,166
2478,2341,2409,137
2049,1782,1915,267
2398,2435,2416,37
2392,2011,2201,381
2063,1773,1918,290
2272,2478,2375,206
2119,1982,2050,137
2792,2771,2781,21
2786,2775,2780,11
2276,2369,2322,93
2262,2434,2348,172
2243,2065,2154,178
1862,2044,1953,182
2518,2228,2373,290
1913,2291,2102,378
2214,2492,2353,278
2652,2643,2647,9
2312,2074,2193,238
2171,2419,2295,248
1947,2448,2197,501
1677,1411,1544,266
2204,2442,2323,238
2018,1913,1965,105
2663,2837,2750,174
2460,2453,2456,7
2596,2497,2546,99
2096,2337,2216,241
1985,2264,2124,279
2712,2661,2686,51
2052,2045,2048,7
2229,2096,2162,133
2383,2277,2330,106
2307,2016,2161,291
2210,2338,2274,128
2337,2355,2346,18
2228,2539,2383,311
2100,2381,2240,281
2299,2201,2250,98
2367,2037,2202,330
2287,2431,2359,144
2181,2154,2167,27
2564,2027,2295,537
2203,2295,2249,92
1735,2447,2091,712
1768,1966,1867,198
2190,2271,2230,81
2509,2432,2470,77
2054,2268,2161,214
2551,2172,2361,379
1654,1638,1646,16
2356,2231,2293,125
2417,2207,2312,210
2530,2206,2368,324
2606,2723,2664,117
2060,1749,1904,311
2164,2279,2221,115
1887,1733,1810,154
2089,1864,1976,225
2402,2214,2308,188
2240,2427,2333,187
2520,2655,2587,135
2345,2231,2288,114
2328,2452,2390,124
2472,2358,2415,114
2347,2102,2224,245
2128,2217,2172,89
2500,2501,2500,1
1754,2123,1938,369
2169,1921,2045,248
2399,2331,2365,68
2065,1871,1968,194
1844,1698,1771,146
1939,1837,1888,102
2209,2368,2288,159
2073,1792,1932,281
1843,2059,1951,216
1618,1309,1463,309
2011,2203,2107,192
2267,2177,2222,90
2317,2412,2364,95
2698,2642,2670,56
2394,2581,2487,187
2000,1983,1991,17
2032,1896,1964,136
2274,2123,2198,151
2381,2246,2313,135
2398,2286,2342,112
2108,2328,2218,220
2418,2218,2318,200
2100,2073,2086,27
2237,2449,2343,212
2145,2207,2176,62
2041,2167,2104,126
2114,1925,2019,189
2565,2299,2432,266
2382,2023,2202,359
2656,2492,2574,164
2593,2703,2648,110
2260,2354,2307,94
2360,2647,2503,287
1858,2036,1947,178
2397,2447,2422,50
1635,2177,1906,542
2701,2647,2674,54
2327,2473,2400,146
2069,2118,2093,49
2722,2622,2672,100
2393,2472,2432,79
2274,2455,2364,181
2307,2505,2406,198
1874,1777,1825,97
1856,1822,1839,34
2374,2162,2268,212
2381,2551,2466,170
2246,2393,2319,147
2528,2408,2468,120
2616,2789,2702,173
2517,2233,2375,284
1822,1643,1732,179
2101,2242,2171,141
2610,2462,2536,148
1828,2453,2140,625
2326,2485,2405,159
2313,2242,2277,71
1863,1729,1796,134
2114,2342,2228,228
2421,2119,2270,302
2037,2167,2102,130
2599,2634,2616,35
2252,1945,2098,307
2102,2095,2098,7
2446,2121,2283,325
1828,2354,2091,526
1990,1856,1923,134
2383,2231,2307,152
2569,2512,2540,57
1943,2238,2090,295
2226,2259,2242,33
2397,2347,2372,50
2268,2095,2181,173
2379,2394,2386,15
2495,2282,2388,213
2307,2227,2267,80
2292,2082,2187,210
1492,2001,1746,509
2191,2092,2141,99
2207,2406,2306,199
2295,2107,2201,188
2273,2056,2164,217
1789,1694,1741,95
2446,2173,2309,273
2139,2246,2192,107
1955,2213,2084,258
2227,2163,2195,64
2285,2363,2324,78
2713,2734,2723,21
1754,1633,1693,121
2471,2509,2490,38
2717,2662,2689,55
2481,2371,2426,110
2406,2249,2327,157
2221,2451,2336,230
2094,2257,2175,163
1903,1874,1888,29
2516,2649,2582,133
2504,1981,2242,523
2471,2096,2283,375
2404,2202,2303,202
2129,2403,2266,274
2613,2815,2714,202
2493,2106,2299,387
2513,2372,2442,141
2531,2329,2430,202
2042,2156,2099,114
2262,2201,2231,61
2501,2565,2533,64
2282,2479,2380,197
2227,2279,2253,52
2454,2054,2254,400
2327,2211,2269,116
2079,1909,1994,170
2153,2421,2287,268
2425,2631,2528,206
2545,2391,2468,154
2442,2366,2404,76
2454,2501,2477,47
2436,2584,2510,148
2465,2277,2371,188
2235,2064,2149,171
2215,2382,2298,167
2421,2644,2532,223
2451,2655,2553,204
2064,2368,2216,304
1981,2279,2130,298
2408,2256,2332,152
2535,2605,2570,70
2150,2211,2180,61
2474,2342,2408,132
2072,1733,1902,339
2235,2099,2167,136
2225,2428,2326,203
2160,2368,2264,208
2006,2315,2160,309
2348,2291,2319,57
2417,2321,2369,96
2182,2307,2244,125
2513,2539,2526,26
2173,2275,2224,102
2514,2402,2458,112
2381,2232,2306,149
2290,2208,2249,82
2621,2613,2617,8
2309,2424,2366,115
2355,2511,2433,156
2023,2172,2097,149
1853,1638,1745,215
2150,2013,2081,137
2213,2246,2229,33
2239,2188,2213,51
2396,2294,2345,102
1963,1923,1943,40
2180,2449,2314,269
2213,2303,2258,90
2202,1832,2017,370
2344,2311,2327,33
2338,2661,2499,323
2352,2231,2291,121
2630,2215,2422,415
2257,2252,2254,5
2134,2055,2094,79
1948,1696,1822,252
2407,2173,2290,234
1924,2029,1976,105
1944,2128,2036,184
2390,2643,2516,253
2044,2477,2260,433
2584,2567,2575,17
2604,2455,2529,149
2421,2072,2246,349
2554,2698,2626,144
2050,2224,2137,174
2692,2654,2673,38
2158,2167,2162,9
1726,1962,1844,236
2376,2175,2275,201
2146,2285,2215,139
2602,2543,2572,59
2266,2135,2200,131
2097,2334,2215,237
2326,2055,2190,271
1947,2147,2047,200
2172,2072,2122,100
1530,1776,1653,246
2724,2628,2676,96
1331,1421,1376,90
2171,2516,2343,345
2319,2218,2268,101
2520,2266,2393,254
2346,2378,2362,32
2028,1928,1978,100
1976,2498,2237,522
2157,2367,2262,210
2375,2114,2244,261
2044,2125,2084,81
2598,2265,2431,333
2445,2224,2334,221
2218,2267,2242,49
2211,2262,2236,51
2585,2317,2451,268
2562,2634,2598,72
2137,2261,2199,124
2303,2138,2220,165
2408,2258,2333,150
2072,1726,1899,346
2743,2678,2710,65
2045,2274,2159,229
2533,2333,2433,200
2228,2127,2177,101
2352,2021,2186,331
1962,2067,2014,105
2138,2016,2077,122
2322,2384,2353,62
2640,2569,2604,71
1836,1935,1885,99
2074,1891,1982,183
2359,2471,2415,112
2248,2377,2312,129
2119,1789,1954,330
2590,2484,2537,106
2414,2662,2538,248
1848,2125,1986,277
2642,2671,2656,29
2069,1858,1963,211
2521,2488,2504,33
2271,2374,2322,103
2449,2219,2334,230
1982,2279,2130,297
2022,2119,2070,97
2272,2416,2344,144
2111,2703,2407,592
2371,2433,2402,62
2379,2288,2333,91
2323,2442,2382,119
2501,2297,2399,204
1980,1837,1908,143
2264,2078,2171,186
2271,2489,2380,218
2426,1994,2210,432
2239,2404,2321,165
2098,1923,2010,175
2369,2014,2191,355
2459,2595,2527,136
2353,2055,2204,298
2562,2155,2358,407
2050,1788,1919,262
2602,2476,2539,126
2793,2779,2786,14
2301,2447,2374,146
2617,2295,2456,322
2135,2352,2243,217
2252,2211,2231,41
2188,1828,2008,360
2348,1969,2158,379
2625,2658,2641,33
1942,2152,2047,210
2288,2307,2297,19
2112,2177,2144,65
2538,2579,2558,41
2664,2704,2684,40
1914,2188,2051,274
1843,2278,2060,435
2268,2311,2289,43
2206,1946,2076,260
2185,2252,2218,67
2526,2533,2529,7
1234,2104,1669,870
1839,1923,1881,84
1841,2036,1938,195
2482,2524,2503,42
2358,2409,2383,51
2520,2479,2499,41
2239,2408,2323,169
2431,2271,2351,160
2165,2282,2223,117
2052,2428,2240,376
2220,2435,2327,215
2438,2441,2439,3
2378,1884,2131,494
1994,2323,2158,329
1774,2321,2047,547
2243,2241,2242,2
2367,2485,2426,118
1948,1815,1881,133
2469,2159,2314,310
2446,2501,2473,55
1804,1782,1793,22
2371,2431,2401,60
2366,2506,2436,140
2159,2338,2248,179
2172,2389,2280,217
2681,2596,2638,85
2080,1756,1918,324
2255,2461,2358,206
2317,2115,2216,202
2307,2027,2167,280
2551,2528,2539,23
2331,2447,2389,116
2422,2519,2470,97
2262,2078,2170,184
2042,1935,1988,107
2332,2416,2374,84
1796,1979,1887,183
2508,2228,2368,280
2239,2131,2185,108
2424,2481,2452,57
1633,1666,1649,33
2098,2229,2163,131
2218,2375,2296,157
2416,2244,2330,172
1901,2047,1974,146
2305,2387,2346,82
2353,2159,2256,194
1918,1751,1834,167
2392,2537,2464,145
2082,2165,2123,83
1861,2144,2002,283
2102,2332,2217,230
1884,2082,1983,198
2201,2242,2221,41
2508,2517,2512,9
2296,2586,2441,290
2317,2021,2169,296
2698,2733,2715,35
2284,2406,2345,122
2006,2174,2090,168
2253,2285,2269,32
2497,2126,2311,371
2668,2106,2387,562
2138,2182,2160,44
2663,2598,2630,65
2741,2772,2756,31
2596,2252,2424,344
2696,2651,2673,45
2672,2488,2580,184
2327,2482,2404,155
1884,2342,2113,458
2231,1949,2090,282
2212,2026,2119,186
2477,2387,2432,90
2501,2527,2514,26
2379,2376,2377,3
1995,2313,2154,318
2123,2344,2233,221
2244,2391,2317,147
1916,2107,2011,191
2417,2339,2378,78
2672,2746,2709,74
2268,2484,2376,216
2211,1954,2082,257
1757,1906,1831,149
2341,2458,2399,117
1969,2012,1990,43
2371,2315,2343,56
2227,2545,2386,318
1962,2242,2102,280
2180,2442,2311,262
2258,2191,2224,67
2351,2561,2456,210
2384,2333,2358,51
2408,2484,2446,76
2782,2753,2767,29
2612,2499,2555,113
2427,2419,2423,8
2335,2458,2396,123
2245,1922,2083,323
2508,2453,2480,55
2061,1541,1801,520
2280,2506,2393,226
2567,2697,2632,130
2713,2712,2712,1
2284,2379,2331,95
2805,2768,2786,37
2566,2026,2296,540
2416,2234,2325,182
2237,2347,2292,110
2556,2329,2442,227
2093,2257,2175,164
2009,2331,2170,322
2556,2053,2304,503
2371,2646,2508,275
2331,2225,2278,106
2076,2163,2119,87
2257,1715,1986,542
1952,2067,2009,115
2236,2062,2149,174
2286,1952,2119,334
1829,2442,2135,613
1975,2046,2010,71
2338,2397,2367,59
2362,2407,2384,45
1931,1809,1870,122
2236,2081,2158,155
2147,1981,2064,166
2195,1581,1888,614
2228,2367,2297,139
2686,2559,2622,127
2239,2428,2333,189
1852,2121,1986,269
2295,2115,2205,180
2215,2415,2315,200
2311,2091,2201,220
2279,2461,2370,182
2107,1934,2020,173
2560,2442,2501,118
2654,2549,2601,105
2497,2444,2470,53
2074,2284,2179,210
2598,2389,2493,209
2237,2759,2498,522
2585,2606,2595,21
2066,2247,2156,181
2345,2257,2301,88
2039,1948,1993,91
2319,1975,2147,344
2406,2202,2304,204
2503,2532,2517,29
2265,2561,2413,296
2328,2551,2439,223
2344,2074,2209,270
2422,2222,2322,200
1865,1644,1754,221
2662,2653,2657,9
1881,2146,2013,265
1953,1645,1799,308
1931,1828,1879,103
2473,2242,2357,231
2172,2495,2333,323
1768,1761,1764,7
2637,2436,2536,201
1897,2073,1985,176
1849,2091,1970,242
2708,2731,2719,23
2287,2354,2320,67
2097,2638,2367,541
1841,2094,1967,253
1992,1316,1654,676
2334,2054,2194,280
2032,2226,2129,194
2467,2206,2336,261
2250,2124,2187,126
2573,2297,2435,276
2051,1868,1959,183
2003,2443,2223,440
2663,2667,2665,4
1817,2123,1970,306
1809,2269,2039,460
2244,2527,2385,283
2341,2121,2231,220
2216,2275,2245,59
2386,2602,2494,216
1961,1972,1966,11
2533,2355,2444,178
2332,2471,2401,139
1782,1999,1890,217
2516,2434,2475,82
2434,2322,2378,112
2035,2225,2130,190
2430,2093,2261,337
2320,2262,2291,58
2433,2372,2402,61
2112,2686,2399,574
2442,2381,2411,61
1856,2243,2049,387
2201,2345,2273,144
1541,1318,1429,223
2195,2051,2123,144
2508,2655,2581,147
2336,2134,2235,202
2524,2419,2471,105
2221,2219,2220,2
2075,1991,2033,84
1861,2086,1973,225
2211,1843,2027,368
2054,1533,1793,521
2475,2408,2441,67
1946,1663,1804,283
2229,2416,2322,187
2120,2128,2124,8
1970,2247,2108,277
2620,2087,2353,533
2448,2381,2414,67
2014,1892,1953,122
1896,1536,1716,360
2174,2023,2098,151
2162,2301,2231,139
2081,2249,2165,168
2192,2217,2204,25
2503,2331,2417,172
2330,2541,2435,211
1725,2137,1931,412
1931,2197,2064,266
2151,2346,2248,195
2377,2498,2437,121
2145,1944,2044,201
2619,2707,2663,88
2157,1951,2054,206
1826,1636,1731,190
2209,1895,2052,314
2359,2423,2391,64
2381,2143,2262,238
2135,2062,2098,73
2208,2009,2108,199
2118,2323,2220,205
2179,2255,2217,76
2572,2526,2549,46
1956,1704,1830,252
1734,1908,1821,174
2588,2393,2490,195
2116,2222,2169,106
2021,2292,2156,271
2147,2006,2076,141
2148,2567,2357,419
1989,1678,1833,311
2359,2462,2410,103
2289,2434,2361,145
2301,2555,2428,254
2506,2253,2379,253
2448,2352,2400,96
2311,2371,2341,60
2065,1657,1861,408
2554,2101,2327,453
2755,2611,2683,144
1996,2176,2086,180
2312,2494,2403,182
2508,2285,2396,223
2051,2358,2204,307
2239,1936,2087,303
2183,2427,2305,244
2173,2397,2285,224
2522,2386,2454,136
2323,2287,2305,36
2323,2414,2368,91
2209,2132,2170,77
2033,1993,2013,40
2046,2595,2320,549
2676,2624,2650,52
1799,2038,1918,239
2253,2531,2392,278
2049,1903,1976,146
2447,2254,2350,193
1976,2074,2025,98
2482,2445,2463,37
2421,2547,2484,126
2277,1997,2137,280
1977,2502,2239,525
2396,2186,2291,210
2282,2314,2298,32
1571,1973,1772,402
2117,1849,1983,268
1458,1709,1583,251
1890,2412,2151,522
2632,2428,2530,204
2630,2344,2487,286
2200,2352,2276,152
2456,2472,2464,16
2054,2126,2090,72
2253,2075,2164,178
2665,2655,2660,10
2140,2013,2076,127
2109,2105,2107,4
2689,2407,2548,282
1996,2184,2090,188
2125,2135,2130,10
2716,2584,2650,132
2792,2628,2710,164
2141,1987,2064,154
2475,2562,2518,87
2019,1867,1943,152
2370,2573,2471,203
2139,2375,2257,236
1850,2265,2057,415
1884,2367,2125,483
1725,2013,1869,288
2723,2783,2753,60
2518,2277,2397,241
2492,2382,2437,110
2072,2126,2099,54
1811,2081,1946,270
2290,2196,2243,94
2543,2436,2489,107
2326,1905,2115,421
2656,2628,2642,28
2116,1843,1979,273
2504,2318,2411,186
2406,2009,2207,397
2371,2532,2451,161
2496,2507,2501,11
2149,2053,2101,96
2270,2181,2225,89
2112,2188,2150,76
2312,2454,2383,142
2287,2531,2409,244
1914,1759,1836,155
2324,2364,2344,40
1666,1436,1551,230
2251,2303,2277,52
2502,2639,2570,137
2442,2567,2504,125
2369,2197,2283,172
2254,2032,2143,222
2028,2316,2172,288
2387,2119,2253,268
1812,2093,1952,281
2521,2622,2571,101
2507,2439,2473,68
2522,2282,2402,240
2333,2388,2360,55
2097,1899,1998,198
2343,2328,2335,15
2264,2547,2405,283
2102,1901,2001,201
2195,2463,2329,268
2698,2461,2579,237
1799,2434,2116,635
2339,2313,2326,26
2354,2195,2274,159
1827,2083,1955,256
2273,2448,2360,175
1804,1531,1667,273
2237,2143,2190,94
2395,2435,2415,40
1941,2228,2084,287
2082,1899,1990,183
2501,1948,2224,553
2381,2296,2338,85
2365,2086,2225,279
2086,2405,2245,319
2223,2596,2409,373
2770,2599,2684,171
2179,2016,2097,163
2088,2276,2182,188
2636,2509,2572,127
2522,2577,2549,55
2438,2325,2381,113
1950,2139,2044,189
1755,1934,1844,179
2506,2402,2454,104
2423,2492,2457,69
1862,1717,1789,145
2341,2367,2354,26
2136,2336,2236,200
2306,2601,2453,295
2586,2224,2405,362
2271,1904,2087,367
2500,2252,2376,248
2416,2226,2321,190
2378,2614,2496,236
2413,2584,2498,171
2150,2556,2353,406
2285,2115,2200,170
2590,2375,2482,215
1288,2005,1646,717
2073,2313,2193,240
2688,2482,2585,206
2249,2458,2353,209
2421,2136,2278,285
1988,1895,1941,93
2427,2502,2464,75
2135,2418,2276,283
2051,2408,2229,357
2416,2183,2299,233
2474,2248,2361,226
2174,2366,2270,192
1929,2006,1967,77
2685,2397,2541,288
2399,2172,2285,227
2171,1969,2070,202
2578,2441,2509,137
2624,2471,2547,153
2160,2316,2238,156
2438,2275,2356,163
2414,1886,2150,528
2457,2441,2449,16
2145,2462,2303,317
2506,2271,2388,235
1745,1968,1856,223
2053,2195,2124,142
2476,2549,2512,73
2205,1827,2016,378
2343,2428,2385,85
2296,2286,2291,10
1790,2055,1922,265
2544,2551,2547,7
2286,2537,2411,251
2048,1802,1925,246
2365,2165,2265,200
2292,2013,2152,279
2481,2508,2494,27
2355,2408,2381,53
2243,2263,2253,20
2215,2441,2328,226
2565,2514,2539,51
2590,2133,2361,457
2387,2523,2455,136
2184,1964,2074,220
2675,2546,2610,129
1730,1916,1823,186
2262,2244,2253,18
2582,2548,2565,34
2435,2065,2250,370
2419,2206,2312,213
2344,2295,2319,49
2203,2463,2333,260
1924,2126,2025,202
2430,2445,2437,15
2524,2504,2514,20
2057,2057,2057,0
2212,2055,2133,157
2105,2296,2200,191
2323,2583,2453,260
2116,1972,2044,144
2147,2339,2243,192
2222,2496,2359,274
2299,2158,2228,141
2434,2455,2444,21
2300,2194,2247,106
2243,2078,2160,165
2054,2421,2237,367
1920,2427,2173,507
2369,2488,2428,119
2724,2631,2677,93
1987,1642,1814,345
2561,2133,2347,428
2562,2693,2627,131
2039,2144,2091,105
2457,2467,2462,10
2442,2154,2298,288
1945,1762,1853,183
2562,2326,2444,236
2176,1967,2071,209
1901,1582,1741,319
2117,2241,2179,124
2033,2213,2123,180
1847,2068,1957,221
1650,1944,1797,294
2493,2227,2360,266
1601,2134,1867,533
1984,1581,1782,403
2496,2363,2429,133
2330,2157,2243,173
2463,2167,2315,296
2167,1892,2029,275
2367,2526,2446,159
2217,2462,2339,245
2184,2277,2230,93
1546,1826,1686,280
2646,2524,2585,122
1968,1941,1954,27
2038,2329,2183,291
2056,2095,2075,39
2284,2411,2347,127
2285,2306,2295,21
2596,2399,2497,197
2024,2376,2200,352
2071,2328,2199,257
2737,2723,2730,14
2432,2704,2568,272
1885,1971,1928,86
2494,2194,2344,300
2087,2221,2154,134
2404,2583,2493,179
2171,2338,2254,167
2325,2097,2211,228
2010,2091,2050,81
2168,1923,2045,245
2270,2356,2313,86
2374,2446,2410,72
2046,2273,2159,227
2331,2463,2397,132
2522,2404,2463,118
2693,2607,2650,86
1963,2375,2169,412
2147,2643,2395,496
2186,2075,2130,111
2080,1902,1991,178
2472,1912,2192,560
2282,2105,2193,177
2291,2285,2288,6
2460,2191,2325,269
2001,2247,2124,246
2157,2043,2100,114
2449,2313,2381,136
2356,2386,2371,30
2081,1972,2026,109
2651,2683,2667,32
2366,2055,2210,311
2121,2346,2233,225
1940,1852,1896,88
2237,1956,2096,281
2143,2362,2252,219
1786,1881,1833,95
2439,2329,2384,110
1926,2003,1964,77
2504,2112,2308,392
2003,1708,1855,295
2582,2505,2543,77
2772,2702,2737,70
2139,2185,2162,46
2384,2128,2256,256
2328,2097,2212,231
1994,2445,2219,451
2234,2311,2272,77
2522,2454,2488,68
2030,2363,2196,333
2384,2571,2477,187
2611,2531,2571,80
2388,2321,2354,67
2651,2734,2692,83
2072,2247,2159,175
2165,2036,2100,129
2412,2244,2328,168
1654,2254,1954,600
2556,2533,2544,23
2141,2404,2272,263
1410,1536,1473,126
2251,2659,2455,408
1738,1484,1611,254
2423,1939,2181,484
2190,1956,2073,234
2223,2058,2140,165
2205,2275,2240,70
2678,2633,2655,45
2329,2512,2420,183
2229,1985,2107,244
2384,2647,2515,263
2274,2309,2291,35
2547,2514,2530,33
2609,2558,2583,51
2459,2581,2520,122
2187,2079,2133,108
2329,2354,2341,25
2198,2411,2304,213
2099,1926,2012,173
2497,2435,2466,62
2342,2095,2218,247
1997,1737,1867,260
2064,2067,2065,3
2118,1942,2030,176
2053,2151,2102,98
2565,2334,2449,231
2385,2503,2444,118
2409,2564,2486,155
2278,2386,2332,108
1712,2128,1920,416
2302,2176,2239,126
2128,1955,2041,173
2130,2245,2187,115
2188,2612,2400,424
1383,1556,1469,173
2389,2647,2518,258
1930,1977,1953,47
2193,1823,2008,370
2414,2017,2215,397
1807,2025,1916,218
2459,2443,2451,16
2147,2032,2089,115
2439,2506,2472,67
2282,2064,2173,218
2663,2636,2649,27
2263,2427,2345,164
2516,2532,2524,16
2354,2531,2442,177
2391,2212,2301,179
2104,2374,2239,270
2280,2338,2309,58
2001,1713,1857,288
2545,2489,2517,56
2329,2244,2286,85
2458,2368,2413,90
2143,2098,2120,45
2147,2441,2294,294
2130,1925,2027,205
2494,2269,2381,225
2168,2423,2295,255
1520,1667,1593,147
2517,2243,2380,274
2270,2166,2218,104
2285,2533,2409,248
2347,2524,2435,177
2351,2388,2369,37
2440,2641,2540,201
2013,1714,1863,299
2526,2308,2417,218
2145,2108,2126,37
2496,2516,2506,20
2081,2351,2216,270
2418,2481,2449,63
1938,1879,1908,59
1701,1473,1587,228
1904,2312,2108,408
2637,2579,2608,58
2468,2416,2442,52
2089,2533,2311,444
2484,2373,2428,111
1622,2202,1912,580
1845,1901,1873,56
2613,2692,2652,79
1996,2038,2017,42
1891,1769,1830,122
2189,2393,2291,204
2613,2442,2527,171
1978,2154,2066,176
2531,2409,2470,122
2216,2077,2146,139
2029,2023,2026,6
2459,2615,2537,156
1944,2028,1986,84
2103,2146,2124,43
1361,1918,1639,557
2005,2172,2088,167
2031,2154,2092,123
2169,2047,2108,122
2424,2374,2399,50
2520,2569,2544,49
1965,2412,2188,447
2136,1898,2017,238
2256,2317,2286,61
2213,2165,2189,48
2198,2203,2200,5
2225,2438,2331,213
2474,2143,2308,331
2091,2216,2153,125
2218,2285,2251,67
2152,2371,2261,219
2036,2355,2195,319
2103,2201,2152,98
1995,2108,2051,113
1921,1786,1853,135
2684,2773,2728,89
2137,2091,2114,46
2170,2531,2350,361
2634,2455,2544,179
2153,2392,2272,239
2087,1725,1906,362
2493,2406,2449,87
2225,1864,2044,361
2606,2453,2529,153
2731,2772,2751,41
2133,2517,2325,384
2159,1989,2074,170
2326,1994,2160,332
2367,1927,2147,440
1713,2099,1906,386
2359,2621,2490,262
2019,1633,1826,386
1929,1779,1854,150
2216,1892,2054,324
2132,1845,1988,287
2512,2094,2303,418
2711,2482,2596,229
2376,2337,2356,39
2163,1954,2058,209
2426,2442,2434,16
2321,2371,2346,50
2015,1946,1980,69
2550,2304,2427,246
2575,2192,2383,383
2490,2401,2445,89
1984,2009,1996,25
2023,2107,2065,84
2090,2157,2123,67
2411,2421,2416,10
2193,2167,2180,26
2093,2011,2052,82
1717,2086,1901,369
1977,1839,1908,138
2084,2195,2139,111
1644,1921,1782,277
2447,2616,2531,169
2227,2381,2304,154
1934,2109,2021,175
2440,2166,2303,274
2447,2565,2506,118
2244,2166,2205,78
2419,2157,2288,262
1881,2106,1993,225
2293,2068,2180,225
2436,2321,2378,115
2000,2128,2064,128
2546,2025,2285,521
2639,2469,2554,170
2419,2177,2298,242
2614,2524,2569,90
1879,1839,1859,40
2593,2471,2532,122
2680,2112,2396,568
2125,1982,2053,143
2179,1939,2059,240
2412,2219,2315,193
2240,1997,2118,243
2231,2121,2176,110
2292,2291,2291,1
2392,2653,2522,261
2359,2456,2407,97
2147,2267,2207,120
2166,2044,2105,122
2191,2004,2097,187
2243,2068,2155,175
2785,2779,2782,6
2528,1853,2190,675
2219,2029,2124,190
2232,2433,2332,201
1782,1911,1846,129
2124,2188,2156,64
1849,1628,1738,221
2567,2315,2441,252
2568,1639,2103,929
2545,1981,2263,564
2441,2286,2363,155
2092,2416,2254,324
2387,2463,2425,76
2250,2307,2278,57
2629,2733,2681,104
2471,2307,2389,164
1991,2323,2157,332
2246,2508,2377,262
2138,2574,2356,436
2223,2478,2350,255
2286,2468,2377,182
1898,2126,2012,228
2373,1923,2148,450
2669,2519,2594,150
2230,2479,2354,249
2558,2462,2510,96
2364,2311,2337,53
2374,2476,2425,102
2080,1688,1884,392
2378,1846,2112,532
2239,2099,2169,140
2494,2431,2462,63
2426,2609,2517,183
2186,2347,2266,161
2125,2015,2070,110
1966,2313,2139,347
2645,2586,2615,59
2235,2503,2369,268
1899,1839,1869,60
2734,2718,2726,16
2298,2198,2248,100
2267,2525,2396,258
2227,2199,2213,28
2196,2462,2329,266
2471,2733,2602,262
2359,2079,2219,280
2073,2188,2130,115
2410,2014,2212,396
2230,2028,2129,202
2562,2242,2402,320
2720,2772,2746,52
2363,2419,2391,56
2098,2248,2173,150
2453,2189,2321,264
2377,2469,2423,92
2539,2644,2591,105
2536,2515,2525,21
2531,2238,2384,293
2258,2411,2334,153
2133,2622,2377,489
2133,2475,2304,342
2127,1999,2063,128
2628,2471,2549,157
2008,2244,2126,236
2010,2204,2107,194
2008,2103,2055,95
2243,2225,2234,18
2107,2504,2305,397
2487,2638,2562,151
2242,2402,2322,160
2095,2344,2219,249
2667,2601,2634,66
2164,2257,2210,93
2108,2638,2373,530
1945,2049,1997,104
1772,2165,1968,393
2507,2552,2529,45
2414,2458,2436,44
2385,2053,2219,332
2130,2295,2212,165
2524,2263,2393,261
1574,1737,1655,163
2199,1948,2073,251
2525,2267,2396,258
2491,2201,2346,290
2390,2262,2326,128
1758,2055,1906,297
2688,2624,2656,64
2431,2293,2362,138
2560,2389,2474,171
2405,2379,2392,26
1679,1894,1786,215
2001,1984,1992,17
2232,2047,2139,185
2491,2306,2398,185
1668,1577,1622,91
1859,1879,1869,20
1531,1655,1593,124
1860,1487,1673,373
2098,2164,2131,66
1691,1953,1822,262
2771,2733,2752,38
2496,2277,2386,219
2184,1917,2050,267
2501,2557,2529,56
1965,2224,2094,259
2284,2382,2333,98
2421,2335,2378,86
2366,2279,2322,87
2564,2491,2527,73
2129,2107,2118,22
2262,2068,2165,194
2324,2537,2430,213
2401,2136,2268,265
1993,1598,1795,395
2418,2617,2517,199
2095,2357,2226,262
2328,1904,2116,424
2564,2548,2556,16
2476,2566,2521,90
2502,1894,2198,608
2234,2534,2384,300
1677,2173,1925,496
2003,2148,2075,145
2081,1857,1969,224
1788,1509,1648,279
2108,1803,1955,305
2475,2571,2523,96
2443,2481,2462,38
2287,2441,2364,154
2102,2415,2258,313
2394,2476,2435,82
2394,2333,2363,61
1903,1738,1820,165
1868,1988,1928,120
1693,1806,1749,113
2277,2387,2332,110
1542,1516,1529,26
2730,2735,2732,5
2593,2384,2488,209
1589,1697,1643,108
2033,1879,1956,154
2407,2579,2493,172
2470,2271,2370,199
2593,2437,2515,156
2705,2628,2666,77
2414,2448,2431,34
2204,2428,2316,224
2446,2181,2313,265
2369,2491,2430,122
2272,2026,2149,246
2242,2281,2261,39
2430,2273,2351,157
1932,1817,1874,115
2569,2571,2570,2
2079,1845,1962,234
2206,2226,2216,20
2128,2015,2071,113
2665,2656,2660,9
2454,2399,2426,55
2557,2249,2403,308
2386,2602,2494,216
1934,2123,2028,189
2381,2157,2269,224
2524,2251,2387,273
2395,2518,2456,123
2156,1846,2001,310
2179,2041,2110,138
1685,1888,1786,203
2137,2398,2267,261
1971,2081,2026,110
2506,2565,2535,59
2456,2619,2537,163
2191,2075,2133,116
2542,2405,2473,137
2454,2154,2304,300
2506,2449,2477,57
2392,2458,2425,66
2271,2393,2332,122
1627,1788,1707,161
2434,2256,2345,178
2115,2217,2166,102
1933,2273,2103,340
2162,2394,2278,232
2465,2183,2324,282
2380,2167,2273,213
2700,2615,2657,85
2463,2547,2505,84
1765,1884,1824,119
2223,2343,2283,120
2485,2596,2540,111
2256,2159,2207,97
2539,2605,2572,66
2601,2416,2508,185
2566,1934,2250,632
1895,1669,1782,226
1834,2068,1951,234
2358,2131,2244,227
1477,1837,1657,360
2508,2581,2544,73
2749,2216,2482,533
2341,2324,2332,17
2399,2493,2446,94
2267,2278,2272,11
1893,2084,1988,191
2213,2122,2167,91
2393,1988,2190,405
2544,2716,2630,172
2204,2065,2134,139
1367,1868,1617,501
2528,2277,2402,251
2146,2398,2272,252
2258,1903,2080,355
2582,2402,2492,180
2195,2325,2260,130
2202,1862,2032,340
2445,2148,2296,297
2315,2519,2417,204
2564,2674,2619,110
2259,2328,2293,69
2188,2417,2302,229
2280,2508,2394,228
2483,2508,2495,25
2251,2459,2355,208
2136,1851,1993,285
2512,2638,2575,126
2624,2579,2601,45
2379,1915,2147,464
2055,1791,1923,264
1920,2392,2156,472
2271,2073,2172,198
2447,2206,2326,241
2594,2517,2555,77
2241,2285,2263,44
2354,2237,2295,117
2361,1912,2136,449
2425,2473,2449,48
2246,2397,2321,151
2539,2671,2605,132
2216,2381,2298,165
2249,2053,2151,196
2165,2267,2216,102
2764,2766,2765,2
2349,2495,2422,146
2380,2375,2377,5
2506,2543,2524,37
2283,1953,2118,330
2114,1899,2006,215
2382,2283,2332,99
2437,2195,2316,242
1921,2162,2041,241
2625,2476,2550,149
2331,2212,2271,119
1828,2013,1920,185
2148,1485,1816,663
2483,2495,2489,12
2385,2157,2271,228
2039,2194,2116,155
2687,2707,2697,20
2203,2387,2295,184
1776,2007,1891,231
1891,1774,1832,117
2150,2254,2202,104
1830,2177,2003,347
2181,2138,2159,43
1877,1902,1889,25
1934,2358,2146,424
2659,2344,2501,315
2167,2235,2201,68
2257,2361,2309,104
2150,1533,1841,617
2117,2061,2089,56
2403,2241,2322,162
2286,1894,2090,392
2291,2149,2220,142
2637,2524,2580,113
2104,2119,2111,15
2186,2312,2249,126
2220,2497,2358,277
2498,2453,2475,45
1839,2005,1922,166
2205,2255,2230,50
2149,2005,2077,144
2198,2582,2390,384
2046,2076,2061,30
1610,2071,1840,461
1856,2033,1944,177
1958,2214,2086,256
1982,2237,2109,255
2401,2548,2474,147
2456,2153,2304,303
2364,2059,2211,305
2446,2091,2268,355
2241,2003,2122,238
2595,2601,2598,6
2198,2397,2297,199
2752,2591,2671,161
2109,1952,2030,157
1955,1823,1889,132
2137,1933,2035,204
2364,2569,2466,205
2324,2443,2383,119
2385,2665,2525,280
1911,2137,2024,226
2331,2125,2228,206
2022,2012,2017,10
2339,2452,2395,113
2092,1866,1979,226
2142,2004,2073,138
2269,2196,2232,73
2591,2466,2528,125
2234,1916,2075,318
2248,2094,2171,154
2391,2422,2406,31
2111,1774,1942,337
2479,2327,2403,152
1977,2112,2044,135
2375,2569,2472,194
1528,1594,1561,66
1586,1707,1646,121
2114,2446,2280,332
1841,1897,1869,56
2198,1802,2000,396
2176,1844,2010,332
2102,2268,2185,166
2182,1981,2081,201
2516,2516,2516,0
2178,2548,2363,370
1874,2011,1942,137
2552,2331,2441,221
2532,2406,2469,126
2002,2089,2045,87
2008,1866,1937,142
2168,2255,2211,87
2225,1969,2097,256
1330,1806,1568,476
2521,2501,2511,20
2449,2047,2248,402
2556,2183,2369,373
1994,2501,2247,507
1844,1968,1906,124
1820,1881,1850,61
2196,2528,2362,332
2398,2439,2418,41
2327,2218,2272,109
2190,1956,2073,234
2512,2286,2399,226
2388,2291,2339,97
2266,2437,2351,171
2454,2284,2369,170
2688,2515,2601,173
2627,2464,2545,163
2278,2027,2152,251
2389,2441,2415,52
2206,2346,2276,140
2632,2419,2525,213
2645,2881,2763,236
2164,2349,2256,185
2252,2419,2335,167
1909,1739,1824,170
2004,1757,1880,247
2313,2459,2386,146
1637,1766,1701,129
2256,2108,2182,148
1798,2024,1911,226
2162,2033,2097,129
2204,2292,2248,88
2008,1842,1925,166
2518,2232,2375,286
2375,2061,2218,314
2074,2338,2206,264
2313,2069,2191,244
2064,2196,2130,132
1707,2005,1856,298
2101,1891,1996,210
2544,2298,2421,246
2559,2383,2471,176
1966,1968,1967,2
1956,2258,2107,302
2158,1797,1977,361
2727,2744,2735,17
2555,2285,2420,270
2516,2396,2456,120
2106,2404,2255,298
2268,2322,2295,54
2408,2505,2456,97
2493,2188,2340,305
2426,2153,2289,273
2656,2373,2514,283
1983,2251,2117,268
2570,2676,2623,106
1959,2174,2066,215
2150,2376,2263,226
2253,2208,2230,45
2279,2106,2192,173
1663,1969,1816,306
2251,2188,2219,63
1949,2114,2031,165
2052,2353,2202,301
2526,2528,2527,2
2458,2334,2396,124
2382,1847,2114,535
1673,1848,1760,175
1874,2326,2100,452
2216,2487,2351,271
2242,2031,2136,211
2280,2416,2348,136
1629,1771,1700,142
2485,2164,2324,321
1974,2198,2086,224
1987,1576,1781,411
2225,2191,2208,34
2002,2089,2045,87
1570,1751,1660,181
2055,2135,2095,80
1994,2184,2089,190
1883,1889,1886,6
2281,2525,2403,244
2423,2543,2483,120
2345,2368,2356,23
2081,1796,1938,285
2437,2281,2359,156
2630,2102,2366,528
2261,2244,2252,17
2219,1909,2064,310
2174,1999,2086,175
1948,1768,1858,180
2313,2054,2183,259
2023,2206,2114,183
1855,2414,2134,559
2764,2711,2737,53
2345,2426,2385,81
2126,2352,2239,226
2375,2559,2467,184
2305,2417,2361,112
2129,2243,2186,114
2301,2599,2450,298
2130,2487,2308,357
2006,2126,2066,120
2548,2578,2563,30
1893,2193,2043,300
2501,2148,2324,353
1584,1658,1621,74
2459,1728,2093,731
2396,2552,2474,156
2200,2009,2104,191
2464,2686,2575,222
2095,2211,2153,116
2336,2054,2195,282
2046,1844,1945,202
2516,2482,2499,34
2321,2457,2389,136
2631,2563,2597,68
2162,2281,2221,119
2140,2184,2162,44
2258,2458,2358,200
2177,2301,2239,124
2219,2202,2210,17
2163,2321,2242,158
2450,2197,2323,253
1965,2203,2084,238
2350,2233,2291,117
1770,2169,1969,399
1713,2339,2026,626
2151,2289,2220,138
1964,2018,1991,54
2360,1926,2143,434
1796,2034,1915,238
2172,1948,2060,224
2431,2099,2265,332
2291,2285,2288,6
2043,2427,2235,384
2257,2258,2257,1
2448,2216,2332,232
2440,2567,2503,127
2084,2527,2305,443
2195,2346,2270,151
2138,2069,2103,69
2389,2207,2298,182
2194,2388,2291,194
2594,2466,2530,128
2054,2115,2084,61
2129,1929,2029,200
1953,2086,2019,133
2496,2404,2450,92
2496,2541,2518,45
2483,2491,2487,8
2381,2279,2330,102
2090,2197,2143,107
2053,2381,2217,328
2462,2139,2300,323
2637,2556,2596,81
2410,2306,2358,104
2172,2093,2132,79
2165,1945,2055,220
2518,2212,2365,306
2271,2149,2210,122
2054,2327,2190,273
2154,2448,2301,294
1890,1756,1823,134
2521,2458,2489,63
1968,1848,1908,120
2022,1546,1784,476
2353,2343,2348,10
2591,2492,2541,99
2259,1757,2008,502
2097,2008,2052,89
1934,1797,1865,137
2346,2559,2452,213
2541,2446,2493,95
2300,2412,2356,112
2079,1997,2038,82
2170,2511,2340,341
2119,1761,1940,358
2202,2424,2313,222
2484,2132,2308,352
1830,2054,1942,224
2455,2375,2415,80
2613,1923,2268,690
2047,2256,2151,209
2019,2253,2136,234
2632,2663,2647,31
2018,2176,2097,158
2170,1997,2083,173
2447,2295,2371,152
2239,2176,2207,63
2591,2186,2388,405
1897,2107,2002,210
2608,2447,2527,161
2021,2153,2087,132
2202,2147,2174,55
2450,2235,2342,215
2156,2014,2085,142
2390,2607,2498,217
2401,2422,2411,21
2236,2417,2326,181
2213,1983,2098,230
1888,2007,1947,119
2128,1899,2013,229
2710,2285,2497,425
2727,2549,2638,178
1746,2311,2028,565
2546,2422,2484,124
2326,2161,2243,165
2389,2235,2312,154
2566,2714,2640,148
1498,1988,1743,490
2019,1964,1991,55
2451,2712,2581,261
2154,2102,2128,52
2277,2086,2181,191
2338,2242,2290,96
2391,2219,2305,172
2340,2526,2433,186
2713,2735,2724,22
2302,2476,2389,174
2230,1984,2107,246
2061,2096,2078,35
2578,2624,2601,46
2137,2504,2320,367
1943,2305,2124,362
1935,1771,1853,164
2532,2636,2584,104
2199,2097,2148,102
2361,2084,2222,277
2519,2371,2445,148
2084,1853,1968,231
2349,2071,2210,278
2186,2334,2260,148
2120,2589,2354,469
2045,2354,2199,309
2097,2013,2055,84
2385,2334,2359,51
2064,1604,1834,460
2285,2459,2372,174
2257,2464,2360,207
2410,2348,2379,62
1973,2236,2104,263
2038,2378,2208,340
2702,2705,2703,3
2691,2427,2559,264
1963,2202,2082,239
2100,1892,1996,208
2362,2557,2459,195
2730,2775,2752,45
1772,1638,1705,134
2511,2467,2489,44
2199,1891,2045,308
2205,2433,2319,228
2639,2564,2601,75
1965,1826,1895,139
2238,1872,2055,366
2338,2152,2245,186
1792,2093,1942,301
2503,2547,2525,44
2422,2027,2224,395
2306,2423,2364,117
2663,2615,2639,48
2446,2269,2357,177
2483,2425,2454,58
1768,1787,1777,19
2052,2003,2027,49
2423,2556,2489,133
2250,2354,2302,104
2731,2685,2708,46
1583,2007,1795,424
1686,1901,1793,215
2302,2488,2395,186
2002,1987,1994,15
1819,1843,1831,24
2391,2285,2338,106
1718,2017,1867,299
1317,1799,1558,482
1877,1727,1802,150
1936,2096,2016,160
2407,2066,2236,341
2408,2483,2445,75
2335,1987,2161,348
2201,1643,1922,558
2329,2155,2242,174
2380,2292,2336,88
2230,2349,2289,119
2332,2336,2334,4
2384,2476,2430,92
2414,2616,2515,202
2659,2546,2602,113
2417,2492,2454,75
2444,2384,2414,60
2297,2042,2169,255
2034,2387,2210,353
1719,1936,1827,217
2677,2569,2623,108
2035,2352,2193,317
1937,2215,2076,278
2108,2331,2219,223
1932,1489,1710,443
2581,2564,2572,17
2097,1762,1929,335
2059,2272,2165,213
2547,2226,2386,321
2213,2286,2249,73
2026,1876,1951,150
2459,2473,2466,14
2430,2198,2314,232
2586,2561,2573,25
2016,2243,2129,227
2210,2304,2257,94
1791,2233,2012,442
2416,2351,2383,65
2585,2208,2396,377
2398,2452,2425,54
2200,1942,2071,258
1404,1751,1577,347
2137,1799,1968,338
2218,2335,2276,117
2110,1828,1969,282
2187,2559,2373,372
2528,2653,2590,125
1933,1602,1767,331
2294,1798,2046,496
2353,2244,2298,109
2299,2226,2262,73
2433,2543,2488,110
2555,2459,2507,96
2244,2021,2132,223
2124,2231,2177,107
2295,2563,2429,268
2458,2321,2389,137
2423,2484,2453,61
2384,2431,2407,47
2171,2033,2102,138
2077,2288,2182,211
2622,2709,2665,87
2263,2434,2348,171
2421,2625,2523,204
1248,1629,1438,381
2318,1623,1970,695
2362,2259,2310,103
1889,2249,2069,360
1989,2134,2061,145
2249,2482,2365,233
1575,1583,1579,8
2232,2338,2285,106
1994,2172,2083,178
1892,2008,1950,116
2424,2177,2300,247
2158,2345,2251,187
2406,2375,2390,31
2085,2219,2152,134
2215,2077,2146,138
1921,1498,1709,423
2235,2571,2403,336
2277,2056,2166,221
2170,2037,2103,133
2283,2395,2339,112
1660,1846,1753,186
2385,2156,2270,229
2541,2669,2605,128
2497,2131,2314,366
2479,2448,2463,31
2216,2211,2213,5
1745,1617,1681,128
2194,2527,2360,333
2135,2098,2116,37
2035,1592,1813,443
2011,1872,1941,139
2208,2043,2125,165
2273,2272,2272,1
1680,2475,2077,795
2027,2216,2121,189
2568,2312,2440,256
2314,2567,2440,253
2705,2661,2683,44
2417,2522,2469,105
2150,2225,2187,75
2061,2246,2153,185
2252,2471,2361,219
2165,2427,2296,262
2407,2225,2316,182
2035,1845,1940,190
1577,1827,1702,250
2316,2422,2369,106
2684,2501,2592,183
1533,1611,1572,78
2443,2395,2419,48
2384,2309,2346,75
2330,2464,2397,134
2169,2271,2220,102
2639,2608,2623,31
2537,2526,2531,11
1999,2151,2075,152
2167,2014,2090,153
1951,1757,1854,194
2264,2111,2187,153
2389,2576,2482,187
2447,2263,2355,184
2310,2212,2261,98
1689,1981,1835,292
2404,2307,2355,97
2155,2399,2277,244
2189,2113,2151,76
1994,2156,2075,162
2086,2318,2202,232
2027,1995,2011,32
2471,2334,2402,137
2614,2309,2461,305
2234,2007,2120,227
1944,1914,1929,30
2737,2743,2740,6
2334,2279,2306,55
2212,2301,2256,89
2641,2567,2604,74
2236,2638,2437,402
2106,2491,2298,385
1891,2069,1980,178
1741,2036,1888,295
2135,2113,2124,22
2134,2358,2246,224
2476,2047,2261,429
2680,2438,2559,242
1774,1939,1856,165
2066,2485,2275,419
2485,2141,2313,344
2418,2326,2372,92
2114,2227,2170,113
2561,1968,2264,593
1956,1862,1909,94
2406,2195,2300,211
2166,2443,2304,277
2210,2256,2233,46
2160,2449,2304,289
2131,2244,2187,113
2277,2426,2351,149
2254,2161,2207,93
2059,2098,2078,39
1861,1858,1859,3
2590,2618,2604,28
2514,2429,2471,85
2084,1997,2040,87
2087,2304,2195,217
1934,1965,1949,31
2071,1824,1947,247
1795,2029,1912,234
2462,2536,2499,74
1714,2164,1939,450
2152,2265,2208,113
2641,2412,2526,229
2452,2657,2554,205
2025,2286,2155,261
1411,1703,1557,292
1990,1798,1894,192
2230,2393,2311,163
2180,1941,2060,239
1539,2055,1797,516
2174,2049,2111,125
2511,2374,2442,137
2108,1758,1933,350
2393,2454,2423,61
2401,2173,2287,228
1987,2285,2136,298
1980,1547,1763,433
1584,1804,1694,220
2574,2457,2515,117
1999,2172,2085,173
2110,2145,2127,35
1985,2378,2181,393
2586,2325,2455,261
2203,2161,2182,42
1894,2189,2041,295
1723,2365,2044,642
2306,2199,2252,107
2083,1883,1983,200
2190,2243,2216,53
2500,2191,2345,309
1533,1859,1696,326
1932,2237,2084,305
2318,2189,2253,129
2252,2399,2325,147
2529,2495,2512,34
1707,2435,2071,728
1879,2374,2126,495
2290,2185,2237,105
2026,2655,2340,629
2396,2175,2285,221
1896,2191,2043,295
2020,1866,1943,154
1997,2021,2009,24
2785,2506,2645,279
2038,2278,2158,240
2480,2495,2487,15
2381,2236,2308,145
2271,2428,2349,157
2289,1933,2111,356
2282,2423,2352,141
1996,2065,2030,69
2094,1941,2017,153
2438,2329,2383,109
2368,2153,2260,215
2375,1826,2100,549
2714,2425,2569,289
2216,2399,2307,183
2511,1898,2204,613
2231,2404,2317,173
2503,2223,2363,280
2395,2356,2375,39
2033,2226,2129,193
2328,2417,2372,89
2733,2578,2655,155
2043,2371,2207,328
1895,2001,1948,106
2390,2209,2299,181
2000,2083,2041,83
2371,2177,2274,194
2165,2174,2169,9
1771,1638,1704,133
2319,2127,2223,192
2553,2664,2608,111
2116,2603,2359,487
2567,2259,2413,308
2252,1907,2079,345
1934,2065,1999,131
2270,2687,2478,417
2520,2172,2346,348
2515,2257,2386,258
1961,1626,1793,335
2621,2698,2659,77
2520,2613,2566,93
1905,2127,2016,222
1825,2022,1923,197
2435,2217,2326,218
1579,1932,1755,353
2510,2376,2443,134
2044,2483,2263,439
2135,1664,1899,471
2179,1889,2034,290
2211,1927,2069,284
2113,2224,2168,111
2211,2056,2133,155
2412,2491,2451,79
2127,2362,2244,235
2546,2416,2481,130
2293,2291,2292,2
2198,2334,2266,136
2235,2268,2251,33
2344,2413,2378,69
2611,2331,2471,280
2315,2568,2441,253
2105,2119,2112,14
2442,2422,2432,20
1966,2227,2096,261
2410,2411,2410,1
2170,2457,2313,287
2406,2068,2237,338
1750,2044,1897,294
2566,2746,2656,180
1727,2484,2105,757
2378,2638,2508,260
2298,2522,2410,224
2636,2474,2555,162
2233,2029,2131,204
2499,2428,2463,71
2515,2395,2455,120
2339,2429,2384,90
2423,2595,2509,172
2240,2568,2404,328
2004,1853,1928,151
1731,2036,1883,305
2441,2511,2476,70
2127,2232,2179,105
2223,1982,2102,241
2442,2174,2308,268
2430,2244,2337,186
2131,1921,2026,210
2066,2412,2239,346
2553,1982,2267,571
2439,2216,2327,223
2549,2451,2500,98
2426,2032,2229,394
2462,2438,2450,24
2412,2527,2469,115
1566,1684,1625,118
2176,2269,2222,93
2572,2316,2444,256
1848,2317,2082,469
2527,2483,2505,44
2087,2293,2190,206
1644,1946,1795,302
1873,2399,2136,526
2120,1775,1947,345
2612,2705,2658,93
2675,2723,2699,48
2538,2465,2501,73
2025,2217,2121,192
2598,2471,2534,127
1972,2407,2189,435
2102,2503,2302,401
2400,2459,2429,59
2074,2303,2188,229
2572,1952,2262,620
1794,1554,1674,240
2442,2204,2323,238
2358,2482,2420,124
2407,2586,2496,179
2379,1905,2142,474
2409,2264,2336,145
2237,2095,2166,142
2153,1809,1981,344
2498,2303,2400,195
2253,2426,2339,173
2613,2231,2422,382
2200,2226,2213,26
2140,2283,2211,143
2087,2309,2198,222
2041,2133,2087,92
2430,2527,2478,97
2095,2267,2181,172
2348,2249,2298,99
2516,2571,2543,55
2370,2455,2412,85
2579,2407,2493,172
2350,2101,2225,249
2379,2272,2325,107
1460,1952,1706,492
2444,2107,2275,337
1916,2004,1960,88
2216,2142,2179,74
2150,2404,2277,254
1943,1923,1933,20
2276,2048,2162,228
2219,2037,2128,182
2285,2332,2308,47
2408,2619,2513,211
2430,2374,2402,56
1939,2086,2012,147
2205,2211,2208,6
2490,2655,2572,165
1916,2074,1995,158
2201,2428,2314,227
2633,2461,2547,172
2426,2192,2309,234
2271,2287,2279,16
1861,1718,1789,143
1813,1646,1729,167
2405,2003,2204,402
2203,2226,2214,23
2325,2057,2191,268
2073,2301,2187,228
1901,2149,2025,248
2375,2465,2420,90
1981,2289,2135,308
2176,1669,1922,507
2165,2247,2206,82
1994,2373,2183,379
1972,2235,2103,263
2416,1818,2117,598
2029,1932,1980,97
2520,2542,2531,22
2593,2548,2570,45
2200,2287,2243,87
2476,2691,2583,215
1715,2031,1873,316
2200,2252,2226,52
1978,2029,2003,51
2293,2529,2411,236
2008,1705,1856,303
2601,2306,2453,295
2240,2465,2352,225
2491,2645,2568,154
2334,2409,2371,75
2663,2702,2682,39
2380,2228,2304,152
1969,1676,1822,293
2391,2129,2260,262
2044,2319,2181,275
2247,2167,2207,80
1946,2278,2112,332
2628,2336,2482,292
2389,2376,2382,13
1601,1962,1781,361
2266,2316,2291,50
2434,2619,2526,185
2024,2112,2068,88
2288,2429,2358,141
2489,2389,2439,100
1885,1818,1851,67
1909,2503,2206,594
2330,2208,2269,122
2060,2111,2085,51
1927,1948,1937,21
2476,2093,2284,383
2158,2359,2258,201
2002,2055,2028,53
2342,2533,2437,191
2559,2577,2568,18
2238,2422,2330,184
2445,2553,2499,108
2232,2118,2175,114
2239,2295,2267,56
2274,2278,2276,4
2737,2764,2750,27
2447,2683,2565,236
1636,2059,1847,423
2381,2079,2230,302
2608,2492,2550,116
2150,2246,2198,96
2294,2203,2248,91
1795,1984,1889,189
2451,2206,2328,245
2192,1962,2077,230
2400,2562,2481,162
2121,1801,1961,320
2196,2035,2115,161
2491,2556,2523,65
2228,2069,2148,159
2401,2597,2499,196
1985,2081,2033,96
2283,2303,2293,20
2442,2528,2485,86
2511,2366,2438,145
2082,1815,1948,267
2002,1688,1845,314
2375,2205,2290,170
2173,2303,2238,130
2640,2612,2626,28
2055,1883,1969,172
2244,2069,2156,175
2584,2466,2525,118
2465,2608,2536,143
2127,2524,2325,397
2174,2082,2128,92
2626,2698,2662,72
2211,2306,2258,95
2070,1846,1958,224
2066,1956,2011,110
2257,2183,2220,74
2225,1934,2079,291
2623,2631,2627,8
2303,2555,2429,252
1913,2214,2063,301
2257,2227,2242,30
2479,2187,2333,292
2133,2261,2197,128
1818,2091,1954,273
2310,2012,2161,298
2482,2361,2421,121
2266,2661,2463,395
2534,2542,2538,8
2630,2469,2549,161
2319,1818,2068,501
2279,1953,2116,326
1931,1782,1856,149
2310,1827,2068,483
1978,1646,1812,332
2157,2492,2324,335
2276,2385,2330,109
2486,2637,2561,151
2268,2509,2388,241
2400,2479,2439,79
2126,2229,2177,103
2279,2462,2370,183
2002,1706,1854,296
2652,2399,2525,253
2183,1969,2076,214
1885,1499,1692,386
2271,1965,2118,306
2438,2636,2537,198
2531,2512,2521,19
2093,2349,2221,256
2021,2174,2097,153
2228,2419,2323,191
2368,2432,2400,64
1792,2041,1916,249
2454,2202,2328,252
2278,2442,2360,164
2069,2197,2133,128
2441,2681,2561,240
2376,2364,2370,12
2285,2434,2359,149
1575,1729,1652,154
1937,2137,2037,200
2454,2292,2373,162
2414,2323,2368,91
1912,2192,2052,280
2395,2438,2416,43
2379,2324,2351,55
1740,2011,1875,271
2551,2483,2517,68
2365,2449,2407,84
2550,2575,2562,25
2574,2529,2551,45
2608,2462,2535,146
2295,2077,2186,218
2214,2547,2380,333
2459,2414,2436,45
2140,2422,2281,282
2363,2577,2470,214
1797,1947,1872,150
2273,1808,2040,465
2432,2031,2231,401
2413,2452,2432,39
2077,1796,1936,281
2428,2278,2353,150
2470,2106,2288,364
2605,2684,2644,79
2705,2327,2516,378
1818,1927,1872,109
2390,2208,2299,182
2316,2343,2329,27
2699,2658,2678,41
1916,2023,1969,107
2244,2263,2253,19
2789,2743,2766,46
1940,2123,2031,183
1996,1692,1844,304
2060,2271,2165,211
2314,2423,2368,109
2054,1856,1955,198
2271,1935,2103,336
2315,2089,2202,226
1927,1928,1927,1
2392,2277,2334,115
2383,2217,2300,166
2617,2409,2513,208
2393,2224,2308,169
1869,1969,1919,100
2032,2244,2138,212
2275,2248,2261,27
1803,1756,1779,47
2301,2099,2200,202
2194,2149,2171,45
2257,2407,2332,150
2566,2357,2461,209
2100,2154,2127,54
2215,2384,2299,169
2267,2226,2246,41
2212,2429,2320,217
2320,2207,2263,113
2224,2095,2159,129
2460,2046,2253,414
1909,2115,2012,206
1756,2234,1995,478
2407,2564,2485,157
2064,1884,1974,180
2217,2417,2317,200
1964,2433,2198,469
2009,2066,2037,57
1921,2104,2012,183
2163,1874,2018,289
2313,2504,2408,191
2607,2543,2575,64
1999,2215,2107,216
2460,2521,2490,61
2128,1874,2001,254
1696,2156,1926,460
2162,2447,2304,285
2404,1785,2094,619
2118,1683,1900,435
2083,2269,2176,186
2534,2508,2521,26
2321,2019,2170,302
1798,1931,1864,133
2580,2435,2507,145
1997,1889,1943,108
2557,2309,2433,248
2568,2283,2425,285
2418,2266,2342,152
2027,2194,2110,167
2298,2499,2398,201
1915,2172,2043,257
2122,1934,2028,188
2212,1984,2098,228
2330,2427,2378,97
2195,2386,2290,191
2076,1876,1976,200
2019,2347,2183,328
2669,2555,2612,114
2162,2551,2356,389
1698,2273,1985,575
2103,2291,2197,188
2537,2245,2391,292
2225,2336,2280,111
2027,1907,1967,120
2567,2468,2517,99
2438,1937,2187,501
2410,2025,2217,385
2428,2375,2401,53
2301,2125,2213,176
1906,2132,2019,226
1755,1962,1858,207
2374,2119,2246,255
1984,2103,2043,119
2024,2174,2099,150
2433,2251,2342,182
2430,2706,2568,276
2498,2702,2600,204
1824,2001,1912,177
1499,1817,1658,318
2458,2204,2331,254
2313,2237,2275,76
1784,2468,2126,684
2482,2271,2376,211
2367,2228,2297,139
1792,2094,1943,302
2475,2696,2585,221
2224,2409,2316,185
2027,2152,2089,125
1853,1691,1772,162
2580,2719,2649,139
2366,2183,2274,183
2148,1796,1972,352
1929,2099,2014,170
2162,2378,2270,216
2533,2531,2532,2
2536,2656,2596,120
2527,2335,2431,192
2132,2093,2112,39
2600,2577,2588,23
2291,2132,2211,159
2159,2068,2113,91
2231,2117,2174,114
1770,2172,1971,402
2264,2004,2134,260
2709,2643,2676,66
2126,1769,1947,357
2537,2245,2391,292
2589,2634,2611,45
2196,2037,2116,159
2490,2397,2443,93
1889,2298,2093,409
1948,1762,1855,186
2219,2149,2184,70
2019,1772,1895,247
2240,2253,2246,13
1752,1884,1818,132
2139,2262,2200,123
2522,2618,2570,96
2274,2555,2414,281
2213,2009,2111,204
2428,2273,2350,155
2263,2188,2225,75
2116,1891,2003,225
2131,2137,2134,6
2347,1856,2101,491
1770,1977,1873,207
2559,2512,2535,47
2132,1959,2045,173
2427,2256,2341,171
2093,2265,2179,172
2468,2276,2372,192
2175,2524,2349,349
2639,2481,2560,158
1828,1917,1872,89
2360,2233,2296,127
2249,2272,2260,23
2059,1824,1941,235
1771,1821,1796,50
2138,2493,2315,355
2058,2229,2143,171
2469,2105,2287,364
2297,2215,2256,82
2144,2369,2256,225
1786,2403,2094,617
2437,2568,2502,131
2329,2436,2382,107
1760,2336,2048,576
2309,2067,2188,242
2338,2686,2512,348
2611,2604,2607,7
2005,2191,2098,186
2372,2464,2418,92
2321,2434,2377,113
2238,2392,2315,154
2562,1969,2265,593
2153,2345,2249,192
2114,2357,2235,243
2510,2354,2432,156
2125,1988,2056,137
2434,2015,2224,419
1767,1575,1671,192
1732,1762,1747,30
2237,2063,2150,174
1530,1893,1711,363
2037,2137,2087,100
2425,2137,2281,288
2509,2538,2523,29
2700,2698,2699,2
2398,2212,2305,186
2197,2049,2123,148
2116,2231,2173,115
1910,2049,1979,139
1990,2198,2094,208
2285,2433,2359,148
2124,2315,2219,191
1801,1763,1782,38
1936,2073,2004,137
2533,2424,2478,109
1669,2025,1847,356
2652,2737,2694,85
1329,1496,1412,167
2477,2424,2450,53
2057,1882,1969,175
2577,2214,2395,363
2616,2607,2611,9
2104,2181,2142,77
1841,2147,1994,306
2341,2206,2273,135
1921,2032,1976,111
2466,2465,2465,1
1980,2319,2149,339
1655,1585,1620,70
2425,2435,2430,10
2366,2021,2193,345
2436,2285,2360,151
1672,1877,1774,205
2598,2123,2360,475
2329,2249,2289,80
2087,1846,1966,241
2280,2572,2426,292
2702,2732,2717,30
1931,2114,2022,183
2047,2227,2137,180
1889,1947,1918,58
2075,2475,2275,400
1806,2073,1939,267
2529,2115,2322,414
2161,2314,2237,153
2260,1871,2065,389
2327,2528,2427,201
2386,2362,2374,24
2145,1603,1874,542
2056,1845,1950,211
2207,2238,2222,31
2404,2557,2480,153
2212,2171,2191,41
2036,1811,1923,225
1955,2307,2131,352
2370,2263,2316,107
2438,2437,2437,1
2568,2545,2556,23
2236,1927,2081,309
2387,2229,2308,158
1776,2026,1901,250
2508,2242,2375,266
1861,2151,2006,290
2483,2732,2607,249
2413,1927,2170,486
2495,2509,2502,14
2527,2562,2544,35
2402,2557,2479,155
2216,2077,2146,139
2683,2424,2553,259
2100,2142,2121,42
1750,1927,1838,177
2015,2333,2174,318
2458,2329,2393,129
2371,2306,2338,65
2505,2513,2509,8
1956,1527,1741,429
2495,2289,2392,206
1868,2002,1935,134
2435,2409,2422,26
2343,1865,2104,478
2238,2236,2237,2
2455,2135,2295,320
2287,2469,2378,182
2183,2033,2108,150
1646,1638,1642,8
2042,2023,2032,19
2106,2124,2115,18
1969,1772,1870,197
1996,2471,2233,475
1878,1713,1795,165
2445,2512,2478,67
1833,2132,1982,299
2556,2494,2525,62
2082,2036,2059,46
2170,2126,2148,44
2380,2531,2455,151
2657,2571,2614,86
2526,2296,2411,230
2198,2418,2308,220
2482,2428,2455,54
1885,2055,1970,170
2402,2438,2420,36
2328,2211,2269,117
2309,2085,2197,224
2514,2607,2560,93
2225,2358,2291,133
1835,2175,2005,340
2583,2336,2459,247
2321,2547,2434,226
2250,2393,2321,143
2427,2213,2320,214
2332,2126,2229,206
2055,2144,2099,89
2392,2228,2310,164
1411,1933,1672,522
2267,1954,2110,313
1943,1963,1953,20
2683,2717,2700,34
1943,2182,2062,239
2528,2502,2515,26
2553,2549,2551,4
2450,2573,2511,123
2048,1992,2020,56
2655,2417,2536,238
2448,2507,2477,59
2255,2378,2316,123
2131,2255,2193,124
2366,2532,2449,166
1623,1822,1722,199
2386,2461,2423,75
2343,2259,2301,84
2483,2732,2607,249
2165,2067,2116,98
2153,2704,2428,551
2590,2201,2395,389
2094,2202,2148,108
2738,2749,2743,11
2423,2533,2478,110
2749,2455,2602,294
2183,2487,2335,304
2384,2486,2435,102
2393,2172,2282,221
2100,1978,2039,122
2405,2463,2434,58
1836,2153,1994,317
2579,2588,2583,9
2084,2152,2118,68
2041,2186,2113,145
2346,2562,2454,216
2470,2534,2502,64
2211,2157,2184,54
2162,2108,2135,54
2362,2481,2421,119
2488,1938,2213,550
1952,1712,1832,240
1995,2041,2018,46
2564,2506,2535,58
1830,2066,1948,236
2647,2341,2494,306
2416,2095,2255,321
2179,2377,2278,198
2516,2243,2379,273
2456,2433,2444,23
1851,2141,1996,290
2423,2371,2397,52
2481,2357,2419,124
2516,2562,2539,46
2502,2488,2495,14
2449,2405,2427,44
2304,1756,2030,548
2189,2441,2315,252
2523,2594,2558,71
2508,2291,2399,217
2418,2549,2483,131
2011,2494,2252,483
1922,2227,2074,305
2485,2519,2502,34
2259,2257,2258,2
2136,2452,2294,316
2063,2282,2172,219
2119,2518,2318,399
2323,2172,2247,151
2109,2052,2080,57
2214,1983,2098,231
2027,1931,1979,96
2048,1788,1918,260
2343,2397,2370,54
2523,1929,2226,594
1840,1822,1831,18
2314,2091,2202,223
2580,2454,2517,126
2462,2254,2358,208
2551,2336,2443,215
2261,2367,2314,106
2041,2499,2270,458
2299,2448,2373,149
2402,2561,2481,159
2407,2275,2341,132
2213,2299,2256,86
2493,2228,2360,265
2278,2378,2328,100
1715,1782,1748,67
2379,2107,2243,272
2048,2218,2133,170
1949,2169,2059,220
2364,1974,2169,390
1496,1728,1612,232
2519,2301,2410,218
2005,2298,2151,293
2418,2507,2462,89
2469,2172,2320,297
2304,2371,2337,67
2165,2204,2184,39
2539,2555,2547,16
2431,2152,2291,279
2604,2723,2663,119
1832,2173,2002,341
2207,1861,2034,346
2155,1931,2043,224
2088,2175,2131,87
2182,2124,2153,58
1657,2079,1868,422
2088,2362,2225,274
2642,2563,2602,79
2628,2625,2626,3
2277,2306,2291,29
2437,2044,2240,393
2044,2142,2093,98
2316,2205,2260,111
2414,2716,2565,302
1925,1791,1858,134
2281,2007,2144,274
2039,1964,2001,75
2203,2553,2378,350
2322,1991,2156,331
2110,2438,2274,328
2580,2788,2684,208
2435,2266,2350,169
2149,2089,2119,60
2549,2644,2596,95
1534,1772,1653,238
1606,1941,1773,335
2737,2736,2736,1
2249,2341,2295,92
2636,2397,2516,239
2296,2296,2296,0
2505,2351,2428,154
2269,2197,2233,72
2731,2593,2662,138
2167,2469,2318,302
2616,2002,2309,614
2518,2561,2539,43
2223,1801,2012,422
2764,2741,2752,23
2716,2784,2750,68
2143,1994,2068,149
2146,2436,2291,290
2435,2157,2296,278
2322,2219,2270,103
2540,2522,2531,18
2259,1941,2100,318
2157,2462,2309,305
2386,2172,2279,214
2090,2286,2188,196
2555,2543,2549,12
2211,2277,2244,66
2284,1974,2129,310
2403,2385,2394,18
2332,2477,2404,145
2357,2332,2344,25
1482,1449,1465,33
2324,2042,2183,282
2276,2541,2408,265
2457,2337,2397,120
2311,2639,2475,328
2374,2191,2282,183
2237,1958,2097,279
1525,1844,1684,319
2516,2671,2593,155
2605,2683,2644,78
1838,1989,1913,151
2741,2727,2734,14
2024,2598,2311,574
2225,2586,2405,361
2356,2177,2266,179
2502,2289,2395,213
2617,2711,2664,94
1990,2023,2006,33
2564,2357,2460,207
1716,1448,1582,268
2421,2517,2469,96
2237,2157,2197,80
1639,2134,1886,495
2102,2006,2054,96
2191,1878,2034,313
2518,2378,2448,140
2309,2275,2292,34
2551,2179,2365,372
2192,2416,2304,224
1842,2456,2149,614
1751,2008,1879,257
2558,2263,2410,295
2315,2573,2444,258
1810,1814,1812,4
1908,1434,1671,474
1764,1521,1642,243
2540,2478,2509,62
2237,2542,2389,305
2016,2263,2139,247
1991,2185,2088,194
2101,2188,2144,87
2532,2443,2487,89
2365,2593,2479,228
2147,2153,2150,6
2334,2355,2344,21
2068,2066,2067,2
1943,1649,1796,294
2320,2565,2442,245
2346,2276,2311,70
2042,1721,1881,321
2600,2084,2342,516
2414,2285,2349,129
1772,1811,1791,39
2459,2347,2403,112
2067,2492,2279,425
2298,2278,2288,20
2035,1917,1976,118
2567,2489,2528,78
2684,2251,2467,433
2559,2303,2431,256
2436,2249,2342,187
2595,2623,2609,28
2500,2309,2404,191
2345,2214,2279,131
2508,2567,2537,59
2122,1902,2012,220
2167,1774,1970,393
2350,2487,2418,137
2473,2576,2524,103
1925,2185,2055,260
2068,2487,2277,419
2211,2242,2226,31
2165,2419,2292,254
2648,2632,2640,16
2356,2082,2219,274
2525,2227,2376,298
2146,2032,2089,114
2353,2527,2440,174
1965,2656,2310,691
2403,2342,2372,61
2087,1903,1995,184
1878,2135,2006,257
2207,2413,2310,206
1793,2157,1975,364
2313,2513,2413,200
2161,1921,2041,240
2062,1784,1923,278
2495,2448,2471,47
2375,1943,2159,432
2181,2407,2294,226
2250,1694,1972,556
2265,2064,2164,201
1828,1921,1874,93
1546,2121,1833,575
2442,2622,2532,180
2340,2423,2381,83
2122,1992,2057,130
1785,2429,2107,644
2641,2707,2674,66
2198,1789,1993,409
1988,1802,1895,186
2305,2369,2337,64
2563,1942,2252,621
2548,2518,2533,30
2398,2157,2277,241
1974,2152,2063,178
2227,2468,2347,241
1961,2159,2060,198
2205,2287,2246,82
2509,2452,2480,57
1465,1805,1635,340
2455,2547,2501,92
2202,1927,2064,275
2554,2543,2548,11
2679,2614,2646,65
2706,2558,2632,148
2317,2222,2269,95
2125,2426,2275,301
2679,2636,2657,43
1988,2385,2186,397
2239,2383,2311,144
2395,2163,2279,232
2440,2512,2476,72
2273,2398,2335,125
1864,2287,2075,423
2469,2601,2535,132
1886,2263,2074,377
2402,2101,2251,301
1676,1825,1750,149
2175,2094,2134,81
1895,2346,2120,451
2037,1752,1894,285
2199,1956,2077,243
2568,2407,2487,161
2363,2244,2303,119
1498,1966,1732,468
2176,1832,2004,344
2635,2617,2626,18
2276,1958,2117,318
2525,2371,2448,154
1801,2045,1923,244
2359,2473,2416,114
2118,2024,2071,94
1944,1483,1713,461
2115,2406,2260,291
2020,2267,2143,247
2448,2137,2292,311
2607,2577,2592,30
1920,1708,1814,212
1777,2124,1950,347
2248,1905,2076,343
1790,1838,1814,48
1904,1855,1879,49
1949,2276,2112,327
2020,2089,2054,69
2752,2711,2731,41
1682,2023,1852,341
2233,2114,2173,119
2300,2527,2413,227
1827,2005,1916,178
2633,2398,2515,235
2479,2302,2390,177
2431,2558,2494,127
2055,2268,2161,213
2562,2403,2482,159
2554,2378,2466,176
2413,2159,2286,254
1875,1679,1777,196
2627,2671,2649,44
2196,2031,2113,165
2599,2026,2312,573
2242,2475,2358,233
2439,2587,2513,148
2626,2474,2550,152
2007,2491,2249,484
2432,2303,2367,129
2379,2294,2336,85
2099,2283,2191,184
2452,2651,2551,199
1459,1958,1708,499
1885,2205,2045,320
2528,2384,2456,144
2043,2218,2130,175
2681,2526,2603,155
2299,2262,2280,37
2172,2525,2348,353
1929,2083,2006,154
2368,1839,2103,529
2246,2516,2381,270
2176,2351,2263,175
2039,2392,2215,353
2684,2403,2543,281
2090,1636,1863,454
2089,2016,2052,73
2671,2691,2681,20
2526,2683,2604,157
2541,2605,2573,64
2323,2329,2326,6
2013,2122,2067,109
2504,2566,2535,62
2130,2199,2164,69
2027,1787,1907,240
2041,2238,2139,197
1673,1817,1745,144
2040,2199,2119,159
2359,2307,2333,52
2227,2247,2237,20
2471,2659,2565,188
1948,2075,2011,127
2546,2589,2567,43
1770,1967,1868,197
2355,2525,2440,170
2090,2467,2278,377
1429,1836,1632,407
2470,2208,2339,262
2661,2687,2674,26
2338,2365,2351,27
1805,1948,1876,143
2448,2371,2409,77
2282,2006,2144,276
2565,2332,2448,233
2620,2543,2581,77
2297,2337,2317,40
1688,1944,1816,256
1814,1814,1814,0
2394,2288,2341,106
1735,2101,1918,366
2300,2458,2379,158
2209,2228,2218,19
2092,1993,2042,99
2526,2294,2410,232
2292,2043,2167,249
2157,2481,2319,324
1774,2137,1955,363
2335,2245,2290,90
2546,2568,2557,22
2077,2242,2159,165
2705,2695,2700,10
1905,2069,1987,164
2371,1944,2157,427
2029,2372,2200,343
2470,2636,2553,166
2291,2552,2421,261
2365,2452,2408,87
2112,2348,2230,236
2414,2107,2260,307
2398,2551,2474,153
2386,2111,2248,275
1969,2298,2133,329
2499,2554,2526,55
2442,1876,2159,566
1687,1905,1796,218
2339,2579,2459,240
1898,2256,2077,358
2361,2409,2385,48
2461,2513,2487,52
2355,2324,2339,31
2141,2423,2282,282
1927,2141,2034,214
2427,2274,2350,153
2146,1972,2059,174
1782,2139,1960,357
2560,2237,2398,323
2259,2361,2310,102
2266,2202,2234,64
1842,2263,2052,421
2435,2419,2427,16
2646,2336,2491,310
2095,2336,2215,241
2375,2073,2224,302
2481,2304,2392,177
2188,2249,2218,61
1755,1949,1852,194
2031,1801,1916,230
1690,1888,1789,198
1961,2092,2026,131
2253,2508,2380,255
2470,2375,2422,95
1729,2011,1870,282
2650,2572,2611,78
2453,2511,2482,58
2227,2456,2341,229
1675,2109,1892,434
2232,2252,2242,20
2401,2678,2539,277
1888,1671,1779,217
2045,2365,2205,320
2392,1989,2190,403
2328,2275,2301,53
2141,1943,2042,198
2264,2087,2175,177
2710,2709,2709,1
2376,2368,2372,8
2028,2301,2164,273
2207,2267,2237,60
2801,2543,2672,258
2550,2323,2436,227
2512,2412,2462,100
2494,2554,2524,60
2100,2356,2228,256
2092,1871,1981,221
2296,1987,2141,309
2475,2341,2408,134
2072,1988,2030,84
2238,2397,2317,159
2108,2521,2314,413
2471,2416,2443,55
2270,2027,2148,243
2292,2046,2169,246
2463,2311,2387,152
2409,2297,2353,112
2311,2177,2244,134
2507,2276,2391,231
2386,2703,2544,317
2375,2211,2293,164
2087,2263,2175,176
2238,2379,2308,141
1582,2058,1820,476
2232,1918,2075,314
2132,2266,2199,134
2598,2632,2615,34
2515,2401,2458,114
2066,2388,2227,322
2771,2881,2826,110
2448,2128,2288,320
2321,2186,2253,135
2228,2079,2153,149
2259,2201,2230,58
2351,2083,2217,268
2137,1867,2002,270
2263,2099,2181,164
1690,2024,1857,334
2646,2569,2607,77
2440,2433,2436,7
2286,2284,2285,2
1676,1792,1734,116
2743,2671,2707,72
2412,2322,2367,90
2292,2654,2473,362
2659,1907,2283,752
1862,1491,1676,371
2241,2335,2288,94
1835,2004,1919,169
2442,2621,2531,179
2465,2365,2415,100
2318,2101,2209,217
2108,2147,2127,39
2251,1941,2096,310
1932,2398,2165,466
1902,1663,1782,239
2404,2009,2206,395
2356,2442,2399,86
2143,2261,2202,118
2451,2203,2327,248
2423,2593,2508,170
2156,2313,2234,157
2307,2233,2270,74
2323,2061,2192,262
2355,2308,2331,47
2655,2468,2561,187
2111,2557,2334,446
2101,2027,2064,74
2192,2461,2326,269
2181,1929,2055,252
2488,2251,2369,237
2079,2007,2043,72
2164,2503,2333,339
1935,2472,2203,537
2411,2165,2288,246
2437,2583,2510,146
1675,2117,1896,442
2081,1928,2004,153
2455,2614,2534,159
2179,2356,2267,177
2496,2486,2491,10
2479,2427,2453,52
2440,2045,2242,395
1942,1746,1844,196
2207,2221,2214,14
1761,2163,1962,402
2037,2211,2124,174
1877,2381,2129,504
2349,2019,2184,330
1916,2261,2088,345
2546,2543,2544,3
1570,1735,1652,165
2113,2314,2213,201
2474,2254,2364,220
2544,2652,2598,108
2260,2571,2415,311
2071,1693,1882,378
2143,2362,2252,219
1973,2089,2031,116
2356,2423,2389,67
2344,1918,2131,426
2002,2318,2160,316
1981,1707,1844,274
2192,2163,2177,29
2543,2651,2597,108
1864,2115,1989,251
2501,2441,2471,60
1916,2219,2067,303
2210,2115,2162,95
2121,2402,2261,281
1652,1884,1768,232
2411,2622,2516,211
1810,2088,1949,278
1748,2562,2155,814
2470,2205,2337,265
2140,1962,2051,178
2424,1967,2195,457
2175,2116,2145,59
2382,2127,2254,255
2595,2156,2375,439
2038,1773,1905,265
1486,1822,1654,336
2650,2409,2529,241
2419,2601,2510,182
2356,2603,2479,247
2595,2417,2506,178
1838,2474,2156,636
2505,2492,2498,13
2328,2471,2399,143
1692,2005,1848,313
1939,2205,2072,266
2456,2202,2329,254
1764,2271,2017,507
2726,2575,2650,151
1843,1993,1918,150
2556,2506,2531,50
2006,1627,1816,379
2018,1883,1950,135
2520,2306,2413,214
2114,1888,2001,226
2287,2252,2269,35
1548,1808,1678,260
2265,2434,2349,169
2584,2708,2646,124
2159,2271,2215,112
2035,2225,2130,190
2461,2556,2508,95
1922,1685,1803,237
2311,2018,2164,293
2070,2295,2182,225
2762,2679,2720,83
2507,2152,2329,355
2336,2598,2467,262
2483,2718,2600,235
2213,2455,2334,242
2163,1928,2045,235
2456,2327,2391,129
2209,2403,2306,194
1937,2169,2053,232
2393,2402,2397,9
1230,1397,1313,167
2499,2663,2581,164
2294,2109,2201,185
1969,2208,2088,239
2560,2285,2422,275
2443,2243,2343,200
1657,1868,1762,211
1808,1576,1692,232
2456,1944,2200,512
2314,2219,2266,95
2609,2221,2415,388
2262,2349,2305,87
2254,2013,2133,241
2438,2499,2468,61
2543,2354,2448,189
1885,2037,1961,152
2290,2512,2401,222
2616,2032,2324,584
2123,2005,2064,118
2370,2312,2341,58
2176,2043,2109,133
1882,2148,2015,266
2053,2069,2061,16
1870,1974,1922,104
2225,2406,2315,181
2236,2089,2162,147
2069,2113,2091,44
2067,1731,1899,336
2412,2475,2443,63
1806,1709,1757,97
2682,2563,2622,119
2634,2698,2666,64
1967,2254,2110,287
1718,1753,1735,35
2373,2511,2442,138
2633,2659,2646,26
2343,2255,2299,88
2185,2494,2339,309
2504,2256,2380,248
1995,2548,2271,553
2298,2615,2456,317
2803,2783,2793,20
1663,1808,1735,145
2282,2339,2310,57
2412,2366,2389,46
2679,2801,2740,122
2112,2322,2217,210
2039,2103,2071,64
2154,1774,1964,380
2367,1993,2180,374
2297,1991,2144,306
2068,2045,2056,23
2271,1948,2109,323
2267,2359,2313,92
2381,2314,2347,67
2252,2365,2308,113
2427,2325,2376,102
2472,2358,2415,114
2086,2151,2118,65
2548,2537,2542,11
2200,1996,2098,204
2491,2421,2456,70
2091,2223,2157,132
2718,2235,2476,483
2575,2411,2493,164
2554,2713,2633,159
2167,2321,2244,154
2247,1925,2086,322
2187,2018,2102,169
2701,2785,2743,84
1560,1903,1731,343
2235,2663,2449,428
2052,2024,2038,28
2211,2374,2292,163
2073,2134,2103,61
2126,2488,2307,362
2243,2504,2373,261
2275,2154,2214,121
1952,2223,2087,271
2342,2361,2351,19
2230,2336,2283,106
2388,2392,2390,4
2179,2335,2257,156
2164,1981,2072,183
2317,2337,2327,20
2508,2534,2521,26
2413,2001,2207,412
2282,2007,2144,275
2371,2101,2236,270
2469,2122,2295,347
2412,2369,2390,43
2090,2147,2118,57
2611,2423,2517,188
2460,2539,2499,79
2605,2591,2598,14
1632,2301,1966,669
2441,2598,2519,157
2249,2376,2312,127
2214,2254,2234,40
2344,2137,2240,207
2632,2531,2581,101
1992,1928,1960,64
2620,2376,2498,244
2154,2033,2093,121
2308,2348,2328,40
1763,1609,1686,154
1844,2063,1953,219
2391,2513,2452,122
2634,2541,2587,93
2319,2069,2194,250
1717,2098,1907,381
