WhiteElo,BlackElo,MeanElos,DiffElos,SumElos,Class
2354,2411,2382,-57,4765,master
1915,1999,1957,-84,3914,novice
2446,2191,2318,255,4637,master
2168,2075,2121,93,4243,average
2437,2254,2345,183,4691,master
2449,2201,2325,248,4650,master
1813,1643,1728,170,3456,novice
2553,2052,2302,501,4605,master
2611,2520,2565,91,5131,grandmaster
2306,2093,2199,213,4399,average
2108,2273,2190,-165,4381,average
2047,2186,2116,-139,4233,average
2357,2110,2233,247,4467,average
1877,1851,1864,26,3728,novice
2406,2147,2276,259,4553,average
2054,2099,2076,-45,4153,novice
2250,2132,2191,118,4382,average
1860,2464,2162,-604,4324,average
1942,1663,1802,279,3605,novice
2295,2191,2243,104,4486,average
2345,2560,2452,-215,4905,grandmaster
1979,2263,2121,-284,4242,average
2550,2502,2526,48,5052,grandmaster
2392,2272,2332,120,4664,master
2413,2315,2364,98,4728,master
2332,2334,2333,-2,4666,master
2119,2136,2127,-17,4255,average
2522,2285,2403,237,4807,master
2482,2329,2405,153,4811,master
2345,2291,2318,54,4636,master
1933,2207,2070,-274,4140,novice
1941,2184,2062,-243,4125,novice
2224,2008,2116,216,4232,average
1889,2307,2098,-418,4196,novice
2369,2394,2381,-25,4763,master
2529,2255,2392,274,4784,master
1992,2119,2055,-127,4111,novice
2130,1943,2036,187,4073,novice
2376,2591,2483,-215,4967,grandmaster
1870,2086,1978,-216,3956,novice
2450,2170,2310,280,4620,master
2133,2214,2173,-81,4347,average
2024,2517,2270,-493,4541,average
2079,2202,2140,-123,4281,average
2101,2330,2215,-229,4431,average
2281,2524,2402,-243,4805,master
2148,2197,2172,-49,4345,average
2124,2392,2258,-268,4516,average
2246,2426,2336,-180,4672,master
2613,2742,2677,-129,5355,grandmaster
2269,2106,2187,163,4375,average
2485,2293,2389,192,4778,master
2207,2402,2304,-195,4609,master
2607,1765,2186,842,4372,average
2700,2753,2726,-53,5453,grandmaster
1962,2057,2009,-95,4019,novice
2360,1924,2142,436,4284,average
2311,2352,2331,-41,4663,master
2453,2268,2360,185,4721,master
1934,1792,1863,142,3726,novice
2232,2344,2288,-112,4576,average
2271,2211,2241,60,4482,average
2353,2327,2340,26,4680,master
1902,2145,2023,-243,4047,novice
2248,2512,2380,-264,4760,master
2359,2064,2211,295,4423,average
2368,2248,2308,120,4616,master
2056,2265,2160,-209,4321,average
2241,1776,2008,465,4017,novice
1827,1540,1683,287,3367,novice
2466,2233,2349,233,4699,master
2516,2706,2611,-190,5222,grandmaster
2152,2255,2203,-103,4407,average
2706,2713,2709,-7,5419,grandmaster
2103,1870,1986,233,3973,novice
1381,1735,1558,-354,3116,novice
2391,2431,2411,-40,4822,master
2380,2192,2286,188,4572,average
2051,2185,2118,-134,4236,average
1945,2171,2058,-226,4116,novice
2270,2152,2211,118,4422,average
2460,2329,2394,131,4789,master
2443,2407,2425,36,4850,master
2548,2475,2511,73,5023,grandmaster
2172,1880,2026,292,4052,novice
2484,2507,2495,-23,4991,grandmaster
2119,2199,2159,-80,4318,average
2583,2461,2522,122,5044,grandmaster
2531,2552,2541,-21,5083,grandmaster
2291,2459,2375,-168,4750,master
2171,2040,2105,131,4211,average
1962,2061,2011,-99,4023,novice
2183,1931,2057,252,4114,novice
2250,2680,2465,-430,4930,grandmaster
2645,2522,2583,123,5167,grandmaster
1766,2053,1909,-287,3819,novice
1890,2498,2194,-608,4388,average
2220,2122,2171,98,4342,average
2668,2390,2529,278,5058,grandmaster
2534,2731,2632,-197,5265,grandmaster
2382,2580,2481,-198,4962,grandmaster
1769,1799,1784,-30,3568,novice
1828,2030,1929,-202,3858,novice
2065,2282,2173,-217,4347,average
2467,2109,2288,358,4576,average
2469,2663,2566,-194,5132,grandmaster
2371,1822,2096,549,4193,novice
2432,2120,2276,312,4552,average
1903,1633,1768,270,3536,novice
2359,2356,2357,3,4715,master
1935,2210,2072,-275,4145,novice
2543,2176,2359,367,4719,master
2523,1960,2241,563,4483,average
2527,2507,2517,20,5034,grandmaster
2368,2222,2295,146,4590,average
2552,2331,2441,221,4883,master
2253,2156,2204,97,4409,average
2430,2410,2420,20,4840,master
2391,2170,2280,221,4561,average
2276,2455,2365,-179,4731,master
2706,2739,2722,-33,5445,grandmaster
2087,2372,2229,-285,4459,average
2595,2614,2604,-19,5209,grandmaster
2476,2169,2322,307,4645,master
1861,1513,1687,348,3374,novice
2427,2322,2374,105,4749,master
2577,2574,2575,3,5151,grandmaster
2489,2621,2555,-132,5110,grandmaster
2409,2354,2381,55,4763,master
2191,1991,2091,200,4182,novice
1585,1613,1599,-28,3198,novice
1612,1580,1596,32,3192,novice
2069,2515,2292,-446,4584,average
2392,2295,2343,97,4687,master
2072,2251,2161,-179,4323,average
2451,2655,2553,-204,5106,grandmaster
2484,2463,2473,21,4947,grandmaster
2597,2605,2601,-8,5202,grandmaster
2090,1658,1874,432,3748,novice
2409,1936,2172,473,4345,average
2126,2168,2147,-42,4294,average
2480,1799,2139,681,4279,average
2250,2122,2186,128,4372,average
2164,2191,2177,-27,4355,average
2211,2317,2264,-106,4528,average
2013,2245,2129,-232,4258,average
2437,2359,2398,78,4796,master
2050,2088,2069,-38,4138,novice
1846,2337,2091,-491,4183,novice
2275,2422,2348,-147,4697,master
2225,2050,2137,175,4275,average
2230,1846,2038,384,4076,novice
2336,2225,2280,111,4561,average
1788,2212,2000,-424,4000,novice
1965,2083,2024,-118,4048,novice
2469,2608,2538,-139,5077,grandmaster
2319,2107,2213,212,4426,average
1876,1904,1890,-28,3780,novice
2556,2693,2624,-137,5249,grandmaster
2512,2571,2541,-59,5083,grandmaster
2298,2202,2250,96,4500,average
2430,2550,2490,-120,4980,grandmaster
2329,2468,2398,-139,4797,master
2253,2046,2149,207,4299,average
2554,2607,2580,-53,5161,grandmaster
2075,2369,2222,-294,4444,average
2030,2232,2131,-202,4262,average
2346,2114,2230,232,4460,average
2347,2479,2413,-132,4826,master
1985,2255,2120,-270,4240,average
2390,2034,2212,356,4424,average
2298,2516,2407,-218,4814,master
2284,2092,2188,192,4376,average
2177,2356,2266,-179,4533,average
2145,2351,2248,-206,4496,average
2316,2242,2279,74,4558,average
2160,2047,2103,113,4207,average
2017,1958,1987,59,3975,novice
2334,2166,2250,168,4500,average
2119,2363,2241,-244,4482,average
1956,1945,1950,11,3901,novice
2559,2440,2499,119,4999,grandmaster
2091,2581,2336,-490,4672,master
2144,2068,2106,76,4212,average
2591,2590,2590,1,5181,grandmaster
2330,2151,2240,179,4481,average
2229,2457,2343,-228,4686,master
2538,2394,2466,144,4932,grandmaster
2411,2201,2306,210,4612,master
2442,2171,2306,271,4613,master
1915,1803,1859,112,3718,novice
2398,2053,2225,345,4451,average
2022,2205,2113,-183,4227,average
2154,2307,2230,-153,4461,average
2287,2496,2391,-209,4783,master
2167,1758,1962,409,3925,novice
1818,1837,1827,-19,3655,novice
1922,2363,2142,-441,4285,average
2549,2185,2367,364,4734,master
2548,2477,2512,71,5025,grandmaster
2049,2309,2179,-260,4358,average
2585,2546,2565,39,5131,grandmaster
2625,2244,2434,381,4869,master
2505,2287,2396,218,4792,master
2172,2351,2261,-179,4523,average
2525,2150,2337,375,4675,master
2624,2621,2622,3,5245,grandmaster
2160,2275,2217,-115,4435,average
1641,1543,1592,98,3184,novice
2459,2312,2385,147,4771,master
2311,2492,2401,-181,4803,master
2379,2091,2235,288,4470,average
2359,2353,2356,6,4712,master
2260,2204,2232,56,4464,average
2039,1872,1955,167,3911,novice
2129,2003,2066,126,4132,novice
2190,2306,2248,-116,4496,average
1778,1959,1868,-181,3737,novice
2091,2419,2255,-328,4510,average
2205,2310,2257,-105,4515,average
2194,2024,2109,170,4218,average
2379,2297,2338,82,4676,master
2436,2263,2349,173,4699,master
2263,2307,2285,-44,4570,average
2442,2280,2361,162,4722,master
1894,2465,2179,-571,4359,average
1683,2086,1884,-403,3769,novice
2140,2375,2257,-235,4515,average
2411,2493,2452,-82,4904,grandmaster
2231,1858,2044,373,4089,novice
2165,1850,2007,315,4015,novice
1639,1924,1781,-285,3563,novice
2264,1692,1978,572,3956,novice
2257,2101,2179,156,4358,average
2045,2387,2216,-342,4432,average
2221,1981,2101,240,4202,average
2408,2399,2403,9,4807,master
2506,2194,2350,312,4700,master
2773,2761,2767,12,5534,grandmaster
2699,2764,2731,-65,5463,grandmaster
1640,1464,1552,176,3104,novice
2026,2447,2236,-421,4473,average
2229,2051,2140,178,4280,average
2388,2233,2310,155,4621,master
2504,2519,2511,-15,5023,grandmaster
2142,1858,2000,284,4000,novice
2159,2076,2117,83,4235,average
2705,2577,2641,128,5282,grandmaster
2449,2303,2376,146,4752,master
1972,2356,2164,-384,4328,average
2517,2053,2285,464,4570,average
2625,2503,2564,122,5128,grandmaster
2531,2017,2274,514,4548,average
2540,2662,2601,-122,5202,grandmaster
2328,2318,2323,10,4646,master
1649,2188,1918,-539,3837,novice
2044,2181,2112,-137,4225,average
2187,2029,2108,158,4216,average
1978,2186,2082,-208,4164,novice
2312,2011,2161,301,4323,average
1904,2091,1997,-187,3995,novice
2464,2493,2478,-29,4957,grandmaster
1657,2123,1890,-466,3780,novice
1651,1508,1579,143,3159,novice
2061,2145,2103,-84,4206,average
2256,2377,2316,-121,4633,master
2442,2397,2419,45,4839,master
2161,2532,2346,-371,4693,master
2208,1999,2103,209,4207,average
2666,2548,2607,118,5214,grandmaster
2224,2428,2326,-204,4652,master
2414,2404,2409,10,4818,master
2394,2255,2324,139,4649,master
2255,2159,2207,96,4414,average
2030,2183,2106,-153,4213,average
2032,2279,2155,-247,4311,average
2206,1969,2087,237,4175,novice
2174,2261,2217,-87,4435,average
2387,2222,2304,165,4609,master
2368,2125,2246,243,4493,average
2368,1811,2089,557,4179,novice
2466,2270,2368,196,4736,master
2511,2403,2457,108,4914,grandmaster
2223,1912,2067,311,4135,novice
2515,2007,2261,508,4522,average
2354,2491,2422,-137,4845,master
1902,2153,2027,-251,4055,novice
2603,2417,2510,186,5020,grandmaster
1623,2146,1884,-523,3769,novice
2037,1582,1809,455,3619,novice
2437,2387,2412,50,4824,master
2225,2234,2229,-9,4459,average
2191,2520,2355,-329,4711,master
2265,2381,2323,-116,4646,master
2138,1835,1986,303,3973,novice
2078,2639,2358,-561,4717,master
1989,2174,2081,-185,4163,novice
2084,2461,2272,-377,4545,average
2064,2174,2119,-110,4238,average
2364,2398,2381,-34,4762,master
2149,2446,2297,-297,4595,average
1960,2044,2002,-84,4004,novice
2241,2439,2340,-198,4680,master
2431,2717,2574,-286,5148,grandmaster
2302,2042,2172,260,4344,average
2552,2511,2531,41,5063,grandmaster
2479,2310,2394,169,4789,master
2484,2349,2416,135,4833,master
1974,2140,2057,-166,4114,novice
2651,2477,2564,174,5128,grandmaster
1313,1842,1577,-529,3155,novice
1745,2011,1878,-266,3756,novice
2309,2608,2458,-299,4917,grandmaster
1897,1475,1686,422,3372,novice
2464,2424,2444,40,4888,master
2348,1881,2114,467,4229,average
2198,1968,2083,230,4166,novice
2638,2388,2513,250,5026,grandmaster
2427,2202,2314,225,4629,master
2525,2138,2331,387,4663,master
2521,2344,2432,177,4865,master
2577,2466,2521,111,5043,grandmaster
1854,1705,1779,149,3559,novice
2695,2612,2653,83,5307,grandmaster
2528,2190,2359,338,4718,master
2345,2534,2439,-189,4879,master
2556,2302,2429,254,4858,master
2454,2472,2463,-18,4926,grandmaster
2645,2464,2554,181,5109,grandmaster
2066,1763,1914,303,3829,novice
2568,2440,2504,128,5008,grandmaster
2470,2226,2348,244,4696,master
1884,2547,2215,-663,4431,average
2374,2554,2464,-180,4928,grandmaster
1846,1765,1805,81,3611,novice
2048,1848,1948,200,3896,novice
1921,2308,2114,-387,4229,average
2136,2243,2189,-107,4379,average
2301,2119,2210,182,4420,average
2009,2293,2151,-284,4302,average
1915,2105,2010,-190,4020,novice
2596,2291,2443,305,4887,master
2166,2416,2291,-250,4582,average
2645,2302,2473,343,4947,grandmaster
1939,2052,1995,-113,3991,novice
2312,2067,2189,245,4379,average
2543,2412,2477,131,4955,grandmaster
2138,1927,2032,211,4065,novice
2457,2309,2383,148,4766,master
2481,2252,2366,229,4733,master
2210,1971,2090,239,4181,novice
2392,2275,2333,117,4667,master
2209,2338,2273,-129,4547,average
2631,2711,2671,-80,5342,grandmaster
2123,2358,2240,-235,4481,average
2015,2507,2261,-492,4522,average
2250,2507,2378,-257,4757,master
1735,1822,1778,-87,3557,novice
1904,2030,1967,-126,3934,novice
1967,2215,2091,-248,4182,novice
2457,2063,2260,394,4520,average
2224,2356,2290,-132,4580,average
2144,2534,2339,-390,4678,master
1959,2095,2027,-136,4054,novice
2249,2011,2130,238,4260,average
2350,2521,2435,-171,4871,master
2497,2351,2424,146,4848,master
2404,2414,2409,-10,4818,master
2583,2206,2394,377,4789,master
2274,1797,2035,477,4071,novice
1937,2155,2046,-218,4092,novice
2164,2434,2299,-270,4598,average
2395,2270,2332,125,4665,master
2184,2473,2328,-289,4657,master
2667,2375,2521,292,5042,grandmaster
2488,2531,2509,-43,5019,grandmaster
2128,1965,2046,163,4093,novice
2693,2469,2581,224,5162,grandmaster
2521,2475,2498,46,4996,grandmaster
2095,2193,2144,-98,4288,average
1848,2074,1961,-226,3922,novice
2053,2205,2129,-152,4258,average
2006,1835,1920,171,3841,novice
2375,2249,2312,126,4624,master
2255,2235,2245,20,4490,average
2173,2400,2286,-227,4573,average
2445,2583,2514,-138,5028,grandmaster
1814,2042,1928,-228,3856,novice
2049,2328,2188,-279,4377,average
1872,2288,2080,-416,4160,novice
2292,2593,2442,-301,4885,master
2465,2710,2587,-245,5175,grandmaster
2405,2539,2472,-134,4944,grandmaster
2457,2201,2329,256,4658,master
2177,2024,2100,153,4201,novice
2182,1869,2025,313,4051,novice
1679,1780,1729,-101,3459,novice
1767,2455,2111,-688,4222,average
2409,2573,2491,-164,4982,grandmaster
2127,2498,2312,-371,4625,master
2453,2510,2481,-57,4963,grandmaster
2203,2365,2284,-162,4568,average
2313,2366,2339,-53,4679,master
1730,1921,1825,-191,3651,novice
2398,2370,2384,28,4768,master
2176,2359,2267,-183,4535,average
2240,2223,2231,17,4463,average
2664,2610,2637,54,5274,grandmaster
2566,2501,2533,65,5067,grandmaster
2678,2734,2706,-56,5412,grandmaster
1982,2324,2153,-342,4306,average
2237,2209,2223,28,4446,average
1949,1803,1876,146,3752,novice
2370,2601,2485,-231,4971,grandmaster
2299,2494,2396,-195,4793,master
2433,2377,2405,56,4810,master
2639,2368,2503,271,5007,grandmaster
2004,1886,1945,118,3890,novice
2551,2205,2378,346,4756,master
2460,2226,2343,234,4686,master
1663,1948,1805,-285,3611,novice
2272,2445,2358,-173,4717,master
2312,2596,2454,-284,4908,grandmaster
2366,2516,2441,-150,4882,master
2066,2198,2132,-132,4264,average
2405,2445,2425,-40,4850,master
2451,2187,2319,264,4638,master
2520,2630,2575,-110,5150,grandmaster
2309,2356,2332,-47,4665,master
1553,1694,1623,-141,3247,novice
1778,2025,1901,-247,3803,novice
2082,1884,1983,198,3966,novice
2271,2379,2325,-108,4650,master
1880,2032,1956,-152,3912,novice
2429,2049,2239,380,4478,average
1895,2347,2121,-452,4242,average
2314,2552,2433,-238,4866,master
1898,2460,2179,-562,4358,average
2315,2456,2385,-141,4771,master
2220,2134,2177,86,4354,average
2395,2060,2227,335,4455,average
2286,2255,2270,31,4541,average
1896,2077,1986,-181,3973,novice
2335,2436,2385,-101,4771,master
2786,2772,2779,14,5558,grandmaster
2261,2427,2344,-166,4688,master
2232,2037,2134,195,4269,average
2330,2563,2446,-233,4893,master
2536,2421,2478,115,4957,grandmaster
1747,2262,2004,-515,4009,novice
2421,2159,2290,262,4580,average
2349,2597,2473,-248,4946,grandmaster
2490,2422,2456,68,4912,grandmaster
2548,2118,2333,430,4666,master
2415,2416,2415,-1,4831,master
1611,1825,1718,-214,3436,novice
2001,1818,1909,183,3819,novice
2039,2248,2143,-209,4287,average
2153,2294,2223,-141,4447,average
2318,1767,2042,551,4085,novice
1951,2213,2082,-262,4164,novice
2269,2058,2163,211,4327,average
2513,2392,2452,121,4905,grandmaster
2312,2417,2364,-105,4729,master
2430,2126,2278,304,4556,average
2543,2399,2471,144,4942,grandmaster
1836,2301,2068,-465,4137,novice
2342,2259,2300,83,4601,average
2167,1922,2044,245,4089,novice
2686,2439,2562,247,5125,grandmaster
2371,2436,2403,-65,4807,master
1712,1747,1729,-35,3459,novice
2007,1889,1948,118,3896,novice
2454,2218,2336,236,4672,master
2526,2409,2467,117,4935,grandmaster
1902,2117,2009,-215,4019,novice
2465,2474,2469,-9,4939,grandmaster
2070,2156,2113,-86,4226,average
1712,2011,1861,-299,3723,novice
2272,2153,2212,119,4425,average
2050,2084,2067,-34,4134,novice
2130,1890,2010,240,4020,novice
2647,2556,2601,91,5203,grandmaster
2544,2695,2619,-151,5239,grandmaster
2285,2356,2320,-71,4641,master
2355,2092,2223,263,4447,average
2607,2269,2438,338,4876,master
1634,1610,1622,24,3244,novice
1817,1528,1672,289,3345,novice
2422,2275,2348,147,4697,master
2132,2264,2198,-132,4396,average
2376,1871,2123,505,4247,average
2385,2482,2433,-97,4867,master
1888,1690,1789,198,3578,novice
2635,2562,2598,73,5197,grandmaster
2257,2145,2201,112,4402,average
1669,2023,1846,-354,3692,novice
2573,2487,2530,86,5060,grandmaster
1698,1754,1726,-56,3452,novice
2053,2340,2196,-287,4393,average
2138,2335,2236,-197,4473,average
2257,2308,2282,-51,4565,average
2224,2026,2125,198,4250,average
2454,2482,2468,-28,4936,grandmaster
2254,2646,2450,-392,4900,master
1950,2083,2016,-133,4033,novice
2467,2327,2397,140,4794,master
2344,2407,2375,-63,4751,master
2588,2549,2568,39,5137,grandmaster
1772,1753,1762,19,3525,novice
2315,2480,2397,-165,4795,master
2035,2145,2090,-110,4180,novice
2254,2325,2289,-71,4579,average
1980,2212,2096,-232,4192,novice
1881,2295,2088,-414,4176,novice
2114,2113,2113,1,4227,average
2025,2103,2064,-78,4128,novice
2322,2315,2318,7,4637,master
2234,2379,2306,-145,4613,master
1990,1820,1905,170,3810,novice
2316,2531,2423,-215,4847,master
2195,2094,2144,101,4289,average
2259,2422,2340,-163,4681,master
2327,2463,2395,-136,4790,master
2024,2189,2106,-165,4213,average
2480,1931,2205,549,4411,average
2506,2238,2372,268,4744,master
2496,2458,2477,38,4954,grandmaster
1865,1770,1817,95,3635,novice
2108,1867,1987,241,3975,novice
2578,2491,2534,87,5069,grandmaster
2503,2610,2556,-107,5113,grandmaster
2269,2023,2146,246,4292,average
2393,2171,2282,222,4564,average
2098,2135,2116,-37,4233,average
1914,2054,1984,-140,3968,novice
2418,2180,2299,238,4598,average
1908,1755,1831,153,3663,novice
2364,1880,2122,484,4244,average
2524,2124,2324,400,4648,master
2111,2025,2068,86,4136,novice
2441,1967,2204,474,4408,average
2567,2283,2425,284,4850,master
1932,2153,2042,-221,4085,novice
2117,1664,1890,453,3781,novice
2277,2273,2275,4,4550,average
2026,1787,1906,239,3813,novice
1924,1707,1815,217,3631,novice
2246,2261,2253,-15,4507,average
2342,2204,2273,138,4546,average
2380,2239,2309,141,4619,master
2483,2526,2504,-43,5009,grandmaster
2497,2312,2404,185,4809,master
2321,2274,2297,47,4595,average
2275,2409,2342,-134,4684,master
2369,2207,2288,162,4576,average
2411,2673,2542,-262,5084,grandmaster
2693,2529,2611,164,5222,grandmaster
2192,2386,2289,-194,4578,average
1726,1999,1862,-273,3725,novice
2241,2031,2136,210,4272,average
2450,2683,2566,-233,5133,grandmaster
1583,1880,1731,-297,3463,novice
2273,2032,2152,241,4305,average
2124,2013,2068,111,4137,novice
1975,1731,1853,244,3706,novice
1916,2221,2068,-305,4137,novice
2348,2628,2488,-280,4976,grandmaster
2246,2325,2285,-79,4571,average
2610,2517,2563,93,5127,grandmaster
2072,1743,1907,329,3815,novice
2350,2414,2382,-64,4764,master
2098,1932,2015,166,4030,novice
2202,1941,2071,261,4143,novice
2251,2212,2231,39,4463,average
2188,1915,2051,273,4103,novice
2431,2187,2309,244,4618,master
1824,1940,1882,-116,3764,novice
2663,2521,2592,142,5184,grandmaster
2265,2569,2417,-304,4834,master
2261,1961,2111,300,4222,average
2410,2549,2479,-139,4959,grandmaster
2459,2408,2433,51,4867,master
2481,2445,2463,36,4926,grandmaster
2076,2080,2078,-4,4156,novice
1716,1845,1780,-129,3561,novice
2601,2602,2601,-1,5203,grandmaster
2302,2014,2158,288,4316,average
1647,1753,1700,-106,3400,novice
2107,1876,1991,231,3983,novice
1933,1797,1865,136,3730,novice
1781,2034,1907,-253,3815,novice
2068,2208,2138,-140,4276,average
2306,2229,2267,77,4535,average
2483,2321,2402,162,4804,master
2366,2569,2467,-203,4935,grandmaster
1901,2201,2051,-300,4102,novice
2628,2616,2622,12,5244,grandmaster
2391,2473,2432,-82,4864,master
2508,2216,2362,292,4724,master
2403,2232,2317,171,4635,master
1976,2273,2124,-297,4249,average
2378,2274,2326,104,4652,master
2405,2274,2339,131,4679,master
1598,2319,1958,-721,3917,novice
1986,1642,1814,344,3628,novice
2510,2549,2529,-39,5059,grandmaster
2100,2224,2162,-124,4324,average
2411,2432,2421,-21,4843,master
2621,2444,2532,177,5065,grandmaster
2375,2339,2357,36,4714,master
2170,2018,2094,152,4188,novice
2562,2487,2524,75,5049,grandmaster
2580,2779,2679,-199,5359,grandmaster
2595,2653,2624,-58,5248,grandmaster
2261,2442,2351,-181,4703,master
2251,2059,2155,192,4310,average
1836,2096,1966,-260,3932,novice
2200,2139,2169,61,4339,average
2244,1984,2114,260,4228,average
2375,2139,2257,236,4514,average
2506,2468,2487,38,4974,grandmaster
2164,2395,2279,-231,4559,average
2110,2288,2199,-178,4398,average
2365,2422,2393,-57,4787,master
1741,2095,1918,-354,3836,novice
2181,2351,2266,-170,4532,average
2558,2494,2526,64,5052,grandmaster
2380,2199,2289,181,4579,average
2451,2108,2279,343,4559,average
2378,2177,2277,201,4555,average
2069,2345,2207,-276,4414,average
2605,2575,2590,30,5180,grandmaster
1889,1936,1912,-47,3825,novice
2135,2258,2196,-123,4393,average
2121,2207,2164,-86,4328,average
2355,2166,2260,189,4521,average
1790,1727,1758,63,3517,novice
2366,2409,2387,-43,4775,master
2612,2434,2523,178,5046,grandmaster
2344,2101,2222,243,4445,average
2162,2271,2216,-109,4433,average
2154,2108,2131,46,4262,average
1950,1912,1931,38,3862,novice
2575,2498,2536,77,5073,grandmaster
1926,2126,2026,-200,4052,novice
2235,2440,2337,-205,4675,master
2295,2307,2301,-12,4602,master
2711,2226,2468,485,4937,grandmaster
2018,1847,1932,171,3865,novice
2006,1998,2002,8,4004,novice
2385,2148,2266,237,4533,average
2553,2464,2508,89,5017,grandmaster
2391,2312,2351,79,4703,master
2239,2094,2166,145,4333,average
2657,2530,2593,127,5187,grandmaster
1774,1997,1885,-223,3771,novice
2438,2354,2396,84,4792,master
2393,2489,2441,-96,4882,master
2746,2702,2724,44,5448,grandmaster
2580,2463,2521,117,5043,grandmaster
2550,2480,2515,70,5030,grandmaster
2476,2287,2381,189,4763,master
2261,2527,2394,-266,4788,master
2513,2494,2503,19,5007,grandmaster
1987,2321,2154,-334,4308,average
1806,1546,1676,260,3352,novice
2069,1934,2001,135,4003,novice
1676,2046,1861,-370,3722,novice
2598,2461,2529,137,5059,grandmaster
1973,2248,2110,-275,4221,average
1872,1718,1795,154,3590,novice
2288,2475,2381,-187,4763,master
2615,2677,2646,-62,5292,grandmaster
1852,2083,1967,-231,3935,novice
2318,2349,2333,-31,4667,master
2136,2051,2093,85,4187,novice
2350,2547,2448,-197,4897,master
2281,2377,2329,-96,4658,master
2566,2501,2533,65,5067,grandmaster
1909,1824,1866,85,3733,novice
2153,2463,2308,-310,4616,master
2442,2437,2439,5,4879,master
2571,2084,2327,487,4655,master
2324,2509,2416,-185,4833,master
2384,2350,2367,34,4734,master
1508,1844,1676,-336,3352,novice
2284,1969,2126,315,4253,average
2436,2468,2452,-32,4904,grandmaster
1810,1921,1865,-111,3731,novice
2390,2076,2233,314,4466,average
2399,2404,2401,-5,4803,master
2486,2366,2426,120,4852,master
2315,2549,2432,-234,4864,master
2254,2074,2164,180,4328,average
2379,2617,2498,-238,4996,grandmaster
2377,2329,2353,48,4706,master
2308,2131,2219,177,4439,average
2388,2529,2458,-141,4917,grandmaster
1616,1483,1549,133,3099,novice
2207,2095,2151,112,4302,average
1714,1949,1831,-235,3663,novice
2346,2259,2302,87,4605,master
2461,2178,2319,283,4639,master
2532,2234,2383,298,4766,master
2404,2314,2359,90,4718,master
2324,2376,2350,-52,4700,master
2157,2050,2103,107,4207,average
2083,2100,2091,-17,4183,novice
2238,2366,2302,-128,4604,master
1829,1532,1680,297,3361,novice
1955,1919,1937,36,3874,novice
2460,2139,2299,321,4599,average
2547,2353,2450,194,4900,master
1577,1809,1693,-232,3386,novice
1993,1812,1902,181,3805,novice
2132,2553,2342,-421,4685,master
2430,2418,2424,12,4848,master
1849,2223,2036,-374,4072,novice
2343,2275,2309,68,4618,master
2051,2380,2215,-329,4431,average
2437,2533,2485,-96,4970,grandmaster
2221,2336,2278,-115,4557,average
2299,2207,2253,92,4506,average
2404,2444,2424,-40,4848,master
2194,2339,2266,-145,4533,average
2275,2098,2186,177,4373,average
2111,2301,2206,-190,4412,average
2029,1471,1750,558,3500,novice
2100,1940,2020,160,4040,novice
2032,1932,1982,100,3964,novice
1972,1921,1946,51,3893,novice
2406,2498,2452,-92,4904,grandmaster
2156,1956,2056,200,4112,novice
2425,2533,2479,-108,4958,grandmaster
1731,2063,1897,-332,3794,novice
2493,2529,2511,-36,5022,grandmaster
1944,2152,2048,-208,4096,novice
2330,2206,2268,124,4536,average
2296,2496,2396,-200,4792,master
2293,2580,2436,-287,4873,master
2194,1905,2049,289,4099,novice
1527,2054,1790,-527,3581,novice
2512,2453,2482,59,4965,grandmaster
2352,2474,2413,-122,4826,master
2194,2068,2131,126,4262,average
2509,2322,2415,187,4831,master
1894,2048,1971,-154,3942,novice
2333,2138,2235,195,4471,average
2590,2484,2537,106,5074,grandmaster
1828,2102,1965,-274,3930,novice
2009,2437,2223,-428,4446,average
2108,1962,2035,146,4070,novice
2291,2423,2357,-132,4714,master
2116,1608,1862,508,3724,novice
2578,2648,2613,-70,5226,grandmaster
1881,2101,1991,-220,3982,novice
2561,2449,2505,112,5010,grandmaster
2457,2226,2341,231,4683,master
2107,2006,2056,101,4113,novice
1949,2003,1976,-54,3952,novice
2515,2414,2464,101,4929,grandmaster
2458,2576,2517,-118,5034,grandmaster
2783,2756,2769,27,5539,grandmaster
2517,2379,2448,138,4896,master
2305,2270,2287,35,4575,average
2655,2541,2598,114,5196,grandmaster
2199,2395,2297,-196,4594,average
2402,2569,2485,-167,4971,grandmaster
2441,2567,2504,-126,5008,grandmaster
2130,1962,2046,168,4092,novice
1836,2161,1998,-325,3997,novice
2147,1768,1957,379,3915,novice
2663,2589,2626,74,5252,grandmaster
2740,2676,2708,64,5416,grandmaster
2208,2384,2296,-176,4592,average
2310,2391,2350,-81,4701,master
1744,2045,1894,-301,3789,novice
2327,2637,2482,-310,4964,grandmaster
2316,1929,2122,387,4245,average
2058,1767,1912,291,3825,novice
2012,2313,2162,-301,4325,average
2174,2368,2271,-194,4542,average
2589,2288,2438,301,4877,master
2397,2297,2347,100,4694,master
2327,2105,2216,222,4432,average
2285,2433,2359,-148,4718,master
2388,2311,2349,77,4699,master
2101,1984,2042,117,4085,novice
1896,1557,1726,339,3453,novice
2369,2558,2463,-189,4927,grandmaster
2213,1975,2094,238,4188,novice
2402,2579,2490,-177,4981,grandmaster
2286,2314,2300,-28,4600,average
2560,2368,2464,192,4928,grandmaster
2137,2288,2212,-151,4425,average
2337,2267,2302,70,4604,master
2154,1956,2055,198,4110,novice
2560,2682,2621,-122,5242,grandmaster
2107,2155,2131,-48,4262,average
2635,2611,2623,24,5246,grandmaster
2602,2518,2560,84,5120,grandmaster
2437,2453,2445,-16,4890,master
2036,2425,2230,-389,4461,average
2025,2416,2220,-391,4441,average
2156,1610,1883,546,3766,novice
2046,2245,2145,-199,4291,average
2475,2457,2466,18,4932,grandmaster
2333,1803,2068,530,4136,novice
1588,1987,1787,-399,3575,novice
2488,2281,2384,207,4769,master
2604,2399,2501,205,5003,grandmaster
2217,2436,2326,-219,4653,master
2475,2688,2581,-213,5163,grandmaster
2632,2706,2669,-74,5338,grandmaster
2484,2638,2561,-154,5122,grandmaster
2607,2452,2529,155,5059,grandmaster
2275,2319,2297,-44,4594,average
2440,2325,2382,115,4765,master
2122,2058,2090,64,4180,novice
2043,1802,1922,241,3845,novice
2531,2678,2604,-147,5209,grandmaster
2390,2514,2452,-124,4904,grandmaster
1755,1713,1734,42,3468,novice
2296,2185,2240,111,4481,average
2409,2537,2473,-128,4946,grandmaster
2509,2462,2485,47,4971,grandmaster
2330,2449,2389,-119,4779,master
2291,2605,2448,-314,4896,master
2311,2458,2384,-147,4769,master
2176,1865,2020,311,4041,novice
2387,2434,2410,-47,4821,master
2005,2057,2031,-52,4062,novice
2159,2329,2244,-170,4488,average
2389,2488,2438,-99,4877,master
2629,2609,2619,20,5238,grandmaster
2125,2256,2190,-131,4381,average
2305,2143,2224,162,4448,average
2193,2421,2307,-228,4614,master
2251,2449,2350,-198,4700,master
2247,2412,2329,-165,4659,master
1989,1848,1918,141,3837,novice
1983,1358,1670,625,3341,novice
2474,2463,2468,11,4937,grandmaster
2443,2482,2462,-39,4925,grandmaster
2661,2631,2646,30,5292,grandmaster
2130,2002,2066,128,4132,novice
1822,2200,2011,-378,4022,novice
2357,2407,2382,-50,4764,master
2270,2031,2150,239,4301,average
2008,1854,1931,154,3862,novice
2205,2436,2320,-231,4641,master
2021,2287,2154,-266,4308,average
2056,2240,2148,-184,4296,average
1888,2064,1976,-176,3952,novice
2253,2292,2272,-39,4545,average
1858,1680,1769,178,3538,novice
2076,2324,2200,-248,4400,average
2658,2729,2693,-71,5387,grandmaster
2208,2328,2268,-120,4536,average
2357,2447,2402,-90,4804,master
1278,1688,1483,-410,2966,novice
2229,2078,2153,151,4307,average
1952,1597,1774,355,3549,novice
2753,2734,2743,19,5487,grandmaster
2349,2167,2258,182,4516,average
2258,1845,2051,413,4103,novice
2500,2744,2622,-244,5244,grandmaster
2269,2369,2319,-100,4638,master
2749,2663,2706,86,5412,grandmaster
2064,2239,2151,-175,4303,average
2062,1943,2002,119,4005,novice
2309,2290,2299,19,4599,average
2462,2161,2311,301,4623,master
2354,2640,2497,-286,4994,grandmaster
2294,2104,2199,190,4398,average
2053,2236,2144,-183,4289,average
2532,2624,2578,-92,5156,grandmaster
2083,2449,2266,-366,4532,average
2173,2138,2155,35,4311,average
2327,2391,2359,-64,4718,master
2381,2508,2444,-127,4889,master
2375,2204,2289,171,4579,average
2131,1708,1919,423,3839,novice
1957,2142,2049,-185,4099,novice
2343,2014,2178,329,4357,average
2507,2552,2529,-45,5059,grandmaster
2010,2523,2266,-513,4533,average
2540,2485,2512,55,5025,grandmaster
2298,1890,2094,408,4188,novice
2210,2078,2144,132,4288,average
2477,2279,2378,198,4756,master
2354,2301,2327,53,4655,master
2389,2150,2269,239,4539,average
1862,1998,1930,-136,3860,novice
2111,1852,1981,259,3963,novice
2086,2359,2222,-273,4445,average
2579,2549,2564,30,5128,grandmaster
1768,2145,1956,-377,3913,novice
2552,2116,2334,436,4668,master
2305,2248,2276,57,4553,average
1862,2119,1990,-257,3981,novice
1972,2096,2034,-124,4068,novice
2544,2111,2327,433,4655,master
2290,2357,2323,-67,4647,master
1827,1605,1716,222,3432,novice
1966,1800,1883,166,3766,novice
2049,2285,2167,-236,4334,average
2289,2431,2360,-142,4720,master
2706,2734,2720,-28,5440,grandmaster
1983,1890,1936,93,3873,novice
1965,2084,2024,-119,4049,novice
2178,2032,2105,146,4210,average
2246,2429,2337,-183,4675,master
2415,2525,2470,-110,4940,grandmaster
1394,1886,1640,-492,3280,novice
2438,2539,2488,-101,4977,grandmaster
2435,2643,2539,-208,5078,grandmaster
2329,2504,2416,-175,4833,master
2516,2237,2376,279,4753,master
1913,1744,1828,169,3657,novice
2241,2054,2147,187,4295,average
2524,2496,2510,28,5020,grandmaster
2299,2055,2177,244,4354,average
2063,1833,1948,230,3896,novice
2377,2540,2458,-163,4917,grandmaster
1927,1658,1792,269,3585,novice
2391,2505,2448,-114,4896,master
2560,2176,2368,384,4736,master
1929,2187,2058,-258,4116,novice
2281,2174,2227,107,4455,average
2253,2137,2195,116,4390,average
2402,2062,2232,340,4464,average
2347,2107,2227,240,4454,average
2244,2367,2305,-123,4611,master
2371,1845,2108,526,4216,average
2277,2286,2281,-9,4563,average
2383,2269,2326,114,4652,master
2581,2698,2639,-117,5279,grandmaster
1961,2239,2100,-278,4200,novice
1847,2215,2031,-368,4062,novice
2365,1909,2137,456,4274,average
2378,1952,2165,426,4330,average
2552,2438,2495,114,4990,grandmaster
2714,2501,2607,213,5215,grandmaster
2412,2063,2237,349,4475,average
1640,1795,1717,-155,3435,novice
2238,1958,2098,280,4196,novice
2365,2499,2432,-134,4864,master
2001,2530,2265,-529,4531,average
2548,2412,2480,136,4960,grandmaster
2360,2464,2412,-104,4824,master
2533,2520,2526,13,5053,grandmaster
2327,2334,2330,-7,4661,master
2331,2677,2504,-346,5008,grandmaster
2381,2295,2338,86,4676,master
2438,2473,2455,-35,4911,grandmaster
2247,2166,2206,81,4413,average
2090,1729,1909,361,3819,novice
1766,2105,1935,-339,3871,novice
2364,2398,2381,-34,4762,master
2226,1997,2111,229,4223,average
1926,1753,1839,173,3679,novice
2168,2148,2158,20,4316,average
2537,2312,2424,225,4849,master
2084,2281,2182,-197,4365,average
1945,1940,1942,5,3885,novice
2227,2306,2266,-79,4533,average
2574,2606,2590,-32,5180,grandmaster
2484,2284,2384,200,4768,master
1604,1718,1661,-114,3322,novice
2638,2706,2672,-68,5344,grandmaster
2396,2625,2510,-229,5021,grandmaster
2556,2462,2509,94,5018,grandmaster
1967,1794,1880,173,3761,novice
2338,2112,2225,226,4450,average
2065,2204,2134,-139,4269,average
2766,2732,2749,34,5498,grandmaster
2118,2287,2202,-169,4405,average
1863,1414,1638,449,3277,novice
2239,2003,2121,236,4242,average
2428,2239,2333,189,4667,master
2109,2331,2220,-222,4440,average
2342,2328,2335,14,4670,master
2637,2631,2634,6,5268,grandmaster
2150,2115,2132,35,4265,average
2528,2686,2607,-158,5214,grandmaster
1757,1818,1787,-61,3575,novice
2442,2278,2360,164,4720,master
1978,1952,1965,26,3930,novice
2075,1905,1990,170,3980,novice
2615,2722,2668,-107,5337,grandmaster
2402,2385,2393,17,4787,master
2785,2673,2729,112,5458,grandmaster
2094,2423,2258,-329,4517,average
2400,2488,2444,-88,4888,master
1946,1805,1875,141,3751,novice
1999,2258,2128,-259,4257,average
2506,2457,2481,49,4963,grandmaster
2801,2543,2672,258,5344,grandmaster
2441,2510,2475,-69,4951,grandmaster
2067,1893,1980,174,3960,novice
2026,2196,2111,-170,4222,average
2242,2137,2189,105,4379,average
2396,2242,2319,154,4638,master
2471,2583,2527,-112,5054,grandmaster
2571,2289,2430,282,4860,master
1693,1393,1543,300,3086,novice
2704,2617,2660,87,5321,grandmaster
1958,1206,1582,752,3164,novice
2488,2417,2452,71,4905,grandmaster
2385,2109,2247,276,4494,average
2476,2226,2351,250,4702,master
1794,2035,1914,-241,3829,novice
2202,2285,2243,-83,4487,average
2347,2095,2221,252,4442,average
2712,2498,2605,214,5210,grandmaster
2399,2316,2357,83,4715,master
2468,2538,2503,-70,5006,grandmaster
2262,2046,2154,216,4308,average
2678,2172,2425,506,4850,master
1620,1990,1805,-370,3610,novice
1999,2254,2126,-255,4253,average
2116,2225,2170,-109,4341,average
2620,2460,2540,160,5080,grandmaster
2330,2455,2392,-125,4785,master
1941,1778,1859,163,3719,novice
1637,1347,1492,290,2984,novice
2129,2489,2309,-360,4618,master
2299,2136,2217,163,4435,average
2120,2145,2132,-25,4265,average
1701,1992,1846,-291,3693,novice
2374,2253,2313,121,4627,master
2700,2647,2673,53,5347,grandmaster
2292,2403,2347,-111,4695,master
2518,2420,2469,98,4938,grandmaster
2019,2399,2209,-380,4418,average
2002,2201,2101,-199,4203,average
2356,2327,2341,29,4683,master
2159,2191,2175,-32,4350,average
2008,2223,2115,-215,4231,average
2250,2209,2229,41,4459,average
2563,2288,2425,275,4851,master
1918,1618,1768,300,3536,novice
2489,2524,2506,-35,5013,grandmaster
2555,2379,2467,176,4934,grandmaster
2448,2007,2227,441,4455,average
2095,2368,2231,-273,4463,average
2090,2188,2139,-98,4278,average
2351,2313,2332,38,4664,master
1907,2196,2051,-289,4103,novice
2289,1994,2141,295,4283,average
2266,2188,2227,78,4454,average
2621,2714,2667,-93,5335,grandmaster
2529,2654,2591,-125,5183,grandmaster
2605,2613,2609,-8,5218,grandmaster
1696,2054,1875,-358,3750,novice
2571,2478,2524,93,5049,grandmaster
2183,1781,1982,402,3964,novice
2331,2486,2408,-155,4817,master
1876,2101,1988,-225,3977,novice
2487,2449,2468,38,4936,grandmaster
2274,2166,2220,108,4440,average
2170,2016,2093,154,4186,novice
2558,2655,2606,-97,5213,grandmaster
2672,2713,2692,-41,5385,grandmaster
2187,2062,2124,125,4249,average
2647,2620,2633,27,5267,grandmaster
2561,2451,2506,110,5012,grandmaster
2486,2488,2487,-2,4974,grandmaster
2565,2477,2521,88,5042,grandmaster
2068,1964,2016,104,4032,novice
1656,1791,1723,-135,3447,novice
1647,1318,1482,329,2965,novice
2653,2546,2599,107,5199,grandmaster
2627,2628,2627,-1,5255,grandmaster
1988,2059,2023,-71,4047,novice
2593,2590,2591,3,5183,grandmaster
2548,2578,2563,-30,5126,grandmaster
2640,2541,2590,99,5181,grandmaster
2720,2792,2756,-72,5512,grandmaster
2305,2529,2417,-224,4834,master
2374,2309,2341,65,4683,master
1694,2022,1858,-328,3716,novice
2167,2360,2263,-193,4527,average
2456,2378,2417,78,4834,master
2305,2138,2221,167,4443,average
1978,1931,1954,47,3909,novice
1634,2121,1877,-487,3755,novice
2159,2418,2288,-259,4577,average
2265,2151,2208,114,4416,average
2540,2576,2558,-36,5116,grandmaster
2444,2207,2325,237,4651,master
2380,2456,2418,-76,4836,master
2481,1945,2213,536,4426,average
2417,2448,2432,-31,4865,master
2351,2542,2446,-191,4893,master
2495,2404,2449,91,4899,master
2392,2642,2517,-250,5034,grandmaster
2013,2107,2060,-94,4120,novice
1545,1879,1712,-334,3424,novice
2691,2712,2701,-21,5403,grandmaster
2538,2582,2560,-44,5120,grandmaster
2050,2235,2142,-185,4285,average
2439,2235,2337,204,4674,master
2462,2508,2485,-46,4970,grandmaster
2115,2267,2191,-152,4382,average
2344,2324,2334,20,4668,master
2192,2101,2146,91,4293,average
2234,2181,2207,53,4415,average
2310,2091,2200,219,4401,average
2479,2238,2358,241,4717,master
2111,2342,2226,-231,4453,average
2470,2625,2547,-155,5095,grandmaster
1987,2147,2067,-160,4134,novice
2509,2458,2483,51,4967,grandmaster
2377,2374,2375,3,4751,master
2479,2639,2559,-160,5118,grandmaster
2185,2415,2300,-230,4600,average
2439,2187,2313,252,4626,master
2183,2019,2101,164,4202,average
2379,2205,2292,174,4584,average
1718,2150,1934,-432,3868,novice
2095,2569,2332,-474,4664,master
2226,2598,2412,-372,4824,master
2196,2261,2228,-65,4457,average
2529,2362,2445,167,4891,master
2413,2112,2262,301,4525,average
2673,2549,2611,124,5222,grandmaster
2176,2010,2093,166,4186,novice
2282,2272,2277,10,4554,average
2358,2422,2390,-64,4780,master
2019,1918,1968,101,3937,novice
2544,2529,2536,15,5073,grandmaster
2214,2178,2196,36,4392,average
2455,2546,2500,-91,5001,grandmaster
2013,2132,2072,-119,4145,novice
1585,1941,1763,-356,3526,novice
1611,1765,1688,-154,3376,novice
2171,2126,2148,45,4297,average
2537,2512,2524,25,5049,grandmaster
2396,2549,2472,-153,4945,grandmaster
1999,1956,1977,43,3955,novice
1987,2148,2067,-161,4135,novice
1989,2158,2073,-169,4147,novice
2009,2253,2131,-244,4262,average
2230,2417,2323,-187,4647,master
2474,2608,2541,-134,5082,grandmaster
1474,1906,1690,-432,3380,novice
2243,2578,2410,-335,4821,master
2386,2510,2448,-124,4896,master
2272,2598,2435,-326,4870,master
2406,2252,2329,154,4658,master
2235,2297,2266,-62,4532,average
2303,2124,2213,179,4427,average
1891,1650,1770,241,3541,novice
2366,2616,2491,-250,4982,grandmaster
2567,2158,2362,409,4725,master
2486,2492,2489,-6,4978,grandmaster
2345,2525,2435,-180,4870,master
2310,2445,2377,-135,4755,master
2466,2498,2482,-32,4964,grandmaster
2342,2357,2349,-15,4699,master
2132,2006,2069,126,4138,novice
2402,2367,2384,35,4769,master
2105,2103,2104,2,4208,average
2310,2088,2199,222,4398,average
2558,2696,2627,-138,5254,grandmaster
2368,2253,2310,115,4621,master
2547,2443,2495,104,4990,grandmaster
2506,2345,2425,161,4851,master
2604,2571,2587,33,5175,grandmaster
2069,2193,2131,-124,4262,average
2399,2369,2384,30,4768,master
2516,2475,2495,41,4991,grandmaster
2682,2641,2661,41,5323,grandmaster
2134,1984,2059,150,4118,novice
2510,2269,2389,241,4779,master
2436,2638,2537,-202,5074,grandmaster
2083,2015,2049,68,4098,novice
2551,2421,2486,130,4972,grandmaster
2574,2340,2457,234,4914,grandmaster
1796,2189,1992,-393,3985,novice
2065,2198,2131,-133,4263,average
2503,2070,2286,433,4573,average
1633,2014,1823,-381,3647,novice
2550,2416,2483,134,4966,grandmaster
1973,1919,1946,54,3892,novice
2556,2042,2299,514,4598,average
2081,2529,2305,-448,4610,master
2708,2779,2743,-71,5487,grandmaster
1981,1740,1860,241,3721,novice
2184,1998,2091,186,4182,novice
2201,1910,2055,291,4111,novice
2568,2679,2623,-111,5247,grandmaster
2418,2358,2388,60,4776,master
2207,1926,2066,281,4133,novice
1645,1893,1769,-248,3538,novice
2123,2001,2062,122,4124,novice
1724,1633,1678,91,3357,novice
2299,2533,2416,-234,4832,master
2211,2610,2410,-399,4821,master
1849,2173,2011,-324,4022,novice
1626,1905,1765,-279,3531,novice
2236,2111,2173,125,4347,average
2431,2313,2372,118,4744,master
2002,2288,2145,-286,4290,average
2563,2412,2487,151,4975,grandmaster
1961,2175,2068,-214,4136,novice
2114,1932,2023,182,4046,novice
2552,2326,2439,226,4878,master
2383,2396,2389,-13,4779,master
2092,1961,2026,131,4053,novice
2504,2660,2582,-156,5164,grandmaster
2632,2554,2593,78,5186,grandmaster
1439,1912,1675,-473,3351,novice
2084,2002,2043,82,4086,novice
2209,2381,2295,-172,4590,average
2157,2396,2276,-239,4553,average
2094,2292,2193,-198,4386,average
2500,2562,2531,-62,5062,grandmaster
2079,2048,2063,31,4127,novice
2663,2438,2550,225,5101,grandmaster
1985,2222,2103,-237,4207,average
2591,2420,2505,171,5011,grandmaster
2518,2348,2433,170,4866,master
1995,1846,1920,149,3841,novice
2225,2184,2204,41,4409,average
2063,2143,2103,-80,4206,average
2394,2473,2433,-79,4867,master
2199,2293,2246,-94,4492,average
2340,2457,2398,-117,4797,master
2098,2552,2325,-454,4650,master
2470,2663,2566,-193,5133,grandmaster
2164,2212,2188,-48,4376,average
2286,2274,2280,12,4560,average
1952,2245,2098,-293,4197,novice
1804,1778,1791,26,3582,novice
1972,2140,2056,-168,4112,novice
2560,2318,2439,242,4878,master
2527,2421,2474,106,4948,grandmaster
2316,2470,2393,-154,4786,master
2189,2086,2137,103,4275,average
2623,2383,2503,240,5006,grandmaster
2203,2094,2148,109,4297,average
2524,2386,2455,138,4910,grandmaster
2017,2222,2119,-205,4239,average
2406,2426,2416,-20,4832,master
2547,1813,2180,734,4360,average
2553,2340,2446,213,4893,master
2003,1734,1868,269,3737,novice
2503,2418,2460,85,4921,grandmaster
2245,2274,2259,-29,4519,average
2723,2712,2717,11,5435,grandmaster
2608,2543,2575,65,5151,grandmaster
2250,2609,2429,-359,4859,master
1791,2118,1954,-327,3909,novice
2486,1738,2112,748,4224,average
2004,1930,1967,74,3934,novice
2322,2304,2313,18,4626,master
2008,1770,1889,238,3778,novice
2522,2625,2573,-103,5147,grandmaster
2199,2475,2337,-276,4674,master
2082,2343,2212,-261,4425,average
1837,1643,1740,194,3480,novice
2545,2191,2368,354,4736,master
2188,2636,2412,-448,4824,master
2000,1946,1973,54,3946,novice
2583,2640,2611,-57,5223,grandmaster
1776,1995,1885,-219,3771,novice
2263,2461,2362,-198,4724,master
2090,1946,2018,144,4036,novice
2004,2104,2054,-100,4108,novice
1963,1974,1968,-11,3937,novice
1908,1592,1750,316,3500,novice
2288,2579,2433,-291,4867,master
1655,1936,1795,-281,3591,novice
2593,2511,2552,82,5104,grandmaster
2330,2157,2243,173,4487,average
2000,2069,2034,-69,4069,novice
1587,1949,1768,-362,3536,novice
2102,2379,2240,-277,4481,average
2451,2148,2299,303,4599,average
1859,2102,1980,-243,3961,novice
2211,1999,2105,212,4210,average
2345,2133,2239,212,4478,average
2484,2432,2458,52,4916,grandmaster
2212,1937,2074,275,4149,novice
2474,2299,2386,175,4773,master
1820,2058,1939,-238,3878,novice
2371,2461,2416,-90,4832,master
2336,2015,2175,321,4351,average
2401,2512,2456,-111,4913,grandmaster
2304,2263,2283,41,4567,average
2222,2438,2330,-216,4660,master
2026,1942,1984,84,3968,novice
2377,2060,2218,317,4437,average
2348,2078,2213,270,4426,average
1833,2313,2073,-480,4146,novice
1871,2049,1960,-178,3920,novice
2400,2232,2316,168,4632,master
2204,2069,2136,135,4273,average
1934,2101,2017,-167,4035,novice
2428,2549,2488,-121,4977,grandmaster
2527,2636,2581,-109,5163,grandmaster
2539,2269,2404,270,4808,master
1922,1781,1851,141,3703,novice
2541,2218,2379,323,4759,master
1864,2127,1995,-263,3991,novice
2593,2560,2576,33,5153,grandmaster
2541,2556,2548,-15,5097,grandmaster
2445,2149,2297,296,4594,average
1609,2167,1888,-558,3776,novice
2324,2337,2330,-13,4661,master
1999,1827,1913,172,3826,novice
1219,1803,1511,-584,3022,novice
2320,2416,2368,-96,4736,master
2582,2545,2563,37,5127,grandmaster
2510,2374,2442,136,4884,master
2081,1933,2007,148,4014,novice
2368,2078,2223,290,4446,average
1794,2002,1898,-208,3796,novice
1800,1918,1859,-118,3718,novice
2429,2563,2496,-134,4992,grandmaster
2001,2030,2015,-29,4031,novice
2200,2288,2244,-88,4488,average
2521,2067,2294,454,4588,average
2206,2451,2328,-245,4657,master
2254,2153,2203,101,4407,average
2107,2238,2172,-131,4345,average
1673,1944,1808,-271,3617,novice
2484,2446,2465,38,4930,grandmaster
1996,2473,2234,-477,4469,average
2403,2364,2383,39,4767,master
2171,2250,2210,-79,4421,average
2353,2076,2214,277,4429,average
2364,2716,2540,-352,5080,grandmaster
2557,2264,2410,293,4821,master
1837,2266,2051,-429,4103,novice
2480,1957,2218,523,4437,average
2570,2454,2512,116,5024,grandmaster
2126,2158,2142,-32,4284,average
1823,2071,1947,-248,3894,novice
2093,2161,2127,-68,4254,average
1847,2143,1995,-296,3990,novice
1969,1768,1868,201,3737,novice
2558,2529,2543,29,5087,grandmaster
2012,1978,1995,34,3990,novice
2706,2417,2561,289,5123,grandmaster
1876,2225,2050,-349,4101,novice
2500,2425,2462,75,4925,grandmaster
2387,2277,2332,110,4664,master
2366,2196,2281,170,4562,average
2177,2435,2306,-258,4612,master
2480,2363,2421,117,4843,master
2417,2322,2369,95,4739,master
2062,2364,2213,-302,4426,average
2344,2546,2445,-202,4890,master
2378,2258,2318,120,4636,master
1657,2000,1828,-343,3657,novice
2255,2254,2254,1,4509,average
2318,2317,2317,1,4635,master
2220,1993,2106,227,4213,average
1772,1922,1847,-150,3694,novice
2304,2237,2270,67,4541,average
2253,2386,2319,-133,4639,master
2304,2049,2176,255,4353,average
2442,2274,2358,168,4716,master
2658,2709,2683,-51,5367,grandmaster
2548,2338,2443,210,4886,master
2402,2664,2533,-262,5066,grandmaster
1684,1933,1808,-249,3617,novice
1921,2066,1993,-145,3987,novice
2205,1738,1971,467,3943,novice
2350,2111,2230,239,4461,average
2440,2267,2353,173,4707,master
2422,2373,2397,49,4795,master
2511,2541,2526,-30,5052,grandmaster
2648,2502,2575,146,5150,grandmaster
2182,2591,2386,-409,4773,master
2531,2339,2435,192,4870,master
1851,2521,2186,-670,4372,average
2356,2186,2271,170,4542,average
2612,2472,2542,140,5084,grandmaster
2012,1783,1897,229,3795,novice
2403,2368,2385,35,4771,master
1833,2042,1937,-209,3875,novice
2470,2584,2527,-114,5054,grandmaster
2443,2226,2334,217,4669,master
2605,2524,2564,81,5129,grandmaster
2247,2287,2267,-40,4534,average
2225,2282,2253,-57,4507,average
2284,2364,2324,-80,4648,master
2385,2233,2309,152,4618,master
2102,2107,2104,-5,4209,average
2597,2659,2628,-62,5256,grandmaster
2469,2439,2454,30,4908,grandmaster
2482,2076,2279,406,4558,average
2331,2011,2171,320,4342,average
1558,1799,1678,-241,3357,novice
2214,1864,2039,350,4078,novice
2072,2271,2171,-199,4343,average
2254,1737,1995,517,3991,novice
2482,2542,2512,-60,5024,grandmaster
1892,1945,1918,-53,3837,novice
2379,2556,2467,-177,4935,grandmaster
2118,2022,2070,96,4140,novice
2496,2314,2405,182,4810,master
2130,2022,2076,108,4152,novice
2488,2245,2366,243,4733,master
2079,1904,1991,175,3983,novice
2613,2132,2372,481,4745,master
1613,2529,2071,-916,4142,novice
2046,1885,1965,161,3931,novice
2315,2466,2390,-151,4781,master
2074,2184,2129,-110,4258,average
2813,2648,2730,165,5461,grandmaster
2384,2389,2386,-5,4773,master
2438,2398,2418,40,4836,master
2038,1585,1811,453,3623,novice
1965,2001,1983,-36,3966,novice
2100,1713,1906,387,3813,novice
2571,2420,2495,151,4991,grandmaster
2046,2405,2225,-359,4451,average
2468,2235,2351,233,4703,master
2552,2440,2496,112,4992,grandmaster
1927,1937,1932,-10,3864,novice
2280,2300,2290,-20,4580,average
2007,1718,1862,289,3725,novice
2270,2443,2356,-173,4713,master
2191,2161,2176,30,4352,average
2011,1966,1988,45,3977,novice
2232,2316,2274,-84,4548,average
2094,1797,1945,297,3891,novice
2144,2256,2200,-112,4400,average
2542,2608,2575,-66,5150,grandmaster
1995,2307,2151,-312,4302,average
2399,2178,2288,221,4577,average
2219,2193,2206,26,4412,average
2717,2663,2690,54,5380,grandmaster
2108,2237,2172,-129,4345,average
2536,2669,2602,-133,5205,grandmaster
2426,2303,2364,123,4729,master
2027,2488,2257,-461,4515,average
2358,2402,2380,-44,4760,master
2430,2234,2332,196,4664,master
2179,2413,2296,-234,4592,average
2241,2510,2375,-269,4751,master
1796,2081,1938,-285,3877,novice
2486,2629,2557,-143,5115,grandmaster
1993,2512,2252,-519,4505,average
2021,1934,1977,87,3955,novice
2291,2410,2350,-119,4701,master
2586,2476,2531,110,5062,grandmaster
1682,1604,1643,78,3286,novice
2599,2659,2629,-60,5258,grandmaster
2448,2490,2469,-42,4938,grandmaster
1801,2326,2063,-525,4127,novice
2151,2391,2271,-240,4542,average
2257,2180,2218,77,4437,average
2558,2375,2466,183,4933,grandmaster
1934,1897,1915,37,3831,novice
2281,2100,2190,181,4381,average
2168,2266,2217,-98,4434,average
2392,2526,2459,-134,4918,grandmaster
2816,2697,2756,119,5513,grandmaster
2266,2047,2156,219,4313,average
2256,2212,2234,44,4468,average
1917,2097,2007,-180,4014,novice
2544,2631,2587,-87,5175,grandmaster
2500,2289,2394,211,4789,master
2416,2458,2437,-42,4874,master
2454,2721,2587,-267,5175,grandmaster
1989,1792,1890,197,3781,novice
2734,2753,2743,-19,5487,grandmaster
2363,2506,2434,-143,4869,master
2125,2331,2228,-206,4456,average
2444,2498,2471,-54,4942,grandmaster
1347,1451,1399,-104,2798,novice
2426,2522,2474,-96,4948,grandmaster
2422,2546,2484,-124,4968,grandmaster
2139,2518,2328,-379,4657,master
1852,2216,2034,-364,4068,novice
2308,2518,2413,-210,4826,master
2526,2105,2315,421,4631,master
1879,2204,2041,-325,4083,novice
2547,2581,2564,-34,5128,grandmaster
2397,2183,2290,214,4580,average
2130,2480,2305,-350,4610,master
2682,2249,2465,433,4931,grandmaster
2494,2470,2482,24,4964,grandmaster
2442,2723,2582,-281,5165,grandmaster
2159,2104,2131,55,4263,average
2725,2666,2695,59,5391,grandmaster
2234,2308,2271,-74,4542,average
2449,2349,2399,100,4798,master
1793,1662,1727,131,3455,novice
2402,2270,2336,132,4672,master
2433,2375,2404,58,4808,master
2170,2046,2108,124,4216,average
2630,2482,2556,148,5112,grandmaster
2414,2083,2248,331,4497,average
2256,2012,2134,244,4268,average
2651,2358,2504,293,5009,grandmaster
2559,2430,2494,129,4989,grandmaster
2201,1909,2055,292,4110,novice
2090,2228,2159,-138,4318,average
2367,2365,2366,2,4732,master
2518,2503,2510,15,5021,grandmaster
2282,1915,2098,367,4197,novice
2236,2086,2161,150,4322,average
2259,2067,2163,192,4326,average
2440,2210,2325,230,4650,master
2214,2291,2252,-77,4505,average
2214,2395,2304,-181,4609,master
2059,2135,2097,-76,4194,novice
2477,2368,2422,109,4845,master
1857,1706,1781,151,3563,novice
1954,2421,2187,-467,4375,average
2258,2340,2299,-82,4598,average
2284,2619,2451,-335,4903,grandmaster
2341,2316,2328,25,4657,master
2292,2427,2359,-135,4719,master
2275,2147,2211,128,4422,average
1963,1966,1964,-3,3929,novice
2105,2299,2202,-194,4404,average
2386,2480,2433,-94,4866,master
2138,2200,2169,-62,4338,average
2296,2538,2417,-242,4834,master
1948,2083,2015,-135,4031,novice
2555,2590,2572,-35,5145,grandmaster
2713,2505,2609,208,5218,grandmaster
2487,2515,2501,-28,5002,grandmaster
2157,2168,2162,-11,4325,average
2547,2271,2409,276,4818,master
1570,1859,1714,-289,3429,novice
2109,1981,2045,128,4090,novice
2518,2644,2581,-126,5162,grandmaster
2270,2203,2236,67,4473,average
2150,1966,2058,184,4116,novice
2540,2505,2522,35,5045,grandmaster
2001,1824,1912,177,3825,novice
2479,2586,2532,-107,5065,grandmaster
2498,2628,2563,-130,5126,grandmaster
2431,2546,2488,-115,4977,grandmaster
2066,2278,2172,-212,4344,average
2257,2514,2385,-257,4771,master
1953,2187,2070,-234,4140,novice
2412,2646,2529,-234,5058,grandmaster
2609,2705,2657,-96,5314,grandmaster
2239,1820,2029,419,4059,novice
1929,2341,2135,-412,4270,average
2476,2418,2447,58,4894,master
2516,2242,2379,274,4758,master
2230,2205,2217,25,4435,average
2396,2585,2490,-189,4981,grandmaster
2527,2617,2572,-90,5144,grandmaster
2230,2409,2319,-179,4639,master
2043,2438,2240,-395,4481,average
2583,2460,2521,123,5043,grandmaster
2258,2190,2224,68,4448,average
2639,2535,2587,104,5174,grandmaster
2529,2545,2537,-16,5074,grandmaster
2504,2358,2431,146,4862,master
2408,2487,2447,-79,4895,master
2536,2132,2334,404,4668,master
2181,2403,2292,-222,4584,average
1995,2417,2206,-422,4412,average
2643,2592,2617,51,5235,grandmaster
2375,2496,2435,-121,4871,master
2267,2548,2407,-281,4815,master
1924,2067,1995,-143,3991,novice
2161,2260,2210,-99,4421,average
2697,2641,2669,56,5338,grandmaster
2199,2304,2251,-105,4503,average
2619,2440,2529,179,5059,grandmaster
2100,1570,1835,530,3670,novice
2505,2408,2456,97,4913,grandmaster
2148,1864,2006,284,4012,novice
2050,2023,2036,27,4073,novice
2585,2508,2546,77,5093,grandmaster
1918,2079,1998,-161,3997,novice
2518,2427,2472,91,4945,grandmaster
2067,2203,2135,-136,4270,average
2305,2231,2268,74,4536,average
2678,2706,2692,-28,5384,grandmaster
2313,2584,2448,-271,4897,master
2661,2720,2690,-59,5381,grandmaster
2417,2389,2403,28,4806,master
2403,2253,2328,150,4656,master
1600,1940,1770,-340,3540,novice
2159,2308,2233,-149,4467,average
2446,2487,2466,-41,4933,grandmaster
1740,1963,1851,-223,3703,novice
2135,2089,2112,46,4224,average
2570,2277,2423,293,4847,master
2257,2045,2151,212,4302,average
2026,1890,1958,136,3916,novice
2105,2114,2109,-9,4219,average
2547,2567,2557,-20,5114,grandmaster
2473,2330,2401,143,4803,master
2380,2325,2352,55,4705,master
2086,1566,1826,520,3652,novice
2141,2423,2282,-282,4564,average
2273,1975,2124,298,4248,average
2329,2222,2275,107,4551,average
2117,2547,2332,-430,4664,master
2054,1997,2025,57,4051,novice
2011,2230,2120,-219,4241,average
1590,1658,1624,-68,3248,novice
2757,2758,2757,-1,5515,grandmaster
1875,2044,1959,-169,3919,novice
2093,1921,2007,172,4014,novice
1969,2073,2021,-104,4042,novice
1965,2194,2079,-229,4159,novice
1714,1890,1802,-176,3604,novice
2062,2318,2190,-256,4380,average
2114,2337,2225,-223,4451,average
1800,1647,1723,153,3447,novice
2488,2645,2566,-157,5133,grandmaster
2314,2369,2341,-55,4683,master
2371,2458,2414,-87,4829,master
2675,2753,2714,-78,5428,grandmaster
2205,2391,2298,-186,4596,average
2665,2671,2668,-6,5336,grandmaster
2170,2071,2120,99,4241,average
2075,2218,2146,-143,4293,average
2742,2630,2686,112,5372,grandmaster
2095,2269,2182,-174,4364,average
2599,2374,2486,225,4973,grandmaster
2193,2188,2190,5,4381,average
2086,2243,2164,-157,4329,average
2228,2308,2268,-80,4536,average
2604,2295,2449,309,4899,master
1869,2054,1961,-185,3923,novice
2070,2422,2246,-352,4492,average
2331,2215,2273,116,4546,average
2122,2296,2209,-174,4418,average
1995,1896,1945,99,3891,novice
2489,2281,2385,208,4770,master
1956,2148,2052,-192,4104,novice
1851,1325,1588,526,3176,novice
2081,1702,1891,379,3783,novice
2227,2021,2124,206,4248,average
2445,1899,2172,546,4344,average
1980,1894,1937,86,3874,novice
2413,2330,2371,83,4743,master
2298,2184,2241,114,4482,average
2487,2631,2559,-144,5118,grandmaster
2094,2163,2128,-69,4257,average
2000,2331,2165,-331,4331,average
2335,2435,2385,-100,4770,master
2162,2541,2351,-379,4703,master
2163,2312,2237,-149,4475,average
2109,2204,2156,-95,4313,average
2178,2362,2270,-184,4540,average
2422,2583,2502,-161,5005,grandmaster
2414,2299,2356,115,4713,master
1876,2428,2152,-552,4304,average
2080,2001,2040,79,4081,novice
2262,2200,2231,62,4462,average
1830,2042,1936,-212,3872,novice
2283,2004,2143,279,4287,average
2360,1987,2173,373,4347,average
2196,2299,2247,-103,4495,average
2570,2410,2490,160,4980,grandmaster
1920,2048,1984,-128,3968,novice
2253,2545,2399,-292,4798,master
2601,2614,2607,-13,5215,grandmaster
2105,1969,2037,136,4074,novice
1578,1960,1769,-382,3538,novice
2603,2022,2312,581,4625,master
2554,2381,2467,173,4935,grandmaster
2228,2151,2189,77,4379,average
2439,2607,2523,-168,5046,grandmaster
1766,2072,1919,-306,3838,novice
2024,2137,2080,-113,4161,novice
2279,2237,2258,42,4516,average
2556,2411,2483,145,4967,grandmaster
2495,2289,2392,206,4784,master
2655,2544,2599,111,5199,grandmaster
2731,2703,2717,28,5434,grandmaster
2220,2303,2261,-83,4523,average
2470,2558,2514,-88,5028,grandmaster
1997,2246,2121,-249,4243,average
2688,2619,2653,69,5307,grandmaster
2031,2238,2134,-207,4269,average
2178,2376,2277,-198,4554,average
1987,1791,1889,196,3778,novice
2332,2311,2321,21,4643,master
2106,2391,2248,-285,4497,average
2108,1890,1999,218,3998,novice
1659,2428,2043,-769,4087,novice
1795,1939,1867,-144,3734,novice
2108,1959,2033,149,4067,novice
2555,2651,2603,-96,5206,grandmaster
2207,2369,2288,-162,4576,average
2485,2281,2383,204,4766,master
2257,2223,2240,34,4480,average
2340,2332,2336,8,4672,master
1903,2291,2097,-388,4194,novice
2091,2032,2061,59,4123,novice
2084,2103,2093,-19,4187,novice
1458,1836,1647,-378,3294,novice
1851,1285,1568,566,3136,novice
2315,2512,2413,-197,4827,master
1976,1749,1862,227,3725,novice
1985,2268,2126,-283,4253,average
1614,1877,1745,-263,3491,novice
2477,2499,2488,-22,4976,grandmaster
2575,2641,2608,-66,5216,grandmaster
2066,1969,2017,97,4035,novice
1587,1605,1596,-18,3192,novice
2158,2100,2129,58,4258,average
2403,2125,2264,278,4528,average
2447,2430,2438,17,4877,master
2042,2395,2218,-353,4437,average
2400,2261,2330,139,4661,master
2411,2249,2330,162,4660,master
2321,2507,2414,-186,4828,master
2168,2442,2305,-274,4610,master
2282,2706,2494,-424,4988,grandmaster
1914,1899,1906,15,3813,novice
1949,2360,2154,-411,4309,average
2187,1929,2058,258,4116,novice
2006,1835,1920,171,3841,novice
2327,1824,2075,503,4151,novice
2071,2629,2350,-558,4700,master
2603,2548,2575,55,5151,grandmaster
1471,1654,1562,-183,3125,novice
1808,2045,1926,-237,3853,novice
1852,1677,1764,175,3529,novice
2250,2250,2250,0,4500,average
2023,2125,2074,-102,4148,novice
2208,2632,2420,-424,4840,master
2296,2291,2293,5,4587,average
1954,1899,1926,55,3853,novice
2455,2210,2332,245,4665,master
2423,2426,2424,-3,4849,master
1980,2013,1996,-33,3993,novice
1938,2099,2018,-161,4037,novice
2393,2069,2231,324,4462,average
2472,2311,2391,161,4783,master
2328,2184,2256,144,4512,average
2299,1797,2048,502,4096,novice
1675,1579,1627,96,3254,novice
1822,2025,1923,-203,3847,novice
1952,2189,2070,-237,4141,novice
2259,2417,2338,-158,4676,master
2198,1908,2053,290,4106,novice
2552,2379,2465,173,4931,grandmaster
2665,2639,2652,26,5304,grandmaster
2192,1847,2019,345,4039,novice
2564,2046,2305,518,4610,master
2231,1976,2103,255,4207,average
2141,1915,2028,226,4056,novice
2770,2769,2769,1,5539,grandmaster
2060,1994,2027,66,4054,novice
2129,2465,2297,-336,4594,average
2071,2323,2197,-252,4394,average
2009,1755,1882,254,3764,novice
2507,2294,2400,213,4801,master
2103,2337,2220,-234,4440,average
2237,2328,2282,-91,4565,average
2428,2489,2458,-61,4917,grandmaster
2516,2711,2613,-195,5227,grandmaster
2115,2446,2280,-331,4561,average
2625,2425,2525,200,5050,grandmaster
2258,2263,2260,-5,4521,average
2099,1982,2040,117,4081,novice
2080,2213,2146,-133,4293,average
2316,2362,2339,-46,4678,master
2041,2471,2256,-430,4512,average
2543,2605,2574,-62,5148,grandmaster
2438,2185,2311,253,4623,master
2605,2706,2655,-101,5311,grandmaster
2250,2078,2164,172,4328,average
2280,2093,2186,187,4373,average
1992,2103,2047,-111,4095,novice
2110,2337,2223,-227,4447,average
2283,2288,2285,-5,4571,average
2473,2273,2373,200,4746,master
2528,2428,2478,100,4956,grandmaster
2003,1912,1957,91,3915,novice
2190,2179,2184,11,4369,average
2338,2581,2459,-243,4919,grandmaster
2258,2031,2144,227,4289,average
2121,2003,2062,118,4124,novice
2026,2354,2190,-328,4380,average
2240,2282,2261,-42,4522,average
1756,2190,1973,-434,3946,novice
2323,2328,2325,-5,4651,master
2605,2418,2511,187,5023,grandmaster
2264,2042,2153,222,4306,average
2211,2227,2219,-16,4438,average
1878,2024,1951,-146,3902,novice
1734,2211,1972,-477,3945,novice
1785,2069,1927,-284,3854,novice
2128,2423,2275,-295,4551,average
1914,2040,1977,-126,3954,novice
1763,2107,1935,-344,3870,novice
2244,2445,2344,-201,4689,master
2430,2214,2322,216,4644,master
2127,1865,1996,262,3992,novice
1790,2073,1931,-283,3863,novice
2056,2147,2101,-91,4203,average
1956,1608,1782,348,3564,novice
2564,2352,2458,212,4916,grandmaster
2295,2203,2249,92,4498,average
2331,2328,2329,3,4659,master
2263,2150,2206,113,4413,average
1599,1438,1518,161,3037,novice
2404,2066,2235,338,4470,average
2288,2227,2257,61,4515,average
1603,1852,1727,-249,3455,novice
1867,2098,1982,-231,3965,novice
2652,2412,2532,240,5064,grandmaster
2496,2174,2335,322,4670,master
2271,2119,2195,152,4390,average
2458,2511,2484,-53,4969,grandmaster
2286,2022,2154,264,4308,average
1896,1689,1792,207,3585,novice
2675,2534,2604,141,5209,grandmaster
2203,2130,2166,73,4333,average
2438,2347,2392,91,4785,master
2525,2464,2494,61,4989,grandmaster
2063,1911,1987,152,3974,novice
2137,1901,2019,236,4038,novice
2073,2151,2112,-78,4224,average
2428,2265,2346,163,4693,master
2144,1938,2041,206,4082,novice
2462,2106,2284,356,4568,average
1907,2209,2058,-302,4116,novice
1796,1899,1847,-103,3695,novice
1952,2279,2115,-327,4231,average
1940,2123,2031,-183,4063,novice
2565,2517,2541,48,5082,grandmaster
2161,2482,2321,-321,4643,master
1640,2003,1821,-363,3643,novice
2164,1995,2079,169,4159,novice
1496,1774,1635,-278,3270,novice
2244,2121,2182,123,4365,average
2151,2218,2184,-67,4369,average
2373,2507,2440,-134,4880,master
2251,2286,2268,-35,4537,average
2434,2338,2386,96,4772,master
2149,2403,2276,-254,4552,average
2382,2055,2218,327,4437,average
2281,2309,2295,-28,4590,average
2333,2215,2274,118,4548,average
2450,2482,2466,-32,4932,grandmaster
1927,2177,2052,-250,4104,novice
2436,2673,2554,-237,5109,grandmaster
1846,1421,1633,425,3267,novice
1887,1621,1754,266,3508,novice
2416,2481,2448,-65,4897,master
1981,1976,1978,5,3957,novice
2010,2362,2186,-352,4372,average
2144,2221,2182,-77,4365,average
2659,2451,2555,208,5110,grandmaster
1998,2004,2001,-6,4002,novice
1920,2088,2004,-168,4008,novice
1676,1808,1742,-132,3484,novice
2238,2356,2297,-118,4594,average
2023,2255,2139,-232,4278,average
2595,2479,2537,116,5074,grandmaster
2047,2326,2186,-279,4373,average
2001,1765,1883,236,3766,novice
2431,2412,2421,19,4843,master
2184,2327,2255,-143,4511,average
2139,1573,1856,566,3712,novice
2469,2493,2481,-24,4962,grandmaster
2081,2339,2210,-258,4420,average
2703,2730,2716,-27,5433,grandmaster
2389,1870,2129,519,4259,average
1797,1960,1878,-163,3757,novice
2375,2514,2444,-139,4889,master
2401,1808,2104,593,4209,average
2290,2233,2261,57,4523,average
2311,2460,2385,-149,4771,master
2741,2617,2679,124,5358,grandmaster
2048,2515,2281,-467,4563,average
2698,2572,2635,126,5270,grandmaster
2135,2002,2068,133,4137,novice
2397,2219,2308,178,4616,master
1786,2136,1961,-350,3922,novice
1759,1938,1848,-179,3697,novice
1767,1950,1858,-183,3717,novice
2506,2409,2457,97,4915,grandmaster
2136,2484,2310,-348,4620,master
1939,1999,1969,-60,3938,novice
2429,2197,2313,232,4626,master
2391,2296,2343,95,4687,master
2308,2491,2399,-183,4799,master
2557,2339,2448,218,4896,master
2324,2199,2261,125,4523,average
2378,2170,2274,208,4548,average
2053,2278,2165,-225,4331,average
2226,2427,2326,-201,4653,master
2133,2217,2175,-84,4350,average
2480,2234,2357,246,4714,master
2275,2469,2372,-194,4744,master
2644,2028,2336,616,4672,master
2097,2137,2117,-40,4234,average
2313,2501,2407,-188,4814,master
2490,2464,2477,26,4954,grandmaster
2335,1930,2132,405,4265,average
2529,2476,2502,53,5005,grandmaster
2593,2574,2583,19,5167,grandmaster
2137,2000,2068,137,4137,novice
2361,2493,2427,-132,4854,master
2574,2286,2430,288,4860,master
1882,2071,1976,-189,3953,novice
1756,1729,1742,27,3485,novice
2034,2235,2134,-201,4269,average
2268,2274,2271,-6,4542,average
2468,2180,2324,288,4648,master
2401,2474,2437,-73,4875,master
1990,2256,2123,-266,4246,average
2505,2642,2573,-137,5147,grandmaster
2175,2014,2094,161,4189,novice
2214,2378,2296,-164,4592,average
2430,2470,2450,-40,4900,master
2204,1761,1982,443,3965,novice
1891,1671,1781,220,3562,novice
2663,2471,2567,192,5134,grandmaster
1899,2069,1984,-170,3968,novice
2322,2297,2309,25,4619,master
2332,2300,2316,32,4632,master
2506,2771,2638,-265,5277,grandmaster
2030,2224,2127,-194,4254,average
2338,2445,2391,-107,4783,master
2428,2069,2248,359,4497,average
2463,2432,2447,31,4895,master
2261,1829,2045,432,4090,novice
2285,2246,2265,39,4531,average
2377,2071,2224,306,4448,average
2377,2656,2516,-279,5033,grandmaster
2042,2213,2127,-171,4255,average
2227,2322,2274,-95,4549,average
2655,2331,2493,324,4986,grandmaster
2441,2512,2476,-71,4953,grandmaster
1909,2083,1996,-174,3992,novice
2560,2669,2614,-109,5229,grandmaster
2000,2294,2147,-294,4294,average
2669,2500,2584,169,5169,grandmaster
2211,2218,2214,-7,4429,average
1798,2006,1902,-208,3804,novice
2751,2331,2541,420,5082,grandmaster
2568,2329,2448,239,4897,master
1962,2127,2044,-165,4089,novice
2368,2267,2317,101,4635,master
2651,2659,2655,-8,5310,grandmaster
2313,2217,2265,96,4530,average
2081,2272,2176,-191,4353,average
2180,2419,2299,-239,4599,average
2251,2362,2306,-111,4613,master
2364,2362,2363,2,4726,master
2499,2254,2376,245,4753,master
1905,1666,1785,239,3571,novice
2498,2471,2484,27,4969,grandmaster
2437,2294,2365,143,4731,master
2724,2672,2698,52,5396,grandmaster
2020,2155,2087,-135,4175,novice
2156,2401,2278,-245,4557,average
1599,1915,1757,-316,3514,novice
2170,2083,2126,87,4253,average
2001,2281,2141,-280,4282,average
2437,2292,2364,145,4729,master
2366,2443,2404,-77,4809,master
2307,1909,2108,398,4216,average
2361,2360,2360,1,4721,master
2003,1657,1830,346,3660,novice
2270,2409,2339,-139,4679,master
2594,2320,2457,274,4914,grandmaster
2282,1977,2129,305,4259,average
2362,2039,2200,323,4401,average
2443,2636,2539,-193,5079,grandmaster
2342,2245,2293,97,4587,average
2089,1967,2028,122,4056,novice
2381,2103,2242,278,4484,average
2263,2011,2137,252,4274,average
1552,1487,1519,65,3039,novice
2249,2113,2181,136,4362,average
2363,2426,2394,-63,4789,master
2505,2196,2350,309,4701,master
1880,2207,2043,-327,4087,novice
2432,2286,2359,146,4718,master
2349,2154,2251,195,4503,average
2448,2359,2403,89,4807,master
2391,2187,2289,204,4578,average
2205,2320,2262,-115,4525,average
1786,2176,1981,-390,3962,novice
1590,1641,1615,-51,3231,novice
2104,1967,2035,137,4071,novice
2597,2374,2485,223,4971,grandmaster
2169,2237,2203,-68,4406,average
2301,2350,2325,-49,4651,master
2389,2017,2203,372,4406,average
2214,2080,2147,134,4294,average
1570,1851,1710,-281,3421,novice
1832,1551,1691,281,3383,novice
2592,2531,2561,61,5123,grandmaster
1683,2086,1884,-403,3769,novice
1982,2330,2156,-348,4312,average
2381,2457,2419,-76,4838,master
2344,1988,2166,356,4332,average
2274,2338,2306,-64,4612,master
1791,1938,1864,-147,3729,novice
2443,2416,2429,27,4859,master
2056,2267,2161,-211,4323,average
2678,2628,2653,50,5306,grandmaster
2536,2316,2426,220,4852,master
2108,2331,2219,-223,4439,average
1835,1945,1890,-110,3780,novice
2248,1738,1993,510,3986,novice
2019,1841,1930,178,3860,novice
2731,2756,2743,-25,5487,grandmaster
2624,2526,2575,98,5150,grandmaster
2531,2554,2542,-23,5085,grandmaster
2503,2385,2444,118,4888,master
2253,2137,2195,116,4390,average
2068,1884,1976,184,3952,novice
2106,1986,2046,120,4092,novice
2367,2310,2338,57,4677,master
1886,2204,2045,-318,4090,novice
2397,2190,2293,207,4587,average
2267,2416,2341,-149,4683,master
2598,2558,2578,40,5156,grandmaster
2316,2074,2195,242,4390,average
2222,2099,2160,123,4321,average
2422,2204,2313,218,4626,master
2373,2136,2254,237,4509,average
2363,2479,2421,-116,4842,master
2017,1792,1904,225,3809,novice
2066,2254,2160,-188,4320,average
2517,2551,2534,-34,5068,grandmaster
2089,2323,2206,-234,4412,average
1747,1842,1794,-95,3589,novice
2679,2771,2725,-92,5450,grandmaster
2372,2427,2399,-55,4799,master
1995,1805,1900,190,3800,novice
2187,2307,2247,-120,4494,average
2037,2047,2042,-10,4084,novice
2346,2444,2395,-98,4790,master
2397,2298,2347,99,4695,master
2024,2082,2053,-58,4106,novice
2346,2537,2441,-191,4883,master
2201,2307,2254,-106,4508,average
2276,2065,2170,211,4341,average
2367,2332,2349,35,4699,master
1655,1950,1802,-295,3605,novice
2061,2081,2071,-20,4142,novice
1940,2162,2051,-222,4102,novice
2534,2645,2589,-111,5179,grandmaster
1849,2083,1966,-234,3932,novice
2155,2010,2082,145,4165,novice
2440,2395,2417,45,4835,master
2586,2523,2554,63,5109,grandmaster
1976,1719,1847,257,3695,novice
1982,1788,1885,194,3770,novice
2017,2082,2049,-65,4099,novice
2361,2383,2372,-22,4744,master
2053,1774,1913,279,3827,novice
1962,2225,2093,-263,4187,novice
2491,2358,2424,133,4849,master
2356,2494,2425,-138,4850,master
2491,2688,2589,-197,5179,grandmaster
2527,2597,2562,-70,5124,grandmaster
1813,2000,1906,-187,3813,novice
2248,2141,2194,107,4389,average
2396,2520,2458,-124,4916,grandmaster
2235,2416,2325,-181,4651,master
2184,1994,2089,190,4178,novice
2059,1808,1933,251,3867,novice
2095,1898,1996,197,3993,novice
2181,2538,2359,-357,4719,master
2177,2166,2171,11,4343,average
2422,2125,2273,297,4547,average
2162,2365,2263,-203,4527,average
2636,2294,2465,342,4930,grandmaster
2182,2426,2304,-244,4608,master
2233,2087,2160,146,4320,average
2065,1947,2006,118,4012,novice
2288,2248,2268,40,4536,average
1746,2069,1907,-323,3815,novice
2253,2120,2186,133,4373,average
2546,2703,2624,-157,5249,grandmaster
2560,2459,2509,101,5019,grandmaster
2332,2166,2249,166,4498,average
2229,2425,2327,-196,4654,master
2420,2128,2274,292,4548,average
2101,2416,2258,-315,4517,average
2119,2107,2113,12,4226,average
2067,2313,2190,-246,4380,average
2198,2058,2128,140,4256,average
2508,2514,2511,-6,5022,grandmaster
2232,2377,2304,-145,4609,master
2308,2526,2417,-218,4834,master
2168,2310,2239,-142,4478,average
2065,1499,1782,566,3564,novice
1855,2090,1972,-235,3945,novice
2391,2469,2430,-78,4860,master
2630,2563,2596,67,5193,grandmaster
2212,2290,2251,-78,4502,average
2785,2632,2708,153,5417,grandmaster
1956,2589,2272,-633,4545,average
2228,2316,2272,-88,4544,average
2514,2399,2456,115,4913,grandmaster
1941,1957,1949,-16,3898,novice
2506,2489,2497,17,4995,grandmaster
2154,2243,2198,-89,4397,average
2101,1950,2025,151,4051,novice
2372,2204,2288,168,4576,average
2004,2069,2036,-65,4073,novice
2547,2555,2551,-8,5102,grandmaster
2501,2069,2285,432,4570,average
2113,1990,2051,123,4103,novice
2397,2294,2345,103,4691,master
2284,2112,2198,172,4396,average
2448,2524,2486,-76,4972,grandmaster
2217,2526,2371,-309,4743,master
2270,2493,2381,-223,4763,master
2469,2507,2488,-38,4976,grandmaster
2368,2486,2427,-118,4854,master
2071,1820,1945,251,3891,novice
2132,2090,2111,42,4222,average
2446,2154,2300,292,4600,average
2439,1952,2195,487,4391,average
1927,2116,2021,-189,4043,novice
2527,2421,2474,106,4948,grandmaster
2417,2580,2498,-163,4997,grandmaster
2530,2649,2589,-119,5179,grandmaster
2669,2141,2405,528,4810,master
2417,2398,2407,19,4815,master
2387,2597,2492,-210,4984,grandmaster
2595,2630,2612,-35,5225,grandmaster
1891,2098,1994,-207,3989,novice
2192,2654,2423,-462,4846,master
2053,2453,2253,-400,4506,average
2611,2535,2573,76,5146,grandmaster
2244,2078,2161,166,4322,average
2420,2589,2504,-169,5009,grandmaster
2054,2367,2210,-313,4421,average
1842,1584,1713,258,3426,novice
2350,2020,2185,330,4370,average
2193,2325,2259,-132,4518,average
2179,2307,2243,-128,4486,average
2446,2242,2344,204,4688,master
2522,2615,2568,-93,5137,grandmaster
2161,1886,2023,275,4047,novice
2328,2308,2318,20,4636,master
2115,1753,1934,362,3868,novice
2092,2211,2151,-119,4303,average
2382,2175,2278,207,4557,average
2267,2619,2443,-352,4886,master
2289,2373,2331,-84,4662,master
1920,1655,1787,265,3575,novice
2481,2216,2348,265,4697,master
2396,2127,2261,269,4523,average
2525,2353,2439,172,4878,master
2237,2540,2388,-303,4777,master
2080,1955,2017,125,4035,novice
2639,2557,2598,82,5196,grandmaster
2470,2221,2345,249,4691,master
2280,2215,2247,65,4495,average
2623,2327,2475,296,4950,grandmaster
2549,2390,2469,159,4939,grandmaster
2422,2327,2374,95,4749,master
2155,2442,2298,-287,4597,average
2637,2500,2568,137,5137,grandmaster
2015,2191,2103,-176,4206,average
2187,2290,2238,-103,4477,average
2632,2547,2589,85,5179,grandmaster
2422,2246,2334,176,4668,master
2134,1994,2064,140,4128,novice
2435,2595,2515,-160,5030,grandmaster
2375,2231,2303,144,4606,master
2302,2532,2417,-230,4834,master
2019,2217,2118,-198,4236,average
2608,2345,2476,263,4953,grandmaster
2363,2244,2303,119,4607,master
2149,2165,2157,-16,4314,average
2123,2356,2239,-233,4479,average
2194,2008,2101,186,4202,average
2525,2362,2443,163,4887,master
2096,2321,2208,-225,4417,average
2071,2297,2184,-226,4368,average
2463,2618,2540,-155,5081,grandmaster
2287,2148,2217,139,4435,average
2006,2190,2098,-184,4196,novice
2336,2235,2285,101,4571,average
2469,2358,2413,111,4827,master
2476,2384,2430,92,4860,master
2014,1826,1920,188,3840,novice
2518,2365,2441,153,4883,master
2560,2431,2495,129,4991,grandmaster
1945,1796,1870,149,3741,novice
2446,2233,2339,213,4679,master
2246,2036,2141,210,4282,average
2471,2557,2514,-86,5028,grandmaster
2412,2100,2256,312,4512,average
1936,1404,1670,532,3340,novice
2285,2423,2354,-138,4708,master
2251,2485,2368,-234,4736,master
2541,2618,2579,-77,5159,grandmaster
2467,2194,2330,273,4661,master
2410,2472,2441,-62,4882,master
2531,2462,2496,69,4993,grandmaster
2195,2199,2197,-4,4394,average
2397,2343,2370,54,4740,master
1927,1974,1950,-47,3901,novice
2346,2481,2413,-135,4827,master
2183,2469,2326,-286,4652,master
1651,1435,1543,216,3086,novice
1864,2115,1989,-251,3979,novice
2392,2588,2490,-196,4980,grandmaster
2409,2258,2333,151,4667,master
2483,2457,2470,26,4940,grandmaster
2244,2063,2153,181,4307,average
2397,2246,2321,151,4643,master
2458,2372,2415,86,4830,master
2111,2243,2177,-132,4354,average
2274,2332,2303,-58,4606,master
2397,2606,2501,-209,5003,grandmaster
2455,2615,2535,-160,5070,grandmaster
2469,2454,2461,15,4923,grandmaster
2092,1930,2011,162,4022,novice
2339,2127,2233,212,4466,average
2554,2240,2397,314,4794,master
2451,2345,2398,106,4796,master
2222,2425,2323,-203,4647,master
2345,2139,2242,206,4484,average
2326,2652,2489,-326,4978,grandmaster
2204,1980,2092,224,4184,novice
2761,2826,2793,-65,5587,grandmaster
1884,2313,2098,-429,4197,novice
2404,2170,2287,234,4574,average
2599,2388,2493,211,4987,grandmaster
2073,1915,1994,158,3988,novice
2235,2027,2131,208,4262,average
2109,2274,2191,-165,4383,average
1287,1484,1385,-197,2771,novice
2138,1916,2027,222,4054,novice
2436,2224,2330,212,4660,master
2174,2026,2100,148,4200,novice
2171,2186,2178,-15,4357,average
2002,2262,2132,-260,4264,average
1691,1955,1823,-264,3646,novice
2499,2158,2328,341,4657,master
2296,2396,2346,-100,4692,master
2211,2281,2246,-70,4492,average
2242,2453,2347,-211,4695,master
2398,2310,2354,88,4708,master
1981,2073,2027,-92,4054,novice
2042,2273,2157,-231,4315,average
2148,2401,2274,-253,4549,average
2304,2404,2354,-100,4708,master
2156,2380,2268,-224,4536,average
2089,2346,2217,-257,4435,average
2123,2234,2178,-111,4357,average
1896,1563,1729,333,3459,novice
2058,2009,2033,49,4067,novice
2107,2001,2054,106,4108,novice
2803,2774,2788,29,5577,grandmaster
2337,2176,2256,161,4513,average
1817,2121,1969,-304,3938,novice
2485,1693,2089,792,4178,novice
2782,2683,2732,99,5465,grandmaster
2707,2338,2522,369,5045,grandmaster
2203,2287,2245,-84,4490,average
2484,2301,2392,183,4785,master
1912,1704,1808,208,3616,novice
2370,2630,2500,-260,5000,grandmaster
1919,2119,2019,-200,4038,novice
1884,1712,1798,172,3596,novice
2078,1831,1954,247,3909,novice
1927,2094,2010,-167,4021,novice
1928,2002,1965,-74,3930,novice
2387,2559,2473,-172,4946,grandmaster
2244,2080,2162,164,4324,average
1768,2078,1923,-310,3846,novice
2141,2246,2193,-105,4387,average
2226,2613,2419,-387,4839,master
2396,2253,2324,143,4649,master
1682,2071,1876,-389,3753,novice
2208,2545,2376,-337,4753,master
2449,2599,2524,-150,5048,grandmaster
2344,2320,2332,24,4664,master
2340,2384,2362,-44,4724,master
2179,1989,2084,190,4168,novice
1959,2426,2192,-467,4385,average
2265,2532,2398,-267,4797,master
2383,2008,2195,375,4391,average
2087,1954,2020,133,4041,novice
1867,2144,2005,-277,4011,novice
2266,2101,2183,165,4367,average
2221,2292,2256,-71,4513,average
2281,2052,2166,229,4333,average
2351,2074,2212,277,4425,average
2434,2335,2384,99,4769,master
2022,2196,2109,-174,4218,average
1911,2201,2056,-290,4112,novice
1805,2025,1915,-220,3830,novice
2525,2596,2560,-71,5121,grandmaster
1925,2422,2173,-497,4347,average
2192,2367,2279,-175,4559,average
2384,2573,2478,-189,4957,grandmaster
2253,2347,2300,-94,4600,average
2186,2125,2155,61,4311,average
2287,2536,2411,-249,4823,master
1595,1446,1520,149,3041,novice
2555,2449,2502,106,5004,grandmaster
2445,2110,2277,335,4555,average
2200,2321,2260,-121,4521,average
2285,2072,2178,213,4357,average
2116,2356,2236,-240,4472,average
2676,2417,2546,259,5093,grandmaster
2342,2354,2348,-12,4696,master
2052,1952,2002,100,4004,novice
2121,2056,2088,65,4177,novice
1888,1611,1749,277,3499,novice
2632,2518,2575,114,5150,grandmaster
2203,2093,2148,110,4296,average
2228,1965,2096,263,4193,novice
2535,2641,2588,-106,5176,grandmaster
2300,2270,2285,30,4570,average
1984,1979,1981,5,3963,novice
2025,2228,2126,-203,4253,average
2160,2325,2242,-165,4485,average
2580,2438,2509,142,5018,grandmaster
2216,2378,2297,-162,4594,average
2722,2331,2526,391,5053,grandmaster
2462,2288,2375,174,4750,master
2657,2680,2668,-23,5337,grandmaster
2091,2441,2266,-350,4532,average
2270,2114,2192,156,4384,average
2059,2218,2138,-159,4277,average
2560,2596,2578,-36,5156,grandmaster
2648,2388,2518,260,5036,grandmaster
2518,2449,2483,69,4967,grandmaster
2110,2664,2387,-554,4774,master
2645,2604,2624,41,5249,grandmaster
2430,2550,2490,-120,4980,grandmaster
1994,1485,1739,509,3479,novice
2417,2429,2423,-12,4846,master
1929,2204,2066,-275,4133,novice
2085,1955,2020,130,4040,novice
2472,2521,2496,-49,4993,grandmaster
2396,1978,2187,418,4374,average
1769,2620,2194,-851,4389,average
2251,2086,2168,165,4337,average
2219,2163,2191,56,4382,average
2775,2681,2728,94,5456,grandmaster
2706,2428,2567,278,5134,grandmaster
2354,2556,2455,-202,4910,grandmaster
2737,2579,2658,158,5316,grandmaster
2336,2205,2270,131,4541,average
2034,1852,1943,182,3886,novice
2193,1792,1992,401,3985,novice
2449,2702,2575,-253,5151,grandmaster
2180,2075,2127,105,4255,average
2407,2532,2469,-125,4939,grandmaster
2278,2403,2340,-125,4681,master
2114,2194,2154,-80,4308,average
2741,2775,2758,-34,5516,grandmaster
2498,2285,2391,213,4783,master
2345,2509,2427,-164,4854,master
1737,1852,1794,-115,3589,novice
1848,1573,1710,275,3421,novice
1845,1802,1823,43,3647,novice
2098,2414,2256,-316,4512,average
2104,1993,2048,111,4097,novice
2468,2429,2448,39,4897,master
1733,2223,1978,-490,3956,novice
2026,1941,1983,85,3967,novice
1573,2064,1818,-491,3637,novice
2557,2406,2481,151,4963,grandmaster
2368,2259,2313,109,4627,master
1788,2306,2047,-518,4094,novice
2620,2598,2609,22,5218,grandmaster
2421,2352,2386,69,4773,master
2472,2410,2441,62,4882,master
2215,2227,2221,-12,4442,average
2255,2087,2171,168,4342,average
1846,1698,1772,148,3544,novice
2240,2179,2209,61,4419,average
2249,2420,2334,-171,4669,master
2152,2419,2285,-267,4571,average
2438,2255,2346,183,4693,master
2150,2051,2100,99,4201,novice
2185,2092,2138,93,4277,average
1796,2280,2038,-484,4076,novice
2083,1897,1990,186,3980,novice
2479,2396,2437,83,4875,master
2136,2320,2228,-184,4456,average
2093,2235,2164,-142,4328,average
2638,2520,2579,118,5158,grandmaster
2179,2600,2389,-421,4779,master
2186,1994,2090,192,4180,novice
2600,2498,2549,102,5098,grandmaster
2296,2519,2407,-223,4815,master
2214,2486,2350,-272,4700,master
2339,2006,2172,333,4345,average
1553,1883,1718,-330,3436,novice
1857,2273,2065,-416,4130,novice
2502,2651,2576,-149,5153,grandmaster
2080,2285,2182,-205,4365,average
2393,2407,2400,-14,4800,master
2211,2116,2163,95,4327,average
1701,1846,1773,-145,3547,novice
2451,2416,2433,35,4867,master
1813,2116,1964,-303,3929,novice
1889,2125,2007,-236,4014,novice
2290,2088,2189,202,4378,average
2452,2242,2347,210,4694,master
2448,2206,2327,242,4654,master
1939,2218,2078,-279,4157,novice
2771,2616,2693,155,5387,grandmaster
2403,2471,2437,-68,4874,master
1747,1487,1617,260,3234,novice
2111,1903,2007,208,4014,novice
2438,2313,2375,125,4751,master
1919,2026,1972,-107,3945,novice
2036,2261,2148,-225,4297,average
2329,2514,2421,-185,4843,master
2358,2048,2203,310,4406,average
1920,1687,1803,233,3607,novice
2353,2353,2353,0,4706,master
2053,1879,1966,174,3932,novice
2251,2235,2243,16,4486,average
2268,2122,2195,146,4390,average
2638,2473,2555,165,5111,grandmaster
2159,2236,2197,-77,4395,average
2219,2471,2345,-252,4690,master
2026,2306,2166,-280,4332,average
2006,2356,2181,-350,4362,average
2481,2473,2477,8,4954,grandmaster
2487,2312,2399,175,4799,master
2321,2198,2259,123,4519,average
2137,2282,2209,-145,4419,average
2044,2348,2196,-304,4392,average
2278,2279,2278,-1,4557,average
2605,2487,2546,118,5092,grandmaster
2018,1918,1968,100,3936,novice
2082,2173,2127,-91,4255,average
2643,2502,2572,141,5145,grandmaster
2255,2203,2229,52,4458,average
1878,2520,2199,-642,4398,average
2360,2391,2375,-31,4751,master
2245,2421,2333,-176,4666,master
2316,2075,2195,241,4391,average
1924,2398,2161,-474,4322,average
2477,2382,2429,95,4859,master
2287,2098,2192,189,4385,average
2572,2190,2381,382,4762,master
2320,2443,2381,-123,4763,master
1654,1757,1705,-103,3411,novice
2429,2455,2442,-26,4884,master
2259,2462,2360,-203,4721,master
2377,2244,2310,133,4621,master
2510,2273,2391,237,4783,master
2021,2273,2147,-252,4294,average
2410,2394,2402,16,4804,master
2236,2460,2348,-224,4696,master
2039,2326,2182,-287,4365,average
2120,2291,2205,-171,4411,average
1880,1931,1905,-51,3811,novice
2532,2687,2609,-155,5219,grandmaster
2531,2610,2570,-79,5141,grandmaster
2579,1939,2259,640,4518,average
1633,1921,1777,-288,3554,novice
2121,2282,2201,-161,4403,average
2553,2418,2485,135,4971,grandmaster
2516,2346,2431,170,4862,master
2008,2098,2053,-90,4106,novice
2525,2788,2656,-263,5313,grandmaster
2352,2526,2439,-174,4878,master
2063,2255,2159,-192,4318,average
2481,2085,2283,396,4566,average
2458,2485,2471,-27,4943,grandmaster
2469,2471,2470,-2,4940,grandmaster
2501,2655,2578,-154,5156,grandmaster
2307,2161,2234,146,4468,average
2534,2496,2515,38,5030,grandmaster
2478,2428,2453,50,4906,grandmaster
2341,2565,2453,-224,4906,grandmaster
2298,2023,2160,275,4321,average
2368,2279,2323,89,4647,master
1970,2517,2243,-547,4487,average
2335,1957,2146,378,4292,average
2145,1921,2033,224,4066,novice
1967,2244,2105,-277,4211,average
2132,2413,2272,-281,4545,average
2401,2226,2313,175,4627,master
1941,1892,1916,49,3833,novice
2653,2707,2680,-54,5360,grandmaster
2203,1811,2007,392,4014,novice
1897,2039,1968,-142,3936,novice
2646,1697,2171,949,4343,average
2242,2098,2170,144,4340,average
2406,2667,2536,-261,5073,grandmaster
2299,2228,2263,71,4527,average
2541,2424,2482,117,4965,grandmaster
2070,2543,2306,-473,4613,master
2567,2343,2455,224,4910,grandmaster
2723,2510,2616,213,5233,grandmaster
2361,2147,2254,214,4508,average
2482,2253,2367,229,4735,master
2722,2712,2717,10,5434,grandmaster
1467,2119,1793,-652,3586,novice
2259,2339,2299,-80,4598,average
2120,2209,2164,-89,4329,average
2311,2371,2341,-60,4682,master
2324,2387,2355,-63,4711,master
1766,1887,1826,-121,3653,novice
2402,2400,2401,2,4802,master
2205,1828,2016,377,4033,novice
2267,2327,2297,-60,4594,average
2398,2371,2384,27,4769,master
2538,2622,2580,-84,5160,grandmaster
2370,2426,2398,-56,4796,master
2306,1950,2128,356,4256,average
2158,2411,2284,-253,4569,average
2201,2231,2216,-30,4432,average
2442,2121,2281,321,4563,average
2229,2358,2293,-129,4587,average
2589,2598,2593,-9,5187,grandmaster
1912,2228,2070,-316,4140,novice
1636,1940,1788,-304,3576,novice
2044,2129,2086,-85,4173,novice
2431,2303,2367,128,4734,master
2223,2234,2228,-11,4457,average
2288,2600,2444,-312,4888,master
2066,2264,2165,-198,4330,average
1982,2523,2252,-541,4505,average
2680,2548,2614,132,5228,grandmaster
2459,2170,2314,289,4629,master
2664,2683,2673,-19,5347,grandmaster
1931,2334,2132,-403,4265,average
2372,2405,2388,-33,4777,master
2730,2721,2725,9,5451,grandmaster
2457,2594,2525,-137,5051,grandmaster
2423,2277,2350,146,4700,master
1875,2133,2004,-258,4008,novice
2546,2512,2529,34,5058,grandmaster
2518,2434,2476,84,4952,grandmaster
1991,2040,2015,-49,4031,novice
2449,2477,2463,-28,4926,grandmaster
1616,1835,1725,-219,3451,novice
2420,2563,2491,-143,4983,grandmaster
2544,2471,2507,73,5015,grandmaster
1975,2244,2109,-269,4219,average
2434,2256,2345,178,4690,master
2025,2181,2103,-156,4206,average
1683,1824,1753,-141,3507,novice
2739,2772,2755,-33,5511,grandmaster
2413,2208,2310,205,4621,master
2620,2693,2656,-73,5313,grandmaster
2273,2528,2400,-255,4801,master
2463,2528,2495,-65,4991,grandmaster
2390,2550,2470,-160,4940,grandmaster
2278,2476,2377,-198,4754,master
2475,2443,2459,32,4918,grandmaster
2214,1922,2068,292,4136,novice
2051,2273,2162,-222,4324,average
2196,2685,2440,-489,4881,master
2544,2549,2546,-5,5093,grandmaster
2518,2370,2444,148,4888,master
2159,2078,2118,81,4237,average
2227,2114,2170,113,4341,average
2419,2468,2443,-49,4887,master
1610,1953,1781,-343,3563,novice
2470,2045,2257,425,4515,average
1658,1628,1643,30,3286,novice
2461,2575,2518,-114,5036,grandmaster
1841,1534,1687,307,3375,novice
2635,2527,2581,108,5162,grandmaster
2701,2587,2644,114,5288,grandmaster
2394,2296,2345,98,4690,master
2088,2328,2208,-240,4416,average
2446,2424,2435,22,4870,master
2462,1995,2228,467,4457,average
1744,2081,1912,-337,3825,novice
2300,2149,2224,151,4449,average
2025,2171,2098,-146,4196,novice
2418,2482,2450,-64,4900,master
2552,2416,2484,136,4968,grandmaster
1981,2618,2299,-637,4599,average
2194,2388,2291,-194,4582,average
2297,2487,2392,-190,4784,master
2556,2348,2452,208,4904,grandmaster
2145,2426,2285,-281,4571,average
2420,2464,2442,-44,4884,master
2528,2524,2526,4,5052,grandmaster
2223,2415,2319,-192,4638,master
2076,2199,2137,-123,4275,average
2150,2560,2355,-410,4710,master
2437,2301,2369,136,4738,master
1738,1806,1772,-68,3544,novice
2607,2579,2593,28,5186,grandmaster
1659,1896,1777,-237,3555,novice
2558,2620,2589,-62,5178,grandmaster
2402,2438,2420,-36,4840,master
2172,1986,2079,186,4158,novice
2548,2641,2594,-93,5189,grandmaster
2183,2310,2246,-127,4493,average
2311,2423,2367,-112,4734,master
1953,1726,1839,227,3679,novice
1626,2368,1997,-742,3994,novice
1796,1755,1775,41,3551,novice
1787,2257,2022,-470,4044,novice
2397,2521,2459,-124,4918,grandmaster
2593,2588,2590,5,5181,grandmaster
2290,1791,2040,499,4081,novice
1990,2349,2169,-359,4339,average
1741,2071,1906,-330,3812,novice
2353,2426,2389,-73,4779,master
2087,2470,2278,-383,4557,average
2298,2477,2387,-179,4775,master
2076,1954,2015,122,4030,novice
2616,2366,2491,250,4982,grandmaster
1786,1792,1789,-6,3578,novice
2591,2297,2444,294,4888,master
2067,1926,1996,141,3993,novice
2452,2602,2527,-150,5054,grandmaster
2397,2495,2446,-98,4892,master
2626,2710,2668,-84,5336,grandmaster
2495,2117,2306,378,4612,master
2063,2092,2077,-29,4155,novice
2556,2453,2504,103,5009,grandmaster
2132,2599,2365,-467,4731,master
2047,2144,2095,-97,4191,novice
1737,1743,1740,-6,3480,novice
2590,2367,2478,223,4957,grandmaster
1279,1813,1546,-534,3092,novice
2158,1955,2056,203,4113,novice
1923,1820,1871,103,3743,novice
2319,2404,2361,-85,4723,master
2347,2366,2356,-19,4713,master
2231,2310,2270,-79,4541,average
2329,2101,2215,228,4430,average
2471,2097,2284,374,4568,average
1831,1969,1900,-138,3800,novice
2169,2271,2220,-102,4440,average
2094,2284,2189,-190,4378,average
2617,2295,2456,322,4912,grandmaster
2390,2548,2469,-158,4938,grandmaster
2233,2121,2177,112,4354,average
1627,1326,1476,301,2953,novice
2394,2325,2359,69,4719,master
2177,2058,2117,119,4235,average
2310,2282,2296,28,4592,average
2036,2245,2140,-209,4281,average
1417,1764,1590,-347,3181,novice
2410,2440,2425,-30,4850,master
2588,2254,2421,334,4842,master
2260,2340,2300,-80,4600,average
2563,2467,2515,96,5030,grandmaster
2262,2120,2191,142,4382,average
2322,2396,2359,-74,4718,master
2344,2464,2404,-120,4808,master
2547,2419,2483,128,4966,grandmaster
2124,1746,1935,378,3870,novice
1995,2174,2084,-179,4169,novice
2117,2450,2283,-333,4567,average
2506,2367,2436,139,4873,master
2630,2546,2588,84,5176,grandmaster
2412,2010,2211,402,4422,average
2533,2123,2328,410,4656,master
2516,2559,2537,-43,5075,grandmaster
2474,2180,2327,294,4654,master
2237,2166,2201,71,4403,average
2417,2312,2364,105,4729,master
2281,2142,2211,139,4423,average
2056,1945,2000,111,4001,novice
2335,1520,1927,815,3855,novice
2235,2227,2231,8,4462,average
2298,2544,2421,-246,4842,master
1848,1634,1741,214,3482,novice
2572,2711,2641,-139,5283,grandmaster
2058,2232,2145,-174,4290,average
1759,1549,1654,210,3308,novice
2307,2166,2236,141,4473,average
2208,2449,2328,-241,4657,master
2227,2147,2187,80,4374,average
2260,2631,2445,-371,4891,master
2532,2309,2420,223,4841,master
2277,2216,2246,61,4493,average
2246,1713,1979,533,3959,novice
2374,2567,2470,-193,4941,grandmaster
2056,2381,2218,-325,4437,average
2176,2214,2195,-38,4390,average
2535,2657,2596,-122,5192,grandmaster
2606,2487,2546,119,5093,grandmaster
2243,2269,2256,-26,4512,average
2558,2565,2561,-7,5123,grandmaster
2479,2584,2531,-105,5063,grandmaster
2575,2426,2500,149,5001,grandmaster
1935,2183,2059,-248,4118,novice
2221,2047,2134,174,4268,average
1931,2024,1977,-93,3955,novice
2415,2542,2478,-127,4957,grandmaster
1870,2186,2028,-316,4056,novice
2503,2398,2450,105,4901,master
2522,2487,2504,35,5009,grandmaster
2584,2428,2506,156,5012,grandmaster
2534,2537,2535,-3,5071,grandmaster
2173,2533,2353,-360,4706,master
1899,2283,2091,-384,4182,novice
2040,2147,2093,-107,4187,novice
2330,2069,2199,261,4399,average
1646,1763,1704,-117,3409,novice
2568,2453,2510,115,5021,grandmaster
2225,2263,2244,-38,4488,average
2220,2231,2225,-11,4451,average
2490,2241,2365,249,4731,master
2297,2154,2225,143,4451,average
2429,2443,2436,-14,4872,master
1957,1812,1884,145,3769,novice
2414,2164,2289,250,4578,average
2355,2438,2396,-83,4793,master
2329,2261,2295,68,4590,average
2505,2031,2268,474,4536,average
2623,2370,2496,253,4993,grandmaster
2461,2410,2435,51,4871,master
1896,2006,1951,-110,3902,novice
2575,2399,2487,176,4974,grandmaster
2403,2353,2378,50,4756,master
1937,2174,2055,-237,4111,novice
2200,2373,2286,-173,4573,average
2399,1985,2192,414,4384,average
1286,1367,1326,-81,2653,novice
2402,2484,2443,-82,4886,master
2375,2500,2437,-125,4875,master
2141,2035,2088,106,4176,novice
2344,2141,2242,203,4485,average
2359,2476,2417,-117,4835,master
1629,1909,1769,-280,3538,novice
2365,2428,2396,-63,4793,master
2155,2011,2083,144,4166,novice
2243,2161,2202,82,4404,average
2166,2251,2208,-85,4417,average
2527,2019,2273,508,4546,average
2370,2431,2400,-61,4801,master
2174,2297,2235,-123,4471,average
1784,1588,1686,196,3372,novice
2202,2000,2101,202,4202,average
2086,1926,2006,160,4012,novice
2311,2169,2240,142,4480,average
2052,2508,2280,-456,4560,average
2508,2739,2623,-231,5247,grandmaster
1638,1771,1704,-133,3409,novice
2587,2342,2464,245,4929,grandmaster
2399,2257,2328,142,4656,master
2281,2290,2285,-9,4571,average
2285,2367,2326,-82,4652,master
2045,1931,1988,114,3976,novice
2341,2086,2213,255,4427,average
2544,2489,2516,55,5033,grandmaster
2017,2310,2163,-293,4327,average
2338,2549,2443,-211,4887,master
2304,2356,2330,-52,4660,master
2284,2458,2371,-174,4742,master
2230,2512,2371,-282,4742,master
2102,2385,2243,-283,4487,average
1957,1987,1972,-30,3944,novice
1922,1927,1924,-5,3849,novice
2060,2512,2286,-452,4572,average
2669,2624,2646,45,5293,grandmaster
1867,2566,2216,-699,4433,average
2272,2135,2203,137,4407,average
1946,1836,1891,110,3782,novice
2419,2252,2335,167,4671,master
2207,2346,2276,-139,4553,average
2016,2048,2032,-32,4064,novice
2422,2233,2327,189,4655,master
2241,2281,2261,-40,4522,average
2394,2125,2259,269,4519,average
2007,2054,2030,-47,4061,novice
2635,2451,2543,184,5086,grandmaster
2258,2255,2256,3,4513,average
1924,2140,2032,-216,4064,novice
2055,1692,1873,363,3747,novice
2296,2561,2428,-265,4857,master
2043,2592,2317,-549,4635,master
2404,2460,2432,-56,4864,master
2412,2271,2341,141,4683,master
1737,2270,2003,-533,4007,novice
2020,2235,2127,-215,4255,average
2521,2593,2557,-72,5114,grandmaster
2457,2176,2316,281,4633,master
1761,1443,1602,318,3204,novice
2007,2186,2096,-179,4193,novice
2451,2408,2429,43,4859,master
1779,2123,1951,-344,3902,novice
2404,2249,2326,155,4653,master
2029,1601,1815,428,3630,novice
1951,1953,1952,-2,3904,novice
2629,2038,2333,591,4667,master
2110,2168,2139,-58,4278,average
2502,1927,2214,575,4429,average
2469,2681,2575,-212,5150,grandmaster
2090,1905,1997,185,3995,novice
2154,1991,2072,163,4145,novice
2434,2078,2256,356,4512,average
2058,2250,2154,-192,4308,average
2287,2481,2384,-194,4768,master
1639,1834,1736,-195,3473,novice
1723,1583,1653,140,3306,novice
2221,2379,2300,-158,4600,average
2156,2581,2368,-425,4737,master
2331,2462,2396,-131,4793,master
2148,2496,2322,-348,4644,master
2453,2614,2533,-161,5067,grandmaster
2343,1976,2159,367,4319,average
1938,2173,2055,-235,4111,novice
2305,2312,2308,-7,4617,master
2264,2446,2355,-182,4710,master
2165,2432,2298,-267,4597,average
2392,2306,2349,86,4698,master
2126,2158,2142,-32,4284,average
2166,2377,2271,-211,4543,average
2052,1881,1966,171,3933,novice
2371,2423,2397,-52,4794,master
2511,2465,2488,46,4976,grandmaster
2173,2373,2273,-200,4546,average
1683,2015,1849,-332,3698,novice
2349,2440,2394,-91,4789,master
2467,2542,2504,-75,5009,grandmaster
2349,2481,2415,-132,4830,master
2354,2198,2276,156,4552,average
2015,2211,2113,-196,4226,average
2548,2620,2584,-72,5168,grandmaster
2383,2296,2339,87,4679,master
2583,2881,2732,-298,5464,grandmaster
1947,1833,1890,114,3780,novice
2068,2012,2040,56,4080,novice
1883,2090,1986,-207,3973,novice
2079,2213,2146,-134,4292,average
2642,2491,2566,151,5133,grandmaster
1906,2265,2085,-359,4171,novice
2022,2212,2117,-190,4234,average
1919,1885,1902,34,3804,novice
1960,2238,2099,-278,4198,novice
2285,1971,2128,314,4256,average
2458,2213,2335,245,4671,master
2233,2108,2170,125,4341,average
2349,2210,2279,139,4559,average
1989,2137,2063,-148,4126,novice
2457,2152,2304,305,4609,master
2439,2211,2325,228,4650,master
1768,1673,1720,95,3441,novice
2412,2684,2548,-272,5096,grandmaster
2276,2139,2207,137,4415,average
2189,2177,2183,12,4366,average
2475,2549,2512,-74,5024,grandmaster
2602,2473,2537,129,5075,grandmaster
2437,2077,2257,360,4514,average
2541,2356,2448,185,4897,master
2348,1890,2119,458,4238,average
2524,2263,2393,261,4787,master
2438,2355,2396,83,4793,master
1620,2063,1841,-443,3683,novice
2275,1892,2083,383,4167,novice
2660,2524,2592,136,5184,grandmaster
1936,1710,1823,226,3646,novice
2312,2543,2427,-231,4855,master
2224,2434,2329,-210,4658,master
2010,1830,1920,180,3840,novice
2371,2167,2269,204,4538,average
2655,2473,2564,182,5128,grandmaster
2119,1831,1975,288,3950,novice
2445,2630,2537,-185,5075,grandmaster
2397,2257,2327,140,4654,master
2323,2278,2300,45,4601,average
2448,2571,2509,-123,5019,grandmaster
2144,2289,2216,-145,4433,average
1950,1839,1894,111,3789,novice
1586,2045,1815,-459,3631,novice
2247,2118,2182,129,4365,average
1938,1778,1858,160,3716,novice
2386,2275,2330,111,4661,master
2356,2112,2234,244,4468,average
2368,2242,2305,126,4610,master
2230,2336,2283,-106,4566,average
2365,1978,2171,387,4343,average
2650,2589,2619,61,5239,grandmaster
2349,2157,2253,192,4506,average
2251,2322,2286,-71,4573,average
2533,2344,2438,189,4877,master
2187,2381,2284,-194,4568,average
2135,2494,2314,-359,4629,master
2327,2672,2499,-345,4999,grandmaster
2502,2581,2541,-79,5083,grandmaster
2324,2191,2257,133,4515,average
1915,1708,1811,207,3623,novice
2346,2030,2188,316,4376,average
2002,2341,2171,-339,4343,average
2552,2501,2526,51,5053,grandmaster
2425,2525,2475,-100,4950,grandmaster
2324,2260,2292,64,4584,average
2321,2479,2400,-158,4800,master
2080,2030,2055,50,4110,novice
2138,2092,2115,46,4230,average
2271,2058,2164,213,4329,average
2403,2310,2356,93,4713,master
1744,1849,1796,-105,3593,novice
2388,2512,2450,-124,4900,master
2269,2430,2349,-161,4699,master
1902,2148,2025,-246,4050,novice
2135,2361,2248,-226,4496,average
1929,2330,2129,-401,4259,average
2185,2381,2283,-196,4566,average
2122,1842,1982,280,3964,novice
2457,2348,2402,109,4805,master
1645,1879,1762,-234,3524,novice
2735,2771,2753,-36,5506,grandmaster
2473,2373,2423,100,4846,master
2206,2403,2304,-197,4609,master
2011,2309,2160,-298,4320,average
2114,2216,2165,-102,4330,average
2523,2313,2418,210,4836,master
2185,1867,2026,318,4052,novice
2047,2108,2077,-61,4155,novice
2190,2054,2122,136,4244,average
1998,2147,2072,-149,4145,novice
2115,1987,2051,128,4102,novice
2602,2511,2556,91,5113,grandmaster
2306,2289,2297,17,4595,average
2358,2590,2474,-232,4948,grandmaster
1953,2140,2046,-187,4093,novice
2410,2416,2413,-6,4826,master
2141,1920,2030,221,4061,novice
2616,2294,2455,322,4910,grandmaster
1868,1931,1899,-63,3799,novice
2165,2002,2083,163,4167,novice
2328,2497,2412,-169,4825,master
1780,2210,1995,-430,3990,novice
2546,2281,2413,265,4827,master
2124,2260,2192,-136,4384,average
2357,2485,2421,-128,4842,master
2529,2430,2479,99,4959,grandmaster
2558,2227,2392,331,4785,master
2251,1951,2101,300,4202,average
1655,2151,1903,-496,3806,novice
2360,2643,2501,-283,5003,grandmaster
2372,2469,2420,-97,4841,master
2263,2373,2318,-110,4636,master
1933,2149,2041,-216,4082,novice
2586,2637,2611,-51,5223,grandmaster
2072,2138,2105,-66,4210,average
2560,2494,2527,66,5054,grandmaster
2167,1910,2038,257,4077,novice
2482,2660,2571,-178,5142,grandmaster
2390,2530,2460,-140,4920,grandmaster
2239,2421,2330,-182,4660,master
2256,2451,2353,-195,4707,master
2379,2331,2355,48,4710,master
1965,1637,1801,328,3602,novice
1847,1596,1721,251,3443,novice
1929,2149,2039,-220,4078,novice
1559,1806,1682,-247,3365,novice
2394,2469,2431,-75,4863,master
2639,2523,2581,116,5162,grandmaster
2202,2225,2213,-23,4427,average
2019,1985,2002,34,4004,novice
2176,2343,2259,-167,4519,average
1868,1808,1838,60,3676,novice
2155,2277,2216,-122,4432,average
2263,2327,2295,-64,4590,average
2758,2744,2751,14,5502,grandmaster
2360,2039,2199,321,4399,average
1973,2208,2090,-235,4181,novice
2391,2402,2396,-11,4793,master
2340,1877,2108,463,4217,average
1949,1771,1860,178,3720,novice
2148,2220,2184,-72,4368,average
2634,2511,2572,123,5145,grandmaster
2564,2576,2570,-12,5140,grandmaster
2522,2179,2350,343,4701,master
2662,2672,2667,-10,5334,grandmaster
2356,2313,2334,43,4669,master
2468,2054,2261,414,4522,average
2389,2531,2460,-142,4920,grandmaster
2256,1922,2089,334,4178,novice
2394,2181,2287,213,4575,average
2148,2567,2357,-419,4715,master
1630,2047,1838,-417,3677,novice
2644,2573,2608,71,5217,grandmaster
1626,1795,1710,-169,3421,novice
2211,2082,2146,129,4293,average
1823,2401,2112,-578,4224,average
1918,1504,1711,414,3422,novice
2234,2013,2123,221,4247,average
2287,2427,2357,-140,4714,master
2062,2450,2256,-388,4512,average
2099,1981,2040,118,4080,novice
2008,2015,2011,-7,4023,novice
2023,1802,1912,221,3825,novice
2367,2109,2238,258,4476,average
1282,1562,1422,-280,2844,novice
1872,1872,1872,0,3744,novice
2468,2413,2440,55,4881,master
2256,2097,2176,159,4353,average
2095,2123,2109,-28,4218,average
1833,2066,1949,-233,3899,novice
2696,2325,2510,371,5021,grandmaster
2137,2040,2088,97,4177,novice
1595,1888,1741,-293,3483,novice
2633,2620,2626,13,5253,grandmaster
2203,1927,2065,276,4130,novice
1867,2048,1957,-181,3915,novice
2193,2238,2215,-45,4431,average
2463,2293,2378,170,4756,master
2334,2411,2372,-77,4745,master
2487,2257,2372,230,4744,master
2398,2538,2468,-140,4936,grandmaster
2329,1947,2138,382,4276,average
1627,1621,1624,6,3248,novice
2205,2011,2108,194,4216,average
2594,2390,2492,204,4984,grandmaster
2363,1917,2140,446,4280,average
2561,2328,2444,233,4889,master
2710,2715,2712,-5,5425,grandmaster
2603,2530,2566,73,5133,grandmaster
2100,1600,1850,500,3700,novice
2583,2561,2572,22,5144,grandmaster
2257,2453,2355,-196,4710,master
2620,2495,2557,125,5115,grandmaster
2402,2357,2379,45,4759,master
2441,2458,2449,-17,4899,master
2521,2370,2445,151,4891,master
2283,2191,2237,92,4474,average
2284,2468,2376,-184,4752,master
1982,2250,2116,-268,4232,average
2122,1905,2013,217,4027,novice
1865,1531,1698,334,3396,novice
1916,2258,2087,-342,4174,novice
2137,2458,2297,-321,4595,average
1930,1606,1768,324,3536,novice
2046,2390,2218,-344,4436,average
2619,2655,2637,-36,5274,grandmaster
1839,2072,1955,-233,3911,novice
2096,2427,2261,-331,4523,average
2069,2236,2152,-167,4305,average
2303,2309,2306,-6,4612,master
2058,1962,2010,96,4020,novice
1814,2082,1948,-268,3896,novice
2254,2245,2249,9,4499,average
2529,2245,2387,284,4774,master
2046,2126,2086,-80,4172,novice
2554,2372,2463,182,4926,grandmaster
1867,2278,2072,-411,4145,novice
2248,2554,2401,-306,4802,master
2495,2457,2476,38,4952,grandmaster
2616,2250,2433,366,4866,master
2215,2533,2374,-318,4748,master
2484,2630,2557,-146,5114,grandmaster
2034,2439,2236,-405,4473,average
2529,2218,2373,311,4747,master
1913,2289,2101,-376,4202,average
2350,2161,2255,189,4511,average
2179,2531,2355,-352,4710,master
1312,1820,1566,-508,3132,novice
2044,1895,1969,149,3939,novice
2480,2256,2368,224,4736,master
2462,2594,2528,-132,5056,grandmaster
2069,2169,2119,-100,4238,average
2459,2389,2424,70,4848,master
2549,2328,2438,221,4877,master
2182,1984,2083,198,4166,novice
2420,2284,2352,136,4704,master
2662,2638,2650,24,5300,grandmaster
2412,2403,2407,9,4815,master
2592,2527,2559,65,5119,grandmaster
2332,2352,2342,-20,4684,master
2087,2260,2173,-173,4347,average
2147,1958,2052,189,4105,novice
2242,2299,2270,-57,4541,average
2417,2163,2290,254,4580,average
2534,2053,2293,481,4587,average
2304,1808,2056,496,4112,novice
2726,2675,2700,51,5401,grandmaster
2033,2136,2084,-103,4169,novice
2535,2427,2481,108,4962,grandmaster
2495,2261,2378,234,4756,master
2581,2529,2555,52,5110,grandmaster
1486,1733,1609,-247,3219,novice
1743,1325,1534,418,3068,novice
2203,1862,2032,341,4065,novice
2741,2656,2698,85,5397,grandmaster
2030,1817,1923,213,3847,novice
1906,1628,1767,278,3534,novice
2779,2753,2766,26,5532,grandmaster
2416,2613,2514,-197,5029,grandmaster
2271,2427,2349,-156,4698,master
1981,2262,2121,-281,4243,average
2723,2426,2574,297,5149,grandmaster
2059,2324,2191,-265,4383,average
2437,2412,2424,25,4849,master
2556,2600,2578,-44,5156,grandmaster
2631,2647,2639,-16,5278,grandmaster
1726,1954,1840,-228,3680,novice
2542,2453,2497,89,4995,grandmaster
2240,2024,2132,216,4264,average
2572,2660,2616,-88,5232,grandmaster
2249,2045,2147,204,4294,average
1857,2193,2025,-336,4050,novice
2116,2190,2153,-74,4306,average
2512,2295,2403,217,4807,master
1834,2031,1932,-197,3865,novice
2269,2119,2194,150,4388,average
2173,2562,2367,-389,4735,master
2431,2354,2392,77,4785,master
2526,2558,2542,-32,5084,grandmaster
2059,2203,2131,-144,4262,average
2434,2571,2502,-137,5005,grandmaster
2582,2638,2610,-56,5220,grandmaster
2127,2222,2174,-95,4349,average
2050,2166,2108,-116,4216,average
2522,2599,2560,-77,5121,grandmaster
1808,1904,1856,-96,3712,novice
2650,2685,2667,-35,5335,grandmaster
2170,2464,2317,-294,4634,master
2661,2757,2709,-96,5418,grandmaster
2275,2483,2379,-208,4758,master
2038,1766,1902,272,3804,novice
2259,2276,2267,-17,4535,average
2448,1954,2201,494,4402,average
2485,2343,2414,142,4828,master
2626,2647,2636,-21,5273,grandmaster
2040,1843,1941,197,3883,novice
2412,2592,2502,-180,5004,grandmaster
2204,2078,2141,126,4282,average
2207,2409,2308,-202,4616,master
1934,2046,1990,-112,3980,novice
2012,1867,1939,145,3879,novice
2284,1988,2136,296,4272,average
2339,2348,2343,-9,4687,master
2288,2339,2313,-51,4627,master
1717,2067,1892,-350,3784,novice
2404,2466,2435,-62,4870,master
2498,2423,2460,75,4921,grandmaster
2672,2785,2728,-113,5457,grandmaster
2244,1913,2078,331,4157,novice
2126,1926,2026,200,4052,novice
2486,2353,2419,133,4839,master
2672,2720,2696,-48,5392,grandmaster
1575,1906,1740,-331,3481,novice
2387,2576,2481,-189,4963,grandmaster
2209,2005,2107,204,4214,average
2413,2445,2429,-32,4858,master
2190,2029,2109,161,4219,average
2678,2359,2518,319,5037,grandmaster
2026,1950,1988,76,3976,novice
2032,1963,1997,69,3995,novice
2390,2445,2417,-55,4835,master
2368,2246,2307,122,4614,master
2132,2339,2235,-207,4471,average
2396,2515,2455,-119,4911,grandmaster
2197,1813,2005,384,4010,novice
1883,1871,1877,12,3754,novice
2450,2502,2476,-52,4952,grandmaster
2018,1830,1924,188,3848,novice
2250,2331,2290,-81,4581,average
2422,2495,2458,-73,4917,grandmaster
2418,2583,2500,-165,5001,grandmaster
2572,2562,2567,10,5134,grandmaster
2008,1758,1883,250,3766,novice
2397,2233,2315,164,4630,master
2392,2320,2356,72,4712,master
2609,2490,2549,119,5099,grandmaster
2540,2434,2487,106,4974,grandmaster
2094,2293,2193,-199,4387,average
2184,2229,2206,-45,4413,average
2636,2490,2563,146,5126,grandmaster
2561,2495,2528,66,5056,grandmaster
2027,1779,1903,248,3806,novice
1950,2032,1991,-82,3982,novice
2630,2508,2569,122,5138,grandmaster
2459,2276,2367,183,4735,master
2230,2398,2314,-168,4628,master
2667,2621,2644,46,5288,grandmaster
2603,2204,2403,399,4807,master
2066,1703,1884,363,3769,novice
2302,2485,2393,-183,4787,master
2423,2421,2422,2,4844,master
2024,2049,2036,-25,4073,novice
1463,2047,1755,-584,3510,novice
2219,2531,2375,-312,4750,master
2263,2400,2331,-137,4663,master
2317,2429,2373,-112,4746,master
2247,2361,2304,-114,4608,master
1838,1529,1683,309,3367,novice
2096,2354,2225,-258,4450,average
2391,2452,2421,-61,4843,master
1912,2050,1981,-138,3962,novice
2470,2531,2500,-61,5001,grandmaster
1847,1762,1804,85,3609,novice
1668,2160,1914,-492,3828,novice
2419,2388,2403,31,4807,master
2619,2317,2468,302,4936,grandmaster
2192,2538,2365,-346,4730,master
1928,2080,2004,-152,4008,novice
1755,2372,2063,-617,4127,novice
1794,1788,1791,6,3582,novice
2004,2138,2071,-134,4142,novice
1976,2185,2080,-209,4161,novice
2753,2651,2702,102,5404,grandmaster
2087,2172,2129,-85,4259,average
1980,2127,2053,-147,4107,novice
2326,1994,2160,332,4320,average
2370,2193,2281,177,4563,average
2344,2334,2339,10,4678,master
2120,2317,2218,-197,4437,average
1740,2030,1885,-290,3770,novice
2315,2051,2183,264,4366,average
2033,2423,2228,-390,4456,average
2399,2516,2457,-117,4915,grandmaster
2361,2278,2319,83,4639,master
2349,2403,2376,-54,4752,master
2320,1805,2062,515,4125,novice
2266,1999,2132,267,4265,average
2263,2337,2300,-74,4600,average
2154,2292,2223,-138,4446,average
2559,2675,2617,-116,5234,grandmaster
2555,2518,2536,37,5073,grandmaster
2249,2557,2403,-308,4806,master
2401,2466,2433,-65,4867,master
2252,2525,2388,-273,4777,master
2660,2381,2520,279,5041,grandmaster
2311,2453,2382,-142,4764,master
2208,2362,2285,-154,4570,average
2079,2348,2213,-269,4427,average
2158,2318,2238,-160,4476,average
2514,2218,2366,296,4732,master
2520,2409,2464,111,4929,grandmaster
1486,1755,1620,-269,3241,novice
2072,2383,2227,-311,4455,average
2495,2395,2445,100,4890,master
2141,1970,2055,171,4111,novice
2320,2367,2343,-47,4687,master
2095,1816,1955,279,3911,novice
2490,2536,2513,-46,5026,grandmaster
2356,2154,2255,202,4510,average
2467,2330,2398,137,4797,master
2439,2241,2340,198,4680,master
2254,2145,2199,109,4399,average
2396,2539,2467,-143,4935,grandmaster
2409,2129,2269,280,4538,average
1498,1714,1606,-216,3212,novice
2162,2394,2278,-232,4556,average
2181,1808,1994,373,3989,novice
1741,1325,1533,416,3066,novice
2478,2628,2553,-150,5106,grandmaster
2151,2084,2117,67,4235,average
2283,2643,2463,-360,4926,grandmaster
2552,2412,2482,140,4964,grandmaster
1838,2035,1936,-197,3873,novice
2334,2428,2381,-94,4762,master
2767,2727,2747,40,5494,grandmaster
2347,2530,2438,-183,4877,master
2310,2554,2432,-244,4864,master
2350,2548,2449,-198,4898,master
1724,2229,1976,-505,3953,novice
2217,2392,2304,-175,4609,master
2268,2005,2136,263,4273,average
2453,2545,2499,-92,4998,grandmaster
1923,2080,2001,-157,4003,novice
2338,1752,2045,586,4090,novice
2445,2130,2287,315,4575,average
2015,2333,2174,-318,4348,average
2475,2118,2296,357,4593,average
2389,2371,2380,18,4760,master
1636,1543,1589,93,3179,novice
2405,2463,2434,-58,4868,master
2528,2289,2408,239,4817,master
2442,2655,2548,-213,5097,grandmaster
1964,1557,1760,407,3521,novice
2249,2000,2124,249,4249,average
2379,2166,2272,213,4545,average
2392,2246,2319,146,4638,master
1857,1955,1906,-98,3812,novice
2299,2254,2276,45,4553,average
1995,2368,2181,-373,4363,average
1898,1975,1936,-77,3873,novice
2609,2419,2514,190,5028,grandmaster
2644,2543,2593,101,5187,grandmaster
2135,2214,2174,-79,4349,average
2115,2087,2101,28,4202,average
1978,1981,1979,-3,3959,novice
1978,1754,1866,224,3732,novice
2178,2006,2092,172,4184,novice
1972,2458,2215,-486,4430,average
2058,2524,2291,-466,4582,average
1929,2037,1983,-108,3966,novice
2083,1870,1976,213,3953,novice
2256,2129,2192,127,4385,average
2341,2492,2416,-151,4833,master
2552,2570,2561,-18,5122,grandmaster
2034,2265,2149,-231,4299,average
2520,2607,2563,-87,5127,grandmaster
2304,2117,2210,187,4421,average
2342,1973,2157,369,4315,average
2029,1702,1865,327,3731,novice
1948,2574,2261,-626,4522,average
2330,2442,2386,-112,4772,master
2389,2405,2397,-16,4794,master
2576,2578,2577,-2,5154,grandmaster
1660,1592,1626,68,3252,novice
2534,2570,2552,-36,5104,grandmaster
2711,2560,2635,151,5271,grandmaster
2254,2086,2170,168,4340,average
2319,2163,2241,156,4482,average
2357,2292,2324,65,4649,master
2392,2669,2530,-277,5061,grandmaster
1611,2144,1877,-533,3755,novice
2413,2418,2415,-5,4831,master
2724,2678,2701,46,5402,grandmaster
2049,1922,1985,127,3971,novice
2364,2319,2341,45,4683,master
2531,2541,2536,-10,5072,grandmaster
2580,2406,2493,174,4986,grandmaster
2058,2213,2135,-155,4271,average
2220,2097,2158,123,4317,average
2354,2637,2495,-283,4991,grandmaster
1632,1928,1780,-296,3560,novice
2099,2269,2184,-170,4368,average
2200,2101,2150,99,4301,average
1887,2135,2011,-248,4022,novice
2279,2224,2251,55,4503,average
2521,2477,2499,44,4998,grandmaster
2580,2221,2400,359,4801,master
2209,2069,2139,140,4278,average
1559,1804,1681,-245,3363,novice
1936,1998,1967,-62,3934,novice
2600,2493,2546,107,5093,grandmaster
1530,2067,1798,-537,3597,novice
2584,2557,2570,27,5141,grandmaster
2209,1854,2031,355,4063,novice
2453,2709,2581,-256,5162,grandmaster
2586,2581,2583,5,5167,grandmaster
2325,2422,2373,-97,4747,master
1704,2004,1854,-300,3708,novice
2141,1852,1996,289,3993,novice
2256,2330,2293,-74,4586,average
2519,2346,2432,173,4865,master
1969,2484,2226,-515,4453,average
2441,2158,2299,283,4599,average
1950,2153,2051,-203,4103,novice
2195,2618,2406,-423,4813,master
2160,1903,2031,257,4063,novice
2197,2450,2323,-253,4647,master
2228,2156,2192,72,4384,average
2242,2238,2240,4,4480,average
2067,2457,2262,-390,4524,average
2414,2133,2273,281,4547,average
2275,2586,2430,-311,4861,master
2354,2425,2389,-71,4779,master
2244,2179,2211,65,4423,average
2449,2350,2399,99,4799,master
1868,2156,2012,-288,4024,novice
2237,2238,2237,-1,4475,average
2162,2011,2086,151,4173,novice
2129,2348,2238,-219,4477,average
2305,2177,2241,128,4482,average
2436,2132,2284,304,4568,average
2421,2485,2453,-64,4906,grandmaster
2182,2142,2162,40,4324,average
2098,2138,2118,-40,4236,average
2229,2294,2261,-65,4523,average
2374,2562,2468,-188,4936,grandmaster
2344,2257,2300,87,4601,average
2525,2726,2625,-201,5251,grandmaster
2310,1984,2147,326,4294,average
2436,2014,2225,422,4450,average
2558,2510,2534,48,5068,grandmaster
2628,2516,2572,112,5144,grandmaster
1369,1761,1565,-392,3130,novice
1676,1893,1784,-217,3569,novice
2206,1995,2100,211,4201,novice
2088,1898,1993,190,3986,novice
2503,2540,2521,-37,5043,grandmaster
2506,2338,2422,168,4844,master
2434,2538,2486,-104,4972,grandmaster
2810,2764,2787,46,5574,grandmaster
2139,2232,2185,-93,4371,average
1824,2253,2038,-429,4077,novice
1797,2016,1906,-219,3813,novice
1965,2403,2184,-438,4368,average
2675,2632,2653,43,5307,grandmaster
2013,2246,2129,-233,4259,average
1889,2001,1945,-112,3890,novice
2218,2431,2324,-213,4649,master
2461,2207,2334,254,4668,master
2189,2602,2395,-413,4791,master
2447,2483,2465,-36,4930,grandmaster
2442,2250,2346,192,4692,master
2571,2450,2510,121,5021,grandmaster
2072,1982,2027,90,4054,novice
2055,2550,2302,-495,4605,master
2260,2317,2288,-57,4577,average
2129,2229,2179,-100,4358,average
2469,2458,2463,11,4927,grandmaster
2630,2331,2480,299,4961,grandmaster
1971,2177,2074,-206,4148,novice
2555,2360,2457,195,4915,grandmaster
2312,2572,2442,-260,4884,master
2331,2301,2316,30,4632,master
1868,2013,1940,-145,3881,novice
1654,1623,1638,31,3277,novice
2060,2262,2161,-202,4322,average
2387,2485,2436,-98,4872,master
2510,2412,2461,98,4922,grandmaster
2442,1995,2218,447,4437,average
1430,1291,1360,139,2721,novice
2276,2470,2373,-194,4746,master
2517,2140,2328,377,4657,master
2578,2067,2322,511,4645,master
2373,2307,2340,66,4680,master
1335,1546,1440,-211,2881,novice
2004,2343,2173,-339,4347,average
2219,2014,2116,205,4233,average
2287,2356,2321,-69,4643,master
1984,2214,2099,-230,4198,novice
1657,2050,1853,-393,3707,novice
2182,2258,2220,-76,4440,average
2653,2288,2470,365,4941,grandmaster
2253,1969,2111,284,4222,average
2180,1997,2088,183,4177,novice
1893,2200,2046,-307,4093,novice
1915,2187,2051,-272,4102,novice
2146,2325,2235,-179,4471,average
2323,1923,2123,400,4246,average
2018,2212,2115,-194,4230,average
2207,2206,2206,1,4413,average
2420,2164,2292,256,4584,average
2363,2083,2223,280,4446,average
2143,2650,2396,-507,4793,master
2562,2370,2466,192,4932,grandmaster
2441,2054,2247,387,4495,average
2217,1860,2038,357,4077,novice
2239,2177,2208,62,4416,average
1929,1688,1808,241,3617,novice
2636,2620,2628,16,5256,grandmaster
2039,2119,2079,-80,4158,novice
2050,2450,2250,-400,4500,average
2165,2419,2292,-254,4584,average
1940,2291,2115,-351,4231,average
2323,1994,2158,329,4317,average
2521,2193,2357,328,4714,master
2638,2477,2557,161,5115,grandmaster
1934,2071,2002,-137,4005,novice
2597,2700,2648,-103,5297,grandmaster
2233,2011,2122,222,4244,average
2085,1971,2028,114,4056,novice
2500,2574,2537,-74,5074,grandmaster
2626,2550,2588,76,5176,grandmaster
2535,2421,2478,114,4956,grandmaster
2410,2495,2452,-85,4905,grandmaster
2125,2008,2066,117,4133,novice
2303,2216,2259,87,4519,average
2539,2248,2393,291,4787,master
2455,1899,2177,556,4354,average
2634,2426,2530,208,5060,grandmaster
2503,2392,2447,111,4895,master
2276,2068,2172,208,4344,average
2281,2460,2370,-179,4741,master
2503,2246,2374,257,4749,master
2368,2449,2408,-81,4817,master
2381,2429,2405,-48,4810,master
2484,2699,2591,-215,5183,grandmaster
2461,2508,2484,-47,4969,grandmaster
1983,2447,2215,-464,4430,average
2107,1977,2042,130,4084,novice
1975,1785,1880,190,3760,novice
2549,2436,2492,113,4985,grandmaster
2140,2461,2300,-321,4601,average
2664,2424,2544,240,5088,grandmaster
1822,1879,1850,-57,3701,novice
2350,2069,2209,281,4419,average
2202,2256,2229,-54,4458,average
2248,2123,2185,125,4371,average
2264,2294,2279,-30,4558,average
1909,2199,2054,-290,4108,novice
2198,2513,2355,-315,4711,master
1909,1952,1930,-43,3861,novice
1788,2073,1930,-285,3861,novice
2360,2280,2320,80,4640,master
2380,2342,2361,38,4722,master
2314,2321,2317,-7,4635,master
2186,2023,2104,163,4209,average
1991,1839,1915,152,3830,novice
2333,2153,2243,180,4486,average
2460,2511,2485,-51,4971,grandmaster
2559,2348,2453,211,4907,grandmaster
2266,2300,2283,-34,4566,average
2341,2428,2384,-87,4769,master
1491,1504,1497,-13,2995,novice
2171,2509,2340,-338,4680,master
2598,2680,2639,-82,5278,grandmaster
2056,2317,2186,-261,4373,average
2203,2141,2172,62,4344,average
2127,2137,2132,-10,4264,average
2338,2419,2378,-81,4757,master
2358,2545,2451,-187,4903,grandmaster
1990,1872,1931,118,3862,novice
2531,2438,2484,93,4969,grandmaster
2481,2515,2498,-34,4996,grandmaster
1994,1796,1895,198,3790,novice
1892,1839,1865,53,3731,novice
2311,2031,2171,280,4342,average
2020,1850,1935,170,3870,novice
2141,2227,2184,-86,4368,average
2111,1912,2011,199,4023,novice
2609,2663,2636,-54,5272,grandmaster
2162,2329,2245,-167,4491,average
2613,2440,2526,173,5053,grandmaster
2072,2307,2189,-235,4379,average
2098,1907,2002,191,4005,novice
2425,2194,2309,231,4619,master
2532,2331,2431,201,4863,master
2535,2333,2434,202,4868,master
2290,2086,2188,204,4376,average
2466,2087,2276,379,4553,average
2610,2734,2672,-124,5344,grandmaster
2351,2569,2460,-218,4920,grandmaster
2361,2237,2299,124,4598,average
2384,2613,2498,-229,4997,grandmaster
2157,1710,1933,447,3867,novice
2603,2448,2525,155,5051,grandmaster
1906,2161,2033,-255,4067,novice
2650,2660,2655,-10,5310,grandmaster
2454,2457,2455,-3,4911,grandmaster
2345,2143,2244,202,4488,average
2584,2419,2501,165,5003,grandmaster
2206,2166,2186,40,4372,average
2203,1785,1994,418,3988,novice
1943,2070,2006,-127,4013,novice
2572,2339,2455,233,4911,grandmaster
1985,2655,2320,-670,4640,master
1945,2297,2121,-352,4242,average
2186,2282,2234,-96,4468,average
2574,2422,2498,152,4996,grandmaster
2491,2330,2410,161,4821,master
2228,2412,2320,-184,4640,master
2303,2029,2166,274,4332,average
2038,2475,2256,-437,4513,average
2399,2153,2276,246,4552,average
2255,2647,2451,-392,4902,grandmaster
1916,1655,1785,261,3571,novice
2121,2088,2104,33,4209,average
1981,2247,2114,-266,4228,average
2441,1957,2199,484,4398,average
1615,1391,1503,224,3006,novice
1915,2144,2029,-229,4059,novice
2605,2688,2646,-83,5293,grandmaster
2095,2430,2262,-335,4525,average
2538,2520,2529,18,5058,grandmaster
2306,2276,2291,30,4582,average
2555,2425,2490,130,4980,grandmaster
2561,2234,2397,327,4795,master
2284,1982,2133,302,4266,average
2139,2262,2200,-123,4401,average
1831,1705,1768,126,3536,novice
2449,2310,2379,139,4759,master
2490,2401,2445,89,4891,master
2391,2470,2430,-79,4861,master
2003,1777,1890,226,3780,novice
2423,2136,2279,287,4559,average
1964,1689,1826,275,3653,novice
2016,1878,1947,138,3894,novice
2119,2221,2170,-102,4340,average
2277,1576,1926,701,3853,novice
2545,2276,2410,269,4821,master
2527,2088,2307,439,4615,master
2544,2498,2521,46,5042,grandmaster
2539,2610,2574,-71,5149,grandmaster
1318,1577,1447,-259,2895,novice
2148,1957,2052,191,4105,novice
2385,2017,2201,368,4402,average
2470,2487,2478,-17,4957,grandmaster
2061,2289,2175,-228,4350,average
2422,2515,2468,-93,4937,grandmaster
2311,2152,2231,159,4463,average
2557,2300,2428,257,4857,master
2375,2068,2221,307,4443,average
2311,2024,2167,287,4335,average
2573,2297,2435,276,4870,master
2288,1849,2068,439,4137,novice
2236,2474,2355,-238,4710,master
2157,2024,2090,133,4181,novice
2089,2245,2167,-156,4334,average
2264,2037,2150,227,4301,average
2101,1605,1853,496,3706,novice
2374,2528,2451,-154,4902,grandmaster
2220,2344,2282,-124,4564,average
2201,2313,2257,-112,4514,average
1767,1999,1883,-232,3766,novice
2455,2222,2338,233,4677,master
2055,1994,2024,61,4049,novice
2064,1873,1968,191,3937,novice
2635,2425,2530,210,5060,grandmaster
2445,2583,2514,-138,5028,grandmaster
2411,2113,2262,298,4524,average
1729,2230,1979,-501,3959,novice
1874,1747,1810,127,3621,novice
2236,2352,2294,-116,4588,average
2254,2341,2297,-87,4595,average
1992,1660,1826,332,3652,novice
2272,2194,2233,78,4466,average
2242,2346,2294,-104,4588,average
2413,2490,2451,-77,4903,grandmaster
2546,2408,2477,138,4954,grandmaster
2311,1925,2118,386,4236,average
2296,2622,2459,-326,4918,grandmaster
2584,2435,2509,149,5019,grandmaster
2509,2269,2389,240,4778,master
2290,2204,2247,86,4494,average
2516,2391,2453,125,4907,grandmaster
2680,2340,2510,340,5020,grandmaster
2478,2392,2435,86,4870,master
1890,2121,2005,-231,4011,novice
1734,1953,1843,-219,3687,novice
2396,2607,2501,-211,5003,grandmaster
2579,2358,2468,221,4937,grandmaster
2023,1726,1874,297,3749,novice
2210,2251,2230,-41,4461,average
2140,2586,2363,-446,4726,master
2582,2643,2612,-61,5225,grandmaster
2402,2538,2470,-136,4940,grandmaster
2645,2482,2563,163,5127,grandmaster
1643,1782,1712,-139,3425,novice
2060,2261,2160,-201,4321,average
2310,2083,2196,227,4393,average
2011,2116,2063,-105,4127,novice
2028,1935,1981,93,3963,novice
2181,2157,2169,24,4338,average
1791,1589,1690,202,3380,novice
2566,2391,2478,175,4957,grandmaster
1796,1630,1713,166,3426,novice
2428,2626,2527,-198,5054,grandmaster
2393,2454,2423,-61,4847,master
2063,2294,2178,-231,4357,average
2205,2151,2178,54,4356,average
2437,2034,2235,403,4471,average
1719,1891,1805,-172,3610,novice
2460,2345,2402,115,4805,master
2175,1869,2022,306,4044,novice
2468,2296,2382,172,4764,master
2187,2425,2306,-238,4612,master
2156,1739,1947,417,3895,novice
2055,1777,1916,278,3832,novice
2753,2678,2715,75,5431,grandmaster
2236,2461,2348,-225,4697,master
1874,1437,1655,437,3311,novice
2539,2411,2475,128,4950,grandmaster
2657,2556,2606,101,5213,grandmaster
2348,2449,2398,-101,4797,master
2433,2025,2229,408,4458,average
2167,2013,2090,154,4180,novice
2610,2667,2638,-57,5277,grandmaster
1912,2124,2018,-212,4036,novice
2492,2283,2387,209,4775,master
2108,2080,2094,28,4188,novice
2154,2097,2125,57,4251,average
2172,2581,2376,-409,4753,master
2505,2247,2376,258,4752,master
2522,2332,2427,190,4854,master
2268,2354,2311,-86,4622,master
2246,2469,2357,-223,4715,master
2230,2434,2332,-204,4664,master
2260,1866,2063,394,4126,novice
2220,2054,2137,166,4274,average
2363,2209,2286,154,4572,average
2324,2690,2507,-366,5014,grandmaster
2516,2446,2481,70,4962,grandmaster
1827,2109,1968,-282,3936,novice
2815,2644,2729,171,5459,grandmaster
2672,2791,2731,-119,5463,grandmaster
2274,2464,2369,-190,4738,master
2084,2219,2151,-135,4303,average
1744,2285,2014,-541,4029,novice
1859,1509,1684,350,3368,novice
2290,2239,2264,51,4529,average
1790,1509,1649,281,3299,novice
2585,2647,2616,-62,5232,grandmaster
2356,2097,2226,259,4453,average
2426,2459,2442,-33,4885,master
2273,2472,2372,-199,4745,master
2511,2518,2514,-7,5029,grandmaster
2480,2273,2376,207,4753,master
2151,2632,2391,-481,4783,master
2213,1696,1954,517,3909,novice
2006,1878,1942,128,3884,novice
2302,2151,2226,151,4453,average
2359,2237,2298,122,4596,average
2375,2186,2280,189,4561,average
1969,2305,2137,-336,4274,average
2442,2337,2389,105,4779,master
2008,2515,2261,-507,4523,average
1657,2037,1847,-380,3694,novice
1821,2140,1980,-319,3961,novice
1884,2059,1971,-175,3943,novice
2275,2044,2159,231,4319,average
2274,2536,2405,-262,4810,master
2402,2321,2361,81,4723,master
2698,2583,2640,115,5281,grandmaster
2218,2299,2258,-81,4517,average
2550,2520,2535,30,5070,grandmaster
2121,2324,2222,-203,4445,average
2246,1991,2118,255,4237,average
2360,2209,2284,151,4569,average
2403,2002,2202,401,4405,average
2595,2649,2622,-54,5244,grandmaster
2301,2130,2215,171,4431,average
2144,2290,2217,-146,4434,average
2527,2550,2538,-23,5077,grandmaster
2183,2223,2203,-40,4406,average
1996,2129,2062,-133,4125,novice
2443,2255,2349,188,4698,master
2377,2441,2409,-64,4818,master
2157,2356,2256,-199,4513,average
2348,2450,2399,-102,4798,master
1876,1772,1824,104,3648,novice
2388,2526,2457,-138,4914,grandmaster
2415,2303,2359,112,4718,master
1303,1433,1368,-130,2736,novice
2115,2528,2321,-413,4643,master
2155,2257,2206,-102,4412,average
1745,1583,1664,162,3328,novice
2032,1538,1785,494,3570,novice
1809,1449,1629,360,3258,novice
2128,2012,2070,116,4140,novice
1903,2107,2005,-204,4010,novice
2188,2468,2328,-280,4656,master
2275,2143,2209,132,4418,average
2056,2192,2124,-136,4248,average
2173,2575,2374,-402,4748,master
1622,1865,1743,-243,3487,novice
1960,1761,1860,199,3721,novice
1768,1928,1848,-160,3696,novice
2365,2147,2256,218,4512,average
2367,1892,2129,475,4259,average
2177,2178,2177,-1,4355,average
1918,1986,1952,-68,3904,novice
2435,2549,2492,-114,4984,grandmaster
2387,2538,2462,-151,4925,grandmaster
2499,2460,2479,39,4959,grandmaster
2615,2507,2561,108,5122,grandmaster
1865,1995,1930,-130,3860,novice
2046,2150,2098,-104,4196,novice
2074,2168,2121,-94,4242,average
2506,2551,2528,-45,5057,grandmaster
2568,2558,2563,10,5126,grandmaster
1952,2274,2113,-322,4226,average
2094,1754,1924,340,3848,novice
2242,2513,2377,-271,4755,master
2599,2486,2542,113,5085,grandmaster
1714,2128,1921,-414,3842,novice
1929,2070,1999,-141,3999,novice
2236,2281,2258,-45,4517,average
2244,2451,2347,-207,4695,master
2551,2512,2531,39,5063,grandmaster
2630,2476,2553,154,5106,grandmaster
2304,2423,2363,-119,4727,master
1910,2142,2026,-232,4052,novice
2036,2128,2082,-92,4164,novice
1381,1845,1613,-464,3226,novice
2320,2481,2400,-161,4801,master
2607,2660,2633,-53,5267,grandmaster
2235,1953,2094,282,4188,novice
2429,2458,2443,-29,4887,master
2000,1992,1996,8,3992,novice
2411,2152,2281,259,4563,average
2341,2460,2400,-119,4801,master
2179,1997,2088,182,4176,novice
1727,1503,1615,224,3230,novice
2658,2599,2628,59,5257,grandmaster
2396,2308,2352,88,4704,master
2439,2337,2388,102,4776,master
2522,2271,2396,251,4793,master
1576,2302,1939,-726,3878,novice
1888,2195,2041,-307,4083,novice
2667,2551,2609,116,5218,grandmaster
2116,1949,2032,167,4065,novice
2320,2455,2387,-135,4775,master
1827,2025,1926,-198,3852,novice
1888,2243,2065,-355,4131,novice
2443,2613,2528,-170,5056,grandmaster
2439,2284,2361,155,4723,master
2561,2561,2561,0,5122,grandmaster
2373,2469,2421,-96,4842,master
2356,2277,2316,79,4633,master
2313,2475,2394,-162,4788,master
2013,2201,2107,-188,4214,average
2376,2204,2290,172,4580,average
2087,2079,2083,8,4166,novice
2419,2397,2408,22,4816,master
2077,2162,2119,-85,4239,average
2414,2594,2504,-180,5008,grandmaster
2304,2519,2411,-215,4823,master
2361,2362,2361,-1,4723,master
1677,1473,1575,204,3150,novice
2238,1951,2094,287,4189,novice
2292,2106,2199,186,4398,average
2072,1975,2023,97,4047,novice
2111,2282,2196,-171,4393,average
2644,2328,2486,316,4972,grandmaster
2448,2411,2429,37,4859,master
1975,2143,2059,-168,4118,novice
2044,1648,1846,396,3692,novice
2352,2481,2416,-129,4833,master
2323,2077,2200,246,4400,average
1994,2440,2217,-446,4434,average
2349,2269,2309,80,4618,master
2158,2272,2215,-114,4430,average
2181,2263,2222,-82,4444,average
2342,2078,2210,264,4420,average
2055,2406,2230,-351,4461,average
2039,2269,2154,-230,4308,average
2619,2524,2571,95,5143,grandmaster
1857,2137,1997,-280,3994,novice
2261,2246,2253,15,4507,average
1991,2280,2135,-289,4271,average
2035,1928,1981,107,3963,novice
2189,1977,2083,212,4166,novice
2331,1835,2083,496,4166,novice
2141,2430,2285,-289,4571,average
2281,2464,2372,-183,4745,master
2074,1966,2020,108,4040,novice
2222,2381,2301,-159,4603,master
2397,2442,2419,-45,4839,master
2087,1946,2016,141,4033,novice
2338,2243,2290,95,4581,average
2632,2487,2559,145,5119,grandmaster
2284,2555,2419,-271,4839,master
2348,2088,2218,260,4436,average
2186,2419,2302,-233,4605,master
2618,2407,2512,211,5025,grandmaster
1673,1244,1458,429,2917,novice
2377,2362,2369,15,4739,master
1985,1743,1864,242,3728,novice
2457,2313,2385,144,4770,master
2226,1759,1992,467,3985,novice
2457,2049,2253,408,4506,average
2476,2453,2464,23,4929,grandmaster
2409,2315,2362,94,4724,master
2060,1852,1956,208,3912,novice
2368,2494,2431,-126,4862,master
1661,1456,1558,205,3117,novice
2418,2324,2371,94,4742,master
2230,2368,2299,-138,4598,average
2220,2519,2369,-299,4739,master
2241,1876,2058,365,4117,novice
2240,2300,2270,-60,4540,average
2316,2025,2170,291,4341,average
2148,1599,1873,549,3747,novice
1967,2066,2016,-99,4033,novice
2511,2381,2446,130,4892,master
2153,2365,2259,-212,4518,average
2147,2062,2104,85,4209,average
1957,2058,2007,-101,4015,novice
2263,2136,2199,127,4399,average
1797,1941,1869,-144,3738,novice
2434,2328,2381,106,4762,master
2571,2525,2548,46,5096,grandmaster
1878,2337,2107,-459,4215,average
1996,2002,1999,-6,3998,novice
2088,2331,2209,-243,4419,average
2151,1967,2059,184,4118,novice
2060,1931,1995,129,3991,novice
2116,2289,2202,-173,4405,average
2772,2660,2716,112,5432,grandmaster
2417,2188,2302,229,4605,master
1914,2000,1957,-86,3914,novice
2180,2133,2156,47,4313,average
2033,2131,2082,-98,4164,novice
2047,1799,1923,248,3846,novice
2208,2036,2122,172,4244,average
2308,2020,2164,288,4328,average
2227,1928,2077,299,4155,novice
2203,2139,2171,64,4342,average
1633,1592,1612,41,3225,novice
2254,2008,2131,246,4262,average
2637,2069,2353,568,4706,master
2569,2218,2393,351,4787,master
2221,2031,2126,190,4252,average
2320,2392,2356,-72,4712,master
2187,2030,2108,157,4217,average
2142,1970,2056,172,4112,novice
1410,1369,1389,41,2779,novice
2607,2586,2596,21,5193,grandmaster
2253,2391,2322,-138,4644,master
2425,2575,2500,-150,5000,grandmaster
2102,2290,2196,-188,4392,average
2019,2227,2123,-208,4246,average
1721,2037,1879,-316,3758,novice
2186,2083,2134,103,4269,average
2308,1869,2088,439,4177,novice
2304,2599,2451,-295,4903,grandmaster
1680,1890,1785,-210,3570,novice
2659,2729,2694,-70,5388,grandmaster
2527,2684,2605,-157,5211,grandmaster
2005,2112,2058,-107,4117,novice
2512,2497,2504,15,5009,grandmaster
2416,2119,2267,297,4535,average
1820,1637,1728,183,3457,novice
2530,2243,2386,287,4773,master
2156,1792,1974,364,3948,novice
2408,2382,2395,26,4790,master
1843,2049,1946,-206,3892,novice
2429,2301,2365,128,4730,master
2455,2293,2374,162,4748,master
2016,2240,2128,-224,4256,average
2316,2413,2364,-97,4729,master
2710,2553,2631,157,5263,grandmaster
2120,2567,2343,-447,4687,master
2431,2478,2454,-47,4909,grandmaster
2607,2469,2538,138,5076,grandmaster
2720,2748,2734,-28,5468,grandmaster
2500,2442,2471,58,4942,grandmaster
2209,1938,2073,271,4147,novice
1922,2443,2182,-521,4365,average
1878,1750,1814,128,3628,novice
2416,2674,2545,-258,5090,grandmaster
2127,2191,2159,-64,4318,average
2543,2714,2628,-171,5257,grandmaster
2319,2173,2246,146,4492,average
1625,1635,1630,-10,3260,novice
2599,2671,2635,-72,5270,grandmaster
2325,2610,2467,-285,4935,grandmaster
2117,2154,2135,-37,4271,average
1861,2080,1970,-219,3941,novice
2476,2255,2365,221,4731,master
2474,2441,2457,33,4915,grandmaster
1962,2392,2177,-430,4354,average
2180,2117,2148,63,4297,average
2164,2392,2278,-228,4556,average
1787,1865,1826,-78,3652,novice
2505,2253,2379,252,4758,master
2153,1918,2035,235,4071,novice
2606,2283,2444,323,4889,master
2564,2195,2379,369,4759,master
2488,2231,2359,257,4719,master
2577,2261,2419,316,4838,master
1982,2239,2110,-257,4221,average
2385,2035,2210,350,4420,average
1923,2251,2087,-328,4174,novice
2030,2454,2242,-424,4484,average
2074,2050,2062,24,4124,novice
2354,2256,2305,98,4610,master
2067,2260,2163,-193,4327,average
2322,2276,2299,46,4598,average
1905,2208,2056,-303,4113,novice
2410,2583,2496,-173,4993,grandmaster
2025,2185,2105,-160,4210,average
2319,2222,2270,97,4541,average
2141,2018,2079,123,4159,novice
2323,2567,2445,-244,4890,master
1812,1979,1895,-167,3791,novice
2362,2527,2444,-165,4889,master
2038,1883,1960,155,3921,novice
2544,2582,2563,-38,5126,grandmaster
2216,2127,2171,89,4343,average
2539,2539,2539,0,5078,grandmaster
2293,2160,2226,133,4453,average
1897,1754,1825,143,3651,novice
2339,2475,2407,-136,4814,master
2564,2500,2532,64,5064,grandmaster
2246,2110,2178,136,4356,average
2460,2447,2453,13,4907,grandmaster
2281,2392,2336,-111,4673,master
2631,2505,2568,126,5136,grandmaster
2412,2294,2353,118,4706,master
2606,2475,2540,131,5081,grandmaster
2389,2360,2374,29,4749,master
2569,2635,2602,-66,5204,grandmaster
2020,1772,1896,248,3792,novice
2423,2251,2337,172,4674,master
1790,2040,1915,-250,3830,novice
2098,2350,2224,-252,4448,average
2276,2466,2371,-190,4742,master
2541,2445,2493,96,4986,grandmaster
2358,2090,2224,268,4448,average
2043,2142,2092,-99,4185,novice
2152,2571,2361,-419,4723,master
2011,2197,2104,-186,4208,average
1734,1870,1802,-136,3604,novice
2504,2301,2402,203,4805,master
2579,2249,2414,330,4828,master
2192,2090,2141,102,4282,average
2434,2246,2340,188,4680,master
2414,2439,2426,-25,4853,master
2475,2430,2452,45,4905,grandmaster
1715,2031,1873,-316,3746,novice
1734,1986,1860,-252,3720,novice
2522,2450,2486,72,4972,grandmaster
2028,2125,2076,-97,4153,novice
2140,2339,2239,-199,4479,average
2116,2180,2148,-64,4296,average
1824,1797,1810,27,3621,novice
2419,2422,2420,-3,4841,master
2363,2226,2294,137,4589,average
2411,2521,2466,-110,4932,grandmaster
2228,2378,2303,-150,4606,master
2340,2519,2429,-179,4859,master
1488,1915,1701,-427,3403,novice
2205,2308,2256,-103,4513,average
2271,2051,2161,220,4322,average
2546,2495,2520,51,5041,grandmaster
2694,2546,2620,148,5240,grandmaster
2278,2395,2336,-117,4673,master
2149,2450,2299,-301,4599,average
2187,2361,2274,-174,4548,average
2309,2043,2176,266,4352,average
2351,2027,2189,324,4378,average
2487,2570,2528,-83,5057,grandmaster
2262,1990,2126,272,4252,average
2238,2315,2276,-77,4553,average
1970,1943,1956,27,3913,novice
2462,2174,2318,288,4636,master
2272,2061,2166,211,4333,average
2272,1886,2079,386,4158,novice
2154,2310,2232,-156,4464,average
2172,1909,2040,263,4081,novice
2418,2291,2354,127,4709,master
2408,2387,2397,21,4795,master
2395,2258,2326,137,4653,master
2393,2514,2453,-121,4907,grandmaster
2742,2563,2652,179,5305,grandmaster
1862,2140,2001,-278,4002,novice
2153,2163,2158,-10,4316,average
2533,2085,2309,448,4618,master
1957,2287,2122,-330,4244,average
2100,1774,1937,326,3874,novice
2335,2507,2421,-172,4842,master
2521,2516,2518,5,5037,grandmaster
2595,2559,2577,36,5154,grandmaster
2452,2580,2516,-128,5032,grandmaster
2385,2333,2359,52,4718,master
2367,2060,2213,307,4427,average
2286,1905,2095,381,4191,novice
2105,2146,2125,-41,4251,average
2070,2278,2174,-208,4348,average
2098,2280,2189,-182,4378,average
2015,2156,2085,-141,4171,novice
2517,2595,2556,-78,5112,grandmaster
2464,2317,2390,147,4781,master
2585,2536,2560,49,5121,grandmaster
1934,2205,2069,-271,4139,novice
2446,2592,2519,-146,5038,grandmaster
2704,2471,2587,233,5175,grandmaster
2132,2320,2226,-188,4452,average
2444,2399,2421,45,4843,master
2663,2616,2639,47,5279,grandmaster
2248,1699,1973,549,3947,novice
2232,2218,2225,14,4450,average
2436,2167,2301,269,4603,master
2360,2394,2377,-34,4754,master
2407,2257,2332,150,4664,master
2288,2366,2327,-78,4654,master
2283,2197,2240,86,4480,average
2602,2663,2632,-61,5265,grandmaster
2484,2402,2443,82,4886,master
2431,2608,2519,-177,5039,grandmaster
2285,1650,1967,635,3935,novice
1910,2099,2004,-189,4009,novice
1995,2142,2068,-147,4137,novice
2706,2556,2631,150,5262,grandmaster
2517,2298,2407,219,4815,master
2299,2488,2393,-189,4787,master
2221,2089,2155,132,4310,average
2354,1878,2116,476,4232,average
1878,2012,1945,-134,3890,novice
2526,2200,2363,326,4726,master
2116,1996,2056,120,4112,novice
2455,2405,2430,50,4860,master
2314,2423,2368,-109,4737,master
2380,2155,2267,225,4535,average
2115,1734,1924,381,3849,novice
1675,2084,1879,-409,3759,novice
1955,2438,2196,-483,4393,average
2204,2503,2353,-299,4707,master
1868,2099,1983,-231,3967,novice
2124,2337,2230,-213,4461,average
2053,2403,2228,-350,4456,average
2682,2394,2538,288,5076,grandmaster
2549,2603,2576,-54,5152,grandmaster
2025,2430,2227,-405,4455,average
2140,1561,1850,579,3701,novice
2511,2331,2421,180,4842,master
2382,2206,2294,176,4588,average
1775,2195,1985,-420,3970,novice
2625,2605,2615,20,5230,grandmaster
2456,2268,2362,188,4724,master
2055,2700,2377,-645,4755,master
1775,2196,1985,-421,3971,novice
2158,2325,2241,-167,4483,average
2381,1953,2167,428,4334,average
2541,2359,2450,182,4900,master
1946,1731,1838,215,3677,novice
2522,2585,2553,-63,5107,grandmaster
1831,1663,1747,168,3494,novice
2596,2502,2549,94,5098,grandmaster
2303,2216,2259,87,4519,average
2530,2488,2509,42,5018,grandmaster
1990,2506,2248,-516,4496,average
2480,2387,2433,93,4867,master
1691,1388,1539,303,3079,novice
2239,2431,2335,-192,4670,master
2279,2393,2336,-114,4672,master
2196,2314,2255,-118,4510,average
2365,2395,2380,-30,4760,master
2280,2281,2280,-1,4561,average
2035,2144,2089,-109,4179,novice
2644,2508,2576,136,5152,grandmaster
2623,2691,2657,-68,5314,grandmaster
2182,2415,2298,-233,4597,average
2079,2368,2223,-289,4447,average
2274,2195,2234,79,4469,average
2516,2104,2310,412,4620,master
1976,2283,2129,-307,4259,average
1922,1596,1759,326,3518,novice
2635,2505,2570,130,5140,grandmaster
1817,2254,2035,-437,4071,novice
2624,2720,2672,-96,5344,grandmaster
1655,1866,1760,-211,3521,novice
2310,2180,2245,130,4490,average
2189,2307,2248,-118,4496,average
2531,2508,2519,23,5039,grandmaster
2473,2583,2528,-110,5056,grandmaster
2081,2307,2194,-226,4388,average
2548,2608,2578,-60,5156,grandmaster
2127,2596,2361,-469,4723,master
2213,2068,2140,145,4281,average
1945,1794,1869,151,3739,novice
1959,1710,1834,249,3669,novice
2302,2163,2232,139,4465,average
2734,2498,2616,236,5232,grandmaster
2447,2040,2243,407,4487,average
2283,2310,2296,-27,4593,average
1946,2047,1996,-101,3993,novice
2075,2541,2308,-466,4616,master
2511,2490,2500,21,5001,grandmaster
1942,2299,2120,-357,4241,average
2174,2603,2388,-429,4777,master
2605,2608,2606,-3,5213,grandmaster
2513,2316,2414,197,4829,master
2261,2400,2330,-139,4661,master
2498,2471,2484,27,4969,grandmaster
2504,2441,2472,63,4945,grandmaster
2440,2324,2382,116,4764,master
2147,2108,2127,39,4255,average
2421,2029,2225,392,4450,average
2089,2088,2088,1,4177,novice
2091,2178,2134,-87,4269,average
2300,2425,2362,-125,4725,master
1996,1873,1934,123,3869,novice
2546,2488,2517,58,5034,grandmaster
2251,2173,2212,78,4424,average
2126,2559,2342,-433,4685,master
2503,2457,2480,46,4960,grandmaster
2070,2077,2073,-7,4147,novice
2276,2112,2194,164,4388,average
2368,2282,2325,86,4650,master
2245,2408,2326,-163,4653,master
2546,2253,2399,293,4799,master
2119,1785,1952,334,3904,novice
2514,2273,2393,241,4787,master
2653,2558,2605,95,5211,grandmaster
2630,2556,2593,74,5186,grandmaster
2524,2450,2487,74,4974,grandmaster
2243,2331,2287,-88,4574,average
2411,2220,2315,191,4631,master
2622,2771,2696,-149,5393,grandmaster
2275,2172,2223,103,4447,average
1615,1895,1755,-280,3510,novice
2220,2023,2121,197,4243,average
1812,1998,1905,-186,3810,novice
1969,1680,1824,289,3649,novice
2028,2124,2076,-96,4152,novice
2392,2098,2245,294,4490,average
2109,2431,2270,-322,4540,average
2190,2355,2272,-165,4545,average
2261,2407,2334,-146,4668,master
2354,2262,2308,92,4616,master
2333,2648,2490,-315,4981,grandmaster
2470,2356,2413,114,4826,master
1858,1796,1827,62,3654,novice
1902,2166,2034,-264,4068,novice
2502,2185,2343,317,4687,master
2460,2345,2402,115,4805,master
2579,2610,2594,-31,5189,grandmaster
2091,1985,2038,106,4076,novice
2044,2347,2195,-303,4391,average
2190,1776,1983,414,3966,novice
2514,2529,2521,-15,5043,grandmaster
2109,2331,2220,-222,4440,average
2367,2628,2497,-261,4995,grandmaster
2487,2326,2406,161,4813,master
2482,2182,2332,300,4664,master
1648,2021,1834,-373,3669,novice
2281,2471,2376,-190,4752,master
2334,2170,2252,164,4504,average
2051,2380,2215,-329,4431,average
1794,2659,2226,-865,4453,average
2331,2275,2303,56,4606,master
2248,2039,2143,209,4287,average
2478,2546,2512,-68,5024,grandmaster
2377,2282,2329,95,4659,master
2180,1902,2041,278,4082,novice
2715,2561,2638,154,5276,grandmaster
2293,2242,2267,51,4535,average
2365,2305,2335,60,4670,master
2125,2079,2102,46,4204,average
2228,2195,2211,33,4423,average
2220,2273,2246,-53,4493,average
2481,2460,2470,21,4941,grandmaster
2530,2642,2586,-112,5172,grandmaster
1973,2201,2087,-228,4174,novice
2150,2268,2209,-118,4418,average
2378,1997,2187,381,4375,average
2362,2269,2315,93,4631,master
2289,2176,2232,113,4465,average
2184,1832,2008,352,4016,novice
2313,1783,2048,530,4096,novice
2519,2372,2445,147,4891,master
2127,1709,1918,418,3836,novice
1882,1483,1682,399,3365,novice
2183,2549,2366,-366,4732,master
2705,2654,2679,51,5359,grandmaster
2127,2183,2155,-56,4310,average
2294,2318,2306,-24,4612,master
2432,2449,2440,-17,4881,master
2310,2107,2208,203,4417,average
2558,2574,2566,-16,5132,grandmaster
2263,2048,2155,215,4311,average
2498,2266,2382,232,4764,master
2283,2086,2184,197,4369,average
2458,2588,2523,-130,5046,grandmaster
1995,2306,2150,-311,4301,average
2539,2670,2604,-131,5209,grandmaster
2622,2489,2555,133,5111,grandmaster
2524,2498,2511,26,5022,grandmaster
2171,1655,1913,516,3826,novice
2635,2560,2597,75,5195,grandmaster
2696,2609,2652,87,5305,grandmaster
2345,2363,2354,-18,4708,master
2571,2576,2573,-5,5147,grandmaster
2077,1922,1999,155,3999,novice
1920,1664,1792,256,3584,novice
2007,2288,2147,-281,4295,average
2124,2022,2073,102,4146,novice
2560,2479,2519,81,5039,grandmaster
2517,2059,2288,458,4576,average
2020,2316,2168,-296,4336,average
2317,2160,2238,157,4477,average
2578,2419,2498,159,4997,grandmaster
2454,2241,2347,213,4695,master
2486,2328,2407,158,4814,master
2426,2164,2295,262,4590,average
2219,2182,2200,37,4401,average
1964,2157,2060,-193,4121,novice
2293,2159,2226,134,4452,average
2542,2637,2589,-95,5179,grandmaster
2438,2067,2252,371,4505,average
2371,2195,2283,176,4566,average
2545,2186,2365,359,4731,master
2525,2501,2513,24,5026,grandmaster
2388,1783,2085,605,4171,novice
2410,2524,2467,-114,4934,grandmaster
1785,1449,1617,336,3234,novice
2242,2037,2139,205,4279,average
2011,2237,2124,-226,4248,average
2675,2586,2630,89,5261,grandmaster
2539,2424,2481,115,4963,grandmaster
2065,1944,2004,121,4009,novice
1769,2115,1942,-346,3884,novice
1907,2158,2032,-251,4065,novice
2292,2616,2454,-324,4908,grandmaster
2312,2038,2175,274,4350,average
2071,2217,2144,-146,4288,average
2385,1808,2096,577,4193,novice
2265,2482,2373,-217,4747,master
1985,2196,2090,-211,4181,novice
2318,2255,2286,63,4573,average
2043,1982,2012,61,4025,novice
2568,2492,2530,76,5060,grandmaster
2394,2447,2420,-53,4841,master
2354,2602,2478,-248,4956,grandmaster
2131,2438,2284,-307,4569,average
2220,2379,2299,-159,4599,average
2450,2440,2445,10,4890,master
2682,2495,2588,187,5177,grandmaster
2747,2500,2623,247,5247,grandmaster
2013,2203,2108,-190,4216,average
1967,2255,2111,-288,4222,average
2412,2484,2448,-72,4896,master
1958,2462,2210,-504,4420,average
2099,1909,2004,190,4008,novice
1965,2223,2094,-258,4188,novice
1994,2431,2212,-437,4425,average
2002,2112,2057,-110,4114,novice
2529,2132,2330,397,4661,master
2339,2098,2218,241,4437,average
2503,2654,2578,-151,5157,grandmaster
2525,2379,2452,146,4904,grandmaster
2340,2210,2275,130,4550,average
2369,2555,2462,-186,4924,grandmaster
2367,2126,2246,241,4493,average
1691,1946,1818,-255,3637,novice
2044,2510,2277,-466,4554,average
2206,2133,2169,73,4339,average
2284,2576,2430,-292,4860,master
1977,2006,1991,-29,3983,novice
2300,1846,2073,454,4146,novice
2169,2424,2296,-255,4593,average
2624,2299,2461,325,4923,grandmaster
1940,2190,2065,-250,4130,novice
2421,2194,2307,227,4615,master
2568,2413,2490,155,4981,grandmaster
2757,2772,2764,-15,5529,grandmaster
2200,2452,2326,-252,4652,master
2459,2201,2330,258,4660,master
2071,1918,1994,153,3989,novice
1611,1742,1676,-131,3353,novice
1749,1798,1773,-49,3547,novice
2387,2385,2386,2,4772,master
2495,2226,2360,269,4721,master
2154,2516,2335,-362,4670,master
2204,2147,2175,57,4351,average
2112,2580,2346,-468,4692,master
2150,2339,2244,-189,4489,average
2169,2361,2265,-192,4530,average
2081,1865,1973,216,3946,novice
2489,2480,2484,9,4969,grandmaster
1838,1763,1800,75,3601,novice
2388,2302,2345,86,4690,master
2246,2091,2168,155,4337,average
2118,1904,2011,214,4022,novice
1841,1945,1893,-104,3786,novice
2378,2145,2261,233,4523,average
2475,2362,2418,113,4837,master
2037,2324,2180,-287,4361,average
1920,2228,2074,-308,4148,novice
2248,2377,2312,-129,4625,master
1832,1477,1654,355,3309,novice
1312,2579,1945,-1267,3891,novice
2433,2568,2500,-135,5001,grandmaster
2450,2141,2295,309,4591,average
2371,2376,2373,-5,4747,master
1845,1454,1649,391,3299,novice
2202,2260,2231,-58,4462,average
2066,1911,1988,155,3977,novice
2160,2331,2245,-171,4491,average
2460,2421,2440,39,4881,master
2257,2031,2144,226,4288,average
2267,2193,2230,74,4460,average
2399,2289,2344,110,4688,master
2269,2529,2399,-260,4798,master
1892,2219,2055,-327,4111,novice
2283,2394,2338,-111,4677,master
2705,2391,2548,314,5096,grandmaster
2474,2312,2393,162,4786,master
2394,2358,2376,36,4752,master
2084,2043,2063,41,4127,novice
2391,2650,2520,-259,5041,grandmaster
2673,2613,2643,60,5286,grandmaster
2574,2484,2529,90,5058,grandmaster
2265,2362,2313,-97,4627,master
2321,2411,2366,-90,4732,master
1815,1553,1684,262,3368,novice
2631,1563,2097,1068,4194,novice
2209,2352,2280,-143,4561,average
2538,2543,2540,-5,5081,grandmaster
2129,2023,2076,106,4152,novice
1673,1969,1821,-296,3642,novice
2650,2286,2468,364,4936,grandmaster
1553,1793,1673,-240,3346,novice
2368,2300,2334,68,4668,master
2625,2345,2485,280,4970,grandmaster
2668,2706,2687,-38,5374,grandmaster
2034,2152,2093,-118,4186,novice
1470,1804,1637,-334,3274,novice
1917,2049,1983,-132,3966,novice
2112,1990,2051,122,4102,novice
2336,2126,2231,210,4462,average
2446,2420,2433,26,4866,master
2688,2563,2625,125,5251,grandmaster
2123,1594,1858,529,3717,novice
2398,2508,2453,-110,4906,grandmaster
2350,2399,2374,-49,4749,master
2071,2483,2277,-412,4554,average
2001,2376,2188,-375,4377,average
2468,2327,2397,141,4795,master
1669,1801,1735,-132,3470,novice
1967,2081,2024,-114,4048,novice
2064,2031,2047,33,4095,novice
2677,1841,2259,836,4518,average
2377,2060,2218,317,4437,average
1953,2048,2000,-95,4001,novice
2347,1838,2092,509,4185,novice
2514,2322,2418,192,4836,master
2084,2209,2146,-125,4293,average
2101,1961,2031,140,4062,novice
2557,2667,2612,-110,5224,grandmaster
2579,2729,2654,-150,5308,grandmaster
2107,2129,2118,-22,4236,average
2301,2195,2248,106,4496,average
2566,2718,2642,-152,5284,grandmaster
2012,2164,2088,-152,4176,novice
1915,2316,2115,-401,4231,average
2500,2581,2540,-81,5081,grandmaster
2368,2444,2406,-76,4812,master
1959,2251,2105,-292,4210,average
2410,2444,2427,-34,4854,master
2177,2420,2298,-243,4597,average
1941,1628,1784,313,3569,novice
1627,1731,1679,-104,3358,novice
2266,2260,2263,6,4526,average
2279,2270,2274,9,4549,average
2405,2307,2356,98,4712,master
1878,2025,1951,-147,3903,novice
2217,2585,2401,-368,4802,master
2237,2181,2209,56,4418,average
2285,2380,2332,-95,4665,master
2110,2164,2137,-54,4274,average
1985,2135,2060,-150,4120,novice
2019,2121,2070,-102,4140,novice
2559,2396,2477,163,4955,grandmaster
2477,2503,2490,-26,4980,grandmaster
2208,2040,2124,168,4248,average
2533,1937,2235,596,4470,average
2419,2303,2361,116,4722,master
2388,2616,2502,-228,5004,grandmaster
2061,2352,2206,-291,4413,average
2622,2445,2533,177,5067,grandmaster
2459,2239,2349,220,4698,master
2065,2007,2036,58,4072,novice
1920,1712,1816,208,3632,novice
2389,2540,2464,-151,4929,grandmaster
2365,2004,2184,361,4369,average
2437,2522,2479,-85,4959,grandmaster
2455,2349,2402,106,4804,master
2423,2559,2491,-136,4982,grandmaster
2650,2368,2509,282,5018,grandmaster
2316,2449,2382,-133,4765,master
2343,2455,2399,-112,4798,master
2428,2763,2595,-335,5191,grandmaster
2155,2056,2105,99,4211,average
1996,2167,2081,-171,4163,novice
2007,1713,1860,294,3720,novice
2269,2172,2220,97,4441,average
2230,2113,2171,117,4343,average
2380,2316,2348,64,4696,master
2456,1938,2197,518,4394,average
2161,1808,1984,353,3969,novice
2479,2183,2331,296,4662,master
2704,2621,2662,83,5325,grandmaster
1321,1313,1317,8,2634,novice
2197,2147,2172,50,4344,average
2368,2553,2460,-185,4921,grandmaster
2017,1721,1869,296,3738,novice
2350,2538,2444,-188,4888,master
2205,2077,2141,128,4282,average
1871,2073,1972,-202,3944,novice
1695,1908,1801,-213,3603,novice
2460,2259,2359,201,4719,master
2398,2279,2338,119,4677,master
2666,2462,2564,204,5128,grandmaster
2489,2609,2549,-120,5098,grandmaster
1767,1583,1675,184,3350,novice
2240,2158,2199,82,4398,average
2463,2380,2421,83,4843,master
2644,2688,2666,-44,5332,grandmaster
2417,2587,2502,-170,5004,grandmaster
1830,1771,1800,59,3601,novice
2177,1999,2088,178,4176,novice
2491,2553,2522,-62,5044,grandmaster
1993,2170,2081,-177,4163,novice
2377,2286,2331,91,4663,master
2611,2500,2555,111,5111,grandmaster
2643,2678,2660,-35,5321,grandmaster
2197,2469,2333,-272,4666,master
2511,2405,2458,106,4916,grandmaster
2170,2269,2219,-99,4439,average
1814,2227,2020,-413,4041,novice
2695,2569,2632,126,5264,grandmaster
2146,2324,2235,-178,4470,average
1936,2117,2026,-181,4053,novice
2340,2101,2220,239,4441,average
2376,2405,2390,-29,4781,master
2560,2136,2348,424,4696,master
2316,1867,2091,449,4183,novice
2418,2599,2508,-181,5017,grandmaster
2472,2328,2400,144,4800,master
2439,2496,2467,-57,4935,grandmaster
2046,2570,2308,-524,4616,master
1959,1687,1823,272,3646,novice
2325,2384,2354,-59,4709,master
2425,2349,2387,76,4774,master
1954,2308,2131,-354,4262,average
2152,2148,2150,4,4300,average
2018,2255,2136,-237,4273,average
2358,2212,2285,146,4570,average
1683,1716,1699,-33,3399,novice
2428,2449,2438,-21,4877,master
2400,2370,2385,30,4770,master
2055,2203,2129,-148,4258,average
1694,1909,1801,-215,3603,novice
2380,2099,2239,281,4479,average
2363,2227,2295,136,4590,average
2596,2592,2594,4,5188,grandmaster
1607,2034,1820,-427,3641,novice
1808,1724,1766,84,3532,novice
2474,2479,2476,-5,4953,grandmaster
2023,2237,2130,-214,4260,average
2440,2400,2420,40,4840,master
2296,2118,2207,178,4414,average
2104,2032,2068,72,4136,novice
2707,2503,2605,204,5210,grandmaster
2246,2303,2274,-57,4549,average
2345,1989,2167,356,4334,average
2029,2309,2169,-280,4338,average
2578,2399,2488,179,4977,grandmaster
2112,2055,2083,57,4167,novice
2667,2390,2528,277,5057,grandmaster
2299,2379,2339,-80,4678,master
2169,2125,2147,44,4294,average
2758,2709,2733,49,5467,grandmaster
2024,2335,2179,-311,4359,average
2211,2500,2355,-289,4711,master
1951,1734,1842,217,3685,novice
2022,2040,2031,-18,4062,novice
2401,2177,2289,224,4578,average
2112,1802,1957,310,3914,novice
2267,2004,2135,263,4271,average
2354,2236,2295,118,4590,average
2320,2452,2386,-132,4772,master
1694,1814,1754,-120,3508,novice
2280,2355,2317,-75,4635,master
2084,2375,2229,-291,4459,average
2314,2381,2347,-67,4695,master
2453,2019,2236,434,4472,average
2176,2417,2296,-241,4593,average
2483,2595,2539,-112,5078,grandmaster
2225,2285,2255,-60,4510,average
1988,1854,1921,134,3842,novice
2688,2418,2553,270,5106,grandmaster
2252,2372,2312,-120,4624,master
2118,1974,2046,144,4092,novice
2290,2016,2153,274,4306,average
2045,2372,2208,-327,4417,average
1728,2095,1911,-367,3823,novice
2596,2426,2511,170,5022,grandmaster
2026,1739,1882,287,3765,novice
2114,2052,2083,62,4166,novice
2541,2684,2612,-143,5225,grandmaster
2335,2414,2374,-79,4749,master
2104,2370,2237,-266,4474,average
2498,2282,2390,216,4780,master
1331,1926,1628,-595,3257,novice
2388,2474,2431,-86,4862,master
2335,2201,2268,134,4536,average
2559,2527,2543,32,5086,grandmaster
2476,2580,2528,-104,5056,grandmaster
2480,2361,2420,119,4841,master
1808,2123,1965,-315,3931,novice
2391,2511,2451,-120,4902,grandmaster
1941,1692,1816,249,3633,novice
2421,2162,2291,259,4583,average
1610,1554,1582,56,3164,novice
2473,2450,2461,23,4923,grandmaster
2204,2024,2114,180,4228,average
2223,2367,2295,-144,4590,average
2085,2502,2293,-417,4587,average
1953,2170,2061,-217,4123,novice
2319,2077,2198,242,4396,average
1952,2197,2074,-245,4149,novice
2602,2561,2581,41,5163,grandmaster
2491,2501,2496,-10,4992,grandmaster
2382,2428,2405,-46,4810,master
2443,2413,2428,30,4856,master
2129,2231,2180,-102,4360,average
2226,2006,2116,220,4232,average
2551,2775,2663,-224,5326,grandmaster
2698,2582,2640,116,5280,grandmaster
2066,2383,2224,-317,4449,average
1992,1856,1924,136,3848,novice
2001,2248,2124,-247,4249,average
2133,2211,2172,-78,4344,average
2567,2421,2494,146,4988,grandmaster
2529,2644,2586,-115,5173,grandmaster
2201,1936,2068,265,4137,novice
2387,2292,2339,95,4679,master
2228,1886,2057,342,4114,novice
2446,2588,2517,-142,5034,grandmaster
2471,2437,2454,34,4908,grandmaster
2109,1885,1997,224,3994,novice
2383,2209,2296,174,4592,average
2375,1723,2049,652,4098,novice
2525,2352,2438,173,4877,master
2190,2423,2306,-233,4613,master
2234,2558,2396,-324,4792,master
2597,2382,2489,215,4979,grandmaster
2145,2202,2173,-57,4347,average
2329,2319,2324,10,4648,master
2512,2008,2260,504,4520,average
2340,2452,2396,-112,4792,master
2506,2290,2398,216,4796,master
2542,2542,2542,0,5084,grandmaster
2065,2478,2271,-413,4543,average
1922,1548,1735,374,3470,novice
2627,2696,2661,-69,5323,grandmaster
1930,2087,2008,-157,4017,novice
1626,2165,1895,-539,3791,novice
2178,2326,2252,-148,4504,average
2376,2272,2324,104,4648,master
1934,2240,2087,-306,4174,novice
2608,2583,2595,25,5191,grandmaster
2351,2396,2373,-45,4747,master
2235,2093,2164,142,4328,average
2072,2390,2231,-318,4462,average
2244,2405,2324,-161,4649,master
2139,2533,2336,-394,4672,master
2396,2201,2298,195,4597,average
2618,2582,2600,36,5200,grandmaster
2726,2653,2689,73,5379,grandmaster
2619,2419,2519,200,5038,grandmaster
2411,2200,2305,211,4611,master
2080,2246,2163,-166,4326,average
2522,1981,2251,541,4503,average
2432,2207,2319,225,4639,master
2193,1920,2056,273,4113,novice
2510,2434,2472,76,4944,grandmaster
1997,2120,2058,-123,4117,novice
1984,2396,2190,-412,4380,average
2792,2649,2720,143,5441,grandmaster
2615,2293,2454,322,4908,grandmaster
1601,1925,1763,-324,3526,novice
1891,2383,2137,-492,4274,average
2523,2186,2354,337,4709,master
2371,2315,2343,56,4686,master
2427,2543,2485,-116,4970,grandmaster
2295,2087,2191,208,4382,average
2002,2328,2165,-326,4330,average
2444,2164,2304,280,4608,master
2085,1981,2033,104,4066,novice
2338,2479,2408,-141,4817,master
2368,2405,2386,-37,4773,master
2138,2347,2242,-209,4485,average
2057,2147,2102,-90,4204,average
2515,1632,2073,883,4147,novice
2177,2211,2194,-34,4388,average
2533,2164,2348,369,4697,master
1996,1820,1908,176,3816,novice
2285,2256,2270,29,4541,average
2715,2503,2609,212,5218,grandmaster
2585,2392,2488,193,4977,grandmaster
2351,2422,2386,-71,4773,master
1914,1750,1832,164,3664,novice
2379,2191,2285,188,4570,average
2078,1848,1963,230,3926,novice
2501,2452,2476,49,4953,grandmaster
2559,2300,2429,259,4859,master
1898,1985,1941,-87,3883,novice
2199,2505,2352,-306,4704,master
2299,2577,2438,-278,4876,master
1969,1630,1799,339,3599,novice
2443,2066,2254,377,4509,average
2678,2631,2654,47,5309,grandmaster
2535,2556,2545,-21,5091,grandmaster
2446,2096,2271,350,4542,average
1953,2095,2024,-142,4048,novice
2101,1996,2048,105,4097,novice
2407,2225,2316,182,4632,master
1456,1820,1638,-364,3276,novice
2461,2276,2368,185,4737,master
2146,2165,2155,-19,4311,average
2213,2682,2447,-469,4895,master
2527,2414,2470,113,4941,grandmaster
1878,2318,2098,-440,4196,novice
2418,2367,2392,51,4785,master
2137,2377,2257,-240,4514,average
2531,2753,2642,-222,5284,grandmaster
2470,2417,2443,53,4887,master
2407,2628,2517,-221,5035,grandmaster
2493,2112,2302,381,4605,master
2157,2327,2242,-170,4484,average
2271,2345,2308,-74,4616,master
2442,2256,2349,186,4698,master
2459,1802,2130,657,4261,average
2586,2393,2489,193,4979,grandmaster
2406,1830,2118,576,4236,average
2418,2248,2333,170,4666,master
2440,1961,2200,479,4401,average
2541,2558,2549,-17,5099,grandmaster
2320,2254,2287,66,4574,average
2343,2386,2364,-43,4729,master
2245,2115,2180,130,4360,average
2365,2250,2307,115,4615,master
2176,2356,2266,-180,4532,average
2466,2424,2445,42,4890,master
2245,2152,2198,93,4397,average
2308,2429,2368,-121,4737,master
2577,2628,2602,-51,5205,grandmaster
2355,2088,2221,267,4443,average
2040,2130,2085,-90,4170,novice
2362,1896,2129,466,4258,average
2489,2332,2410,157,4821,master
1770,2049,1909,-279,3819,novice
2145,2221,2183,-76,4366,average
2236,2434,2335,-198,4670,master
1636,1471,1553,165,3107,novice
2705,2715,2710,-10,5420,grandmaster
2263,2595,2429,-332,4858,master
2480,2502,2491,-22,4982,grandmaster
1654,1936,1795,-282,3590,novice
1914,2200,2057,-286,4114,novice
1914,2375,2144,-461,4289,average
1938,2092,2015,-154,4030,novice
2296,2051,2173,245,4347,average
2423,2619,2521,-196,5042,grandmaster
2277,2297,2287,-20,4574,average
2246,2351,2298,-105,4597,average
2270,1952,2111,318,4222,average
2357,2082,2219,275,4439,average
2510,2614,2562,-104,5124,grandmaster
2186,2427,2306,-241,4613,master
2096,2224,2160,-128,4320,average
2258,2414,2336,-156,4672,master
2485,2541,2513,-56,5026,grandmaster
1752,2158,1955,-406,3910,novice
2379,2534,2456,-155,4913,grandmaster
1951,1585,1768,366,3536,novice
2140,2333,2236,-193,4473,average
2188,2650,2419,-462,4838,master
2402,2376,2389,26,4778,master
2413,2572,2492,-159,4985,grandmaster
2367,2141,2254,226,4508,average
2492,2516,2504,-24,5008,grandmaster
2566,2486,2526,80,5052,grandmaster
2420,2347,2383,73,4767,master
2659,2434,2546,225,5093,grandmaster
2157,1827,1992,330,3984,novice
2434,2227,2330,207,4661,master
1612,1861,1736,-249,3473,novice
1755,1981,1868,-226,3736,novice
1991,2092,2041,-101,4083,novice
2544,2510,2527,34,5054,grandmaster
2616,2547,2581,69,5163,grandmaster
1970,2530,2250,-560,4500,average
2002,1627,1814,375,3629,novice
2471,1892,2181,579,4363,average
2186,2078,2132,108,4264,average
2284,2531,2407,-247,4815,master
2275,2242,2258,33,4517,average
1913,2171,2042,-258,4084,novice
2060,1904,1982,156,3964,novice
2292,2330,2311,-38,4622,master
2536,2559,2547,-23,5095,grandmaster
2222,2028,2125,194,4250,average
1948,2361,2154,-413,4309,average
2252,2539,2395,-287,4791,master
2667,2660,2663,7,5327,grandmaster
2368,2319,2343,49,4687,master
1952,2385,2168,-433,4337,average
2202,2167,2184,35,4369,average
2326,2332,2329,-6,4658,master
2680,2508,2594,172,5188,grandmaster
2201,1948,2074,253,4149,novice
2255,2482,2368,-227,4737,master
2289,2253,2271,36,4542,average
2154,2310,2232,-156,4464,average
2646,2758,2702,-112,5404,grandmaster
2387,2246,2316,141,4633,master
2607,2707,2657,-100,5314,grandmaster
2138,2069,2103,69,4207,average
1818,1474,1646,344,3292,novice
1994,2186,2090,-192,4180,novice
1918,1609,1763,309,3527,novice
2533,2484,2508,49,5017,grandmaster
2463,2615,2539,-152,5078,grandmaster
2069,2425,2247,-356,4494,average
2044,1929,1986,115,3973,novice
2489,2377,2433,112,4866,master
2505,2456,2480,49,4961,grandmaster
2631,2336,2483,295,4967,grandmaster
2086,1852,1969,234,3938,novice
1945,1801,1873,144,3746,novice
2301,2421,2361,-120,4722,master
2622,2257,2439,365,4879,master
2173,2128,2150,45,4301,average
2151,2297,2224,-146,4448,average
2285,2291,2288,-6,4576,average
2213,2456,2334,-243,4669,master
2417,2375,2396,42,4792,master
1921,2317,2119,-396,4238,average
2561,2481,2521,80,5042,grandmaster
2487,2104,2295,383,4591,average
2274,2526,2400,-252,4800,master
2548,2491,2519,57,5039,grandmaster
1792,2670,2231,-878,4462,average
2536,2422,2479,114,4958,grandmaster
1924,1627,1775,297,3551,novice
2043,2223,2133,-180,4266,average
2118,2378,2248,-260,4496,average
2491,2552,2521,-61,5043,grandmaster
2249,2417,2333,-168,4666,master
2203,2191,2197,12,4394,average
2492,2528,2510,-36,5020,grandmaster
2314,2260,2287,54,4574,average
2532,2472,2502,60,5004,grandmaster
2106,1844,1975,262,3950,novice
2290,2262,2276,28,4552,average
2013,2079,2046,-66,4092,novice
2633,2713,2673,-80,5346,grandmaster
2219,2029,2124,190,4248,average
2446,2187,2316,259,4633,master
1756,1947,1851,-191,3703,novice
2569,2709,2639,-140,5278,grandmaster
2079,1811,1945,268,3890,novice
2706,2559,2632,147,5265,grandmaster
2560,2560,2560,0,5120,grandmaster
2334,2415,2374,-81,4749,master
2133,1986,2059,147,4119,novice
2084,2534,2309,-450,4618,master
2627,2385,2506,242,5012,grandmaster
2047,1855,1951,192,3902,novice
2547,2202,2374,345,4749,master
2038,1677,1857,361,3715,novice
2468,2254,2361,214,4722,master
2469,1946,2207,523,4415,average
2200,2488,2344,-288,4688,master
2156,2395,2275,-239,4551,average
2399,2387,2393,12,4786,master
2303,2087,2195,216,4390,average
2472,2263,2367,209,4735,master
2222,1950,2086,272,4172,novice
1875,1726,1800,149,3601,novice
1645,1391,1518,254,3036,novice
2354,2420,2387,-66,4774,master
2734,2702,2718,32,5436,grandmaster
2372,2189,2280,183,4561,average
2256,2543,2399,-287,4799,master
2587,2321,2454,266,4908,grandmaster
2096,1846,1971,250,3942,novice
2161,2023,2092,138,4184,novice
2375,2643,2509,-268,5018,grandmaster
1984,2237,2110,-253,4221,average
2383,2566,2474,-183,4949,grandmaster
2175,2264,2219,-89,4439,average
2016,2336,2176,-320,4352,average
2432,2252,2342,180,4684,master
2078,2396,2237,-318,4474,average
2180,2572,2376,-392,4752,master
2165,1965,2065,200,4130,novice
2337,2304,2320,33,4641,master
2393,2180,2286,213,4573,average
1590,2157,1873,-567,3747,novice
2038,2074,2056,-36,4112,novice
2398,2153,2275,245,4551,average
2088,2244,2166,-156,4332,average
1836,2253,2044,-417,4089,novice
2406,2510,2458,-104,4916,grandmaster
2725,2784,2754,-59,5509,grandmaster
1616,1813,1714,-197,3429,novice
2331,2189,2260,142,4520,average
2324,2439,2381,-115,4763,master
2647,2664,2655,-17,5311,grandmaster
2154,2380,2267,-226,4534,average
2283,2008,2145,275,4291,average
2225,2277,2251,-52,4502,average
2332,1963,2147,369,4295,average
2481,2379,2430,102,4860,master
2043,1719,1881,324,3762,novice
2162,2554,2358,-392,4716,master
2366,2123,2244,243,4489,average
2242,2371,2306,-129,4613,master
2328,2069,2198,259,4397,average
2161,1907,2034,254,4068,novice
1514,2036,1775,-522,3550,novice
2250,2252,2251,-2,4502,average
2418,2175,2296,243,4593,average
2097,2246,2171,-149,4343,average
2256,2146,2201,110,4402,average
2566,2557,2561,9,5123,grandmaster
2246,2357,2301,-111,4603,master
2371,2237,2304,134,4608,master
2020,2444,2232,-424,4464,average
2352,2572,2462,-220,4924,grandmaster
2540,2521,2530,19,5061,grandmaster
2062,2317,2189,-255,4379,average
2431,2524,2477,-93,4955,grandmaster
2129,2437,2283,-308,4566,average
2247,2225,2236,22,4472,average
2206,2359,2282,-153,4565,average
1468,1733,1600,-265,3201,novice
2313,2081,2197,232,4394,average
2392,2227,2309,165,4619,master
1710,2002,1856,-292,3712,novice
2051,2350,2200,-299,4401,average
2513,2446,2479,67,4959,grandmaster
2508,1808,2158,700,4316,average
2515,2381,2448,134,4896,master
2254,2248,2251,6,4502,average
2482,2446,2464,36,4928,grandmaster
2152,1986,2069,166,4138,novice
2179,2337,2258,-158,4516,average
2494,2331,2412,163,4825,master
2268,2471,2369,-203,4739,master
2627,2490,2558,137,5117,grandmaster
2191,2064,2127,127,4255,average
2524,2527,2525,-3,5051,grandmaster
2447,2284,2365,163,4731,master
2396,2310,2353,86,4706,master
2053,2117,2085,-64,4170,novice
2237,2044,2140,193,4281,average
2472,2364,2418,108,4836,master
2366,2036,2201,330,4402,average
1381,1987,1684,-606,3368,novice
2660,2496,2578,164,5156,grandmaster
2437,2300,2368,137,4737,master
2465,2166,2315,299,4631,master
2638,2579,2608,59,5217,grandmaster
1935,2030,1982,-95,3965,novice
2333,2383,2358,-50,4716,master
2510,2491,2500,19,5001,grandmaster
1763,2599,2181,-836,4362,average
2153,2624,2388,-471,4777,master
2574,2411,2492,163,4985,grandmaster
2041,1816,1928,225,3857,novice
2229,2027,2128,202,4256,average
1945,1801,1873,144,3746,novice
2202,2427,2314,-225,4629,master
2621,2648,2634,-27,5269,grandmaster
2172,2216,2194,-44,4388,average
2501,2423,2462,78,4924,grandmaster
2025,2072,2048,-47,4097,novice
1424,1553,1488,-129,2977,novice
2678,2740,2709,-62,5418,grandmaster
2051,2358,2204,-307,4409,average
2211,2225,2218,-14,4436,average
1978,2448,2213,-470,4426,average
2255,2433,2344,-178,4688,master
2238,2424,2331,-186,4662,master
1677,2072,1874,-395,3749,novice
2095,1605,1850,490,3700,novice
2220,2109,2164,111,4329,average
2045,1958,2001,87,4003,novice
2283,1981,2132,302,4264,average
2248,1944,2096,304,4192,novice
1873,1658,1765,215,3531,novice
1835,2043,1939,-208,3878,novice
2538,2642,2590,-104,5180,grandmaster
2125,1872,1998,253,3997,novice
2268,2528,2398,-260,4796,master
2404,2199,2301,205,4603,master
2375,2409,2392,-34,4784,master
2428,2613,2520,-185,5041,grandmaster
1778,1526,1652,252,3304,novice
2517,2376,2446,141,4893,master
2200,2351,2275,-151,4551,average
2691,2678,2684,13,5369,grandmaster
2256,2386,2321,-130,4642,master
2556,2542,2549,14,5098,grandmaster
2516,2330,2423,186,4846,master
2672,2442,2557,230,5114,grandmaster
2126,1912,2019,214,4038,novice
2185,2564,2374,-379,4749,master
2115,2282,2198,-167,4397,average
2465,2545,2505,-80,5010,grandmaster
2050,1847,1948,203,3897,novice
2489,2476,2482,13,4965,grandmaster
2495,2614,2554,-119,5109,grandmaster
2548,2444,2496,104,4992,grandmaster
2289,2614,2451,-325,4903,grandmaster
1963,2494,2228,-531,4457,average
2178,2061,2119,117,4239,average
2458,2168,2313,290,4626,master
2057,2182,2119,-125,4239,average
2424,2261,2342,163,4685,master
2704,2564,2634,140,5268,grandmaster
2716,2374,2545,342,5090,grandmaster
2193,2591,2392,-398,4784,master
2127,1962,2044,165,4089,novice
2639,2619,2629,20,5258,grandmaster
2378,2518,2448,-140,4896,master
2385,2171,2278,214,4556,average
2175,2325,2250,-150,4500,average
2215,2561,2388,-346,4776,master
2003,1729,1866,274,3732,novice
2157,2113,2135,44,4270,average
2352,2141,2246,211,4493,average
2273,2506,2389,-233,4779,master
2142,1683,1912,459,3825,novice
2375,2171,2273,204,4546,average
2061,1943,2002,118,4004,novice
2249,2047,2148,202,4296,average
2430,2561,2495,-131,4991,grandmaster
2357,2302,2329,55,4659,master
2413,1933,2173,480,4346,average
2360,2111,2235,249,4471,average
2197,1997,2097,200,4194,novice
2141,2523,2332,-382,4664,master
2126,2230,2178,-104,4356,average
2356,2584,2470,-228,4940,grandmaster
2447,2151,2299,296,4598,average
2026,2098,2062,-72,4124,novice
2418,2062,2240,356,4480,average
2547,2480,2513,67,5027,grandmaster
2078,1921,1999,157,3999,novice
1931,2017,1974,-86,3948,novice
2337,2221,2279,116,4558,average
1863,2470,2166,-607,4333,average
2287,2048,2167,239,4335,average
2286,2440,2363,-154,4726,master
2218,1847,2032,371,4065,novice
2221,2260,2240,-39,4481,average
2480,2437,2458,43,4917,grandmaster
2551,2381,2466,170,4932,grandmaster
2391,2677,2534,-286,5068,grandmaster
2191,2269,2230,-78,4460,average
2387,2466,2426,-79,4853,master
2267,2441,2354,-174,4708,master
1973,2262,2117,-289,4235,average
1682,1806,1744,-124,3488,novice
2150,1764,1957,386,3914,novice
2399,2062,2230,337,4461,average
1716,1722,1719,-6,3438,novice
2621,2491,2556,130,5112,grandmaster
2277,1997,2137,280,4274,average
2357,2485,2421,-128,4842,master
1986,2197,2091,-211,4183,novice
2211,1835,2023,376,4046,novice
2338,2699,2518,-361,5037,grandmaster
2463,2382,2422,81,4845,master
2172,2018,2095,154,4190,novice
2244,2341,2292,-97,4585,average
2346,2177,2261,169,4523,average
1926,2182,2054,-256,4108,novice
2040,2484,2262,-444,4524,average
2194,2318,2256,-124,4512,average
2205,2361,2283,-156,4566,average
2435,2217,2326,218,4652,master
2352,2407,2379,-55,4759,master
2245,2409,2327,-164,4654,master
2629,2470,2549,159,5099,grandmaster
2552,2434,2493,118,4986,grandmaster
1994,1638,1816,356,3632,novice
2276,2078,2177,198,4354,average
2317,2386,2351,-69,4703,master
2710,2727,2718,-17,5437,grandmaster
2173,1785,1979,388,3958,novice
2304,2394,2349,-90,4698,master
2259,1975,2117,284,4234,average
1922,2258,2090,-336,4180,novice
2531,2302,2416,229,4833,master
2752,2543,2647,209,5295,grandmaster
2534,2118,2326,416,4652,master
2133,2470,2301,-337,4603,master
1740,2101,1920,-361,3841,novice
2544,2388,2466,156,4932,grandmaster
2050,1832,1941,218,3882,novice
2618,2449,2533,169,5067,grandmaster
2040,1748,1894,292,3788,novice
2097,1808,1952,289,3905,novice
2046,2259,2152,-213,4305,average
2590,2705,2647,-115,5295,grandmaster
2515,2473,2494,42,4988,grandmaster
2382,2094,2238,288,4476,average
1797,1795,1796,2,3592,novice
2153,2025,2089,128,4178,novice
1953,2321,2137,-368,4274,average
1934,1735,1834,199,3669,novice
2050,1996,2023,54,4046,novice
2468,2599,2533,-131,5067,grandmaster
2029,2300,2164,-271,4329,average
1531,1565,1548,-34,3096,novice
2176,2432,2304,-256,4608,master
1983,2151,2067,-168,4134,novice
2317,2585,2451,-268,4902,grandmaster
2321,2111,2216,210,4432,average
2425,2742,2583,-317,5167,grandmaster
2256,2428,2342,-172,4684,master
2552,2696,2624,-144,5248,grandmaster
2684,2537,2610,147,5221,grandmaster
2478,2509,2493,-31,4987,grandmaster
2286,2406,2346,-120,4692,master
2314,2338,2326,-24,4652,master
2414,2449,2431,-35,4863,master
2432,2194,2313,238,4626,master
2267,2083,2175,184,4350,average
2310,2069,2189,241,4379,average
2310,1850,2080,460,4160,novice
2711,2815,2763,-104,5526,grandmaster
2156,2211,2183,-55,4367,average
2723,2705,2714,18,5428,grandmaster
1513,1929,1721,-416,3442,novice
2467,2321,2394,146,4788,master
2476,2303,2389,173,4779,master
1755,2015,1885,-260,3770,novice
2156,2487,2321,-331,4643,master
1867,2140,2003,-273,4007,novice
1884,1878,1881,6,3762,novice
1908,2163,2035,-255,4071,novice
2133,1962,2047,171,4095,novice
2538,2325,2431,213,4863,master
2437,2095,2266,342,4532,average
2639,2540,2589,99,5179,grandmaster
2338,2293,2315,45,4631,master
2453,2633,2543,-180,5086,grandmaster
2074,1910,1992,164,3984,novice
2348,2545,2446,-197,4893,master
1609,2019,1814,-410,3628,novice
2039,2156,2097,-117,4195,novice
1935,1750,1842,185,3685,novice
2054,2366,2210,-312,4420,average
2384,2523,2453,-139,4907,grandmaster
2276,2381,2328,-105,4657,master
2281,1973,2127,308,4254,average
1930,1952,1941,-22,3882,novice
1673,1822,1747,-149,3495,novice
1550,1619,1584,-69,3169,novice
2268,2162,2215,106,4430,average
2260,2304,2282,-44,4564,average
1815,1695,1755,120,3510,novice
2101,1906,2003,195,4007,novice
2210,2138,2174,72,4348,average
2314,2296,2305,18,4610,master
2255,2344,2299,-89,4599,average
1754,1993,1873,-239,3747,novice
2559,1922,2240,637,4481,average
2199,2335,2267,-136,4534,average
2007,2268,2137,-261,4275,average
2525,2552,2538,-27,5077,grandmaster
2598,2172,2385,426,4770,master
2265,2263,2264,2,4528,average
2472,2665,2568,-193,5137,grandmaster
2243,2461,2352,-218,4704,master
1940,2095,2017,-155,4035,novice
1814,2271,2042,-457,4085,novice
2276,2487,2381,-211,4763,master
2123,2391,2257,-268,4514,average
2089,2271,2180,-182,4360,average
2545,2419,2482,126,4964,grandmaster
2158,1885,2021,273,4043,novice
2135,2213,2174,-78,4348,average
2051,2315,2183,-264,4366,average
2227,2381,2304,-154,4608,master
2090,1700,1895,390,3790,novice
2185,1968,2076,217,4153,novice
2444,1849,2146,595,4293,average
2475,2249,2362,226,4724,master
2201,1950,2075,251,4151,novice
2210,2227,2218,-17,4437,average
1842,1477,1659,365,3319,novice
2549,2293,2421,256,4842,master
2335,1929,2132,406,4264,average
2103,2109,2106,-6,4212,average
1874,1788,1831,86,3662,novice
1935,2510,2222,-575,4445,average
2264,2319,2291,-55,4583,average
2059,2226,2142,-167,4285,average
2588,2508,2548,80,5096,grandmaster
2430,2429,2429,1,4859,master
1845,1768,1806,77,3613,novice
2340,2371,2355,-31,4711,master
2481,2265,2373,216,4746,master
2321,2245,2283,76,4566,average
2324,2121,2222,203,4445,average
2211,2290,2250,-79,4501,average
2377,2192,2284,185,4569,average
2584,2515,2549,69,5099,grandmaster
2039,1968,2003,71,4007,novice
2419,2204,2311,215,4623,master
2100,2412,2256,-312,4512,average
2385,2253,2319,132,4638,master
1983,1977,1980,6,3960,novice
2543,2201,2372,342,4744,master
1575,1805,1690,-230,3380,novice
1803,2049,1926,-246,3852,novice
2540,2312,2426,228,4852,master
2147,1962,2054,185,4109,novice
1769,1980,1874,-211,3749,novice
2571,2051,2311,520,4622,master
2409,2193,2301,216,4602,master
1630,2039,1834,-409,3669,novice
1733,2181,1957,-448,3914,novice
2475,2429,2452,46,4904,grandmaster
1590,2123,1856,-533,3713,novice
2622,2026,2324,596,4648,master
2460,2238,2349,222,4698,master
2176,2562,2369,-386,4738,master
2240,2221,2230,19,4461,average
2288,2085,2186,203,4373,average
2395,2260,2327,135,4655,master
1768,2059,1913,-291,3827,novice
2560,2402,2481,158,4962,grandmaster
1770,1644,1707,126,3414,novice
2535,2593,2564,-58,5128,grandmaster
2429,2550,2489,-121,4979,grandmaster
1988,1980,1984,8,3968,novice
2291,2308,2299,-17,4599,average
2477,2423,2450,54,4900,master
2204,2632,2418,-428,4836,master
2152,2390,2271,-238,4542,average
1751,1421,1586,330,3172,novice
2239,2423,2331,-184,4662,master
1856,2017,1936,-161,3873,novice
2667,2474,2570,193,5141,grandmaster
2592,2345,2468,247,4937,grandmaster
2196,1778,1987,418,3974,novice
2303,2042,2172,261,4345,average
2664,2533,2598,131,5197,grandmaster
1949,2160,2054,-211,4109,novice
2062,2261,2161,-199,4323,average
2241,2394,2317,-153,4635,master
2432,2570,2501,-138,5002,grandmaster
2314,1814,2064,500,4128,novice
2368,2211,2289,157,4579,average
2455,2335,2395,120,4790,master
2053,2238,2145,-185,4291,average
2485,2410,2447,75,4895,master
1864,2372,2118,-508,4236,average
2028,2050,2039,-22,4078,novice
2598,2565,2581,33,5163,grandmaster
2106,1962,2034,144,4068,novice
2055,2042,2048,13,4097,novice
2279,2517,2398,-238,4796,master
1861,1884,1872,-23,3745,novice
2599,2455,2527,144,5054,grandmaster
2573,2602,2587,-29,5175,grandmaster
2491,2390,2440,101,4881,master
2579,2367,2473,212,4946,grandmaster
1604,1729,1666,-125,3333,novice
2294,2482,2388,-188,4776,master
2321,2501,2411,-180,4822,master
2541,2326,2433,215,4867,master
2248,2499,2373,-251,4747,master
1740,1659,1699,81,3399,novice
1544,1845,1694,-301,3389,novice
2094,1839,1966,255,3933,novice
2418,2560,2489,-142,4978,grandmaster
2306,2293,2299,13,4599,average
2116,2004,2060,112,4120,novice
2018,1880,1949,138,3898,novice
2329,2407,2368,-78,4736,master
1977,1594,1785,383,3571,novice
2584,2393,2488,191,4977,grandmaster
2296,2053,2174,243,4349,average
2296,2556,2426,-260,4852,master
2194,2526,2360,-332,4720,master
1308,1767,1537,-459,3075,novice
2269,2556,2412,-287,4825,master
2311,2205,2258,106,4516,average
2240,2112,2176,128,4352,average
2160,2431,2295,-271,4591,average
2253,2067,2160,186,4320,average
2115,2484,2299,-369,4599,average
2486,2707,2596,-221,5193,grandmaster
2477,1987,2232,490,4464,average
2438,2346,2392,92,4784,master
2243,2205,2224,38,4448,average
2496,2407,2451,89,4903,grandmaster
2282,1946,2114,336,4228,average
2405,2524,2464,-119,4929,grandmaster
2747,2697,2722,50,5444,grandmaster
1823,2077,1950,-254,3900,novice
1759,2092,1925,-333,3851,novice
2199,2325,2262,-126,4524,average
2035,2145,2090,-110,4180,novice
2553,2317,2435,236,4870,master
2205,2005,2105,200,4210,average
2414,2186,2300,228,4600,average
2413,2175,2294,238,4588,average
2157,2403,2280,-246,4560,average
1713,2210,1961,-497,3923,novice
2131,1854,1992,277,3985,novice
2638,2410,2524,228,5048,grandmaster
1934,2125,2029,-191,4059,novice
2053,2205,2129,-152,4258,average
2631,2661,2646,-30,5292,grandmaster
2352,2572,2462,-220,4924,grandmaster
1978,2230,2104,-252,4208,average
2023,1987,2005,36,4010,novice
2405,2311,2358,94,4716,master
1817,2137,1977,-320,3954,novice
2244,2436,2340,-192,4680,master
2038,2101,2069,-63,4139,novice
2061,1835,1948,226,3896,novice
2311,2086,2198,225,4397,average
2150,2068,2109,82,4218,average
2195,1832,2013,363,4027,novice
2340,2048,2194,292,4388,average
2269,2346,2307,-77,4615,master
2206,1982,2094,224,4188,novice
2211,1965,2088,246,4176,novice
2212,2075,2143,137,4287,average
2362,1895,2128,467,4257,average
1941,2190,2065,-249,4131,novice
2585,2259,2422,326,4844,master
2405,2517,2461,-112,4922,grandmaster
2474,2101,2287,373,4575,average
2073,1958,2015,115,4031,novice
1846,2281,2063,-435,4127,novice
2339,1796,2067,543,4135,novice
2318,2471,2394,-153,4789,master
2201,2401,2301,-200,4602,master
2531,2226,2378,305,4757,master
2357,2034,2195,323,4391,average
2392,2228,2310,164,4620,master
2012,1982,1997,30,3994,novice
2459,2523,2491,-64,4982,grandmaster
2287,2361,2324,-74,4648,master
2506,2599,2552,-93,5105,grandmaster
1905,2064,1984,-159,3969,novice
2326,2495,2410,-169,4821,master
2032,1952,1992,80,3984,novice
2133,1331,1732,802,3464,novice
1962,2163,2062,-201,4125,novice
1587,1830,1708,-243,3417,novice
1894,2175,2034,-281,4069,novice
2250,2504,2377,-254,4754,master
1962,2321,2141,-359,4283,average
1753,2027,1890,-274,3780,novice
2098,1903,2000,195,4001,novice
2424,2191,2307,233,4615,master
2143,1855,1999,288,3998,novice
1945,2069,2007,-124,4014,novice
2342,2541,2441,-199,4883,master
2287,2148,2217,139,4435,average
2336,2313,2324,23,4649,master
2611,2771,2691,-160,5382,grandmaster
2406,2398,2402,8,4804,master
2550,2449,2499,101,4999,grandmaster
2607,2036,2321,571,4643,master
1577,1927,1752,-350,3504,novice
2157,2396,2276,-239,4553,average
2179,1971,2075,208,4150,novice
2088,2283,2185,-195,4371,average
2195,1947,2071,248,4142,novice
1906,2329,2117,-423,4235,average
2124,1942,2033,182,4066,novice
2507,2240,2373,267,4747,master
2027,2274,2150,-247,4301,average
2422,2383,2402,39,4805,master
2205,2218,2211,-13,4423,average
2526,2405,2465,121,4931,grandmaster
1732,1971,1851,-239,3703,novice
1382,1889,1635,-507,3271,novice
2741,2668,2704,73,5409,grandmaster
2688,2581,2634,107,5269,grandmaster
2126,1937,2031,189,4063,novice
2640,2292,2466,348,4932,grandmaster
2439,2292,2365,147,4731,master
2304,2189,2246,115,4493,average
2178,2058,2118,120,4236,average
2235,2506,2370,-271,4741,master
2092,2008,2050,84,4100,novice
2542,2743,2642,-201,5285,grandmaster
2298,2196,2247,102,4494,average
2048,2558,2303,-510,4606,master
2364,2026,2195,338,4390,average
1955,2255,2105,-300,4210,average
2474,2302,2388,172,4776,master
2210,2250,2230,-40,4460,average
2559,2646,2602,-87,5205,grandmaster
2409,2238,2323,171,4647,master
2191,2445,2318,-254,4636,master
1593,2403,1998,-810,3996,novice
2483,2337,2410,146,4820,master
2373,2151,2262,222,4524,average
1998,1812,1905,186,3810,novice
2545,2011,2278,534,4556,average
2491,2002,2246,489,4493,average
2449,2396,2422,53,4845,master
2126,2320,2223,-194,4446,average
1973,2404,2188,-431,4377,average
2397,2457,2427,-60,4854,master
2256,2439,2347,-183,4695,master
2290,2420,2355,-130,4710,master
2209,2410,2309,-201,4619,master
2705,2508,2606,197,5213,grandmaster
2052,2058,2055,-6,4110,novice
2515,2440,2477,75,4955,grandmaster
2317,2141,2229,176,4458,average
1910,2418,2164,-508,4328,average
2328,1981,2154,347,4309,average
2241,2266,2253,-25,4507,average
2134,2192,2163,-58,4326,average
1955,1591,1773,364,3546,novice
1772,2323,2047,-551,4095,novice
2421,2301,2361,120,4722,master
2116,2295,2205,-179,4411,average
2292,2401,2346,-109,4693,master
1800,1911,1855,-111,3711,novice
2369,2147,2258,222,4516,average
2574,2313,2443,261,4887,master
2451,2326,2388,125,4777,master
1932,2422,2177,-490,4354,average
2458,2299,2378,159,4757,master
2617,2675,2646,-58,5292,grandmaster
1628,1982,1805,-354,3610,novice
2365,2689,2527,-324,5054,grandmaster
2465,2616,2540,-151,5081,grandmaster
2207,2542,2374,-335,4749,master
2337,1947,2142,390,4284,average
2068,1788,1928,280,3856,novice
2608,2540,2574,68,5148,grandmaster
1991,1670,1830,321,3661,novice
1928,2033,1980,-105,3961,novice
2557,2275,2416,282,4832,master
2387,2514,2450,-127,4901,master
2360,2301,2330,59,4661,master
1759,1709,1734,50,3468,novice
2428,2566,2497,-138,4994,grandmaster
2205,2157,2181,48,4362,average
2244,1960,2102,284,4204,average
2052,1892,1972,160,3944,novice
1944,2070,2007,-126,4014,novice
2529,2416,2472,113,4945,grandmaster
2182,2487,2334,-305,4669,master
2377,2284,2330,93,4661,master
2338,2518,2428,-180,4856,master
2164,2376,2270,-212,4540,average
2247,1935,2091,312,4182,novice
2079,2286,2182,-207,4365,average
1556,1830,1693,-274,3386,novice
2344,2327,2335,17,4671,master
2407,2040,2223,367,4447,average
2016,2176,2096,-160,4192,novice
2331,2142,2236,189,4473,average
1847,1490,1668,357,3337,novice
2240,1967,2103,273,4207,average
2331,2361,2346,-30,4692,master
2405,2423,2414,-18,4828,master
2016,1780,1898,236,3796,novice
2270,1783,2026,487,4053,novice
2164,2369,2266,-205,4533,average
1899,1740,1819,159,3639,novice
2176,2300,2238,-124,4476,average
2273,2410,2341,-137,4683,master
2339,2390,2364,-51,4729,master
2634,2247,2440,387,4881,master
1914,1865,1889,49,3779,novice
2513,2419,2466,94,4932,grandmaster
2692,2689,2690,3,5381,grandmaster
2204,2425,2314,-221,4629,master
2433,2359,2396,74,4792,master
2688,2562,2625,126,5250,grandmaster
2320,2415,2367,-95,4735,master
1999,1974,1986,25,3973,novice
1972,2267,2119,-295,4239,average
2114,1826,1970,288,3940,novice
1571,1938,1754,-367,3509,novice
2264,2106,2185,158,4370,average
2614,2815,2714,-201,5429,grandmaster
2506,2323,2414,183,4829,master
2428,2229,2328,199,4657,master
1731,1890,1810,-159,3621,novice
2134,1907,2020,227,4041,novice
2287,2369,2328,-82,4656,master
2285,1795,2040,490,4080,novice
2512,2558,2535,-46,5070,grandmaster
1428,1926,1677,-498,3354,novice
2388,2221,2304,167,4609,master
2425,2536,2480,-111,4961,grandmaster
1933,2179,2056,-246,4112,novice
2099,2224,2161,-125,4323,average
2685,2734,2709,-49,5419,grandmaster
2775,2707,2741,68,5482,grandmaster
2052,1733,1892,319,3785,novice
1705,2370,2037,-665,4075,novice
2240,2239,2239,1,4479,average
1964,1618,1791,346,3582,novice
2254,2389,2321,-135,4643,master
2267,2407,2337,-140,4674,master
2447,2248,2347,199,4695,master
2392,2226,2309,166,4618,master
2261,2251,2256,10,4512,average
2412,2592,2502,-180,5004,grandmaster
2445,2318,2381,127,4763,master
2473,2134,2303,339,4607,master
2700,2644,2672,56,5344,grandmaster
1893,2122,2007,-229,4015,novice
2263,2278,2270,-15,4541,average
2055,2016,2035,39,4071,novice
2172,2505,2338,-333,4677,master
1991,2359,2175,-368,4350,average
1708,1990,1849,-282,3698,novice
2181,1987,2084,194,4168,novice
2433,1933,2183,500,4366,average
2252,2412,2332,-160,4664,master
2107,1913,2010,194,4020,novice
2446,2575,2510,-129,5021,grandmaster
2432,2267,2349,165,4699,master
2576,2095,2335,481,4671,master
2637,2722,2679,-85,5359,grandmaster
2368,2246,2307,122,4614,master
2290,1859,2074,431,4149,novice
2784,2760,2772,24,5544,grandmaster
2237,1927,2082,310,4164,novice
2627,2662,2644,-35,5289,grandmaster
2385,2436,2410,-51,4821,master
2075,1843,1959,232,3918,novice
1880,2074,1977,-194,3954,novice
1803,1781,1792,22,3584,novice
2192,1953,2072,239,4145,novice
2417,2085,2251,332,4502,average
2599,2290,2444,309,4889,master
2174,2379,2276,-205,4553,average
2212,2442,2327,-230,4654,master
2369,2121,2245,248,4490,average
2198,2357,2277,-159,4555,average
1864,2165,2014,-301,4029,novice
2347,2500,2423,-153,4847,master
2086,2500,2293,-414,4586,average
2513,2644,2578,-131,5157,grandmaster
2200,2497,2348,-297,4697,master
1991,2501,2246,-510,4492,average
2093,2564,2328,-471,4657,master
2282,2181,2231,101,4463,average
2364,2022,2193,342,4386,average
2347,2644,2495,-297,4991,grandmaster
2281,2365,2323,-84,4646,master
2210,2563,2386,-353,4773,master
1888,2229,2058,-341,4117,novice
2769,2738,2753,31,5507,grandmaster
2049,1847,1948,202,3896,novice
2477,2412,2444,65,4889,master
2379,2698,2538,-319,5077,grandmaster
1866,2263,2064,-397,4129,novice
2379,1942,2160,437,4321,average
2427,2567,2497,-140,4994,grandmaster
2313,2550,2431,-237,4863,master
2540,2667,2603,-127,5207,grandmaster
2191,2410,2300,-219,4601,average
2574,2108,2341,466,4682,master
2484,2503,2493,-19,4987,grandmaster
2065,2340,2202,-275,4405,average
2506,2207,2356,299,4713,master
2153,2180,2166,-27,4333,average
1397,1619,1508,-222,3016,novice
2358,2426,2392,-68,4784,master
2614,2455,2534,159,5069,grandmaster
2313,2274,2293,39,4587,average
2631,2502,2566,129,5133,grandmaster
2505,2633,2569,-128,5138,grandmaster
2495,2336,2415,159,4831,master
2066,1942,2004,124,4008,novice
1977,1731,1854,246,3708,novice
2176,2028,2102,148,4204,average
2484,2293,2388,191,4777,master
2101,2151,2126,-50,4252,average
2125,1714,1919,411,3839,novice
2476,2203,2339,273,4679,master
2030,2106,2068,-76,4136,novice
2168,2064,2116,104,4232,average
1859,1604,1731,255,3463,novice
2365,2499,2432,-134,4864,master
2565,2446,2505,119,5011,grandmaster
2306,2190,2248,116,4496,average
2398,2442,2420,-44,4840,master
2383,2515,2449,-132,4898,master
1990,2368,2179,-378,4358,average
2054,1909,1981,145,3963,novice
2497,2616,2556,-119,5113,grandmaster
1570,2024,1797,-454,3594,novice
1471,2069,1770,-598,3540,novice
2189,2225,2207,-36,4414,average
2054,1827,1940,227,3881,novice
2359,2353,2356,6,4712,master
2231,2334,2282,-103,4565,average
2229,1797,2013,432,4026,novice
2259,2163,2211,96,4422,average
2675,2511,2593,164,5186,grandmaster
2282,1863,2072,419,4145,novice
1927,2143,2035,-216,4070,novice
2694,2438,2566,256,5132,grandmaster
2522,2247,2384,275,4769,master
2536,2398,2467,138,4934,grandmaster
2561,2331,2446,230,4892,master
2230,2164,2197,66,4394,average
2183,2026,2104,157,4209,average
2477,2130,2303,347,4607,master
2230,2235,2232,-5,4465,average
2005,2268,2136,-263,4273,average
2393,2292,2342,101,4685,master
2594,2491,2542,103,5085,grandmaster
2259,2139,2199,120,4398,average
2706,2676,2691,30,5382,grandmaster
2398,2344,2371,54,4742,master
2619,2680,2649,-61,5299,grandmaster
2186,2154,2170,32,4340,average
2019,1807,1913,212,3826,novice
1673,1871,1772,-198,3544,novice
2476,2124,2300,352,4600,average
2636,2629,2632,7,5265,grandmaster
2093,2003,2048,90,4096,novice
2384,2577,2480,-193,4961,grandmaster
2638,2706,2672,-68,5344,grandmaster
2262,2423,2342,-161,4685,master
1819,2034,1926,-215,3853,novice
2787,2766,2776,21,5553,grandmaster
2236,2067,2151,169,4303,average
2322,2140,2231,182,4462,average
2011,1859,1935,152,3870,novice
2248,2498,2373,-250,4746,master
2143,1782,1962,361,3925,novice
2637,2494,2565,143,5131,grandmaster
2543,2328,2435,215,4871,master
2428,2264,2346,164,4692,master
2093,2036,2064,57,4129,novice
1920,2043,1981,-123,3963,novice
1971,2040,2005,-69,4011,novice
2290,2103,2196,187,4393,average
2027,1946,1986,81,3973,novice
2536,2421,2478,115,4957,grandmaster
1406,1607,1506,-201,3013,novice
2030,2190,2110,-160,4220,average
2121,2310,2215,-189,4431,average
2501,2017,2259,484,4518,average
2168,2569,2368,-401,4737,master
2328,1973,2150,355,4301,average
2384,2224,2304,160,4608,master
2038,1773,1905,265,3811,novice
2505,2239,2372,266,4744,master
2445,2544,2494,-99,4989,grandmaster
2175,2242,2208,-67,4417,average
1752,1723,1737,29,3475,novice
1829,1980,1904,-151,3809,novice
2198,1930,2064,268,4128,novice
2302,2238,2270,64,4540,average
2168,2482,2325,-314,4650,master
1413,1691,1552,-278,3104,novice
2532,2445,2488,87,4977,grandmaster
2328,2397,2362,-69,4725,master
2171,2578,2374,-407,4749,master
2359,2160,2259,199,4519,average
2257,2380,2318,-123,4637,master
2112,2420,2266,-308,4532,average
2361,2636,2498,-275,4997,grandmaster
2460,2316,2388,144,4776,master
2524,2358,2441,166,4882,master
2408,2501,2454,-93,4909,grandmaster
2528,2419,2473,109,4947,grandmaster
1705,2402,2053,-697,4107,novice
2366,2222,2294,144,4588,average
2079,2189,2134,-110,4268,average
2200,2448,2324,-248,4648,master
2539,2556,2547,-17,5095,grandmaster
2380,2459,2419,-79,4839,master
1737,2212,1974,-475,3949,novice
2162,1979,2070,183,4141,novice
2613,2369,2491,244,4982,grandmaster
2259,2460,2359,-201,4719,master
2520,2241,2380,279,4761,master
1948,2235,2091,-287,4183,novice
1948,1676,1812,272,3624,novice
2014,2140,2077,-126,4154,novice
2565,2635,2600,-70,5200,grandmaster
2149,2216,2182,-67,4365,average
2177,2459,2318,-282,4636,master
2322,2243,2282,79,4565,average
2437,2562,2499,-125,4999,grandmaster
2246,2428,2337,-182,4674,master
2274,1882,2078,392,4156,novice
2457,2505,2481,-48,4962,grandmaster
1763,1921,1842,-158,3684,novice
2382,2210,2296,172,4592,average
2399,2203,2301,196,4602,master
2329,2083,2206,246,4412,average
2390,2646,2518,-256,5036,grandmaster
2145,2454,2299,-309,4599,average
2057,2267,2162,-210,4324,average
2240,1951,2095,289,4191,novice
2513,2414,2463,99,4927,grandmaster
2599,2678,2638,-79,5277,grandmaster
2209,2279,2244,-70,4488,average
1498,1906,1702,-408,3404,novice
2207,1916,2061,291,4123,novice
2362,2423,2392,-61,4785,master
2054,2106,2080,-52,4160,novice
2070,2515,2292,-445,4585,average
2707,2544,2625,163,5251,grandmaster
2229,2377,2303,-148,4606,master
2682,2706,2694,-24,5388,grandmaster
2276,2157,2216,119,4433,average
2216,1927,2071,289,4143,novice
2244,2285,2264,-41,4529,average
2447,2445,2446,2,4892,master
2368,2610,2489,-242,4978,grandmaster
1872,2341,2106,-469,4213,average
2448,2607,2527,-159,5055,grandmaster
2392,2064,2228,328,4456,average
2629,2446,2537,183,5075,grandmaster
2044,1907,1975,137,3951,novice
2611,2582,2596,29,5193,grandmaster
2426,1958,2192,468,4384,average
1949,2042,1995,-93,3991,novice
2436,2326,2381,110,4762,master
2375,2072,2223,303,4447,average
1874,1754,1814,120,3628,novice
2064,2085,2074,-21,4149,novice
2173,2433,2303,-260,4606,master
2199,2442,2320,-243,4641,master
2375,2582,2478,-207,4957,grandmaster
2387,2307,2347,80,4694,master
2374,2441,2407,-67,4815,master
2336,2590,2463,-254,4926,grandmaster
2565,2272,2418,293,4837,master
1285,1609,1447,-324,2894,novice
2360,2344,2352,16,4704,master
2394,2465,2429,-71,4859,master
2345,2458,2401,-113,4803,master
2273,2649,2461,-376,4922,grandmaster
2385,2515,2450,-130,4900,master
1989,1982,1985,7,3971,novice
2491,2708,2599,-217,5199,grandmaster
2039,2159,2099,-120,4198,novice
2126,2476,2301,-350,4602,master
2555,2001,2278,554,4556,average
2475,2339,2407,136,4814,master
2074,1931,2002,143,4005,novice
2767,2793,2780,-26,5560,grandmaster
2261,2411,2336,-150,4672,master
1995,2287,2141,-292,4282,average
2550,2393,2471,157,4943,grandmaster
2227,2371,2299,-144,4598,average
2017,2145,2081,-128,4162,novice
1971,1795,1883,176,3766,novice
2250,2126,2188,124,4376,average
2494,2421,2457,73,4915,grandmaster
2186,2319,2252,-133,4505,average
2094,2245,2169,-151,4339,average
2144,2214,2179,-70,4358,average
2189,2041,2115,148,4230,average
2313,2368,2340,-55,4681,master
2447,2419,2433,28,4866,master
2461,2441,2451,20,4902,grandmaster
2351,2417,2384,-66,4768,master
2791,2713,2752,78,5504,grandmaster
2319,2320,2319,-1,4639,master
2554,2677,2615,-123,5231,grandmaster
2194,2068,2131,126,4262,average
2285,2022,2153,263,4307,average
2374,2572,2473,-198,4946,grandmaster
1870,2090,1980,-220,3960,novice
2405,2282,2343,123,4687,master
2174,2081,2127,93,4255,average
1916,2153,2034,-237,4069,novice
2278,1848,2063,430,4126,novice
2267,2080,2173,187,4347,average
2496,2613,2554,-117,5109,grandmaster
2616,2570,2593,46,5186,grandmaster
2232,2118,2175,114,4350,average
2311,2093,2202,218,4404,average
1701,1736,1718,-35,3437,novice
2283,2533,2408,-250,4816,master
1651,1811,1731,-160,3462,novice
2304,2493,2398,-189,4797,master
1833,2128,1980,-295,3961,novice
1561,1857,1709,-296,3418,novice
1532,1850,1691,-318,3382,novice
2164,1921,2042,243,4085,novice
2117,2369,2243,-252,4486,average
2581,2491,2536,90,5072,grandmaster
2628,2757,2692,-129,5385,grandmaster
2543,2598,2570,-55,5141,grandmaster
2240,1959,2099,281,4199,novice
1968,2313,2140,-345,4281,average
2507,2514,2510,-7,5021,grandmaster
2661,2513,2587,148,5174,grandmaster
2177,2489,2333,-312,4666,master
2250,2272,2261,-22,4522,average
2290,2356,2323,-66,4646,master
2229,2211,2220,18,4440,average
2607,2474,2540,133,5081,grandmaster
2214,2379,2296,-165,4593,average
2051,2254,2152,-203,4305,average
2168,1762,1965,406,3930,novice
2233,2381,2307,-148,4614,master
2367,2541,2454,-174,4908,grandmaster
2529,2427,2478,102,4956,grandmaster
2371,2112,2241,259,4483,average
2471,2034,2252,437,4505,average
2222,2457,2339,-235,4679,master
2324,2056,2190,268,4380,average
2567,2619,2593,-52,5186,grandmaster
2484,2432,2458,52,4916,grandmaster
1796,2073,1934,-277,3869,novice
2667,2184,2425,483,4851,master
2664,2531,2597,133,5195,grandmaster
2552,2415,2483,137,4967,grandmaster
2435,2627,2531,-192,5062,grandmaster
2484,2368,2426,116,4852,master
2471,2224,2347,247,4695,master
2152,2342,2247,-190,4494,average
2113,1793,1953,320,3906,novice
2337,1985,2161,352,4322,average
2079,2262,2170,-183,4341,average
2596,2382,2489,214,4978,grandmaster
2414,2151,2282,263,4565,average
1812,2006,1909,-194,3818,novice
2290,2267,2278,23,4557,average
1890,1544,1717,346,3434,novice
2025,2192,2108,-167,4217,average
1992,2014,2003,-22,4006,novice
2535,2253,2394,282,4788,master
2172,1965,2068,207,4137,novice
2595,2570,2582,25,5165,grandmaster
1857,1935,1896,-78,3792,novice
1965,2349,2157,-384,4314,average
2022,2156,2089,-134,4178,novice
2404,2537,2470,-133,4941,grandmaster
2565,2446,2505,119,5011,grandmaster
2435,1964,2199,471,4399,average
2353,1843,2098,510,4196,novice
2417,2104,2260,313,4521,average
2554,2453,2503,101,5007,grandmaster
1547,1754,1650,-207,3301,novice
1944,2303,2123,-359,4247,average
1921,1871,1896,50,3792,novice
2572,2471,2521,101,5043,grandmaster
2523,2226,2374,297,4749,master
2393,1999,2196,394,4392,average
1970,2034,2002,-64,4004,novice
2005,2055,2030,-50,4060,novice
2565,2286,2425,279,4851,master
2377,2240,2308,137,4617,master
1856,1694,1775,162,3550,novice
2009,1862,1935,147,3871,novice
2472,2053,2262,419,4525,average
2091,2153,2122,-62,4244,average
1993,1655,1824,338,3648,novice
2624,2301,2462,323,4925,grandmaster
2005,2711,2358,-706,4716,master
1789,1621,1705,168,3410,novice
2468,2239,2353,229,4707,master
2477,2259,2368,218,4736,master
2294,2492,2393,-198,4786,master
1687,2199,1943,-512,3886,novice
2556,2485,2520,71,5041,grandmaster
2539,2381,2460,158,4920,grandmaster
2277,2218,2247,59,4495,average
1684,1977,1830,-293,3661,novice
2653,2455,2554,198,5108,grandmaster
2248,2095,2171,153,4343,average
2062,2545,2303,-483,4607,master
2076,2337,2206,-261,4413,average
2688,2664,2676,24,5352,grandmaster
2218,2323,2270,-105,4541,average
2626,2576,2601,50,5202,grandmaster
2673,2106,2389,567,4779,master
2541,2613,2577,-72,5154,grandmaster
2377,2241,2309,136,4618,master
2094,1920,2007,174,4014,novice
2374,2177,2275,197,4551,average
2711,2503,2607,208,5214,grandmaster
2170,2173,2171,-3,4343,average
1993,2406,2199,-413,4399,average
2180,1954,2067,226,4134,novice
2161,2106,2133,55,4267,average
2419,2249,2334,170,4668,master
1709,2169,1939,-460,3878,novice
2128,2249,2188,-121,4377,average
2291,2423,2357,-132,4714,master
1770,1581,1675,189,3351,novice
2461,2317,2389,144,4778,master
2325,2557,2441,-232,4882,master
2090,2274,2182,-184,4364,average
2430,2241,2335,189,4671,master
2151,1868,2009,283,4019,novice
2238,2449,2343,-211,4687,master
2722,2477,2599,245,5199,grandmaster
2560,2364,2462,196,4924,grandmaster
2556,2412,2484,144,4968,grandmaster
1952,1474,1713,478,3426,novice
2033,2291,2162,-258,4324,average
1458,1861,1659,-403,3319,novice
2281,2302,2291,-21,4583,average
1856,1982,1919,-126,3838,novice
2720,2861,2790,-141,5581,grandmaster
1895,1669,1782,226,3564,novice
2345,2598,2471,-253,4943,grandmaster
2617,2453,2535,164,5070,grandmaster
2238,2448,2343,-210,4686,master
2533,2590,2561,-57,5123,grandmaster
2052,2226,2139,-174,4278,average
1645,1795,1720,-150,3440,novice
1554,2619,2086,-1065,4173,novice
2278,2123,2200,155,4401,average
1739,2149,1944,-410,3888,novice
2521,2379,2450,142,4900,master
1753,2137,1945,-384,3890,novice
2148,2256,2202,-108,4404,average
2201,2003,2102,198,4204,average
2659,2572,2615,87,5231,grandmaster
2707,2584,2645,123,5291,grandmaster
2460,2107,2283,353,4567,average
2385,2638,2511,-253,5023,grandmaster
2242,2083,2162,159,4325,average
2460,2218,2339,242,4678,master
2329,2564,2446,-235,4893,master
1975,2111,2043,-136,4086,novice
1932,2359,2145,-427,4291,average
2396,2547,2471,-151,4943,grandmaster
2520,2737,2628,-217,5257,grandmaster
2488,2710,2599,-222,5198,grandmaster
2121,1767,1944,354,3888,novice
1788,1882,1835,-94,3670,novice
2074,2430,2252,-356,4504,average
2265,2124,2194,141,4389,average
2378,2601,2489,-223,4979,grandmaster
2027,2081,2054,-54,4108,novice
1952,2213,2082,-261,4165,novice
1987,2102,2044,-115,4089,novice
1912,2345,2128,-433,4257,average
1781,2318,2049,-537,4099,novice
2441,2168,2304,273,4609,master
2527,2653,2590,-126,5180,grandmaster
2466,2556,2511,-90,5022,grandmaster
1881,1731,1806,150,3612,novice
2265,2217,2241,48,4482,average
2484,2490,2487,-6,4974,grandmaster
2272,2194,2233,78,4466,average
2311,2079,2195,232,4390,average
2263,2262,2262,1,4525,average
2139,2215,2177,-76,4354,average
2493,2452,2472,41,4945,grandmaster
2062,2394,2228,-332,4456,average
2088,1792,1940,296,3880,novice
2162,2113,2137,49,4275,average
2499,2262,2380,237,4761,master
2354,2249,2301,105,4603,master
2182,2599,2390,-417,4781,master
2534,2475,2504,59,5009,grandmaster
2222,2148,2185,74,4370,average
2290,2472,2381,-182,4762,master
2152,1572,1862,580,3724,novice
2423,2547,2485,-124,4970,grandmaster
2340,2618,2479,-278,4958,grandmaster
2408,2563,2485,-155,4971,grandmaster
2170,1974,2072,196,4144,novice
2185,2568,2376,-383,4753,master
2551,2535,2543,16,5086,grandmaster
2644,2546,2595,98,5190,grandmaster
2632,2635,2633,-3,5267,grandmaster
2509,1792,2150,717,4301,average
2017,2188,2102,-171,4205,average
1773,2019,1896,-246,3792,novice
2275,2149,2212,126,4424,average
2092,2501,2296,-409,4593,average
2492,2494,2493,-2,4986,grandmaster
1825,1649,1737,176,3474,novice
1984,1697,1840,287,3681,novice
2422,2634,2528,-212,5056,grandmaster
2127,1886,2006,241,4013,novice
2282,2164,2223,118,4446,average
1848,2225,2036,-377,4073,novice
2250,1945,2097,305,4195,novice
2477,2247,2362,230,4724,master
2368,2529,2448,-161,4897,master
2257,1985,2121,272,4242,average
2325,2191,2258,134,4516,average
2240,2037,2138,203,4277,average
2162,2093,2127,69,4255,average
2254,2223,2238,31,4477,average
2046,2398,2222,-352,4444,average
2559,2595,2577,-36,5154,grandmaster
2628,2454,2541,174,5082,grandmaster
2529,2541,2535,-12,5070,grandmaster
2607,2454,2530,153,5061,grandmaster
2365,2456,2410,-91,4821,master
2360,2248,2304,112,4608,master
2094,1854,1974,240,3948,novice
2254,2453,2353,-199,4707,master
2472,2026,2249,446,4498,average
2741,2683,2712,58,5424,grandmaster
2579,2437,2508,142,5016,grandmaster
2494,2607,2550,-113,5101,grandmaster
2362,2085,2223,277,4447,average
2712,2616,2664,96,5328,grandmaster
1992,2403,2197,-411,4395,average
2237,2471,2354,-234,4708,master
1949,2120,2034,-171,4069,novice
2065,1926,1995,139,3991,novice
2533,2211,2372,322,4744,master
1730,1952,1841,-222,3682,novice
2532,2431,2481,101,4963,grandmaster
2217,1886,2051,331,4103,novice
2462,2174,2318,288,4636,master
2028,2582,2305,-554,4610,master
2500,2356,2428,144,4856,master
2082,2353,2217,-271,4435,average
1819,2385,2102,-566,4204,average
2180,2155,2167,25,4335,average
2257,1896,2076,361,4153,novice
2206,2358,2282,-152,4564,average
2555,2329,2442,226,4884,master
2011,1903,1957,108,3914,novice
2349,2562,2455,-213,4911,grandmaster
2327,2394,2360,-67,4721,master
2459,2399,2429,60,4858,master
1990,2195,2092,-205,4185,novice
2477,2343,2410,134,4820,master
1894,2073,1983,-179,3967,novice
1661,1498,1579,163,3159,novice
2331,2339,2335,-8,4670,master
2676,2702,2689,-26,5378,grandmaster
2018,1772,1895,246,3790,novice
1767,1637,1702,130,3404,novice
2631,2628,2629,3,5259,grandmaster
2441,2650,2545,-209,5091,grandmaster
2364,2064,2214,300,4428,average
2326,2171,2248,155,4497,average
1951,2310,2130,-359,4261,average
1907,1978,1942,-71,3885,novice
1887,2272,2079,-385,4159,novice
2555,2449,2502,106,5004,grandmaster
2389,2511,2450,-122,4900,master
2249,1968,2108,281,4217,average
2101,1978,2039,123,4079,novice
1904,2458,2181,-554,4362,average
2536,2477,2506,59,5013,grandmaster
1367,1789,1578,-422,3156,novice
2539,2458,2498,81,4997,grandmaster
2573,2507,2540,66,5080,grandmaster
1771,1497,1634,274,3268,novice
2553,2557,2555,-4,5110,grandmaster
2107,2206,2156,-99,4313,average
2638,2556,2597,82,5194,grandmaster
2582,2372,2477,210,4954,grandmaster
2113,1998,2055,115,4111,novice
2138,2314,2226,-176,4452,average
2181,2357,2269,-176,4538,average
1820,1977,1898,-157,3797,novice
2723,2653,2688,70,5376,grandmaster
2003,2209,2106,-206,4212,average
1566,1939,1752,-373,3505,novice
2126,1957,2041,169,4083,novice
2352,1990,2171,362,4342,average
2421,2090,2255,331,4511,average
1346,1550,1448,-204,2896,novice
2491,2234,2362,257,4725,master
1908,1803,1855,105,3711,novice
2049,2206,2127,-157,4255,average
2595,2577,2586,18,5172,grandmaster
2392,1997,2194,395,4389,average
2620,2688,2654,-68,5308,grandmaster
2396,2171,2283,225,4567,average
1838,2056,1947,-218,3894,novice
2635,2549,2592,86,5184,grandmaster
2068,1924,1996,144,3992,novice
2590,2256,2423,334,4846,master
2688,2135,2411,553,4823,master
2102,1848,1975,254,3950,novice
2601,2599,2600,2,5200,grandmaster
2476,2499,2487,-23,4975,grandmaster
2066,2073,2069,-7,4139,novice
1954,2324,2139,-370,4278,average
2095,2038,2066,57,4133,novice
2678,2646,2662,32,5324,grandmaster
2190,2487,2338,-297,4677,master
2089,2044,2066,45,4133,novice
2586,2055,2320,531,4641,master
2387,2303,2345,84,4690,master
2377,2178,2277,199,4555,average
2381,2401,2391,-20,4782,master
2237,2484,2360,-247,4721,master
1317,1897,1607,-580,3214,novice
2564,2417,2490,147,4981,grandmaster
2259,2184,2221,75,4443,average
2243,2140,2191,103,4383,average
2331,2069,2200,262,4400,average
2336,2533,2434,-197,4869,master
2027,2270,2148,-243,4297,average
2304,1935,2119,369,4239,average
2309,2425,2367,-116,4734,master
2024,2139,2081,-115,4163,novice
2321,2416,2368,-95,4737,master
2244,2595,2419,-351,4839,master
2293,2292,2292,1,4585,average
2032,1851,1941,181,3883,novice
2361,1756,2058,605,4117,novice
2253,2303,2278,-50,4556,average
2149,2260,2204,-111,4409,average
2495,2422,2458,73,4917,grandmaster
2023,2270,2146,-247,4293,average
2347,2552,2449,-205,4899,master
1648,2459,2053,-811,4107,novice
1673,1840,1756,-167,3513,novice
1705,1924,1814,-219,3629,novice
1933,2248,2090,-315,4181,novice
2371,2032,2201,339,4403,average
2286,2103,2194,183,4389,average
2143,1976,2059,167,4119,novice
2513,2338,2425,175,4851,master
2584,2333,2458,251,4917,grandmaster
2480,2304,2392,176,4784,master
2225,1862,2043,363,4087,novice
2241,2358,2299,-117,4599,average
1988,2188,2088,-200,4176,novice
2236,2337,2286,-101,4573,average
2391,2233,2312,158,4624,master
2254,2001,2127,253,4255,average
2152,1814,1983,338,3966,novice
2256,2386,2321,-130,4642,master
2217,2363,2290,-146,4580,average
2380,2347,2363,33,4727,master
2123,2486,2304,-363,4609,master
2053,2325,2189,-272,4378,average
1707,1873,1790,-166,3580,novice
2572,2435,2503,137,5007,grandmaster
1943,2221,2082,-278,4164,novice
1680,2029,1854,-349,3709,novice
2249,2171,2210,78,4420,average
2552,2665,2608,-113,5217,grandmaster
2010,2191,2100,-181,4201,novice
2285,2364,2324,-79,4649,master
1381,1515,1448,-134,2896,novice
2201,2155,2178,46,4356,average
1997,2100,2048,-103,4097,novice
2338,2259,2298,79,4597,average
2059,2185,2122,-126,4244,average
1936,2124,2030,-188,4060,novice
1969,2107,2038,-138,4076,novice
2246,2458,2352,-212,4704,master
2307,2295,2301,12,4602,master
2519,2646,2582,-127,5165,grandmaster
2016,2430,2223,-414,4446,average
2031,2254,2142,-223,4285,average
2086,1911,1998,175,3997,novice
1958,2388,2173,-430,4346,average
1856,2411,2133,-555,4267,average
2318,2286,2302,32,4604,master
2340,2216,2278,124,4556,average
1780,2013,1896,-233,3793,novice
2680,2627,2653,53,5307,grandmaster
2202,2255,2228,-53,4457,average
2197,2371,2284,-174,4568,average
2425,2286,2355,139,4711,master
2221,2047,2134,174,4268,average
2534,2239,2386,295,4773,master
2567,2531,2549,36,5098,grandmaster
2459,2264,2361,195,4723,master
1961,2322,2141,-361,4283,average
1940,2285,2112,-345,4225,average
2374,2566,2470,-192,4940,grandmaster
2538,2697,2617,-159,5235,grandmaster
2560,2528,2544,32,5088,grandmaster
2344,2580,2462,-236,4924,grandmaster
2313,2374,2343,-61,4687,master
2230,2128,2179,102,4358,average
2348,2122,2235,226,4470,average
1735,1683,1709,52,3418,novice
1919,2181,2050,-262,4100,novice
2011,2045,2028,-34,4056,novice
2431,2147,2289,284,4578,average
2535,2634,2584,-99,5169,grandmaster
2247,1856,2051,391,4103,novice
2115,1929,2022,186,4044,novice
2401,2491,2446,-90,4892,master
2204,2245,2224,-41,4449,average
2589,2650,2619,-61,5239,grandmaster
1920,2473,2196,-553,4393,average
2479,2556,2517,-77,5035,grandmaster
2464,2388,2426,76,4852,master
2256,2003,2129,253,4259,average
2473,2578,2525,-105,5051,grandmaster
2228,1514,1871,714,3742,novice
2580,2450,2515,130,5030,grandmaster
2610,2565,2587,45,5175,grandmaster
2218,2089,2153,129,4307,average
2439,2253,2346,186,4692,master
2648,2558,2603,90,5206,grandmaster
2719,2051,2385,668,4770,master
2055,1872,1963,183,3927,novice
2188,2314,2251,-126,4502,average
1974,2167,2070,-193,4141,novice
2242,2052,2147,190,4294,average
2396,2534,2465,-138,4930,grandmaster
1379,1303,1341,76,2682,novice
2167,2086,2126,81,4253,average
2143,2229,2186,-86,4372,average
2051,2261,2156,-210,4312,average
2775,2748,2761,27,5523,grandmaster
2022,2168,2095,-146,4190,novice
2476,2324,2400,152,4800,master
2317,2505,2411,-188,4822,master
1981,2426,2203,-445,4407,average
2486,2267,2376,219,4753,master
2726,2623,2674,103,5349,grandmaster
2566,2533,2549,33,5099,grandmaster
2104,1849,1976,255,3953,novice
1958,2319,2138,-361,4277,average
1760,2212,1986,-452,3972,novice
1757,2154,1955,-397,3911,novice
2182,1994,2088,188,4176,novice
2410,2463,2436,-53,4873,master
2380,2069,2224,311,4449,average
2312,2360,2336,-48,4672,master
2242,2226,2234,16,4468,average
2300,2117,2208,183,4417,average
2526,2401,2463,125,4927,grandmaster
2569,2430,2499,139,4999,grandmaster
2217,2435,2326,-218,4652,master
2088,2526,2307,-438,4614,master
2564,2450,2507,114,5014,grandmaster
2511,2269,2390,242,4780,master
2702,2664,2683,38,5366,grandmaster
2634,2402,2518,232,5036,grandmaster
2340,2025,2182,315,4365,average
1756,2099,1927,-343,3855,novice
1856,2033,1944,-177,3889,novice
2238,2063,2150,175,4301,average
1997,1746,1871,251,3743,novice
2195,2368,2281,-173,4563,average
2256,2226,2241,30,4482,average
2443,2009,2226,434,4452,average
2344,2420,2382,-76,4764,master
2044,2155,2099,-111,4199,novice
1782,2270,2026,-488,4052,novice
1951,2371,2161,-420,4322,average
1959,2096,2027,-137,4055,novice
2340,2501,2420,-161,4841,master
2422,2498,2460,-76,4920,grandmaster
2442,2393,2417,49,4835,master
2615,2466,2540,149,5081,grandmaster
2422,2441,2431,-19,4863,master
2249,2410,2329,-161,4659,master
2388,2175,2281,213,4563,average
2060,2331,2195,-271,4391,average
2099,1926,2012,173,4025,novice
2309,2307,2308,2,4616,master
2649,2358,2503,291,5007,grandmaster
2282,2232,2257,50,4514,average
2116,2239,2177,-123,4355,average
2480,2248,2364,232,4728,master
2378,2611,2494,-233,4989,grandmaster
1809,1504,1656,305,3313,novice
2508,2407,2457,101,4915,grandmaster
2389,2619,2504,-230,5008,grandmaster
2409,2500,2454,-91,4909,grandmaster
1840,1385,1612,455,3225,novice
2301,1741,2021,560,4042,novice
2404,2556,2480,-152,4960,grandmaster
2100,2230,2165,-130,4330,average
2214,2497,2355,-283,4711,master
1939,2080,2009,-141,4019,novice
2723,2727,2725,-4,5450,grandmaster
2588,2614,2601,-26,5202,grandmaster
2150,2449,2299,-299,4599,average
1840,1993,1916,-153,3833,novice
1658,2075,1866,-417,3733,novice
1664,1988,1826,-324,3652,novice
2526,2625,2575,-99,5151,grandmaster
2177,2205,2191,-28,4382,average
2423,2097,2260,326,4520,average
2191,2415,2303,-224,4606,master
2206,2361,2283,-155,4567,average
2141,1956,2048,185,4097,novice
2510,2526,2518,-16,5036,grandmaster
2483,2428,2455,55,4911,grandmaster
2025,2418,2221,-393,4443,average
2543,2340,2441,203,4883,master
1634,2069,1851,-435,3703,novice
2572,2343,2457,229,4915,grandmaster
2385,2414,2399,-29,4799,master
2426,2358,2392,68,4784,master
2314,2417,2365,-103,4731,master
1607,1716,1661,-109,3323,novice
2272,2117,2194,155,4389,average
2500,2189,2344,311,4689,master
1750,1950,1850,-200,3700,novice
1588,1470,1529,118,3058,novice
2252,1919,2085,333,4171,novice
2236,2458,2347,-222,4694,master
2371,2197,2284,174,4568,average
2253,2284,2268,-31,4537,average
1899,1786,1842,113,3685,novice
1899,2217,2058,-318,4116,novice
1957,2530,2243,-573,4487,average
2367,2457,2412,-90,4824,master
2187,2281,2234,-94,4468,average
1944,1366,1655,578,3310,novice
2269,2378,2323,-109,4647,master
2353,2289,2321,64,4642,master
2237,2086,2161,151,4323,average
2420,2054,2237,366,4474,average
2521,1534,2027,987,4055,novice
2451,2353,2402,98,4804,master
2315,2017,2166,298,4332,average
2241,2263,2252,-22,4504,average
2217,2009,2113,208,4226,average
2051,1945,1998,106,3996,novice
2261,2236,2248,25,4497,average
2476,2382,2429,94,4858,master
2312,2231,2271,81,4543,average
2367,2362,2364,5,4729,master
2668,2553,2610,115,5221,grandmaster
2009,2202,2105,-193,4211,average
2328,2204,2266,124,4532,average
2217,2510,2363,-293,4727,master
2484,1874,2179,610,4358,average
2196,2574,2385,-378,4770,master
2179,2266,2222,-87,4445,average
2011,2319,2165,-308,4330,average
2361,2374,2367,-13,4735,master
2425,2081,2253,344,4506,average
2541,2461,2501,80,5002,grandmaster
2243,1978,2110,265,4221,average
2107,2380,2243,-273,4487,average
2210,2406,2308,-196,4616,master
2305,2513,2409,-208,4818,master
1722,1867,1794,-145,3589,novice
2172,2526,2349,-354,4698,master
2170,1905,2037,265,4075,novice
2480,2338,2409,142,4818,master
1862,2029,1945,-167,3891,novice
2717,2663,2690,54,5380,grandmaster
2510,2547,2528,-37,5057,grandmaster
1735,1865,1800,-130,3600,novice
2561,2562,2561,-1,5123,grandmaster
2447,2132,2289,315,4579,average
2475,2387,2431,88,4862,master
2159,1989,2074,170,4148,novice
2170,2061,2115,109,4231,average
2406,2210,2308,196,4616,master
2359,1918,2138,441,4277,average
1918,1950,1934,-32,3868,novice
1819,2432,2125,-613,4251,average
2586,2484,2535,102,5070,grandmaster
2299,1969,2134,330,4268,average
1665,1374,1519,291,3039,novice
1712,1471,1591,241,3183,novice
2102,2428,2265,-326,4530,average
2614,2600,2607,14,5214,grandmaster
2484,2091,2287,393,4575,average
2486,2242,2364,244,4728,master
1633,1813,1723,-180,3446,novice
1843,2145,1994,-302,3988,novice
2007,1858,1932,149,3865,novice
1979,2147,2063,-168,4126,novice
1800,2339,2069,-539,4139,novice
2232,2135,2183,97,4367,average
2436,2580,2508,-144,5016,grandmaster
1725,2171,1948,-446,3896,novice
2300,2199,2249,101,4499,average
2499,2344,2421,155,4843,master
2034,2069,2051,-35,4103,novice
2475,2544,2509,-69,5019,grandmaster
2293,1927,2110,366,4220,average
1981,2262,2121,-281,4243,average
2709,2753,2731,-44,5462,grandmaster
2317,2184,2250,133,4501,average
1732,1536,1634,196,3268,novice
2441,2639,2540,-198,5080,grandmaster
2397,2541,2469,-144,4938,grandmaster
1794,1771,1782,23,3565,novice
2656,2631,2643,25,5287,grandmaster
2373,2598,2485,-225,4971,grandmaster
1929,2334,2131,-405,4263,average
2185,2048,2116,137,4233,average
2529,2557,2543,-28,5086,grandmaster
2172,1909,2040,263,4081,novice
2709,2632,2670,77,5341,grandmaster
2144,2340,2242,-196,4484,average
2198,2322,2260,-124,4520,average
2298,2200,2249,98,4498,average
2301,2324,2312,-23,4625,master
2760,2711,2735,49,5471,grandmaster
2707,2530,2618,177,5237,grandmaster
2375,2364,2369,11,4739,master
2520,2519,2519,1,5039,grandmaster
2274,2420,2347,-146,4694,master
2159,2064,2111,95,4223,average
2129,2299,2214,-170,4428,average
2545,1957,2251,588,4502,average
2077,2244,2160,-167,4321,average
2505,2533,2519,-28,5038,grandmaster
1592,1959,1775,-367,3551,novice
2235,2473,2354,-238,4708,master
1959,2059,2009,-100,4018,novice
2282,2366,2324,-84,4648,master
1782,2371,2076,-589,4153,novice
2460,2354,2407,106,4814,master
2551,2688,2619,-137,5239,grandmaster
2262,2365,2313,-103,4627,master
2277,2547,2412,-270,4824,master
2270,2394,2332,-124,4664,master
2599,2450,2524,149,5049,grandmaster
2140,2167,2153,-27,4307,average
2135,2007,2071,128,4142,novice
2291,2449,2370,-158,4740,master
1866,1516,1691,350,3382,novice
2412,2530,2471,-118,4942,grandmaster
2347,1970,2158,377,4317,average
2272,2229,2250,43,4501,average
2260,2399,2329,-139,4659,master
2242,1851,2046,391,4093,novice
2113,2227,2170,-114,4340,average
2290,2013,2151,277,4303,average
2574,2530,2552,44,5104,grandmaster
2529,2585,2557,-56,5114,grandmaster
2425,2132,2278,293,4557,average
2333,2193,2263,140,4526,average
2217,2404,2310,-187,4621,master
2116,2166,2141,-50,4282,average
2245,2483,2364,-238,4728,master
2129,1966,2047,163,4095,novice
2442,2346,2394,96,4788,master
2362,2476,2419,-114,4838,master
2420,2447,2433,-27,4867,master
2221,2412,2316,-191,4633,master
2143,2486,2314,-343,4629,master
2515,2511,2513,4,5026,grandmaster
2385,2174,2279,211,4559,average
2427,2203,2315,224,4630,master
2448,2392,2420,56,4840,master
2208,2043,2125,165,4251,average
1920,2487,2203,-567,4407,average
2597,2390,2493,207,4987,grandmaster
2224,2464,2344,-240,4688,master
2203,2314,2258,-111,4517,average
1789,1973,1881,-184,3762,novice
2407,2133,2270,274,4540,average
2378,2582,2480,-204,4960,grandmaster
1958,1703,1830,255,3661,novice
1797,2002,1899,-205,3799,novice
2763,2726,2744,37,5489,grandmaster
2345,2180,2262,165,4525,average
2270,2680,2475,-410,4950,grandmaster
2425,2081,2253,344,4506,average
2252,2099,2175,153,4351,average
2734,2691,2712,43,5425,grandmaster
2272,2204,2238,68,4476,average
2176,2038,2107,138,4214,average
2267,2620,2443,-353,4887,master
1927,2272,2099,-345,4199,novice
2522,2242,2382,280,4764,master
2403,2282,2342,121,4685,master
2025,2216,2120,-191,4241,average
1721,1512,1616,209,3233,novice
2618,2626,2622,-8,5244,grandmaster
2648,2657,2652,-9,5305,grandmaster
2027,2324,2175,-297,4351,average
2651,2706,2678,-55,5357,grandmaster
2261,2439,2350,-178,4700,master
2296,2282,2289,14,4578,average
2536,2500,2518,36,5036,grandmaster
1895,1647,1771,248,3542,novice
1929,2348,2138,-419,4277,average
2361,2149,2255,212,4510,average
2579,2472,2525,107,5051,grandmaster
2498,2521,2509,-23,5019,grandmaster
2449,2313,2381,136,4762,master
2083,1921,2002,162,4004,novice
2638,2601,2619,37,5239,grandmaster
2177,1973,2075,204,4150,novice
2401,2454,2427,-53,4855,master
2431,2567,2499,-136,4998,grandmaster
2651,2366,2508,285,5017,grandmaster
2624,2478,2551,146,5102,grandmaster
2614,2606,2610,8,5220,grandmaster
1656,2162,1909,-506,3818,novice
2549,2669,2609,-120,5218,grandmaster
1832,2502,2167,-670,4334,average
2022,1972,1997,50,3994,novice
2475,2603,2539,-128,5078,grandmaster
2550,2278,2414,272,4828,master
2170,2475,2322,-305,4645,master
2474,2426,2450,48,4900,master
2396,2208,2302,188,4604,master
2362,2244,2303,118,4606,master
2210,2428,2319,-218,4638,master
2607,2536,2571,71,5143,grandmaster
2565,2458,2511,107,5023,grandmaster
2577,1866,2221,711,4443,average
2788,2644,2716,144,5432,grandmaster
2539,2554,2546,-15,5093,grandmaster
2416,2065,2240,351,4481,average
1968,2213,2090,-245,4181,novice
2363,2241,2302,122,4604,master
2045,2428,2236,-383,4473,average
2363,2494,2428,-131,4857,master
2330,2162,2246,168,4492,average
2507,2503,2505,4,5010,grandmaster
2033,2368,2200,-335,4401,average
2376,2291,2333,85,4667,master
2357,2217,2287,140,4574,average
2340,1945,2142,395,4285,average
2167,2354,2260,-187,4521,average
2142,1916,2029,226,4058,novice
2505,2548,2526,-43,5053,grandmaster
2633,2590,2611,43,5223,grandmaster
2494,2423,2458,71,4917,grandmaster
2004,2407,2205,-403,4411,average
2061,2430,2245,-369,4491,average
2175,1904,2039,271,4079,novice
2428,2249,2338,179,4677,master
2102,2289,2195,-187,4391,average
2286,2443,2364,-157,4729,master
2648,2463,2555,185,5111,grandmaster
2218,2275,2246,-57,4493,average
2326,2447,2386,-121,4773,master
1959,2029,1994,-70,3988,novice
2091,1648,1869,443,3739,novice
2091,1874,1982,217,3965,novice
2580,2655,2617,-75,5235,grandmaster
2588,2463,2525,125,5051,grandmaster
2095,2170,2132,-75,4265,average
2542,2228,2385,314,4770,master
2206,2522,2364,-316,4728,master
2071,2136,2103,-65,4207,average
2069,1607,1838,462,3676,novice
2407,2302,2354,105,4709,master
2100,2314,2207,-214,4414,average
2456,2098,2277,358,4554,average
2239,2063,2151,176,4302,average
2386,2003,2194,383,4389,average
2557,2597,2577,-40,5154,grandmaster
2556,2546,2551,10,5102,grandmaster
2284,2306,2295,-22,4590,average
2198,2337,2267,-139,4535,average
2141,1910,2025,231,4051,novice
2289,1951,2120,338,4240,average
1872,2131,2001,-259,4003,novice
2275,1849,2062,426,4124,novice
1941,1744,1842,197,3685,novice
2357,2256,2306,101,4613,master
2301,2203,2252,98,4504,average
2608,2570,2589,38,5178,grandmaster
2112,1768,1940,344,3880,novice
2702,2706,2704,-4,5408,grandmaster
2313,2266,2289,47,4579,average
1973,1981,1977,-8,3954,novice
2331,2340,2335,-9,4671,master
2674,2666,2670,8,5340,grandmaster
2130,1605,1867,525,3735,novice
2150,2360,2255,-210,4510,average
2244,1871,2057,373,4115,novice
1778,1460,1619,318,3238,novice
2198,2317,2257,-119,4515,average
2628,2679,2653,-51,5307,grandmaster
2137,1770,1953,367,3907,novice
1983,2149,2066,-166,4132,novice
2098,1844,1971,254,3942,novice
2516,2275,2395,241,4791,master
2451,2250,2350,201,4701,master
2216,2473,2344,-257,4689,master
2430,2513,2471,-83,4943,grandmaster
2482,1986,2234,496,4468,average
2507,2246,2376,261,4753,master
2123,2363,2243,-240,4486,average
2250,2160,2205,90,4410,average
2213,1865,2039,348,4078,novice
2793,2744,2768,49,5537,grandmaster
2107,2449,2278,-342,4556,average
1676,1872,1774,-196,3548,novice
2027,2630,2328,-603,4657,master
2438,2197,2317,241,4635,master
2259,2395,2327,-136,4654,master
2458,2547,2502,-89,5005,grandmaster
2014,1936,1975,78,3950,novice
2440,2714,2577,-274,5154,grandmaster
2469,2564,2516,-95,5033,grandmaster
1793,1975,1884,-182,3768,novice
2417,2388,2402,29,4805,master
2134,2312,2223,-178,4446,average
2055,1917,1986,138,3972,novice
2454,2330,2392,124,4784,master
1845,2330,2087,-485,4175,novice
2371,2382,2376,-11,4753,master
2170,2388,2279,-218,4558,average
2393,1999,2196,394,4392,average
2002,2217,2109,-215,4219,average
1828,2074,1951,-246,3902,novice
2551,2595,2573,-44,5146,grandmaster
2021,2297,2159,-276,4318,average
2429,2532,2480,-103,4961,grandmaster
1704,1892,1798,-188,3596,novice
1396,1845,1620,-449,3241,novice
2708,1800,2254,908,4508,average
1976,1679,1827,297,3655,novice
2482,2437,2459,45,4919,grandmaster
2610,2491,2550,119,5101,grandmaster
2398,2427,2412,-29,4825,master
1859,2181,2020,-322,4040,novice
2567,2518,2542,49,5085,grandmaster
1977,2386,2181,-409,4363,average
2518,2406,2462,112,4924,grandmaster
2449,2336,2392,113,4785,master
1959,2089,2024,-130,4048,novice
2572,2406,2489,166,4978,grandmaster
2153,2230,2191,-77,4383,average
2354,2417,2385,-63,4771,master
1792,2229,2010,-437,4021,novice
2503,2635,2569,-132,5138,grandmaster
1837,2010,1923,-173,3847,novice
2302,2553,2427,-251,4855,master
2102,2342,2222,-240,4444,average
2408,2161,2284,247,4569,average
2210,2510,2360,-300,4720,master
2382,2194,2288,188,4576,average
2127,2038,2082,89,4165,novice
2170,1852,2011,318,4022,novice
2436,2469,2452,-33,4905,grandmaster
1668,1317,1492,351,2985,novice
2000,1970,1985,30,3970,novice
2579,2232,2405,347,4811,master
2259,2446,2352,-187,4705,master
2267,2223,2245,44,4490,average
2252,2494,2373,-242,4746,master
2413,2556,2484,-143,4969,grandmaster
2481,2586,2533,-105,5067,grandmaster
1960,1863,1911,97,3823,novice
1976,1626,1801,350,3602,novice
2011,1967,1989,44,3978,novice
2641,2547,2594,94,5188,grandmaster
2472,2270,2371,202,4742,master
2406,2120,2263,286,4526,average
2172,2089,2130,83,4261,average
2336,2441,2388,-105,4777,master
2004,2097,2050,-93,4101,novice
2705,2465,2585,240,5170,grandmaster
2637,2722,2679,-85,5359,grandmaster
2007,1822,1914,185,3829,novice
2200,2389,2294,-189,4589,average
2214,2001,2107,213,4215,average
2421,2257,2339,164,4678,master
1664,1797,1730,-133,3461,novice
2219,1933,2076,286,4152,novice
1985,2383,2184,-398,4368,average
2643,2247,2445,396,4890,master
2597,2413,2505,184,5010,grandmaster
2171,2446,2308,-275,4617,master
2431,2462,2446,-31,4893,master
2510,2274,2392,236,4784,master
2099,1989,2044,110,4088,novice
1949,2152,2050,-203,4101,novice
2305,2395,2350,-90,4700,master
2167,2520,2343,-353,4687,master
2580,2234,2407,346,4814,master
2676,2505,2590,171,5181,grandmaster
2253,2655,2454,-402,4908,grandmaster
2589,2633,2611,-44,5222,grandmaster
1696,1863,1779,-167,3559,novice
2149,1902,2025,247,4051,novice
2303,2185,2244,118,4488,average
2568,2410,2489,158,4978,grandmaster
2446,2294,2370,152,4740,master
2419,2484,2451,-65,4903,grandmaster
2128,2386,2257,-258,4514,average
2201,1799,2000,402,4000,novice
2235,2634,2434,-399,4869,master
2332,2680,2506,-348,5012,grandmaster
2081,1981,2031,100,4062,novice
2434,2550,2492,-116,4984,grandmaster
2120,2103,2111,17,4223,average
1656,2112,1884,-456,3768,novice
2421,2136,2278,285,4557,average
2313,2481,2397,-168,4794,master
2453,2402,2427,51,4855,master
2149,2515,2332,-366,4664,master
2302,1959,2130,343,4261,average
2784,2803,2793,-19,5587,grandmaster
2283,2594,2438,-311,4877,master
2557,2708,2632,-151,5265,grandmaster
2151,2104,2127,47,4255,average
2478,2596,2537,-118,5074,grandmaster
1910,1798,1854,112,3708,novice
2500,1933,2216,567,4433,average
1890,2145,2017,-255,4035,novice
2470,2531,2500,-61,5001,grandmaster
2343,2294,2318,49,4637,master
1658,1788,1723,-130,3446,novice
2333,2132,2232,201,4465,average
2163,2322,2242,-159,4485,average
2024,2254,2139,-230,4278,average
2218,2432,2325,-214,4650,master
1987,1824,1905,163,3811,novice
2682,2455,2568,227,5137,grandmaster
1900,2055,1977,-155,3955,novice
2438,2287,2362,151,4725,master
2000,2536,2268,-536,4536,average
1712,1912,1812,-200,3624,novice
2430,2021,2225,409,4451,average
1955,2198,2076,-243,4153,novice
2423,2140,2281,283,4563,average
2217,2063,2140,154,4280,average
1981,1860,1920,121,3841,novice
2267,2383,2325,-116,4650,master
2342,1985,2163,357,4327,average
2163,2500,2331,-337,4663,master
2417,2404,2410,13,4821,master
2149,2045,2097,104,4194,novice
1936,1688,1812,248,3624,novice
2072,1724,1898,348,3796,novice
2402,2582,2492,-180,4984,grandmaster
2152,1907,2029,245,4059,novice
2263,1995,2129,268,4258,average
1724,2020,1872,-296,3744,novice
2131,1949,2040,182,4080,novice
2123,2147,2135,-24,4270,average
2074,2255,2164,-181,4329,average
2303,2430,2366,-127,4733,master
2308,2199,2253,109,4507,average
1670,2104,1887,-434,3774,novice
2042,2442,2242,-400,4484,average
2462,1978,2220,484,4440,average
2427,2400,2413,27,4827,master
2294,2572,2433,-278,4866,master
2562,2308,2435,254,4870,master
1893,2024,1958,-131,3917,novice
2667,2603,2635,64,5270,grandmaster
2209,2120,2164,89,4329,average
2348,2242,2295,106,4590,average
1438,1700,1569,-262,3138,novice
2131,2126,2128,5,4257,average
2376,2255,2315,121,4631,master
2284,2534,2409,-250,4818,master
2683,2550,2616,133,5233,grandmaster
2702,2377,2539,325,5079,grandmaster
1986,1794,1890,192,3780,novice
2385,2267,2326,118,4652,master
2145,1955,2050,190,4100,novice
2161,2410,2285,-249,4571,average
2431,2055,2243,376,4486,average
2211,2305,2258,-94,4516,average
1552,2446,1999,-894,3998,novice
1531,1793,1662,-262,3324,novice
2337,2543,2440,-206,4880,master
2064,2259,2161,-195,4323,average
2680,2543,2611,137,5223,grandmaster
2151,1979,2065,172,4130,novice
2277,2005,2141,272,4282,average
2473,2377,2425,96,4850,master
2159,2338,2248,-179,4497,average
2295,2398,2346,-103,4693,master
2572,2126,2349,446,4698,master
2167,2387,2277,-220,4554,average
2230,2320,2275,-90,4550,average
2311,2079,2195,232,4390,average
2275,2034,2154,241,4309,average
1846,1981,1913,-135,3827,novice
2250,2119,2184,131,4369,average
2209,2316,2262,-107,4525,average
1688,1971,1829,-283,3659,novice
2367,2092,2229,275,4459,average
2497,2276,2386,221,4773,master
2316,2009,2162,307,4325,average
2151,2235,2193,-84,4386,average
1753,1863,1808,-110,3616,novice
1915,2043,1979,-128,3958,novice
2262,2223,2242,39,4485,average
2388,2669,2528,-281,5057,grandmaster
2589,2526,2557,63,5115,grandmaster
2609,2562,2585,47,5171,grandmaster
2444,2424,2434,20,4868,master
2178,2516,2347,-338,4694,master
2560,2602,2581,-42,5162,grandmaster
2261,2143,2202,118,4404,average
2567,2353,2460,214,4920,grandmaster
2109,1928,2018,181,4037,novice
1995,1889,1942,106,3884,novice
2374,2423,2398,-49,4797,master
2120,2079,2099,41,4199,novice
2063,1804,1933,259,3867,novice
2206,2670,2438,-464,4876,master
2418,2526,2472,-108,4944,grandmaster
2436,2410,2423,26,4846,master
2426,2303,2364,123,4729,master
2152,2013,2082,139,4165,novice
2138,2250,2194,-112,4388,average
2160,2262,2211,-102,4422,average
2228,2266,2247,-38,4494,average
2683,2708,2695,-25,5391,grandmaster
2379,2504,2441,-125,4883,master
2593,2204,2398,389,4797,master
2441,2502,2471,-61,4943,grandmaster
2412,2317,2364,95,4729,master
2375,2141,2258,234,4516,average
2665,2457,2561,208,5122,grandmaster
2517,2389,2453,128,4906,grandmaster
2376,2323,2349,53,4699,master
1734,1966,1850,-232,3700,novice
2132,1952,2042,180,4084,novice
1731,1904,1817,-173,3635,novice
2350,2304,2327,46,4654,master
1821,1989,1905,-168,3810,novice
2408,2534,2471,-126,4942,grandmaster
2343,2540,2441,-197,4883,master
2530,2407,2468,123,4937,grandmaster
2401,2355,2378,46,4756,master
1706,2229,1967,-523,3935,novice
1847,2057,1952,-210,3904,novice
2402,2095,2248,307,4497,average
2196,2385,2290,-189,4581,average
2469,2805,2637,-336,5274,grandmaster
2393,2364,2378,29,4757,master
2238,2350,2294,-112,4588,average
2498,2548,2523,-50,5046,grandmaster
1897,1820,1858,77,3717,novice
1768,2165,1966,-397,3933,novice
2062,2180,2121,-118,4242,average
2279,2393,2336,-114,4672,master
2279,1729,2004,550,4008,novice
2221,2306,2263,-85,4527,average
2568,2449,2508,119,5017,grandmaster
1988,2229,2108,-241,4217,average
2590,2708,2649,-118,5298,grandmaster
2030,1844,1937,186,3874,novice
2390,2092,2241,298,4482,average
2036,1802,1919,234,3838,novice
2265,2135,2200,130,4400,average
2644,2591,2617,53,5235,grandmaster
2453,2569,2511,-116,5022,grandmaster
2393,2561,2477,-168,4954,grandmaster
2178,2471,2324,-293,4649,master
1934,2236,2085,-302,4170,novice
2249,2248,2248,1,4497,average
1934,2061,1997,-127,3995,novice
2241,2029,2135,212,4270,average
2232,2639,2435,-407,4871,master
2507,2577,2542,-70,5084,grandmaster
2609,2183,2396,426,4792,master
2423,2539,2481,-116,4962,grandmaster
2082,2237,2159,-155,4319,average
2666,2687,2676,-21,5353,grandmaster
2044,2086,2065,-42,4130,novice
1619,1799,1709,-180,3418,novice
1785,2143,1964,-358,3928,novice
2194,2444,2319,-250,4638,master
2414,2390,2402,24,4804,master
2064,1836,1950,228,3900,novice
2090,1969,2029,121,4059,novice
2252,2215,2233,37,4467,average
1716,1821,1768,-105,3537,novice
2693,2717,2705,-24,5410,grandmaster
2293,2205,2249,88,4498,average
1930,2058,1994,-128,3988,novice
2292,2533,2412,-241,4825,master
1897,2015,1956,-118,3912,novice
2282,2725,2503,-443,5007,grandmaster
2200,2037,2118,163,4237,average
1876,2118,1997,-242,3994,novice
1975,1654,1814,321,3629,novice
1770,2103,1936,-333,3873,novice
2085,2502,2293,-417,4587,average
2431,2468,2449,-37,4899,master
1649,1487,1568,162,3136,novice
2078,2436,2257,-358,4514,average
2147,2385,2266,-238,4532,average
1945,2170,2057,-225,4115,novice
2298,2338,2318,-40,4636,master
2278,2144,2211,134,4422,average
2389,2359,2374,30,4748,master
1929,1916,1922,13,3845,novice
2423,2197,2310,226,4620,master
1595,1830,1712,-235,3425,novice
2237,2231,2234,6,4468,average
2302,2245,2273,57,4547,average
1812,2285,2048,-473,4097,novice
1838,1303,1570,535,3141,novice
2158,2228,2193,-70,4386,average
2321,2545,2433,-224,4866,master
2602,2495,2548,107,5097,grandmaster
2015,1844,1929,171,3859,novice
2178,2412,2295,-234,4590,average
2068,2161,2114,-93,4229,average
2267,2545,2406,-278,4812,master
2074,2235,2154,-161,4309,average
2332,2136,2234,196,4468,average
2579,2618,2598,-39,5197,grandmaster
2072,2002,2037,70,4074,novice
1698,1866,1782,-168,3564,novice
1999,2239,2119,-240,4238,average
2092,2345,2218,-253,4437,average
2213,1781,1997,432,3994,novice
1950,1641,1795,309,3591,novice
2308,2475,2391,-167,4783,master
2309,2102,2205,207,4411,average
2367,2414,2390,-47,4781,master
2405,1977,2191,428,4382,average
2663,2467,2565,196,5130,grandmaster
2339,2387,2363,-48,4726,master
2242,1790,2016,452,4032,novice
2341,2178,2259,163,4519,average
2071,2308,2189,-237,4379,average
2212,2185,2198,27,4397,average
2363,2494,2428,-131,4857,master
2121,2307,2214,-186,4428,average
2053,1980,2016,73,4033,novice
2331,2115,2223,216,4446,average
2305,2213,2259,92,4518,average
2387,2030,2208,357,4417,average
2403,2059,2231,344,4462,average
2411,2218,2314,193,4629,master
2274,2228,2251,46,4502,average
2412,2223,2317,189,4635,master
1976,2138,2057,-162,4114,novice
2058,2235,2146,-177,4293,average
2337,2255,2296,82,4592,average
2285,2063,2174,222,4348,average
2293,2436,2364,-143,4729,master
2186,2430,2308,-244,4616,master
2130,1787,1958,343,3917,novice
2446,2242,2344,204,4688,master
2517,2308,2412,209,4825,master
2102,2073,2087,29,4175,novice
2173,1786,1979,387,3959,novice
2196,1883,2039,313,4079,novice
2503,2498,2500,5,5001,grandmaster
2133,2090,2111,43,4223,average
2483,2469,2476,14,4952,grandmaster
2234,2298,2266,-64,4532,average
2206,2085,2145,121,4291,average
1948,2140,2044,-192,4088,novice
1793,1572,1682,221,3365,novice
1986,2131,2058,-145,4117,novice
1896,2140,2018,-244,4036,novice
2552,2691,2621,-139,5243,grandmaster
2473,2265,2369,208,4738,master
2724,2602,2663,122,5326,grandmaster
2597,2545,2571,52,5142,grandmaster
2255,2476,2365,-221,4731,master
2547,2354,2450,193,4901,master
2180,2261,2220,-81,4441,average
2356,2390,2373,-34,4746,master
2342,2008,2175,334,4350,average
2017,1944,1980,73,3961,novice
2502,2604,2553,-102,5106,grandmaster
1783,2070,1926,-287,3853,novice
1792,1546,1669,246,3338,novice
2021,1830,1925,191,3851,novice
2553,1805,2179,748,4358,average
2211,2120,2165,91,4331,average
1976,2454,2215,-478,4430,average
2004,1770,1887,234,3774,novice
2187,2244,2215,-57,4431,average
2639,2663,2651,-24,5302,grandmaster
2257,2486,2371,-229,4743,master
2454,2276,2365,178,4730,master
2330,2197,2263,133,4527,average
1811,2108,1959,-297,3919,novice
2347,2052,2199,295,4399,average
2129,2074,2101,55,4203,average
2285,2259,2272,26,4544,average
2285,2575,2430,-290,4860,master
2557,2584,2570,-27,5141,grandmaster
2295,2505,2400,-210,4800,master
2145,2104,2124,41,4249,average
2258,2210,2234,48,4468,average
2586,2470,2528,116,5056,grandmaster
2359,2415,2387,-56,4774,master
1419,1607,1513,-188,3026,novice
2092,2292,2192,-200,4384,average
2739,2619,2679,120,5358,grandmaster
2200,2042,2121,158,4242,average
2296,2616,2456,-320,4912,grandmaster
1595,1555,1575,40,3150,novice
2108,2685,2396,-577,4793,master
2271,2635,2453,-364,4906,grandmaster
2482,2274,2378,208,4756,master
1876,2320,2098,-444,4196,novice
1736,2169,1952,-433,3905,novice
2364,2125,2244,239,4489,average
1952,2479,2215,-527,4431,average
2157,2439,2298,-282,4596,average
2380,2570,2475,-190,4950,grandmaster
1731,1772,1751,-41,3503,novice
2114,2312,2213,-198,4426,average
2431,2029,2230,402,4460,average
2298,2137,2217,161,4435,average
2321,2447,2384,-126,4768,master
2404,2593,2498,-189,4997,grandmaster
2517,2298,2407,219,4815,master
1811,2116,1963,-305,3927,novice
2651,2680,2665,-29,5331,grandmaster
2025,2081,2053,-56,4106,novice
2447,2623,2535,-176,5070,grandmaster
2254,2445,2349,-191,4699,master
2300,2377,2338,-77,4677,master
2338,2185,2261,153,4523,average
2672,2475,2573,197,5147,grandmaster
2435,2530,2482,-95,4965,grandmaster
2211,2306,2258,-95,4517,average
2194,2131,2162,63,4325,average
2468,2569,2518,-101,5037,grandmaster
2378,2636,2507,-258,5014,grandmaster
2368,2153,2260,215,4521,average
2261,2132,2196,129,4393,average
1974,2384,2179,-410,4358,average
2434,2556,2495,-122,4990,grandmaster
2585,2173,2379,412,4758,master
2637,2580,2608,57,5217,grandmaster
2016,2335,2175,-319,4351,average
2195,1683,1939,512,3878,novice
2577,2758,2667,-181,5335,grandmaster
2730,2544,2637,186,5274,grandmaster
2705,2616,2660,89,5321,grandmaster
2188,2170,2179,18,4358,average
2384,2347,2365,37,4731,master
2257,2680,2468,-423,4937,grandmaster
2306,2064,2185,242,4370,average
2232,2166,2199,66,4398,average
2222,2185,2203,37,4407,average
2363,2330,2346,33,4693,master
2655,2499,2577,156,5154,grandmaster
2527,2427,2477,100,4954,grandmaster
2422,2535,2478,-113,4957,grandmaster
2158,1928,2043,230,4086,novice
2577,2365,2471,212,4942,grandmaster
2124,2229,2176,-105,4353,average
2641,2315,2478,326,4956,grandmaster
2254,2380,2317,-126,4634,master
1845,1776,1810,69,3621,novice
2521,2585,2553,-64,5106,grandmaster
2506,2295,2400,211,4801,master
2058,2361,2209,-303,4419,average
1939,2141,2040,-202,4080,novice
2244,2574,2409,-330,4818,master
2358,2505,2431,-147,4863,master
2013,2311,2162,-298,4324,average
2121,1984,2052,137,4105,novice
2315,2446,2380,-131,4761,master
1604,1947,1775,-343,3551,novice
2015,1748,1881,267,3763,novice
2366,2024,2195,342,4390,average
2431,2516,2473,-85,4947,grandmaster
2296,2296,2296,0,4592,average
2342,2054,2198,288,4396,average
2329,2330,2329,-1,4659,master
1887,2509,2198,-622,4396,average
1722,1697,1709,25,3419,novice
2478,2331,2404,147,4809,master
2441,2512,2476,-71,4953,grandmaster
1650,1407,1528,243,3057,novice
1905,2249,2077,-344,4154,novice
1974,2113,2043,-139,4087,novice
1839,1683,1761,156,3522,novice
2194,2157,2175,37,4351,average
2107,2113,2110,-6,4220,average
2436,2214,2325,222,4650,master
2723,2553,2638,170,5276,grandmaster
2254,2275,2264,-21,4529,average
1739,1602,1670,137,3341,novice
2544,2613,2578,-69,5157,grandmaster
2573,2633,2603,-60,5206,grandmaster
2170,2032,2101,138,4202,average
2275,2275,2275,0,4550,average
2049,2229,2139,-180,4278,average
2273,2521,2397,-248,4794,master
1787,1997,1892,-210,3784,novice
2061,2354,2207,-293,4415,average
2377,2467,2422,-90,4844,master
2164,2134,2149,30,4298,average
2152,2301,2226,-149,4453,average
2303,2181,2242,122,4484,average
2309,2256,2282,53,4565,average
2605,2375,2490,230,4980,grandmaster
2336,2274,2305,62,4610,master
2320,2398,2359,-78,4718,master
2473,2319,2396,154,4792,master
1335,1680,1507,-345,3015,novice
2292,2458,2375,-166,4750,master
2120,2518,2319,-398,4638,master
2592,2325,2458,267,4917,grandmaster
2145,2008,2076,137,4153,novice
2420,1951,2185,469,4371,average
2176,2133,2154,43,4309,average
2368,2213,2290,155,4581,average
1970,2360,2165,-390,4330,average
2093,2208,2150,-115,4301,average
1974,1830,1902,144,3804,novice
2138,2250,2194,-112,4388,average
2388,2446,2417,-58,4834,master
2133,2300,2216,-167,4433,average
2486,2427,2456,59,4913,grandmaster
2298,2082,2190,216,4380,average
2111,1786,1948,325,3897,novice
2501,2568,2534,-67,5069,grandmaster
2550,2567,2558,-17,5117,grandmaster
1432,2016,1724,-584,3448,novice
2474,2528,2501,-54,5002,grandmaster
2611,2450,2530,161,5061,grandmaster
2141,1771,1956,370,3912,novice
2301,2161,2231,140,4462,average
1917,1836,1876,81,3753,novice
2187,1767,1977,420,3954,novice
2028,1947,1987,81,3975,novice
1464,1768,1616,-304,3232,novice
2266,2238,2252,28,4504,average
2319,2166,2242,153,4485,average
2474,2239,2356,235,4713,master
2268,2436,2352,-168,4704,master
2342,2369,2355,-27,4711,master
2428,2053,2240,375,4481,average
2560,2375,2467,185,4935,grandmaster
2520,2229,2374,291,4749,master
2289,1980,2134,309,4269,average
1814,2120,1967,-306,3934,novice
2100,2459,2279,-359,4559,average
2417,2459,2438,-42,4876,master
2062,2211,2136,-149,4273,average
2545,2279,2412,266,4824,master
2484,2390,2437,94,4874,master
1991,2499,2245,-508,4490,average
2483,2417,2450,66,4900,master
1436,1814,1625,-378,3250,novice
2517,2250,2383,267,4767,master
2707,2635,2671,72,5342,grandmaster
1968,1983,1975,-15,3951,novice
2029,2302,2165,-273,4331,average
2186,2455,2320,-269,4641,master
2054,2145,2099,-91,4199,novice
2069,2402,2235,-333,4471,average
2609,2274,2441,335,4883,master
2410,2405,2407,5,4815,master
2500,2531,2515,-31,5031,grandmaster
2266,2470,2368,-204,4736,master
2404,2519,2461,-115,4923,grandmaster
2573,2464,2518,109,5037,grandmaster
1945,2216,2080,-271,4161,novice
2541,2503,2522,38,5044,grandmaster
2538,2449,2493,89,4987,grandmaster
2052,1909,1980,143,3961,novice
1948,1740,1844,208,3688,novice
2344,2183,2263,161,4527,average
2293,2157,2225,136,4450,average
1880,2139,2009,-259,4019,novice
2336,1871,2103,465,4207,average
2259,2027,2143,232,4286,average
2100,1844,1972,256,3944,novice
2545,2312,2428,233,4857,master
1989,2161,2075,-172,4150,novice
2338,2332,2335,6,4670,master
2837,2763,2800,74,5600,grandmaster
2373,2463,2418,-90,4836,master
1838,1970,1904,-132,3808,novice
1933,1704,1818,229,3637,novice
1976,1929,1952,47,3905,novice
1490,1858,1674,-368,3348,novice
2302,2506,2404,-204,4808,master
2322,2329,2325,-7,4651,master
2246,2224,2235,22,4470,average
2242,2157,2199,85,4399,average
2058,1904,1981,154,3962,novice
2078,2478,2278,-400,4556,average
1675,1859,1767,-184,3534,novice
2476,2524,2500,-48,5000,grandmaster
2234,2081,2157,153,4315,average
2041,2275,2158,-234,4316,average
2131,2141,2136,-10,4272,average
2281,2402,2341,-121,4683,master
2213,1819,2016,394,4032,novice
2211,2461,2336,-250,4672,master
2399,2571,2485,-172,4970,grandmaster
2331,2380,2355,-49,4711,master
2110,1812,1961,298,3922,novice
2132,2333,2232,-201,4465,average
2416,2119,2267,297,4535,average
2165,1817,1991,348,3982,novice
1564,1837,1700,-273,3401,novice
2104,1939,2021,165,4043,novice
2653,2762,2707,-109,5415,grandmaster
2167,2007,2087,160,4174,novice
2188,2243,2215,-55,4431,average
2250,2152,2201,98,4402,average
2626,2567,2596,59,5193,grandmaster
2302,2524,2413,-222,4826,master
1844,2237,2040,-393,4081,novice
1698,1831,1764,-133,3529,novice
2069,1641,1855,428,3710,novice
2170,2327,2248,-157,4497,average
2465,2552,2508,-87,5017,grandmaster
2248,2566,2407,-318,4814,master
2252,2053,2152,199,4305,average
2362,2182,2272,180,4544,average
2494,2660,2577,-166,5154,grandmaster
1911,2087,1999,-176,3998,novice
2192,2245,2218,-53,4437,average
2698,2670,2684,28,5368,grandmaster
2692,2641,2666,51,5333,grandmaster
2445,2249,2347,196,4694,master
1529,1897,1713,-368,3426,novice
2209,2094,2151,115,4303,average
2112,1878,1995,234,3990,novice
2168,1874,2021,294,4042,novice
2737,2762,2749,-25,5499,grandmaster
2026,1847,1936,179,3873,novice
2388,2613,2500,-225,5001,grandmaster
2369,2054,2211,315,4423,average
2106,2295,2200,-189,4401,average
2167,2540,2353,-373,4707,master
2030,1887,1958,143,3917,novice
2061,2243,2152,-182,4304,average
1946,1918,1932,28,3864,novice
2289,2416,2352,-127,4705,master
2134,2255,2194,-121,4389,average
2478,2557,2517,-79,5035,grandmaster
1972,2447,2209,-475,4419,average
2489,2340,2414,149,4829,master
2354,2237,2295,117,4591,average
2143,2607,2375,-464,4750,master
2610,2181,2395,429,4791,master
2127,2107,2117,20,4234,average
2637,2622,2629,15,5259,grandmaster
2664,2671,2667,-7,5335,grandmaster
2523,2579,2551,-56,5102,grandmaster
1922,2235,2078,-313,4157,novice
2307,2167,2237,140,4474,average
2603,2442,2522,161,5045,grandmaster
2564,2631,2597,-67,5195,grandmaster
2033,2270,2151,-237,4303,average
2530,2350,2440,180,4880,master
2316,1735,2025,581,4051,novice
2145,2303,2224,-158,4448,average
2699,2538,2618,161,5237,grandmaster
2388,2240,2314,148,4628,master
2393,2529,2461,-136,4922,grandmaster
2432,2506,2469,-74,4938,grandmaster
2624,2663,2643,-39,5287,grandmaster
2122,2027,2074,95,4149,novice
1892,2410,2151,-518,4302,average
2320,2533,2426,-213,4853,master
2170,2250,2210,-80,4420,average
2433,2233,2333,200,4666,master
2723,2586,2654,137,5309,grandmaster
2355,2512,2433,-157,4867,master
1858,2408,2133,-550,4266,average
1909,2445,2177,-536,4354,average
2254,2377,2315,-123,4631,master
1783,1660,1721,123,3443,novice
1571,1877,1724,-306,3448,novice
2393,2356,2374,37,4749,master
1734,1995,1864,-261,3729,novice
2042,2390,2216,-348,4432,average
2483,2564,2523,-81,5047,grandmaster
2437,2348,2392,89,4785,master
2289,2273,2281,16,4562,average
2270,1970,2120,300,4240,average
2785,2724,2754,61,5509,grandmaster
1668,1901,1784,-233,3569,novice
2200,2508,2354,-308,4708,master
2371,2540,2455,-169,4911,grandmaster
1787,1805,1796,-18,3592,novice
2184,2388,2286,-204,4572,average
2585,2389,2487,196,4974,grandmaster
2557,2655,2606,-98,5212,grandmaster
2353,2157,2255,196,4510,average
2260,2549,2404,-289,4809,master
2113,2386,2249,-273,4499,average
2076,2074,2075,2,4150,novice
2221,2340,2280,-119,4561,average
2490,2543,2516,-53,5033,grandmaster
2198,1967,2082,231,4165,novice
2561,2461,2511,100,5022,grandmaster
2432,2231,2331,201,4663,master
2235,2278,2256,-43,4513,average
2517,2035,2276,482,4552,average
2135,1930,2032,205,4065,novice
2132,2517,2324,-385,4649,master
2122,2438,2280,-316,4560,average
2266,2343,2304,-77,4609,master
1622,1762,1692,-140,3384,novice
2241,2413,2327,-172,4654,master
2484,1906,2195,578,4390,average
2213,2604,2408,-391,4817,master
1470,1951,1710,-481,3421,novice
1996,2219,2107,-223,4215,average
2330,2044,2187,286,4374,average
2679,2622,2650,57,5301,grandmaster
1868,1991,1929,-123,3859,novice
2486,2037,2261,449,4523,average
2503,2417,2460,86,4920,grandmaster
2707,2493,2600,214,5200,grandmaster
2584,2682,2633,-98,5266,grandmaster
2280,2467,2373,-187,4747,master
2374,1899,2136,475,4273,average
2206,2342,2274,-136,4548,average
2617,2679,2648,-62,5296,grandmaster
2598,2215,2406,383,4813,master
1854,1882,1868,-28,3736,novice
2527,2543,2535,-16,5070,grandmaster
2200,2278,2239,-78,4478,average
2529,2328,2428,201,4857,master
2165,2170,2167,-5,4335,average
2384,2333,2358,51,4717,master
1953,2178,2065,-225,4131,novice
1557,1810,1683,-253,3367,novice
2049,2064,2056,-15,4113,novice
2371,2273,2322,98,4644,master
2429,2523,2476,-94,4952,grandmaster
2495,1836,2165,659,4331,average
2492,2348,2420,144,4840,master
2485,2713,2599,-228,5198,grandmaster
2178,2351,2264,-173,4529,average
2054,2056,2055,-2,4110,novice
2598,2375,2486,223,4973,grandmaster
2023,2298,2160,-275,4321,average
2050,2368,2209,-318,4418,average
2503,2409,2456,94,4912,grandmaster
2500,2281,2390,219,4781,master
2442,2201,2321,241,4643,master
1573,1835,1704,-262,3408,novice
2324,2458,2391,-134,4782,master
2556,2724,2640,-168,5280,grandmaster
2120,2087,2103,33,4207,average
2173,1909,2041,264,4082,novice
2214,2423,2318,-209,4637,master
2633,2359,2496,274,4992,grandmaster
1989,2270,2129,-281,4259,average
2306,2207,2256,99,4513,average
2065,2271,2168,-206,4336,average
2046,2075,2060,-29,4121,novice
2559,2427,2493,132,4986,grandmaster
2220,1836,2028,384,4056,novice
1794,2377,2085,-583,4171,novice
2140,1975,2057,165,4115,novice
2445,2509,2477,-64,4954,grandmaster
2410,2218,2314,192,4628,master
2500,2106,2303,394,4606,master
2100,2003,2051,97,4103,novice
2345,2564,2454,-219,4909,grandmaster
2043,2306,2174,-263,4349,average
2411,2256,2333,155,4667,master
2346,2399,2372,-53,4745,master
2632,2446,2539,186,5078,grandmaster
1999,1646,1822,353,3645,novice
2613,2564,2588,49,5177,grandmaster
2326,2534,2430,-208,4860,master
2534,2552,2543,-18,5086,grandmaster
2102,2005,2053,97,4107,novice
2305,2532,2418,-227,4837,master
1884,1837,1860,47,3721,novice
2104,1838,1971,266,3942,novice
1886,2063,1974,-177,3949,novice
2772,2567,2669,205,5339,grandmaster
2043,1820,1931,223,3863,novice
2538,2311,2424,227,4849,master
2140,2549,2344,-409,4689,master
2279,2566,2422,-287,4845,master
2102,2032,2067,70,4134,novice
2276,2467,2371,-191,4743,master
2257,2137,2197,120,4394,average
2121,2409,2265,-288,4530,average
2178,2350,2264,-172,4528,average
2544,2463,2503,81,5007,grandmaster
2101,2224,2162,-123,4325,average
2610,2657,2633,-47,5267,grandmaster
2073,2139,2106,-66,4212,average
2625,2571,2598,54,5196,grandmaster
2066,2099,2082,-33,4165,novice
2661,2200,2430,461,4861,master
2202,2106,2154,96,4308,average
2564,2416,2490,148,4980,grandmaster
2264,2146,2205,118,4410,average
2622,2297,2459,325,4919,grandmaster
2507,2392,2449,115,4899,master
2020,2006,2013,14,4026,novice
2562,2175,2368,387,4737,master
2457,2463,2460,-6,4920,grandmaster
2144,1860,2002,284,4004,novice
2279,2450,2364,-171,4729,master
2502,2331,2416,171,4833,master
2248,2378,2313,-130,4626,master
2507,2640,2573,-133,5147,grandmaster
2063,2371,2217,-308,4434,average
2168,2251,2209,-83,4419,average
2193,1909,2051,284,4102,novice
2672,2734,2703,-62,5406,grandmaster
2204,2003,2103,201,4207,average
2265,2138,2201,127,4403,average
2441,2564,2502,-123,5005,grandmaster
2754,2582,2668,172,5336,grandmaster
2546,2614,2580,-68,5160,grandmaster
2222,2079,2150,143,4301,average
2550,2524,2537,26,5074,grandmaster
2386,2359,2372,27,4745,master
2088,2215,2151,-127,4303,average
2749,2607,2678,142,5356,grandmaster
1589,1807,1698,-218,3396,novice
2318,2247,2282,71,4565,average
2222,2033,2127,189,4255,average
2412,2346,2379,66,4758,master
2253,2420,2336,-167,4673,master
2474,2471,2472,3,4945,grandmaster
2215,2361,2288,-146,4576,average
2336,2564,2450,-228,4900,master
2418,2285,2351,133,4703,master
2237,2250,2243,-13,4487,average
2305,2518,2411,-213,4823,master
2538,2547,2542,-9,5085,grandmaster
2107,1958,2032,149,4065,novice
2387,2716,2551,-329,5103,grandmaster
2292,2197,2244,95,4489,average
2292,2195,2243,97,4487,average
2752,2773,2762,-21,5525,grandmaster
2414,2546,2480,-132,4960,grandmaster
2455,2178,2316,277,4633,master
2757,2578,2667,179,5335,grandmaster
2486,2482,2484,4,4968,grandmaster
2260,2460,2360,-200,4720,master
2152,1775,1963,377,3927,novice
2036,2240,2138,-204,4276,average
2557,2324,2440,233,4881,master
2322,2303,2312,19,4625,master
2232,1938,2085,294,4170,novice
2453,2550,2501,-97,5003,grandmaster
2482,2535,2508,-53,5017,grandmaster
2420,2638,2529,-218,5058,grandmaster
2214,1886,2050,328,4100,novice
1843,1522,1682,321,3365,novice
2663,2569,2616,94,5232,grandmaster
2506,2717,2611,-211,5223,grandmaster
2318,1848,2083,470,4166,novice
2285,2416,2350,-131,4701,master
2244,2115,2179,129,4359,average
2520,2096,2308,424,4616,master
1978,2086,2032,-108,4064,novice
2137,2361,2249,-224,4498,average
1808,1794,1801,14,3602,novice
2154,2308,2231,-154,4462,average
2436,2436,2436,0,4872,master
1861,2027,1944,-166,3888,novice
2322,2121,2221,201,4443,average
2548,2296,2422,252,4844,master
2368,2491,2429,-123,4859,master
2304,2352,2328,-48,4656,master
2321,2148,2234,173,4469,average
1744,1617,1680,127,3361,novice
2270,2240,2255,30,4510,average
2625,2416,2520,209,5041,grandmaster
2388,2104,2246,284,4492,average
2686,2344,2515,342,5030,grandmaster
2008,2304,2156,-296,4312,average
1648,2422,2035,-774,4070,novice
1939,2338,2138,-399,4277,average
2212,2184,2198,28,4396,average
2586,2253,2419,333,4839,master
1739,2096,1917,-357,3835,novice
1757,1819,1788,-62,3576,novice
2513,2308,2410,205,4821,master
2449,2053,2251,396,4502,average
1888,1519,1703,369,3407,novice
2601,2350,2475,251,4951,grandmaster
2464,2129,2296,335,4593,average
2162,2026,2094,136,4188,novice
2346,2076,2211,270,4422,average
2660,2633,2646,27,5293,grandmaster
2428,2433,2430,-5,4861,master
2050,2029,2039,21,4079,novice
2538,2257,2397,281,4795,master
2258,2461,2359,-203,4719,master
2168,1959,2063,209,4127,novice
1921,2169,2045,-248,4090,novice
2172,1958,2065,214,4130,novice
2216,1977,2096,239,4193,novice
2632,2730,2681,-98,5362,grandmaster
2521,2294,2407,227,4815,master
2272,2622,2447,-350,4894,master
2338,2153,2245,185,4491,average
2131,2351,2241,-220,4482,average
2412,2520,2466,-108,4932,grandmaster
2366,2522,2444,-156,4888,master
2586,2659,2622,-73,5245,grandmaster
2362,2562,2462,-200,4924,grandmaster
2165,1977,2071,188,4142,novice
1630,1979,1804,-349,3609,novice
2318,2008,2163,310,4326,average
2613,2664,2638,-51,5277,grandmaster
2234,2453,2343,-219,4687,master
2293,2471,2382,-178,4764,master
2123,2358,2240,-235,4481,average
2478,2328,2403,150,4806,master
2067,2311,2189,-244,4378,average
2110,1900,2005,210,4010,novice
1892,2310,2101,-418,4202,average
2093,2091,2092,2,4184,novice
2468,2437,2452,31,4905,grandmaster
1622,1245,1433,377,2867,novice
2251,2307,2279,-56,4558,average
2345,2473,2409,-128,4818,master
2308,2586,2447,-278,4894,master
2472,2240,2356,232,4712,master
2066,1985,2025,81,4051,novice
2603,2405,2504,198,5008,grandmaster
1532,1871,1701,-339,3403,novice
2405,2025,2215,380,4430,average
2187,1805,1996,382,3992,novice
2521,2037,2279,484,4558,average
2224,2204,2214,20,4428,average
2297,2430,2363,-133,4727,master
1708,1897,1802,-189,3605,novice
2363,2374,2368,-11,4737,master
1278,1858,1568,-580,3136,novice
2536,1881,2208,655,4417,average
1549,1591,1570,-42,3140,novice
1869,2011,1940,-142,3880,novice
2580,2466,2523,114,5046,grandmaster
2146,2322,2234,-176,4468,average
2700,2497,2598,203,5197,grandmaster
2328,2098,2213,230,4426,average
2588,2667,2627,-79,5255,grandmaster
2372,2496,2434,-124,4868,master
2476,2587,2531,-111,5063,grandmaster
2520,2278,2399,242,4798,master
1831,1796,1813,35,3627,novice
2117,2266,2191,-149,4383,average
2140,2360,2250,-220,4500,average
2420,2386,2403,34,4806,master
2141,2282,2211,-141,4423,average
1853,2120,1986,-267,3973,novice
2460,2224,2342,236,4684,master
2396,2513,2454,-117,4909,grandmaster
2604,1684,2144,920,4288,average
2161,2284,2222,-123,4445,average
2184,2469,2326,-285,4653,master
2717,2712,2714,5,5429,grandmaster
2163,2424,2293,-261,4587,average
2123,2341,2232,-218,4464,average
2330,2204,2267,126,4534,average
2284,2377,2330,-93,4661,master
2599,2391,2495,208,4990,grandmaster
2029,2189,2109,-160,4218,average
2468,2199,2333,269,4667,master
2133,2328,2230,-195,4461,average
1836,2233,2034,-397,4069,novice
2393,2182,2287,211,4575,average
2294,2067,2180,227,4361,average
2471,2643,2557,-172,5114,grandmaster
2472,2260,2366,212,4732,master
2602,2231,2416,371,4833,master
2512,2192,2352,320,4704,master
2444,2574,2509,-130,5018,grandmaster
2338,2242,2290,96,4580,average
2372,2239,2305,133,4611,master
2397,2404,2400,-7,4801,master
2669,2572,2620,97,5241,grandmaster
2352,2642,2497,-290,4994,grandmaster
1927,2448,2187,-521,4375,average
2582,2455,2518,127,5037,grandmaster
2113,2296,2204,-183,4409,average
2233,2344,2288,-111,4577,average
2766,2717,2741,49,5483,grandmaster
2129,2017,2073,112,4146,novice
1916,2120,2018,-204,4036,novice
2046,2678,2362,-632,4724,master
2166,2383,2274,-217,4549,average
2408,2468,2438,-60,4876,master
2185,2152,2168,33,4337,average
2399,2570,2484,-171,4969,grandmaster
2206,1895,2050,311,4101,novice
2570,2619,2594,-49,5189,grandmaster
2084,2306,2195,-222,4390,average
1935,2133,2034,-198,4068,novice
2456,2135,2295,321,4591,average
2411,2372,2391,39,4783,master
2087,2369,2228,-282,4456,average
2427,2554,2490,-127,4981,grandmaster
2289,1992,2140,297,4281,average
2147,2456,2301,-309,4603,master
2136,2188,2162,-52,4324,average
2211,1960,2085,251,4171,novice
2051,2418,2234,-367,4469,average
1598,2288,1943,-690,3886,novice
2559,2176,2367,383,4735,master
1998,2074,2036,-76,4072,novice
2227,2547,2387,-320,4774,master
2172,2416,2294,-244,4588,average
1793,2066,1929,-273,3859,novice
2527,2043,2285,484,4570,average
2562,2496,2529,66,5058,grandmaster
2104,2365,2234,-261,4469,average
2034,2139,2086,-105,4173,novice
2196,1935,2065,261,4131,novice
1464,1812,1638,-348,3276,novice
2269,2263,2266,6,4532,average
1967,2284,2125,-317,4251,average
2081,1459,1770,622,3540,novice
2135,2049,2092,86,4184,novice
2076,1832,1954,244,3908,novice
2111,2113,2112,-2,4224,average
2589,2240,2414,349,4829,master
1972,1636,1804,336,3608,novice
2224,2081,2152,143,4305,average
2044,1953,1998,91,3997,novice
2178,2259,2218,-81,4437,average
2433,2338,2385,95,4771,master
2025,2196,2110,-171,4221,average
2317,2505,2411,-188,4822,master
2068,2206,2137,-138,4274,average
1925,2268,2096,-343,4193,novice
2330,2439,2384,-109,4769,master
2238,2030,2134,208,4268,average
2067,1874,1970,193,3941,novice
2038,2237,2137,-199,4275,average
2263,2347,2305,-84,4610,master
1798,2032,1915,-234,3830,novice
2648,2360,2504,288,5008,grandmaster
2246,2076,2161,170,4322,average
2530,2437,2483,93,4967,grandmaster
1979,2177,2078,-198,4156,novice
1737,1982,1859,-245,3719,novice
2051,2403,2227,-352,4454,average
2041,1650,1845,391,3691,novice
2291,2445,2368,-154,4736,master
2125,2036,2080,89,4161,novice
1942,2117,2029,-175,4059,novice
2712,2384,2548,328,5096,grandmaster
2099,2278,2188,-179,4377,average
2050,2450,2250,-400,4500,average
2433,2353,2393,80,4786,master
1685,1892,1788,-207,3577,novice
2383,2078,2230,305,4461,average
2599,2616,2607,-17,5215,grandmaster
2388,2654,2521,-266,5042,grandmaster
2510,2182,2346,328,4692,master
2118,2348,2233,-230,4466,average
2386,2226,2306,160,4612,master
2135,2033,2084,102,4168,novice
2343,2034,2188,309,4377,average
1983,2153,2068,-170,4136,novice
2587,2442,2514,145,5029,grandmaster
1827,2181,2004,-354,4008,novice
2624,2489,2556,135,5113,grandmaster
2403,2521,2462,-118,4924,grandmaster
2375,2308,2341,67,4683,master
2304,2515,2409,-211,4819,master
1772,2392,2082,-620,4164,novice
2594,2707,2650,-113,5301,grandmaster
2241,2402,2321,-161,4643,master
2457,2318,2387,139,4775,master
2608,2485,2546,123,5093,grandmaster
2153,1996,2074,157,4149,novice
2104,1851,1977,253,3955,novice
2532,2412,2472,120,4944,grandmaster
1812,2068,1940,-256,3880,novice
2284,2138,2211,146,4422,average
2224,2402,2313,-178,4626,master
2059,1983,2021,76,4042,novice
2399,2189,2294,210,4588,average
1897,1663,1780,234,3560,novice
1917,1837,1877,80,3754,novice
1742,1846,1794,-104,3588,novice
2190,2434,2312,-244,4624,master
2259,1611,1935,648,3870,novice
2430,2499,2464,-69,4929,grandmaster
2556,2174,2365,382,4730,master
2400,2244,2322,156,4644,master
2327,2209,2268,118,4536,average
2119,2011,2065,108,4130,novice
2428,2713,2570,-285,5141,grandmaster
2655,2735,2695,-80,5390,grandmaster
1817,2199,2008,-382,4016,novice
1370,1784,1577,-414,3154,novice
2000,2177,2088,-177,4177,novice
2211,2255,2233,-44,4466,average
1959,2041,2000,-82,4000,novice
2381,2571,2476,-190,4952,grandmaster
2119,1971,2045,148,4090,novice
2147,2293,2220,-146,4440,average
2550,2313,2431,237,4863,master
1795,2459,2127,-664,4254,average
1889,1981,1935,-92,3870,novice
2103,1805,1954,298,3908,novice
2749,2546,2647,203,5295,grandmaster
1848,1936,1892,-88,3784,novice
1972,2028,2000,-56,4000,novice
2400,2250,2325,150,4650,master
2192,2253,2222,-61,4445,average
2266,2462,2364,-196,4728,master
1963,2077,2020,-114,4040,novice
2401,2168,2284,233,4569,average
1601,1890,1745,-289,3491,novice
2218,2572,2395,-354,4790,master
1386,2334,1860,-948,3720,novice
2713,2636,2674,77,5349,grandmaster
2447,2367,2407,80,4814,master
2305,1920,2112,385,4225,average
2425,2250,2337,175,4675,master
2523,2556,2539,-33,5079,grandmaster
2132,2287,2209,-155,4419,average
2230,2451,2340,-221,4681,master
2268,2154,2211,114,4422,average
2092,2334,2213,-242,4426,average
2040,2184,2112,-144,4224,average
2655,2645,2650,10,5300,grandmaster
2160,2375,2267,-215,4535,average
2071,2350,2210,-279,4421,average
2059,2099,2079,-40,4158,novice
1919,2352,2135,-433,4271,average
1698,1501,1599,197,3199,novice
2533,2332,2432,201,4865,master
2241,2023,2132,218,4264,average
2222,2596,2409,-374,4818,master
2568,2631,2599,-63,5199,grandmaster
2345,2521,2433,-176,4866,master
2625,2621,2623,4,5246,grandmaster
2389,2160,2274,229,4549,average
2535,2273,2404,262,4808,master
2462,2117,2289,345,4579,average
2588,2686,2637,-98,5274,grandmaster
2342,2116,2229,226,4458,average
2552,2550,2551,2,5102,grandmaster
2295,2027,2161,268,4322,average
2656,2572,2614,84,5228,grandmaster
2118,2485,2301,-367,4603,master
2206,2114,2160,92,4320,average
2045,2460,2252,-415,4505,average
2346,2479,2412,-133,4825,master
2803,2734,2768,69,5537,grandmaster
2513,2253,2383,260,4766,master
2098,2245,2171,-147,4343,average
2260,1905,2082,355,4165,novice
2441,2364,2402,77,4805,master
2401,1781,2091,620,4182,novice
1682,2087,1884,-405,3769,novice
2097,2261,2179,-164,4358,average
2419,2371,2395,48,4790,master
2764,2740,2752,24,5504,grandmaster
2112,2093,2102,19,4205,average
2519,2320,2419,199,4839,master
2434,2330,2382,104,4764,master
2660,2680,2670,-20,5340,grandmaster
2210,2343,2276,-133,4553,average
2389,2437,2413,-48,4826,master
2521,2455,2488,66,4976,grandmaster
2328,2546,2437,-218,4874,master
2024,2250,2137,-226,4274,average
2308,2250,2279,58,4558,average
2078,2361,2219,-283,4439,average
2223,2371,2297,-148,4594,average
2181,1930,2055,251,4111,novice
2228,2212,2220,16,4440,average
2562,2577,2569,-15,5139,grandmaster
2112,1977,2044,135,4089,novice
2303,2468,2385,-165,4771,master
1734,1868,1801,-134,3602,novice
2282,1884,2083,398,4166,novice
2571,2501,2536,70,5072,grandmaster
2282,2166,2224,116,4448,average
2472,2389,2430,83,4861,master
1783,1982,1882,-199,3765,novice
1800,1828,1814,-28,3628,novice
2036,1965,2000,71,4001,novice
2320,1942,2131,378,4262,average
2508,2271,2389,237,4779,master
2636,2525,2580,111,5161,grandmaster
1950,1702,1826,248,3652,novice
2560,2153,2356,407,4713,master
2058,2198,2128,-140,4256,average
1886,2252,2069,-366,4138,novice
2491,2212,2351,279,4703,master
2189,2261,2225,-72,4450,average
2420,2504,2462,-84,4924,grandmaster
2481,2541,2511,-60,5022,grandmaster
2576,2597,2586,-21,5173,grandmaster
1936,2111,2023,-175,4047,novice
2471,2143,2307,328,4614,master
2504,2146,2325,358,4650,master
2287,2376,2331,-89,4663,master
2288,2350,2319,-62,4638,master
2375,2388,2381,-13,4763,master
2475,2319,2397,156,4794,master
2691,2689,2690,2,5380,grandmaster
2387,2503,2445,-116,4890,master
2390,2563,2476,-173,4953,grandmaster
2204,2334,2269,-130,4538,average
1946,2350,2148,-404,4296,average
2130,2110,2120,20,4240,average
2455,2226,2340,229,4681,master
2499,2362,2430,137,4861,master
2627,2462,2544,165,5089,grandmaster
2220,1965,2092,255,4185,novice
2287,1488,1887,799,3775,novice
2123,2481,2302,-358,4604,master
2425,2576,2500,-151,5001,grandmaster
1684,1927,1805,-243,3611,novice
2412,2210,2311,202,4622,master
2146,1723,1934,423,3869,novice
2061,2260,2160,-199,4321,average
2465,2246,2355,219,4711,master
2329,2696,2512,-367,5025,grandmaster
1944,2166,2055,-222,4110,novice
2730,2792,2761,-62,5522,grandmaster
2118,2228,2173,-110,4346,average
1935,2009,1972,-74,3944,novice
2119,1923,2021,196,4042,novice
2284,2320,2302,-36,4604,master
2262,2237,2249,25,4499,average
2295,2153,2224,142,4448,average
2483,2222,2352,261,4705,master
1997,2144,2070,-147,4141,novice
1848,1978,1913,-130,3826,novice
2642,2561,2601,81,5203,grandmaster
2670,2571,2620,99,5241,grandmaster
1990,2048,2019,-58,4038,novice
2244,2095,2169,149,4339,average
1604,1868,1736,-264,3472,novice
2224,2420,2322,-196,4644,master
2327,2509,2418,-182,4836,master
2250,2076,2163,174,4326,average
2140,2271,2205,-131,4411,average
1754,1634,1694,120,3388,novice
1830,1961,1895,-131,3791,novice
2029,2214,2121,-185,4243,average
2505,2625,2565,-120,5130,grandmaster
1861,2477,2169,-616,4338,average
1996,2052,2024,-56,4048,novice
1850,1482,1666,368,3332,novice
2551,2278,2414,273,4829,master
2461,2406,2433,55,4867,master
2282,2106,2194,176,4388,average
2085,2228,2156,-143,4313,average
2018,2517,2267,-499,4535,average
1498,2144,1821,-646,3642,novice
2520,2506,2513,14,5026,grandmaster
2433,2552,2492,-119,4985,grandmaster
2510,2568,2539,-58,5078,grandmaster
2343,2039,2191,304,4382,average
1483,1768,1625,-285,3251,novice
1823,2244,2033,-421,4067,novice
2414,2274,2344,140,4688,master
1705,1528,1616,177,3233,novice
2073,2218,2145,-145,4291,average
2286,2459,2372,-173,4745,master
2157,2177,2167,-20,4334,average
1574,1771,1672,-197,3345,novice
2218,2091,2154,127,4309,average
1829,1740,1784,89,3569,novice
2419,2554,2486,-135,4973,grandmaster
2318,2153,2235,165,4471,average
2651,2558,2604,93,5209,grandmaster
2539,2448,2493,91,4987,grandmaster
2577,2569,2573,8,5146,grandmaster
2144,1889,2016,255,4033,novice
2340,2591,2465,-251,4931,grandmaster
2515,2470,2492,45,4985,grandmaster
2268,1961,2114,307,4229,average
2108,2244,2176,-136,4352,average
2149,1961,2055,188,4110,novice
2244,1852,2048,392,4096,novice
1492,1827,1659,-335,3319,novice
2139,1997,2068,142,4136,novice
2231,2037,2134,194,4268,average
2363,2447,2405,-84,4810,master
2470,2223,2346,247,4693,master
2523,2635,2579,-112,5158,grandmaster
1783,1314,1548,469,3097,novice
2054,1883,1968,171,3937,novice
2280,1907,2093,373,4187,novice
1932,2452,2192,-520,4384,average
2429,2237,2333,192,4666,master
2308,1881,2094,427,4189,novice
2353,2160,2256,193,4513,average
2590,1946,2268,644,4536,average
2166,1975,2070,191,4141,novice
2054,1821,1937,233,3875,novice
2454,2544,2499,-90,4998,grandmaster
2015,2113,2064,-98,4128,novice
2058,2103,2080,-45,4161,novice
2172,2383,2277,-211,4555,average
2059,1927,1993,132,3986,novice
2370,2106,2238,264,4476,average
2392,2311,2351,81,4703,master
2285,2001,2143,284,4286,average
2259,2233,2246,26,4492,average
1973,2144,2058,-171,4117,novice
2603,2422,2512,181,5025,grandmaster
2292,2039,2165,253,4331,average
2174,2522,2348,-348,4696,master
2583,2212,2397,371,4795,master
1904,2179,2041,-275,4083,novice
2247,2301,2274,-54,4548,average
2005,1977,1991,28,3982,novice
2186,2236,2211,-50,4422,average
2212,1931,2071,281,4143,novice
2542,2491,2516,51,5033,grandmaster
1823,1663,1743,160,3486,novice
2707,2659,2683,48,5366,grandmaster
2118,1846,1982,272,3964,novice
2185,2464,2324,-279,4649,master
2113,2458,2285,-345,4571,average
2109,2417,2263,-308,4526,average
1943,1791,1867,152,3734,novice
2243,2262,2252,-19,4505,average
1936,1893,1914,43,3829,novice
2546,2339,2442,207,4885,master
2203,2104,2153,99,4307,average
1904,2164,2034,-260,4068,novice
2142,2269,2205,-127,4411,average
2060,2062,2061,-2,4122,novice
2389,2477,2433,-88,4866,master
2004,2278,2141,-274,4282,average
2321,2319,2320,2,4640,master
2135,2168,2151,-33,4303,average
2096,1673,1884,423,3769,novice
2117,2102,2109,15,4219,average
2430,2538,2484,-108,4968,grandmaster
2118,2501,2309,-383,4619,master
2442,2663,2552,-221,5105,grandmaster
2727,2567,2647,160,5294,grandmaster
2164,2372,2268,-208,4536,average
2365,2533,2449,-168,4898,master
1851,1726,1788,125,3577,novice
2223,2481,2352,-258,4704,master
2472,2076,2274,396,4548,average
2533,2373,2453,160,4906,grandmaster
1471,1808,1639,-337,3279,novice
2407,2144,2275,263,4551,average
2430,2208,2319,222,4638,master
2263,2347,2305,-84,4610,master
2254,2407,2330,-153,4661,master
2199,2260,2229,-61,4459,average
2700,2637,2668,63,5337,grandmaster
2031,1802,1916,229,3833,novice
2391,2034,2212,357,4425,average
1925,2274,2099,-349,4199,novice
2334,2533,2433,-199,4867,master
1959,1828,1893,131,3787,novice
2197,1841,2019,356,4038,novice
2317,2574,2445,-257,4891,master
2167,2106,2136,61,4273,average
1966,2118,2042,-152,4084,novice
2449,2179,2314,270,4628,master
1843,1512,1677,331,3355,novice
2246,1981,2113,265,4227,average
2508,2513,2510,-5,5021,grandmaster
2202,2171,2186,31,4373,average
2456,2386,2421,70,4842,master
2142,2210,2176,-68,4352,average
2279,2636,2457,-357,4915,grandmaster
2192,2419,2305,-227,4611,master
2058,2309,2183,-251,4367,average
1636,1417,1526,219,3053,novice
2529,2602,2565,-73,5131,grandmaster
2425,2350,2387,75,4775,master
2528,2221,2374,307,4749,master
2711,2119,2415,592,4830,master
2427,2164,2295,263,4591,average
2279,2112,2195,167,4391,average
2484,2272,2378,212,4756,master
1854,1475,1664,379,3329,novice
2241,2562,2401,-321,4803,master
2238,2302,2270,-64,4540,average
2208,2342,2275,-134,4550,average
2523,2322,2422,201,4845,master
2306,2505,2405,-199,4811,master
2053,2148,2100,-95,4201,novice
2391,2441,2416,-50,4832,master
2639,2678,2658,-39,5317,grandmaster
2249,2459,2354,-210,4708,master
1988,2127,2057,-139,4115,novice
2001,1783,1892,218,3784,novice
2609,2683,2646,-74,5292,grandmaster
2568,2286,2427,282,4854,master
2269,2547,2408,-278,4816,master
2505,2380,2442,125,4885,master
2676,2619,2647,57,5295,grandmaster
2581,2467,2524,114,5048,grandmaster
2600,2327,2463,273,4927,grandmaster
2509,2614,2561,-105,5123,grandmaster
2060,2466,2263,-406,4526,average
2553,2230,2391,323,4783,master
1961,2399,2180,-438,4360,average
1895,2205,2050,-310,4100,novice
2441,1851,2146,590,4292,average
2274,2459,2366,-185,4733,master
2014,1655,1834,359,3669,novice
1846,1764,1805,82,3610,novice
2068,2298,2183,-230,4366,average
2489,2501,2495,-12,4990,grandmaster
1945,1653,1799,292,3598,novice
2771,2881,2826,-110,5652,grandmaster
2085,2202,2143,-117,4287,average
1958,1939,1948,19,3897,novice
2432,2281,2356,151,4713,master
2655,2645,2650,10,5300,grandmaster
2398,2295,2346,103,4693,master
1931,2199,2065,-268,4130,novice
2333,2320,2326,13,4653,master
2239,2472,2355,-233,4711,master
1745,1988,1866,-243,3733,novice
1963,2212,2087,-249,4175,novice
2375,2230,2302,145,4605,master
2507,2650,2578,-143,5157,grandmaster
2128,2014,2071,114,4142,novice
2556,2518,2537,38,5074,grandmaster
2522,2361,2441,161,4883,master
2455,2335,2395,120,4790,master
2143,2574,2358,-431,4717,master
2017,1909,1963,108,3926,novice
1544,1808,1676,-264,3352,novice
2632,2474,2553,158,5106,grandmaster
1959,2092,2025,-133,4051,novice
2106,2440,2273,-334,4546,average
2628,2201,2414,427,4829,master
2000,2152,2076,-152,4152,novice
2511,1947,2229,564,4458,average
1984,2209,2096,-225,4193,novice
2537,2417,2477,120,4954,grandmaster
2441,2085,2263,356,4526,average
2103,2521,2312,-418,4624,master
1837,2197,2017,-360,4034,novice
2140,2301,2220,-161,4441,average
2477,2343,2410,134,4820,master
2270,2234,2252,36,4504,average
1943,1667,1805,276,3610,novice
2393,2560,2476,-167,4953,grandmaster
2616,2625,2620,-9,5241,grandmaster
2051,1759,1905,292,3810,novice
1638,1861,1749,-223,3499,novice
2163,2168,2165,-5,4331,average
2488,2567,2527,-79,5055,grandmaster
1803,2000,1901,-197,3803,novice
2432,2533,2482,-101,4965,grandmaster
2079,1950,2014,129,4029,novice
2568,2652,2610,-84,5220,grandmaster
2115,2322,2218,-207,4437,average
2409,2250,2329,159,4659,master
2291,1874,2082,417,4165,novice
2252,2100,2176,152,4352,average
1576,1520,1548,56,3096,novice
2217,2053,2135,164,4270,average
1841,1960,1900,-119,3801,novice
1700,1971,1835,-271,3671,novice
1999,2123,2061,-124,4122,novice
2108,2357,2232,-249,4465,average
1917,2061,1989,-144,3978,novice
2088,1901,1994,187,3989,novice
2338,2564,2451,-226,4902,grandmaster
2075,2377,2226,-302,4452,average
2541,2171,2356,370,4712,master
2119,2289,2204,-170,4408,average
2484,2481,2482,3,4965,grandmaster
2278,2094,2186,184,4372,average
1941,2214,2077,-273,4155,novice
1704,2155,1929,-451,3859,novice
1669,1933,1801,-264,3602,novice
2619,2481,2550,138,5100,grandmaster
2254,2079,2166,175,4333,average
2022,2326,2174,-304,4348,average
2266,2386,2326,-120,4652,master
2303,2391,2347,-88,4694,master
2343,2217,2280,126,4560,average
2065,2224,2144,-159,4289,average
1501,1923,1712,-422,3424,novice
2511,2391,2451,120,4902,grandmaster
2353,2092,2222,261,4445,average
2116,1983,2049,133,4099,novice
2155,2274,2214,-119,4429,average
2244,1951,2097,293,4195,novice
2600,2655,2627,-55,5255,grandmaster
1544,1812,1678,-268,3356,novice
2475,2502,2488,-27,4977,grandmaster
2452,2475,2463,-23,4927,grandmaster
1611,1985,1798,-374,3596,novice
2072,2373,2222,-301,4445,average
2397,1986,2191,411,4383,average
2594,2335,2464,259,4929,grandmaster
2222,1725,1973,497,3947,novice
2606,2322,2464,284,4928,grandmaster
2639,2715,2677,-76,5354,grandmaster
2411,2264,2337,147,4675,master
2188,2029,2108,159,4217,average
2223,2316,2269,-93,4539,average
1569,1984,1776,-415,3553,novice
1882,1714,1798,168,3596,novice
2351,2277,2314,74,4628,master
1823,2246,2034,-423,4069,novice
2597,2606,2601,-9,5203,grandmaster
2274,2059,2166,215,4333,average
2350,2409,2379,-59,4759,master
2113,2051,2082,62,4164,novice
2488,2569,2528,-81,5057,grandmaster
2027,1753,1890,274,3780,novice
2407,2114,2260,293,4521,average
1936,2338,2137,-402,4274,average
1971,2245,2108,-274,4216,average
2261,2117,2189,144,4378,average
1923,1764,1843,159,3687,novice
1913,2070,1991,-157,3983,novice
2383,2438,2410,-55,4821,master
2512,2447,2479,65,4959,grandmaster
2663,2683,2673,-20,5346,grandmaster
2485,2629,2557,-144,5114,grandmaster
2490,2686,2588,-196,5176,grandmaster
1746,1388,1567,358,3134,novice
2168,2133,2150,35,4301,average
2063,2311,2187,-248,4374,average
2379,2542,2460,-163,4921,grandmaster
1971,2071,2021,-100,4042,novice
2408,2484,2446,-76,4892,master
1918,2227,2072,-309,4145,novice
2507,2461,2484,46,4968,grandmaster
2040,2231,2135,-191,4271,average
2225,2114,2169,111,4339,average
2239,2027,2133,212,4266,average
2245,2006,2125,239,4251,average
2255,2252,2253,3,4507,average
1877,2137,2007,-260,4014,novice
2295,2291,2293,4,4586,average
2377,2012,2194,365,4389,average
2256,1805,2030,451,4061,novice
2493,2625,2559,-132,5118,grandmaster
2401,2481,2441,-80,4882,master
2245,2305,2275,-60,4550,average
2426,2018,2222,408,4444,average
2063,2108,2085,-45,4171,novice
2164,2257,2210,-93,4421,average
2189,2070,2129,119,4259,average
2662,2509,2585,153,5171,grandmaster
2198,2101,2149,97,4299,average
2003,2167,2085,-164,4170,novice
2318,2101,2209,217,4419,average
2569,2128,2348,441,4697,master
2148,2102,2125,46,4250,average
2477,2235,2356,242,4712,master
1998,2210,2104,-212,4208,average
2659,2554,2606,105,5213,grandmaster
1918,2087,2002,-169,4005,novice
2006,1634,1820,372,3640,novice
1812,2209,2010,-397,4021,novice
1786,2181,1983,-395,3967,novice
2330,2448,2389,-118,4778,master
1689,1817,1753,-128,3506,novice
2287,2425,2356,-138,4712,master
2168,2245,2206,-77,4413,average
2764,2815,2789,-51,5579,grandmaster
2276,2375,2325,-99,4651,master
2317,2065,2191,252,4382,average
1820,1669,1744,151,3489,novice
1942,1868,1905,74,3810,novice
2486,2542,2514,-56,5028,grandmaster
2520,2290,2405,230,4810,master
2316,2391,2353,-75,4707,master
2327,2499,2413,-172,4826,master
2413,2006,2209,407,4419,average
2700,2703,2701,-3,5403,grandmaster
2643,2591,2617,52,5234,grandmaster
2647,2667,2657,-20,5314,grandmaster
1799,1943,1871,-144,3742,novice
2396,2446,2421,-50,4842,master
2530,2491,2510,39,5021,grandmaster
2204,2079,2141,125,4283,average
2500,2107,2303,393,4607,master
2024,2409,2216,-385,4433,average
2284,2623,2453,-339,4907,grandmaster
2384,1791,2087,593,4175,novice
1933,1857,1895,76,3790,novice
2303,2087,2195,216,4390,average
1986,1864,1925,122,3850,novice
2299,2276,2287,23,4575,average
2643,2558,2600,85,5201,grandmaster
1839,2132,1985,-293,3971,novice
2495,2529,2512,-34,5024,grandmaster
2499,2554,2526,-55,5053,grandmaster
2379,2511,2445,-132,4890,master
2417,2594,2505,-177,5011,grandmaster
1745,1845,1795,-100,3590,novice
2463,1817,2140,646,4280,average
2128,2002,2065,126,4130,novice
1985,2231,2108,-246,4216,average
2533,2162,2347,371,4695,master
2562,2089,2325,473,4651,master
1992,1614,1803,378,3606,novice
2504,2162,2333,342,4666,master
2081,2512,2296,-431,4593,average
2204,2415,2309,-211,4619,master
2259,2114,2186,145,4373,average
2546,2312,2429,234,4858,master
1839,2119,1979,-280,3958,novice
2262,2198,2230,64,4460,average
2268,2379,2323,-111,4647,master
2502,2116,2309,386,4618,master
1966,2156,2061,-190,4122,novice
2446,2356,2401,90,4802,master
2060,2362,2211,-302,4422,average
2080,2240,2160,-160,4320,average
2386,2401,2393,-15,4787,master
2345,2664,2504,-319,5009,grandmaster
2433,2418,2425,15,4851,master
2355,2235,2295,120,4590,average
1870,2195,2032,-325,4065,novice
2551,2696,2623,-145,5247,grandmaster
2492,2563,2527,-71,5055,grandmaster
2166,2248,2207,-82,4414,average
2205,1740,1972,465,3945,novice
2402,2139,2270,263,4541,average
2404,2198,2301,206,4602,master
2654,1726,2190,928,4380,average
2528,2225,2376,303,4753,master
1669,1234,1451,435,2903,novice
2469,2310,2389,159,4779,master
2437,2055,2246,382,4492,average
2003,2158,2080,-155,4161,novice
2017,1939,1978,78,3956,novice
2202,2110,2156,92,4312,average
2201,1663,1932,538,3864,novice
2152,1899,2025,253,4051,novice
2449,2377,2413,72,4826,master
2198,2401,2299,-203,4599,average
2598,2215,2406,383,4813,master
2328,2161,2244,167,4489,average
2382,2108,2245,274,4490,average
2173,2300,2236,-127,4473,average
1978,2292,2135,-314,4270,average
2425,2412,2418,13,4837,master
2525,2615,2570,-90,5140,grandmaster
2026,2104,2065,-78,4130,novice
2143,2152,2147,-9,4295,average
2297,2227,2262,70,4524,average
2205,2331,2268,-126,4536,average
2409,1961,2185,448,4370,average
2023,2166,2094,-143,4189,novice
1875,2133,2004,-258,4008,novice
2097,2104,2100,-7,4201,novice
2005,1704,1854,301,3709,novice
2516,2302,2409,214,4818,master
2244,2183,2213,61,4427,average
2566,2705,2635,-139,5271,grandmaster
2569,2447,2508,122,5016,grandmaster
2269,2278,2273,-9,4547,average
2613,2363,2488,250,4976,grandmaster
2209,2255,2232,-46,4464,average
2284,2336,2310,-52,4620,master
2082,2247,2164,-165,4329,average
2449,2559,2504,-110,5008,grandmaster
2319,2684,2501,-365,5003,grandmaster
2731,2731,2731,0,5462,grandmaster
2285,2129,2207,156,4414,average
2674,2584,2629,90,5258,grandmaster
2607,2516,2561,91,5123,grandmaster
2434,2018,2226,416,4452,average
2382,2549,2465,-167,4931,grandmaster
2383,2255,2319,128,4638,master
2095,1977,2036,118,4072,novice
2313,2110,2211,203,4423,average
2602,2353,2477,249,4955,grandmaster
2412,2413,2412,-1,4825,master
2418,2089,2253,329,4507,average
2415,2538,2476,-123,4953,grandmaster
2130,1971,2050,159,4101,novice
2337,2042,2189,295,4379,average
1664,1868,1766,-204,3532,novice
2319,2007,2163,312,4326,average
2409,2546,2477,-137,4955,grandmaster
2279,1721,2000,558,4000,novice
2511,2705,2608,-194,5216,grandmaster
2783,2706,2744,77,5489,grandmaster
2641,2675,2658,-34,5316,grandmaster
2479,2670,2574,-191,5149,grandmaster
2143,2179,2161,-36,4322,average
2379,2502,2440,-123,4881,master
2388,2661,2524,-273,5049,grandmaster
2456,2042,2249,414,4498,average
1839,1897,1868,-58,3736,novice
2570,2581,2575,-11,5151,grandmaster
2445,2230,2337,215,4675,master
2383,2225,2304,158,4608,master
2227,2074,2150,153,4301,average
2234,2294,2264,-60,4528,average
2469,2290,2379,179,4759,master
1860,2089,1974,-229,3949,novice
2374,2157,2265,217,4531,average
2051,2320,2185,-269,4371,average
2381,2187,2284,194,4568,average
1759,1817,1788,-58,3576,novice
2211,2057,2134,154,4268,average
2422,2298,2360,124,4720,master
2307,2532,2419,-225,4839,master
2067,2268,2167,-201,4335,average
2225,2118,2171,107,4343,average
2460,2457,2458,3,4917,grandmaster
2065,2093,2079,-28,4158,novice
2472,2080,2276,392,4552,average
2312,2263,2287,49,4575,average
2544,2635,2589,-91,5179,grandmaster
2244,2066,2155,178,4310,average
2622,2102,2362,520,4724,master
2249,2130,2189,119,4379,average
2143,2301,2222,-158,4444,average
1869,1585,1727,284,3454,novice
2116,2345,2230,-229,4461,average
2677,2526,2601,151,5203,grandmaster
2313,2442,2377,-129,4755,master
2203,2364,2283,-161,4567,average
2055,2428,2241,-373,4483,average
2474,2353,2413,121,4827,master
2179,2433,2306,-254,4612,master
2291,2546,2418,-255,4837,master
2646,2495,2570,151,5141,grandmaster
2217,2161,2189,56,4378,average
2051,2272,2161,-221,4323,average
2006,2208,2107,-202,4214,average
2234,2501,2367,-267,4735,master
2144,2327,2235,-183,4471,average
2696,2568,2632,128,5264,grandmaster
2204,2089,2146,115,4293,average
2314,2314,2314,0,4628,master
2556,2404,2480,152,4960,grandmaster
2190,2130,2160,60,4320,average
2524,2147,2335,377,4671,master
2682,2575,2628,107,5257,grandmaster
2053,2184,2118,-131,4237,average
2196,2037,2116,159,4233,average
1921,2132,2026,-211,4053,novice
2270,2038,2154,232,4308,average
2226,2498,2362,-272,4724,master
2283,2059,2171,224,4342,average
2476,2597,2536,-121,5073,grandmaster
2631,2694,2662,-63,5325,grandmaster
2302,2551,2426,-249,4853,master
2148,2005,2076,143,4153,novice
2793,2699,2746,94,5492,grandmaster
2366,2454,2410,-88,4820,master
2370,2001,2185,369,4371,average
2458,2411,2434,47,4869,master
2462,2100,2281,362,4562,average
2226,2373,2299,-147,4599,average
2557,2270,2413,287,4827,master
2066,2205,2135,-139,4271,average
2658,1887,2272,771,4545,average
2219,2070,2144,149,4289,average
2428,2130,2279,298,4558,average
2577,2501,2539,76,5078,grandmaster
2368,2444,2406,-76,4812,master
1886,2047,1966,-161,3933,novice
2283,2362,2322,-79,4645,master
2428,2478,2453,-50,4906,grandmaster
1700,1657,1678,43,3357,novice
2489,2507,2498,-18,4996,grandmaster
2249,2490,2369,-241,4739,master
2418,2336,2377,82,4754,master
2437,2264,2350,173,4701,master
2567,2720,2643,-153,5287,grandmaster
1756,1646,1701,110,3402,novice
1723,2166,1944,-443,3889,novice
2219,1920,2069,299,4139,novice
2390,2503,2446,-113,4893,master
2352,2392,2372,-40,4744,master
2297,2244,2270,53,4541,average
2131,2415,2273,-284,4546,average
2538,2522,2530,16,5060,grandmaster
2286,2366,2326,-80,4652,master
1690,1866,1778,-176,3556,novice
1825,2018,1921,-193,3843,novice
2595,2339,2467,256,4934,grandmaster
2470,2395,2432,75,4865,master
2365,2321,2343,44,4686,master
2412,2227,2319,185,4639,master
2250,2320,2285,-70,4570,average
2110,2099,2104,11,4209,average
2353,2415,2384,-62,4768,master
2556,2642,2599,-86,5198,grandmaster
2519,2143,2331,376,4662,master
2484,2559,2521,-75,5043,grandmaster
2076,2205,2140,-129,4281,average
2082,2221,2151,-139,4303,average
2439,1896,2167,543,4335,average
2506,2275,2390,231,4781,master
2423,2398,2410,25,4821,master
2255,2073,2164,182,4328,average
2327,2093,2210,234,4420,average
1823,2036,1929,-213,3859,novice
2417,2434,2425,-17,4851,master
2558,2274,2416,284,4832,master
2481,2260,2370,221,4741,master
2081,2182,2131,-101,4263,average
2223,2327,2275,-104,4550,average
2630,2559,2594,71,5189,grandmaster
2352,2127,2239,225,4479,average
2451,2586,2518,-135,5037,grandmaster
2469,2651,2560,-182,5120,grandmaster
2309,2413,2361,-104,4722,master
2153,2385,2269,-232,4538,average
2285,2444,2364,-159,4729,master
2226,2045,2135,181,4271,average
2441,2023,2232,418,4464,average
2219,2283,2251,-64,4502,average
1889,2362,2125,-473,4251,average
1897,1627,1762,270,3524,novice
2473,2479,2476,-6,4952,grandmaster
1684,1682,1683,2,3366,novice
2067,1932,1999,135,3999,novice
2512,2440,2476,72,4952,grandmaster
2375,2279,2327,96,4654,master
2144,2008,2076,136,4152,novice
2547,2513,2530,34,5060,grandmaster
2130,2639,2384,-509,4769,master
2513,2171,2342,342,4684,master
2132,2269,2200,-137,4401,average
2657,2473,2565,184,5130,grandmaster
2230,1750,1990,480,3980,novice
1628,1709,1668,-81,3337,novice
2108,2054,2081,54,4162,novice
2015,1633,1824,382,3648,novice
2010,2085,2047,-75,4095,novice
2402,2041,2221,361,4443,average
2562,2697,2629,-135,5259,grandmaster
1883,1633,1758,250,3516,novice
2173,2164,2168,9,4337,average
2235,2075,2155,160,4310,average
2581,2396,2488,185,4977,grandmaster
1788,2107,1947,-319,3895,novice
2386,2207,2296,179,4593,average
2294,2513,2403,-219,4807,master
2391,2271,2331,120,4662,master
1991,2463,2227,-472,4454,average
2132,2290,2211,-158,4422,average
2520,2437,2478,83,4957,grandmaster
2387,2602,2494,-215,4989,grandmaster
2262,2559,2410,-297,4821,master
2310,2502,2406,-192,4812,master
2370,2544,2457,-174,4914,grandmaster
2097,1533,1815,564,3630,novice
2555,2412,2483,143,4967,grandmaster
2139,1986,2062,153,4125,novice
2327,2580,2453,-253,4907,grandmaster
2406,2564,2485,-158,4970,grandmaster
2277,2010,2143,267,4287,average
1915,1575,1745,340,3490,novice
2404,2382,2393,22,4786,master
2405,2549,2477,-144,4954,grandmaster
2507,2571,2539,-64,5078,grandmaster
2389,2380,2384,9,4769,master
1736,1492,1614,244,3228,novice
1987,2005,1996,-18,3992,novice
2027,2324,2175,-297,4351,average
2193,2077,2135,116,4270,average
2210,2327,2268,-117,4537,average
1840,2101,1970,-261,3941,novice
2497,2592,2544,-95,5089,grandmaster
1954,2592,2273,-638,4546,average
2381,2286,2333,95,4667,master
2048,2188,2118,-140,4236,average
2467,2606,2536,-139,5073,grandmaster
2336,2303,2319,33,4639,master
2086,2427,2256,-341,4513,average
1993,2177,2085,-184,4170,novice
2609,2660,2634,-51,5269,grandmaster
2198,2455,2326,-257,4653,master
2539,2653,2596,-114,5192,grandmaster
2535,2696,2615,-161,5231,grandmaster
2536,2616,2576,-80,5152,grandmaster
2132,1830,1981,302,3962,novice
1708,1903,1805,-195,3611,novice
2230,1732,1981,498,3962,novice
2101,2023,2062,78,4124,novice
2166,2516,2341,-350,4682,master
1970,2109,2039,-139,4079,novice
1904,2074,1989,-170,3978,novice
2362,2578,2470,-216,4940,grandmaster
2607,2720,2663,-113,5327,grandmaster
2178,2122,2150,56,4300,average
2316,2101,2208,215,4417,average
2488,2379,2433,109,4867,master
1909,2089,1999,-180,3998,novice
2534,2605,2569,-71,5139,grandmaster
2070,2237,2153,-167,4307,average
2370,2655,2512,-285,5025,grandmaster
2403,2192,2297,211,4595,average
1738,2127,1932,-389,3865,novice
1988,2133,2060,-145,4121,novice
2425,2252,2338,173,4677,master
2457,2325,2391,132,4782,master
2488,2306,2397,182,4794,master
2482,2466,2474,16,4948,grandmaster
2637,2554,2595,83,5191,grandmaster
1945,2008,1976,-63,3953,novice
2369,2593,2481,-224,4962,grandmaster
2040,2068,2054,-28,4108,novice
2131,2488,2309,-357,4619,master
2168,1881,2024,287,4049,novice
2528,2336,2432,192,4864,master
2428,2313,2370,115,4741,master
2636,2479,2557,157,5115,grandmaster
2043,2187,2115,-144,4230,average
2297,2437,2367,-140,4734,master
2102,1984,2043,118,4086,novice
2244,2257,2250,-13,4501,average
2330,2211,2270,119,4541,average
2580,2621,2600,-41,5201,grandmaster
2422,2210,2316,212,4632,master
2497,2484,2490,13,4981,grandmaster
2309,2486,2397,-177,4795,master
2381,1817,2099,564,4198,novice
2397,2384,2390,13,4781,master
2306,2380,2343,-74,4686,master
1650,1683,1666,-33,3333,novice
2038,2288,2163,-250,4326,average
1933,2157,2045,-224,4090,novice
2035,1759,1897,276,3794,novice
2491,2659,2575,-168,5150,grandmaster
2417,2172,2294,245,4589,average
2201,2367,2284,-166,4568,average
2364,1889,2126,475,4253,average
2383,1939,2161,444,4322,average
2068,2333,2200,-265,4401,average
2165,2081,2123,84,4246,average
2338,1904,2121,434,4242,average
2191,1940,2065,251,4131,novice
2179,2560,2369,-381,4739,master
2713,2695,2704,18,5408,grandmaster
1935,2021,1978,-86,3956,novice
2467,2619,2543,-152,5086,grandmaster
2108,1923,2015,185,4031,novice
2061,2534,2297,-473,4595,average
1996,2187,2091,-191,4183,novice
1984,1886,1935,98,3870,novice
2273,2434,2353,-161,4707,master
1857,2048,1952,-191,3905,novice
1782,1487,1634,295,3269,novice
2349,2226,2287,123,4575,average
2494,2446,2470,48,4940,grandmaster
2285,2193,2239,92,4478,average
1838,2422,2130,-584,4260,average
2438,2259,2348,179,4697,master
2318,1931,2124,387,4249,average
2053,2268,2160,-215,4321,average
2309,2086,2197,223,4395,average
1685,1751,1718,-66,3436,novice
2121,2291,2206,-170,4412,average
2107,1956,2031,151,4063,novice
2286,2000,2143,286,4286,average
2547,2501,2524,46,5048,grandmaster
2746,2702,2724,44,5448,grandmaster
2183,2150,2166,33,4333,average
2025,1839,1932,186,3864,novice
2550,2507,2528,43,5057,grandmaster
2530,2353,2441,177,4883,master
2204,2081,2142,123,4285,average
2308,2460,2384,-152,4768,master
2236,1959,2097,277,4195,novice
2639,2706,2672,-67,5345,grandmaster
2437,2488,2462,-51,4925,grandmaster
2013,2253,2133,-240,4266,average
2448,2563,2505,-115,5011,grandmaster
2076,1713,1894,363,3789,novice
2626,2647,2636,-21,5273,grandmaster
2390,2180,2285,210,4570,average
2503,2333,2418,170,4836,master
2449,2180,2314,269,4629,master
2809,2801,2805,8,5610,grandmaster
2157,2118,2137,39,4275,average
2401,2337,2369,64,4738,master
2106,1907,2006,199,4013,novice
2514,2389,2451,125,4903,grandmaster
1605,2436,2020,-831,4041,novice
1926,2091,2008,-165,4017,novice
2453,2324,2388,129,4777,master
1875,1774,1824,101,3649,novice
2606,2651,2628,-45,5257,grandmaster
2338,2041,2189,297,4379,average
1871,2002,1936,-131,3873,novice
1936,2092,2014,-156,4028,novice
2017,2172,2094,-155,4189,novice
2418,2600,2509,-182,5018,grandmaster
2396,2318,2357,78,4714,master
2212,2373,2292,-161,4585,average
2097,2226,2161,-129,4323,average
2024,2192,2108,-168,4216,average
2236,2216,2226,20,4452,average
2392,2080,2236,312,4472,average
2016,1903,1959,113,3919,novice
2742,2637,2689,105,5379,grandmaster
2333,2183,2258,150,4516,average
1862,2000,1931,-138,3862,novice
2082,2438,2260,-356,4520,average
2654,2634,2644,20,5288,grandmaster
2009,1961,1985,48,3970,novice
2442,2366,2404,76,4808,master
2594,2632,2613,-38,5226,grandmaster
2044,1813,1928,231,3857,novice
2215,2449,2332,-234,4664,master
2101,2196,2148,-95,4297,average
2052,2306,2179,-254,4358,average
2428,2563,2495,-135,4991,grandmaster
1724,2013,1868,-289,3737,novice
2120,1838,1979,282,3958,novice
2262,2130,2196,132,4392,average
2335,2237,2286,98,4572,average
2123,1964,2043,159,4087,novice
2186,2005,2095,181,4191,novice
2545,2193,2369,352,4738,master
2053,2270,2161,-217,4323,average
1730,1980,1855,-250,3710,novice
2138,2211,2174,-73,4349,average
2473,2373,2423,100,4846,master
2577,2596,2586,-19,5173,grandmaster
2320,2357,2338,-37,4677,master
1932,2223,2077,-291,4155,novice
2490,2448,2469,42,4938,grandmaster
2419,2111,2265,308,4530,average
2423,2065,2244,358,4488,average
2015,2350,2182,-335,4365,average
2199,2457,2328,-258,4656,master
1846,1996,1921,-150,3842,novice
2180,2527,2353,-347,4707,master
2242,2325,2283,-83,4567,average
2234,2354,2294,-120,4588,average
2363,2274,2318,89,4637,master
2495,2201,2348,294,4696,master
1828,2130,1979,-302,3958,novice
1887,2170,2028,-283,4057,novice
2290,1977,2133,313,4267,average
2358,2450,2404,-92,4808,master
2435,2235,2335,200,4670,master
2581,2361,2471,220,4942,grandmaster
2693,2691,2692,2,5384,grandmaster
2315,2475,2395,-160,4790,master
2499,2323,2411,176,4822,master
2528,2323,2425,205,4851,master
1479,2115,1797,-636,3594,novice
1609,1641,1625,-32,3250,novice
1617,1706,1661,-89,3323,novice
2493,2058,2275,435,4551,average
2549,2645,2597,-96,5194,grandmaster
2418,2481,2449,-63,4899,master
2541,2481,2511,60,5022,grandmaster
2517,2551,2534,-34,5068,grandmaster
2492,2526,2509,-34,5018,grandmaster
2864,2616,2740,248,5480,grandmaster
2732,2738,2735,-6,5470,grandmaster
2123,2523,2323,-400,4646,master
2565,2409,2487,156,4974,grandmaster
2454,2605,2529,-151,5059,grandmaster
2236,2310,2273,-74,4546,average
1748,2003,1875,-255,3751,novice
2326,2265,2295,61,4591,average
2225,2328,2276,-103,4553,average
2109,2278,2193,-169,4387,average
2454,2693,2573,-239,5147,grandmaster
2127,2405,2266,-278,4532,average
2423,2038,2230,385,4461,average
1608,1730,1669,-122,3338,novice
2324,2476,2400,-152,4800,master
2318,1958,2138,360,4276,average
1792,1889,1840,-97,3681,novice
2237,2442,2339,-205,4679,master
2216,2455,2335,-239,4671,master
1576,1819,1697,-243,3395,novice
1648,2006,1827,-358,3654,novice
1603,1827,1715,-224,3430,novice
2319,2268,2293,51,4587,average
1984,2529,2256,-545,4513,average
2274,2348,2311,-74,4622,master
1882,1865,1873,17,3747,novice
2258,2073,2165,185,4331,average
2706,2702,2704,4,5408,grandmaster
2377,2516,2446,-139,4893,master
2286,2069,2177,217,4355,average
2226,1854,2040,372,4080,novice
2304,2569,2436,-265,4873,master
2076,2288,2182,-212,4364,average
2396,2322,2359,74,4718,master
1507,1894,1700,-387,3401,novice
2612,2454,2533,158,5066,grandmaster
2348,2166,2257,182,4514,average
2598,2417,2507,181,5015,grandmaster
1752,1770,1761,-18,3522,novice
2271,2292,2281,-21,4563,average
2187,2192,2189,-5,4379,average
2240,2217,2228,23,4457,average
2421,2470,2445,-49,4891,master
2528,2104,2316,424,4632,master
1547,1407,1477,140,2954,novice
2107,1930,2018,177,4037,novice
2076,1750,1913,326,3826,novice
2355,2554,2454,-199,4909,grandmaster
2368,2523,2445,-155,4891,master
1872,2078,1975,-206,3950,novice
2713,2803,2758,-90,5516,grandmaster
2405,2233,2319,172,4638,master
1883,1699,1791,184,3582,novice
2288,2039,2163,249,4327,average
1942,1746,1844,196,3688,novice
2123,1683,1903,440,3806,novice
2526,2413,2469,113,4939,grandmaster
1936,1805,1870,131,3741,novice
1950,2126,2038,-176,4076,novice
2213,2341,2277,-128,4554,average
2327,2512,2419,-185,4839,master
2576,2563,2569,13,5139,grandmaster
2073,2261,2167,-188,4334,average
2359,2157,2258,202,4516,average
2501,2594,2547,-93,5095,grandmaster
2310,2145,2227,165,4455,average
1230,1384,1307,-154,2614,novice
2100,2498,2299,-398,4598,average
1793,1885,1839,-92,3678,novice
2661,2556,2608,105,5217,grandmaster
2343,2482,2412,-139,4825,master
2171,2441,2306,-270,4612,master
1925,2201,2063,-276,4126,novice
2407,2325,2366,82,4732,master
2113,2381,2247,-268,4494,average
2105,1771,1938,334,3876,novice
2448,2466,2457,-18,4914,grandmaster
2297,2298,2297,-1,4595,average
2703,2646,2674,57,5349,grandmaster
2496,2478,2487,18,4974,grandmaster
2667,2426,2546,241,5093,grandmaster
2147,2051,2099,96,4198,novice
2407,2473,2440,-66,4880,master
2213,2462,2337,-249,4675,master
2100,2302,2201,-202,4402,average
2405,2693,2549,-288,5098,grandmaster
2260,2396,2328,-136,4656,master
2406,2235,2320,171,4641,master
2482,1968,2225,514,4450,average
2376,2553,2464,-177,4929,grandmaster
2531,2285,2408,246,4816,master
1553,1535,1544,18,3088,novice
2000,2108,2054,-108,4108,novice
2182,2050,2116,132,4232,average
2136,2485,2310,-349,4621,master
2294,2014,2154,280,4308,average
1750,1370,1560,380,3120,novice
1816,2218,2017,-402,4034,novice
2403,2539,2471,-136,4942,grandmaster
2591,2363,2477,228,4954,grandmaster
2370,2557,2463,-187,4927,grandmaster
2325,2619,2472,-294,4944,grandmaster
2165,1909,2037,256,4074,novice
1789,1983,1886,-194,3772,novice
2441,2367,2404,74,4808,master
2555,2591,2573,-36,5146,grandmaster
2559,2367,2463,192,4926,grandmaster
2393,2605,2499,-212,4998,grandmaster
2042,1885,1963,157,3927,novice
2210,1883,2046,327,4093,novice
2276,1951,2113,325,4227,average
2489,2434,2461,55,4923,grandmaster
2119,2132,2125,-13,4251,average
1819,1627,1723,192,3446,novice
2170,2316,2243,-146,4486,average
2082,1909,1995,173,3991,novice
2175,2487,2331,-312,4662,master
2592,2447,2519,145,5039,grandmaster
2572,2621,2596,-49,5193,grandmaster
2069,1982,2025,87,4051,novice
2113,1773,1943,340,3886,novice
2076,2278,2177,-202,4354,average
2569,1878,2223,691,4447,average
2560,2540,2550,20,5100,grandmaster
2005,1961,1983,44,3966,novice
2498,2345,2421,153,4843,master
2616,2506,2561,110,5122,grandmaster
2330,2223,2276,107,4553,average
2339,2526,2432,-187,4865,master
1864,1883,1873,-19,3747,novice
1760,2052,1906,-292,3812,novice
2477,2359,2418,118,4836,master
2107,2459,2283,-352,4566,average
2383,2158,2270,225,4541,average
1991,1940,1965,51,3931,novice
2434,2569,2501,-135,5003,grandmaster
2160,2477,2318,-317,4637,master
1916,2402,2159,-486,4318,average
1969,2071,2020,-102,4040,novice
1514,2039,1776,-525,3553,novice
2406,2471,2438,-65,4877,master
2385,2013,2199,372,4398,average
2047,1895,1971,152,3942,novice
2555,2613,2584,-58,5168,grandmaster
2381,2125,2253,256,4506,average
2252,2549,2400,-297,4801,master
2071,2463,2267,-392,4534,average
2489,2508,2498,-19,4997,grandmaster
2062,1907,1984,155,3969,novice
2271,2059,2165,212,4330,average
2074,2150,2112,-76,4224,average
2214,2174,2194,40,4388,average
2341,1913,2127,428,4254,average
2152,2002,2077,150,4154,novice
2150,1778,1964,372,3928,novice
2176,2468,2322,-292,4644,master
2659,2602,2630,57,5261,grandmaster
2301,2096,2198,205,4397,average
2518,2473,2495,45,4991,grandmaster
2481,2442,2461,39,4923,grandmaster
2454,2212,2333,242,4666,master
1815,1517,1666,298,3332,novice
1929,2077,2003,-148,4006,novice
2428,2418,2423,10,4846,master
2050,1808,1929,242,3858,novice
2244,2288,2266,-44,4532,average
1788,1691,1739,97,3479,novice
2450,2493,2471,-43,4943,grandmaster
2212,1929,2070,283,4141,novice
2423,2547,2485,-124,4970,grandmaster
2619,2484,2551,135,5103,grandmaster
1889,2017,1953,-128,3906,novice
2130,1992,2061,138,4122,novice
2039,2273,2156,-234,4312,average
1945,1880,1912,65,3825,novice
1827,1927,1877,-100,3754,novice
2615,2554,2584,61,5169,grandmaster
2350,2261,2305,89,4611,master
2418,2580,2499,-162,4998,grandmaster
2070,1793,1931,277,3863,novice
1893,1995,1944,-102,3888,novice
2167,2050,2108,117,4217,average
1867,2073,1970,-206,3940,novice
1776,1959,1867,-183,3735,novice
2141,1878,2009,263,4019,novice
2363,2609,2486,-246,4972,grandmaster
2230,2243,2236,-13,4473,average
2052,2385,2218,-333,4437,average
2397,2591,2494,-194,4988,grandmaster
2153,1930,2041,223,4083,novice
2461,2397,2429,64,4858,master
2525,2527,2526,-2,5052,grandmaster
1986,2459,2222,-473,4445,average
2079,1821,1950,258,3900,novice
2213,2068,2140,145,4281,average
2754,2703,2728,51,5457,grandmaster
1599,1853,1726,-254,3452,novice
2116,2168,2142,-52,4284,average
2635,2546,2590,89,5181,grandmaster
2570,2457,2513,113,5027,grandmaster
2276,2274,2275,2,4550,average
2320,2336,2328,-16,4656,master
2586,2512,2549,74,5098,grandmaster
2212,2387,2299,-175,4599,average
2249,1981,2115,268,4230,average
2089,1936,2012,153,4025,novice
2180,2499,2339,-319,4679,master
2490,2556,2523,-66,5046,grandmaster
1722,1430,1576,292,3152,novice
2619,2622,2620,-3,5241,grandmaster
2557,2252,2404,305,4809,master
2318,2123,2220,195,4441,average
1816,2102,1959,-286,3918,novice
2322,2126,2224,196,4448,average
2329,2089,2209,240,4418,average
2241,1543,1892,698,3784,novice
2153,2030,2091,123,4183,novice
2158,2064,2111,94,4222,average
2582,2118,2350,464,4700,master
2067,1983,2025,84,4050,novice
2431,2510,2470,-79,4941,grandmaster
2415,2638,2526,-223,5053,grandmaster
2562,2319,2440,243,4881,master
2408,2318,2363,90,4726,master
2416,2114,2265,302,4530,average
2298,2589,2443,-291,4887,master
2132,1895,2013,237,4027,novice
1965,2126,2045,-161,4091,novice
2023,2440,2231,-417,4463,average
2224,2016,2120,208,4240,average
2240,2083,2161,157,4323,average
2524,2643,2583,-119,5167,grandmaster
2577,2539,2558,38,5116,grandmaster
2011,2294,2152,-283,4305,average
2319,2548,2433,-229,4867,master
2276,2540,2408,-264,4816,master
2165,2255,2210,-90,4420,average
2592,2370,2481,222,4962,grandmaster
2687,2574,2630,113,5261,grandmaster
1989,2271,2130,-282,4260,average
1901,2201,2051,-300,4102,novice
2132,2310,2221,-178,4442,average
2256,2123,2189,133,4379,average
2367,2665,2516,-298,5032,grandmaster
1689,1585,1637,104,3274,novice
2050,1417,1733,633,3467,novice
2167,1954,2060,213,4121,novice
2494,2449,2471,45,4943,grandmaster
2380,2193,2286,187,4573,average
2320,2045,2182,275,4365,average
2086,2565,2325,-479,4651,master
2606,2290,2448,316,4896,master
1720,1378,1549,342,3098,novice
1690,1713,1701,-23,3403,novice
2226,2131,2178,95,4357,average
2091,1837,1964,254,3928,novice
2492,2436,2464,56,4928,grandmaster
2002,2358,2180,-356,4360,average
2178,2112,2145,66,4290,average
1646,1765,1705,-119,3411,novice
2148,2029,2088,119,4177,novice
2505,2511,2508,-6,5016,grandmaster
2068,1932,2000,136,4000,novice
2319,2236,2277,83,4555,average
2369,2293,2331,76,4662,master
2400,2646,2523,-246,5046,grandmaster
2486,2344,2415,142,4830,master
2479,2686,2582,-207,5165,grandmaster
1594,1848,1721,-254,3442,novice
2258,2550,2404,-292,4808,master
2300,2315,2307,-15,4615,master
2482,2358,2420,124,4840,master
2580,2312,2446,268,4892,master
2286,2501,2393,-215,4787,master
2470,2357,2413,113,4827,master
2568,2514,2541,54,5082,grandmaster
2012,2324,2168,-312,4336,average
1673,1983,1828,-310,3656,novice
2167,2573,2370,-406,4740,master
2356,2137,2246,219,4493,average
2194,2439,2316,-245,4633,master
2102,1931,2016,171,4033,novice
2317,1950,2133,367,4267,average
2164,2282,2223,-118,4446,average
2213,2029,2121,184,4242,average
2342,2109,2225,233,4451,average
2249,2030,2139,219,4279,average
2393,2055,2224,338,4448,average
2296,2505,2400,-209,4801,master
2302,2155,2228,147,4457,average
2535,2386,2460,149,4921,grandmaster
2047,2263,2155,-216,4310,average
2102,2431,2266,-329,4533,average
2409,1896,2152,513,4305,average
2546,2497,2521,49,5043,grandmaster
1704,1863,1783,-159,3567,novice
1747,2160,1953,-413,3907,novice
1804,1801,1802,3,3605,novice
2277,2303,2290,-26,4580,average
1790,1672,1731,118,3462,novice
2565,2603,2584,-38,5168,grandmaster
2391,2312,2351,79,4703,master
2230,2076,2153,154,4306,average
2140,2283,2211,-143,4423,average
2699,2719,2709,-20,5418,grandmaster
1805,2412,2108,-607,4217,average
2407,2629,2518,-222,5036,grandmaster
2269,2552,2410,-283,4821,master
2041,1657,1849,384,3698,novice
2370,2173,2271,197,4543,average
2015,2150,2082,-135,4165,novice
2700,2600,2650,100,5300,grandmaster
2068,2227,2147,-159,4295,average
2594,2287,2440,307,4881,master
2287,2076,2181,211,4363,average
2537,2251,2394,286,4788,master
2434,2200,2317,234,4634,master
2327,2347,2337,-20,4674,master
2511,2263,2387,248,4774,master
1439,1641,1540,-202,3080,novice
2233,1992,2112,241,4225,average
2194,2036,2115,158,4230,average
2259,2417,2338,-158,4676,master
2536,2364,2450,172,4900,master
2151,2237,2194,-86,4388,average
2522,2422,2472,100,4944,grandmaster
2173,2026,2099,147,4199,novice
1470,1634,1552,-164,3104,novice
2627,2374,2500,253,5001,grandmaster
1909,2048,1978,-139,3957,novice
2365,1975,2170,390,4340,average
2188,2399,2293,-211,4587,average
2244,2142,2193,102,4386,average
1862,1631,1746,231,3493,novice
2105,1933,2019,172,4038,novice
2373,2500,2436,-127,4873,master
2567,2491,2529,76,5058,grandmaster
1543,1660,1601,-117,3203,novice
2327,2417,2372,-90,4744,master
2467,2476,2471,-9,4943,grandmaster
2325,2176,2250,149,4501,average
2688,2693,2690,-5,5381,grandmaster
2484,2723,2603,-239,5207,grandmaster
2028,2163,2095,-135,4191,novice
1920,2141,2030,-221,4061,novice
2526,2049,2287,477,4575,average
2172,2304,2238,-132,4476,average
1864,1367,1615,497,3231,novice
2081,2414,2247,-333,4495,average
2099,2258,2178,-159,4357,average
1996,2107,2051,-111,4103,novice
2501,2235,2368,266,4736,master
2284,2094,2189,190,4378,average
1541,2210,1875,-669,3751,novice
2011,1833,1922,178,3844,novice
2474,2702,2588,-228,5176,grandmaster
2394,2287,2340,107,4681,master
2522,2643,2582,-121,5165,grandmaster
2086,2280,2183,-194,4366,average
1654,2045,1849,-391,3699,novice
2239,2568,2403,-329,4807,master
1560,1561,1560,-1,3121,novice
1940,1719,1829,221,3659,novice
2286,2278,2282,8,4564,average
2159,2208,2183,-49,4367,average
1764,2016,1890,-252,3780,novice
2432,2350,2391,82,4782,master
2388,2481,2434,-93,4869,master
2266,2050,2158,216,4316,average
2442,2182,2312,260,4624,master
2801,2877,2839,-76,5678,grandmaster
2486,2304,2395,182,4790,master
1954,2290,2122,-336,4244,average
2199,2014,2106,185,4213,average
2426,2621,2523,-195,5047,grandmaster
2124,2051,2087,73,4175,novice
2029,2457,2243,-428,4486,average
2302,2020,2161,282,4322,average
2398,2560,2479,-162,4958,grandmaster
2460,2076,2268,384,4536,average
1572,1838,1705,-266,3410,novice
2237,2293,2265,-56,4530,average
1687,2019,1853,-332,3706,novice
2450,2497,2473,-47,4947,grandmaster
2174,2284,2229,-110,4458,average
1661,1897,1779,-236,3558,novice
2092,1887,1989,205,3979,novice
2398,2159,2278,239,4557,average
2321,2101,2211,220,4422,average
2605,2354,2479,251,4959,grandmaster
1947,1943,1945,4,3890,novice
2259,2363,2311,-104,4622,master
2451,2565,2508,-114,5016,grandmaster
2330,2511,2420,-181,4841,master
2610,2451,2530,159,5061,grandmaster
1948,1715,1831,233,3663,novice
2167,1961,2064,206,4128,novice
2201,2048,2124,153,4249,average
2215,2352,2283,-137,4567,average
2696,2490,2593,206,5186,grandmaster
2028,1987,2007,41,4015,novice
2526,2339,2432,187,4865,master
2328,2426,2377,-98,4754,master
2298,2530,2414,-232,4828,master
2129,2280,2204,-151,4409,average
1941,2039,1990,-98,3980,novice
2263,2300,2281,-37,4563,average
2078,2374,2226,-296,4452,average
1788,1974,1881,-186,3762,novice
2014,1861,1937,153,3875,novice
2401,2389,2395,12,4790,master
2500,2454,2477,46,4954,grandmaster
2648,2529,2588,119,5177,grandmaster
2499,2310,2404,189,4809,master
1910,2511,2210,-601,4421,average
2243,2290,2266,-47,4533,average
1876,1672,1774,204,3548,novice
2229,2374,2301,-145,4603,master
2454,2295,2374,159,4749,master
2490,2603,2546,-113,5093,grandmaster
2289,2456,2372,-167,4745,master
2500,2331,2415,169,4831,master
2530,2336,2433,194,4866,master
1464,1835,1649,-371,3299,novice
2283,1909,2096,374,4192,novice
2004,1504,1754,500,3508,novice
2129,2446,2287,-317,4575,average
2180,2364,2272,-184,4544,average
2372,2552,2462,-180,4924,grandmaster
2042,1809,1925,233,3851,novice
2335,2270,2302,65,4605,master
2344,2334,2339,10,4678,master
2591,2462,2526,129,5053,grandmaster
2029,1633,1831,396,3662,novice
2029,2200,2114,-171,4229,average
2280,2079,2179,201,4359,average
2362,2132,2247,230,4494,average
2686,2725,2705,-39,5411,grandmaster
2534,2289,2411,245,4823,master
2125,2149,2137,-24,4274,average
2064,2405,2234,-341,4469,average
2472,2482,2477,-10,4954,grandmaster
2372,2405,2388,-33,4777,master
2045,1842,1943,203,3887,novice
2333,2455,2394,-122,4788,master
2172,2007,2089,165,4179,novice
2400,2591,2495,-191,4991,grandmaster
2523,2326,2424,197,4849,master
1893,1454,1673,439,3347,novice
2399,2133,2266,266,4532,average
2616,2593,2604,23,5209,grandmaster
1293,1639,1466,-346,2932,novice
2635,2480,2557,155,5115,grandmaster
2390,2302,2346,88,4692,master
2272,2266,2269,6,4538,average
2757,2709,2733,48,5466,grandmaster
2323,2459,2391,-136,4782,master
2260,2028,2144,232,4288,average
2389,2247,2318,142,4636,master
1818,1618,1718,200,3436,novice
2062,1874,1968,188,3936,novice
2470,2645,2557,-175,5115,grandmaster
2160,1849,2004,311,4009,novice
2336,2290,2313,46,4626,master
2409,2479,2444,-70,4888,master
2527,2353,2440,174,4880,master
2611,2522,2566,89,5133,grandmaster
1680,1667,1673,13,3347,novice
1544,2057,1800,-513,3601,novice
2270,2391,2330,-121,4661,master
2024,1814,1919,210,3838,novice
2392,2508,2450,-116,4900,master
2173,2203,2188,-30,4376,average
2476,2338,2407,138,4814,master
2720,2801,2760,-81,5521,grandmaster
2416,2051,2233,365,4467,average
2447,2161,2304,286,4608,master
2293,2023,2158,270,4316,average
1795,1974,1884,-179,3769,novice
2259,1790,2024,469,4049,novice
2291,2235,2263,56,4526,average
2543,2447,2495,96,4990,grandmaster
2459,2468,2463,-9,4927,grandmaster
2220,2168,2194,52,4388,average
2234,2465,2349,-231,4699,master
1764,2078,1921,-314,3842,novice
1952,2539,2245,-587,4491,average
2401,2195,2298,206,4596,average
2055,1726,1890,329,3781,novice
2413,2225,2319,188,4638,master
2452,2555,2503,-103,5007,grandmaster
2252,2308,2280,-56,4560,average
2622,2540,2581,82,5162,grandmaster
1597,1942,1769,-345,3539,novice
2442,2449,2445,-7,4891,master
2693,2779,2736,-86,5472,grandmaster
2113,1783,1948,330,3896,novice
2417,2174,2295,243,4591,average
2531,2532,2531,-1,5063,grandmaster
2388,2362,2375,26,4750,master
2637,2618,2627,19,5255,grandmaster
2628,2299,2463,329,4927,grandmaster
2283,1999,2141,284,4282,average
2507,2141,2324,366,4648,master
2646,2650,2648,-4,5296,grandmaster
2079,2056,2067,23,4135,novice
1927,2145,2036,-218,4072,novice
2091,1935,2013,156,4026,novice
2406,2253,2329,153,4659,master
2255,2437,2346,-182,4692,master
2455,2552,2503,-97,5007,grandmaster
2695,2548,2621,147,5243,grandmaster
2118,2550,2334,-432,4668,master
2708,2687,2697,21,5395,grandmaster
2010,2229,2119,-219,4239,average
2281,2276,2278,5,4557,average
2451,2415,2433,36,4866,master
2227,2400,2313,-173,4627,master
2120,1763,1941,357,3883,novice
2283,2336,2309,-53,4619,master
2208,2537,2372,-329,4745,master
2671,2647,2659,24,5318,grandmaster
2091,2243,2167,-152,4334,average
2512,2290,2401,222,4802,master
2131,2346,2238,-215,4477,average
1787,2004,1895,-217,3791,novice
2389,2639,2514,-250,5028,grandmaster
1916,1746,1831,170,3662,novice
1808,1620,1714,188,3428,novice
2132,2351,2241,-219,4483,average
2080,2178,2129,-98,4258,average
1847,2188,2017,-341,4035,novice
2375,2222,2298,153,4597,average
2549,2341,2445,208,4890,master
2427,2023,2225,404,4450,average
2391,2359,2375,32,4750,master
2721,2721,2721,0,5442,grandmaster
2515,2589,2552,-74,5104,grandmaster
2699,2714,2706,-15,5413,grandmaster
2109,2274,2191,-165,4383,average
2135,2359,2247,-224,4494,average
2272,2128,2200,144,4400,average
2657,2622,2639,35,5279,grandmaster
1971,2393,2182,-422,4364,average
2194,1763,1978,431,3957,novice
2369,2249,2309,120,4618,master
2156,2211,2183,-55,4367,average
2405,2490,2447,-85,4895,master
1945,2076,2010,-131,4021,novice
2433,2489,2461,-56,4922,grandmaster
2317,1933,2125,384,4250,average
2066,2364,2215,-298,4430,average
2671,2554,2612,117,5225,grandmaster
1678,1653,1665,25,3331,novice
2412,2220,2316,192,4632,master
2202,2434,2318,-232,4636,master
2551,1940,2245,611,4491,average
2468,2481,2474,-13,4949,grandmaster
2324,2164,2244,160,4488,average
2125,2305,2215,-180,4430,average
2227,2266,2246,-39,4493,average
1884,1930,1907,-46,3814,novice
1800,1983,1891,-183,3783,novice
2444,1926,2185,518,4370,average
2412,2600,2506,-188,5012,grandmaster
2071,1544,1807,527,3615,novice
2114,2303,2208,-189,4417,average
2193,2449,2321,-256,4642,master
1595,1671,1633,-76,3266,novice
1671,1949,1810,-278,3620,novice
2301,2339,2320,-38,4640,master
2524,2006,2265,518,4530,average
2505,2354,2429,151,4859,master
2112,2314,2213,-202,4426,average
1623,1868,1745,-245,3491,novice
2719,2789,2754,-70,5508,grandmaster
2245,2294,2269,-49,4539,average
2385,2468,2426,-83,4853,master
2336,2505,2420,-169,4841,master
1993,2158,2075,-165,4151,novice
2336,2192,2264,144,4528,average
2017,1887,1952,130,3904,novice
2237,1921,2079,316,4158,novice
2384,2413,2398,-29,4797,master
2371,2409,2390,-38,4780,master
1850,2056,1953,-206,3906,novice
2461,1917,2189,544,4378,average
2242,2617,2429,-375,4859,master
2700,2679,2689,21,5379,grandmaster
2282,2075,2178,207,4357,average
2654,2577,2615,77,5231,grandmaster
2154,2056,2105,98,4210,average
2146,2282,2214,-136,4428,average
2032,2282,2157,-250,4314,average
2026,2097,2061,-71,4123,novice
2157,2308,2232,-151,4465,average
2192,2095,2143,97,4287,average
1899,1983,1941,-84,3882,novice
2594,2537,2565,57,5131,grandmaster
2492,2335,2413,157,4827,master
2253,2265,2259,-12,4518,average
2030,2415,2222,-385,4445,average
2481,2384,2432,97,4865,master
2223,2087,2155,136,4310,average
1969,1344,1656,625,3313,novice
2474,2554,2514,-80,5028,grandmaster
2118,2040,2079,78,4158,novice
1880,2575,2227,-695,4455,average
2034,2397,2215,-363,4431,average
2509,2322,2415,187,4831,master
2579,2192,2385,387,4771,master
1824,2444,2134,-620,4268,average
2317,2135,2226,182,4452,average
2445,2300,2372,145,4745,master
2203,2459,2331,-256,4662,master
2564,2345,2454,219,4909,grandmaster
1970,2033,2001,-63,4003,novice
2412,2444,2428,-32,4856,master
2122,2027,2074,95,4149,novice
2342,2517,2429,-175,4859,master
2620,2655,2637,-35,5275,grandmaster
2366,2112,2239,254,4478,average
1567,1408,1487,159,2975,novice
2169,2433,2301,-264,4602,master
2072,1810,1941,262,3882,novice
2376,2512,2444,-136,4888,master
2618,2538,2578,80,5156,grandmaster
1922,2178,2050,-256,4100,novice
1731,1857,1794,-126,3588,novice
1566,1962,1764,-396,3528,novice
2320,2262,2291,58,4582,average
2445,2221,2333,224,4666,master
2524,2404,2464,120,4928,grandmaster
1882,2137,2009,-255,4019,novice
2358,2298,2328,60,4656,master
2519,2326,2422,193,4845,master
2379,2505,2442,-126,4884,master
2390,2175,2282,215,4565,average
1576,1526,1551,50,3102,novice
2511,2440,2475,71,4951,grandmaster
1857,1497,1677,360,3354,novice
1786,1622,1704,164,3408,novice
2425,2280,2352,145,4705,master
2359,2355,2357,4,4714,master
2070,1807,1938,263,3877,novice
2316,2536,2426,-220,4852,master
2459,2202,2330,257,4661,master
2526,2284,2405,242,4810,master
2487,2734,2610,-247,5221,grandmaster
2261,2008,2134,253,4269,average
2197,2414,2305,-217,4611,master
2207,2584,2395,-377,4791,master
2440,2341,2390,99,4781,master
2074,2173,2123,-99,4247,average
2463,2537,2500,-74,5000,grandmaster
2638,2498,2568,140,5136,grandmaster
1963,1931,1947,32,3894,novice
2049,2335,2192,-286,4384,average
2046,2439,2242,-393,4485,average
2233,2340,2286,-107,4573,average
2156,2116,2136,40,4272,average
2139,1902,2020,237,4041,novice
2462,2427,2444,35,4889,master
2591,2114,2352,477,4705,master
2256,2175,2215,81,4431,average
2391,2229,2310,162,4620,master
1274,1453,1363,-179,2727,novice
1462,1705,1583,-243,3167,novice
2307,2357,2332,-50,4664,master
2169,1683,1926,486,3852,novice
2067,2453,2260,-386,4520,average
2030,2396,2213,-366,4426,average
1915,1548,1731,367,3463,novice
2284,2073,2178,211,4357,average
1734,1920,1827,-186,3654,novice
1992,2101,2046,-109,4093,novice
2107,2287,2197,-180,4394,average
2231,2366,2298,-135,4597,average
2482,2170,2326,312,4652,master
2391,2557,2474,-166,4948,grandmaster
2121,2270,2195,-149,4391,average
2431,2276,2353,155,4707,master
1719,1834,1776,-115,3553,novice
2583,2439,2511,144,5022,grandmaster
2012,1930,1971,82,3942,novice
1930,2102,2016,-172,4032,novice
2182,2072,2127,110,4254,average
2210,2389,2299,-179,4599,average
2347,2440,2393,-93,4787,master
2456,2258,2357,198,4714,master
1665,1899,1782,-234,3564,novice
1952,2052,2002,-100,4004,novice
2602,2564,2583,38,5166,grandmaster
2205,2362,2283,-157,4567,average
2432,2320,2376,112,4752,master
1988,2139,2063,-151,4127,novice
2282,1988,2135,294,4270,average
2292,2120,2206,172,4412,average
1988,1856,1922,132,3844,novice
2619,2317,2468,302,4936,grandmaster
2547,2638,2592,-91,5185,grandmaster
2009,1834,1921,175,3843,novice
2637,2376,2506,261,5013,grandmaster
2029,2533,2281,-504,4562,average
2423,1961,2192,462,4384,average
2475,2637,2556,-162,5112,grandmaster
2377,2140,2258,237,4517,average
2512,2408,2460,104,4920,grandmaster
2324,2244,2284,80,4568,average
2548,2467,2507,81,5015,grandmaster
2068,1922,1995,146,3990,novice
2405,2113,2259,292,4518,average
2708,2608,2658,100,5316,grandmaster
2124,1964,2044,160,4088,novice
2250,2022,2136,228,4272,average
2523,2578,2550,-55,5101,grandmaster
2517,2286,2401,231,4803,master
2311,2430,2370,-119,4741,master
2136,2413,2274,-277,4549,average
1769,2185,1977,-416,3954,novice
2690,2694,2692,-4,5384,grandmaster
1739,1567,1653,172,3306,novice
2153,2260,2206,-107,4413,average
1867,2214,2040,-347,4081,novice
2324,2421,2372,-97,4745,master
2654,2555,2604,99,5209,grandmaster
1951,2089,2020,-138,4040,novice
2374,2612,2493,-238,4986,grandmaster
2404,2520,2462,-116,4924,grandmaster
2548,2380,2464,168,4928,grandmaster
2529,2651,2590,-122,5180,grandmaster
2197,2004,2100,193,4201,novice
1749,2069,1909,-320,3818,novice
2347,2378,2362,-31,4725,master
2002,2098,2050,-96,4100,novice
1807,2221,2014,-414,4028,novice
1852,2175,2013,-323,4027,novice
1924,1610,1767,314,3534,novice
1999,2026,2012,-27,4025,novice
2288,2338,2313,-50,4626,master
1752,1602,1677,150,3354,novice
2332,2492,2412,-160,4824,master
2140,1722,1931,418,3862,novice
2224,1932,2078,292,4156,novice
1965,2318,2141,-353,4283,average
2339,2419,2379,-80,4758,master
2642,2687,2664,-45,5329,grandmaster
2210,2417,2313,-207,4627,master
2225,2605,2415,-380,4830,master
2370,2041,2205,329,4411,average
2388,1958,2173,430,4346,average
2101,2411,2256,-310,4512,average
2043,2341,2192,-298,4384,average
2487,2297,2392,190,4784,master
2293,2035,2164,258,4328,average
2000,1838,1919,162,3838,novice
2128,2476,2302,-348,4604,master
2046,1879,1962,167,3925,novice
1931,2076,2003,-145,4007,novice
2234,2130,2182,104,4364,average
2163,2270,2216,-107,4433,average
1931,2201,2066,-270,4132,novice
2355,2095,2225,260,4450,average
2546,2380,2463,166,4926,grandmaster
2132,2233,2182,-101,4365,average
2191,2050,2120,141,4241,average
2085,2213,2149,-128,4298,average
2055,2163,2109,-108,4218,average
2373,2078,2225,295,4451,average
2621,2401,2511,220,5022,grandmaster
2364,2355,2359,9,4719,master
2650,2659,2654,-9,5309,grandmaster
1623,2188,1905,-565,3811,novice
2386,2247,2316,139,4633,master
2382,2157,2269,225,4539,average
2484,1943,2213,541,4427,average
2297,2131,2214,166,4428,average
1984,2095,2039,-111,4079,novice
2231,2493,2362,-262,4724,master
1807,1996,1901,-189,3803,novice
2344,2159,2251,185,4503,average
2505,2629,2567,-124,5134,grandmaster
1733,1949,1841,-216,3682,novice
2567,2714,2640,-147,5281,grandmaster
2743,2651,2697,92,5394,grandmaster
2456,2267,2361,189,4723,master
2459,2511,2485,-52,4970,grandmaster
2430,2247,2338,183,4677,master
2602,2574,2588,28,5176,grandmaster
2378,2538,2458,-160,4916,grandmaster
2185,2113,2149,72,4298,average
2054,2372,2213,-318,4426,average
2449,1836,2142,613,4285,average
1972,1622,1797,350,3594,novice
2278,2322,2300,-44,4600,average
1883,2255,2069,-372,4138,novice
1876,2117,1996,-241,3993,novice
2244,1933,2088,311,4177,novice
2435,2374,2404,61,4809,master
2742,2446,2594,296,5188,grandmaster
2457,2309,2383,148,4766,master
1943,2549,2246,-606,4492,average
1837,2081,1959,-244,3918,novice
2518,2326,2422,192,4844,master
2468,2478,2473,-10,4946,grandmaster
2237,2575,2406,-338,4812,master
2683,2416,2549,267,5099,grandmaster
2133,2058,2095,75,4191,novice
2221,1872,2046,349,4093,novice
2467,2363,2415,104,4830,master
2597,2073,2335,524,4670,master
2318,2399,2358,-81,4717,master
2533,2301,2417,232,4834,master
2634,2201,2417,433,4835,master
1791,2033,1912,-242,3824,novice
2517,2250,2383,267,4767,master
2189,1882,2035,307,4071,novice
2263,2185,2224,78,4448,average
2400,1972,2186,428,4372,average
2237,2263,2250,-26,4500,average
1999,2283,2141,-284,4282,average
2335,2219,2277,116,4554,average
2428,2168,2298,260,4596,average
2327,2165,2246,162,4492,average
2709,2784,2746,-75,5493,grandmaster
2688,2608,2648,80,5296,grandmaster
2506,2450,2478,56,4956,grandmaster
2032,1905,1968,127,3937,novice
2417,2309,2363,108,4726,master
1935,2188,2061,-253,4123,novice
2424,2453,2438,-29,4877,master
2308,1870,2089,438,4178,novice
2383,2635,2509,-252,5018,grandmaster
2241,2320,2280,-79,4561,average
2131,2166,2148,-35,4297,average
2075,2271,2173,-196,4346,average
2061,2132,2096,-71,4193,novice
2120,1881,2000,239,4001,novice
2079,1911,1995,168,3990,novice
2758,2764,2761,-6,5522,grandmaster
2490,2351,2420,139,4841,master
1727,1485,1606,242,3212,novice
2555,2637,2596,-82,5192,grandmaster
2053,1861,1957,192,3914,novice
2566,2526,2546,40,5092,grandmaster
2414,2182,2298,232,4596,average
2527,2704,2615,-177,5231,grandmaster
2521,2378,2449,143,4899,master
2402,2025,2213,377,4427,average
2538,1881,2209,657,4419,average
2391,2530,2460,-139,4921,grandmaster
2415,2422,2418,-7,4837,master
2259,2005,2132,254,4264,average
2355,2150,2252,205,4505,average
2252,2311,2281,-59,4563,average
2062,2253,2157,-191,4315,average
2283,1955,2119,328,4238,average
2458,1810,2134,648,4268,average
2423,2570,2496,-147,4993,grandmaster
2215,2199,2207,16,4414,average
2525,2346,2435,179,4871,master
2082,2269,2175,-187,4351,average
1980,1843,1911,137,3823,novice
1801,1684,1742,117,3485,novice
2028,2238,2133,-210,4266,average
2273,2257,2265,16,4530,average
2153,2013,2083,140,4166,novice
2550,2450,2500,100,5000,grandmaster
2035,2331,2183,-296,4366,average
2130,1655,1892,475,3785,novice
2296,1978,2137,318,4274,average
2540,2432,2486,108,4972,grandmaster
2394,2417,2405,-23,4811,master
2052,2121,2086,-69,4173,novice
2136,2396,2266,-260,4532,average
2266,2031,2148,235,4297,average
2463,2317,2390,146,4780,master
1984,2211,2097,-227,4195,novice
2190,2246,2218,-56,4436,average
2492,2602,2547,-110,5094,grandmaster
1926,2145,2035,-219,4071,novice
2012,2270,2141,-258,4282,average
2620,2442,2531,178,5062,grandmaster
2268,2118,2193,150,4386,average
2583,2348,2465,235,4931,grandmaster
1879,1861,1870,18,3740,novice
2046,1602,1824,444,3648,novice
2330,2374,2352,-44,4704,master
2022,2095,2058,-73,4117,novice
2244,2590,2417,-346,4834,master
2021,1636,1828,385,3657,novice
1779,2239,2009,-460,4018,novice
2530,2666,2598,-136,5196,grandmaster
1988,2237,2112,-249,4225,average
2558,2704,2631,-146,5262,grandmaster
2210,1828,2019,382,4038,novice
1833,1565,1699,268,3398,novice
2233,2065,2149,168,4298,average
1769,2062,1915,-293,3831,novice
2069,2122,2095,-53,4191,novice
2321,2496,2408,-175,4817,master
2002,2540,2271,-538,4542,average
2070,1905,1987,165,3975,novice
2240,1933,2086,307,4173,novice
2672,2665,2668,7,5337,grandmaster
2473,2050,2261,423,4523,average
2696,2673,2684,23,5369,grandmaster
2320,2403,2361,-83,4723,master
2206,2040,2123,166,4246,average
2370,2328,2349,42,4698,master
1976,2180,2078,-204,4156,novice
2552,2138,2345,414,4690,master
2118,2357,2237,-239,4475,average
1589,1678,1633,-89,3267,novice
2316,2552,2434,-236,4868,master
2569,2397,2483,172,4966,grandmaster
2279,2103,2191,176,4382,average
2474,2405,2439,69,4879,master
2232,2380,2306,-148,4612,master
2102,2238,2170,-136,4340,average
2000,1751,1875,249,3751,novice
2276,2159,2217,117,4435,average
2279,2207,2243,72,4486,average
2400,2181,2290,219,4581,average
1746,2131,1938,-385,3877,novice
2227,2343,2285,-116,4570,average
2352,2272,2312,80,4624,master
2055,2314,2184,-259,4369,average
2137,2709,2423,-572,4846,master
2159,2330,2244,-171,4489,average
2479,2081,2280,398,4560,average
2053,1727,1890,326,3780,novice
2101,2082,2091,19,4183,novice
1991,1717,1854,274,3708,novice
2073,1917,1995,156,3990,novice
2185,2405,2295,-220,4590,average
1803,1987,1895,-184,3790,novice
1657,1571,1614,86,3228,novice
1962,1887,1924,75,3849,novice
2029,1882,1955,147,3911,novice
1794,1572,1683,222,3366,novice
2613,2513,2563,100,5126,grandmaster
1824,2545,2184,-721,4369,average
1957,1523,1740,434,3480,novice
2450,2387,2418,63,4837,master
2644,2717,2680,-73,5361,grandmaster
2645,2507,2576,138,5152,grandmaster
2118,1848,1983,270,3966,novice
1830,1957,1893,-127,3787,novice
2146,2208,2177,-62,4354,average
2142,2162,2152,-20,4304,average
2229,1944,2086,285,4173,novice
2209,1981,2095,228,4190,novice
2153,1818,1985,335,3971,novice
2361,2469,2415,-108,4830,master
2543,2615,2579,-72,5158,grandmaster
1601,1776,1688,-175,3377,novice
2564,2477,2520,87,5041,grandmaster
2327,2246,2286,81,4573,average
2309,1776,2042,533,4085,novice
1781,2394,2087,-613,4175,novice
2161,2458,2309,-297,4619,master
1883,1605,1744,278,3488,novice
2732,2736,2734,-4,5468,grandmaster
2048,1953,2000,95,4001,novice
2438,2529,2483,-91,4967,grandmaster
2449,2301,2375,148,4750,master
2549,2390,2469,159,4939,grandmaster
2786,2762,2774,24,5548,grandmaster
2102,2358,2230,-256,4460,average
2306,2333,2319,-27,4639,master
2591,2239,2415,352,4830,master
2396,2225,2310,171,4621,master
2206,2505,2355,-299,4711,master
2012,2424,2218,-412,4436,average
2023,2273,2148,-250,4296,average
2087,1972,2029,115,4059,novice
1992,1646,1819,346,3638,novice
2596,2452,2524,144,5048,grandmaster
2425,2564,2494,-139,4989,grandmaster
2529,2592,2560,-63,5121,grandmaster
2434,1997,2215,437,4431,average
1916,2154,2035,-238,4070,novice
2281,2091,2186,190,4372,average
2304,2494,2399,-190,4798,master
2648,2428,2538,220,5076,grandmaster
1992,1894,1943,98,3886,novice
2734,2454,2594,280,5188,grandmaster
2321,2396,2358,-75,4717,master
2343,2467,2405,-124,4810,master
2216,2211,2213,5,4427,average
2233,2398,2315,-165,4631,master
2152,2225,2188,-73,4377,average
1730,2187,1958,-457,3917,novice
2392,2487,2439,-95,4879,master
2258,2501,2379,-243,4759,master
1525,1899,1712,-374,3424,novice
2711,2406,2558,305,5117,grandmaster
1961,2421,2191,-460,4382,average
2114,2033,2073,81,4147,novice
2104,2331,2217,-227,4435,average
2385,2053,2219,332,4438,average
2203,2110,2156,93,4313,average
2675,2468,2571,207,5143,grandmaster
2741,2775,2758,-34,5516,grandmaster
1506,2027,1766,-521,3533,novice
2126,1933,2029,193,4059,novice
2450,2358,2404,92,4808,master
2230,2399,2314,-169,4629,master
2512,2504,2508,8,5016,grandmaster
1926,1791,1858,135,3717,novice
1945,1744,1844,201,3689,novice
1743,1423,1583,320,3166,novice
2243,1907,2075,336,4150,novice
2323,2357,2340,-34,4680,master
2262,2475,2368,-213,4737,master
1742,1987,1864,-245,3729,novice
2297,2270,2283,27,4567,average
2020,2103,2061,-83,4123,novice
2017,2302,2159,-285,4319,average
2168,2467,2317,-299,4635,master
2156,2360,2258,-204,4516,average
2231,2544,2387,-313,4775,master
2550,2688,2619,-138,5238,grandmaster
2602,2363,2482,239,4965,grandmaster
2164,2302,2233,-138,4466,average
2628,2792,2710,-164,5420,grandmaster
2379,2572,2475,-193,4951,grandmaster
2592,2162,2377,430,4754,master
2027,2309,2168,-282,4336,average
1645,2181,1913,-536,3826,novice
1875,2150,2012,-275,4025,novice
1512,1933,1722,-421,3445,novice
2435,2270,2352,165,4705,master
2137,1843,1990,294,3980,novice
2192,1952,2072,240,4144,novice
2014,2404,2209,-390,4418,average
2523,2744,2633,-221,5267,grandmaster
2727,2705,2716,22,5432,grandmaster
1812,1893,1852,-81,3705,novice
2351,2304,2327,47,4655,master
2204,2375,2289,-171,4579,average
1892,1810,1851,82,3702,novice
2569,2684,2626,-115,5253,grandmaster
2468,2648,2558,-180,5116,grandmaster
2089,2396,2242,-307,4485,average
2147,2287,2217,-140,4434,average
2194,1780,1987,414,3974,novice
2211,2364,2287,-153,4575,average
2488,2576,2532,-88,5064,grandmaster
2207,2341,2274,-134,4548,average
1773,2071,1922,-298,3844,novice
1571,1857,1714,-286,3428,novice
2350,2420,2385,-70,4770,master
2118,2553,2335,-435,4671,master
1965,1654,1809,311,3619,novice
2162,2129,2145,33,4291,average
2540,2417,2478,123,4957,grandmaster
2307,2460,2383,-153,4767,master
2380,2225,2302,155,4605,master
2380,2105,2242,275,4485,average
2473,2431,2452,42,4904,grandmaster
2402,2438,2420,-36,4840,master
2313,2375,2344,-62,4688,master
1999,2111,2055,-112,4110,novice
2146,2330,2238,-184,4476,average
2107,2219,2163,-112,4326,average
2352,2248,2300,104,4600,average
2263,1841,2052,422,4104,novice
2245,2147,2196,98,4392,average
2020,2148,2084,-128,4168,novice
2401,2198,2299,203,4599,average
1921,2176,2048,-255,4097,novice
1985,1913,1949,72,3898,novice
2433,2097,2265,336,4530,average
2355,2528,2441,-173,4883,master
2168,2319,2243,-151,4487,average
2193,2257,2225,-64,4450,average
2017,2190,2103,-173,4207,average
2033,1902,1967,131,3935,novice
2026,2244,2135,-218,4270,average
2250,2618,2434,-368,4868,master
2272,2070,2171,202,4342,average
2440,2209,2324,231,4649,master
2438,2104,2271,334,4542,average
2717,2608,2662,109,5325,grandmaster
2470,2326,2398,144,4796,master
2109,2043,2076,66,4152,novice
2369,2236,2302,133,4605,master
2308,2491,2399,-183,4799,master
2178,2205,2191,-27,4383,average
1891,2055,1973,-164,3946,novice
2134,2216,2175,-82,4350,average
1974,2115,2044,-141,4089,novice
2346,2384,2365,-38,4730,master
2295,2032,2163,263,4327,average
2360,2316,2338,44,4676,master
2459,2228,2343,231,4687,master
2413,2236,2324,177,4649,master
1922,2225,2073,-303,4147,novice
2269,2425,2347,-156,4694,master
2297,1812,2054,485,4109,novice
2296,2462,2379,-166,4758,master
2088,2569,2328,-481,4657,master
2524,2377,2450,147,4901,master
2295,2335,2315,-40,4630,master
1841,2036,1938,-195,3877,novice
2167,1960,2063,207,4127,novice
2148,2297,2222,-149,4445,average
2292,2127,2209,165,4419,average
1674,2019,1846,-345,3693,novice
2426,2181,2303,245,4607,master
2527,2629,2578,-102,5156,grandmaster
2128,2057,2092,71,4185,novice
2667,2687,2677,-20,5354,grandmaster
2311,2270,2290,41,4581,average
2086,2277,2181,-191,4363,average
1973,1633,1803,340,3606,novice
2191,2260,2225,-69,4451,average
2364,2249,2306,115,4613,master
1978,2412,2195,-434,4390,average
2439,2165,2302,274,4604,master
1714,2257,1985,-543,3971,novice
2610,2507,2558,103,5117,grandmaster
2312,2218,2265,94,4530,average
1936,2135,2035,-199,4071,novice
2090,2107,2098,-17,4197,novice
2195,2184,2189,11,4379,average
2615,2478,2546,137,5093,grandmaster
1989,2400,2194,-411,4389,average
1966,2118,2042,-152,4084,novice
1634,1889,1761,-255,3523,novice
2234,2058,2146,176,4292,average
2613,2379,2496,234,4992,grandmaster
2155,1751,1953,404,3906,novice
2713,2656,2684,57,5369,grandmaster
2262,2276,2269,-14,4538,average
2340,1985,2162,355,4325,average
2138,2393,2265,-255,4531,average
2483,2423,2453,60,4906,grandmaster
2198,2159,2178,39,4357,average
2289,2034,2161,255,4323,average
2471,2556,2513,-85,5027,grandmaster
2399,2514,2456,-115,4913,grandmaster
2367,2283,2325,84,4650,master
2652,2816,2734,-164,5468,grandmaster
2644,2321,2482,323,4965,grandmaster
2215,2009,2112,206,4224,average
1989,2216,2102,-227,4205,average
2526,2607,2566,-81,5133,grandmaster
2365,2516,2440,-151,4881,master
2706,2575,2640,131,5281,grandmaster
2426,2393,2409,33,4819,master
2218,2193,2205,25,4411,average
2327,2343,2335,-16,4670,master
1653,1978,1815,-325,3631,novice
2212,2283,2247,-71,4495,average
2202,2040,2121,162,4242,average
2547,2475,2511,72,5022,grandmaster
2254,2342,2298,-88,4596,average
1401,1781,1591,-380,3182,novice
2030,2331,2180,-301,4361,average
2480,2356,2418,124,4836,master
2261,2229,2245,32,4490,average
2253,2098,2175,155,4351,average
2156,1865,2010,291,4021,novice
2587,2246,2416,341,4833,master
2098,1689,1893,409,3787,novice
2555,2508,2531,47,5063,grandmaster
2465,2786,2625,-321,5251,grandmaster
2424,1885,2154,539,4309,average
2432,2292,2362,140,4724,master
2377,1970,2173,407,4347,average
2290,2053,2171,237,4343,average
2084,2256,2170,-172,4340,average
2468,2445,2456,23,4913,grandmaster
1945,1931,1938,14,3876,novice
2005,1978,1991,27,3983,novice
2078,1800,1939,278,3878,novice
2438,2044,2241,394,4482,average
2763,2767,2765,-4,5530,grandmaster
1813,2040,1926,-227,3853,novice
2223,1870,2046,353,4093,novice
2036,2234,2135,-198,4270,average
2450,2408,2429,42,4858,master
1755,1502,1628,253,3257,novice
2170,2244,2207,-74,4414,average
2037,1878,1957,159,3915,novice
2461,2320,2390,141,4781,master
1634,1903,1768,-269,3537,novice
2289,2336,2312,-47,4625,master
2395,2601,2498,-206,4996,grandmaster
2077,2346,2211,-269,4423,average
2414,2522,2468,-108,4936,grandmaster
2432,2541,2486,-109,4973,grandmaster
1966,2141,2053,-175,4107,novice
2271,2493,2382,-222,4764,master
2545,2117,2331,428,4662,master
2453,2177,2315,276,4630,master
1567,1704,1635,-137,3271,novice
2638,2478,2558,160,5116,grandmaster
1839,1430,1634,409,3269,novice
2066,1930,1998,136,3996,novice
2567,2507,2537,60,5074,grandmaster
2402,2178,2290,224,4580,average
2343,2279,2311,64,4622,master
2406,2240,2323,166,4646,master
2630,2516,2573,114,5146,grandmaster
2688,2727,2707,-39,5415,grandmaster
2299,2560,2429,-261,4859,master
2556,2369,2462,187,4925,grandmaster
2700,2753,2726,-53,5453,grandmaster
2195,1835,2015,360,4030,novice
2435,1862,2148,573,4297,average
2098,2365,2231,-267,4463,average
1996,1844,1920,152,3840,novice
2114,2219,2166,-105,4333,average
2297,2164,2230,133,4461,average
2234,1999,2116,235,4233,average
2232,2126,2179,106,4358,average
1807,1929,1868,-122,3736,novice
2578,2562,2570,16,5140,grandmaster
2460,2148,2304,312,4608,master
1760,2041,1900,-281,3801,novice
2281,1917,2099,364,4198,novice
2164,2537,2350,-373,4701,master
2172,2297,2234,-125,4469,average
2209,2180,2194,29,4389,average
2712,2251,2481,461,4963,grandmaster
2642,2581,2611,61,5223,grandmaster
2456,2521,2488,-65,4977,grandmaster
2427,2401,2414,26,4828,master
2188,2265,2226,-77,4453,average
2282,2278,2280,4,4560,average
2615,2044,2329,571,4659,master
2459,2152,2305,307,4611,master
2037,1581,1809,456,3618,novice
1985,2296,2140,-311,4281,average
2174,2401,2287,-227,4575,average
2220,2019,2119,201,4239,average
2332,1904,2118,428,4236,average
2556,2405,2480,151,4961,grandmaster
2400,2368,2384,32,4768,master
2137,2256,2196,-119,4393,average
1761,2150,1955,-389,3911,novice
2299,2467,2383,-168,4766,master
2388,1903,2145,485,4291,average
2327,1804,2065,523,4131,novice
1958,1821,1889,137,3779,novice
2347,2175,2261,172,4522,average
2327,2057,2192,270,4384,average
1953,2052,2002,-99,4005,novice
2455,2422,2438,33,4877,master
2705,2727,2716,-22,5432,grandmaster
1833,1531,1682,302,3364,novice
2416,2239,2327,177,4655,master
2428,2177,2302,251,4605,master
1975,2208,2091,-233,4183,novice
1930,2078,2004,-148,4008,novice
1373,2222,1797,-849,3595,novice
2214,2394,2304,-180,4608,master
2308,2239,2273,69,4547,average
2069,2176,2122,-107,4245,average
2471,2066,2268,405,4537,average
2426,2356,2391,70,4782,master
2313,2471,2392,-158,4784,master
1982,1695,1838,287,3677,novice
2088,2177,2132,-89,4265,average
1916,2110,2013,-194,4026,novice
1846,2113,1979,-267,3959,novice
2147,2336,2241,-189,4483,average
1951,1991,1971,-40,3942,novice
2427,1821,2124,606,4248,average
2043,2302,2172,-259,4345,average
2316,2505,2410,-189,4821,master
2022,2185,2103,-163,4207,average
2570,2541,2555,29,5111,grandmaster
2550,2313,2431,237,4863,master
2136,2464,2300,-328,4600,average
1819,2042,1930,-223,3861,novice
2149,1965,2057,184,4114,novice
2233,2539,2386,-306,4772,master
2616,2389,2502,227,5005,grandmaster
2337,2490,2413,-153,4827,master
1939,2050,1994,-111,3989,novice
2124,2414,2269,-290,4538,average
2667,2432,2549,235,5099,grandmaster
2569,2327,2448,242,4896,master
2021,2301,2161,-280,4322,average
1841,2122,1981,-281,3963,novice
2124,2155,2139,-31,4279,average
2400,2624,2512,-224,5024,grandmaster
2308,2085,2196,223,4393,average
2285,2165,2225,120,4450,average
2459,2395,2427,64,4854,master
2525,2568,2546,-43,5093,grandmaster
2540,2294,2417,246,4834,master
2342,2504,2423,-162,4846,master
2511,2283,2397,228,4794,master
2557,2556,2556,1,5113,grandmaster
2574,2213,2393,361,4787,master
2082,1998,2040,84,4080,novice
2024,2172,2098,-148,4196,novice
2457,2577,2517,-120,5034,grandmaster
2329,2563,2446,-234,4892,master
2269,2039,2154,230,4308,average
2216,2359,2287,-143,4575,average
2238,1926,2082,312,4164,novice
2101,1923,2012,178,4024,novice
2318,2172,2245,146,4490,average
2441,2177,2309,264,4618,master
2446,2390,2418,56,4836,master
1379,1673,1526,-294,3052,novice
2685,2438,2561,247,5123,grandmaster
2102,2103,2102,-1,4205,average
2327,2461,2394,-134,4788,master
2218,2222,2220,-4,4440,average
2772,2648,2710,124,5420,grandmaster
1739,2015,1877,-276,3754,novice
2326,2487,2406,-161,4813,master
2540,2566,2553,-26,5106,grandmaster
1890,2163,2026,-273,4053,novice
1965,2318,2141,-353,4283,average
2639,2741,2690,-102,5380,grandmaster
2239,2454,2346,-215,4693,master
1953,2060,2006,-107,4013,novice
2425,1903,2164,522,4328,average
2289,2184,2236,105,4473,average
2529,2323,2426,206,4852,master
2036,2209,2122,-173,4245,average
2145,2342,2243,-197,4487,average
2684,2602,2643,82,5286,grandmaster
2480,2621,2550,-141,5101,grandmaster
2251,2438,2344,-187,4689,master
2216,2119,2167,97,4335,average
2024,2298,2161,-274,4322,average
2105,1966,2035,139,4071,novice
2547,2455,2501,92,5002,grandmaster
2290,2434,2362,-144,4724,master
2590,2422,2506,168,5012,grandmaster
2237,1760,1998,477,3997,novice
2099,2411,2255,-312,4510,average
2603,2281,2442,322,4884,master
2721,2731,2726,-10,5452,grandmaster
2298,2115,2206,183,4413,average
2170,2048,2109,122,4218,average
2211,2084,2147,127,4295,average
2182,2518,2350,-336,4700,master
2052,2524,2288,-472,4576,average
2424,2159,2291,265,4583,average
2387,2506,2446,-119,4893,master
2249,2160,2204,89,4409,average
2308,2173,2240,135,4481,average
2497,2351,2424,146,4848,master
2431,2389,2410,42,4820,master
1871,2098,1984,-227,3969,novice
1991,2152,2071,-161,4143,novice
2368,2207,2287,161,4575,average
2240,2262,2251,-22,4502,average
2056,2147,2101,-91,4203,average
2364,2206,2285,158,4570,average
2499,2375,2437,124,4874,master
2212,2019,2115,193,4231,average
2331,1854,2092,477,4185,novice
2332,2492,2412,-160,4824,master
2248,2170,2209,78,4418,average
2566,2404,2485,162,4970,grandmaster
2184,2358,2271,-174,4542,average
1932,1884,1908,48,3816,novice
2224,1911,2067,313,4135,novice
2277,2230,2253,47,4507,average
1980,2116,2048,-136,4096,novice
2149,2345,2247,-196,4494,average
1890,2249,2069,-359,4139,novice
2339,2271,2305,68,4610,master
2367,2141,2254,226,4508,average
2247,2442,2344,-195,4689,master
2206,2417,2311,-211,4623,master
2084,2037,2060,47,4121,novice
2108,2554,2331,-446,4662,master
2557,2538,2547,19,5095,grandmaster
2138,2153,2145,-15,4291,average
2527,2560,2543,-33,5087,grandmaster
2417,2555,2486,-138,4972,grandmaster
2308,2574,2441,-266,4882,master
2057,2285,2171,-228,4342,average
2217,1991,2104,226,4208,average
1556,1932,1744,-376,3488,novice
2432,2112,2272,320,4544,average
2635,2419,2527,216,5054,grandmaster
2307,2164,2235,143,4471,average
2200,1812,2006,388,4012,novice
2131,2470,2300,-339,4601,average
2062,2133,2097,-71,4195,novice
2105,2021,2063,84,4126,novice
2418,2307,2362,111,4725,master
2174,2561,2367,-387,4735,master
2187,2495,2341,-308,4682,master
2133,2432,2282,-299,4565,average
2621,2156,2388,465,4777,master
2570,2392,2481,178,4962,grandmaster
2498,2387,2442,111,4885,master
1885,1693,1789,192,3578,novice
2389,2403,2396,-14,4792,master
2175,2003,2089,172,4178,novice
2775,2551,2663,224,5326,grandmaster
2411,1848,2129,563,4259,average
2291,2319,2305,-28,4610,master
2166,1932,2049,234,4098,novice
2419,2336,2377,83,4755,master
2189,2035,2112,154,4224,average
2325,2554,2439,-229,4879,master
2367,2225,2296,142,4592,average
2490,2418,2454,72,4908,grandmaster
2284,2055,2169,229,4339,average
2075,2366,2220,-291,4441,average
2485,2423,2454,62,4908,grandmaster
2152,1923,2037,229,4075,novice
2785,2589,2687,196,5374,grandmaster
2757,2780,2768,-23,5537,grandmaster
2126,1768,1947,358,3894,novice
1918,2481,2199,-563,4399,average
2449,2332,2390,117,4781,master
2138,1840,1989,298,3978,novice
2372,2380,2376,-8,4752,master
1660,1676,1668,-16,3336,novice
1926,1884,1905,42,3810,novice
1280,1552,1416,-272,2832,novice
2458,1971,2214,487,4429,average
1921,2053,1987,-132,3974,novice
1980,1948,1964,32,3928,novice
2580,2414,2497,166,4994,grandmaster
2395,2609,2502,-214,5004,grandmaster
2067,2135,2101,-68,4202,average
2169,2298,2233,-129,4467,average
2106,1926,2016,180,4032,novice
2172,2163,2167,9,4335,average
2449,2251,2350,198,4700,master
2052,2211,2131,-159,4263,average
2520,2357,2438,163,4877,master
2297,2075,2186,222,4372,average
1912,1768,1840,144,3680,novice
2697,2565,2631,132,5262,grandmaster
2412,2416,2414,-4,4828,master
2620,2567,2593,53,5187,grandmaster
1880,2057,1968,-177,3937,novice
1889,2282,2085,-393,4171,novice
2109,2400,2254,-291,4509,average
2121,2331,2226,-210,4452,average
2210,1967,2088,243,4177,novice
2237,2326,2281,-89,4563,average
2269,2446,2357,-177,4715,master
2279,2360,2319,-81,4639,master
2285,2260,2272,25,4545,average
2307,2451,2379,-144,4758,master
1844,2468,2156,-624,4312,average
2564,2269,2416,295,4833,master
2116,2423,2269,-307,4539,average
2145,2401,2273,-256,4546,average
2136,1951,2043,185,4087,novice
1884,2151,2017,-267,4035,novice
2434,2284,2359,150,4718,master
2351,2160,2255,191,4511,average
2630,2272,2451,358,4902,grandmaster
2203,2454,2328,-251,4657,master
2381,2492,2436,-111,4873,master
2488,2142,2315,346,4630,master
1957,1775,1866,182,3732,novice
2364,2190,2277,174,4554,average
1660,1652,1656,8,3312,novice
2533,2603,2568,-70,5136,grandmaster
2089,2217,2153,-128,4306,average
2600,2173,2386,427,4773,master
2379,2191,2285,188,4570,average
2361,2147,2254,214,4508,average
2447,2486,2466,-39,4933,grandmaster
2417,2404,2410,13,4821,master
2623,2630,2626,-7,5253,grandmaster
1747,2379,2063,-632,4126,novice
2352,2357,2354,-5,4709,master
2649,2529,2589,120,5178,grandmaster
2605,2752,2678,-147,5357,grandmaster
2444,2559,2501,-115,5003,grandmaster
2182,1940,2061,242,4122,novice
2320,2017,2168,303,4337,average
2453,2216,2334,237,4669,master
1897,2292,2094,-395,4189,novice
2397,2210,2303,187,4607,master
2213,2476,2344,-263,4689,master
1910,2092,2001,-182,4002,novice
2520,2631,2575,-111,5151,grandmaster
2235,2341,2288,-106,4576,average
2049,2101,2075,-52,4150,novice
2406,2294,2350,112,4700,master
1612,1833,1722,-221,3445,novice
1923,2108,2015,-185,4031,novice
2578,2607,2592,-29,5185,grandmaster
2304,2026,2165,278,4330,average
1783,1779,1781,4,3562,novice
2030,2284,2157,-254,4314,average
2469,2085,2277,384,4554,average
2429,2146,2287,283,4575,average
2336,2482,2409,-146,4818,master
2394,2557,2475,-163,4951,grandmaster
2039,1888,1963,151,3927,novice
2312,2064,2188,248,4376,average
2345,2241,2293,104,4586,average
2239,2424,2331,-185,4663,master
2276,2496,2386,-220,4772,master
2642,2646,2644,-4,5288,grandmaster
1507,2239,1873,-732,3746,novice
2508,2554,2531,-46,5062,grandmaster
2368,2577,2472,-209,4945,grandmaster
2333,2342,2337,-9,4675,master
2548,2233,2390,315,4781,master
2204,2272,2238,-68,4476,average
2364,2546,2455,-182,4910,grandmaster
2458,2195,2326,263,4653,master
2427,2060,2243,367,4487,average
2310,2163,2236,147,4473,average
2297,2471,2384,-174,4768,master
2593,2447,2520,146,5040,grandmaster
2723,2622,2672,101,5345,grandmaster
2629,2319,2474,310,4948,grandmaster
2563,2132,2347,431,4695,master
2291,2431,2361,-140,4722,master
2127,2032,2079,95,4159,novice
1908,2121,2014,-213,4029,novice
2163,2204,2183,-41,4367,average
2411,2469,2440,-58,4880,master
2121,2037,2079,84,4158,novice
2158,2253,2205,-95,4411,average
2182,1911,2046,271,4093,novice
2274,2460,2367,-186,4734,master
2249,2173,2211,76,4422,average
2289,1806,2047,483,4095,novice
2656,2368,2512,288,5024,grandmaster
2484,2362,2423,122,4846,master
2130,2156,2143,-26,4286,average
2155,2321,2238,-166,4476,average
2037,2250,2143,-213,4287,average
1993,1767,1880,226,3760,novice
2250,2356,2303,-106,4606,master
2045,2457,2251,-412,4502,average
1748,1956,1852,-208,3704,novice
2259,1850,2054,409,4109,novice
2467,2557,2512,-90,5024,grandmaster
2183,2408,2295,-225,4591,average
1940,2156,2048,-216,4096,novice
2124,2581,2352,-457,4705,master
2266,2208,2237,58,4474,average
2224,2407,2315,-183,4631,master
2573,2297,2435,276,4870,master
2304,2028,2166,276,4332,average
2580,2457,2518,123,5037,grandmaster
2036,2030,2033,6,4066,novice
2207,2067,2137,140,4274,average
2542,2486,2514,56,5028,grandmaster
2385,2186,2285,199,4571,average
2329,2659,2494,-330,4988,grandmaster
2520,2220,2370,300,4740,master
1892,2049,1970,-157,3941,novice
2478,1775,2126,703,4253,average
2414,2422,2418,-8,4836,master
2090,2121,2105,-31,4211,average
2545,2556,2550,-11,5101,grandmaster
2497,2503,2500,-6,5000,grandmaster
2391,2369,2380,22,4760,master
2601,2268,2434,333,4869,master
2565,2324,2444,241,4889,master
2332,2283,2307,49,4615,master
2437,2681,2559,-244,5118,grandmaster
2375,2107,2241,268,4482,average
2150,2629,2389,-479,4779,master
2312,2270,2291,42,4582,average
2328,2218,2273,110,4546,average
2641,2169,2405,472,4810,master
2516,2377,2446,139,4893,master
2314,2557,2435,-243,4871,master
1873,2250,2061,-377,4123,novice
2561,2335,2448,226,4896,master
2539,2354,2446,185,4893,master
2101,1966,2033,135,4067,novice
2489,2303,2396,186,4792,master
2516,2625,2570,-109,5141,grandmaster
2428,2306,2367,122,4734,master
2526,2514,2520,12,5040,grandmaster
2239,2426,2332,-187,4665,master
2489,2223,2356,266,4712,master
2248,2605,2426,-357,4853,master
2403,1764,2083,639,4167,novice
2369,2584,2476,-215,4953,grandmaster
2743,2621,2682,122,5364,grandmaster
2543,2454,2498,89,4997,grandmaster
1383,1206,1294,177,2589,novice
1499,1795,1647,-296,3294,novice
1970,2578,2274,-608,4548,average
1845,2081,1963,-236,3926,novice
1757,2436,2096,-679,4193,novice
2423,2290,2356,133,4713,master
2395,2622,2508,-227,5017,grandmaster
1957,2094,2025,-137,4051,novice
1951,2424,2187,-473,4375,average
2487,2200,2343,287,4687,master
2045,2419,2232,-374,4464,average
2392,2444,2418,-52,4836,master
2246,2434,2340,-188,4680,master
2399,2084,2241,315,4483,average
2064,1880,1972,184,3944,novice
2402,2513,2457,-111,4915,grandmaster
2207,2299,2253,-92,4506,average
2356,2492,2424,-136,4848,master
2612,2608,2610,4,5220,grandmaster
2325,2510,2417,-185,4835,master
2580,2468,2524,112,5048,grandmaster
2187,2328,2257,-141,4515,average
2328,2089,2208,239,4417,average
2662,2549,2605,113,5211,grandmaster
2291,2498,2394,-207,4789,master
2217,2594,2405,-377,4811,master
1605,1940,1772,-335,3545,novice
1790,1554,1672,236,3344,novice
2588,2626,2607,-38,5214,grandmaster
1884,1887,1885,-3,3771,novice
1715,1436,1575,279,3151,novice
2458,2471,2464,-13,4929,grandmaster
2061,2034,2047,27,4095,novice
1931,2076,2003,-145,4007,novice
2580,2339,2459,241,4919,grandmaster
1835,2056,1945,-221,3891,novice
2047,1777,1912,270,3824,novice
2194,2208,2201,-14,4402,average
1771,2327,2049,-556,4098,novice
2541,2631,2586,-90,5172,grandmaster
2320,2369,2344,-49,4689,master
2334,2210,2272,124,4544,average
2491,2371,2431,120,4862,master
2684,2473,2578,211,5157,grandmaster
2427,2302,2364,125,4729,master
1883,1657,1770,226,3540,novice
2212,2295,2253,-83,4507,average
2459,2643,2551,-184,5102,grandmaster
1993,1782,1887,211,3775,novice
2073,2000,2036,73,4073,novice
2653,2622,2637,31,5275,grandmaster
2210,2573,2391,-363,4783,master
2455,2608,2531,-153,5063,grandmaster
2232,2409,2320,-177,4641,master
2517,2389,2453,128,4906,grandmaster
2693,2428,2560,265,5121,grandmaster
1725,2212,1968,-487,3937,novice
2232,2519,2375,-287,4751,master
2562,2428,2495,134,4990,grandmaster
2211,1970,2090,241,4181,novice
2543,2482,2512,61,5025,grandmaster
2306,2408,2357,-102,4714,master
2361,2614,2487,-253,4975,grandmaster
2166,2152,2159,14,4318,average
2274,2210,2242,64,4484,average
2512,2082,2297,430,4594,average
2415,2055,2235,360,4470,average
2208,2046,2127,162,4254,average
2114,2400,2257,-286,4514,average
2307,2436,2371,-129,4743,master
2218,2576,2397,-358,4794,master
2436,2259,2347,177,4695,master
2559,2518,2538,41,5077,grandmaster
2457,2372,2414,85,4829,master
2368,2222,2295,146,4590,average
2198,2488,2343,-290,4686,master
2639,2431,2535,208,5070,grandmaster
2046,2285,2165,-239,4331,average
1767,2637,2202,-870,4404,average
2638,2678,2658,-40,5316,grandmaster
2537,1751,2144,786,4288,average
2022,2464,2243,-442,4486,average
2226,2126,2176,100,4352,average
1672,1740,1706,-68,3412,novice
1790,2047,1918,-257,3837,novice
2221,2421,2321,-200,4642,master
2068,2032,2050,36,4100,novice
2210,2397,2303,-187,4607,master
2185,2535,2360,-350,4720,master
1889,2050,1969,-161,3939,novice
2487,2157,2322,330,4644,master
2306,2505,2405,-199,4811,master
1825,2153,1989,-328,3978,novice
2250,2113,2181,137,4363,average
2404,2575,2489,-171,4979,grandmaster
2292,2587,2439,-295,4879,master
2279,2397,2338,-118,4676,master
2407,2320,2363,87,4727,master
2365,2509,2437,-144,4874,master
1979,2449,2214,-470,4428,average
1767,1981,1874,-214,3748,novice
2230,2215,2222,15,4445,average
2288,2181,2234,107,4469,average
2141,2338,2239,-197,4479,average
2120,2246,2183,-126,4366,average
2589,2402,2495,187,4991,grandmaster
2377,2239,2308,138,4616,master
1836,1936,1886,-100,3772,novice
1828,2434,2131,-606,4262,average
1527,1701,1614,-174,3228,novice
2348,2213,2280,135,4561,average
2319,2525,2422,-206,4844,master
2151,2371,2261,-220,4522,average
2157,2064,2110,93,4221,average
2494,2298,2396,196,4792,master
2419,2374,2396,45,4793,master
2322,2324,2323,-2,4646,master
2496,2546,2521,-50,5042,grandmaster
2195,2343,2269,-148,4538,average
2210,2010,2110,200,4220,average
2422,2292,2357,130,4714,master
2573,2509,2541,64,5082,grandmaster
1993,1924,1958,69,3917,novice
2311,2333,2322,-22,4644,master
1483,2101,1792,-618,3584,novice
2300,2531,2415,-231,4831,master
2102,2502,2302,-400,4604,master
2536,2421,2478,115,4957,grandmaster
2540,2178,2359,362,4718,master
2195,2157,2176,38,4352,average
1956,2205,2080,-249,4161,novice
1904,2041,1972,-137,3945,novice
1532,1344,1438,188,2876,novice
2437,2244,2340,193,4681,master
1967,2360,2163,-393,4327,average
2249,1979,2114,270,4228,average
2140,2078,2109,62,4218,average
2387,2601,2494,-214,4988,grandmaster
2254,2131,2192,123,4385,average
2100,2364,2232,-264,4464,average
2141,2471,2306,-330,4612,master
2540,2269,2404,271,4809,master
2232,2274,2253,-42,4506,average
2312,2485,2398,-173,4797,master
2267,1956,2111,311,4223,average
2209,2218,2213,-9,4427,average
2328,2173,2250,155,4501,average
2407,2322,2364,85,4729,master
2663,2554,2608,109,5217,grandmaster
2310,2349,2329,-39,4659,master
2468,2197,2332,271,4665,master
2285,1994,2139,291,4279,average
2261,2471,2366,-210,4732,master
2194,2043,2118,151,4237,average
2255,2186,2220,69,4441,average
2132,1895,2013,237,4027,novice
2186,2336,2261,-150,4522,average
2312,1806,2059,506,4118,novice
2252,1962,2107,290,4214,average
2591,2475,2533,116,5066,grandmaster
2187,2274,2230,-87,4461,average
2288,2429,2358,-141,4717,master
2379,2367,2373,12,4746,master
2482,2616,2549,-134,5098,grandmaster
2155,1876,2015,279,4031,novice
2526,2582,2554,-56,5108,grandmaster
2572,2449,2510,123,5021,grandmaster
2176,2031,2103,145,4207,average
2441,2460,2450,-19,4901,master
1952,2189,2070,-237,4141,novice
2384,2525,2454,-141,4909,grandmaster
2274,2360,2317,-86,4634,master
2211,2089,2150,122,4300,average
2426,2290,2358,136,4716,master
2276,2215,2245,61,4491,average
2318,2244,2281,74,4562,average
2683,2445,2564,238,5128,grandmaster
2559,2370,2464,189,4929,grandmaster
2227,2013,2120,214,4240,average
2602,2298,2450,304,4900,master
2367,2158,2262,209,4525,average
2707,2494,2600,213,5201,grandmaster
2501,2666,2583,-165,5167,grandmaster
1846,1634,1740,212,3480,novice
2559,2420,2489,139,4979,grandmaster
2084,1889,1986,195,3973,novice
2616,2531,2573,85,5147,grandmaster
2328,2441,2384,-113,4769,master
2291,1982,2136,309,4273,average
2547,2448,2497,99,4995,grandmaster
2324,2370,2347,-46,4694,master
2668,2585,2626,83,5253,grandmaster
2285,2411,2348,-126,4696,master
2241,2178,2209,63,4419,average
1976,2503,2239,-527,4479,average
2117,2306,2211,-189,4423,average
2244,2191,2217,53,4435,average
2268,2443,2355,-175,4711,master
2074,1880,1977,194,3954,novice
2559,2650,2604,-91,5209,grandmaster
2178,2530,2354,-352,4708,master
2174,2343,2258,-169,4517,average
2210,2191,2200,19,4401,average
1762,1748,1755,14,3510,novice
1643,1790,1716,-147,3433,novice
2340,2516,2428,-176,4856,master
2506,2656,2581,-150,5162,grandmaster
2369,2339,2354,30,4708,master
2547,2669,2608,-122,5216,grandmaster
2691,2552,2621,139,5243,grandmaster
2015,2043,2029,-28,4058,novice
2477,2268,2372,209,4745,master
2398,2537,2467,-139,4935,grandmaster
1805,1968,1886,-163,3773,novice
2105,2507,2306,-402,4612,master
2617,2442,2529,175,5059,grandmaster
2648,2311,2479,337,4959,grandmaster
2025,2564,2294,-539,4589,average
2541,2615,2578,-74,5156,grandmaster
2402,2339,2370,63,4741,master
1798,2000,1899,-202,3798,novice
1663,2190,1926,-527,3853,novice
2489,2177,2333,312,4666,master
2192,2023,2107,169,4215,average
2557,1896,2226,661,4453,average
2488,2562,2525,-74,5050,grandmaster
2123,2426,2274,-303,4549,average
2562,2318,2440,244,4880,master
2622,2414,2518,208,5036,grandmaster
2389,2454,2421,-65,4843,master
2189,2441,2315,-252,4630,master
2400,2358,2379,42,4758,master
2546,2644,2595,-98,5190,grandmaster
2772,2709,2740,63,5481,grandmaster
2564,2269,2416,295,4833,master
2324,2327,2325,-3,4651,master
1936,2411,2173,-475,4347,average
2486,2375,2430,111,4861,master
1250,1518,1384,-268,2768,novice
2445,2151,2298,294,4596,average
2560,2111,2335,449,4671,master
2250,2297,2273,-47,4547,average
2198,2282,2240,-84,4480,average
2145,2258,2201,-113,4403,average
2497,2668,2582,-171,5165,grandmaster
2644,2315,2479,329,4959,grandmaster
2379,2390,2384,-11,4769,master
2302,1941,2121,361,4243,average
2004,1843,1923,161,3847,novice
2007,2115,2061,-108,4122,novice
1799,1806,1802,-7,3605,novice
2394,2563,2478,-169,4957,grandmaster
1734,1796,1765,-62,3530,novice
2101,2290,2195,-189,4391,average
2073,2396,2234,-323,4469,average
2295,2300,2297,-5,4595,average
2145,1883,2014,262,4028,novice
2586,2591,2588,-5,5177,grandmaster
2160,2017,2088,143,4177,novice
2414,2567,2490,-153,4981,grandmaster
2632,2588,2610,44,5220,grandmaster
2414,2463,2438,-49,4877,master
1908,2168,2038,-260,4076,novice
2397,2529,2463,-132,4926,grandmaster
2610,2544,2577,66,5154,grandmaster
2402,2036,2219,366,4438,average
2422,1819,2120,603,4241,average
2265,2404,2334,-139,4669,master
2579,2734,2656,-155,5313,grandmaster
2243,2290,2266,-47,4533,average
2397,2389,2393,8,4786,master
2417,2589,2503,-172,5006,grandmaster
2167,2316,2241,-149,4483,average
2152,2478,2315,-326,4630,master
1625,1684,1654,-59,3309,novice
2188,1940,2064,248,4128,novice
2459,2463,2461,-4,4922,grandmaster
2333,2186,2259,147,4519,average
2189,1951,2070,238,4140,novice
1824,2428,2126,-604,4252,average
2471,2584,2527,-113,5055,grandmaster
2247,2129,2188,118,4376,average
2537,2437,2487,100,4974,grandmaster
1962,2164,2063,-202,4126,novice
2360,2465,2412,-105,4825,master
1714,2281,1997,-567,3995,novice
2272,2402,2337,-130,4674,master
1860,2134,1997,-274,3994,novice
1991,2071,2031,-80,4062,novice
2156,2368,2262,-212,4524,average
2153,2447,2300,-294,4600,average
2306,1531,1918,775,3837,novice
2530,2448,2489,82,4978,grandmaster
2288,2077,2182,211,4365,average
2192,1992,2092,200,4184,novice
2373,2261,2317,112,4634,master
1836,2067,1951,-231,3903,novice
2050,2339,2194,-289,4389,average
2473,2401,2437,72,4874,master
1877,2067,1972,-190,3944,novice
2569,2539,2554,30,5108,grandmaster
2337,1931,2134,406,4268,average
2159,2538,2348,-379,4697,master
2680,2752,2716,-72,5432,grandmaster
1626,2368,1997,-742,3994,novice
2009,2257,2133,-248,4266,average
2434,2475,2454,-41,4909,grandmaster
2270,1986,2128,284,4256,average
2054,1858,1956,196,3912,novice
1787,2177,1982,-390,3964,novice
1780,1993,1886,-213,3773,novice
2120,1889,2004,231,4009,novice
2108,2039,2073,69,4147,novice
2569,2386,2477,183,4955,grandmaster
2106,2399,2252,-293,4505,average
2123,1731,1927,392,3854,novice
2278,2068,2173,210,4346,average
2432,2509,2470,-77,4941,grandmaster
2436,2670,2553,-234,5106,grandmaster
2315,2173,2244,142,4488,average
2415,2587,2501,-172,5002,grandmaster
2461,2516,2488,-55,4977,grandmaster
2171,2323,2247,-152,4494,average
2198,2214,2206,-16,4412,average
2110,2395,2252,-285,4505,average
2037,2098,2067,-61,4135,novice
2175,2454,2314,-279,4629,master
2622,2308,2465,314,4930,grandmaster
1817,2418,2117,-601,4235,average
2345,2096,2220,249,4441,average
2653,2477,2565,176,5130,grandmaster
2631,2247,2439,384,4878,master
2154,1991,2072,163,4145,novice
2098,2416,2257,-318,4514,average
2544,2170,2357,374,4714,master
2634,2455,2544,179,5089,grandmaster
1931,1309,1620,622,3240,novice
2300,2410,2355,-110,4710,master
2124,2434,2279,-310,4558,average
2321,2404,2362,-83,4725,master
2246,2483,2364,-237,4729,master
2298,2059,2178,239,4357,average
2078,2574,2326,-496,4652,master
1861,2134,1997,-273,3995,novice
2034,2553,2293,-519,4587,average
1866,2471,2168,-605,4337,average
2458,2378,2418,80,4836,master
2311,2067,2189,244,4378,average
2674,2510,2592,164,5184,grandmaster
1971,2102,2036,-131,4073,novice
2244,2036,2140,208,4280,average
2203,1969,2086,234,4172,novice
2514,2544,2529,-30,5058,grandmaster
2018,2354,2186,-336,4372,average
2123,1873,1998,250,3996,novice
2645,2468,2556,177,5113,grandmaster
1904,2037,1970,-133,3941,novice
2414,2062,2238,352,4476,average
1879,1905,1892,-26,3784,novice
2137,2005,2071,132,4142,novice
2330,1930,2130,400,4260,average
2174,1863,2018,311,4037,novice
2084,2218,2151,-134,4302,average
2406,2261,2333,145,4667,master
2396,2384,2390,12,4780,master
2726,2749,2737,-23,5475,grandmaster
2045,1805,1925,240,3850,novice
1667,1954,1810,-287,3621,novice
2593,2420,2506,173,5013,grandmaster
2152,1820,1986,332,3972,novice
2029,1745,1887,284,3774,novice
1633,1903,1768,-270,3536,novice
2003,2222,2112,-219,4225,average
2449,1915,2182,534,4364,average
2514,2171,2342,343,4685,master
2283,2412,2347,-129,4695,master
2033,1854,1943,179,3887,novice
2235,2199,2217,36,4434,average
2093,1799,1946,294,3892,novice
2593,2486,2539,107,5079,grandmaster
2206,2214,2210,-8,4420,average
2615,2502,2558,113,5117,grandmaster
2672,2678,2675,-6,5350,grandmaster
2534,2367,2450,167,4901,master
2393,2485,2439,-92,4878,master
2546,2613,2579,-67,5159,grandmaster
2489,2706,2597,-217,5195,grandmaster
2374,2247,2310,127,4621,master
1988,2197,2092,-209,4185,novice
2124,1835,1979,289,3959,novice
1758,1456,1607,302,3214,novice
2215,1821,2018,394,4036,novice
2323,1963,2143,360,4286,average
1825,1691,1758,134,3516,novice
2277,2730,2503,-453,5007,grandmaster
2013,2025,2019,-12,4038,novice
2631,2408,2519,223,5039,grandmaster
1969,2094,2031,-125,4063,novice
2443,2366,2404,77,4809,master
2105,1811,1958,294,3916,novice
2488,2227,2357,261,4715,master
2451,2360,2405,91,4811,master
2297,2075,2186,222,4372,average
2252,2034,2143,218,4286,average
2431,2313,2372,118,4744,master
2114,2335,2224,-221,4449,average
2345,2173,2259,172,4518,average
1710,2289,1999,-579,3999,novice
2538,2380,2459,158,4918,grandmaster
2541,1978,2259,563,4519,average
2214,2048,2131,166,4262,average
2411,2231,2321,180,4642,master
2655,2547,2601,108,5202,grandmaster
2559,2402,2480,157,4961,grandmaster
2203,2326,2264,-123,4529,average
2355,2360,2357,-5,4715,master
2004,1680,1842,324,3684,novice
2338,2102,2220,236,4440,average
1682,1762,1722,-80,3444,novice
1949,2182,2065,-233,4131,novice
1530,1712,1621,-182,3242,novice
2410,2549,2479,-139,4959,grandmaster
2460,2238,2349,222,4698,master
2377,2542,2459,-165,4919,grandmaster
2361,2324,2342,37,4685,master
2385,2705,2545,-320,5090,grandmaster
2364,2151,2257,213,4515,average
2388,2501,2444,-113,4889,master
2449,2512,2480,-63,4961,grandmaster
1622,1798,1710,-176,3420,novice
2147,2134,2140,13,4281,average
2338,2520,2429,-182,4858,master
2709,2480,2594,229,5189,grandmaster
2498,2364,2431,134,4862,master
2003,2242,2122,-239,4245,average
1498,1761,1629,-263,3259,novice
2042,2359,2200,-317,4401,average
1861,2286,2073,-425,4147,novice
1606,1822,1714,-216,3428,novice
2554,2441,2497,113,4995,grandmaster
2322,2113,2217,209,4435,average
2186,2189,2187,-3,4375,average
2361,2530,2445,-169,4891,master
2024,1724,1874,300,3748,novice
1983,1605,1794,378,3588,novice
2680,2623,2651,57,5303,grandmaster
1960,2124,2042,-164,4084,novice
2292,2076,2184,216,4368,average
2189,1959,2074,230,4148,novice
2509,2566,2537,-57,5075,grandmaster
2628,2427,2527,201,5055,grandmaster
2261,2120,2190,141,4381,average
2446,2501,2473,-55,4947,grandmaster
2575,2138,2356,437,4713,master
2366,2468,2417,-102,4834,master
2645,2343,2494,302,4988,grandmaster
1921,1742,1831,179,3663,novice
2215,2368,2291,-153,4583,average
2136,1871,2003,265,4007,novice
2267,2547,2407,-280,4814,master
2330,2492,2411,-162,4822,master
2166,1935,2050,231,4101,novice
2490,2604,2547,-114,5094,grandmaster
2792,2881,2836,-89,5673,grandmaster
2320,1984,2152,336,4304,average
2636,2398,2517,238,5034,grandmaster
2409,2270,2339,139,4679,master
1840,1991,1915,-151,3831,novice
1734,2083,1908,-349,3817,novice
2477,2290,2383,187,4767,master
2065,1975,2020,90,4040,novice
1881,2061,1971,-180,3942,novice
2377,2367,2372,10,4744,master
2216,1997,2106,219,4213,average
1612,1835,1723,-223,3447,novice
2475,2286,2380,189,4761,master
2070,2234,2152,-164,4304,average
2271,2174,2222,97,4445,average
2289,1963,2126,326,4252,average
2399,2236,2317,163,4635,master
2302,2638,2470,-336,4940,grandmaster
1898,2110,2004,-212,4008,novice
2064,2202,2133,-138,4266,average
1768,1934,1851,-166,3702,novice
1976,2060,2018,-84,4036,novice
2386,2338,2362,48,4724,master
2290,2496,2393,-206,4786,master
2611,2417,2514,194,5028,grandmaster
2219,2067,2143,152,4286,average
2282,2024,2153,258,4306,average
2392,2690,2541,-298,5082,grandmaster
2284,2325,2304,-41,4609,master
1848,1905,1876,-57,3753,novice
2282,2077,2179,205,4359,average
2437,1881,2159,556,4318,average
2637,2218,2427,419,4855,master
2255,2244,2249,11,4499,average
2164,2402,2283,-238,4566,average
2374,2285,2329,89,4659,master
2487,2596,2541,-109,5083,grandmaster
2236,2167,2201,69,4403,average
1997,2173,2085,-176,4170,novice
1989,1870,1929,119,3859,novice
2620,2438,2529,182,5058,grandmaster
2355,2068,2211,287,4423,average
2049,1957,2003,92,4006,novice
2334,2456,2395,-122,4790,master
2460,2279,2369,181,4739,master
2202,2347,2274,-145,4549,average
2628,2503,2565,125,5131,grandmaster
2252,2449,2350,-197,4701,master
2283,2111,2197,172,4394,average
2529,2026,2277,503,4555,average
1991,1729,1860,262,3720,novice
1834,2009,1921,-175,3843,novice
2351,2325,2338,26,4676,master
2628,2771,2699,-143,5399,grandmaster
2325,2066,2195,259,4391,average
2359,2594,2476,-235,4953,grandmaster
1618,1603,1610,15,3221,novice
2188,2177,2182,11,4365,average
2466,2481,2473,-15,4947,grandmaster
2262,2102,2182,160,4364,average
2136,1979,2057,157,4115,novice
1881,1742,1811,139,3623,novice
2263,2437,2350,-174,4700,master
1956,2295,2125,-339,4251,average
2334,2032,2183,302,4366,average
1973,1812,1892,161,3785,novice
2555,2487,2521,68,5042,grandmaster
2010,2215,2112,-205,4225,average
1921,2493,2207,-572,4414,average
2143,1973,2058,170,4116,novice
2343,2307,2325,36,4650,master
2350,2259,2304,91,4609,master
2584,2057,2320,527,4641,master
2336,2418,2377,-82,4754,master
2215,1828,2021,387,4043,novice
2457,2413,2435,44,4870,master
2472,2343,2407,129,4815,master
1931,2211,2071,-280,4142,novice
2051,2175,2113,-124,4226,average
1892,2130,2011,-238,4022,novice
2507,2382,2444,125,4889,master
2643,2504,2573,139,5147,grandmaster
2429,2021,2225,408,4450,average
2666,2711,2688,-45,5377,grandmaster
2089,1781,1935,308,3870,novice
2085,1945,2015,140,4030,novice
2506,2677,2591,-171,5183,grandmaster
2296,2433,2364,-137,4729,master
2786,2539,2662,247,5325,grandmaster
1973,2081,2027,-108,4054,novice
1709,2170,1939,-461,3879,novice
2216,2398,2307,-182,4614,master
2016,1766,1891,250,3782,novice
2383,2276,2329,107,4659,master
2079,2178,2128,-99,4257,average
2018,2030,2024,-12,4048,novice
2218,1799,2008,419,4017,novice
2290,1958,2124,332,4248,average
2232,2430,2331,-198,4662,master
2586,2384,2485,202,4970,grandmaster
2288,2170,2229,118,4458,average
2297,2478,2387,-181,4775,master
2410,1923,2166,487,4333,average
2070,2477,2273,-407,4547,average
2545,2490,2517,55,5035,grandmaster
2157,2257,2207,-100,4414,average
2168,2298,2233,-130,4466,average
1932,2309,2120,-377,4241,average
1782,1501,1641,281,3283,novice
1714,1447,1580,267,3161,novice
2289,2187,2238,102,4476,average
2438,2269,2353,169,4707,master
2144,2001,2072,143,4145,novice
1824,1949,1886,-125,3773,novice
1949,1989,1969,-40,3938,novice
2627,2515,2571,112,5142,grandmaster
2460,2471,2465,-11,4931,grandmaster
1995,2200,2097,-205,4195,novice
2462,2328,2395,134,4790,master
2528,2461,2494,67,4989,grandmaster
2213,2058,2135,155,4271,average
2720,2700,2710,20,5420,grandmaster
2609,2291,2450,318,4900,master
2682,2357,2519,325,5039,grandmaster
1873,2076,1974,-203,3949,novice
2254,2232,2243,22,4486,average
1641,2200,1920,-559,3841,novice
2284,2409,2346,-125,4693,master
2427,2479,2453,-52,4906,grandmaster
2663,2732,2697,-69,5395,grandmaster
2497,2017,2257,480,4514,average
1514,1676,1595,-162,3190,novice
1919,2034,1976,-115,3953,novice
2532,2415,2473,117,4947,grandmaster
2081,2457,2269,-376,4538,average
2535,2203,2369,332,4738,master
1595,1464,1529,131,3059,novice
2291,2178,2234,113,4469,average
2644,2343,2493,301,4987,grandmaster
2509,2312,2410,197,4821,master
2307,2352,2329,-45,4659,master
2242,2304,2273,-62,4546,average
1770,2148,1959,-378,3918,novice
2104,2249,2176,-145,4353,average
1873,2167,2020,-294,4040,novice
1639,2004,1821,-365,3643,novice
2403,2022,2212,381,4425,average
2129,2159,2144,-30,4288,average
2422,2567,2494,-145,4989,grandmaster
2542,2559,2550,-17,5101,grandmaster
2288,2464,2376,-176,4752,master
2124,2254,2189,-130,4378,average
2735,2783,2759,-48,5518,grandmaster
2110,1863,1986,247,3973,novice
2252,2034,2143,218,4286,average
2486,2734,2610,-248,5220,grandmaster
2277,2414,2345,-137,4691,master
2418,2277,2347,141,4695,master
2187,1751,1969,436,3938,novice
2340,2200,2270,140,4540,average
2107,2250,2178,-143,4357,average
2508,2488,2498,20,4996,grandmaster
2455,2160,2307,295,4615,master
2813,2775,2794,38,5588,grandmaster
2415,2226,2320,189,4641,master
1804,1957,1880,-153,3761,novice
2693,2730,2711,-37,5423,grandmaster
2286,2146,2216,140,4432,average
2631,2324,2477,307,4955,grandmaster
1753,2222,1987,-469,3975,novice
2000,1818,1909,182,3818,novice
2105,2071,2088,34,4176,novice
1679,1969,1824,-290,3648,novice
2317,2611,2464,-294,4928,grandmaster
2285,2536,2410,-251,4821,master
2614,2435,2524,179,5049,grandmaster
2170,2353,2261,-183,4523,average
2284,1936,2110,348,4220,average
2201,2149,2175,52,4350,average
2564,2275,2419,289,4839,master
2028,2524,2276,-496,4552,average
1619,1936,1777,-317,3555,novice
2461,2400,2430,61,4861,master
2597,2526,2561,71,5123,grandmaster
2220,2070,2145,150,4290,average
2233,2349,2291,-116,4582,average
2083,1873,1978,210,3956,novice
1776,1541,1658,235,3317,novice
2376,2282,2329,94,4658,master
2216,2127,2171,89,4343,average
2159,2547,2353,-388,4706,master
2411,2161,2286,250,4572,average
2255,2196,2225,59,4451,average
1850,2045,1947,-195,3895,novice
1774,2321,2047,-547,4095,novice
2141,2275,2208,-134,4416,average
2023,2152,2087,-129,4175,novice
2550,2361,2455,189,4911,grandmaster
1885,2440,2162,-555,4325,average
2045,1774,1909,271,3819,novice
2185,1911,2048,274,4096,novice
2292,2518,2405,-226,4810,master
2493,2265,2379,228,4758,master
1704,2053,1878,-349,3757,novice
2327,2044,2185,283,4371,average
2290,2130,2210,160,4420,average
2065,2303,2184,-238,4368,average
2411,2509,2460,-98,4920,grandmaster
2473,2481,2477,-8,4954,grandmaster
2505,2477,2491,28,4982,grandmaster
2390,2238,2314,152,4628,master
2556,2710,2633,-154,5266,grandmaster
2385,2603,2494,-218,4988,grandmaster
1942,2209,2075,-267,4151,novice
2603,2411,2507,192,5014,grandmaster
2382,2220,2301,162,4602,master
2137,1948,2042,189,4085,novice
2339,2541,2440,-202,4880,master
1568,2149,1858,-581,3717,novice
2014,1572,1793,442,3586,novice
2113,2251,2182,-138,4364,average
2040,2259,2149,-219,4299,average
1969,1862,1915,107,3831,novice
2677,2549,2613,128,5226,grandmaster
2013,2228,2120,-215,4241,average
1885,2018,1951,-133,3903,novice
2298,2563,2430,-265,4861,master
2702,2572,2637,130,5274,grandmaster
2652,2402,2527,250,5054,grandmaster
2582,2095,2338,487,4677,master
2273,2163,2218,110,4436,average
2438,2543,2490,-105,4981,grandmaster
2562,2101,2331,461,4663,master
2644,2511,2577,133,5155,grandmaster
2521,2362,2441,159,4883,master
2269,2519,2394,-250,4788,master
2200,1867,2033,333,4067,novice
2504,2558,2531,-54,5062,grandmaster
1879,2131,2005,-252,4010,novice
2552,2504,2528,48,5056,grandmaster
2183,2214,2198,-31,4397,average
2051,2180,2115,-129,4231,average
1925,2302,2113,-377,4227,average
1749,1845,1797,-96,3594,novice
2391,2128,2259,263,4519,average
2652,1708,2180,944,4360,average
2374,2281,2327,93,4655,master
2077,2321,2199,-244,4398,average
2540,2349,2444,191,4889,master
2339,1843,2091,496,4182,novice
2318,2227,2272,91,4545,average
1548,1768,1658,-220,3316,novice
2127,1760,1943,367,3887,novice
1870,1596,1733,274,3466,novice
2097,2400,2248,-303,4497,average
2208,2061,2134,147,4269,average
2252,2494,2373,-242,4746,master
2185,2301,2243,-116,4486,average
2078,1890,1984,188,3968,novice
1248,1954,1601,-706,3202,novice
2153,1902,2027,251,4055,novice
2286,2352,2319,-66,4638,master
2550,2209,2379,341,4759,master
1404,1677,1540,-273,3081,novice
1769,1977,1873,-208,3746,novice
2372,2141,2256,231,4513,average
2343,2460,2401,-117,4803,master
2493,2551,2522,-58,5044,grandmaster
2407,2588,2497,-181,4995,grandmaster
2458,2578,2518,-120,5036,grandmaster
2582,2347,2464,235,4929,grandmaster
2325,2481,2403,-156,4806,master
2521,2237,2379,284,4758,master
2103,2602,2352,-499,4705,master
2345,2544,2444,-199,4889,master
2225,2038,2131,187,4263,average
2335,2071,2203,264,4406,average
2165,1888,2026,277,4053,novice
2570,2360,2465,210,4930,grandmaster
2091,2379,2235,-288,4470,average
2554,2564,2559,-10,5118,grandmaster
2085,2368,2226,-283,4453,average
2607,2477,2542,130,5084,grandmaster
2510,2633,2571,-123,5143,grandmaster
2178,2499,2338,-321,4677,master
1902,1898,1900,4,3800,novice
1907,2276,2091,-369,4183,novice
1750,2026,1888,-276,3776,novice
2428,2486,2457,-58,4914,grandmaster
2325,2180,2252,145,4505,average
2280,2170,2225,110,4450,average
2462,2179,2320,283,4641,master
2426,2126,2276,300,4552,average
2479,2321,2400,158,4800,master
2120,2249,2184,-129,4369,average
2543,2391,2467,152,4934,grandmaster
2238,2419,2328,-181,4657,master
2483,2189,2336,294,4672,master
2306,2361,2333,-55,4667,master
1980,2215,2097,-235,4195,novice
2552,2645,2598,-93,5197,grandmaster
2165,2275,2220,-110,4440,average
1797,1940,1868,-143,3737,novice
1869,2182,2025,-313,4051,novice
2309,2292,2300,17,4601,average
2418,2386,2402,32,4804,master
2772,2660,2716,112,5432,grandmaster
2603,2384,2493,219,4987,grandmaster
2290,2045,2167,245,4335,average
2490,2395,2442,95,4885,master
2692,2438,2565,254,5130,grandmaster
1684,1956,1820,-272,3640,novice
2355,2522,2438,-167,4877,master
2681,2512,2596,169,5193,grandmaster
2188,2290,2239,-102,4478,average
2226,2072,2149,154,4298,average
2667,2662,2664,5,5329,grandmaster
2642,2559,2600,83,5201,grandmaster
2213,1983,2098,230,4196,novice
1822,2077,1949,-255,3899,novice
1809,2139,1974,-330,3948,novice
1912,1711,1811,201,3623,novice
2612,2463,2537,149,5075,grandmaster
2651,2482,2566,169,5133,grandmaster
2285,2594,2439,-309,4879,master
2476,2514,2495,-38,4990,grandmaster
2270,2274,2272,-4,4544,average
2396,2392,2394,4,4788,master
2196,2292,2244,-96,4488,average
2412,2440,2426,-28,4852,master
1956,2239,2097,-283,4195,novice
2531,2585,2558,-54,5116,grandmaster
1995,2298,2146,-303,4293,average
2372,2510,2441,-138,4882,master
2473,2252,2362,221,4725,master
2156,2484,2320,-328,4640,master
2309,2604,2456,-295,4913,grandmaster
2241,2153,2197,88,4394,average
2090,1955,2022,135,4045,novice
1931,2143,2037,-212,4074,novice
2295,2563,2429,-268,4858,master
1776,2054,1915,-278,3830,novice
2079,1285,1682,794,3364,novice
2519,2434,2476,85,4953,grandmaster
2506,2327,2416,179,4833,master
2139,1960,2049,179,4099,novice
2348,2372,2360,-24,4720,master
2413,2540,2476,-127,4953,grandmaster
2151,1993,2072,158,4144,novice
2529,1886,2207,643,4415,average
2365,2073,2219,292,4438,average
1771,2225,1998,-454,3996,novice
2235,2287,2261,-52,4522,average
2315,2528,2421,-213,4843,master
2425,2468,2446,-43,4893,master
1679,1921,1800,-242,3600,novice
2162,2381,2271,-219,4543,average
2117,1771,1944,346,3888,novice
2396,2346,2371,50,4742,master
2066,1961,2013,105,4027,novice
2053,1703,1878,350,3756,novice
2295,2074,2184,221,4369,average
2330,2155,2242,175,4485,average
1903,1996,1949,-93,3899,novice
1707,2110,1908,-403,3817,novice
2069,1950,2009,119,4019,novice
2237,2238,2237,-1,4475,average
2358,2108,2233,250,4466,average
2420,2566,2493,-146,4986,grandmaster
2140,1902,2021,238,4042,novice
2570,2421,2495,149,4991,grandmaster
2235,2408,2321,-173,4643,master
1953,2284,2118,-331,4237,average
2422,2449,2435,-27,4871,master
2267,2265,2266,2,4532,average
2307,2141,2224,166,4448,average
1590,1840,1715,-250,3430,novice
1915,1692,1803,223,3607,novice
2262,2479,2370,-217,4741,master
2494,2431,2462,63,4925,grandmaster
1954,1594,1774,360,3548,novice
2247,2378,2312,-131,4625,master
1579,1951,1765,-372,3530,novice
2274,2112,2193,162,4386,average
2034,2308,2171,-274,4342,average
2102,1883,1992,219,3985,novice
2381,2467,2424,-86,4848,master
1900,2320,2110,-420,4220,average
2268,2491,2379,-223,4759,master
1368,1958,1663,-590,3326,novice
2510,2399,2454,111,4909,grandmaster
2593,2431,2512,162,5024,grandmaster
2117,2479,2298,-362,4596,average
2316,2344,2330,-28,4660,master
2381,2128,2254,253,4509,average
2198,1972,2085,226,4170,novice
2254,2346,2300,-92,4600,average
2148,2163,2155,-15,4311,average
1978,2228,2103,-250,4206,average
2012,2127,2069,-115,4139,novice
1973,2065,2019,-92,4038,novice
2630,2651,2640,-21,5281,grandmaster
2429,2081,2255,348,4510,average
2240,1989,2114,251,4229,average
2388,2209,2298,179,4597,average
1991,1632,1811,359,3623,novice
2237,1959,2098,278,4196,novice
2461,2527,2494,-66,4988,grandmaster
1895,2533,2214,-638,4428,average
1608,2092,1850,-484,3700,novice
2731,2784,2757,-53,5515,grandmaster
1451,1417,1434,34,2868,novice
1982,2116,2049,-134,4098,novice
2106,2468,2287,-362,4574,average
2689,2726,2707,-37,5415,grandmaster
2433,2066,2249,367,4499,average
2249,2571,2410,-322,4820,master
2336,2599,2467,-263,4935,grandmaster
2275,2045,2160,230,4320,average
1948,2324,2136,-376,4272,average
2481,2320,2400,161,4801,master
2092,1852,1972,240,3944,novice
2396,2156,2276,240,4552,average
2412,2143,2277,269,4555,average
2388,2037,2212,351,4425,average
2068,2308,2188,-240,4376,average
1864,2057,1960,-193,3921,novice
2466,2678,2572,-212,5144,grandmaster
2197,2412,2304,-215,4609,master
1865,1556,1710,309,3421,novice
2146,2339,2242,-193,4485,average
1975,2159,2067,-184,4134,novice
2055,1789,1922,266,3844,novice
1718,2157,1937,-439,3875,novice
2359,2508,2433,-149,4867,master
2410,2229,2319,181,4639,master
2368,2079,2223,289,4447,average
1900,1567,1733,333,3467,novice
2157,2364,2260,-207,4521,average
2646,2474,2560,172,5120,grandmaster
2431,2285,2358,146,4716,master
2743,2482,2612,261,5225,grandmaster
2074,2141,2107,-67,4215,average
1941,2232,2086,-291,4173,novice
2334,2425,2379,-91,4759,master
2693,2617,2655,76,5310,grandmaster
1799,2138,1968,-339,3937,novice
2308,2261,2284,47,4569,average
2129,2213,2171,-84,4342,average
2713,2658,2685,55,5371,grandmaster
2585,2506,2545,79,5091,grandmaster
2282,2400,2341,-118,4682,master
2157,2601,2379,-444,4758,master
2048,2328,2188,-280,4376,average
1676,1862,1769,-186,3538,novice
1741,1592,1666,149,3333,novice
2532,2106,2319,426,4638,master
2130,2018,2074,112,4148,novice
2724,2762,2743,-38,5486,grandmaster
2571,2481,2526,90,5052,grandmaster
2599,2462,2530,137,5061,grandmaster
2537,2532,2534,5,5069,grandmaster
2547,2535,2541,12,5082,grandmaster
2529,2219,2374,310,4748,master
2602,2583,2592,19,5185,grandmaster
2697,2568,2632,129,5265,grandmaster
1879,2051,1965,-172,3930,novice
2289,2315,2302,-26,4604,master
1616,1658,1637,-42,3274,novice
1846,2077,1961,-231,3923,novice
1550,1565,1557,-15,3115,novice
2039,2591,2315,-552,4630,master
2564,2458,2511,106,5022,grandmaster
1468,1879,1673,-411,3347,novice
2597,2546,2571,51,5143,grandmaster
2064,2024,2044,40,4088,novice
1717,1918,1817,-201,3635,novice
2545,2144,2344,401,4689,master
2107,2250,2178,-143,4357,average
2386,2485,2435,-99,4871,master
2570,2433,2501,137,5003,grandmaster
2525,2556,2540,-31,5081,grandmaster
1983,2119,2051,-136,4102,novice
2057,1884,1970,173,3941,novice
2297,2454,2375,-157,4751,master
2318,2147,2232,171,4465,average
1560,1223,1391,337,2783,novice
2046,2392,2219,-346,4438,average
1901,2076,1988,-175,3977,novice
1933,2110,2021,-177,4043,novice
1983,2026,2004,-43,4009,novice
2560,2500,2530,60,5060,grandmaster
2275,2085,2180,190,4360,average
2134,1904,2019,230,4038,novice
2074,1675,1874,399,3749,novice
2438,2119,2278,319,4557,average
2418,2037,2227,381,4455,average
2354,2634,2494,-280,4988,grandmaster
2229,2295,2262,-66,4524,average
2516,2421,2468,95,4937,grandmaster
2248,2418,2333,-170,4666,master
1933,1644,1788,289,3577,novice
2104,2239,2171,-135,4343,average
2173,1987,2080,186,4160,novice
2569,2417,2493,152,4986,grandmaster
2270,1989,2129,281,4259,average
1890,1512,1701,378,3402,novice
2485,2556,2520,-71,5041,grandmaster
2354,1791,2072,563,4145,novice
2418,2153,2285,265,4571,average
1984,2263,2123,-279,4247,average
2631,2713,2672,-82,5344,grandmaster
2406,2422,2414,-16,4828,master
1960,2380,2170,-420,4340,average
2005,1839,1922,166,3844,novice
2534,2647,2590,-113,5181,grandmaster
2464,2308,2386,156,4772,master
2078,1832,1955,246,3910,novice
1993,2073,2033,-80,4066,novice
2496,2432,2464,64,4928,grandmaster
2449,2606,2527,-157,5055,grandmaster
2354,2098,2226,256,4452,average
2134,2306,2220,-172,4440,average
2508,2225,2366,283,4733,master
2263,1960,2111,303,4223,average
2260,2235,2247,25,4495,average
1991,2065,2028,-74,4056,novice
2106,2017,2061,89,4123,novice
2303,2123,2213,180,4426,average
2603,2471,2537,132,5074,grandmaster
2351,2589,2470,-238,4940,grandmaster
1759,2116,1937,-357,3875,novice
2424,2430,2427,-6,4854,master
2179,2198,2188,-19,4377,average
1927,2107,2017,-180,4034,novice
2376,2243,2309,133,4619,master
2221,1899,2060,322,4120,novice
2197,2530,2363,-333,4727,master
2070,1896,1983,174,3966,novice
2328,2254,2291,74,4582,average
2160,1979,2069,181,4139,novice
2480,2269,2374,211,4749,master
2425,2195,2310,230,4620,master
1942,1749,1845,193,3691,novice
2517,2711,2614,-194,5228,grandmaster
2456,2090,2273,366,4546,average
1805,2125,1965,-320,3930,novice
1917,2120,2018,-203,4037,novice
1218,1278,1248,-60,2496,novice
2415,2190,2302,225,4605,master
1985,1850,1917,135,3835,novice
2736,2421,2578,315,5157,grandmaster
2458,2390,2424,68,4848,master
2223,1585,1904,638,3808,novice
2340,2461,2400,-121,4801,master
2190,2334,2262,-144,4524,average
1848,1992,1920,-144,3840,novice
2010,2141,2075,-131,4151,novice
2262,2651,2456,-389,4913,grandmaster
2218,2477,2347,-259,4695,master
2179,2394,2286,-215,4573,average
2522,2677,2599,-155,5199,grandmaster
2115,2399,2257,-284,4514,average
2636,2365,2500,271,5001,grandmaster
2387,1930,2158,457,4317,average
2392,2268,2330,124,4660,master
2533,2206,2369,327,4739,master
2223,2199,2211,24,4422,average
2358,1626,1992,732,3984,novice
1734,2143,1938,-409,3877,novice
2208,2104,2156,104,4312,average
2325,2141,2233,184,4466,average
1509,2030,1769,-521,3539,novice
1747,1425,1586,322,3172,novice
2398,2235,2316,163,4633,master
2253,1839,2046,414,4092,novice
2364,2461,2412,-97,4825,master
2609,2250,2429,359,4859,master
1507,2124,1815,-617,3631,novice
2546,2220,2383,326,4766,master
2553,2704,2628,-151,5257,grandmaster
2209,2338,2273,-129,4547,average
1876,1798,1837,78,3674,novice
2442,2564,2503,-122,5006,grandmaster
2470,2548,2509,-78,5018,grandmaster
2194,1957,2075,237,4151,novice
2106,2283,2194,-177,4389,average
2365,2215,2290,150,4580,average
2617,2537,2577,80,5154,grandmaster
2185,2420,2302,-235,4605,master
2574,2650,2612,-76,5224,grandmaster
2478,2186,2332,292,4664,master
1985,1647,1816,338,3632,novice
2198,2377,2287,-179,4575,average
2125,2533,2329,-408,4658,master
2185,1962,2073,223,4147,novice
1492,2015,1753,-523,3507,novice
2083,2301,2192,-218,4384,average
2235,2386,2310,-151,4621,master
2428,2273,2350,155,4701,master
2519,2582,2550,-63,5101,grandmaster
2661,2562,2611,99,5223,grandmaster
2565,2437,2501,128,5002,grandmaster
2302,2155,2228,147,4457,average
2656,2571,2613,85,5227,grandmaster
2020,2224,2122,-204,4244,average
2491,2438,2464,53,4929,grandmaster
2532,2553,2542,-21,5085,grandmaster
2187,2263,2225,-76,4450,average
2652,2528,2590,124,5180,grandmaster
2200,2479,2339,-279,4679,master
2792,2659,2725,133,5451,grandmaster
2408,2491,2449,-83,4899,master
2469,2320,2394,149,4789,master
2126,2249,2187,-123,4375,average
2473,2554,2513,-81,5027,grandmaster
1993,1834,1913,159,3827,novice
2262,2073,2167,189,4335,average
2390,2542,2466,-152,4932,grandmaster
2531,2241,2386,290,4772,master
2643,2204,2423,439,4847,master
2145,2388,2266,-243,4533,average
2512,2740,2626,-228,5252,grandmaster
2072,2147,2109,-75,4219,average
2192,2441,2316,-249,4633,master
2295,1764,2029,531,4059,novice
1880,1637,1758,243,3517,novice
2296,2172,2234,124,4468,average
2189,2377,2283,-188,4566,average
1752,1839,1795,-87,3591,novice
2106,2178,2142,-72,4284,average
2411,2377,2394,34,4788,master
2072,2207,2139,-135,4279,average
2243,2040,2141,203,4283,average
2380,2540,2460,-160,4920,grandmaster
2580,2769,2674,-189,5349,grandmaster
1742,2053,1897,-311,3795,novice
2417,2026,2221,391,4443,average
1966,2340,2153,-374,4306,average
2677,2663,2670,14,5340,grandmaster
2436,2360,2398,76,4796,master
2169,1536,1852,633,3705,novice
2753,2732,2742,21,5485,grandmaster
2334,2577,2455,-243,4911,grandmaster
2340,2314,2327,26,4654,master
2442,2319,2380,123,4761,master
2526,2443,2484,83,4969,grandmaster
2270,2200,2235,70,4470,average
2481,2423,2452,58,4904,grandmaster
2099,2100,2099,-1,4199,novice
2337,2426,2381,-89,4763,master
2421,2273,2347,148,4694,master
2115,2284,2199,-169,4399,average
2282,2516,2399,-234,4798,master
1704,2023,1863,-319,3727,novice
2245,2460,2352,-215,4705,master
1830,1895,1862,-65,3725,novice
2631,2657,2644,-26,5288,grandmaster
1828,1971,1899,-143,3799,novice
2174,2353,2263,-179,4527,average
2218,2424,2321,-206,4642,master
2274,2062,2168,212,4336,average
1959,2086,2022,-127,4045,novice
2035,2396,2215,-361,4431,average
2228,2540,2384,-312,4768,master
2441,2262,2351,179,4703,master
2271,2121,2196,150,4392,average
2594,2541,2567,53,5135,grandmaster
2530,2350,2440,180,4880,master
2578,2287,2432,291,4865,master
2180,2369,2274,-189,4549,average
2190,2188,2189,2,4378,average
2514,2413,2463,101,4927,grandmaster
2535,2532,2533,3,5067,grandmaster
2444,1904,2174,540,4348,average
2508,2310,2409,198,4818,master
2712,2682,2697,30,5394,grandmaster
1716,2082,1899,-366,3798,novice
1769,2118,1943,-349,3887,novice
2305,2410,2357,-105,4715,master
1718,2224,1971,-506,3942,novice
2397,2671,2534,-274,5068,grandmaster
2166,2376,2271,-210,4542,average
2594,2451,2522,143,5045,grandmaster
2710,2718,2714,-8,5428,grandmaster
2062,1806,1934,256,3868,novice
1800,1557,1678,243,3357,novice
2199,2286,2242,-87,4485,average
2019,1782,1900,237,3801,novice
2398,2606,2502,-208,5004,grandmaster
2261,1730,1995,531,3991,novice
2273,1715,1994,558,3988,novice
1924,2175,2049,-251,4099,novice
2332,2117,2224,215,4449,average
2043,1959,2001,84,4002,novice
1803,2008,1905,-205,3811,novice
2427,2222,2324,205,4649,master
2165,1964,2064,201,4129,novice
2190,2007,2098,183,4197,novice
2478,2597,2537,-119,5075,grandmaster
2328,2521,2424,-193,4849,master
2399,1938,2168,461,4337,average
2342,2102,2222,240,4444,average
2547,2542,2544,5,5089,grandmaster
2480,2226,2353,254,4706,master
1870,2226,2048,-356,4096,novice
2444,2572,2508,-128,5016,grandmaster
1722,2154,1938,-432,3876,novice
2486,2132,2309,354,4618,master
2107,2406,2256,-299,4513,average
1949,1779,1864,170,3728,novice
2229,2386,2307,-157,4615,master
2015,1731,1873,284,3746,novice
2278,2169,2223,109,4447,average
2260,1961,2110,299,4221,average
2202,2073,2137,129,4275,average
1981,2081,2031,-100,4062,novice
2659,2548,2603,111,5207,grandmaster
2149,1921,2035,228,4070,novice
2186,2261,2223,-75,4447,average
1829,2039,1934,-210,3868,novice
2455,2359,2407,96,4814,master
2357,2271,2314,86,4628,master
2275,2404,2339,-129,4679,master
2119,2095,2107,24,4214,average
2003,2345,2174,-342,4348,average
2414,2259,2336,155,4673,master
1808,2049,1928,-241,3857,novice
2698,2629,2663,69,5327,grandmaster
1981,2103,2042,-122,4084,novice
2146,2399,2272,-253,4545,average
2164,1866,2015,298,4030,novice
2552,2434,2493,118,4986,grandmaster
2493,2209,2351,284,4702,master
2073,2510,2291,-437,4583,average
2301,2208,2254,93,4509,average
2298,2114,2206,184,4412,average
2613,2420,2516,193,5033,grandmaster
1942,1458,1700,484,3400,novice
1932,2384,2158,-452,4316,average
1748,1962,1855,-214,3710,novice
2241,2132,2186,109,4373,average
2462,2250,2356,212,4712,master
2282,2198,2240,84,4480,average
1751,1546,1648,205,3297,novice
1707,2001,1854,-294,3708,novice
2334,2304,2319,30,4638,master
2206,2498,2352,-292,4704,master
2035,2203,2119,-168,4238,average
1605,1772,1688,-167,3377,novice
2011,2269,2140,-258,4280,average
1746,2035,1890,-289,3781,novice
1655,1834,1744,-179,3489,novice
2391,2217,2304,174,4608,master
2277,2242,2259,35,4519,average
2409,2348,2378,61,4757,master
2035,1734,1884,301,3769,novice
2523,2459,2491,64,4982,grandmaster
2543,2442,2492,101,4985,grandmaster
2415,2161,2288,254,4576,average
2597,2326,2461,271,4923,grandmaster
2471,2087,2279,384,4558,average
2491,2565,2528,-74,5056,grandmaster
2140,2272,2206,-132,4412,average
2398,2589,2493,-191,4987,grandmaster
2022,2093,2057,-71,4115,novice
1808,1910,1859,-102,3718,novice
2476,2662,2569,-186,5138,grandmaster
2270,2516,2393,-246,4786,master
2530,2372,2451,158,4902,grandmaster
2236,2250,2243,-14,4486,average
2405,2680,2542,-275,5085,grandmaster
1830,2144,1987,-314,3974,novice
1951,1768,1859,183,3719,novice
2224,2112,2168,112,4336,average
2116,2005,2060,111,4121,novice
2543,2619,2581,-76,5162,grandmaster
2151,2445,2298,-294,4596,average
2601,2415,2508,186,5016,grandmaster
2141,2111,2126,30,4252,average
1991,2066,2028,-75,4057,novice
2552,2513,2532,39,5065,grandmaster
1817,1899,1858,-82,3716,novice
2476,2491,2483,-15,4967,grandmaster
2606,2453,2529,153,5059,grandmaster
2270,2099,2184,171,4369,average
2529,2476,2502,53,5005,grandmaster
2158,1984,2071,174,4142,novice
2061,1989,2025,72,4050,novice
1933,1968,1950,-35,3901,novice
2147,2397,2272,-250,4544,average
2476,2073,2274,403,4549,average
2246,1699,1972,547,3945,novice
2126,2170,2148,-44,4296,average
2090,2611,2350,-521,4701,master
2653,2720,2686,-67,5373,grandmaster
2311,2225,2268,86,4536,average
2209,2027,2118,182,4236,average
2374,2348,2361,26,4722,master
2212,1760,1986,452,3972,novice
2754,2731,2742,23,5485,grandmaster
2430,2236,2333,194,4666,master
2218,2369,2293,-151,4587,average
2502,2216,2359,286,4718,master
2113,2303,2208,-190,4416,average
2712,2694,2703,18,5406,grandmaster
1952,2191,2071,-239,4143,novice
2551,2577,2564,-26,5128,grandmaster
2235,2249,2242,-14,4484,average
2377,2479,2428,-102,4856,master
2433,2230,2331,203,4663,master
1941,2405,2173,-464,4346,average
2435,2420,2427,15,4855,master
1855,2079,1967,-224,3934,novice
2526,2095,2310,431,4621,master
2368,2652,2510,-284,5020,grandmaster
2115,1967,2041,148,4082,novice
1908,1760,1834,148,3668,novice
1966,1729,1847,237,3695,novice
2379,2436,2407,-57,4815,master
2100,2181,2140,-81,4281,average
2653,2560,2606,93,5213,grandmaster
1992,2375,2183,-383,4367,average
2154,1983,2068,171,4137,novice
2043,1715,1879,328,3758,novice
1844,2463,2153,-619,4307,average
2012,1905,1958,107,3917,novice
2077,1843,1960,234,3920,novice
2364,2058,2211,306,4422,average
2247,2180,2213,67,4427,average
2075,1793,1934,282,3868,novice
2427,2033,2230,394,4460,average
2142,2090,2116,52,4232,average
2316,2196,2256,120,4512,average
2459,2361,2410,98,4820,master
2239,2254,2246,-15,4493,average
2285,2101,2193,184,4386,average
2436,2572,2504,-136,5008,grandmaster
2598,2240,2419,358,4838,master
2307,2098,2202,209,4405,average
2047,1893,1970,154,3940,novice
2209,2181,2195,28,4390,average
2216,1962,2089,254,4178,novice
2269,1822,2045,447,4091,novice
2380,2551,2465,-171,4931,grandmaster
2199,2123,2161,76,4322,average
2440,2250,2345,190,4690,master
2544,2353,2448,191,4897,master
2273,2318,2295,-45,4591,average
2538,2423,2480,115,4961,grandmaster
2505,2349,2427,156,4854,master
2217,2405,2311,-188,4622,master
2199,2411,2305,-212,4610,master
2308,2032,2170,276,4340,average
2465,2386,2425,79,4851,master
2205,2180,2192,25,4385,average
2136,2016,2076,120,4152,novice
2582,2331,2456,251,4913,grandmaster
2519,2393,2456,126,4912,grandmaster
1797,1963,1880,-166,3760,novice
2080,1943,2011,137,4023,novice
2340,2240,2290,100,4580,average
2568,2445,2506,123,5013,grandmaster
2009,1855,1932,154,3864,novice
1939,2473,2206,-534,4412,average
2331,2100,2215,231,4431,average
2161,2367,2264,-206,4528,average
2085,2255,2170,-170,4340,average
2113,2201,2157,-88,4314,average
2358,2134,2246,224,4492,average
2183,2080,2131,103,4263,average
2546,2561,2553,-15,5107,grandmaster
2210,2403,2306,-193,4613,master
2072,2330,2201,-258,4402,average
2526,2316,2421,210,4842,master
1848,2269,2058,-421,4117,novice
2164,2392,2278,-228,4556,average
1978,2087,2032,-109,4065,novice
2160,1886,2023,274,4046,novice
2362,2089,2225,273,4451,average
2421,2346,2383,75,4767,master
2214,1703,1958,511,3917,novice
2493,2712,2602,-219,5205,grandmaster
1966,2121,2043,-155,4087,novice
2414,2347,2380,67,4761,master
2275,1505,1890,770,3780,novice
2402,2517,2459,-115,4919,grandmaster
2095,2286,2190,-191,4381,average
1571,2135,1853,-564,3706,novice
2205,2302,2253,-97,4507,average
2660,2733,2696,-73,5393,grandmaster
2361,2418,2389,-57,4779,master
2025,2198,2111,-173,4223,average
2341,2303,2322,38,4644,master
2694,2511,2602,183,5205,grandmaster
2315,2329,2322,-14,4644,master
2230,2252,2241,-22,4482,average
2283,2447,2365,-164,4730,master
2053,1783,1918,270,3836,novice
2667,2194,2430,473,4861,master
2188,2342,2265,-154,4530,average
1925,2095,2010,-170,4020,novice
1746,1730,1738,16,3476,novice
1885,2132,2008,-247,4017,novice
2422,2391,2406,31,4813,master
2323,2363,2343,-40,4686,master
2416,2519,2467,-103,4935,grandmaster
2109,1861,1985,248,3970,novice
2311,2295,2303,16,4606,master
2216,2389,2302,-173,4605,master
2195,2109,2152,86,4304,average
2333,2238,2285,95,4571,average
2410,2585,2497,-175,4995,grandmaster
2304,2208,2256,96,4512,average
2403,2034,2218,369,4437,average
2072,1879,1975,193,3951,novice
2204,2244,2224,-40,4448,average
2000,1788,1894,212,3788,novice
2192,2170,2181,22,4362,average
2182,1911,2046,271,4093,novice
2427,2066,2246,361,4493,average
2156,2127,2141,29,4283,average
2211,2203,2207,8,4414,average
1871,2196,2033,-325,4067,novice
2326,2170,2248,156,4496,average
1944,1963,1953,-19,3907,novice
2267,2084,2175,183,4351,average
2453,2513,2483,-60,4966,grandmaster
1638,2408,2023,-770,4046,novice
1971,2141,2056,-170,4112,novice
2541,2471,2506,70,5012,grandmaster
2216,2518,2367,-302,4734,master
2312,2347,2329,-35,4659,master
2282,2388,2335,-106,4670,master
2599,2348,2473,251,4947,grandmaster
1964,2132,2048,-168,4096,novice
1646,1711,1678,-65,3357,novice
2265,1928,2096,337,4193,novice
1873,2071,1972,-198,3944,novice
2129,2205,2167,-76,4334,average
2337,2150,2243,187,4487,average
1599,1665,1632,-66,3264,novice
2278,2498,2388,-220,4776,master
2511,2091,2301,420,4602,master
2572,2033,2302,539,4605,master
2161,2265,2213,-104,4426,average
2379,2483,2431,-104,4862,master
2415,2263,2339,152,4678,master
2075,1933,2004,142,4008,novice
2392,2360,2376,32,4752,master
1848,1554,1701,294,3402,novice
1933,2099,2016,-166,4032,novice
2257,2233,2245,24,4490,average
2013,2369,2191,-356,4382,average
2710,2567,2638,143,5277,grandmaster
2142,1981,2061,161,4123,novice
2484,2554,2519,-70,5038,grandmaster
2456,2422,2439,34,4878,master
2435,2205,2320,230,4640,master
2264,2143,2203,121,4407,average
2419,2075,2247,344,4494,average
2164,2072,2118,92,4236,average
2287,2011,2149,276,4298,average
2297,2112,2204,185,4409,average
2156,2327,2241,-171,4483,average
2535,2368,2451,167,4903,grandmaster
1881,1768,1824,113,3649,novice
2225,2412,2318,-187,4637,master
2216,2114,2165,102,4330,average
2247,2538,2392,-291,4785,master
1973,2489,2231,-516,4462,average
2056,2002,2029,54,4058,novice
2721,2731,2726,-10,5452,grandmaster
1914,1721,1817,193,3635,novice
2205,2330,2267,-125,4535,average
2294,2209,2251,85,4503,average
2015,1800,1907,215,3815,novice
2170,2401,2285,-231,4571,average
2593,2532,2562,61,5125,grandmaster
2425,2650,2537,-225,5075,grandmaster
2594,2442,2518,152,5036,grandmaster
2318,2620,2469,-302,4938,grandmaster
1895,2009,1952,-114,3904,novice
2616,2446,2531,170,5062,grandmaster
2207,2077,2142,130,4284,average
1964,1681,1822,283,3645,novice
1812,2117,1964,-305,3929,novice
2567,2595,2581,-28,5162,grandmaster
2251,2192,2221,59,4443,average
2237,2166,2201,71,4403,average
2212,2519,2365,-307,4731,master
1914,2162,2038,-248,4076,novice
2220,2344,2282,-124,4564,average
2131,1949,2040,182,4080,novice
2396,2667,2531,-271,5063,grandmaster
2385,2236,2310,149,4621,master
2003,1845,1924,158,3848,novice
2476,1801,2138,675,4277,average
2060,1873,1966,187,3933,novice
2332,2679,2505,-347,5011,grandmaster
2009,2022,2015,-13,4031,novice
2259,2637,2448,-378,4896,master
2011,2174,2092,-163,4185,novice
2098,2296,2197,-198,4394,average
2314,2250,2282,64,4564,average
1846,1984,1915,-138,3830,novice
2270,2424,2347,-154,4694,master
2640,2576,2608,64,5216,grandmaster
1948,2389,2168,-441,4337,average
2757,2810,2783,-53,5567,grandmaster
2318,2143,2230,175,4461,average
2373,2203,2288,170,4576,average
2596,2448,2522,148,5044,grandmaster
2294,2549,2421,-255,4843,master
2441,2301,2371,140,4742,master
2317,2256,2286,61,4573,average
2450,2414,2432,36,4864,master
2456,1924,2190,532,4380,average
1745,1997,1871,-252,3742,novice
2339,1330,1834,1009,3669,novice
1677,1264,1470,413,2941,novice
1925,1769,1847,156,3694,novice
2176,2477,2326,-301,4653,master
2504,2229,2366,275,4733,master
2676,2518,2597,158,5194,grandmaster
2283,1886,2084,397,4169,novice
2113,1966,2039,147,4079,novice
2462,2380,2421,82,4842,master
1741,2124,1932,-383,3865,novice
2554,2415,2484,139,4969,grandmaster
2121,1833,1977,288,3954,novice
2427,2483,2455,-56,4910,grandmaster
2174,1840,2007,334,4014,novice
1832,2330,2081,-498,4162,novice
2319,2255,2287,64,4574,average
2708,2737,2722,-29,5445,grandmaster
2642,2700,2671,-58,5342,grandmaster
2576,2390,2483,186,4966,grandmaster
2554,2232,2393,322,4786,master
2182,2079,2130,103,4261,average
2471,2349,2410,122,4820,master
2243,2519,2381,-276,4762,master
2540,2516,2528,24,5056,grandmaster
2373,2148,2260,225,4521,average
1780,1895,1837,-115,3675,novice
2287,2196,2241,91,4483,average
2161,2247,2204,-86,4408,average
2355,2515,2435,-160,4870,master
2242,2123,2182,119,4365,average
2181,2243,2212,-62,4424,average
2505,2613,2559,-108,5118,grandmaster
2590,2365,2477,225,4955,grandmaster
1928,1836,1882,92,3764,novice
2660,2609,2634,51,5269,grandmaster
2475,2299,2387,176,4774,master
2501,2416,2458,85,4917,grandmaster
2417,2640,2528,-223,5057,grandmaster
2371,2364,2367,7,4735,master
1873,2223,2048,-350,4096,novice
2481,2551,2516,-70,5032,grandmaster
1713,2185,1949,-472,3898,novice
2241,2265,2253,-24,4506,average
2238,2349,2293,-111,4587,average
2506,2436,2471,70,4942,grandmaster
1951,2311,2131,-360,4262,average
2352,2224,2288,128,4576,average
2214,1909,2061,305,4123,novice
1809,1926,1867,-117,3735,novice
2306,2317,2311,-11,4623,master
1918,2043,1980,-125,3961,novice
2161,2231,2196,-70,4392,average
2337,2525,2431,-188,4862,master
2259,2111,2185,148,4370,average
2271,2085,2178,186,4356,average
2557,2250,2403,307,4807,master
2174,2101,2137,73,4275,average
2278,1659,1968,619,3937,novice
1819,1967,1893,-148,3786,novice
2291,2180,2235,111,4471,average
1951,2252,2101,-301,4203,average
2203,2408,2305,-205,4611,master
2381,2235,2308,146,4616,master
2101,2061,2081,40,4162,novice
2219,2375,2297,-156,4594,average
2580,2367,2473,213,4947,grandmaster
2138,1796,1967,342,3934,novice
1866,1600,1733,266,3466,novice
2094,1907,2000,187,4001,novice
2344,2328,2336,16,4672,master
2129,2391,2260,-262,4520,average
2333,2595,2464,-262,4928,grandmaster
2020,1961,1990,59,3981,novice
2097,1959,2028,138,4056,novice
2391,1960,2175,431,4351,average
2311,2518,2414,-207,4829,master
2302,2018,2160,284,4320,average
2547,2379,2463,168,4926,grandmaster
2344,2547,2445,-203,4891,master
2304,2370,2337,-66,4674,master
2302,2291,2296,11,4593,average
2214,2451,2332,-237,4665,master
2256,2368,2312,-112,4624,master
2471,2343,2407,128,4814,master
2335,2241,2288,94,4576,average
2585,2485,2535,100,5070,grandmaster
2197,1985,2091,212,4182,novice
2525,2370,2447,155,4895,master
2576,2164,2370,412,4740,master
2342,2522,2432,-180,4864,master
2352,2542,2447,-190,4894,master
2772,2713,2742,59,5485,grandmaster
2244,1849,2046,395,4093,novice
2386,2523,2454,-137,4909,grandmaster
2446,2631,2538,-185,5077,grandmaster
2308,2206,2257,102,4514,average
2399,2319,2359,80,4718,master
2181,2206,2193,-25,4387,average
2186,1866,2026,320,4052,novice
2571,2380,2475,191,4951,grandmaster
2007,2310,2158,-303,4317,average
1988,1962,1975,26,3950,novice
1941,2364,2152,-423,4305,average
2516,2390,2453,126,4906,grandmaster
2033,2216,2124,-183,4249,average
2012,2310,2161,-298,4322,average
2566,2464,2515,102,5030,grandmaster
2757,2754,2755,3,5511,grandmaster
1867,2122,1994,-255,3989,novice
2535,2302,2418,233,4837,master
2431,2673,2552,-242,5104,grandmaster
1969,2172,2070,-203,4141,novice
2142,2354,2248,-212,4496,average
2520,2393,2456,127,4913,grandmaster
2255,2008,2131,247,4263,average
2065,2514,2289,-449,4579,average
2815,2748,2781,67,5563,grandmaster
2230,1920,2075,310,4150,novice
2447,2184,2315,263,4631,master
2313,2149,2231,164,4462,average
1844,1976,1910,-132,3820,novice
1888,2278,2083,-390,4166,novice
2309,2533,2421,-224,4842,master
2437,2482,2459,-45,4919,grandmaster
2284,1812,2048,472,4096,novice
1937,1759,1848,178,3696,novice
1982,2149,2065,-167,4131,novice
2559,2141,2350,418,4700,master
2483,2197,2340,286,4680,master
1883,1724,1803,159,3607,novice
2256,2365,2310,-109,4621,master
2016,1786,1901,230,3802,novice
2241,2199,2220,42,4440,average
2438,2212,2325,226,4650,master
2567,2423,2495,144,4990,grandmaster
2378,1915,2146,463,4293,average
2681,2397,2539,284,5078,grandmaster
2230,2503,2366,-273,4733,master
2062,2177,2119,-115,4239,average
2658,2680,2669,-22,5338,grandmaster
2423,2296,2359,127,4719,master
1959,2256,2107,-297,4215,average
2181,2167,2174,14,4348,average
2159,2053,2106,106,4212,average
2813,2868,2840,-55,5681,grandmaster
2391,2543,2467,-152,4934,grandmaster
2708,2785,2746,-77,5493,grandmaster
1698,1815,1756,-117,3513,novice
2539,2393,2466,146,4932,grandmaster
2344,2469,2406,-125,4813,master
2356,2406,2381,-50,4762,master
2505,2667,2586,-162,5172,grandmaster
2377,2309,2343,68,4686,master
2060,2108,2084,-48,4168,novice
2398,2082,2240,316,4480,average
2710,2651,2680,59,5361,grandmaster
2330,2577,2453,-247,4907,grandmaster
2033,2384,2208,-351,4417,average
1927,1824,1875,103,3751,novice
2105,2511,2308,-406,4616,master
2242,2125,2183,117,4367,average
2242,2603,2422,-361,4845,master
2415,2230,2322,185,4645,master
2574,2295,2434,279,4869,master
2424,2032,2228,392,4456,average
2467,2185,2326,282,4652,master
2517,2475,2496,42,4992,grandmaster
1952,2084,2018,-132,4036,novice
2327,2418,2372,-91,4745,master
2174,1782,1978,392,3956,novice
1981,2114,2047,-133,4095,novice
2440,2489,2464,-49,4929,grandmaster
2067,2373,2220,-306,4440,average
1950,2244,2097,-294,4194,novice
2331,2514,2422,-183,4845,master
2340,2059,2199,281,4399,average
2274,2123,2198,151,4397,average
2659,2417,2538,242,5076,grandmaster
2612,2212,2412,400,4824,master
1931,2257,2094,-326,4188,novice
2393,2239,2316,154,4632,master
2368,2240,2304,128,4608,master
1872,1893,1882,-21,3765,novice
1724,2023,1873,-299,3747,novice
2185,1856,2020,329,4041,novice
2133,2340,2236,-207,4473,average
2213,2079,2146,134,4292,average
2255,2121,2188,134,4376,average
2207,2409,2308,-202,4616,master
2313,2185,2249,128,4498,average
2100,2523,2311,-423,4623,master
2239,2259,2249,-20,4498,average
2510,2415,2462,95,4925,grandmaster
2529,2628,2578,-99,5157,grandmaster
1581,2296,1938,-715,3877,novice
2201,2435,2318,-234,4636,master
2232,2071,2151,161,4303,average
1665,2073,1869,-408,3738,novice
2554,2412,2483,142,4966,grandmaster
2534,2617,2575,-83,5151,grandmaster
2177,2394,2285,-217,4571,average
2175,1914,2044,261,4089,novice
1999,2191,2095,-192,4190,novice
2654,2269,2461,385,4923,grandmaster
2024,2589,2306,-565,4613,master
2296,1802,2049,494,4098,novice
2246,2397,2321,-151,4643,master
2385,2328,2356,57,4713,master
1708,1829,1768,-121,3537,novice
2215,1882,2048,333,4097,novice
2380,2045,2212,335,4425,average
2473,2499,2486,-26,4972,grandmaster
2170,2338,2254,-168,4508,average
1806,2153,1979,-347,3959,novice
2286,2467,2376,-181,4753,master
1919,2145,2032,-226,4064,novice
1918,2065,1991,-147,3983,novice
2062,2039,2050,23,4101,novice
2508,2074,2291,434,4582,average
2439,2362,2400,77,4801,master
2092,2141,2116,-49,4233,average
1357,1370,1363,-13,2727,novice
2379,2320,2349,59,4699,master
2527,2485,2506,42,5012,grandmaster
1983,2130,2056,-147,4113,novice
2406,2597,2501,-191,5003,grandmaster
2275,2028,2151,247,4303,average
2556,2523,2539,33,5079,grandmaster
1955,2355,2155,-400,4310,average
2321,2242,2281,79,4563,average
2324,2277,2300,47,4601,average
2044,2120,2082,-76,4164,novice
2026,1920,1973,106,3946,novice
2779,2719,2749,60,5498,grandmaster
2348,2176,2262,172,4524,average
2356,2312,2334,44,4668,master
2297,2172,2234,125,4469,average
2492,2641,2566,-149,5133,grandmaster
1514,1734,1624,-220,3248,novice
2292,2304,2298,-12,4596,average
2394,2448,2421,-54,4842,master
2138,1861,1999,277,3999,novice
2511,2587,2549,-76,5098,grandmaster
2493,2441,2467,52,4934,grandmaster
2313,2087,2200,226,4400,average
2300,2450,2375,-150,4750,master
2149,1987,2068,162,4136,novice
2372,1904,2138,468,4276,average
2083,2301,2192,-218,4384,average
2002,2071,2036,-69,4073,novice
1823,1929,1876,-106,3752,novice
2083,2469,2276,-386,4552,average
2553,2562,2557,-9,5115,grandmaster
2270,2459,2364,-189,4729,master
2136,2073,2104,63,4209,average
2360,1988,2174,372,4348,average
2246,2112,2179,134,4358,average
2053,2263,2158,-210,4316,average
2331,2486,2408,-155,4817,master
1672,1958,1815,-286,3630,novice
2345,2264,2304,81,4609,master
2534,2200,2367,334,4734,master
2488,2533,2510,-45,5021,grandmaster
2595,2628,2611,-33,5223,grandmaster
2438,2636,2537,-198,5074,grandmaster
2594,2506,2550,88,5100,grandmaster
1810,1993,1901,-183,3803,novice
2216,2178,2197,38,4394,average
2325,2186,2255,139,4511,average
2241,2427,2334,-186,4668,master
2450,2423,2436,27,4873,master
2487,2464,2475,23,4951,grandmaster
2224,1971,2097,253,4195,novice
1816,2157,1986,-341,3973,novice
2308,2278,2293,30,4586,average
2528,2356,2442,172,4884,master
2581,2239,2410,342,4820,master
2309,2527,2418,-218,4836,master
2475,2571,2523,-96,5046,grandmaster
2120,2063,2091,57,4183,novice
2100,2283,2191,-183,4383,average
2305,2245,2275,60,4550,average
2374,2248,2311,126,4622,master
2382,2488,2435,-106,4870,master
2315,2233,2274,82,4548,average
2420,2269,2344,151,4689,master
2353,1983,2168,370,4336,average
2426,2104,2265,322,4530,average
2465,1890,2177,575,4355,average
2496,2483,2489,13,4979,grandmaster
2072,2291,2181,-219,4363,average
2167,2009,2088,158,4176,novice
1871,1614,1742,257,3485,novice
2258,2611,2434,-353,4869,master
2015,1845,1930,170,3860,novice
2276,1815,2045,461,4091,novice
2604,2588,2596,16,5192,grandmaster
2205,2157,2181,48,4362,average
2193,1993,2093,200,4186,novice
1968,2220,2094,-252,4188,novice
2404,2490,2447,-86,4894,master
2437,2229,2333,208,4666,master
2347,2298,2322,49,4645,master
2391,2471,2431,-80,4862,master
2174,2008,2091,166,4182,novice
2328,2455,2391,-127,4783,master
2375,2469,2422,-94,4844,master
2295,2374,2334,-79,4669,master
2487,2196,2341,291,4683,master
1906,2292,2099,-386,4198,novice
2460,2605,2532,-145,5065,grandmaster
2249,1544,1896,705,3793,novice
2239,1630,1934,609,3869,novice
2168,2545,2356,-377,4713,master
2560,2303,2431,257,4863,master
1995,1704,1849,291,3699,novice
2121,2137,2129,-16,4258,average
2782,2708,2745,74,5490,grandmaster
1860,1935,1897,-75,3795,novice
2022,1866,1944,156,3888,novice
2490,2538,2514,-48,5028,grandmaster
1628,1879,1753,-251,3507,novice
2137,2259,2198,-122,4396,average
2276,1873,2074,403,4149,novice
2479,2273,2376,206,4752,master
2360,1989,2174,371,4349,average
2337,2545,2441,-208,4882,master
2402,2387,2394,15,4789,master
2227,2053,2140,174,4280,average
2187,1940,2063,247,4127,novice
2285,2022,2153,263,4307,average
2050,1951,2000,99,4001,novice
2415,1937,2176,478,4352,average
2607,2293,2450,314,4900,master
2259,2471,2365,-212,4730,master
2727,2709,2718,18,5436,grandmaster
1667,1973,1820,-306,3640,novice
1867,1829,1848,38,3696,novice
2127,1833,1980,294,3960,novice
2024,2043,2033,-19,4067,novice
1638,1279,1458,359,2917,novice
2639,2551,2595,88,5190,grandmaster
2238,2169,2203,69,4407,average
2029,1989,2009,40,4018,novice
2052,1862,1957,190,3914,novice
2188,2007,2097,181,4195,novice
2324,2438,2381,-114,4762,master
2072,1791,1931,281,3863,novice
1607,1432,1519,175,3039,novice
2007,2203,2105,-196,4210,average
2025,1664,1844,361,3689,novice
1887,2037,1962,-150,3924,novice
2349,1979,2164,370,4328,average
2215,1878,2046,337,4093,novice
2220,2114,2167,106,4334,average
2481,2437,2459,44,4918,grandmaster
2073,1716,1894,357,3789,novice
2167,1936,2051,231,4103,novice
2104,2391,2247,-287,4495,average
2417,2075,2246,342,4492,average
2070,1885,1977,185,3955,novice
2166,2111,2138,55,4277,average
1975,2152,2063,-177,4127,novice
2311,2554,2432,-243,4865,master
2611,2313,2462,298,4924,grandmaster
2417,2362,2389,55,4779,master
2760,2713,2736,47,5473,grandmaster
2423,2396,2409,27,4819,master
2386,2296,2341,90,4682,master
2327,2397,2362,-70,4724,master
1913,2014,1963,-101,3927,novice
2423,1760,2091,663,4183,novice
1390,1498,1444,-108,2888,novice
2201,2088,2144,113,4289,average
2711,2085,2398,626,4796,master
1892,2121,2006,-229,4013,novice
2657,2695,2676,-38,5352,grandmaster
2377,2443,2410,-66,4820,master
2373,2440,2406,-67,4813,master
1697,1962,1829,-265,3659,novice
2428,2144,2286,284,4572,average
2260,2536,2398,-276,4796,master
2150,2008,2079,142,4158,novice
2250,2373,2311,-123,4623,master
1930,1983,1956,-53,3913,novice
2531,2269,2400,262,4800,master
2301,2294,2297,7,4595,average
1755,1959,1857,-204,3714,novice
2472,2598,2535,-126,5070,grandmaster
2017,2169,2093,-152,4186,novice
2091,1935,2013,156,4026,novice
2538,2582,2560,-44,5120,grandmaster
2170,2017,2093,153,4187,novice
2521,2664,2592,-143,5185,grandmaster
2218,1915,2066,303,4133,novice
1896,2061,1978,-165,3957,novice
2438,2622,2530,-184,5060,grandmaster
2126,2267,2196,-141,4393,average
2519,2490,2504,29,5009,grandmaster
2530,1969,2249,561,4499,average
2123,2345,2234,-222,4468,average
2172,1984,2078,188,4156,novice
2575,2503,2539,72,5078,grandmaster
2455,2103,2279,352,4558,average
2392,2529,2460,-137,4921,grandmaster
2460,2363,2411,97,4823,master
2321,2112,2216,209,4433,average
2277,2468,2372,-191,4745,master
2470,2635,2552,-165,5105,grandmaster
2092,1668,1880,424,3760,novice
1333,1517,1425,-184,2850,novice
2107,2075,2091,32,4182,novice
2418,2568,2493,-150,4986,grandmaster
2085,1641,1863,444,3726,novice
1984,2419,2201,-435,4403,average
2340,2531,2435,-191,4871,master
2418,2481,2449,-63,4899,master
2368,2143,2255,225,4511,average
2090,1691,1890,399,3781,novice
1681,2033,1857,-352,3714,novice
2072,1842,1957,230,3914,novice
1950,2023,1986,-73,3973,novice
2123,2127,2125,-4,4250,average
2174,2111,2142,63,4285,average
2455,2353,2404,102,4808,master
2346,2088,2217,258,4434,average
2344,1998,2171,346,4342,average
2401,2282,2341,119,4683,master
2002,1733,1867,269,3735,novice
2368,2442,2405,-74,4810,master
1642,2077,1859,-435,3719,novice
2183,2108,2145,75,4291,average
2423,2285,2354,138,4708,master
2100,2479,2289,-379,4579,average
1919,2055,1987,-136,3974,novice
2363,2515,2439,-152,4878,master
2064,2456,2260,-392,4520,average
2599,2437,2518,162,5036,grandmaster
2335,1927,2131,408,4262,average
2220,2024,2122,196,4244,average
2201,2590,2395,-389,4791,master
2535,2285,2410,250,4820,master
2256,2558,2407,-302,4814,master
1598,1741,1669,-143,3339,novice
2080,1826,1953,254,3906,novice
2178,1953,2065,225,4131,novice
2384,2258,2321,126,4642,master
2091,2244,2167,-153,4335,average
2153,2226,2189,-73,4379,average
2280,2368,2324,-88,4648,master
1997,2151,2074,-154,4148,novice
2548,2652,2600,-104,5200,grandmaster
2412,2447,2429,-35,4859,master
2301,2501,2401,-200,4802,master
2370,2222,2296,148,4592,average
2634,2408,2521,226,5042,grandmaster
2359,2506,2432,-147,4865,master
2305,2482,2393,-177,4787,master
2009,1900,1954,109,3909,novice
2430,2161,2295,269,4591,average
1927,2142,2034,-215,4069,novice
1972,2026,1999,-54,3998,novice
2050,2192,2121,-142,4242,average
2169,2327,2248,-158,4496,average
2383,2534,2458,-151,4917,grandmaster
1988,2242,2115,-254,4230,average
2136,2099,2117,37,4235,average
2276,2381,2328,-105,4657,master
2747,2786,2766,-39,5533,grandmaster
2082,1910,1996,172,3992,novice
2643,2398,2520,245,5041,grandmaster
2359,2481,2420,-122,4840,master
2024,2162,2093,-138,4186,novice
2057,2187,2122,-130,4244,average
1933,2014,1973,-81,3947,novice
2371,2498,2434,-127,4869,master
2050,2007,2028,43,4057,novice
2262,2202,2232,60,4464,average
2545,2734,2639,-189,5279,grandmaster
2137,1849,1993,288,3986,novice
2255,2166,2210,89,4421,average
2287,2316,2301,-29,4603,master
2517,2429,2473,88,4946,grandmaster
2294,2131,2212,163,4425,average
2477,2352,2414,125,4829,master
2286,2217,2251,69,4503,average
2530,2322,2426,208,4852,master
2449,2540,2494,-91,4989,grandmaster
2500,2298,2399,202,4798,master
2065,2260,2162,-195,4325,average
2393,2313,2353,80,4706,master
2172,1917,2044,255,4089,novice
2144,1878,2011,266,4022,novice
2011,2208,2109,-197,4219,average
2253,1791,2022,462,4044,novice
1996,2136,2066,-140,4132,novice
2034,1531,1782,503,3565,novice
2200,2382,2291,-182,4582,average
1549,1877,1713,-328,3426,novice
1938,1858,1898,80,3796,novice
2470,2456,2463,14,4926,grandmaster
2304,2250,2277,54,4554,average
2287,2147,2217,140,4434,average
2016,2393,2204,-377,4409,average
2341,2662,2501,-321,5003,grandmaster
2224,2134,2179,90,4358,average
2266,2095,2180,171,4361,average
2098,2219,2158,-121,4317,average
2474,2509,2491,-35,4983,grandmaster
2491,2474,2482,17,4965,grandmaster
2160,2353,2256,-193,4513,average
2302,1647,1974,655,3949,novice
2257,2262,2259,-5,4519,average
2385,2328,2356,57,4713,master
2446,2238,2342,208,4684,master
2318,2211,2264,107,4529,average
2413,2287,2350,126,4700,master
2234,2260,2247,-26,4494,average
2279,2440,2359,-161,4719,master
2447,2259,2353,188,4706,master
2472,2375,2423,97,4847,master
2308,2589,2448,-281,4897,master
2516,2521,2518,-5,5037,grandmaster
2339,2417,2378,-78,4756,master
2478,2203,2340,275,4681,master
2339,2132,2235,207,4471,average
2539,2596,2567,-57,5135,grandmaster
2505,2386,2445,119,4891,master
2436,2650,2543,-214,5086,grandmaster
2388,2387,2387,1,4775,master
2460,2594,2527,-134,5054,grandmaster
2730,2717,2723,13,5447,grandmaster
2619,2638,2628,-19,5257,grandmaster
1810,1469,1639,341,3279,novice
1850,2491,2170,-641,4341,average
2278,2265,2271,13,4543,average
2001,2170,2085,-169,4171,novice
2473,2578,2525,-105,5051,grandmaster
1927,2352,2139,-425,4279,average
2427,1904,2165,523,4331,average
2155,2362,2258,-207,4517,average
2167,2365,2266,-198,4532,average
2022,2018,2020,4,4040,novice
2697,2676,2686,21,5373,grandmaster
2098,1901,1999,197,3999,novice
1694,1876,1785,-182,3570,novice
2647,2549,2598,98,5196,grandmaster
2535,2404,2469,131,4939,grandmaster
2286,2134,2210,152,4420,average
1959,2412,2185,-453,4371,average
2290,2230,2260,60,4520,average
2436,2505,2470,-69,4941,grandmaster
1939,2168,2053,-229,4107,novice
2393,2641,2517,-248,5034,grandmaster
2432,2339,2385,93,4771,master
2319,2368,2343,-49,4687,master
2502,2443,2472,59,4945,grandmaster
2072,2162,2117,-90,4234,average
2133,2117,2125,16,4250,average
2105,2011,2058,94,4116,novice
2112,2493,2302,-381,4605,master
2462,2498,2480,-36,4960,grandmaster
2512,2279,2395,233,4791,master
2440,2447,2443,-7,4887,master
2572,2557,2564,15,5129,grandmaster
2189,2426,2307,-237,4615,master
1761,1909,1835,-148,3670,novice
2453,2524,2488,-71,4977,grandmaster
2052,2295,2173,-243,4347,average
2194,2582,2388,-388,4776,master
2427,2209,2318,218,4636,master
2080,1733,1906,347,3813,novice
2328,2215,2271,113,4543,average
2431,2530,2480,-99,4961,grandmaster
2224,2114,2169,110,4338,average
2245,2069,2157,176,4314,average
1774,2148,1961,-374,3922,novice
1814,1757,1785,57,3571,novice
2363,2458,2410,-95,4821,master
2387,2161,2274,226,4548,average
2263,2587,2425,-324,4850,master
2394,2284,2339,110,4678,master
2282,2377,2329,-95,4659,master
2090,2290,2190,-200,4380,average
2393,2198,2295,195,4591,average
2338,2218,2278,120,4556,average
1947,2021,1984,-74,3968,novice
1700,2079,1889,-379,3779,novice
2440,2248,2344,192,4688,master
2207,1731,1969,476,3938,novice
2447,2385,2416,62,4832,master
2311,1724,2017,587,4035,novice
2307,2452,2379,-145,4759,master
1999,1817,1908,182,3816,novice
1796,1483,1639,313,3279,novice
2441,2593,2517,-152,5034,grandmaster
2180,2061,2120,119,4241,average
2409,2535,2472,-126,4944,grandmaster
2392,2251,2321,141,4643,master
2521,2256,2388,265,4777,master
1806,1683,1744,123,3489,novice
2505,2356,2430,149,4861,master
2414,2183,2298,231,4597,average
1987,1835,1911,152,3822,novice
1927,2061,1994,-134,3988,novice
1862,2340,2101,-478,4202,average
2215,2129,2172,86,4344,average
2055,2389,2222,-334,4444,average
2350,1926,2138,424,4276,average
1769,1982,1875,-213,3751,novice
2021,2414,2217,-393,4435,average
2757,2721,2739,36,5478,grandmaster
2622,2682,2652,-60,5304,grandmaster
2427,2224,2325,203,4651,master
2612,2499,2555,113,5111,grandmaster
2216,2580,2398,-364,4796,master
2217,2650,2433,-433,4867,master
2623,2524,2573,99,5147,grandmaster
2126,2207,2166,-81,4333,average
2034,2137,2085,-103,4171,novice
1756,2161,1958,-405,3917,novice
2313,2362,2337,-49,4675,master
2411,2376,2393,35,4787,master
1879,2219,2049,-340,4098,novice
2045,2169,2107,-124,4214,average
2255,2408,2331,-153,4663,master
2201,2561,2381,-360,4762,master
2549,2528,2538,21,5077,grandmaster
2586,2672,2629,-86,5258,grandmaster
2560,2398,2479,162,4958,grandmaster
2127,1969,2048,158,4096,novice
2567,2546,2556,21,5113,grandmaster
2039,1849,1944,190,3888,novice
2230,2269,2249,-39,4499,average
1878,2079,1978,-201,3957,novice
2190,2028,2109,162,4218,average
2553,2524,2538,29,5077,grandmaster
1916,2362,2139,-446,4278,average
2201,2335,2268,-134,4536,average
2618,2433,2525,185,5051,grandmaster
2262,2111,2186,151,4373,average
2068,2312,2190,-244,4380,average
2086,2199,2142,-113,4285,average
2165,2318,2241,-153,4483,average
1817,2326,2071,-509,4143,novice
2543,2047,2295,496,4590,average
2188,2566,2377,-378,4754,master
1883,1893,1888,-10,3776,novice
2408,2284,2346,124,4692,master
2654,2682,2668,-28,5336,grandmaster
2177,2241,2209,-64,4418,average
2079,1834,1956,245,3913,novice
2652,2726,2689,-74,5378,grandmaster
2526,2409,2467,117,4935,grandmaster
2351,2228,2289,123,4579,average
2356,2162,2259,194,4518,average
2553,2268,2410,285,4821,master
2162,2321,2241,-159,4483,average
2096,2037,2066,59,4133,novice
2573,2097,2335,476,4670,master
1911,1644,1777,267,3555,novice
1732,2128,1930,-396,3860,novice
2688,2441,2564,247,5129,grandmaster
2153,2266,2209,-113,4419,average
2046,2288,2167,-242,4334,average
2216,2012,2114,204,4228,average
2440,2031,2235,409,4471,average
2100,2397,2248,-297,4497,average
1867,1591,1729,276,3458,novice
2361,2501,2431,-140,4862,master
2645,2446,2545,199,5091,grandmaster
2075,2305,2190,-230,4380,average
2753,2679,2716,74,5432,grandmaster
2485,2263,2374,222,4748,master
2408,2340,2374,68,4748,master
2558,2591,2574,-33,5149,grandmaster
2157,2338,2247,-181,4495,average
2580,2707,2643,-127,5287,grandmaster
2654,2366,2510,288,5020,grandmaster
2406,2641,2523,-235,5047,grandmaster
1977,2232,2104,-255,4209,average
1865,2461,2163,-596,4326,average
1572,1815,1693,-243,3387,novice
2231,2120,2175,111,4351,average
1843,1602,1722,241,3445,novice
1967,2243,2105,-276,4210,average
2366,2533,2449,-167,4899,master
2145,2529,2337,-384,4674,master
2489,2249,2369,240,4738,master
2681,2764,2722,-83,5445,grandmaster
2430,2538,2484,-108,4968,grandmaster
2097,1759,1928,338,3856,novice
1689,2131,1910,-442,3820,novice
2507,2714,2610,-207,5221,grandmaster
1945,1777,1861,168,3722,novice
2004,2211,2107,-207,4215,average
2123,2408,2265,-285,4531,average
2370,2307,2338,63,4677,master
2183,2239,2211,-56,4422,average
1698,1943,1820,-245,3641,novice
2395,2378,2386,17,4773,master
2358,2246,2302,112,4604,master
2066,1754,1910,312,3820,novice
2475,2088,2281,387,4563,average
2343,2498,2420,-155,4841,master
1780,2040,1910,-260,3820,novice
2231,2129,2180,102,4360,average
1751,2096,1923,-345,3847,novice
2147,2226,2186,-79,4373,average
1728,1807,1767,-79,3535,novice
2153,2396,2274,-243,4549,average
2455,2141,2298,314,4596,average
2374,1945,2159,429,4319,average
2591,2619,2605,-28,5210,grandmaster
2264,2034,2149,230,4298,average
2074,2308,2191,-234,4382,average
1938,2251,2094,-313,4189,novice
2555,2377,2466,178,4932,grandmaster
2291,2028,2159,263,4319,average
2091,2587,2339,-496,4678,master
1794,1916,1855,-122,3710,novice
2222,2310,2266,-88,4532,average
2276,2020,2148,256,4296,average
2752,2792,2772,-40,5544,grandmaster
2476,2290,2383,186,4766,master
2215,2482,2348,-267,4697,master
2046,2047,2046,-1,4093,novice
2377,2532,2454,-155,4909,grandmaster
2430,1987,2208,443,4417,average
2039,2066,2052,-27,4105,novice
1945,1663,1804,282,3608,novice
2401,2441,2421,-40,4842,master
2316,2310,2313,6,4626,master
1946,2260,2103,-314,4206,average
2291,2189,2240,102,4480,average
2403,2277,2340,126,4680,master
2620,2499,2559,121,5119,grandmaster
2382,2407,2394,-25,4789,master
2557,2705,2631,-148,5262,grandmaster
2294,2107,2200,187,4401,average
2225,2464,2344,-239,4689,master
2672,2660,2666,12,5332,grandmaster
2150,1491,1820,659,3641,novice
2282,2327,2304,-45,4609,master
2285,1957,2121,328,4242,average
2269,2001,2135,268,4270,average
2197,2353,2275,-156,4550,average
1611,1755,1683,-144,3366,novice
2534,2298,2416,236,4832,master
2222,2365,2293,-143,4587,average
2484,1882,2183,602,4366,average
2232,2449,2340,-217,4681,master
2473,2185,2329,288,4658,master
2483,2710,2596,-227,5193,grandmaster
2439,2327,2383,112,4766,master
2561,2506,2533,55,5067,grandmaster
2355,2426,2390,-71,4781,master
1979,2180,2079,-201,4159,novice
2482,2147,2314,335,4629,master
2293,2489,2391,-196,4782,master
2378,2246,2312,132,4624,master
1924,2208,2066,-284,4132,novice
1726,2007,1866,-281,3733,novice
2530,2550,2540,-20,5080,grandmaster
2281,2235,2258,46,4516,average
2548,2541,2544,7,5089,grandmaster
2301,2157,2229,144,4458,average
1931,2237,2084,-306,4168,novice
2551,2328,2439,223,4879,master
1740,2414,2077,-674,4154,novice
2659,2743,2701,-84,5402,grandmaster
2155,2292,2223,-137,4447,average
1775,2104,1939,-329,3879,novice
2621,2586,2603,35,5207,grandmaster
2172,2090,2131,82,4262,average
2249,2316,2282,-67,4565,average
2108,1835,1971,273,3943,novice
2312,2038,2175,274,4350,average
1653,1942,1797,-289,3595,novice
2487,2506,2496,-19,4993,grandmaster
2739,2561,2650,178,5300,grandmaster
2311,2295,2303,16,4606,master
2462,2444,2453,18,4906,grandmaster
2199,1846,2022,353,4045,novice
2351,2348,2349,3,4699,master
2462,2219,2340,243,4681,master
2303,2315,2309,-12,4618,master
2421,2519,2470,-98,4940,grandmaster
2485,2564,2524,-79,5049,grandmaster
2356,2082,2219,274,4438,average
1904,1747,1825,157,3651,novice
2168,2187,2177,-19,4355,average
2355,1992,2173,363,4347,average
2000,1886,1943,114,3886,novice
2408,2215,2311,193,4623,master
2596,2532,2564,64,5128,grandmaster
2259,2055,2157,204,4314,average
1997,2087,2042,-90,4084,novice
1846,2222,2034,-376,4068,novice
1844,2050,1947,-206,3894,novice
2296,2344,2320,-48,4640,master
2438,2291,2364,147,4729,master
2210,1962,2086,248,4172,novice
2068,2166,2117,-98,4234,average
2584,2710,2647,-126,5294,grandmaster
2711,2393,2552,318,5104,grandmaster
2628,2639,2633,-11,5267,grandmaster
2527,2632,2579,-105,5159,grandmaster
1986,2299,2142,-313,4285,average
2158,2152,2155,6,4310,average
2001,1950,1975,51,3951,novice
2068,1947,2007,121,4015,novice
1999,2001,2000,-2,4000,novice
2418,2288,2353,130,4706,master
2333,2138,2235,195,4471,average
1865,1697,1781,168,3562,novice
2032,2036,2034,-4,4068,novice
1922,2048,1985,-126,3970,novice
2220,1930,2075,290,4150,novice
2318,2206,2262,112,4524,average
1978,2164,2071,-186,4142,novice
2624,2563,2593,61,5187,grandmaster
2511,2421,2466,90,4932,grandmaster
2036,1802,1919,234,3838,novice
2449,2314,2381,135,4763,master
2227,2159,2193,68,4386,average
2589,2711,2650,-122,5300,grandmaster
2436,2132,2284,304,4568,average
2066,2100,2083,-34,4166,novice
2188,2511,2349,-323,4699,master
2140,1913,2026,227,4053,novice
1799,2021,1910,-222,3820,novice
2742,2581,2661,161,5323,grandmaster
1955,1634,1794,321,3589,novice
2450,2688,2569,-238,5138,grandmaster
2016,2156,2086,-140,4172,novice
2260,2447,2353,-187,4707,master
2686,2556,2621,130,5242,grandmaster
2143,2124,2133,19,4267,average
2303,2390,2346,-87,4693,master
2355,2555,2455,-200,4910,grandmaster
1725,2212,1968,-487,3937,novice
2061,2174,2117,-113,4235,average
2331,2112,2221,219,4443,average
2570,2417,2493,153,4987,grandmaster
2606,2439,2522,167,5045,grandmaster
2482,2359,2420,123,4841,master
2565,2518,2541,47,5083,grandmaster
2577,2596,2586,-19,5173,grandmaster
2221,2392,2306,-171,4613,master
2220,1934,2077,286,4154,novice
2392,2495,2443,-103,4887,master
2404,2477,2440,-73,4881,master
2324,2108,2216,216,4432,average
2758,2830,2794,-72,5588,grandmaster
2505,2333,2419,172,4838,master
2009,1673,1841,336,3682,novice
1750,1969,1859,-219,3719,novice
1999,2233,2116,-234,4232,average
2135,2434,2284,-299,4569,average
1389,1901,1645,-512,3290,novice
2077,2074,2075,3,4151,novice
1747,1854,1800,-107,3601,novice
2137,2002,2069,135,4139,novice
2186,2052,2119,134,4238,average
2217,2293,2255,-76,4510,average
1805,1973,1889,-168,3778,novice
2402,2408,2405,-6,4810,master
1626,1960,1793,-334,3586,novice
2585,2470,2527,115,5055,grandmaster
2074,1912,1993,162,3986,novice
2187,2343,2265,-156,4530,average
1938,2120,2029,-182,4058,novice
2683,2531,2607,152,5214,grandmaster
2532,2115,2323,417,4647,master
2259,1984,2121,275,4243,average
2056,2055,2055,1,4111,novice
2148,2493,2320,-345,4641,master
2066,2208,2137,-142,4274,average
2005,2091,2048,-86,4096,novice
2434,2358,2396,76,4792,master
2134,2177,2155,-43,4311,average
2553,1916,2234,637,4469,average
1822,2243,2032,-421,4065,novice
2113,2509,2311,-396,4622,master
2332,2381,2356,-49,4713,master
2140,2144,2142,-4,4284,average
2263,2238,2250,25,4501,average
2355,2558,2456,-203,4913,grandmaster
1578,1695,1636,-117,3273,novice
2638,2245,2441,393,4883,master
2113,2379,2246,-266,4492,average
1696,1466,1581,230,3162,novice
2600,2558,2579,42,5158,grandmaster
2572,2293,2432,279,4865,master
1983,2146,2064,-163,4129,novice
2671,2343,2507,328,5014,grandmaster
2149,2060,2104,89,4209,average
2423,2407,2415,16,4830,master
2375,2243,2309,132,4618,master
2301,2526,2413,-225,4827,master
1672,2329,2000,-657,4001,novice
2477,2570,2523,-93,5047,grandmaster
2032,1886,1959,146,3918,novice
2295,2307,2301,-12,4602,master
2033,1873,1953,160,3906,novice
2464,2350,2407,114,4814,master
2410,2540,2475,-130,4950,grandmaster
2501,2368,2434,133,4869,master
2633,2474,2553,159,5107,grandmaster
2382,2156,2269,226,4538,average
2434,2239,2336,195,4673,master
2172,2306,2239,-134,4478,average
2200,1929,2064,271,4129,novice
2707,2645,2676,62,5352,grandmaster
2636,2437,2536,199,5073,grandmaster
2344,2530,2437,-186,4874,master
2672,2586,2629,86,5258,grandmaster
2054,1834,1944,220,3888,novice
2447,2677,2562,-230,5124,grandmaster
2326,2533,2429,-207,4859,master
2531,2259,2395,272,4790,master
2134,2328,2231,-194,4462,average
2318,2352,2335,-34,4670,master
2202,2026,2114,176,4228,average
2497,2653,2575,-156,5150,grandmaster
1801,1921,1861,-120,3722,novice
2268,2416,2342,-148,4684,master
2242,1970,2106,272,4212,average
2213,2282,2247,-69,4495,average
2222,2172,2197,50,4394,average
2133,2553,2343,-420,4686,master
1377,1784,1580,-407,3161,novice
2410,2232,2321,178,4642,master
2194,2159,2176,35,4353,average
2554,2625,2589,-71,5179,grandmaster
2327,2409,2368,-82,4736,master
1825,2095,1960,-270,3920,novice
2713,2243,2478,470,4956,grandmaster
1814,2039,1926,-225,3853,novice
2255,2147,2201,108,4402,average
2095,2368,2231,-273,4463,average
2081,2270,2175,-189,4351,average
2244,2138,2191,106,4382,average
2229,2281,2255,-52,4510,average
2244,2229,2236,15,4473,average
2680,2493,2586,187,5173,grandmaster
1590,1909,1749,-319,3499,novice
1937,2291,2114,-354,4228,average
2107,2216,2161,-109,4323,average
2255,2056,2155,199,4311,average
2379,2387,2383,-8,4766,master
2102,1853,1977,249,3955,novice
2062,2148,2105,-86,4210,average
2097,1935,2016,162,4032,novice
2110,2298,2204,-188,4408,average
2375,2046,2210,329,4421,average
2331,2423,2377,-92,4754,master
2193,2370,2281,-177,4563,average
1950,2162,2056,-212,4112,novice
1728,1774,1751,-46,3502,novice
2511,1958,2234,553,4469,average
2520,2255,2387,265,4775,master
2629,2456,2542,173,5085,grandmaster
2053,2253,2153,-200,4306,average
2173,2046,2109,127,4219,average
2629,2566,2597,63,5195,grandmaster
2422,2395,2408,27,4817,master
2564,2449,2506,115,5013,grandmaster
2393,2536,2464,-143,4929,grandmaster
2562,2485,2523,77,5047,grandmaster
1791,2280,2035,-489,4071,novice
1631,1844,1737,-213,3475,novice
1770,2016,1893,-246,3786,novice
2284,2160,2222,124,4444,average
2447,2282,2364,165,4729,master
2445,2187,2316,258,4632,master
1775,1860,1817,-85,3635,novice
2358,2176,2267,182,4534,average
2101,2055,2078,46,4156,novice
2505,2472,2488,33,4977,grandmaster
2448,2227,2337,221,4675,master
2109,2332,2220,-223,4441,average
2321,2321,2321,0,4642,master
2338,2095,2216,243,4433,average
2483,2463,2473,20,4946,grandmaster
2325,2333,2329,-8,4658,master
2181,2487,2334,-306,4668,master
2383,2507,2445,-124,4890,master
2323,2425,2374,-102,4748,master
2237,2113,2175,124,4350,average
1895,2062,1978,-167,3957,novice
2551,2478,2514,73,5029,grandmaster
2634,2698,2666,-64,5332,grandmaster
2077,1715,1896,362,3792,novice
2367,2109,2238,258,4476,average
2203,2372,2287,-169,4575,average
2526,2361,2443,165,4887,master
2490,2521,2505,-31,5011,grandmaster
2220,2067,2143,153,4287,average
1675,1880,1777,-205,3555,novice
2394,2581,2487,-187,4975,grandmaster
2641,2627,2634,14,5268,grandmaster
2024,2239,2131,-215,4263,average
2005,2593,2299,-588,4598,average
1794,1614,1704,180,3408,novice
2496,2029,2262,467,4525,average
2639,2495,2567,144,5134,grandmaster
1956,2130,2043,-174,4086,novice
2325,2526,2425,-201,4851,master
2087,1718,1902,369,3805,novice
2214,2509,2361,-295,4723,master
2508,2221,2364,287,4729,master
2249,2023,2136,226,4272,average
2655,2467,2561,188,5122,grandmaster
1917,1985,1951,-68,3902,novice
2621,2742,2681,-121,5363,grandmaster
1996,2312,2154,-316,4308,average
2078,1918,1998,160,3996,novice
2558,2362,2460,196,4920,grandmaster
2491,2338,2414,153,4829,master
2570,2625,2597,-55,5195,grandmaster
2062,1865,1963,197,3927,novice
1943,1547,1745,396,3490,novice
1890,2094,1992,-204,3984,novice
2783,2772,2777,11,5555,grandmaster
2414,2494,2454,-80,4908,grandmaster
2492,2201,2346,291,4693,master
2020,1817,1918,203,3837,novice
2628,2783,2705,-155,5411,grandmaster
2214,2333,2273,-119,4547,average
2626,2618,2622,8,5244,grandmaster
2578,2427,2502,151,5005,grandmaster
2100,2230,2165,-130,4330,average
2190,2227,2208,-37,4417,average
2281,2512,2396,-231,4793,master
1759,2152,1955,-393,3911,novice
1814,2005,1909,-191,3819,novice
2134,2035,2084,99,4169,novice
2439,2402,2420,37,4841,master
2391,2501,2446,-110,4892,master
2489,2100,2294,389,4589,average
2554,2584,2569,-30,5138,grandmaster
2554,2542,2548,12,5096,grandmaster
2588,2501,2544,87,5089,grandmaster
2165,2258,2211,-93,4423,average
2631,2647,2639,-16,5278,grandmaster
1838,1900,1869,-62,3738,novice
1713,2185,1949,-472,3898,novice
2124,2007,2065,117,4131,novice
2426,2034,2230,392,4460,average
1966,1767,1866,199,3733,novice
2492,2429,2460,63,4921,grandmaster
2113,2300,2206,-187,4413,average
2009,2377,2193,-368,4386,average
2554,2093,2323,461,4647,master
2484,2549,2516,-65,5033,grandmaster
2056,2285,2170,-229,4341,average
2375,2678,2526,-303,5053,grandmaster
2760,2549,2654,211,5309,grandmaster
2039,1869,1954,170,3908,novice
2580,2563,2571,17,5143,grandmaster
2087,2426,2256,-339,4513,average
2264,1809,2036,455,4073,novice
2539,2397,2468,142,4936,grandmaster
2254,2494,2374,-240,4748,master
2650,2578,2614,72,5228,grandmaster
1609,1331,1470,278,2940,novice
1656,1287,1471,369,2943,novice
2809,2757,2783,52,5566,grandmaster
2479,2225,2352,254,4704,master
2223,2073,2148,150,4296,average
2037,2190,2113,-153,4227,average
2483,2367,2425,116,4850,master
1879,2211,2045,-332,4090,novice
1917,2133,2025,-216,4050,novice
2510,2380,2445,130,4890,master
2411,2211,2311,200,4622,master
2273,2432,2352,-159,4705,master
2551,2335,2443,216,4886,master
2172,2023,2097,149,4195,novice
2523,2121,2322,402,4644,master
2210,2211,2210,-1,4421,average
2523,2605,2564,-82,5128,grandmaster
1751,1641,1696,110,3392,novice
2345,2195,2270,150,4540,average
2667,2509,2588,158,5176,grandmaster
2597,2407,2502,190,5004,grandmaster
2123,2272,2197,-149,4395,average
1261,1601,1431,-340,2862,novice
2273,2350,2311,-77,4623,master
2470,2248,2359,222,4718,master
1715,2011,1863,-296,3726,novice
2155,2344,2249,-189,4499,average
2638,2484,2561,154,5122,grandmaster
2118,2283,2200,-165,4401,average
2286,2084,2185,202,4370,average
2130,2508,2319,-378,4638,master
1965,2133,2049,-168,4098,novice
2427,2358,2392,69,4785,master
2142,1876,2009,266,4018,novice
2228,2315,2271,-87,4543,average
1927,1763,1845,164,3690,novice
2410,2683,2546,-273,5093,grandmaster
2671,2516,2593,155,5187,grandmaster
2102,1727,1914,375,3829,novice
1689,1894,1791,-205,3583,novice
2327,2365,2346,-38,4692,master
2596,2277,2436,319,4873,master
2200,2103,2151,97,4303,average
2132,2186,2159,-54,4318,average
2104,1908,2006,196,4012,novice
2514,2410,2462,104,4924,grandmaster
2740,2678,2709,62,5418,grandmaster
2600,2425,2512,175,5025,grandmaster
2193,2442,2317,-249,4635,master
1570,1839,1704,-269,3409,novice
2054,2242,2148,-188,4296,average
2345,2542,2443,-197,4887,master
2434,2245,2339,189,4679,master
1882,2158,2020,-276,4040,novice
1948,2316,2132,-368,4264,average
2081,2045,2063,36,4126,novice
1695,1793,1744,-98,3488,novice
2401,2246,2323,155,4647,master
2092,1930,2011,162,4022,novice
2607,2455,2531,152,5062,grandmaster
1712,1631,1671,81,3343,novice
2553,2586,2569,-33,5139,grandmaster
2442,2244,2343,198,4686,master
1964,2016,1990,-52,3980,novice
2151,2579,2365,-428,4730,master
2200,2550,2375,-350,4750,master
2020,1677,1848,343,3697,novice
2140,1702,1921,438,3842,novice
2001,1540,1770,461,3541,novice
2436,2377,2406,59,4813,master
2014,2472,2243,-458,4486,average
1899,1789,1844,110,3688,novice
1863,2130,1996,-267,3993,novice
2634,1884,2259,750,4518,average
2251,2045,2148,206,4296,average
2635,2444,2539,191,5079,grandmaster
2644,2210,2427,434,4854,master
2053,1792,1922,261,3845,novice
2368,2532,2450,-164,4900,master
2644,2154,2399,490,4798,master
2369,2197,2283,172,4566,average
2273,2133,2203,140,4406,average
2312,2486,2399,-174,4798,master
2571,2349,2460,222,4920,grandmaster
2306,2068,2187,238,4374,average
2473,2549,2511,-76,5022,grandmaster
1526,1738,1632,-212,3264,novice
2433,2396,2414,37,4829,master
2321,2351,2336,-30,4672,master
2221,2587,2404,-366,4808,master
2298,2625,2461,-327,4923,grandmaster
1986,2400,2193,-414,4386,average
1950,2118,2034,-168,4068,novice
1847,2034,1940,-187,3881,novice
1986,2172,2079,-186,4158,novice
1771,1904,1837,-133,3675,novice
2404,2201,2302,203,4605,master
2129,2002,2065,127,4131,novice
2230,2320,2275,-90,4550,average
1935,2280,2107,-345,4215,average
2193,1930,2061,263,4123,novice
1916,1952,1934,-36,3868,novice
2524,2484,2504,40,5008,grandmaster
2744,2263,2503,481,5007,grandmaster
2398,2448,2423,-50,4846,master
1893,1992,1942,-99,3885,novice
2134,2509,2321,-375,4643,master
2193,2299,2246,-106,4492,average
2277,2423,2350,-146,4700,master
2470,2278,2374,192,4748,master
1717,2423,2070,-706,4140,novice
1775,1601,1688,174,3376,novice
1890,2093,1991,-203,3983,novice
2641,2169,2405,472,4810,master
1996,2125,2060,-129,4121,novice
2181,2376,2278,-195,4557,average
2524,2631,2577,-107,5155,grandmaster
2734,2631,2682,103,5365,grandmaster
1701,1936,1818,-235,3637,novice
2163,2579,2371,-416,4742,master
2381,2124,2252,257,4505,average
2287,2354,2320,-67,4641,master
2106,1786,1946,320,3892,novice
2103,2105,2104,-2,4208,average
2494,2207,2350,287,4701,master
2102,2158,2130,-56,4260,average
2450,2550,2500,-100,5000,grandmaster
2049,1817,1933,232,3866,novice
2338,2245,2291,93,4583,average
2504,2360,2432,144,4864,master
2130,1907,2018,223,4037,novice
2613,2671,2642,-58,5284,grandmaster
1980,1634,1807,346,3614,novice
2508,2371,2439,137,4879,master
1880,1490,1685,390,3370,novice
1975,2163,2069,-188,4138,novice
2000,2329,2164,-329,4329,average
2005,1907,1956,98,3912,novice
2023,2098,2060,-75,4121,novice
2633,2456,2544,177,5089,grandmaster
1516,1504,1510,12,3020,novice
2094,2274,2184,-180,4368,average
2089,2222,2155,-133,4311,average
2043,1641,1842,402,3684,novice
2018,2064,2041,-46,4082,novice
2115,2517,2316,-402,4632,master
1887,2081,1984,-194,3968,novice
2494,2597,2545,-103,5091,grandmaster
2332,2060,2196,272,4392,average
2649,2570,2609,79,5219,grandmaster
2086,1965,2025,121,4051,novice
2104,1751,1927,353,3855,novice
2138,2567,2352,-429,4705,master
1962,2153,2057,-191,4115,novice
2379,2239,2309,140,4618,master
1698,1939,1818,-241,3637,novice
2397,2578,2487,-181,4975,grandmaster
2430,2432,2431,-2,4862,master
2529,2279,2404,250,4808,master
2409,2391,2400,18,4800,master
2101,2006,2053,95,4107,novice
1944,2022,1983,-78,3966,novice
2628,2791,2709,-163,5419,grandmaster
2025,2015,2020,10,4040,novice
2222,2397,2309,-175,4619,master
2355,2273,2314,82,4628,master
2408,2319,2363,89,4727,master
2483,2040,2261,443,4523,average
2723,2637,2680,86,5360,grandmaster
2222,2293,2257,-71,4515,average
2449,2299,2374,150,4748,master
2090,1818,1954,272,3908,novice
2267,1996,2131,271,4263,average
2600,2538,2569,62,5138,grandmaster
2295,2505,2400,-210,4800,master
2313,2476,2394,-163,4789,master
2455,2611,2533,-156,5066,grandmaster
2186,2100,2143,86,4286,average
2116,2443,2279,-327,4559,average
2409,2304,2356,105,4713,master
2351,2536,2443,-185,4887,master
2472,2611,2541,-139,5083,grandmaster
2339,2103,2221,236,4442,average
2005,2503,2254,-498,4508,average
1645,2002,1823,-357,3647,novice
2615,2384,2499,231,4999,grandmaster
2270,2489,2379,-219,4759,master
1941,2517,2229,-576,4458,average
2343,2323,2333,20,4666,master
1857,1601,1729,256,3458,novice
1861,2281,2071,-420,4142,novice
2399,2608,2503,-209,5007,grandmaster
2599,2709,2654,-110,5308,grandmaster
1571,1818,1694,-247,3389,novice
1967,2190,2078,-223,4157,novice
2295,2454,2374,-159,4749,master
2486,2182,2334,304,4668,master
2385,2130,2257,255,4515,average
2571,2063,2317,508,4634,master
2532,2436,2484,96,4968,grandmaster
2760,2762,2761,-2,5522,grandmaster
1793,2224,2008,-431,4017,novice
1981,2163,2072,-182,4144,novice
2394,2256,2325,138,4650,master
2095,2308,2201,-213,4403,average
2446,2503,2474,-57,4949,grandmaster
2145,2046,2095,99,4191,novice
1814,2270,2042,-456,4084,novice
1896,2229,2062,-333,4125,novice
2031,2079,2055,-48,4110,novice
2332,2523,2427,-191,4855,master
2246,1985,2115,261,4231,average
2300,1973,2136,327,4273,average
2618,2433,2525,185,5051,grandmaster
2263,1835,2049,428,4098,novice
2564,2674,2619,-110,5238,grandmaster
2016,2118,2067,-102,4134,novice
2371,2146,2258,225,4517,average
2287,2214,2250,73,4501,average
2129,1843,1986,286,3972,novice
2106,2024,2065,82,4130,novice
2529,2409,2469,120,4938,grandmaster
2166,2174,2170,-8,4340,average
2523,1742,2132,781,4265,average
2403,2559,2481,-156,4962,grandmaster
2336,1991,2163,345,4327,average
1687,1396,1541,291,3083,novice
1788,1904,1846,-116,3692,novice
2549,2633,2591,-84,5182,grandmaster
2419,2157,2288,262,4576,average
2241,2403,2322,-162,4644,master
2090,1715,1902,375,3805,novice
1616,2025,1820,-409,3641,novice
2236,2143,2189,93,4379,average
2082,2281,2181,-199,4363,average
1880,2033,1956,-153,3913,novice
2330,1991,2160,339,4321,average
2267,1962,2114,305,4229,average
2259,2060,2159,199,4319,average
2240,2315,2277,-75,4555,average
2106,2298,2202,-192,4404,average
2485,2374,2429,111,4859,master
2517,2477,2497,40,4994,grandmaster
2688,2623,2655,65,5311,grandmaster
2024,1835,1929,189,3859,novice
2370,1959,2164,411,4329,average
1950,2097,2023,-147,4047,novice
2437,2620,2528,-183,5057,grandmaster
2468,2603,2535,-135,5071,grandmaster
2229,2330,2279,-101,4559,average
2411,2251,2331,160,4662,master
1937,2167,2052,-230,4104,novice
2388,2518,2453,-130,4906,grandmaster
2040,1560,1800,480,3600,novice
1993,2495,2244,-502,4488,average
2313,1753,2033,560,4066,novice
2459,2284,2371,175,4743,master
2506,2396,2451,110,4902,grandmaster
1981,1897,1939,84,3878,novice
2075,2400,2237,-325,4475,average
2334,2288,2311,46,4622,master
2664,2737,2700,-73,5401,grandmaster
2455,2539,2497,-84,4994,grandmaster
2182,2048,2115,134,4230,average
2304,2102,2203,202,4406,average
1970,2428,2199,-458,4398,average
1967,2161,2064,-194,4128,novice
2330,2389,2359,-59,4719,master
2072,2336,2204,-264,4408,average
2492,2141,2316,351,4633,master
2176,1735,1955,441,3911,novice
2386,2297,2341,89,4683,master
2529,2422,2475,107,4951,grandmaster
2057,2260,2158,-203,4317,average
1974,2106,2040,-132,4080,novice
2539,2343,2441,196,4882,master
1721,2105,1913,-384,3826,novice
2672,2638,2655,34,5310,grandmaster
2536,2358,2447,178,4894,master
2421,2451,2436,-30,4872,master
2564,2258,2411,306,4822,master
2427,2074,2250,353,4501,average
2154,2010,2082,144,4164,novice
2064,2346,2205,-282,4410,average
1773,1875,1824,-102,3648,novice
1657,1865,1761,-208,3522,novice
2428,2237,2332,191,4665,master
2291,2118,2204,173,4409,average
1841,2112,1976,-271,3953,novice
1964,2213,2088,-249,4177,novice
2223,2255,2239,-32,4478,average
2805,2740,2772,65,5545,grandmaster
2095,2004,2049,91,4099,novice
2068,1994,2031,74,4062,novice
2353,2468,2410,-115,4821,master
2275,1969,2122,306,4244,average
2369,2196,2282,173,4565,average
2002,2112,2057,-110,4114,novice
2174,1889,2031,285,4063,novice
2063,2449,2256,-386,4512,average
2235,2308,2271,-73,4543,average
2323,2565,2444,-242,4888,master
2291,2223,2257,68,4514,average
2661,2627,2644,34,5288,grandmaster
2124,2186,2155,-62,4310,average
2447,2498,2472,-51,4945,grandmaster
2182,2483,2332,-301,4665,master
2176,1968,2072,208,4144,novice
1656,2064,1860,-408,3720,novice
2065,2347,2206,-282,4412,average
2134,1972,2053,162,4106,novice
1623,1548,1585,75,3171,novice
1743,2158,1950,-415,3901,novice
2557,2514,2535,43,5071,grandmaster
2130,2034,2082,96,4164,novice
2156,1946,2051,210,4102,novice
2610,2784,2697,-174,5394,grandmaster
2244,2087,2165,157,4331,average
2148,2127,2137,21,4275,average
2558,2324,2441,234,4882,master
2106,2216,2161,-110,4322,average
2007,2206,2106,-199,4213,average
1919,2391,2155,-472,4310,average
1866,1752,1809,114,3618,novice
2152,2220,2186,-68,4372,average
2461,2518,2489,-57,4979,grandmaster
2240,2563,2401,-323,4803,master
2253,2298,2275,-45,4551,average
2472,2229,2350,243,4701,master
1523,1931,1727,-408,3454,novice
1622,2425,2023,-803,4047,novice
2496,2429,2462,67,4925,grandmaster
2197,2232,2214,-35,4429,average
1587,1342,1464,245,2929,novice
2366,2308,2337,58,4674,master
2027,2226,2126,-199,4253,average
2280,2318,2299,-38,4598,average
1748,2167,1957,-419,3915,novice
2545,2404,2474,141,4949,grandmaster
2274,1706,1990,568,3980,novice
2380,2551,2465,-171,4931,grandmaster
2724,2689,2706,35,5413,grandmaster
1789,2392,2090,-603,4181,novice
1604,2540,2072,-936,4144,novice
1811,2221,2016,-410,4032,novice
1921,1675,1798,246,3596,novice
2618,2709,2663,-91,5327,grandmaster
2408,2257,2332,151,4665,master
2120,1830,1975,290,3950,novice
2572,2471,2521,101,5043,grandmaster
2296,1979,2137,317,4275,average
1929,1681,1805,248,3610,novice
2273,1942,2107,331,4215,average
2378,2203,2290,175,4581,average
2389,2127,2258,262,4516,average
2606,2341,2473,265,4947,grandmaster
2496,2454,2475,42,4950,grandmaster
2192,2034,2113,158,4226,average
2376,2422,2399,-46,4798,master
2282,2614,2448,-332,4896,master
1923,1790,1856,133,3713,novice
2406,2194,2300,212,4600,average
2608,2495,2551,113,5103,grandmaster
2317,2316,2316,1,4633,master
2577,2215,2396,362,4792,master
2618,2546,2582,72,5164,grandmaster
2633,2782,2707,-149,5415,grandmaster
2180,1908,2044,272,4088,novice
1928,1878,1903,50,3806,novice
2635,2315,2475,320,4950,grandmaster
2662,2633,2647,29,5295,grandmaster
2352,2233,2292,119,4585,average
2108,1784,1946,324,3892,novice
2520,2685,2602,-165,5205,grandmaster
2288,2190,2239,98,4478,average
1599,1964,1781,-365,3563,novice
2171,2100,2135,71,4271,average
2323,2508,2415,-185,4831,master
2040,2243,2141,-203,4283,average
2227,2477,2352,-250,4704,master
2509,2236,2372,273,4745,master
2306,2010,2158,296,4316,average
2631,2742,2686,-111,5373,grandmaster
2428,2346,2387,82,4774,master
1747,2561,2154,-814,4308,average
2318,2452,2385,-134,4770,master
1921,2172,2046,-251,4093,novice
2133,2589,2361,-456,4722,master
2407,2238,2322,169,4645,master
1928,1629,1778,299,3557,novice
2251,2539,2395,-288,4790,master
2616,2416,2516,200,5032,grandmaster
2501,2430,2465,71,4931,grandmaster
2071,1942,2006,129,4013,novice
2423,2257,2340,166,4680,master
2014,2256,2135,-242,4270,average
2124,2054,2089,70,4178,novice
2543,2393,2468,150,4936,grandmaster
2092,2097,2094,-5,4189,novice
2303,2098,2200,205,4401,average
2568,2205,2386,363,4773,master
2005,2280,2142,-275,4285,average
1912,2363,2137,-451,4275,average
2371,2115,2243,256,4486,average
2330,2598,2464,-268,4928,grandmaster
2786,2598,2692,188,5384,grandmaster
2346,2493,2419,-147,4839,master
1992,1964,1978,28,3956,novice
2269,2095,2182,174,4364,average
2253,2443,2348,-190,4696,master
2102,2201,2151,-99,4303,average
2006,2204,2105,-198,4210,average
2557,2373,2465,184,4930,grandmaster
1968,1664,1816,304,3632,novice
2543,2465,2504,78,5008,grandmaster
1780,1956,1868,-176,3736,novice
2220,1943,2081,277,4163,novice
2015,2337,2176,-322,4352,average
2306,2496,2401,-190,4802,master
2367,2114,2240,253,4481,average
2047,2477,2262,-430,4524,average
2161,1973,2067,188,4134,novice
2308,1980,2144,328,4288,average
2229,2155,2192,74,4384,average
2271,1820,2045,451,4091,novice
2389,2211,2300,178,4600,average
1983,2075,2029,-92,4058,novice
2274,2212,2243,62,4486,average
2204,2283,2243,-79,4487,average
2479,1991,2235,488,4470,average
2125,1970,2047,155,4095,novice
2380,2707,2543,-327,5087,grandmaster
2661,2174,2417,487,4835,master
2158,1930,2044,228,4088,novice
2244,2232,2238,12,4476,average
2227,2117,2172,110,4344,average
2521,2280,2400,241,4801,master
2427,2487,2457,-60,4914,grandmaster
2182,1747,1964,435,3929,novice
2417,2081,2249,336,4498,average
2466,2356,2411,110,4822,master
2046,1956,2001,90,4002,novice
2111,2312,2211,-201,4423,average
2654,2631,2642,23,5285,grandmaster
2173,1983,2078,190,4156,novice
2427,2229,2328,198,4656,master
2093,2367,2230,-274,4460,average
2407,2407,2407,0,4814,master
2510,2425,2467,85,4935,grandmaster
2345,2248,2296,97,4593,average
2474,2239,2356,235,4713,master
2200,2480,2340,-280,4680,master
2066,2263,2164,-197,4329,average
2036,2283,2159,-247,4319,average
1953,2178,2065,-225,4131,novice
2486,2415,2450,71,4901,master
2187,2007,2097,180,4194,novice
1646,1684,1665,-38,3330,novice
1825,2092,1958,-267,3917,novice
2439,2282,2360,157,4721,master
2554,2344,2449,210,4898,master
2084,2485,2284,-401,4569,average
1582,2203,1892,-621,3785,novice
2450,2439,2444,11,4889,master
2365,2273,2319,92,4638,master
2243,2300,2271,-57,4543,average
2381,2068,2224,313,4449,average
1957,1929,1943,28,3886,novice
1973,2177,2075,-204,4150,novice
2249,2007,2128,242,4256,average
2029,1832,1930,197,3861,novice
2364,2053,2208,311,4417,average
2660,2636,2648,24,5296,grandmaster
1858,2047,1952,-189,3905,novice
2472,2190,2331,282,4662,master
2434,2510,2472,-76,4944,grandmaster
2557,2587,2572,-30,5144,grandmaster
2528,2246,2387,282,4774,master
2017,2237,2127,-220,4254,average
2113,2094,2103,19,4207,average
2200,2562,2381,-362,4762,master
2258,2391,2324,-133,4649,master
2111,2161,2136,-50,4272,average
2469,2310,2389,159,4779,master
2219,1889,2054,330,4108,novice
2394,2525,2459,-131,4919,grandmaster
2137,2049,2093,88,4186,novice
2649,2592,2620,57,5241,grandmaster
2429,2425,2427,4,4854,master
1906,2476,2191,-570,4382,average
2481,1993,2237,488,4474,average
2533,2412,2472,121,4945,grandmaster
2660,2562,2611,98,5222,grandmaster
1982,2092,2037,-110,4074,novice
2326,2365,2345,-39,4691,master
2214,2258,2236,-44,4472,average
2387,2098,2242,289,4485,average
2211,2528,2369,-317,4739,master
2182,2308,2245,-126,4490,average
2545,2497,2521,48,5042,grandmaster
2267,2369,2318,-102,4636,master
2546,2617,2581,-71,5163,grandmaster
2192,2560,2376,-368,4752,master
1821,1651,1736,170,3472,novice
2478,2545,2511,-67,5023,grandmaster
2093,1975,2034,118,4068,novice
2711,2557,2634,154,5268,grandmaster
2594,2408,2501,186,5002,grandmaster
2378,2177,2277,201,4555,average
2514,2568,2541,-54,5082,grandmaster
2099,2233,2166,-134,4332,average
2364,2054,2209,310,4418,average
1633,1948,1790,-315,3581,novice
1864,2035,1949,-171,3899,novice
2586,2477,2531,109,5063,grandmaster
2779,2531,2655,248,5310,grandmaster
2481,2351,2416,130,4832,master
2427,1913,2170,514,4340,average
2293,1959,2126,334,4252,average
1984,2297,2140,-313,4281,average
2272,2105,2188,167,4377,average
2528,2528,2528,0,5056,grandmaster
2103,1814,1958,289,3917,novice
1937,2118,2027,-181,4055,novice
1292,1632,1462,-340,2924,novice
2185,2229,2207,-44,4414,average
2611,2582,2596,29,5193,grandmaster
2222,2118,2170,104,4340,average
2099,2283,2191,-184,4382,average
2187,2384,2285,-197,4571,average
2245,1960,2102,285,4205,average
1869,2086,1977,-217,3955,novice
2222,2112,2167,110,4334,average
1849,2002,1925,-153,3851,novice
2203,2261,2232,-58,4464,average
2479,2561,2520,-82,5040,grandmaster
2554,2456,2505,98,5010,grandmaster
2145,2163,2154,-18,4308,average
2561,2479,2520,82,5040,grandmaster
2398,2591,2494,-193,4989,grandmaster
2440,1995,2217,445,4435,average
2037,2213,2125,-176,4250,average
1960,1570,1765,390,3530,novice
2564,2647,2605,-83,5211,grandmaster
2068,1842,1955,226,3910,novice
2070,2249,2159,-179,4319,average
2262,2605,2433,-343,4867,master
2554,2401,2477,153,4955,grandmaster
2249,2443,2346,-194,4692,master
2297,2074,2185,223,4371,average
2205,2112,2158,93,4317,average
1988,1700,1844,288,3688,novice
1774,2134,1954,-360,3908,novice
2415,2292,2353,123,4707,master
2361,2565,2463,-204,4926,grandmaster
2330,2571,2450,-241,4901,master
2349,2554,2451,-205,4903,grandmaster
2558,2482,2520,76,5040,grandmaster
1831,2109,1970,-278,3940,novice
2588,2175,2381,413,4763,master
2487,2444,2465,43,4931,grandmaster
1802,1650,1726,152,3452,novice
1537,1930,1733,-393,3467,novice
2339,2482,2410,-143,4821,master
2102,1877,1989,225,3979,novice
1932,2099,2015,-167,4031,novice
2036,2281,2158,-245,4317,average
1968,2117,2042,-149,4085,novice
2270,2436,2353,-166,4706,master
2260,2417,2338,-157,4677,master
1994,2088,2041,-94,4082,novice
2052,2125,2088,-73,4177,novice
2665,2418,2541,247,5083,grandmaster
2179,2403,2291,-224,4582,average
2177,2373,2275,-196,4550,average
2396,2517,2456,-121,4913,grandmaster
2515,2624,2569,-109,5139,grandmaster
2651,2554,2602,97,5205,grandmaster
2057,2006,2031,51,4063,novice
1885,2194,2039,-309,4079,novice
2415,2458,2436,-43,4873,master
2139,2510,2324,-371,4649,master
2421,2675,2548,-254,5096,grandmaster
2626,2536,2581,90,5162,grandmaster
2386,2456,2421,-70,4842,master
2293,2428,2360,-135,4721,master
2059,2324,2191,-265,4383,average
2213,2071,2142,142,4284,average
2481,2266,2373,215,4747,master
2583,2444,2513,139,5027,grandmaster
2130,2301,2215,-171,4431,average
1885,2187,2036,-302,4072,novice
2203,1983,2093,220,4186,novice
2079,2389,2234,-310,4468,average
2185,2156,2170,29,4341,average
2210,2266,2238,-56,4476,average
2056,2355,2205,-299,4411,average
2255,2472,2363,-217,4727,master
2553,2466,2509,87,5019,grandmaster
2074,2008,2041,66,4082,novice
2548,2648,2598,-100,5196,grandmaster
2159,2322,2240,-163,4481,average
2147,2601,2374,-454,4748,master
1663,1856,1759,-193,3519,novice
1941,1964,1952,-23,3905,novice
2359,2375,2367,-16,4734,master
2365,2222,2293,143,4587,average
1680,1740,1710,-60,3420,novice
2474,2626,2550,-152,5100,grandmaster
1852,2128,1990,-276,3980,novice
2520,2229,2374,291,4749,master
1890,1917,1903,-27,3807,novice
2403,2576,2489,-173,4979,grandmaster
2350,2508,2429,-158,4858,master
2593,2589,2591,4,5182,grandmaster
2477,1911,2194,566,4388,average
2498,2529,2513,-31,5027,grandmaster
2006,1935,1970,71,3941,novice
2303,2018,2160,285,4321,average
2304,2583,2443,-279,4887,master
2238,1885,2061,353,4123,novice
2633,2480,2556,153,5113,grandmaster
2523,2424,2473,99,4947,grandmaster
2319,2067,2193,252,4386,average
1886,1977,1931,-91,3863,novice
2147,1788,1967,359,3935,novice
2095,1651,1873,444,3746,novice
2484,2279,2381,205,4763,master
2158,2529,2343,-371,4687,master
2567,2407,2487,160,4974,grandmaster
2608,2602,2605,6,5210,grandmaster
2266,2001,2133,265,4267,average
2040,2623,2331,-583,4663,master
2361,2197,2279,164,4558,average
2253,2350,2301,-97,4603,master
2625,2455,2540,170,5080,grandmaster
2449,2222,2335,227,4671,master
2201,2088,2144,113,4289,average
2119,1993,2056,126,4112,novice
1628,1910,1769,-282,3538,novice
2707,2587,2647,120,5294,grandmaster
2180,2382,2281,-202,4562,average
2643,2554,2598,89,5197,grandmaster
2385,2311,2348,74,4696,master
2536,2093,2314,443,4629,master
2223,2028,2125,195,4251,average
2149,1939,2044,210,4088,novice
2423,2000,2211,423,4423,average
2344,2484,2414,-140,4828,master
2169,1873,2021,296,4042,novice
1978,2503,2240,-525,4481,average
1715,2216,1965,-501,3931,novice
2347,2209,2278,138,4556,average
2335,2007,2171,328,4342,average
2507,2671,2589,-164,5178,grandmaster
2118,2587,2352,-469,4705,master
2192,1945,2068,247,4137,novice
2270,1875,2072,395,4145,novice
2226,2392,2309,-166,4618,master
1762,2062,1912,-300,3824,novice
2072,1881,1976,191,3953,novice
1849,1756,1802,93,3605,novice
2411,2095,2253,316,4506,average
1787,2310,2048,-523,4097,novice
2199,1887,2043,312,4086,novice
2498,2604,2551,-106,5102,grandmaster
2172,2308,2240,-136,4480,average
2118,2230,2174,-112,4348,average
2220,2240,2230,-20,4460,average
2059,2266,2162,-207,4325,average
2349,2086,2217,263,4435,average
2581,2408,2494,173,4989,grandmaster
2143,1766,1954,377,3909,novice
1978,2107,2042,-129,4085,novice
1799,2165,1982,-366,3964,novice
2335,2226,2280,109,4561,average
2221,2169,2195,52,4390,average
2237,2463,2350,-226,4700,master
2421,2054,2237,367,4475,average
2585,1914,2249,671,4499,average
2059,2287,2173,-228,4346,average
2092,2366,2229,-274,4458,average
2351,2485,2418,-134,4836,master
2357,2435,2396,-78,4792,master
2212,2403,2307,-191,4615,master
2317,2649,2483,-332,4966,grandmaster
1699,2365,2032,-666,4064,novice
2526,2314,2420,212,4840,master
2367,2185,2276,182,4552,average
2514,2607,2560,-93,5121,grandmaster
2549,2375,2462,174,4924,grandmaster
2368,2114,2241,254,4482,average
2092,2137,2114,-45,4229,average
2019,2074,2046,-55,4093,novice
2579,2193,2386,386,4772,master
2265,2087,2176,178,4352,average
2411,2166,2288,245,4577,average
2594,2515,2554,79,5109,grandmaster
2469,2304,2386,165,4773,master
2723,2730,2726,-7,5453,grandmaster
2522,2602,2562,-80,5124,grandmaster
2355,1768,2061,587,4123,novice
1870,2158,2014,-288,4028,novice
2035,2209,2122,-174,4244,average
2299,2102,2200,197,4401,average
2448,2552,2500,-104,5000,grandmaster
1688,2092,1890,-404,3780,novice
2008,2248,2128,-240,4256,average
2040,2183,2111,-143,4223,average
1417,1861,1639,-444,3278,novice
2195,1753,1974,442,3948,novice
2436,2559,2497,-123,4995,grandmaster
2029,2105,2067,-76,4134,novice
2425,2422,2423,3,4847,master
2495,2179,2337,316,4674,master
2776,2767,2771,9,5543,grandmaster
2159,2027,2093,132,4186,novice
2741,2775,2758,-34,5516,grandmaster
2205,2412,2308,-207,4617,master
2378,2313,2345,65,4691,master
1717,1904,1810,-187,3621,novice
2282,1544,1913,738,3826,novice
2709,2563,2636,146,5272,grandmaster
2173,1595,1884,578,3768,novice
2702,2670,2686,32,5372,grandmaster
2431,2401,2416,30,4832,master
2403,2086,2244,317,4489,average
2221,1954,2087,267,4175,novice
2338,2612,2475,-274,4950,grandmaster
2210,2396,2303,-186,4606,master
2672,2041,2356,631,4713,master
2213,2029,2121,184,4242,average
2341,2384,2362,-43,4725,master
2607,2483,2545,124,5090,grandmaster
2406,2491,2448,-85,4897,master
1788,1683,1735,105,3471,novice
2354,2347,2350,7,4701,master
2093,2300,2196,-207,4393,average
2226,2233,2229,-7,4459,average
1868,2011,1939,-143,3879,novice
2521,2288,2404,233,4809,master
2280,2060,2170,220,4340,average
2298,2445,2371,-147,4743,master
2371,2212,2291,159,4583,average
2004,1755,1879,249,3759,novice
1915,2071,1993,-156,3986,novice
1993,2291,2142,-298,4284,average
2069,2195,2132,-126,4264,average
2237,2086,2161,151,4323,average
2439,2036,2237,403,4475,average
2393,2515,2454,-122,4908,grandmaster
1951,2224,2087,-273,4175,novice
2540,2372,2456,168,4912,grandmaster
2249,2377,2313,-128,4626,master
2471,2469,2470,2,4940,grandmaster
2412,2052,2232,360,4464,average
2071,2242,2156,-171,4313,average
2392,2402,2397,-10,4794,master
1866,1719,1792,147,3585,novice
2037,2172,2104,-135,4209,average
1961,2107,2034,-146,4068,novice
1888,1547,1717,341,3435,novice
2508,2547,2527,-39,5055,grandmaster
2117,2226,2171,-109,4343,average
2691,2542,2616,149,5233,grandmaster
2688,2689,2688,-1,5377,grandmaster
2246,2312,2279,-66,4558,average
2215,2637,2426,-422,4852,master
1961,1574,1767,387,3535,novice
2262,1865,2063,397,4127,novice
2298,2319,2308,-21,4617,master
2404,2273,2338,131,4677,master
2139,2263,2201,-124,4402,average
2118,2069,2093,49,4187,novice
1815,1494,1654,321,3309,novice
2729,2390,2559,339,5119,grandmaster
2602,2589,2595,13,5191,grandmaster
1926,2278,2102,-352,4204,average
2233,2248,2240,-15,4481,average
2480,2526,2503,-46,5006,grandmaster
2298,2320,2309,-22,4618,master
2453,2524,2488,-71,4977,grandmaster
2414,2100,2257,314,4514,average
2099,2370,2234,-271,4469,average
1790,2080,1935,-290,3870,novice
2237,2166,2201,71,4403,average
2343,2571,2457,-228,4914,grandmaster
2163,1776,1969,387,3939,novice
1860,1816,1838,44,3676,novice
2120,1705,1912,415,3825,novice
2020,2141,2080,-121,4161,novice
2079,1692,1885,387,3771,novice
2278,2567,2422,-289,4845,master
2544,2161,2352,383,4705,master
2519,2437,2478,82,4956,grandmaster
2203,2480,2341,-277,4683,master
2561,2304,2432,257,4865,master
1746,1548,1647,198,3294,novice
1949,2334,2141,-385,4283,average
2250,2329,2289,-79,4579,average
2344,2190,2267,154,4534,average
2709,2492,2600,217,5201,grandmaster
2476,2495,2485,-19,4971,grandmaster
2227,1955,2091,272,4182,novice
2414,2183,2298,231,4597,average
2188,2439,2313,-251,4627,master
2470,2465,2467,5,4935,grandmaster
2662,1967,2314,695,4629,master
2114,1916,2015,198,4030,novice
1984,2064,2024,-80,4048,novice
2150,1870,2010,280,4020,novice
2334,2488,2411,-154,4822,master
1886,2205,2045,-319,4091,novice
2486,2200,2343,286,4686,master
2420,2218,2319,202,4638,master
1857,2398,2127,-541,4255,average
2340,2104,2222,236,4444,average
2420,2480,2450,-60,4900,master
2590,2680,2635,-90,5270,grandmaster
2129,2119,2124,10,4248,average
2196,2385,2290,-189,4581,average
2144,2553,2348,-409,4697,master
2557,2331,2444,226,4888,master
2607,2701,2654,-94,5308,grandmaster
2135,2050,2092,85,4185,novice
2046,1625,1835,421,3671,novice
2475,2546,2510,-71,5021,grandmaster
2153,2557,2355,-404,4710,master
1982,2263,2122,-281,4245,average
2340,2359,2349,-19,4699,master
2206,2311,2258,-105,4517,average
2226,2619,2422,-393,4845,master
2182,2715,2448,-533,4897,master
2358,2250,2304,108,4608,master
2247,1987,2117,260,4234,average
2659,2700,2679,-41,5359,grandmaster
2296,2414,2355,-118,4710,master
2019,2271,2145,-252,4290,average
2786,2713,2749,73,5499,grandmaster
1862,1800,1831,62,3662,novice
2485,2602,2543,-117,5087,grandmaster
1992,1797,1894,195,3789,novice
2239,2016,2127,223,4255,average
2293,1855,2074,438,4148,novice
2080,2484,2282,-404,4564,average
2093,2401,2247,-308,4494,average
2311,2168,2239,143,4479,average
2227,1846,2036,381,4073,novice
2489,2342,2415,147,4831,master
2791,2753,2772,38,5544,grandmaster
2577,2613,2595,-36,5190,grandmaster
2248,1785,2016,463,4033,novice
2511,2641,2576,-130,5152,grandmaster
2148,2473,2310,-325,4621,master
2422,2376,2399,46,4798,master
2135,2475,2305,-340,4610,master
2338,2346,2342,-8,4684,master
2578,2517,2547,61,5095,grandmaster
2614,2650,2632,-36,5264,grandmaster
2581,2484,2532,97,5065,grandmaster
2255,2001,2128,254,4256,average
2274,2177,2225,97,4451,average
2473,2157,2315,316,4630,master
2576,2284,2430,292,4860,master
2387,1977,2182,410,4364,average
2069,2211,2140,-142,4280,average
2381,2246,2313,135,4627,master
2251,1997,2124,254,4248,average
2419,2335,2377,84,4754,master
2144,1677,1910,467,3821,novice
2405,2242,2323,163,4647,master
2469,2005,2237,464,4474,average
2331,2162,2246,169,4493,average
2471,2335,2403,136,4806,master
2226,2109,2167,117,4335,average
2241,2104,2172,137,4345,average
1980,2005,1992,-25,3985,novice
1717,2110,1913,-393,3827,novice
2521,2294,2407,227,4815,master
2455,2371,2413,84,4826,master
2461,2652,2556,-191,5113,grandmaster
2482,2409,2445,73,4891,master
2159,1966,2062,193,4125,novice
2186,2237,2211,-51,4423,average
2383,2356,2369,27,4739,master
1758,1948,1853,-190,3706,novice
2264,2191,2227,73,4455,average
1775,2005,1890,-230,3780,novice
2471,2179,2325,292,4650,master
2045,2076,2060,-31,4121,novice
2114,2186,2150,-72,4300,average
2417,2540,2478,-123,4957,grandmaster
2508,2467,2487,41,4975,grandmaster
2014,1730,1872,284,3744,novice
2269,2369,2319,-100,4638,master
2418,2454,2436,-36,4872,master
2312,2436,2374,-124,4748,master
2426,2232,2329,194,4658,master
2451,2422,2436,29,4873,master
2510,2680,2595,-170,5190,grandmaster
2308,2013,2160,295,4321,average
2268,2478,2373,-210,4746,master
2431,2220,2325,211,4651,master
1705,2173,1939,-468,3878,novice
2299,1947,2123,352,4246,average
2037,2163,2100,-126,4200,novice
1881,2105,1993,-224,3986,novice
2414,2274,2344,140,4688,master
2310,1884,2097,426,4194,novice
2039,1820,1929,219,3859,novice
2704,2638,2671,66,5342,grandmaster
2011,1880,1945,131,3891,novice
2185,1845,2015,340,4030,novice
2051,1651,1851,400,3702,novice
2254,2200,2227,54,4454,average
2531,2492,2511,39,5023,grandmaster
1514,1592,1553,-78,3106,novice
2360,2254,2307,106,4614,master
2298,2100,2199,198,4398,average
2554,1977,2265,577,4531,average
2528,2445,2486,83,4973,grandmaster
2757,2730,2743,27,5487,grandmaster
2169,1940,2054,229,4109,novice
2059,2274,2166,-215,4333,average
2713,2731,2722,-18,5444,grandmaster
2406,2445,2425,-39,4851,master
2672,2165,2418,507,4837,master
1844,1934,1889,-90,3778,novice
2196,2130,2163,66,4326,average
2631,2644,2637,-13,5275,grandmaster
2191,1957,2074,234,4148,novice
2336,2285,2310,51,4621,master
2050,2013,2031,37,4063,novice
2311,2248,2279,63,4559,average
2200,2070,2135,130,4270,average
2429,2262,2345,167,4691,master
2421,2037,2229,384,4458,average
1939,2209,2074,-270,4148,novice
2036,2160,2098,-124,4196,novice
2333,2415,2374,-82,4748,master
1959,2107,2033,-148,4066,novice
2489,2282,2385,207,4771,master
2401,2110,2255,291,4511,average
2705,2659,2682,46,5364,grandmaster
2083,2158,2120,-75,4241,average
2426,2299,2362,127,4725,master
2535,2536,2535,-1,5071,grandmaster
2196,2296,2246,-100,4492,average
1999,2227,2113,-228,4226,average
2132,2453,2292,-321,4585,average
2340,2376,2358,-36,4716,master
2350,1933,2141,417,4283,average
2359,2466,2412,-107,4825,master
2544,2458,2501,86,5002,grandmaster
2516,2293,2404,223,4809,master
2357,2520,2438,-163,4877,master
2445,2362,2403,83,4807,master
1706,1879,1792,-173,3585,novice
2017,1747,1882,270,3764,novice
2192,2277,2234,-85,4469,average
2084,2195,2139,-111,4279,average
1806,1602,1704,204,3408,novice
2532,2737,2634,-205,5269,grandmaster
2548,2575,2561,-27,5123,grandmaster
1910,2100,2005,-190,4010,novice
1913,2479,2196,-566,4392,average
2625,2446,2535,179,5071,grandmaster
2356,1937,2146,419,4293,average
2571,2126,2348,445,4697,master
2247,2443,2345,-196,4690,master
2541,2243,2392,298,4784,master
2112,2393,2252,-281,4505,average
2442,2104,2273,338,4546,average
2574,2311,2442,263,4885,master
2574,2411,2492,163,4985,grandmaster
2311,2132,2221,179,4443,average
1984,1864,1924,120,3848,novice
2287,2121,2204,166,4408,average
2105,2386,2245,-281,4491,average
1714,1278,1496,436,2992,novice
2053,2204,2128,-151,4257,average
2435,2316,2375,119,4751,master
2499,2407,2453,92,4906,grandmaster
2414,2644,2529,-230,5058,grandmaster
2103,2219,2161,-116,4322,average
1936,1853,1894,83,3789,novice
2029,2403,2216,-374,4432,average
2215,2145,2180,70,4360,average
2539,2386,2462,153,4925,grandmaster
2407,2691,2549,-284,5098,grandmaster
2427,2290,2358,137,4717,master
2015,1812,1913,203,3827,novice
2565,2526,2545,39,5091,grandmaster
2353,2411,2382,-58,4764,master
1973,2151,2062,-178,4124,novice
2320,2526,2423,-206,4846,master
2293,2069,2181,224,4362,average
2387,1894,2140,493,4281,average
2462,2482,2472,-20,4944,grandmaster
2113,2254,2183,-141,4367,average
2242,2277,2259,-35,4519,average
2575,2235,2405,340,4810,master
2160,1883,2021,277,4043,novice
2160,2186,2173,-26,4346,average
2682,2101,2391,581,4783,master
2372,2064,2218,308,4436,average
2731,2785,2758,-54,5516,grandmaster
2261,2323,2292,-62,4584,average
2004,1885,1944,119,3889,novice
2200,2397,2298,-197,4597,average
1975,1850,1912,125,3825,novice
2512,2501,2506,11,5013,grandmaster
2676,2447,2561,229,5123,grandmaster
2292,2523,2407,-231,4815,master
2122,1980,2051,142,4102,novice
2702,2705,2703,-3,5407,grandmaster
2503,2340,2421,163,4843,master
2198,2264,2231,-66,4462,average
1994,1543,1768,451,3537,novice
2558,2067,2312,491,4625,master
2527,2660,2593,-133,5187,grandmaster
2516,2376,2446,140,4892,master
2448,2190,2319,258,4638,master
1962,1706,1834,256,3668,novice
2150,1841,1995,309,3991,novice
2108,2231,2169,-123,4339,average
1765,2009,1887,-244,3774,novice
2162,2670,2416,-508,4832,master
1963,2137,2050,-174,4100,novice
2451,2376,2413,75,4827,master
2279,2409,2344,-130,4688,master
2638,2665,2651,-27,5303,grandmaster
1892,1717,1804,175,3609,novice
2344,2417,2380,-73,4761,master
2607,2496,2551,111,5103,grandmaster
2208,2044,2126,164,4252,average
2202,1940,2071,262,4142,novice
1574,1949,1761,-375,3523,novice
2552,2454,2503,98,5006,grandmaster
2376,2252,2314,124,4628,master
1977,2370,2173,-393,4347,average
2191,2421,2306,-230,4612,master
2150,1864,2007,286,4014,novice
2086,2236,2161,-150,4322,average
2317,2505,2411,-188,4822,master
2256,2511,2383,-255,4767,master
1941,1708,1824,233,3649,novice
2259,2320,2289,-61,4579,average
2710,2459,2584,251,5169,grandmaster
2200,2501,2350,-301,4701,master
2239,2235,2237,4,4474,average
2210,2353,2281,-143,4563,average
1977,2123,2050,-146,4100,novice
1848,2290,2069,-442,4138,novice
2288,2313,2300,-25,4601,average
2452,2607,2529,-155,5059,grandmaster
2693,2664,2678,29,5357,grandmaster
2686,2792,2739,-106,5478,grandmaster
2215,2441,2328,-226,4656,master
1773,2036,1904,-263,3809,novice
1948,1831,1889,117,3779,novice
2438,2570,2504,-132,5008,grandmaster
2391,2418,2404,-27,4809,master
2653,2473,2563,180,5126,grandmaster
2656,2718,2687,-62,5374,grandmaster
2303,2049,2176,254,4352,average
2617,2518,2567,99,5135,grandmaster
2024,2218,2121,-194,4242,average
1803,2134,1968,-331,3937,novice
2413,1958,2185,455,4371,average
2381,2336,2358,45,4717,master
2565,2432,2498,133,4997,grandmaster
2017,1738,1877,279,3755,novice
2561,2335,2448,226,4896,master
2180,2195,2187,-15,4375,average
2331,2515,2423,-184,4846,master
1805,1577,1691,228,3382,novice
1778,2226,2002,-448,4004,novice
2353,1857,2105,496,4210,average
2469,2485,2477,-16,4954,grandmaster
2090,2460,2275,-370,4550,average
2524,2503,2513,21,5027,grandmaster
1957,2119,2038,-162,4076,novice
2455,2415,2435,40,4870,master
2399,2231,2315,168,4630,master
2052,2364,2208,-312,4416,average
2169,2288,2228,-119,4457,average
2112,2507,2309,-395,4619,master
2013,2059,2036,-46,4072,novice
2457,2356,2406,101,4813,master
2105,2249,2177,-144,4354,average
2471,2386,2428,85,4857,master
2258,2440,2349,-182,4698,master
2630,2513,2571,117,5143,grandmaster
2249,2412,2330,-163,4661,master
2112,2445,2278,-333,4557,average
2353,2178,2265,175,4531,average
2320,2188,2254,132,4508,average
2334,2135,2234,199,4469,average
2473,2601,2537,-128,5074,grandmaster
2710,2544,2627,166,5254,grandmaster
1627,1775,1701,-148,3402,novice
2094,2168,2131,-74,4262,average
2104,2335,2219,-231,4439,average
1372,1785,1578,-413,3157,novice
2302,1927,2114,375,4229,average
2069,2350,2209,-281,4419,average
1587,2199,1893,-612,3786,novice
2096,1894,1995,202,3990,novice
2345,2577,2461,-232,4922,grandmaster
2478,2558,2518,-80,5036,grandmaster
2530,2225,2377,305,4755,master
2684,2632,2658,52,5316,grandmaster
1999,2365,2182,-366,4364,average
2456,2367,2411,89,4823,master
1909,2095,2002,-186,4004,novice
2032,1892,1962,140,3924,novice
2308,2112,2210,196,4420,average
1950,2273,2111,-323,4223,average
2258,2179,2218,79,4437,average
1782,2018,1900,-236,3800,novice
2130,2320,2225,-190,4450,average
2461,2229,2345,232,4690,master
2490,2580,2535,-90,5070,grandmaster
2265,2190,2227,75,4455,average
2347,2655,2501,-308,5002,grandmaster
2440,2707,2573,-267,5147,grandmaster
2545,2090,2317,455,4635,master
2236,2390,2313,-154,4626,master
2275,2402,2338,-127,4677,master
2523,2364,2443,159,4887,master
2302,2491,2396,-189,4793,master
2651,2636,2643,15,5287,grandmaster
2145,1886,2015,259,4031,novice
1817,2006,1911,-189,3823,novice
2308,1971,2139,337,4279,average
2150,2358,2254,-208,4508,average
2338,2314,2326,24,4652,master
1941,1574,1757,367,3515,novice
2224,2334,2279,-110,4558,average
2031,1995,2013,36,4026,novice
1912,2227,2069,-315,4139,novice
2308,2273,2290,35,4581,average
2207,2330,2268,-123,4537,average
2287,2373,2330,-86,4660,master
1785,2243,2014,-458,4028,novice
1917,2103,2010,-186,4020,novice
2691,2605,2648,86,5296,grandmaster
2007,2356,2181,-349,4363,average
2228,2081,2154,147,4309,average
2542,2107,2324,435,4649,master
2249,2489,2369,-240,4738,master
2275,2484,2379,-209,4759,master
2131,2162,2146,-31,4293,average
2276,2399,2337,-123,4675,master
2315,1916,2115,399,4231,average
2423,2434,2428,-11,4857,master
2429,2546,2487,-117,4975,grandmaster
2393,2200,2296,193,4593,average
2117,1904,2010,213,4021,novice
2120,2335,2227,-215,4455,average
2489,2549,2519,-60,5038,grandmaster
2099,1828,1963,271,3927,novice
2396,2235,2315,161,4631,master
1910,2412,2161,-502,4322,average
2056,2154,2105,-98,4210,average
1951,2179,2065,-228,4130,novice
2559,2680,2619,-121,5239,grandmaster
2281,2718,2499,-437,4999,grandmaster
2315,2398,2356,-83,4713,master
2594,2678,2636,-84,5272,grandmaster
2457,2113,2285,344,4570,average
2278,2094,2186,184,4372,average
2494,2461,2477,33,4955,grandmaster
2253,2482,2367,-229,4735,master
2539,2326,2432,213,4865,master
2600,2539,2569,61,5139,grandmaster
2054,2532,2293,-478,4586,average
2451,2215,2333,236,4666,master
2775,2695,2735,80,5470,grandmaster
2071,2158,2114,-87,4229,average
2099,1892,1995,207,3991,novice
2485,2627,2556,-142,5112,grandmaster
2164,1990,2077,174,4154,novice
2086,2280,2183,-194,4366,average
1827,1317,1572,510,3144,novice
2626,2574,2600,52,5200,grandmaster
2105,2105,2105,0,4210,average
2494,2378,2436,116,4872,master
2231,2309,2270,-78,4540,average
2427,2642,2534,-215,5069,grandmaster
1302,1591,1446,-289,2893,novice
2439,2180,2309,259,4619,master
2179,1923,2051,256,4102,novice
1904,1966,1935,-62,3870,novice
2308,2182,2245,126,4490,average
1923,2095,2009,-172,4018,novice
2146,2512,2329,-366,4658,master
2309,2406,2357,-97,4715,master
2390,2055,2222,335,4445,average
2501,2382,2441,119,4883,master
2214,2111,2162,103,4325,average
2428,2554,2491,-126,4982,grandmaster
2636,2668,2652,-32,5304,grandmaster
2432,2553,2492,-121,4985,grandmaster
1940,2453,2196,-513,4393,average
2518,2405,2461,113,4923,grandmaster
2526,2369,2447,157,4895,master
2405,2342,2373,63,4747,master
2390,2187,2288,203,4577,average
1487,1615,1551,-128,3102,novice
2441,2483,2462,-42,4924,grandmaster
2033,1928,1980,105,3961,novice
2014,2125,2069,-111,4139,novice
2473,2397,2435,76,4870,master
2549,2575,2562,-26,5124,grandmaster
1948,2123,2035,-175,4071,novice
2607,2590,2598,17,5197,grandmaster
2423,2227,2325,196,4650,master
2060,2242,2151,-182,4302,average
2137,2292,2214,-155,4429,average
1628,2098,1863,-470,3726,novice
2026,2132,2079,-106,4158,novice
2277,2176,2226,101,4453,average
1908,2166,2037,-258,4074,novice
1761,1617,1689,144,3378,novice
1880,2133,2006,-253,4013,novice
2390,2468,2429,-78,4858,master
2103,2474,2288,-371,4577,average
1873,2376,2124,-503,4249,average
2253,2322,2287,-69,4575,average
2583,2396,2489,187,4979,grandmaster
2094,1902,1998,192,3996,novice
2691,2237,2464,454,4928,grandmaster
2250,2493,2371,-243,4743,master
1388,1928,1658,-540,3316,novice
2595,2460,2527,135,5055,grandmaster
2265,2238,2251,27,4503,average
1881,1631,1756,250,3512,novice
1772,2649,2210,-877,4421,average
2249,2131,2190,118,4380,average
2407,2549,2478,-142,4956,grandmaster
2212,1960,2086,252,4172,novice
2367,2231,2299,136,4598,average
2603,2591,2597,12,5194,grandmaster
1898,1806,1852,92,3704,novice
1843,2138,1990,-295,3981,novice
2396,2089,2242,307,4485,average
2428,1937,2182,491,4365,average
2293,2400,2346,-107,4693,master
2247,2450,2348,-203,4697,master
2214,2183,2198,31,4397,average
2404,2543,2473,-139,4947,grandmaster
2608,2060,2334,548,4668,master
1917,2385,2151,-468,4302,average
2106,2404,2255,-298,4510,average
2415,2472,2443,-57,4887,master
1945,1752,1848,193,3697,novice
2597,2666,2631,-69,5263,grandmaster
2338,2581,2459,-243,4919,grandmaster
2268,2108,2188,160,4376,average
2380,2092,2236,288,4472,average
2499,2249,2374,250,4748,master
2027,2017,2022,10,4044,novice
2494,2370,2432,124,4864,master
1973,1949,1961,24,3922,novice
2495,2401,2448,94,4896,master
1995,1900,1947,95,3895,novice
2293,2116,2204,177,4409,average
2384,2495,2439,-111,4879,master
2211,2080,2145,131,4291,average
2540,2598,2569,-58,5138,grandmaster
1838,2113,1975,-275,3951,novice
2227,2411,2319,-184,4638,master
2047,2094,2070,-47,4141,novice
1987,2438,2212,-451,4425,average
2358,2217,2287,141,4575,average
2178,2386,2282,-208,4564,average
2475,2182,2328,293,4657,master
2150,2381,2265,-231,4531,average
2749,2769,2759,-20,5518,grandmaster
2524,2257,2390,267,4781,master
2310,2443,2376,-133,4753,master
2217,1943,2080,274,4160,novice
2283,2430,2356,-147,4713,master
2275,2233,2254,42,4508,average
2416,2254,2335,162,4670,master
2089,1707,1898,382,3796,novice
2297,2446,2371,-149,4743,master
2602,2688,2645,-86,5290,grandmaster
2223,2157,2190,66,4380,average
1852,1765,1808,87,3617,novice
1736,1776,1756,-40,3512,novice
2164,2303,2233,-139,4467,average
2256,1939,2097,317,4195,novice
2730,2753,2741,-23,5483,grandmaster
2525,2274,2399,251,4799,master
2338,2249,2293,89,4587,average
2417,2228,2322,189,4645,master
2517,2549,2533,-32,5066,grandmaster
2345,2569,2457,-224,4914,grandmaster
2018,2341,2179,-323,4359,average
2726,2613,2669,113,5339,grandmaster
2058,1953,2005,105,4011,novice
2385,2312,2348,73,4697,master
2246,2092,2169,154,4338,average
2441,2567,2504,-126,5008,grandmaster
2533,2266,2399,267,4799,master
1956,1943,1949,13,3899,novice
2522,2247,2384,275,4769,master
1913,2142,2027,-229,4055,novice
2486,1856,2171,630,4342,average
2661,2545,2603,116,5206,grandmaster
2037,2164,2100,-127,4201,novice
2349,2366,2357,-17,4715,master
2278,2325,2301,-47,4603,master
2325,2248,2286,77,4573,average
1893,2453,2173,-560,4346,average
2600,2359,2479,241,4959,grandmaster
2446,2370,2408,76,4816,master
2104,2332,2218,-228,4436,average
2564,2505,2534,59,5069,grandmaster
2174,2235,2204,-61,4409,average
2401,2433,2417,-32,4834,master
2213,1994,2103,219,4207,average
1640,1598,1619,42,3238,novice
2449,2140,2294,309,4589,average
1634,1781,1707,-147,3415,novice
2300,2528,2414,-228,4828,master
2196,2039,2117,157,4235,average
1716,2306,2011,-590,4022,novice
1795,1933,1864,-138,3728,novice
1872,1735,1803,137,3607,novice
2223,2018,2120,205,4241,average
1654,1919,1786,-265,3573,novice
1907,2327,2117,-420,4234,average
2234,2107,2170,127,4341,average
2271,2102,2186,169,4373,average
1417,1307,1362,110,2724,novice
2322,2223,2272,99,4545,average
2538,2529,2533,9,5067,grandmaster
1798,1646,1722,152,3444,novice
2325,2117,2221,208,4442,average
1732,2222,1977,-490,3954,novice
2618,2503,2560,115,5121,grandmaster
2526,1987,2256,539,4513,average
2549,2549,2549,0,5098,grandmaster
1993,2268,2130,-275,4261,average
2166,2229,2197,-63,4395,average
2213,2480,2346,-267,4693,master
1882,2082,1982,-200,3964,novice
2369,2480,2424,-111,4849,master
2085,2392,2238,-307,4477,average
1926,1967,1946,-41,3893,novice
2492,2134,2313,358,4626,master
2490,2583,2536,-93,5073,grandmaster
2744,2712,2728,32,5456,grandmaster
2604,2717,2660,-113,5321,grandmaster
2197,2396,2296,-199,4593,average
2154,2440,2297,-286,4594,average
2132,1861,1996,271,3993,novice
2367,2078,2222,289,4445,average
2020,2257,2138,-237,4277,average
2040,2118,2079,-78,4158,novice
2267,2440,2353,-173,4707,master
2491,2291,2391,200,4782,master
2195,2026,2110,169,4221,average
2001,1883,1942,118,3884,novice
2259,2410,2334,-151,4669,master
2311,2185,2248,126,4496,average
1944,1927,1935,17,3871,novice
2275,1928,2101,347,4203,average
2081,1924,2002,157,4005,novice
2559,2546,2552,13,5105,grandmaster
2056,2420,2238,-364,4476,average
2525,2420,2472,105,4945,grandmaster
2433,2131,2282,302,4564,average
2499,2569,2534,-70,5068,grandmaster
2437,2620,2528,-183,5057,grandmaster
2455,2278,2366,177,4733,master
2433,2242,2337,191,4675,master
2109,2058,2083,51,4167,novice
1904,2040,1972,-136,3944,novice
2399,2245,2322,154,4644,master
2018,2301,2159,-283,4319,average
2117,1797,1957,320,3914,novice
2023,2337,2180,-314,4360,average
2195,1955,2075,240,4150,novice
2531,2336,2433,195,4867,master
2307,2303,2305,4,4610,master
2116,2292,2204,-176,4408,average
2164,1908,2036,256,4072,novice
2448,2143,2295,305,4591,average
1843,1738,1790,105,3581,novice
2187,2276,2231,-89,4463,average
2509,2434,2471,75,4943,grandmaster
2166,1525,1845,641,3691,novice
2055,1819,1937,236,3874,novice
2461,2426,2443,35,4887,master
2269,1985,2127,284,4254,average
2270,2003,2136,267,4273,average
1929,1817,1873,112,3746,novice
2315,2244,2279,71,4559,average
2208,2050,2129,158,4258,average
2309,2079,2194,230,4388,average
2285,2008,2146,277,4293,average
2268,2537,2402,-269,4805,master
2280,1915,2097,365,4195,novice
2029,2267,2148,-238,4296,average
2445,2433,2439,12,4878,master
2455,2638,2546,-183,5093,grandmaster
2090,1812,1951,278,3902,novice
2270,1740,2005,530,4010,novice
2638,2244,2441,394,4882,master
2137,2291,2214,-154,4428,average
2365,2604,2484,-239,4969,grandmaster
2464,2618,2541,-154,5082,grandmaster
2486,2609,2547,-123,5095,grandmaster
2317,2010,2163,307,4327,average
2148,1940,2044,208,4088,novice
2180,2475,2327,-295,4655,master
2653,2613,2633,40,5266,grandmaster
2430,2073,2251,357,4503,average
2422,2247,2334,175,4669,master
2178,2464,2321,-286,4642,master
2512,2740,2626,-228,5252,grandmaster
1812,1859,1835,-47,3671,novice
2020,2287,2153,-267,4307,average
2125,2318,2221,-193,4443,average
2073,2077,2075,-4,4150,novice
2296,2270,2283,26,4566,average
2723,2674,2698,49,5397,grandmaster
1990,1879,1934,111,3869,novice
2384,1838,2111,546,4222,average
2268,2154,2211,114,4422,average
2221,2059,2140,162,4280,average
1993,2129,2061,-136,4122,novice
2410,1931,2170,479,4341,average
2257,2103,2180,154,4360,average
1949,2355,2152,-406,4304,average
2304,2505,2404,-201,4809,master
2573,2320,2446,253,4893,master
2061,2130,2095,-69,4191,novice
2466,2299,2382,167,4765,master
2632,2693,2662,-61,5325,grandmaster
2304,2083,2193,221,4387,average
2212,1973,2092,239,4185,novice
2070,2134,2102,-64,4204,average
2681,2556,2618,125,5237,grandmaster
1992,2455,2223,-463,4447,average
2270,2051,2160,219,4321,average
2731,2753,2742,-22,5484,grandmaster
2386,2518,2452,-132,4904,grandmaster
2051,2183,2117,-132,4234,average
2391,2408,2399,-17,4799,master
2545,2377,2461,168,4922,grandmaster
2391,2245,2318,146,4636,master
2154,2003,2078,151,4157,novice
2639,2496,2567,143,5135,grandmaster
2163,2143,2153,20,4306,average
2083,2308,2195,-225,4391,average
2447,2320,2383,127,4767,master
2509,2467,2488,42,4976,grandmaster
2557,2092,2324,465,4649,master
2306,2039,2172,267,4345,average
2060,1841,1950,219,3901,novice
2132,2252,2192,-120,4384,average
1977,2069,2023,-92,4046,novice
2431,2173,2302,258,4604,master
1926,2116,2021,-190,4042,novice
2206,2356,2281,-150,4562,average
2592,2512,2552,80,5104,grandmaster
1956,2213,2084,-257,4169,novice
2553,1971,2262,582,4524,average
2593,2448,2520,145,5041,grandmaster
1624,2004,1814,-380,3628,novice
2261,2153,2207,108,4414,average
2424,2363,2393,61,4787,master
2454,2376,2415,78,4830,master
2639,2144,2391,495,4783,master
2049,2336,2192,-287,4385,average
2291,2286,2288,5,4577,average
2703,2783,2743,-80,5486,grandmaster
2341,2214,2277,127,4555,average
2492,2486,2489,6,4978,grandmaster
2363,2018,2190,345,4381,average
2361,2455,2408,-94,4816,master
2570,2544,2557,26,5114,grandmaster
2365,2558,2461,-193,4923,grandmaster
2645,2620,2632,25,5265,grandmaster
2497,2447,2472,50,4944,grandmaster
2300,2362,2331,-62,4662,master
2558,2244,2401,314,4802,master
2172,2012,2092,160,4184,novice
2619,2430,2524,189,5049,grandmaster
2026,2353,2189,-327,4379,average
1735,1996,1865,-261,3731,novice
2476,2239,2357,237,4715,master
2555,2378,2466,177,4933,grandmaster
2101,2287,2194,-186,4388,average
2649,2522,2585,127,5171,grandmaster
2360,2327,2343,33,4687,master
2257,2281,2269,-24,4538,average
2357,2273,2315,84,4630,master
1609,1785,1697,-176,3394,novice
2432,2279,2355,153,4711,master
2487,2470,2478,17,4957,grandmaster
2495,2439,2467,56,4934,grandmaster
2200,2127,2163,73,4327,average
2024,1877,1950,147,3901,novice
2380,2223,2301,157,4603,master
2061,1778,1919,283,3839,novice
2381,2290,2335,91,4671,master
2362,2231,2296,131,4593,average
2245,2163,2204,82,4408,average
2347,2559,2453,-212,4906,grandmaster
1769,1971,1870,-202,3740,novice
2143,2217,2180,-74,4360,average
1978,2254,2116,-276,4232,average
2426,2614,2520,-188,5040,grandmaster
2534,2291,2412,243,4825,master
2257,2057,2157,200,4314,average
2039,2197,2118,-158,4236,average
2274,2115,2194,159,4389,average
1872,2021,1946,-149,3893,novice
2549,2424,2486,125,4973,grandmaster
2225,2117,2171,108,4342,average
1910,2053,1981,-143,3963,novice
2464,2648,2556,-184,5112,grandmaster
2243,2441,2342,-198,4684,master
1971,2086,2028,-115,4057,novice
2159,2021,2090,138,4180,novice
2519,2199,2359,320,4718,master
2198,2036,2117,162,4234,average
2152,2306,2229,-154,4458,average
2450,2314,2382,136,4764,master
1920,1700,1810,220,3620,novice
1745,1973,1859,-228,3718,novice
1942,2214,2078,-272,4156,novice
1744,2121,1932,-377,3865,novice
2360,2381,2370,-21,4741,master
2377,2293,2335,84,4670,master
2325,2086,2205,239,4411,average
2713,2730,2721,-17,5443,grandmaster
2695,2580,2637,115,5275,grandmaster
1628,1705,1666,-77,3333,novice
2223,2450,2336,-227,4673,master
2046,2408,2227,-362,4454,average
2286,1817,2051,469,4103,novice
2488,2388,2438,100,4876,master
2386,2093,2239,293,4479,average
2258,2472,2365,-214,4730,master
2566,2489,2527,77,5055,grandmaster
2177,2188,2182,-11,4365,average
2048,2526,2287,-478,4574,average
2259,1917,2088,342,4176,novice
2354,2265,2309,89,4619,master
2123,1569,1846,554,3692,novice
2500,2459,2479,41,4959,grandmaster
2341,2288,2314,53,4629,master
1960,2350,2155,-390,4310,average
2423,2043,2233,380,4466,average
2370,2379,2374,-9,4749,master
1876,1925,1900,-49,3801,novice
2081,2171,2126,-90,4252,average
2674,2328,2501,346,5002,grandmaster
2573,2351,2462,222,4924,grandmaster
2301,2187,2244,114,4488,average
2304,2145,2224,159,4449,average
2387,2434,2410,-47,4821,master
2004,2310,2157,-306,4314,average
2221,2449,2335,-228,4670,master
2254,2241,2247,13,4495,average
2470,2384,2427,86,4854,master
2436,2539,2487,-103,4975,grandmaster
1533,2173,1853,-640,3706,novice
2333,2263,2298,70,4596,average
2244,2401,2322,-157,4645,master
2030,2370,2200,-340,4400,average
1919,2175,2047,-256,4094,novice
2429,2707,2568,-278,5136,grandmaster
2185,1808,1996,377,3993,novice
2392,1952,2172,440,4344,average
2567,2179,2373,388,4746,master
2468,2330,2399,138,4798,master
2357,2160,2258,197,4517,average
2530,2667,2598,-137,5197,grandmaster
1792,1537,1664,255,3329,novice
2536,2483,2509,53,5019,grandmaster
2205,2329,2267,-124,4534,average
2295,1959,2127,336,4254,average
2218,2252,2235,-34,4470,average
2563,2429,2496,134,4992,grandmaster
2266,1997,2131,269,4263,average
1882,1971,1926,-89,3853,novice
2363,2451,2407,-88,4814,master
2343,2081,2212,262,4424,average
1940,2056,1998,-116,3996,novice
2690,2591,2640,99,5281,grandmaster
2441,2536,2488,-95,4977,grandmaster
2270,2028,2149,242,4298,average
2295,2016,2155,279,4311,average
2099,2460,2279,-361,4559,average
2495,2499,2497,-4,4994,grandmaster
2043,2067,2055,-24,4110,novice
2073,2296,2184,-223,4369,average
2552,2247,2399,305,4799,master
2210,2451,2330,-241,4661,master
2242,2488,2365,-246,4730,master
2570,2417,2493,153,4987,grandmaster
2423,2300,2361,123,4723,master
1990,1844,1917,146,3834,novice
2642,2307,2474,335,4949,grandmaster
2193,1895,2044,298,4088,novice
1881,2144,2012,-263,4025,novice
1936,2050,1993,-114,3986,novice
2177,2325,2251,-148,4502,average
2126,2200,2163,-74,4326,average
2468,2715,2591,-247,5183,grandmaster
2091,1841,1966,250,3932,novice
2346,2285,2315,61,4631,master
2325,2520,2422,-195,4845,master
2082,2218,2150,-136,4300,average
2493,2586,2539,-93,5079,grandmaster
2568,2398,2483,170,4966,grandmaster
2531,2499,2515,32,5030,grandmaster
2716,2335,2525,381,5051,grandmaster
2062,2281,2171,-219,4343,average
2205,2415,2310,-210,4620,master
2452,2537,2494,-85,4989,grandmaster
2449,2399,2424,50,4848,master
2285,2167,2226,118,4452,average
2413,2415,2414,-2,4828,master
1793,2131,1962,-338,3924,novice
2451,2276,2363,175,4727,master
2065,2008,2036,57,4073,novice
1676,1928,1802,-252,3604,novice
2382,2377,2379,5,4759,master
2375,2201,2288,174,4576,average
1860,1999,1929,-139,3859,novice
2700,2609,2654,91,5309,grandmaster
2430,2291,2360,139,4721,master
2271,2085,2178,186,4356,average
2174,2292,2233,-118,4466,average
1841,2082,1961,-241,3923,novice
2372,2176,2274,196,4548,average
2347,2288,2317,59,4635,master
2355,2664,2509,-309,5019,grandmaster
2312,1827,2069,485,4139,novice
1432,1287,1359,145,2719,novice
2634,2624,2629,10,5258,grandmaster
1865,1783,1824,82,3648,novice
2345,2418,2381,-73,4763,master
1837,2047,1942,-210,3884,novice
2156,2545,2350,-389,4701,master
2146,2208,2177,-62,4354,average
2554,2603,2578,-49,5157,grandmaster
2402,2482,2442,-80,4884,master
2140,2326,2233,-186,4466,average
2481,2395,2438,86,4876,master
1830,2037,1933,-207,3867,novice
2258,2178,2218,80,4436,average
2145,2215,2180,-70,4360,average
2121,2256,2188,-135,4377,average
1899,2508,2203,-609,4407,average
2335,2356,2345,-21,4691,master
2714,2627,2670,87,5341,grandmaster
2471,2661,2566,-190,5132,grandmaster
2223,2293,2258,-70,4516,average
2270,2301,2285,-31,4571,average
1983,1775,1879,208,3758,novice
1686,1869,1777,-183,3555,novice
2290,2603,2446,-313,4893,master
2360,2356,2358,4,4716,master
2053,1913,1983,140,3966,novice
2595,2598,2596,-3,5193,grandmaster
2071,2090,2080,-19,4161,novice
2327,2073,2200,254,4400,average
2159,2374,2266,-215,4533,average
2264,2346,2305,-82,4610,master
2011,2228,2119,-217,4239,average
2191,1972,2081,219,4163,novice
2122,2506,2314,-384,4628,master
2655,2428,2541,227,5083,grandmaster
2815,2771,2793,44,5586,grandmaster
2586,2323,2454,263,4909,grandmaster
2095,1757,1926,338,3852,novice
2204,2044,2124,160,4248,average
1948,2187,2067,-239,4135,novice
2388,2410,2399,-22,4798,master
2133,2304,2218,-171,4437,average
2317,2236,2276,81,4553,average
2288,2123,2205,165,4411,average
2550,2603,2576,-53,5153,grandmaster
1996,2615,2305,-619,4611,master
2598,2581,2589,17,5179,grandmaster
1974,1784,1879,190,3758,novice
2541,2500,2520,41,5041,grandmaster
2537,2404,2470,133,4941,grandmaster
2312,2506,2409,-194,4818,master
2114,1955,2034,159,4069,novice
1769,1591,1680,178,3360,novice
2037,2170,2103,-133,4207,average
1559,2145,1852,-586,3704,novice
2341,2328,2334,13,4669,master
2213,2325,2269,-112,4538,average
2242,2406,2324,-164,4648,master
2198,2437,2317,-239,4635,master
2071,2438,2254,-367,4509,average
2196,2263,2229,-67,4459,average
2256,2469,2362,-213,4725,master
2353,2295,2324,58,4648,master
2279,2410,2344,-131,4689,master
2568,2534,2551,34,5102,grandmaster
1574,1635,1604,-61,3209,novice
2215,2343,2279,-128,4558,average
2211,2365,2288,-154,4576,average
2376,2018,2197,358,4394,average
2485,2271,2378,214,4756,master
2148,1852,2000,296,4000,novice
2555,2472,2513,83,5027,grandmaster
1827,2157,1992,-330,3984,novice
2131,1988,2059,143,4119,novice
1921,1396,1658,525,3317,novice
2491,2372,2431,119,4863,master
1992,2196,2094,-204,4188,novice
2383,2476,2429,-93,4859,master
2483,2457,2470,26,4940,grandmaster
1366,1894,1630,-528,3260,novice
2286,2337,2311,-51,4623,master
2665,2637,2651,28,5302,grandmaster
2682,2611,2646,71,5293,grandmaster
2618,2097,2357,521,4715,master
2116,2001,2058,115,4117,novice
2130,1348,1739,782,3478,novice
1791,2083,1937,-292,3874,novice
2397,2389,2393,8,4786,master
2514,2303,2408,211,4817,master
2109,2071,2090,38,4180,novice
2240,2325,2282,-85,4565,average
2787,2644,2715,143,5431,grandmaster
2290,2007,2148,283,4297,average
2016,1831,1923,185,3847,novice
2467,2421,2444,46,4888,master
2713,2614,2663,99,5327,grandmaster
2208,2305,2256,-97,4513,average
2531,2283,2407,248,4814,master
2376,2450,2413,-74,4826,master
1945,2117,2031,-172,4062,novice
1529,1901,1715,-372,3430,novice
2209,2501,2355,-292,4710,master
2490,2420,2455,70,4910,grandmaster
2693,2612,2652,81,5305,grandmaster
2288,2335,2311,-47,4623,master
2018,2165,2091,-147,4183,novice
2084,2211,2147,-127,4295,average
2384,2352,2368,32,4736,master
2184,2156,2170,28,4340,average
2080,2210,2145,-130,4290,average
2219,2129,2174,90,4348,average
2471,2788,2629,-317,5259,grandmaster
1704,1650,1677,54,3354,novice
2498,2712,2605,-214,5210,grandmaster
1871,2117,1994,-246,3988,novice
2141,2312,2226,-171,4453,average
1844,1939,1891,-95,3783,novice
2466,2472,2469,-6,4938,grandmaster
2221,1941,2081,280,4162,novice
2122,2479,2300,-357,4601,average
2218,1929,2073,289,4147,novice
2248,2082,2165,166,4330,average
2109,2431,2270,-322,4540,average
2476,2353,2414,123,4829,master
2440,2254,2347,186,4694,master
2437,2421,2429,16,4858,master
2663,2602,2632,61,5265,grandmaster
2260,2068,2164,192,4328,average
2178,2188,2183,-10,4366,average
2527,2006,2266,521,4533,average
2532,2124,2328,408,4656,master
2214,2111,2162,103,4325,average
2075,1913,1994,162,3988,novice
1676,1934,1805,-258,3610,novice
2256,2067,2161,189,4323,average
2369,2471,2420,-102,4840,master
2591,2649,2620,-58,5240,grandmaster
2419,2641,2530,-222,5060,grandmaster
2462,2586,2524,-124,5048,grandmaster
2340,2223,2281,117,4563,average
2537,2229,2383,308,4766,master
2138,1903,2020,235,4041,novice
2189,1890,2039,299,4079,novice
2141,2039,2090,102,4180,novice
2047,2234,2140,-187,4281,average
2177,2137,2157,40,4314,average
1864,2141,2002,-277,4005,novice
2217,2060,2138,157,4277,average
2431,2481,2456,-50,4912,grandmaster
2566,2623,2594,-57,5189,grandmaster
2260,2399,2329,-139,4659,master
1544,1587,1565,-43,3131,novice
2337,2414,2375,-77,4751,master
2273,2478,2375,-205,4751,master
2509,2501,2505,8,5010,grandmaster
2477,2461,2469,16,4938,grandmaster
2382,1762,2072,620,4144,novice
2472,2544,2508,-72,5016,grandmaster
1735,2051,1893,-316,3786,novice
2560,2230,2395,330,4790,master
1928,2079,2003,-151,4007,novice
2469,2685,2577,-216,5154,grandmaster
2241,2255,2248,-14,4496,average
2569,2590,2579,-21,5159,grandmaster
2587,2244,2415,343,4831,master
1627,2020,1823,-393,3647,novice
2358,2384,2371,-26,4742,master
2305,2477,2391,-172,4782,master
2560,2555,2557,5,5115,grandmaster
2401,2504,2452,-103,4905,grandmaster
1999,2274,2136,-275,4273,average
2426,2018,2222,408,4444,average
2268,1910,2089,358,4178,novice
2393,2180,2286,213,4573,average
2332,2299,2315,33,4631,master
2131,2359,2245,-228,4490,average
2163,1937,2050,226,4100,novice
1881,1701,1791,180,3582,novice
2515,2354,2434,161,4869,master
2086,2302,2194,-216,4388,average
2421,2578,2499,-157,4999,grandmaster
1987,2433,2210,-446,4420,average
2007,2323,2165,-316,4330,average
2252,1610,1931,642,3862,novice
2199,2437,2318,-238,4636,master
2235,2437,2336,-202,4672,master
2182,2491,2336,-309,4673,master
2333,2538,2435,-205,4871,master
2368,2506,2437,-138,4874,master
2217,2439,2328,-222,4656,master
2283,2564,2423,-281,4847,master
2285,2414,2349,-129,4699,master
2321,2511,2416,-190,4832,master
2566,2482,2524,84,5048,grandmaster
2758,2724,2741,34,5482,grandmaster
2199,2006,2102,193,4205,average
2324,2135,2229,189,4459,average
2085,1812,1948,273,3897,novice
2552,2489,2520,63,5041,grandmaster
1906,2021,1963,-115,3927,novice
2592,2617,2604,-25,5209,grandmaster
2668,2747,2707,-79,5415,grandmaster
2678,2702,2690,-24,5380,grandmaster
1938,2291,2114,-353,4229,average
1960,1718,1839,242,3678,novice
2394,2006,2200,388,4400,average
2263,2539,2401,-276,4802,master
2214,2608,2411,-394,4822,master
2297,2244,2270,53,4541,average
1958,2499,2228,-541,4457,average
2144,1885,2014,259,4029,novice
2653,2723,2688,-70,5376,grandmaster
2326,2181,2253,145,4507,average
2733,2465,2599,268,5198,grandmaster
2194,2067,2130,127,4261,average
2342,2412,2377,-70,4754,master
2290,1770,2030,520,4060,novice
1886,1718,1802,168,3604,novice
1964,1896,1930,68,3860,novice
2599,2540,2569,59,5139,grandmaster
2313,2167,2240,146,4480,average
2492,2282,2387,210,4774,master
2514,2627,2570,-113,5141,grandmaster
2460,2595,2527,-135,5055,grandmaster
2572,2257,2414,315,4829,master
1982,2227,2104,-245,4209,average
2097,2222,2159,-125,4319,average
1958,2103,2030,-145,4061,novice
2110,2300,2205,-190,4410,average
2204,2113,2158,91,4317,average
2319,2175,2247,144,4494,average
2320,2385,2352,-65,4705,master
2022,2047,2034,-25,4069,novice
2168,1927,2047,241,4095,novice
1935,2108,2021,-173,4043,novice
2429,2544,2486,-115,4973,grandmaster
2060,1869,1964,191,3929,novice
1761,1897,1829,-136,3658,novice
2142,1917,2029,225,4059,novice
2582,2614,2598,-32,5196,grandmaster
2194,2579,2386,-385,4773,master
2114,2268,2191,-154,4382,average
2119,2457,2288,-338,4576,average
2456,2484,2470,-28,4940,grandmaster
2429,2447,2438,-18,4876,master
2004,2437,2220,-433,4441,average
1651,2186,1918,-535,3837,novice
2205,2573,2389,-368,4778,master
1816,2182,1999,-366,3998,novice
1756,2108,1932,-352,3864,novice
2179,2128,2153,51,4307,average
2100,2412,2256,-312,4512,average
2227,2118,2172,109,4345,average
2237,1950,2093,287,4187,novice
2731,2731,2731,0,5462,grandmaster
1971,2384,2177,-413,4355,average
1986,2182,2084,-196,4168,novice
2321,2550,2435,-229,4871,master
2062,2104,2083,-42,4166,novice
2283,1886,2084,397,4169,novice
2317,2285,2301,32,4602,master
1796,2308,2052,-512,4104,novice
2347,2455,2401,-108,4802,master
2163,2031,2097,132,4194,novice
2298,2262,2280,36,4560,average
2044,2167,2105,-123,4211,average
2403,2233,2318,170,4636,master
2526,2313,2419,213,4839,master
2627,2291,2459,336,4918,grandmaster
2163,1935,2049,228,4098,novice
1929,1546,1737,383,3475,novice
1948,2240,2094,-292,4188,novice
2251,2490,2370,-239,4741,master
2124,2012,2068,112,4136,novice
2245,1854,2049,391,4099,novice
2235,2073,2154,162,4308,average
2081,2181,2131,-100,4262,average
2203,2107,2155,96,4310,average
2352,2355,2353,-3,4707,master
2270,2311,2290,-41,4581,average
2230,2258,2244,-28,4488,average
2381,2449,2415,-68,4830,master
2607,2753,2680,-146,5360,grandmaster
1971,1907,1939,64,3878,novice
2404,2214,2309,190,4618,master
2569,2441,2505,128,5010,grandmaster
2135,2261,2198,-126,4396,average
2036,2010,2023,26,4046,novice
2088,2170,2129,-82,4258,average
2092,2340,2216,-248,4432,average
2713,2717,2715,-4,5430,grandmaster
2237,2240,2238,-3,4477,average
2426,2458,2442,-32,4884,master
2450,2535,2492,-85,4985,grandmaster
2271,2202,2236,69,4473,average
2777,2616,2696,161,5393,grandmaster
2085,1914,1999,171,3999,novice
2610,2542,2576,68,5152,grandmaster
2549,2411,2480,138,4960,grandmaster
1808,2114,1961,-306,3922,novice
2514,2514,2514,0,5028,grandmaster
2388,2196,2292,192,4584,average
2491,2528,2509,-37,5019,grandmaster
2499,2232,2365,267,4731,master
2426,2543,2484,-117,4969,grandmaster
2615,2701,2658,-86,5316,grandmaster
2837,2738,2787,99,5575,grandmaster
2310,2495,2402,-185,4805,master
2226,2404,2315,-178,4630,master
2281,2479,2380,-198,4760,master
2131,2521,2326,-390,4652,master
2050,2291,2170,-241,4341,average
2373,1940,2156,433,4313,average
2224,2394,2309,-170,4618,master
1612,1643,1627,-31,3255,novice
2368,2096,2232,272,4464,average
2386,2314,2350,72,4700,master
2385,2094,2239,291,4479,average
2536,2049,2292,487,4585,average
2356,1788,2072,568,4144,novice
2441,2470,2455,-29,4911,grandmaster
2657,1988,2322,669,4645,master
2425,2575,2500,-150,5000,grandmaster
2466,2423,2444,43,4889,master
2496,2535,2515,-39,5031,grandmaster
2196,2299,2247,-103,4495,average
2260,2304,2282,-44,4564,average
2165,2470,2317,-305,4635,master
2429,2386,2407,43,4815,master
2588,2505,2546,83,5093,grandmaster
2419,2562,2490,-143,4981,grandmaster
1948,1866,1907,82,3814,novice
1976,1664,1820,312,3640,novice
2666,2595,2630,71,5261,grandmaster
1767,2005,1886,-238,3772,novice
2202,2296,2249,-94,4498,average
2349,2461,2405,-112,4810,master
2679,2490,2584,189,5169,grandmaster
2301,2498,2399,-197,4799,master
2046,1933,1989,113,3979,novice
1498,1757,1627,-259,3255,novice
2029,2229,2129,-200,4258,average
2079,2023,2051,56,4102,novice
2399,2305,2352,94,4704,master
2048,1935,1991,113,3983,novice
2518,2529,2523,-11,5047,grandmaster
2480,2484,2482,-4,4964,grandmaster
2211,2377,2294,-166,4588,average
2661,2505,2583,156,5166,grandmaster
2400,2484,2442,-84,4884,master
2409,2399,2404,10,4808,master
2485,1775,2130,710,4260,average
2362,2149,2255,213,4511,average
2596,2569,2582,27,5165,grandmaster
2281,1924,2102,357,4205,average
2129,2076,2102,53,4205,average
2108,2344,2226,-236,4452,average
2400,2145,2272,255,4545,average
1975,2170,2072,-195,4145,novice
2046,2292,2169,-246,4338,average
1927,2250,2088,-323,4177,novice
2493,2517,2505,-24,5010,grandmaster
2343,2093,2218,250,4436,average
2358,2036,2197,322,4394,average
2342,2559,2450,-217,4901,master
1507,1959,1733,-452,3466,novice
1600,1789,1694,-189,3389,novice
2611,2521,2566,90,5132,grandmaster
1978,2326,2152,-348,4304,average
1691,1383,1537,308,3074,novice
2622,2549,2585,73,5171,grandmaster
2455,2285,2370,170,4740,master
2372,2182,2277,190,4554,average
2486,2242,2364,244,4728,master
2220,2328,2274,-108,4548,average
2320,2472,2396,-152,4792,master
2224,2305,2264,-81,4529,average
2032,2474,2253,-442,4506,average
2540,2669,2604,-129,5209,grandmaster
2147,1981,2064,166,4128,novice
2302,2537,2419,-235,4839,master
2383,2560,2471,-177,4943,grandmaster
2280,2264,2272,16,4544,average
2059,2209,2134,-150,4268,average
1838,2132,1985,-294,3970,novice
1932,1974,1953,-42,3906,novice
2174,2108,2141,66,4282,average
2426,2697,2561,-271,5123,grandmaster
2219,2040,2129,179,4259,average
2532,2482,2507,50,5014,grandmaster
2409,2587,2498,-178,4996,grandmaster
2204,2107,2155,97,4311,average
2429,2289,2359,140,4718,master
2315,2376,2345,-61,4691,master
1966,2361,2163,-395,4327,average
2488,2310,2399,178,4798,master
2235,2353,2294,-118,4588,average
2354,2530,2442,-176,4884,master
2186,1994,2090,192,4180,novice
1683,2127,1905,-444,3810,novice
1895,1593,1744,302,3488,novice
2126,2359,2242,-233,4485,average
2705,2618,2661,87,5323,grandmaster
2544,2469,2506,75,5013,grandmaster
2458,2521,2489,-63,4979,grandmaster
2596,2501,2548,95,5097,grandmaster
2128,1995,2061,133,4123,novice
1934,2180,2057,-246,4114,novice
1941,1761,1851,180,3702,novice
2326,2387,2356,-61,4713,master
2664,2631,2647,33,5295,grandmaster
2300,2256,2278,44,4556,average
2384,2683,2533,-299,5067,grandmaster
2280,2390,2335,-110,4670,master
1952,2210,2081,-258,4162,novice
1979,1782,1880,197,3761,novice
2361,2377,2369,-16,4738,master
2133,1919,2026,214,4052,novice
2272,2057,2164,215,4329,average
2140,1578,1859,562,3718,novice
1769,1570,1669,199,3339,novice
2602,2068,2335,534,4670,master
2305,2053,2179,252,4358,average
2485,2022,2253,463,4507,average
2195,2586,2390,-391,4781,master
2185,1978,2081,207,4163,novice
1776,1582,1679,194,3358,novice
2637,2538,2587,99,5175,grandmaster
2487,2252,2369,235,4739,master
2510,2552,2531,-42,5062,grandmaster
2551,2517,2534,34,5068,grandmaster
2145,2216,2180,-71,4361,average
2325,2253,2289,72,4578,average
2404,2239,2321,165,4643,master
2570,2556,2563,14,5126,grandmaster
2440,2174,2307,266,4614,master
1951,2182,2066,-231,4133,novice
2030,1828,1929,202,3858,novice
2678,2693,2685,-15,5371,grandmaster
1897,2008,1952,-111,3905,novice
2317,2100,2208,217,4417,average
1982,2148,2065,-166,4130,novice
2338,2210,2274,128,4548,average
2443,2521,2482,-78,4964,grandmaster
1439,1600,1519,-161,3039,novice
2470,1968,2219,502,4438,average
2230,2112,2171,118,4342,average
2326,2197,2261,129,4523,average
2316,2258,2287,58,4574,average
2247,2567,2407,-320,4814,master
2275,2133,2204,142,4408,average
2472,2582,2527,-110,5054,grandmaster
2476,2344,2410,132,4820,master
1995,2161,2078,-166,4156,novice
2406,2202,2304,204,4608,master
2368,2418,2393,-50,4786,master
2221,2557,2389,-336,4778,master
2165,2489,2327,-324,4654,master
2413,2249,2331,164,4662,master
2276,2628,2452,-352,4904,grandmaster
2275,2204,2239,71,4479,average
2242,2071,2156,171,4313,average
2142,1981,2061,161,4123,novice
2376,2360,2368,16,4736,master
1917,1692,1804,225,3609,novice
2291,2412,2351,-121,4703,master
2661,2576,2618,85,5237,grandmaster
2125,2475,2300,-350,4600,average
1920,1741,1830,179,3661,novice
2299,1663,1981,636,3962,novice
2006,1923,1964,83,3929,novice
2438,2182,2310,256,4620,master
2171,2362,2266,-191,4533,average
2586,2713,2649,-127,5299,grandmaster
1555,1812,1683,-257,3367,novice
2179,2484,2331,-305,4663,master
2034,2246,2140,-212,4280,average
1961,2005,1983,-44,3966,novice
1688,1865,1776,-177,3553,novice
2307,2270,2288,37,4577,average
2084,1578,1831,506,3662,novice
2506,2600,2553,-94,5106,grandmaster
2120,2245,2182,-125,4365,average
2366,2313,2339,53,4679,master
2511,2616,2563,-105,5127,grandmaster
2410,2429,2419,-19,4839,master
1485,1686,1585,-201,3171,novice
2390,2016,2203,374,4406,average
1923,2408,2165,-485,4331,average
2509,2248,2378,261,4757,master
1847,2300,2073,-453,4147,novice
2486,2389,2437,97,4875,master
2365,2249,2307,116,4614,master
2641,2503,2572,138,5144,grandmaster
2055,1786,1920,269,3841,novice
1949,2182,2065,-233,4131,novice
2489,2714,2601,-225,5203,grandmaster
2282,2158,2220,124,4440,average
2295,2494,2394,-199,4789,master
2311,2512,2411,-201,4823,master
2048,2271,2159,-223,4319,average
2066,1929,1997,137,3995,novice
2079,2354,2216,-275,4433,average
2469,2400,2434,69,4869,master
2391,2231,2311,160,4622,master
2378,2579,2478,-201,4957,grandmaster
2348,2318,2333,30,4666,master
2051,2488,2269,-437,4539,average
2052,2319,2185,-267,4371,average
1929,2254,2091,-325,4183,novice
2552,2378,2465,174,4930,grandmaster
2209,2458,2333,-249,4667,master
2236,2143,2189,93,4379,average
2170,2110,2140,60,4280,average
2058,1799,1928,259,3857,novice
1579,1935,1757,-356,3514,novice
2285,2632,2458,-347,4917,grandmaster
2108,2315,2211,-207,4423,average
2601,2306,2453,295,4907,grandmaster
2157,2058,2107,99,4215,average
2079,1959,2019,120,4038,novice
2041,1719,1880,322,3760,novice
2197,2268,2232,-71,4465,average
1358,1845,1601,-487,3203,novice
2269,1860,2064,409,4129,novice
2115,1832,1973,283,3947,novice
2330,2545,2437,-215,4875,master
2464,2563,2513,-99,5027,grandmaster
2036,2177,2106,-141,4213,average
2562,2497,2529,65,5059,grandmaster
1869,2031,1950,-162,3900,novice
1915,2076,1995,-161,3991,novice
2457,2396,2426,61,4853,master
1979,2238,2108,-259,4217,average
2102,1602,1852,500,3704,novice
2151,2252,2201,-101,4403,average
1810,2242,2026,-432,4052,novice
2375,2509,2442,-134,4884,master
2209,2337,2273,-128,4546,average
2482,2221,2351,261,4703,master
2125,2460,2292,-335,4585,average
2271,2386,2328,-115,4657,master
2239,2021,2130,218,4260,average
2410,2098,2254,312,4508,average
2180,2539,2359,-359,4719,master
2554,2318,2436,236,4872,master
2195,2261,2228,-66,4456,average
2579,2063,2321,516,4642,master
1977,2140,2058,-163,4117,novice
1955,1623,1789,332,3578,novice
1723,1914,1818,-191,3637,novice
2677,2140,2408,537,4817,master
2508,2435,2471,73,4943,grandmaster
2416,2379,2397,37,4795,master
2399,2069,2234,330,4468,average
2359,2498,2428,-139,4857,master
1341,1314,1327,27,2655,novice
2092,2193,2142,-101,4285,average
2115,1912,2013,203,4027,novice
2168,2221,2194,-53,4389,average
2785,2736,2760,49,5521,grandmaster
2535,2485,2510,50,5020,grandmaster
2417,2363,2390,54,4780,master
2182,2291,2236,-109,4473,average
2375,2147,2261,228,4522,average
2472,2432,2452,40,4904,grandmaster
2392,2362,2377,30,4754,master
2370,2460,2415,-90,4830,master
1908,1598,1753,310,3506,novice
2216,2412,2314,-196,4628,master
2101,1575,1838,526,3676,novice
2027,2162,2094,-135,4189,novice
2288,2645,2466,-357,4933,grandmaster
1963,2139,2051,-176,4102,novice
2553,2431,2492,122,4984,grandmaster
2628,2595,2611,33,5223,grandmaster
2444,2258,2351,186,4702,master
2091,2262,2176,-171,4353,average
2474,2621,2547,-147,5095,grandmaster
1992,1711,1851,281,3703,novice
2157,1839,1998,318,3996,novice
2218,1967,2092,251,4185,novice
2222,2215,2218,7,4437,average
2289,2290,2289,-1,4579,average
2026,2138,2082,-112,4164,novice
2404,2454,2429,-50,4858,master
1943,2449,2196,-506,4392,average
2631,2637,2634,-6,5268,grandmaster
2279,2638,2458,-359,4917,grandmaster
2474,2307,2390,167,4781,master
2536,2361,2448,175,4897,master
2176,2273,2224,-97,4449,average
2673,2541,2607,132,5214,grandmaster
2060,2195,2127,-135,4255,average
2184,2328,2256,-144,4512,average
2332,2056,2194,276,4388,average
2544,2380,2462,164,4924,grandmaster
1723,2348,2035,-625,4071,novice
2626,2621,2623,5,5247,grandmaster
1772,1853,1812,-81,3625,novice
2090,1934,2012,156,4024,novice
1965,2120,2042,-155,4085,novice
2124,2277,2200,-153,4401,average
2363,2162,2262,201,4525,average
1659,1987,1823,-328,3646,novice
2575,2634,2604,-59,5209,grandmaster
1962,1909,1935,53,3871,novice
2163,2309,2236,-146,4472,average
2602,2029,2315,573,4631,master
2171,2225,2198,-54,4396,average
1862,1579,1720,283,3441,novice
2303,2376,2339,-73,4679,master
1965,1902,1933,63,3867,novice
2567,2503,2535,64,5070,grandmaster
2592,2662,2627,-70,5254,grandmaster
2235,1967,2101,268,4202,average
1981,2187,2084,-206,4168,novice
2575,2304,2439,271,4879,master
2220,2620,2420,-400,4840,master
2670,2185,2427,485,4855,master
2686,2562,2624,124,5248,grandmaster
2105,2080,2092,25,4185,novice
2345,2195,2270,150,4540,average
1855,2379,2117,-524,4234,average
1862,2236,2049,-374,4098,novice
1842,2077,1959,-235,3919,novice
2567,2577,2572,-10,5144,grandmaster
2505,2263,2384,242,4768,master
2577,2452,2514,125,5029,grandmaster
2651,2673,2662,-22,5324,grandmaster
2030,2225,2127,-195,4255,average
1976,2163,2069,-187,4139,novice
2001,1979,1990,22,3980,novice
2338,2334,2336,4,4672,master
2443,2438,2440,5,4881,master
2140,1999,2069,141,4139,novice
2205,2401,2303,-196,4606,master
2404,2114,2259,290,4518,average
2225,2047,2136,178,4272,average
1661,1978,1819,-317,3639,novice
1917,2108,2012,-191,4025,novice
2298,2136,2217,162,4434,average
2226,1990,2108,236,4216,average
2456,2390,2423,66,4846,master
2228,2211,2219,17,4439,average
2381,2514,2447,-133,4895,master
2056,2200,2128,-144,4256,average
1866,1748,1807,118,3614,novice
1954,1929,1941,25,3883,novice
2117,2316,2216,-199,4433,average
2562,2353,2457,209,4915,grandmaster
2207,2120,2163,87,4327,average
2620,2380,2500,240,5000,grandmaster
2387,2435,2411,-48,4822,master
2391,2471,2431,-80,4862,master
2465,2684,2574,-219,5149,grandmaster
2512,2569,2540,-57,5081,grandmaster
2433,2199,2316,234,4632,master
2142,2245,2193,-103,4387,average
1965,2170,2067,-205,4135,novice
2109,2174,2141,-65,4283,average
2381,2621,2501,-240,5002,grandmaster
2455,2052,2253,403,4507,average
2197,2337,2267,-140,4534,average
2289,1946,2117,343,4235,average
2639,2578,2608,61,5217,grandmaster
1909,1717,1813,192,3626,novice
2618,2574,2596,44,5192,grandmaster
2619,2456,2537,163,5075,grandmaster
2174,1868,2021,306,4042,novice
2033,2711,2372,-678,4744,master
2451,2278,2364,173,4729,master
2334,2220,2277,114,4554,average
2077,2101,2089,-24,4178,novice
2408,2238,2323,170,4646,master
2187,2206,2196,-19,4393,average
2518,2627,2572,-109,5145,grandmaster
1905,2292,2098,-387,4197,novice
1684,2523,2103,-839,4207,average
2518,2342,2430,176,4860,master
2264,2425,2344,-161,4689,master
2358,2526,2442,-168,4884,master
2531,2400,2465,131,4931,grandmaster
2672,2658,2665,14,5330,grandmaster
2407,2343,2375,64,4750,master
2196,1958,2077,238,4154,novice
2213,2007,2110,206,4220,average
2169,1824,1996,345,3993,novice
2532,2373,2452,159,4905,grandmaster
2554,2444,2499,110,4998,grandmaster
2237,2263,2250,-26,4500,average
1663,1650,1656,13,3313,novice
2581,2299,2440,282,4880,master
2598,2620,2609,-22,5218,grandmaster
1998,2093,2045,-95,4091,novice
2482,2277,2379,205,4759,master
2195,2204,2199,-9,4399,average
2194,2327,2260,-133,4521,average
2414,2267,2340,147,4681,master
1934,2238,2086,-304,4172,novice
2427,2583,2505,-156,5010,grandmaster
2191,1746,1968,445,3937,novice
2045,1663,1854,382,3708,novice
2370,2471,2420,-101,4841,master
2563,2683,2623,-120,5246,grandmaster
1570,1723,1646,-153,3293,novice
2434,2193,2313,241,4627,master
2389,2366,2377,23,4755,master
2109,1941,2025,168,4050,novice
2413,2099,2256,314,4512,average
2239,2398,2318,-159,4637,master
2073,2234,2153,-161,4307,average
2288,1753,2020,535,4041,novice
2405,1653,2029,752,4058,novice
2064,1795,1929,269,3859,novice
1601,1915,1758,-314,3516,novice
2616,2340,2478,276,4956,grandmaster
2460,2202,2331,258,4662,master
2718,2494,2606,224,5212,grandmaster
2163,2060,2111,103,4223,average
2610,1871,2240,739,4481,average
1920,2513,2216,-593,4433,average
1920,1598,1759,322,3518,novice
1989,1787,1888,202,3776,novice
2139,2217,2178,-78,4356,average
2769,2698,2733,71,5467,grandmaster
1910,2134,2022,-224,4044,novice
2509,2174,2341,335,4683,master
2214,2057,2135,157,4271,average
2554,2556,2555,-2,5110,grandmaster
2549,2250,2399,299,4799,master
2261,2256,2258,5,4517,average
2718,2581,2649,137,5299,grandmaster
2129,2275,2202,-146,4404,average
2580,2314,2447,266,4894,master
2076,1784,1930,292,3860,novice
2132,2081,2106,51,4213,average
2261,1987,2124,274,4248,average
2502,2563,2532,-61,5065,grandmaster
2372,2559,2465,-187,4931,grandmaster
2339,2051,2195,288,4390,average
2363,2448,2405,-85,4811,master
2589,2458,2523,131,5047,grandmaster
2506,2239,2372,267,4745,master
2291,2129,2210,162,4420,average
2107,2300,2203,-193,4407,average
2230,2375,2302,-145,4605,master
2094,2346,2220,-252,4440,average
2171,2364,2267,-193,4535,average
2308,2088,2198,220,4396,average
1978,1996,1987,-18,3974,novice
2178,2366,2272,-188,4544,average
2449,2323,2386,126,4772,master
2511,2377,2444,134,4888,master
2186,1798,1992,388,3984,novice
2468,2491,2479,-23,4959,grandmaster
2351,2571,2461,-220,4922,grandmaster
1968,1873,1920,95,3841,novice
2587,2462,2524,125,5049,grandmaster
2348,2359,2353,-11,4707,master
2224,2456,2340,-232,4680,master
2250,1972,2111,278,4222,average
2257,2367,2312,-110,4624,master
2255,2451,2353,-196,4706,master
2364,2029,2196,335,4393,average
2224,2205,2214,19,4429,average
2056,2284,2170,-228,4340,average
2485,2507,2496,-22,4992,grandmaster
2182,2126,2154,56,4308,average
1754,1848,1801,-94,3602,novice
2120,2110,2115,10,4230,average
2512,2477,2494,35,4989,grandmaster
1956,2032,1994,-76,3988,novice
2166,2090,2128,76,4256,average
2318,2206,2262,112,4524,average
2490,2624,2557,-134,5114,grandmaster
1487,1776,1631,-289,3263,novice
1593,1878,1735,-285,3471,novice
2064,2202,2133,-138,4266,average
2130,2184,2157,-54,4314,average
2327,2217,2272,110,4544,average
2380,2564,2472,-184,4944,grandmaster
2063,2522,2292,-459,4585,average
1824,1641,1732,183,3465,novice
2005,1800,1902,205,3805,novice
2303,2222,2262,81,4525,average
2080,1817,1948,263,3897,novice
1716,1722,1719,-6,3438,novice
2139,1928,2033,211,4067,novice
1885,1930,1907,-45,3815,novice
2638,2518,2578,120,5156,grandmaster
2477,2207,2342,270,4684,master
2102,2181,2141,-79,4283,average
2460,2457,2458,3,4917,grandmaster
2222,2402,2312,-180,4624,master
2262,2034,2148,228,4296,average
2711,2658,2684,53,5369,grandmaster
2205,2275,2240,-70,4480,average
2144,1942,2043,202,4086,novice
1977,2026,2001,-49,4003,novice
2235,2390,2312,-155,4625,master
2233,2295,2264,-62,4528,average
1607,1645,1626,-38,3252,novice
2066,1735,1900,331,3801,novice
2202,2359,2280,-157,4561,average
2230,2169,2199,61,4399,average
2390,2370,2380,20,4760,master
2420,2343,2381,77,4763,master
2416,2449,2432,-33,4865,master
2453,2437,2445,16,4890,master
2326,2523,2424,-197,4849,master
2469,2097,2283,372,4566,average
2473,2172,2322,301,4645,master
2203,2534,2368,-331,4737,master
2534,2387,2460,147,4921,grandmaster
2134,2107,2120,27,4241,average
2221,2076,2148,145,4297,average
2223,2246,2234,-23,4469,average
2585,1965,2275,620,4550,average
2321,2501,2411,-180,4822,master
2172,2113,2142,59,4285,average
2403,2611,2507,-208,5014,grandmaster
1651,1892,1771,-241,3543,novice
1996,2166,2081,-170,4162,novice
2551,2472,2511,79,5023,grandmaster
2674,2572,2623,102,5246,grandmaster
2028,1977,2002,51,4005,novice
1984,1718,1851,266,3702,novice
2020,2011,2015,9,4031,novice
2089,2262,2175,-173,4351,average
2407,2378,2392,29,4785,master
2101,1767,1934,334,3868,novice
2732,2769,2750,-37,5501,grandmaster
2666,2628,2647,38,5294,grandmaster
2622,2534,2578,88,5156,grandmaster
1755,1905,1830,-150,3660,novice
1942,2271,2106,-329,4213,average
2327,1799,2063,528,4126,novice
2235,2090,2162,145,4325,average
2025,1840,1932,185,3865,novice
2440,2160,2300,280,4600,average
2508,2202,2355,306,4710,master
2212,1949,2080,263,4161,novice
2094,2369,2231,-275,4463,average
1607,2367,1987,-760,3974,novice
2506,2390,2448,116,4896,master
2293,2114,2203,179,4407,average
2282,1677,1979,605,3959,novice
1819,2509,2164,-690,4328,average
2429,2219,2324,210,4648,master
1831,2100,1965,-269,3931,novice
2269,2060,2164,209,4329,average
1517,1545,1531,-28,3062,novice
2308,2352,2330,-44,4660,master
2235,2275,2255,-40,4510,average
2206,1976,2091,230,4182,novice
2520,2213,2366,307,4733,master
2581,2288,2434,293,4869,master
2131,2610,2370,-479,4741,master
2575,2473,2524,102,5048,grandmaster
1777,1604,1690,173,3381,novice
2444,2221,2332,223,4665,master
2386,2255,2320,131,4641,master
2308,2349,2328,-41,4657,master
2034,2158,2096,-124,4192,novice
2409,2378,2393,31,4787,master
2054,2206,2130,-152,4260,average
2334,2339,2336,-5,4673,master
2334,2182,2258,152,4516,average
1957,2019,1988,-62,3976,novice
2086,1991,2038,95,4077,novice
2462,2528,2495,-66,4990,grandmaster
1946,1696,1821,250,3642,novice
2005,2232,2118,-227,4237,average
2629,2336,2482,293,4965,grandmaster
1802,2143,1972,-341,3945,novice
1992,2120,2056,-128,4112,novice
1899,2461,2180,-562,4360,average
1908,2483,2195,-575,4391,average
1694,2035,1864,-341,3729,novice
2073,2376,2224,-303,4449,average
2362,2125,2243,237,4487,average
1886,1830,1858,56,3716,novice
2397,2616,2506,-219,5013,grandmaster
2567,2507,2537,60,5074,grandmaster
1915,1860,1887,55,3775,novice
2562,2185,2373,377,4747,master
2086,2571,2328,-485,4657,master
2443,2368,2405,75,4811,master
2421,2570,2495,-149,4991,grandmaster
1871,1555,1713,316,3426,novice
2427,2036,2231,391,4463,average
2140,1982,2061,158,4122,novice
2301,2249,2275,52,4550,average
2108,2383,2245,-275,4491,average
2048,2046,2047,2,4094,novice
2241,2129,2185,112,4370,average
2379,2635,2507,-256,5014,grandmaster
2357,2122,2239,235,4479,average
2681,2499,2590,182,5180,grandmaster
2483,2480,2481,3,4963,grandmaster
2148,2300,2224,-152,4448,average
2483,2609,2546,-126,5092,grandmaster
2721,2500,2610,221,5221,grandmaster
2289,2108,2198,181,4397,average
2684,2366,2525,318,5050,grandmaster
2387,2219,2303,168,4606,master
2066,1950,2008,116,4016,novice
2447,2520,2483,-73,4967,grandmaster
2374,2521,2447,-147,4895,master
2341,2321,2331,20,4662,master
2383,2710,2546,-327,5093,grandmaster
2237,2117,2177,120,4354,average
2141,2284,2212,-143,4425,average
2458,2308,2383,150,4766,master
2602,2539,2570,63,5141,grandmaster
1827,1932,1879,-105,3759,novice
2577,2191,2384,386,4768,master
2622,2665,2643,-43,5287,grandmaster
1469,2015,1742,-546,3484,novice
2007,2271,2139,-264,4278,average
2373,2592,2482,-219,4965,grandmaster
2056,2521,2288,-465,4577,average
1844,2016,1930,-172,3860,novice
2340,2321,2330,19,4661,master
2460,2017,2238,443,4477,average
1861,1705,1783,156,3566,novice
1909,1836,1872,73,3745,novice
2133,2318,2225,-185,4451,average
1941,2131,2036,-190,4072,novice
2379,2089,2234,290,4468,average
2074,2277,2175,-203,4351,average
2542,2632,2587,-90,5174,grandmaster
2418,2427,2422,-9,4845,master
2503,2241,2372,262,4744,master
1740,1944,1842,-204,3684,novice
1730,1948,1839,-218,3678,novice
2406,2207,2306,199,4613,master
2403,2580,2491,-177,4983,grandmaster
2267,2570,2418,-303,4837,master
2310,2209,2259,101,4519,average
2229,1968,2098,261,4197,novice
2047,2316,2181,-269,4363,average
2327,2308,2317,19,4635,master
2135,2295,2215,-160,4430,average
1988,1683,1835,305,3671,novice
2374,2322,2348,52,4696,master
2472,2627,2549,-155,5099,grandmaster
2285,2142,2213,143,4427,average
2124,1903,2013,221,4027,novice
2528,2438,2483,90,4966,grandmaster
2138,1954,2046,184,4092,novice
2730,2791,2760,-61,5521,grandmaster
2741,2647,2694,94,5388,grandmaster
2223,2439,2331,-216,4662,master
2339,2322,2330,17,4661,master
2034,2061,2047,-27,4095,novice
2298,2212,2255,86,4510,average
2521,2285,2403,236,4806,master
2287,2411,2349,-124,4698,master
2595,2418,2506,177,5013,grandmaster
2311,1984,2147,327,4295,average
2504,2710,2607,-206,5214,grandmaster
2709,2581,2645,128,5290,grandmaster
1910,2150,2030,-240,4060,novice
2176,2435,2305,-259,4611,master
1973,1941,1957,32,3914,novice
1976,2201,2088,-225,4177,novice
2525,2394,2459,131,4919,grandmaster
2074,2489,2281,-415,4563,average
2493,2448,2470,45,4941,grandmaster
1880,2427,2153,-547,4307,average
1738,2011,1874,-273,3749,novice
2543,2556,2549,-13,5099,grandmaster
2356,2491,2423,-135,4847,master
1923,1821,1872,102,3744,novice
1676,1907,1791,-231,3583,novice
1944,2143,2043,-199,4087,novice
2216,2414,2315,-198,4630,master
2356,2036,2196,320,4392,average
1828,1640,1734,188,3468,novice
2551,2401,2476,150,4952,grandmaster
2294,2434,2364,-140,4728,master
2250,2392,2321,-142,4642,master
1772,2375,2073,-603,4147,novice
2571,2702,2636,-131,5273,grandmaster
2229,2138,2183,91,4367,average
2511,2550,2530,-39,5061,grandmaster
2169,2387,2278,-218,4556,average
2564,2424,2494,140,4988,grandmaster
2236,2236,2236,0,4472,average
2551,2437,2494,114,4988,grandmaster
2202,2118,2160,84,4320,average
1818,2098,1958,-280,3916,novice
2461,2125,2293,336,4586,average
2521,2218,2369,303,4739,master
2231,2373,2302,-142,4604,master
2471,2312,2391,159,4783,master
2133,1886,2009,247,4019,novice
2265,2079,2172,186,4344,average
2524,2501,2512,23,5025,grandmaster
1704,1605,1654,99,3309,novice
2300,2293,2296,7,4593,average
2384,2265,2324,119,4649,master
2153,2255,2204,-102,4408,average
2482,2502,2492,-20,4984,grandmaster
2233,2015,2124,218,4248,average
2478,2640,2559,-162,5118,grandmaster
2095,2175,2135,-80,4270,average
2295,2210,2252,85,4505,average
2538,2660,2599,-122,5198,grandmaster
2442,2309,2375,133,4751,master
2148,1870,2009,278,4018,novice
2399,2227,2313,172,4626,master
2188,2017,2102,171,4205,average
2063,2234,2148,-171,4297,average
1298,1620,1459,-322,2918,novice
2186,2447,2316,-261,4633,master
2657,2717,2687,-60,5374,grandmaster
2378,2592,2485,-214,4970,grandmaster
1990,2208,2099,-218,4198,novice
2307,2216,2261,91,4523,average
2214,1879,2046,335,4093,novice
2596,2445,2520,151,5041,grandmaster
2524,2307,2415,217,4831,master
2117,2235,2176,-118,4352,average
2206,2187,2196,19,4393,average
2080,1845,1962,235,3925,novice
2479,2712,2595,-233,5191,grandmaster
1664,2169,1916,-505,3833,novice
2649,2438,2543,211,5087,grandmaster
2614,2423,2518,191,5037,grandmaster
2460,2172,2316,288,4632,master
2172,1979,2075,193,4151,novice
2557,2178,2367,379,4735,master
2255,2436,2345,-181,4691,master
2455,2296,2375,159,4751,master
2382,2599,2490,-217,4981,grandmaster
2513,2438,2475,75,4951,grandmaster
2345,2154,2249,191,4499,average
2304,2454,2379,-150,4758,master
2100,1818,1959,282,3918,novice
2467,2660,2563,-193,5127,grandmaster
1942,2254,2098,-312,4196,novice
2026,2224,2125,-198,4250,average
2448,2377,2412,71,4825,master
2249,2095,2172,154,4344,average
2319,2115,2217,204,4434,average
2652,2291,2471,361,4943,grandmaster
2655,2549,2602,106,5204,grandmaster
2004,2309,2156,-305,4313,average
2377,2642,2509,-265,5019,grandmaster
2159,2210,2184,-51,4369,average
2252,2508,2380,-256,4760,master
2538,2547,2542,-9,5085,grandmaster
2419,2488,2453,-69,4907,grandmaster
2479,2280,2379,199,4759,master
2042,2048,2045,-6,4090,novice
2709,2830,2769,-121,5539,grandmaster
2620,2713,2666,-93,5333,grandmaster
2064,2442,2253,-378,4506,average
1932,1730,1831,202,3662,novice
1655,2289,1972,-634,3944,novice
2559,2326,2442,233,4885,master
2000,2151,2075,-151,4151,novice
2520,2392,2456,128,4912,grandmaster
2317,2257,2287,60,4574,average
2277,2397,2337,-120,4674,master
1729,1428,1578,301,3157,novice
2362,2205,2283,157,4567,average
2189,2350,2269,-161,4539,average
2456,2495,2475,-39,4951,grandmaster
1845,2108,1976,-263,3953,novice
1893,1367,1630,526,3260,novice
1989,1851,1920,138,3840,novice
2425,2603,2514,-178,5028,grandmaster
2304,2229,2266,75,4533,average
2345,2175,2260,170,4520,average
2027,1989,2008,38,4016,novice
2506,2590,2548,-84,5096,grandmaster
2305,2545,2425,-240,4850,master
2317,2203,2260,114,4520,average
1848,1999,1923,-151,3847,novice
2037,2290,2163,-253,4327,average
1926,1893,1909,33,3819,novice
2273,2259,2266,14,4532,average
2210,1995,2102,215,4205,average
2516,2381,2448,135,4897,master
1847,1745,1796,102,3592,novice
2527,2601,2564,-74,5128,grandmaster
2196,2077,2136,119,4273,average
2051,2171,2111,-120,4222,average
2525,2367,2446,158,4892,master
1808,2265,2036,-457,4073,novice
2181,2326,2253,-145,4507,average
2518,2638,2578,-120,5156,grandmaster
2067,2487,2277,-420,4554,average
1482,1818,1650,-336,3300,novice
2530,2551,2540,-21,5081,grandmaster
2560,2609,2584,-49,5169,grandmaster
2293,2516,2404,-223,4809,master
2197,2287,2242,-90,4484,average
1994,2298,2146,-304,4292,average
2186,2600,2393,-414,4786,master
2158,2012,2085,146,4170,novice
2334,2304,2319,30,4638,master
1730,2048,1889,-318,3778,novice
2548,2408,2478,140,4956,grandmaster
2039,1934,1986,105,3973,novice
2368,2345,2356,23,4713,master
1646,2062,1854,-416,3708,novice
2469,2496,2482,-27,4965,grandmaster
1697,1626,1661,71,3323,novice
2422,2259,2340,163,4681,master
2166,1939,2052,227,4105,novice
1702,1947,1824,-245,3649,novice
2292,2441,2366,-149,4733,master
2466,2072,2269,394,4538,average
2362,2515,2438,-153,4877,master
2512,2402,2457,110,4914,grandmaster
2308,2460,2384,-152,4768,master
2489,1977,2233,512,4466,average
1866,2082,1974,-216,3948,novice
2203,2258,2230,-55,4461,average
2495,2416,2455,79,4911,grandmaster
2056,1883,1969,173,3939,novice
2053,2281,2167,-228,4334,average
1652,1884,1768,-232,3536,novice
1572,1743,1657,-171,3315,novice
2689,2531,2610,158,5220,grandmaster
2196,2511,2353,-315,4707,master
2584,2566,2575,18,5150,grandmaster
2012,2169,2090,-157,4181,novice
2625,2562,2593,63,5187,grandmaster
1868,2148,2008,-280,4016,novice
2409,2179,2294,230,4588,average
2460,2494,2477,-34,4954,grandmaster
2183,2347,2265,-164,4530,average
2073,1751,1912,322,3824,novice
2526,2384,2455,142,4910,grandmaster
2601,2460,2530,141,5061,grandmaster
2449,2383,2416,66,4832,master
2110,2253,2181,-143,4363,average
1875,1602,1738,273,3477,novice
2347,2189,2268,158,4536,average
2482,2623,2552,-141,5105,grandmaster
2317,1972,2144,345,4289,average
2320,2471,2395,-151,4791,master
2554,2592,2573,-38,5146,grandmaster
1769,2043,1906,-274,3812,novice
2600,2442,2521,158,5042,grandmaster
1962,1853,1907,109,3815,novice
2552,2342,2447,210,4894,master
2289,2278,2283,11,4567,average
2472,2605,2538,-133,5077,grandmaster
2538,2646,2592,-108,5184,grandmaster
2391,2375,2383,16,4766,master
2122,2265,2193,-143,4387,average
2516,2323,2419,193,4839,master
1712,2008,1860,-296,3720,novice
2222,2144,2183,78,4366,average
2394,2106,2250,288,4500,average
2011,2165,2088,-154,4176,novice
2226,2057,2141,169,4283,average
1980,1790,1885,190,3770,novice
2386,2462,2424,-76,4848,master
2237,1952,2094,285,4189,novice
2103,2208,2155,-105,4311,average
2108,1675,1891,433,3783,novice
2346,2431,2388,-85,4777,master
2364,2350,2357,14,4714,master
2291,2421,2356,-130,4712,master
2621,2150,2385,471,4771,master
2693,2749,2721,-56,5442,grandmaster
2274,2069,2171,205,4343,average
1962,2638,2300,-676,4600,average
2077,1912,1994,165,3989,novice
2115,2441,2278,-326,4556,average
1965,1994,1979,-29,3959,novice
2215,1960,2087,255,4175,novice
1886,2014,1950,-128,3900,novice
2002,2366,2184,-364,4368,average
2487,2373,2430,114,4860,master
2217,2557,2387,-340,4774,master
2032,2049,2040,-17,4081,novice
1899,2189,2044,-290,4088,novice
1945,2100,2022,-155,4045,novice
2068,2596,2332,-528,4664,master
2539,2268,2403,271,4807,master
2066,2278,2172,-212,4344,average
2676,2471,2573,205,5147,grandmaster
1778,2455,2116,-677,4233,average
2224,2254,2239,-30,4478,average
2254,2410,2332,-156,4664,master
2525,2122,2323,403,4647,master
2419,2669,2544,-250,5088,grandmaster
2056,2326,2191,-270,4382,average
2664,2229,2446,435,4893,master
2561,2709,2635,-148,5270,grandmaster
2097,2017,2057,80,4114,novice
1929,1630,1779,299,3559,novice
2426,2233,2329,193,4659,master
2032,2287,2159,-255,4319,average
2080,2267,2173,-187,4347,average
2738,2749,2743,-11,5487,grandmaster
2463,2337,2400,126,4800,master
2479,2633,2556,-154,5112,grandmaster
2263,2404,2333,-141,4667,master
2540,2424,2482,116,4964,grandmaster
2446,2288,2367,158,4734,master
2382,2512,2447,-130,4894,master
2183,2062,2122,121,4245,average
2132,2322,2227,-190,4454,average
2249,2272,2260,-23,4521,average
2419,2287,2353,132,4706,master
1770,2067,1918,-297,3837,novice
2516,2401,2458,115,4917,grandmaster
1892,2297,2094,-405,4189,novice
2708,2524,2616,184,5232,grandmaster
2297,2213,2255,84,4510,average
2355,2072,2213,283,4427,average
2741,2742,2741,-1,5483,grandmaster
1926,2070,1998,-144,3996,novice
2146,2390,2268,-244,4536,average
2164,2401,2282,-237,4565,average
2586,2415,2500,171,5001,grandmaster
2454,2595,2524,-141,5049,grandmaster
2120,2258,2189,-138,4378,average
1398,1291,1344,107,2689,novice
2339,2457,2398,-118,4796,master
2158,2385,2271,-227,4543,average
1888,2115,2001,-227,4003,novice
2460,2290,2375,170,4750,master
2429,2566,2497,-137,4995,grandmaster
2443,2252,2347,191,4695,master
2506,2356,2431,150,4862,master
2335,2002,2168,333,4337,average
1956,2230,2093,-274,4186,novice
2339,2563,2451,-224,4902,grandmaster
2124,2417,2270,-293,4541,average
1982,2182,2082,-200,4164,novice
2747,2683,2715,64,5430,grandmaster
2108,2286,2197,-178,4394,average
2311,2295,2303,16,4606,master
2155,2441,2298,-286,4596,average
2298,2318,2308,-20,4616,master
2400,2549,2474,-149,4949,grandmaster
2234,2500,2367,-266,4734,master
2363,2149,2256,214,4512,average
2358,2132,2245,226,4490,average
2290,2501,2395,-211,4791,master
2273,2435,2354,-162,4708,master
2487,2248,2367,239,4735,master
2101,2117,2109,-16,4218,average
2512,2368,2440,144,4880,master
2671,2437,2554,234,5108,grandmaster
2430,2546,2488,-116,4976,grandmaster
2535,2147,2341,388,4682,master
2237,1956,2096,281,4193,novice
2200,1964,2082,236,4164,novice
2221,2016,2118,205,4237,average
2463,2213,2338,250,4676,master
2122,2305,2213,-183,4427,average
2501,2245,2373,256,4746,master
2529,2001,2265,528,4530,average
2419,2352,2385,67,4771,master
2277,2482,2379,-205,4759,master
1973,2184,2078,-211,4157,novice
1918,2096,2007,-178,4014,novice
2113,2535,2324,-422,4648,master
1926,1844,1885,82,3770,novice
2459,2394,2426,65,4853,master
1788,1647,1717,141,3435,novice
1563,1716,1639,-153,3279,novice
2434,2200,2317,234,4634,master
1904,2315,2109,-411,4219,average
2326,2255,2290,71,4581,average
2628,2579,2603,49,5207,grandmaster
1960,1959,1959,1,3919,novice
2171,2492,2331,-321,4663,master
1944,2188,2066,-244,4132,novice
1978,2251,2114,-273,4229,average
2357,2239,2298,118,4596,average
2191,2275,2233,-84,4466,average
2245,2036,2140,209,4281,average
2070,1927,1998,143,3997,novice
2252,1965,2108,287,4217,average
1801,1762,1781,39,3563,novice
2070,1957,2013,113,4027,novice
2342,2483,2412,-141,4825,master
2123,2303,2213,-180,4426,average
2169,1981,2075,188,4150,novice
2194,1920,2057,274,4114,novice
2059,1922,1990,137,3981,novice
1807,2051,1929,-244,3858,novice
2621,2587,2604,34,5208,grandmaster
2328,2148,2238,180,4476,average
2501,2560,2530,-59,5061,grandmaster
2646,2443,2544,203,5089,grandmaster
2325,2167,2246,158,4492,average
2263,2109,2186,154,4372,average
2355,2373,2364,-18,4728,master
2016,1557,1786,459,3573,novice
2149,2202,2175,-53,4351,average
2635,2672,2653,-37,5307,grandmaster
2492,2257,2374,235,4749,master
2190,2406,2298,-216,4596,average
2263,2227,2245,36,4490,average
2235,2368,2301,-133,4603,master
1685,1863,1774,-178,3548,novice
2207,2428,2317,-221,4635,master
1899,2527,2213,-628,4426,average
1852,1628,1740,224,3480,novice
2329,2104,2216,225,4433,average
1322,1278,1300,44,2600,novice
2036,2190,2113,-154,4226,average
2065,1822,1943,243,3887,novice
1980,2155,2067,-175,4135,novice
2323,2553,2438,-230,4876,master
2153,2478,2315,-325,4631,master
2713,2675,2694,38,5388,grandmaster
1950,2218,2084,-268,4168,novice
2264,2503,2383,-239,4767,master
2153,2129,2141,24,4282,average
2311,1944,2127,367,4255,average
2086,2116,2101,-30,4202,average
2499,2274,2386,225,4773,master
2272,2048,2160,224,4320,average
2119,2229,2174,-110,4348,average
2094,2390,2242,-296,4484,average
2400,2315,2357,85,4715,master
2378,2377,2377,1,4755,master
2275,1845,2060,430,4120,novice
2376,2396,2386,-20,4772,master
2118,2299,2208,-181,4417,average
2125,2258,2191,-133,4383,average
2679,2196,2437,483,4875,master
2362,2354,2358,8,4716,master
2395,2508,2451,-113,4903,grandmaster
2430,2275,2352,155,4705,master
2362,2026,2194,336,4388,average
1954,2157,2055,-203,4111,novice
2571,2474,2522,97,5045,grandmaster
2490,2007,2248,483,4497,average
2430,2506,2468,-76,4936,grandmaster
2314,2542,2428,-228,4856,master
2298,2165,2231,133,4463,average
2017,1820,1918,197,3837,novice
2149,2344,2246,-195,4493,average
2102,1832,1967,270,3934,novice
2210,1834,2022,376,4044,novice
2137,2002,2069,135,4139,novice
2626,2545,2585,81,5171,grandmaster
2640,2567,2603,73,5207,grandmaster
2393,2345,2369,48,4738,master
2496,2142,2319,354,4638,master
2367,2134,2250,233,4501,average
2212,2489,2350,-277,4701,master
1859,1948,1903,-89,3807,novice
2328,2140,2234,188,4468,average
2227,2166,2196,61,4393,average
2241,2367,2304,-126,4608,master
2274,1839,2056,435,4113,novice
2155,2438,2296,-283,4593,average
1865,1828,1846,37,3693,novice
2546,2143,2344,403,4689,master
2183,2021,2102,162,4204,average
2004,1848,1926,156,3852,novice
1702,1520,1611,182,3222,novice
2045,2208,2126,-163,4253,average
2216,2252,2234,-36,4468,average
2437,2351,2394,86,4788,master
2193,2396,2294,-203,4589,average
1945,2073,2009,-128,4018,novice
1913,2252,2082,-339,4165,novice
2215,2470,2342,-255,4685,master
2410,2216,2313,194,4626,master
2321,2264,2292,57,4585,average
2549,2301,2425,248,4850,master
2133,2343,2238,-210,4476,average
2351,2387,2369,-36,4738,master
2222,2270,2246,-48,4492,average
2271,2348,2309,-77,4619,master
2229,2320,2274,-91,4549,average
2413,2417,2415,-4,4830,master
2014,2067,2040,-53,4081,novice
2354,2561,2457,-207,4915,grandmaster
2112,1823,1967,289,3935,novice
2256,2429,2342,-173,4685,master
2379,2358,2368,21,4737,master
2557,2382,2469,175,4939,grandmaster
2199,2518,2358,-319,4717,master
2607,2527,2567,80,5134,grandmaster
2254,1707,1980,547,3961,novice
2100,2211,2155,-111,4311,average
1992,1809,1900,183,3801,novice
1919,1762,1840,157,3681,novice
2425,2256,2340,169,4681,master
2434,2558,2496,-124,4992,grandmaster
2246,2401,2323,-155,4647,master
2336,2579,2457,-243,4915,grandmaster
2299,1776,2037,523,4075,novice
2713,2782,2747,-69,5495,grandmaster
2551,2332,2441,219,4883,master
1861,2171,2016,-310,4032,novice
1981,2458,2219,-477,4439,average
1863,2362,2112,-499,4225,average
2386,2682,2534,-296,5068,grandmaster
2263,2002,2132,261,4265,average
2100,1952,2026,148,4052,novice
1621,1477,1549,144,3098,novice
2604,2611,2607,-7,5215,grandmaster
2351,2363,2357,-12,4714,master
2366,2239,2302,127,4605,master
2741,2758,2749,-17,5499,grandmaster
2032,2474,2253,-442,4506,average
2368,2604,2486,-236,4972,grandmaster
2159,2422,2290,-263,4581,average
2073,2389,2231,-316,4462,average
2627,2504,2565,123,5131,grandmaster
1709,1589,1649,120,3298,novice
2381,2130,2255,251,4511,average
2064,2253,2158,-189,4317,average
1951,1598,1774,353,3549,novice
2029,2385,2207,-356,4414,average
2025,1989,2007,36,4014,novice
2436,2032,2234,404,4468,average
1879,2084,1981,-205,3963,novice
2289,2242,2265,47,4531,average
2423,2224,2323,199,4647,master
2421,2268,2344,153,4689,master
2422,2351,2386,71,4773,master
2123,1944,2033,179,4067,novice
2026,1958,1992,68,3984,novice
1892,2335,2113,-443,4227,average
2351,2050,2200,301,4401,average
2548,2557,2552,-9,5105,grandmaster
2073,1997,2035,76,4070,novice
2450,2394,2422,56,4844,master
2168,2249,2208,-81,4417,average
2636,2441,2538,195,5077,grandmaster
2474,2223,2348,251,4697,master
2117,2069,2093,48,4186,novice
2538,2307,2422,231,4845,master
1917,1863,1890,54,3780,novice
2359,2276,2317,83,4635,master
2281,2423,2352,-142,4704,master
2371,2509,2440,-138,4880,master
2503,1826,2164,677,4329,average
1985,1892,1938,93,3877,novice
2188,2006,2097,182,4194,novice
2321,1985,2153,336,4306,average
2502,2521,2511,-19,5023,grandmaster
2253,2274,2263,-21,4527,average
2496,2196,2346,300,4692,master
2121,2215,2168,-94,4336,average
2323,2415,2369,-92,4738,master
2425,2477,2451,-52,4902,grandmaster
2532,2569,2550,-37,5101,grandmaster
2709,2536,2622,173,5245,grandmaster
2368,2304,2336,64,4672,master
2554,2287,2420,267,4841,master
2543,2496,2519,47,5039,grandmaster
2180,2219,2199,-39,4399,average
1847,1558,1702,289,3405,novice
2443,2370,2406,73,4813,master
2006,2420,2213,-414,4426,average
2531,2507,2519,24,5038,grandmaster
2395,2392,2393,3,4787,master
2458,2499,2478,-41,4957,grandmaster
2374,2365,2369,9,4739,master
2013,2128,2070,-115,4141,novice
2112,2340,2226,-228,4452,average
2381,2500,2440,-119,4881,master
2244,2268,2256,-24,4512,average
2089,1929,2009,160,4018,novice
1783,2247,2015,-464,4030,novice
1782,2195,1988,-413,3977,novice
2291,2086,2188,205,4377,average
2295,2451,2373,-156,4746,master
1904,1954,1929,-50,3858,novice
2291,2409,2350,-118,4700,master
2120,2003,2061,117,4123,novice
2161,2215,2188,-54,4376,average
1893,2297,2095,-404,4190,novice
2207,2386,2296,-179,4593,average
2269,2469,2369,-200,4738,master
2070,2319,2194,-249,4389,average
2256,2014,2135,242,4270,average
2232,2278,2255,-46,4510,average
1943,1777,1860,166,3720,novice
2285,2208,2246,77,4493,average
2276,2622,2449,-346,4898,master
2460,2525,2492,-65,4985,grandmaster
2449,1891,2170,558,4340,average
2541,2456,2498,85,4997,grandmaster
2463,2495,2479,-32,4958,grandmaster
2039,2056,2047,-17,4095,novice
2061,1865,1963,196,3926,novice
2061,1866,1963,195,3927,novice
2098,2269,2183,-171,4367,average
2234,2237,2235,-3,4471,average
2471,2336,2403,135,4807,master
2050,1919,1984,131,3969,novice
2538,2367,2452,171,4905,grandmaster
2045,2382,2213,-337,4427,average
2518,2634,2576,-116,5152,grandmaster
1962,2131,2046,-169,4093,novice
2637,2713,2675,-76,5350,grandmaster
2504,2306,2405,198,4810,master
2107,2376,2241,-269,4483,average
2514,2318,2416,196,4832,master
2598,2335,2466,263,4933,grandmaster
1483,1524,1503,-41,3007,novice
1969,2369,2169,-400,4338,average
2602,2741,2671,-139,5343,grandmaster
2247,2345,2296,-98,4592,average
2049,1899,1974,150,3948,novice
2211,2350,2280,-139,4561,average
1831,2111,1971,-280,3942,novice
2270,2375,2322,-105,4645,master
2757,2787,2772,-30,5544,grandmaster
2632,2484,2558,148,5116,grandmaster
2160,2308,2234,-148,4468,average
2591,2230,2410,361,4821,master
2036,2197,2116,-161,4233,average
2104,2220,2162,-116,4324,average
1860,1993,1926,-133,3853,novice
2365,2644,2504,-279,5009,grandmaster
2419,2069,2244,350,4488,average
2002,2126,2064,-124,4128,novice
2273,2124,2198,149,4397,average
2027,1978,2002,49,4005,novice
2157,2271,2214,-114,4428,average
2215,2445,2330,-230,4660,master
2449,2315,2382,134,4764,master
2092,1945,2018,147,4037,novice
2156,2266,2211,-110,4422,average
2439,1952,2195,487,4391,average
1674,1905,1789,-231,3579,novice
2401,2306,2353,95,4707,master
1814,1999,1906,-185,3813,novice
2575,2700,2637,-125,5275,grandmaster
2333,2231,2282,102,4564,average
1997,2046,2021,-49,4043,novice
2126,2457,2291,-331,4583,average
2033,2132,2082,-99,4165,novice
1826,2006,1916,-180,3832,novice
2464,2509,2486,-45,4973,grandmaster
2229,2406,2317,-177,4635,master
2189,2447,2318,-258,4636,master
2602,2486,2544,116,5088,grandmaster
2316,1882,2099,434,4198,novice
2484,2594,2539,-110,5078,grandmaster
2449,2099,2274,350,4548,average
2224,2038,2131,186,4262,average
2230,2300,2265,-70,4530,average
2277,2650,2463,-373,4927,grandmaster
2444,2510,2477,-66,4954,grandmaster
2287,2487,2387,-200,4774,master
2382,2005,2193,377,4387,average
1611,1286,1448,325,2897,novice
2107,2095,2101,12,4202,average
2206,2495,2350,-289,4701,master
2565,2546,2555,19,5111,grandmaster
2427,2564,2495,-137,4991,grandmaster
2011,2064,2037,-53,4075,novice
2250,2265,2257,-15,4515,average
2366,2164,2265,202,4530,average
2159,2342,2250,-183,4501,average
2523,2516,2519,7,5039,grandmaster
2304,2116,2210,188,4420,average
2259,1993,2126,266,4252,average
2211,2272,2241,-61,4483,average
2423,1932,2177,491,4355,average
2017,2459,2238,-442,4476,average
1849,2267,2058,-418,4116,novice
2147,2350,2248,-203,4497,average
2479,2634,2556,-155,5113,grandmaster
2099,2281,2190,-182,4380,average
2323,2461,2392,-138,4784,master
2030,2293,2161,-263,4323,average
2506,2195,2350,311,4701,master
2380,2314,2347,66,4694,master
2216,2096,2156,120,4312,average
2497,2447,2472,50,4944,grandmaster
2630,2616,2623,14,5246,grandmaster
1953,2134,2043,-181,4087,novice
2464,2698,2581,-234,5162,grandmaster
2225,2274,2249,-49,4499,average
2632,2588,2610,44,5220,grandmaster
2172,2617,2394,-445,4789,master
2375,2037,2206,338,4412,average
1396,1806,1601,-410,3202,novice
2482,2276,2379,206,4758,master
1793,2522,2157,-729,4315,average
1851,2054,1952,-203,3905,novice
2473,2554,2513,-81,5027,grandmaster
2473,2407,2440,66,4880,master
2543,2527,2535,16,5070,grandmaster
2584,2574,2579,10,5158,grandmaster
1658,1849,1753,-191,3507,novice
2381,2509,2445,-128,4890,master
1987,2198,2092,-211,4185,novice
2118,2351,2234,-233,4469,average
2214,1929,2071,285,4143,novice
2240,2250,2245,-10,4490,average
2595,2562,2578,33,5157,grandmaster
2264,1514,1889,750,3778,novice
2297,2210,2253,87,4507,average
2146,2195,2170,-49,4341,average
2428,2584,2506,-156,5012,grandmaster
2217,2124,2170,93,4341,average
2274,2284,2279,-10,4558,average
2109,1697,1903,412,3806,novice
2416,2382,2399,34,4798,master
2460,2278,2369,182,4738,master
1977,2077,2027,-100,4054,novice
2320,1873,2096,447,4193,novice
2186,2335,2260,-149,4521,average
1842,2583,2212,-741,4425,average
2307,2039,2173,268,4346,average
2645,2318,2481,327,4963,grandmaster
2515,2450,2482,65,4965,grandmaster
2110,1786,1948,324,3896,novice
2574,2648,2611,-74,5222,grandmaster
2073,2226,2149,-153,4299,average
2529,2417,2473,112,4946,grandmaster
2557,2629,2593,-72,5186,grandmaster
2243,2216,2229,27,4459,average
2508,2408,2458,100,4916,grandmaster
2517,2294,2405,223,4811,master
1856,1700,1778,156,3556,novice
2216,2179,2197,37,4395,average
2556,2249,2402,307,4805,master
2236,1852,2044,384,4088,novice
2727,2772,2749,-45,5499,grandmaster
2524,2628,2576,-104,5152,grandmaster
2339,2078,2208,261,4417,average
2443,2416,2429,27,4859,master
2065,2203,2134,-138,4268,average
1846,2244,2045,-398,4090,novice
1917,2467,2192,-550,4384,average
2087,2377,2232,-290,4464,average
2239,2088,2163,151,4327,average
2073,2292,2182,-219,4365,average
2189,1978,2083,211,4167,novice
2003,2138,2070,-135,4141,novice
2377,2176,2276,201,4553,average
2587,2405,2496,182,4992,grandmaster
2404,2159,2281,245,4563,average
2227,2388,2307,-161,4615,master
1993,2390,2191,-397,4383,average
1961,2531,2246,-570,4492,average
2514,2602,2558,-88,5116,grandmaster
2145,2115,2130,30,4260,average
2117,2201,2159,-84,4318,average
2164,2135,2149,29,4299,average
2258,2275,2266,-17,4533,average
2523,2644,2583,-121,5167,grandmaster
2654,2445,2549,209,5099,grandmaster
2096,2403,2249,-307,4499,average
2000,1808,1904,192,3808,novice
2512,2570,2541,-58,5082,grandmaster
2548,2410,2479,138,4958,grandmaster
1849,1808,1828,41,3657,novice
2354,2419,2386,-65,4773,master
2522,2600,2561,-78,5122,grandmaster
2559,2524,2541,35,5083,grandmaster
2417,2655,2536,-238,5072,grandmaster
2454,2183,2318,271,4637,master
2361,2360,2360,1,4721,master
1913,1778,1845,135,3691,novice
1995,2110,2052,-115,4105,novice
2282,2135,2208,147,4417,average
1633,1764,1698,-131,3397,novice
1782,1961,1871,-179,3743,novice
2101,1966,2033,135,4067,novice
2407,2112,2259,295,4519,average
2193,1820,2006,373,4013,novice
2317,2365,2341,-48,4682,master
1948,2364,2156,-416,4312,average
2059,2235,2147,-176,4294,average
2227,1987,2107,240,4214,average
2081,2216,2148,-135,4297,average
2161,2250,2205,-89,4411,average
2364,2508,2436,-144,4872,master
2408,2281,2344,127,4689,master
2486,2452,2469,34,4938,grandmaster
1926,2308,2117,-382,4234,average
2244,2404,2324,-160,4648,master
2320,1981,2150,339,4301,average
2777,2650,2713,127,5427,grandmaster
1916,2036,1976,-120,3952,novice
2515,2418,2466,97,4933,grandmaster
2389,2126,2257,263,4515,average
1596,2046,1821,-450,3642,novice
2089,2422,2255,-333,4511,average
2027,1955,1991,72,3982,novice
2075,1880,1977,195,3955,novice
2187,2116,2151,71,4303,average
2417,2581,2499,-164,4998,grandmaster
2515,2277,2396,238,4792,master
2686,2546,2616,140,5232,grandmaster
2303,2503,2403,-200,4806,master
1678,1885,1781,-207,3563,novice
2355,2465,2410,-110,4820,master
2659,2679,2669,-20,5338,grandmaster
2189,2451,2320,-262,4640,master
2303,2509,2406,-206,4812,master
2306,2210,2258,96,4516,average
1710,1566,1638,144,3276,novice
2213,1835,2024,378,4048,novice
1821,1941,1881,-120,3762,novice
2683,2248,2465,435,4931,grandmaster
2071,2269,2170,-198,4340,average
2254,2049,2151,205,4303,average
2015,1608,1811,407,3623,novice
2257,2496,2376,-239,4753,master
2200,2169,2184,31,4369,average
1835,1949,1892,-114,3784,novice
2406,2260,2333,146,4666,master
2455,2021,2238,434,4476,average
1980,1700,1840,280,3680,novice
1776,2234,2005,-458,4010,novice
2477,2301,2389,176,4778,master
2239,1959,2099,280,4198,novice
2302,2211,2256,91,4513,average
2274,2156,2215,118,4430,average
2206,2364,2285,-158,4570,average
2527,2218,2372,309,4745,master
2064,1962,2013,102,4026,novice
2188,2399,2293,-211,4587,average
2518,2253,2385,265,4771,master
2415,2203,2309,212,4618,master
2060,2208,2134,-148,4268,average
2369,2453,2411,-84,4822,master
2490,2209,2349,281,4699,master
2048,1942,1995,106,3990,novice
2741,2862,2801,-121,5603,grandmaster
2473,2364,2418,109,4837,master
2327,2449,2388,-122,4776,master
2548,2501,2524,47,5049,grandmaster
2549,2606,2577,-57,5155,grandmaster
2279,2641,2460,-362,4920,grandmaster
2382,2165,2273,217,4547,average
2261,2003,2132,258,4264,average
1747,1912,1829,-165,3659,novice
2242,2280,2261,-38,4522,average
2282,2028,2155,254,4310,average
2298,1783,2040,515,4081,novice
2084,1875,1979,209,3959,novice
2248,1882,2065,366,4130,novice
1986,2441,2213,-455,4427,average
2337,2034,2185,303,4371,average
2232,1951,2091,281,4183,novice
1627,2200,1913,-573,3827,novice
2267,2003,2135,264,4270,average
2013,2305,2159,-292,4318,average
2386,2456,2421,-70,4842,master
2132,1966,2049,166,4098,novice
1815,2010,1912,-195,3825,novice
2350,2262,2306,88,4612,master
1957,2126,2041,-169,4083,novice
2340,2330,2335,10,4670,master
1932,2452,2192,-520,4384,average
2276,2395,2335,-119,4671,master
2564,2500,2532,64,5064,grandmaster
2400,2277,2338,123,4677,master
1936,1777,1856,159,3713,novice
2002,2232,2117,-230,4234,average
2082,2351,2216,-269,4433,average
2427,2511,2469,-84,4938,grandmaster
2018,1996,2007,22,4014,novice
2520,2498,2509,22,5018,grandmaster
2238,1911,2074,327,4149,novice
2133,1709,1921,424,3842,novice
2127,2377,2252,-250,4504,average
2148,1943,2045,205,4091,novice
2586,2383,2484,203,4969,grandmaster
2243,2059,2151,184,4302,average
2339,2536,2437,-197,4875,master
2382,2129,2255,253,4511,average
2201,2342,2271,-141,4543,average
2406,2108,2257,298,4514,average
2002,2205,2103,-203,4207,average
2151,2383,2267,-232,4534,average
1888,2267,2077,-379,4155,novice
1825,2203,2014,-378,4028,novice
2616,2472,2544,144,5088,grandmaster
1688,1828,1758,-140,3516,novice
2183,1872,2027,311,4055,novice
2511,2104,2307,407,4615,master
2266,2177,2221,89,4443,average
2007,2146,2076,-139,4153,novice
2242,2053,2147,189,4295,average
2586,2242,2414,344,4828,master
1767,1923,1845,-156,3690,novice
2371,2048,2209,323,4419,average
2061,2359,2210,-298,4420,average
2498,2271,2384,227,4769,master
1961,2162,2061,-201,4123,novice
2608,2391,2499,217,4999,grandmaster
2557,2387,2472,170,4944,grandmaster
1849,2229,2039,-380,4078,novice
1601,1750,1675,-149,3351,novice
2303,2270,2286,33,4573,average
1800,2084,1942,-284,3884,novice
2393,2564,2478,-171,4957,grandmaster
2442,2601,2521,-159,5043,grandmaster
2561,2537,2549,24,5098,grandmaster
2463,2713,2588,-250,5176,grandmaster
2494,2216,2355,278,4710,master
2448,2388,2418,60,4836,master
2565,2204,2384,361,4769,master
2140,2351,2245,-211,4491,average
2668,2578,2623,90,5246,grandmaster
2347,2229,2288,118,4576,average
2002,1840,1921,162,3842,novice
2310,2640,2475,-330,4950,grandmaster
2547,2626,2586,-79,5173,grandmaster
2257,2364,2310,-107,4621,master
2653,2707,2680,-54,5360,grandmaster
2520,2125,2322,395,4645,master
2491,2427,2459,64,4918,grandmaster
2144,2153,2148,-9,4297,average
2373,1963,2168,410,4336,average
2112,1779,1945,333,3891,novice
2339,2430,2384,-91,4769,master
2646,2543,2594,103,5189,grandmaster
2422,2583,2502,-161,5005,grandmaster
2291,2556,2423,-265,4847,master
2368,2099,2233,269,4467,average
2111,2094,2102,17,4205,average
1361,1684,1522,-323,3045,novice
2486,2232,2359,254,4718,master
1803,2116,1959,-313,3919,novice
2270,2142,2206,128,4412,average
2319,2527,2423,-208,4846,master
2708,2482,2595,226,5190,grandmaster
1982,1879,1930,103,3861,novice
2282,2133,2207,149,4415,average
2531,2354,2442,177,4885,master
2793,2767,2780,26,5560,grandmaster
2401,2165,2283,236,4566,average
2226,2107,2166,119,4333,average
2467,2561,2514,-94,5028,grandmaster
2278,2197,2237,81,4475,average
2206,2470,2338,-264,4676,master
1820,1860,1840,-40,3680,novice
1911,1730,1820,181,3641,novice
2700,2485,2592,215,5185,grandmaster
2746,2500,2623,246,5246,grandmaster
2375,2375,2375,0,4750,master
2166,1915,2040,251,4081,novice
1610,1544,1577,66,3154,novice
2539,2300,2419,239,4839,master
2635,2130,2382,505,4765,master
2075,2457,2266,-382,4532,average
2205,2415,2310,-210,4620,master
2089,2064,2076,25,4153,novice
2035,1863,1949,172,3898,novice
2413,2198,2305,215,4611,master
2343,2396,2369,-53,4739,master
2147,2198,2172,-51,4345,average
2124,2285,2204,-161,4409,average
2124,1926,2025,198,4050,novice
1732,2374,2053,-642,4106,novice
1735,1960,1847,-225,3695,novice
2231,2048,2139,183,4279,average
2182,2406,2294,-224,4588,average
2268,2532,2400,-264,4800,master
2426,2463,2444,-37,4889,master
2366,2184,2275,182,4550,average
2291,2102,2196,189,4393,average
2004,1650,1827,354,3654,novice
1997,1728,1862,269,3725,novice
2379,2325,2352,54,4704,master
2156,2267,2211,-111,4423,average
1792,2069,1930,-277,3861,novice
1988,1939,1963,49,3927,novice
2465,2514,2489,-49,4979,grandmaster
1678,1832,1755,-154,3510,novice
1934,2247,2090,-313,4181,novice
2425,2295,2360,130,4720,master
1817,1993,1905,-176,3810,novice
2023,2217,2120,-194,4240,average
2645,2622,2633,23,5267,grandmaster
2469,2364,2416,105,4833,master
2377,2128,2252,249,4505,average
2040,2272,2156,-232,4312,average
1953,2040,1996,-87,3993,novice
2433,2638,2535,-205,5071,grandmaster
2230,2303,2266,-73,4533,average
2449,2578,2513,-129,5027,grandmaster
2135,2394,2264,-259,4529,average
2126,2225,2175,-99,4351,average
1975,2043,2009,-68,4018,novice
2617,2530,2573,87,5147,grandmaster
2451,2395,2423,56,4846,master
1847,1718,1782,129,3565,novice
2196,2663,2429,-467,4859,master
2737,2747,2742,-10,5484,grandmaster
2736,2773,2754,-37,5509,grandmaster
2348,2272,2310,76,4620,master
1967,2121,2044,-154,4088,novice
1999,2222,2110,-223,4221,average
2611,2394,2502,217,5005,grandmaster
2350,2583,2466,-233,4933,grandmaster
1482,1691,1586,-209,3173,novice
2521,2629,2575,-108,5150,grandmaster
2313,2313,2313,0,4626,master
2361,2262,2311,99,4623,master
2569,2426,2497,143,4995,grandmaster
2622,2498,2560,124,5120,grandmaster
2221,1972,2096,249,4193,novice
1808,2007,1907,-199,3815,novice
2146,2238,2192,-92,4384,average
2136,2272,2204,-136,4408,average
2169,2168,2168,1,4337,average
2030,2416,2223,-386,4446,average
2348,1606,1977,742,3954,novice
1913,1651,1782,262,3564,novice
2133,2070,2101,63,4203,average
2264,2502,2383,-238,4766,master
2412,2457,2434,-45,4869,master
2328,2123,2225,205,4451,average
2324,2049,2186,275,4373,average
2190,2465,2327,-275,4655,master
2262,2450,2356,-188,4712,master
2245,1966,2105,279,4211,average
2571,2384,2477,187,4955,grandmaster
1633,1884,1758,-251,3517,novice
2480,2538,2509,-58,5018,grandmaster
2084,1864,1974,220,3948,novice
1766,2143,1954,-377,3909,novice
2028,2635,2331,-607,4663,master
2556,2457,2506,99,5013,grandmaster
2024,2280,2152,-256,4304,average
1636,1593,1614,43,3229,novice
2544,2458,2501,86,5002,grandmaster
2062,2476,2269,-414,4538,average
2296,2450,2373,-154,4746,master
2094,1794,1944,300,3888,novice
2332,2369,2350,-37,4701,master
2523,2093,2308,430,4616,master
2312,2497,2404,-185,4809,master
2135,2170,2152,-35,4305,average
2428,2416,2422,12,4844,master
2097,2190,2143,-93,4287,average
2326,2296,2311,30,4622,master
1962,2189,2075,-227,4151,novice
2547,2419,2483,128,4966,grandmaster
2174,1952,2063,222,4126,novice
2442,2650,2546,-208,5092,grandmaster
2475,2616,2545,-141,5091,grandmaster
2273,2554,2413,-281,4827,master
2506,2681,2593,-175,5187,grandmaster
2312,2554,2433,-242,4866,master
2285,2222,2253,63,4507,average
2225,2280,2252,-55,4505,average
2436,2426,2431,10,4862,master
2350,2135,2242,215,4485,average
2354,2381,2367,-27,4735,master
2334,2425,2379,-91,4759,master
2577,2339,2458,238,4916,grandmaster
1819,1723,1771,96,3542,novice
1719,1727,1723,-8,3446,novice
2055,2365,2210,-310,4420,average
1983,2176,2079,-193,4159,novice
2227,2487,2357,-260,4714,master
2096,2504,2300,-408,4600,average
2593,2528,2560,65,5121,grandmaster
2134,2055,2094,79,4189,novice
2219,2027,2123,192,4246,average
2419,2455,2437,-36,4874,master
2209,2411,2310,-202,4620,master
2489,2188,2338,301,4677,master
2134,2243,2188,-109,4377,average
2058,2201,2129,-143,4259,average
2083,2197,2140,-114,4280,average
2536,2494,2515,42,5030,grandmaster
2049,2174,2111,-125,4223,average
2067,2266,2166,-199,4333,average
2147,2233,2190,-86,4380,average
1908,2267,2087,-359,4175,novice
2371,2451,2411,-80,4822,master
2263,2535,2399,-272,4798,master
2338,2445,2391,-107,4783,master
2465,2301,2383,164,4766,master
1944,2303,2123,-359,4247,average
2358,2260,2309,98,4618,master
2486,2430,2458,56,4916,grandmaster
2563,2013,2288,550,4576,average
1881,2093,1987,-212,3974,novice
2311,2225,2268,86,4536,average
2209,2308,2258,-99,4517,average
2351,2195,2273,156,4546,average
2696,2412,2554,284,5108,grandmaster
2617,2463,2540,154,5080,grandmaster
2308,2421,2364,-113,4729,master
1869,2190,2029,-321,4059,novice
2647,2570,2608,77,5217,grandmaster
2122,2405,2263,-283,4527,average
2010,2278,2144,-268,4288,average
1858,1655,1756,203,3513,novice
2121,2192,2156,-71,4313,average
2193,2364,2278,-171,4557,average
2091,2489,2290,-398,4580,average
2727,2378,2552,349,5105,grandmaster
2526,2558,2542,-32,5084,grandmaster
2434,2277,2355,157,4711,master
2661,1972,2316,689,4633,master
2472,2166,2319,306,4638,master
2508,2321,2414,187,4829,master
2678,2721,2699,-43,5399,grandmaster
2603,2651,2627,-48,5254,grandmaster
2352,2155,2253,197,4507,average
1345,1952,1648,-607,3297,novice
2058,2381,2219,-323,4439,average
2365,2409,2387,-44,4774,master
2661,2505,2583,156,5166,grandmaster
2391,2161,2276,230,4552,average
2199,1798,1998,401,3997,novice
2329,2209,2269,120,4538,average
2247,2040,2143,207,4287,average
2285,2422,2353,-137,4707,master
2711,2775,2743,-64,5486,grandmaster
2287,2448,2367,-161,4735,master
2016,1558,1787,458,3574,novice
2456,2115,2285,341,4571,average
1394,1625,1509,-231,3019,novice
2295,2211,2253,84,4506,average
2215,2460,2337,-245,4675,master
2051,2025,2038,26,4076,novice
2342,2043,2192,299,4385,average
2224,2055,2139,169,4279,average
2331,2014,2172,317,4345,average
2186,2115,2150,71,4301,average
2492,2092,2292,400,4584,average
2506,2575,2540,-69,5081,grandmaster
2626,2371,2498,255,4997,grandmaster
2463,2264,2363,199,4727,master
2434,2482,2458,-48,4916,grandmaster
1945,2081,2013,-136,4026,novice
2344,2199,2271,145,4543,average
2060,2487,2273,-427,4547,average
2408,2126,2267,282,4534,average
2297,2473,2385,-176,4770,master
1852,2036,1944,-184,3888,novice
2582,2504,2543,78,5086,grandmaster
2211,2626,2418,-415,4837,master
2212,2025,2118,187,4237,average
2577,2549,2563,28,5126,grandmaster
2493,2429,2461,64,4922,grandmaster
2262,2483,2372,-221,4745,master
2000,2235,2117,-235,4235,average
2356,2468,2412,-112,4824,master
2069,2319,2194,-250,4388,average
2181,2098,2139,83,4279,average
2023,2112,2067,-89,4135,novice
2577,2479,2528,98,5056,grandmaster
2082,1790,1936,292,3872,novice
2100,2498,2299,-398,4598,average
2205,2029,2117,176,4234,average
2187,1968,2077,219,4155,novice
1935,2135,2035,-200,4070,novice
2560,2295,2427,265,4855,master
2183,2318,2250,-135,4501,average
2293,2062,2177,231,4355,average
2249,2011,2130,238,4260,average
2297,2046,2171,251,4343,average
2359,2074,2216,285,4433,average
2687,2430,2558,257,5117,grandmaster
2609,2696,2652,-87,5305,grandmaster
2473,2629,2551,-156,5102,grandmaster
2430,2435,2432,-5,4865,master
1848,1996,1922,-148,3844,novice
2619,2370,2494,249,4989,grandmaster
2191,2300,2245,-109,4491,average
2625,2520,2572,105,5145,grandmaster
1756,2075,1915,-319,3831,novice
2488,2222,2355,266,4710,master
1536,1750,1643,-214,3286,novice
2616,2446,2531,170,5062,grandmaster
2377,2114,2245,263,4491,average
2638,2410,2524,228,5048,grandmaster
2631,2674,2652,-43,5305,grandmaster
2372,1998,2185,374,4370,average
2244,2093,2168,151,4337,average
2286,2237,2261,49,4523,average
1899,2060,1979,-161,3959,novice
2639,2598,2618,41,5237,grandmaster
2261,2370,2315,-109,4631,master
2326,2481,2403,-155,4807,master
2261,2392,2326,-131,4653,master
2122,2265,2193,-143,4387,average
2590,2168,2379,422,4758,master
1961,2109,2035,-148,4070,novice
2394,2135,2264,259,4529,average
2026,1958,1992,68,3984,novice
2101,2373,2237,-272,4474,average
2064,2262,2163,-198,4326,average
2415,2133,2274,282,4548,average
1766,1625,1695,141,3391,novice
1868,2007,1937,-139,3875,novice
2258,2329,2293,-71,4587,average
2053,1943,1998,110,3996,novice
1854,2046,1950,-192,3900,novice
2384,2513,2448,-129,4897,master
2317,2244,2280,73,4561,average
2306,2025,2165,281,4331,average
2009,1863,1936,146,3872,novice
2512,2188,2350,324,4700,master
2361,2617,2489,-256,4978,grandmaster
2300,2442,2371,-142,4742,master
1910,2157,2033,-247,4067,novice
2121,2218,2169,-97,4339,average
2020,1613,1816,407,3633,novice
2554,1875,2214,679,4429,average
2345,2257,2301,88,4602,master
2314,2244,2279,70,4558,average
2408,2236,2322,172,4644,master
2769,2687,2728,82,5456,grandmaster
2216,2505,2360,-289,4721,master
1801,1973,1887,-172,3774,novice
2182,2054,2118,128,4236,average
2371,2507,2439,-136,4878,master
2616,2533,2574,83,5149,grandmaster
2336,2482,2409,-146,4818,master
2243,2386,2314,-143,4629,master
1950,2051,2000,-101,4001,novice
2719,2564,2641,155,5283,grandmaster
2662,2651,2656,11,5313,grandmaster
2196,1852,2024,344,4048,novice
2174,1971,2072,203,4145,novice
2545,2442,2493,103,4987,grandmaster
2113,1893,2003,220,4006,novice
2394,1880,2137,514,4274,average
2149,1898,2023,251,4047,novice
2532,2565,2548,-33,5097,grandmaster
2008,2226,2117,-218,4234,average
2237,2102,2169,135,4339,average
2565,2460,2512,105,5025,grandmaster
2279,1878,2078,401,4157,novice
2720,2764,2742,-44,5484,grandmaster
2488,2577,2532,-89,5065,grandmaster
2651,2372,2511,279,5023,grandmaster
2482,2343,2412,139,4825,master
2141,2198,2169,-57,4339,average
2226,2433,2329,-207,4659,master
2231,2352,2291,-121,4583,average
1687,1832,1759,-145,3519,novice
2424,2328,2376,96,4752,master
2340,2559,2449,-219,4899,master
2187,2362,2274,-175,4549,average
2105,2313,2209,-208,4418,average
2310,2416,2363,-106,4726,master
2584,2535,2559,49,5119,grandmaster
2315,2261,2288,54,4576,average
2409,2494,2451,-85,4903,grandmaster
2249,1560,1904,689,3809,novice
1899,2489,2194,-590,4388,average
1945,1595,1770,350,3540,novice
1867,2089,1978,-222,3956,novice
1925,1633,1779,292,3558,novice
2295,1851,2073,444,4146,novice
1941,2094,2017,-153,4035,novice
2543,2355,2449,188,4898,master
1929,1696,1812,233,3625,novice
2579,2710,2644,-131,5289,grandmaster
2504,2642,2573,-138,5146,grandmaster
2493,2569,2531,-76,5062,grandmaster
2349,2120,2234,229,4469,average
2296,2220,2258,76,4516,average
2113,2198,2155,-85,4311,average
2295,2392,2343,-97,4687,master
1878,1809,1843,69,3687,novice
2154,2149,2151,5,4303,average
1543,1360,1451,183,2903,novice
2388,2203,2295,185,4591,average
2491,2293,2392,198,4784,master
2334,2156,2245,178,4490,average
1964,2324,2144,-360,4288,average
1983,1655,1819,328,3638,novice
2108,1952,2030,156,4060,novice
1823,1558,1690,265,3381,novice
1891,2313,2102,-422,4204,average
2212,2350,2281,-138,4562,average
2450,2199,2324,251,4649,master
2420,1823,2121,597,4243,average
1918,1426,1672,492,3344,novice
2111,1857,1984,254,3968,novice
2330,2239,2284,91,4569,average
1876,2103,1989,-227,3979,novice
2554,2564,2559,-10,5118,grandmaster
2059,2031,2045,28,4090,novice
2572,2429,2500,143,5001,grandmaster
2377,2344,2360,33,4721,master
2173,2190,2181,-17,4363,average
1725,2361,2043,-636,4086,novice
2098,1917,2007,181,4015,novice
2290,2063,2176,227,4353,average
2646,2389,2517,257,5035,grandmaster
1718,1951,1834,-233,3669,novice
2213,1937,2075,276,4150,novice
2585,2374,2479,211,4959,grandmaster
2255,2432,2343,-177,4687,master
2069,1948,2008,121,4017,novice
2383,2570,2476,-187,4953,grandmaster
2003,2165,2084,-162,4168,novice
2256,1876,2066,380,4132,novice
2801,2330,2565,471,5131,grandmaster
2458,2120,2289,338,4578,average
2373,2630,2501,-257,5003,grandmaster
2140,2051,2095,89,4191,novice
2590,2646,2618,-56,5236,grandmaster
2329,1909,2119,420,4238,average
2025,2551,2288,-526,4576,average
2463,2544,2503,-81,5007,grandmaster
2308,2477,2392,-169,4785,master
2435,2450,2442,-15,4885,master
2222,2406,2314,-184,4628,master
2519,2282,2400,237,4801,master
2232,1861,2046,371,4093,novice
2492,2549,2520,-57,5041,grandmaster
1903,1979,1941,-76,3882,novice
1933,2094,2013,-161,4027,novice
2178,2135,2156,43,4313,average
1861,2144,2002,-283,4005,novice
2481,2445,2463,36,4926,grandmaster
2440,2085,2262,355,4525,average
2476,2447,2461,29,4923,grandmaster
1971,1666,1818,305,3637,novice
2030,1771,1900,259,3801,novice
1938,2399,2168,-461,4337,average
2391,2547,2469,-156,4938,grandmaster
2201,2145,2173,56,4346,average
2380,2233,2306,147,4613,master
1430,1544,1487,-114,2974,novice
2004,2251,2127,-247,4255,average
1924,2104,2014,-180,4028,novice
2255,1996,2125,259,4251,average
1977,2214,2095,-237,4191,novice
2194,2294,2244,-100,4488,average
2039,1640,1839,399,3679,novice
2347,2608,2477,-261,4955,grandmaster
2376,2236,2306,140,4612,master
1676,2221,1948,-545,3897,novice
2483,2618,2550,-135,5101,grandmaster
1706,1516,1611,190,3222,novice
2512,2414,2463,98,4926,grandmaster
1673,1550,1611,123,3223,novice
2188,2315,2251,-127,4503,average
2211,2040,2125,171,4251,average
2363,2418,2390,-55,4781,master
2392,1936,2164,456,4328,average
2367,2460,2413,-93,4827,master
2215,1925,2070,290,4140,novice
2330,2424,2377,-94,4754,master
2702,2646,2674,56,5348,grandmaster
2276,2059,2167,217,4335,average
2321,2454,2387,-133,4775,master
2598,2462,2530,136,5060,grandmaster
2284,2236,2260,48,4520,average
2005,2137,2071,-132,4142,novice
2121,2399,2260,-278,4520,average
2029,2148,2088,-119,4177,novice
2242,2180,2211,62,4422,average
2418,2142,2280,276,4560,average
2364,2118,2241,246,4482,average
2332,2086,2209,246,4418,average
2555,2464,2509,91,5019,grandmaster
2630,2424,2527,206,5054,grandmaster
2043,2219,2131,-176,4262,average
2241,2594,2417,-353,4835,master
2340,2033,2186,307,4373,average
2491,2331,2411,160,4822,master
2558,2530,2544,28,5088,grandmaster
1890,2145,2017,-255,4035,novice
2139,2399,2269,-260,4538,average
2534,2350,2442,184,4884,master
2378,2437,2407,-59,4815,master
2482,2536,2509,-54,5018,grandmaster
1498,1954,1726,-456,3452,novice
2575,2270,2422,305,4845,master
2043,2092,2067,-49,4135,novice
2491,2335,2413,156,4826,master
2005,1880,1942,125,3885,novice
2634,2558,2596,76,5192,grandmaster
2227,1988,2107,239,4215,average
2511,2335,2423,176,4846,master
2506,2009,2257,497,4515,average
2651,2488,2569,163,5139,grandmaster
1979,1931,1955,48,3910,novice
1920,1679,1799,241,3599,novice
2607,2660,2633,-53,5267,grandmaster
2358,2361,2359,-3,4719,master
2544,2059,2301,485,4603,master
2638,2616,2627,22,5254,grandmaster
2105,2135,2120,-30,4240,average
2338,2449,2393,-111,4787,master
2124,2507,2315,-383,4631,master
1907,1776,1841,131,3683,novice
2268,2203,2235,65,4471,average
2109,2551,2330,-442,4660,master
2239,2505,2372,-266,4744,master
1971,2099,2035,-128,4070,novice
2473,2490,2481,-17,4963,grandmaster
2219,2038,2128,181,4257,average
2048,2272,2160,-224,4320,average
2609,2634,2621,-25,5243,grandmaster
2547,2291,2419,256,4838,master
2049,2147,2098,-98,4196,novice
2518,2268,2393,250,4786,master
2618,2406,2512,212,5024,grandmaster
2283,2441,2362,-158,4724,master
2704,2572,2638,132,5276,grandmaster
2305,2138,2221,167,4443,average
2264,1937,2100,327,4201,novice
1498,1790,1644,-292,3288,novice
2096,2008,2052,88,4104,novice
2455,2145,2300,310,4600,average
2061,2341,2201,-280,4402,average
2282,2582,2432,-300,4864,master
2518,2456,2487,62,4974,grandmaster
1907,1983,1945,-76,3890,novice
2422,2247,2334,175,4669,master
2195,2080,2137,115,4275,average
2132,1967,2049,165,4099,novice
2345,2522,2433,-177,4867,master
2433,1796,2114,637,4229,average
2358,2458,2408,-100,4816,master
2307,2221,2264,86,4528,average
2386,2609,2497,-223,4995,grandmaster
2579,2266,2422,313,4845,master
2267,2373,2320,-106,4640,master
2254,2389,2321,-135,4643,master
2543,2264,2403,279,4807,master
2638,2682,2660,-44,5320,grandmaster
2452,2524,2488,-72,4976,grandmaster
2333,2401,2367,-68,4734,master
1707,1291,1499,416,2998,novice
2340,2470,2405,-130,4810,master
2019,1600,1809,419,3619,novice
2449,2425,2437,24,4874,master
2247,2100,2173,147,4347,average
2010,2597,2303,-587,4607,master
2297,2238,2267,59,4535,average
1975,1556,1765,419,3531,novice
2652,2420,2536,232,5072,grandmaster
2096,2116,2106,-20,4212,average
2643,2678,2660,-35,5321,grandmaster
2038,1818,1928,220,3856,novice
2211,1927,2069,284,4138,novice
1990,2196,2093,-206,4186,novice
2313,2593,2453,-280,4906,grandmaster
1868,1926,1897,-58,3794,novice
2383,2323,2353,60,4706,master
2282,2041,2161,241,4323,average
2475,2325,2400,150,4800,master
2001,1832,1916,169,3833,novice
2038,1756,1897,282,3794,novice
2170,2321,2245,-151,4491,average
1743,2377,2060,-634,4120,novice
1529,1897,1713,-368,3426,novice
2203,1987,2095,216,4190,novice
2620,2488,2554,132,5108,grandmaster
2100,2098,2099,2,4198,novice
2350,2506,2428,-156,4856,master
1914,2139,2026,-225,4053,novice
1948,2189,2068,-241,4137,novice
2547,2377,2462,170,4924,grandmaster
2458,2085,2271,373,4543,average
2049,2298,2173,-249,4347,average
2552,2378,2465,174,4930,grandmaster
2587,2444,2515,143,5031,grandmaster
2487,2208,2347,279,4695,master
2785,2338,2561,447,5123,grandmaster
2480,2368,2424,112,4848,master
1746,1516,1631,230,3262,novice
2360,2212,2286,148,4572,average
2505,2269,2387,236,4774,master
2313,2547,2430,-234,4860,master
2500,2578,2539,-78,5078,grandmaster
2670,2132,2401,538,4802,master
2261,2161,2211,100,4422,average
2231,2385,2308,-154,4616,master
2473,2372,2422,101,4845,master
2448,2507,2477,-59,4955,grandmaster
2353,2600,2476,-247,4953,grandmaster
2481,2519,2500,-38,5000,grandmaster
2157,1848,2002,309,4005,novice
2158,2003,2080,155,4161,novice
2010,1837,1923,173,3847,novice
2545,2495,2520,50,5040,grandmaster
2250,2063,2156,187,4313,average
2214,2443,2328,-229,4657,master
2365,2002,2183,363,4367,average
2436,2569,2502,-133,5005,grandmaster
2161,1975,2068,186,4136,novice
2312,2285,2298,27,4597,average
2580,2470,2525,110,5050,grandmaster
2150,2089,2119,61,4239,average
2357,2354,2355,3,4711,master
2195,1608,1901,587,3803,novice
2477,2347,2412,130,4824,master
2225,2129,2177,96,4354,average
2206,2370,2288,-164,4576,average
2435,2351,2393,84,4786,master
2255,2002,2128,253,4257,average
2345,2659,2502,-314,5004,grandmaster
2046,2517,2281,-471,4563,average
2237,1872,2054,365,4109,novice
2460,2162,2311,298,4622,master
2493,2251,2372,242,4744,master
1781,1885,1833,-104,3666,novice
2040,2009,2024,31,4049,novice
2234,2201,2217,33,4435,average
2514,2520,2517,-6,5034,grandmaster
2414,2246,2330,168,4660,master
2117,2464,2290,-347,4581,average
1901,1541,1721,360,3442,novice
2559,2438,2498,121,4997,grandmaster
2090,1918,2004,172,4008,novice
2474,2577,2525,-103,5051,grandmaster
2740,2579,2659,161,5319,grandmaster
2277,2410,2343,-133,4687,master
1498,1676,1587,-178,3174,novice
2415,2224,2319,191,4639,master
1969,2088,2028,-119,4057,novice
2190,2449,2319,-259,4639,master
1970,2072,2021,-102,4042,novice
2081,2478,2279,-397,4559,average
2073,2325,2199,-252,4398,average
2025,2062,2043,-37,4087,novice
2431,2380,2405,51,4811,master
2641,2734,2687,-93,5375,grandmaster
2275,2268,2271,7,4543,average
2011,1991,2001,20,4002,novice
2344,2521,2432,-177,4865,master
2109,2148,2128,-39,4257,average
2606,2382,2494,224,4988,grandmaster
2554,2174,2364,380,4728,master
2677,2745,2711,-68,5422,grandmaster
2075,2133,2104,-58,4208,average
2000,2206,2103,-206,4206,average
2278,2500,2389,-222,4778,master
2409,2241,2325,168,4650,master
2348,2119,2233,229,4467,average
1897,2042,1969,-145,3939,novice
2309,2457,2383,-148,4766,master
1819,1975,1897,-156,3794,novice
2183,2255,2219,-72,4438,average
1929,1820,1874,109,3749,novice
1985,2013,1999,-28,3998,novice
2524,2461,2492,63,4985,grandmaster
2659,2712,2685,-53,5371,grandmaster
1830,2119,1974,-289,3949,novice
2202,2309,2255,-107,4511,average
1882,2114,1998,-232,3996,novice
2568,2357,2462,211,4925,grandmaster
2200,2283,2241,-83,4483,average
2455,2283,2369,172,4738,master
2730,2679,2704,51,5409,grandmaster
1869,2113,1991,-244,3982,novice
2328,2123,2225,205,4451,average
2442,2469,2455,-27,4911,grandmaster
2108,2012,2060,96,4120,novice
1807,2287,2047,-480,4094,novice
2222,2378,2300,-156,4600,average
2293,2430,2361,-137,4723,master
2519,2314,2416,205,4833,master
2011,2101,2056,-90,4112,novice
1870,2259,2064,-389,4129,novice
2628,2105,2366,523,4733,master
2302,2436,2369,-134,4738,master
2549,2427,2488,122,4976,grandmaster
1886,2041,1963,-155,3927,novice
2573,2250,2411,323,4823,master
2549,2472,2510,77,5021,grandmaster
2315,2081,2198,234,4396,average
2634,2557,2595,77,5191,grandmaster
1735,2051,1893,-316,3786,novice
2453,2503,2478,-50,4956,grandmaster
2559,2447,2503,112,5006,grandmaster
2263,2008,2135,255,4271,average
2259,2261,2260,-2,4520,average
2076,2437,2256,-361,4513,average
2296,2443,2369,-147,4739,master
2172,2405,2288,-233,4577,average
2643,2447,2545,196,5090,grandmaster
2771,2632,2701,139,5403,grandmaster
1834,2066,1950,-232,3900,novice
2398,2119,2258,279,4517,average
2115,2096,2105,19,4211,average
2503,2446,2474,57,4949,grandmaster
1905,1740,1822,165,3645,novice
2435,2017,2226,418,4452,average
2654,2640,2647,14,5294,grandmaster
2227,1832,2029,395,4059,novice
2493,2368,2430,125,4861,master
2515,2275,2395,240,4790,master
2480,2225,2352,255,4705,master
2122,2133,2127,-11,4255,average
1812,2413,2112,-601,4225,average
2136,2361,2248,-225,4497,average
2384,2180,2282,204,4564,average
2123,2200,2161,-77,4323,average
1890,1639,1764,251,3529,novice
2184,2261,2222,-77,4445,average
2344,2366,2355,-22,4710,master
2016,1424,1720,592,3440,novice
2344,2526,2435,-182,4870,master
2479,2549,2514,-70,5028,grandmaster
2268,2064,2166,204,4332,average
1970,1869,1919,101,3839,novice
1983,2244,2113,-261,4227,average
2394,2120,2257,274,4514,average
2078,2573,2325,-495,4651,master
1796,1792,1794,4,3588,novice
2305,2184,2244,121,4489,average
2411,2336,2373,75,4747,master
2057,2227,2142,-170,4284,average
1821,2099,1960,-278,3920,novice
2428,2282,2355,146,4710,master
1896,1978,1937,-82,3874,novice
1616,1779,1697,-163,3395,novice
1955,2046,2000,-91,4001,novice
2429,2319,2374,110,4748,master
1673,2256,1964,-583,3929,novice
1888,1679,1783,209,3567,novice
2237,2016,2126,221,4253,average
2133,2589,2361,-456,4722,master
2378,2636,2507,-258,5014,grandmaster
1855,2258,2056,-403,4113,novice
2437,2395,2416,42,4832,master
2515,2638,2576,-123,5153,grandmaster
2536,2375,2455,161,4911,grandmaster
2200,2017,2108,183,4217,average
2154,2209,2181,-55,4363,average
2081,2505,2293,-424,4586,average
2076,2289,2182,-213,4365,average
2463,1997,2230,466,4460,average
2484,2241,2362,243,4725,master
2623,2785,2704,-162,5408,grandmaster
2477,2258,2367,219,4735,master
2031,1747,1889,284,3778,novice
2643,2496,2569,147,5139,grandmaster
2536,2389,2462,147,4925,grandmaster
2113,1941,2027,172,4054,novice
2510,2198,2354,312,4708,master
2046,1785,1915,261,3831,novice
1901,2171,2036,-270,4072,novice
1982,2132,2057,-150,4114,novice
2249,2379,2314,-130,4628,master
1830,2045,1937,-215,3875,novice
2007,1766,1886,241,3773,novice
2152,2329,2240,-177,4481,average
2518,2293,2405,225,4811,master
2560,2464,2512,96,5024,grandmaster
2211,2305,2258,-94,4516,average
2429,2198,2313,231,4627,master
2171,2190,2180,-19,4361,average
2117,2013,2065,104,4130,novice
2526,2422,2474,104,4948,grandmaster
1980,2148,2064,-168,4128,novice
2713,2658,2685,55,5371,grandmaster
2009,2273,2141,-264,4282,average
2267,2046,2156,221,4313,average
2203,2265,2234,-62,4468,average
2650,2692,2671,-42,5342,grandmaster
2564,2065,2314,499,4629,master
2394,2078,2236,316,4472,average
2547,2452,2499,95,4999,grandmaster
2719,2365,2542,354,5084,grandmaster
2320,2405,2362,-85,4725,master
1483,1674,1578,-191,3157,novice
2387,2253,2320,134,4640,master
2219,2317,2268,-98,4536,average
1719,1836,1777,-117,3555,novice
2474,1937,2205,537,4411,average
1803,2071,1937,-268,3874,novice
2222,2531,2376,-309,4753,master
2224,2523,2373,-299,4747,master
1992,1484,1738,508,3476,novice
2043,2363,2203,-320,4406,average
2177,2304,2240,-127,4481,average
2518,2393,2455,125,4911,grandmaster
2511,2662,2586,-151,5173,grandmaster
2378,2598,2488,-220,4976,grandmaster
2172,2042,2107,130,4214,average
2157,2666,2411,-509,4823,master
1715,2060,1887,-345,3775,novice
1600,1995,1797,-395,3595,novice
2501,2443,2472,58,4944,grandmaster
2289,2490,2389,-201,4779,master
2301,2525,2413,-224,4826,master
2619,2561,2590,58,5180,grandmaster
2348,2340,2344,8,4688,master
2617,2386,2501,231,5003,grandmaster
2002,2289,2145,-287,4291,average
2489,2558,2523,-69,5047,grandmaster
2078,2157,2117,-79,4235,average
2480,2598,2539,-118,5078,grandmaster
2530,2663,2596,-133,5193,grandmaster
2596,2490,2543,106,5086,grandmaster
1988,2257,2122,-269,4245,average
2454,2409,2431,45,4863,master
2212,2325,2268,-113,4537,average
2366,2437,2401,-71,4803,master
2082,2219,2150,-137,4301,average
2333,2461,2397,-128,4794,master
2433,2220,2326,213,4653,master
2271,2343,2307,-72,4614,master
2055,2051,2053,4,4106,novice
2167,2360,2263,-193,4527,average
1937,2342,2139,-405,4279,average
2247,2418,2332,-171,4665,master
2252,2143,2197,109,4395,average
1973,2099,2036,-126,4072,novice
2635,2072,2353,563,4707,master
2452,2501,2476,-49,4953,grandmaster
2564,1999,2281,565,4563,average
1986,2103,2044,-117,4089,novice
2084,2243,2163,-159,4327,average
2181,2275,2228,-94,4456,average
2223,2291,2257,-68,4514,average
1976,2006,1991,-30,3982,novice
2548,2738,2643,-190,5286,grandmaster
1814,1993,1903,-179,3807,novice
2360,2263,2311,97,4623,master
2118,2283,2200,-165,4401,average
2471,2253,2362,218,4724,master
1402,1742,1572,-340,3144,novice
2112,2288,2200,-176,4400,average
1777,1576,1676,201,3353,novice
2284,2289,2286,-5,4573,average
2538,2366,2452,172,4904,grandmaster
1837,2170,2003,-333,4007,novice
1786,1974,1880,-188,3760,novice
2074,2656,2365,-582,4730,master
2131,2303,2217,-172,4434,average
2100,2068,2084,32,4168,novice
2087,2347,2217,-260,4434,average
2107,2365,2236,-258,4472,average
2186,2382,2284,-196,4568,average
1902,2118,2010,-216,4020,novice
2136,2014,2075,122,4150,novice
2211,2241,2226,-30,4452,average
2281,2118,2199,163,4399,average
2024,1757,1890,267,3781,novice
2499,2220,2359,279,4719,master
2238,2355,2296,-117,4593,average
1879,2048,1963,-169,3927,novice
2353,2220,2286,133,4573,average
2411,2459,2435,-48,4870,master
2438,2374,2406,64,4812,master
2176,2406,2291,-230,4582,average
2747,2702,2724,45,5449,grandmaster
2643,2494,2568,149,5137,grandmaster
1546,1916,1731,-370,3462,novice
2248,2111,2179,137,4359,average
1927,1965,1946,-38,3892,novice
2572,2393,2482,179,4965,grandmaster
2626,2277,2451,349,4903,grandmaster
2355,2087,2221,268,4442,average
2025,2142,2083,-117,4167,novice
2600,2720,2660,-120,5320,grandmaster
2189,2107,2148,82,4296,average
2191,2408,2299,-217,4599,average
2523,2390,2456,133,4913,grandmaster
2514,2405,2459,109,4919,grandmaster
2338,2108,2223,230,4446,average
2693,2458,2575,235,5151,grandmaster
2136,2221,2178,-85,4357,average
2495,2471,2483,24,4966,grandmaster
2616,2493,2554,123,5109,grandmaster
2693,2769,2731,-76,5462,grandmaster
2502,2573,2537,-71,5075,grandmaster
1867,1983,1925,-116,3850,novice
1958,2354,2156,-396,4312,average
2480,2350,2415,130,4830,master
2351,2360,2355,-9,4711,master
2122,1881,2001,241,4003,novice
2410,2000,2205,410,4410,average
2300,2221,2260,79,4521,average
2350,2462,2406,-112,4812,master
2167,2344,2255,-177,4511,average
2161,2031,2096,130,4192,novice
2048,2212,2130,-164,4260,average
2535,2447,2491,88,4982,grandmaster
2308,2448,2378,-140,4756,master
2717,2549,2633,168,5266,grandmaster
2205,2448,2326,-243,4653,master
2462,2429,2445,33,4891,master
2383,2476,2429,-93,4859,master
2344,2473,2408,-129,4817,master
2084,2187,2135,-103,4271,average
2375,2495,2435,-120,4870,master
2559,2486,2522,73,5045,grandmaster
1683,1500,1591,183,3183,novice
1833,1628,1730,205,3461,novice
1883,2282,2082,-399,4165,novice
2239,2469,2354,-230,4708,master
2409,2477,2443,-68,4886,master
2092,1883,1987,209,3975,novice
2203,2021,2112,182,4224,average
2616,2518,2567,98,5134,grandmaster
2236,2434,2335,-198,4670,master
2252,2475,2363,-223,4727,master
2203,2078,2140,125,4281,average
2129,1931,2030,198,4060,novice
2463,2558,2510,-95,5021,grandmaster
2647,2531,2589,116,5178,grandmaster
2318,2202,2260,116,4520,average
2211,1964,2087,247,4175,novice
1875,1900,1887,-25,3775,novice
2296,2098,2197,198,4394,average
2308,2591,2449,-283,4899,master
2393,2263,2328,130,4656,master
2259,1983,2121,276,4242,average
1925,2082,2003,-157,4007,novice
2214,2123,2168,91,4337,average
1776,2093,1934,-317,3869,novice
2595,2268,2431,327,4863,master
1693,2060,1876,-367,3753,novice
1875,1864,1869,11,3739,novice
1759,1953,1856,-194,3712,novice
2207,2588,2397,-381,4795,master
2313,2292,2302,21,4605,master
2381,2346,2363,35,4727,master
2232,2201,2216,31,4433,average
2256,2150,2203,106,4406,average
1622,1604,1613,18,3226,novice
2236,1934,2085,302,4170,novice
2508,2534,2521,-26,5042,grandmaster
2251,2317,2284,-66,4568,average
2352,2303,2327,49,4655,master
2227,2052,2139,175,4279,average
2169,2305,2237,-136,4474,average
2070,1731,1900,339,3801,novice
2226,2411,2318,-185,4637,master
2113,2354,2233,-241,4467,average
2151,1966,2058,185,4117,novice
2079,2533,2306,-454,4612,master
2158,2254,2206,-96,4412,average
2061,2057,2059,4,4118,novice
2083,2228,2155,-145,4311,average
2587,2686,2636,-99,5273,grandmaster
2567,2602,2584,-35,5169,grandmaster
2566,2365,2465,201,4931,grandmaster
2525,2091,2308,434,4616,master
2593,2579,2586,14,5172,grandmaster
2312,2414,2363,-102,4726,master
2368,2429,2398,-61,4797,master
2239,2287,2263,-48,4526,average
2284,2224,2254,60,4508,average
1701,1505,1603,196,3206,novice
2455,2487,2471,-32,4942,grandmaster
2172,2557,2364,-385,4729,master
2468,2345,2406,123,4813,master
2287,2071,2179,216,4358,average
2152,2520,2336,-368,4672,master
2171,1855,2013,316,4026,novice
2676,2534,2605,142,5210,grandmaster
2143,1997,2070,146,4140,novice
1991,2401,2196,-410,4392,average
1716,1583,1649,133,3299,novice
2494,2307,2400,187,4801,master
2584,2458,2521,126,5042,grandmaster
2175,2360,2267,-185,4535,average
2106,2437,2271,-331,4543,average
2433,2530,2481,-97,4963,grandmaster
2548,2412,2480,136,4960,grandmaster
2210,2103,2156,107,4313,average
2410,2572,2491,-162,4982,grandmaster
2065,2268,2166,-203,4333,average
2329,2132,2230,197,4461,average
2450,1787,2118,663,4237,average
2469,2575,2522,-106,5044,grandmaster
2266,2302,2284,-36,4568,average
2570,2527,2548,43,5097,grandmaster
2056,2244,2150,-188,4300,average
2176,2426,2301,-250,4602,master
2315,2534,2424,-219,4849,master
2171,1862,2016,309,4033,novice
1971,2427,2199,-456,4398,average
2302,2320,2311,-18,4622,master
2173,2283,2228,-110,4456,average
2322,2414,2368,-92,4736,master
2278,2027,2152,251,4305,average
2507,2513,2510,-6,5020,grandmaster
2075,2184,2129,-109,4259,average
2285,2428,2356,-143,4713,master
2188,2277,2232,-89,4465,average
1357,1996,1676,-639,3353,novice
2221,2353,2287,-132,4574,average
2590,2390,2490,200,4980,grandmaster
1862,1591,1726,271,3453,novice
2087,1985,2036,102,4072,novice
1995,1926,1960,69,3921,novice
2342,2261,2301,81,4603,master
2366,2269,2317,97,4635,master
1854,2257,2055,-403,4111,novice
2543,2491,2517,52,5034,grandmaster
1812,1753,1782,59,3565,novice
1889,1815,1852,74,3704,novice
2343,2268,2305,75,4611,master
2318,2231,2274,87,4549,average
1936,2496,2216,-560,4432,average
2423,2508,2465,-85,4931,grandmaster
1881,2408,2144,-527,4289,average
1361,1978,1669,-617,3339,novice
2284,2079,2181,205,4363,average
1696,1596,1646,100,3292,novice
2200,2042,2121,158,4242,average
2070,2256,2163,-186,4326,average
2395,2517,2456,-122,4912,grandmaster
1805,1916,1860,-111,3721,novice
2407,2346,2376,61,4753,master
2438,2265,2351,173,4703,master
2294,2581,2437,-287,4875,master
1747,1992,1869,-245,3739,novice
2468,2549,2508,-81,5017,grandmaster
2406,2474,2440,-68,4880,master
2021,1703,1862,318,3724,novice
2314,2204,2259,110,4518,average
2008,1749,1878,259,3757,novice
1813,1611,1712,202,3424,novice
2265,2330,2297,-65,4595,average
2425,2353,2389,72,4778,master
2202,2270,2236,-68,4472,average
2077,2322,2199,-245,4399,average
2239,2416,2327,-177,4655,master
1692,2007,1849,-315,3699,novice
1768,1630,1699,138,3398,novice
2458,2312,2385,146,4770,master
2415,2220,2317,195,4635,master
2462,2302,2382,160,4764,master
2161,1946,2053,215,4107,novice
2298,1986,2142,312,4284,average
2121,1373,1747,748,3494,novice
1555,1806,1680,-251,3361,novice
2656,2584,2620,72,5240,grandmaster
1924,2047,1985,-123,3971,novice
2587,2529,2558,58,5116,grandmaster
2461,2443,2452,18,4904,grandmaster
2312,2420,2366,-108,4732,master
2476,2516,2496,-40,4992,grandmaster
2144,1965,2054,179,4109,novice
2031,1924,1977,107,3955,novice
2361,1879,2120,482,4240,average
1463,1894,1678,-431,3357,novice
2344,2503,2423,-159,4847,master
2502,2255,2378,247,4757,master
2268,2336,2302,-68,4604,master
2220,2260,2240,-40,4480,average
2157,2081,2119,76,4238,average
2609,2505,2557,104,5114,grandmaster
2164,2453,2308,-289,4617,master
2353,2394,2373,-41,4747,master
2562,1604,2083,958,4166,novice
2263,2261,2262,2,4524,average
2235,1663,1949,572,3898,novice
1907,2165,2036,-258,4072,novice
2607,2377,2492,230,4984,grandmaster
2483,2514,2498,-31,4997,grandmaster
2081,2359,2220,-278,4440,average
1945,1954,1949,-9,3899,novice
2489,2412,2450,77,4901,master
2486,2490,2488,-4,4976,grandmaster
2505,2397,2451,108,4902,grandmaster
1693,2199,1946,-506,3892,novice
1613,1707,1660,-94,3320,novice
2536,2449,2492,87,4985,grandmaster
2609,2536,2572,73,5145,grandmaster
2423,2158,2290,265,4581,average
2698,2750,2724,-52,5448,grandmaster
2272,2041,2156,231,4313,average
2545,2462,2503,83,5007,grandmaster
2262,1997,2129,265,4259,average
2643,2474,2558,169,5117,grandmaster
1632,1949,1790,-317,3581,novice
1799,1698,1748,101,3497,novice
2017,1879,1948,138,3896,novice
2382,1901,2141,481,4283,average
2803,2703,2753,100,5506,grandmaster
2247,2489,2368,-242,4736,master
2572,2441,2506,131,5013,grandmaster
2024,2189,2106,-165,4213,average
2328,1991,2159,337,4319,average
1818,1899,1858,-81,3717,novice
2112,2471,2291,-359,4583,average
2015,2574,2294,-559,4589,average
2311,2492,2401,-181,4803,master
2315,2436,2375,-121,4751,master
2170,2379,2274,-209,4549,average
2594,2199,2396,395,4793,master
2046,2595,2320,-549,4641,master
2460,1850,2155,610,4310,average
2003,2531,2267,-528,4534,average
2450,2298,2374,152,4748,master
2006,2225,2115,-219,4231,average
2520,2602,2561,-82,5122,grandmaster
2450,2250,2350,200,4700,master
2181,2280,2230,-99,4461,average
2587,2278,2432,309,4865,master
2535,2320,2427,215,4855,master
2048,2342,2195,-294,4390,average
1853,1986,1919,-133,3839,novice
1651,2053,1852,-402,3704,novice
2710,2696,2703,14,5406,grandmaster
1942,1377,1659,565,3319,novice
2430,2511,2470,-81,4941,grandmaster
2284,1836,2060,448,4120,novice
2251,2599,2425,-348,4850,master
2166,2273,2219,-107,4439,average
2259,2219,2239,40,4478,average
2480,2191,2335,289,4671,master
2279,2365,2322,-86,4644,master
1957,2323,2140,-366,4280,average
2177,2157,2167,20,4334,average
1594,2011,1802,-417,3605,novice
1497,1655,1576,-158,3152,novice
2404,2135,2269,269,4539,average
2434,2123,2278,311,4557,average
2525,2508,2516,17,5033,grandmaster
2336,2540,2438,-204,4876,master
1782,1684,1733,98,3466,novice
2454,2123,2288,331,4577,average
2342,2135,2238,207,4477,average
2290,2220,2255,70,4510,average
2244,2459,2351,-215,4703,master
1976,2291,2133,-315,4267,average
2587,2198,2392,389,4785,master
2471,2547,2509,-76,5018,grandmaster
1854,1885,1869,-31,3739,novice
2227,2373,2300,-146,4600,average
2341,2189,2265,152,4530,average
2659,2631,2645,28,5290,grandmaster
2417,2572,2494,-155,4989,grandmaster
2722,2289,2505,433,5011,grandmaster
2235,2201,2218,34,4436,average
1823,2001,1912,-178,3824,novice
2247,1893,2070,354,4140,novice
1942,1814,1878,128,3756,novice
1965,1556,1760,409,3521,novice
2048,2286,2167,-238,4334,average
2439,2408,2423,31,4847,master
2334,1912,2123,422,4246,average
2462,2148,2305,314,4610,master
2231,2020,2125,211,4251,average
2344,2206,2275,138,4550,average
1855,2407,2131,-552,4262,average
2239,2409,2324,-170,4648,master
2674,2202,2438,472,4876,master
2083,1880,1981,203,3963,novice
2474,2064,2269,410,4538,average
2481,2614,2547,-133,5095,grandmaster
2490,2304,2397,186,4794,master
2245,2262,2253,-17,4507,average
2405,2179,2292,226,4584,average
2683,2691,2687,-8,5374,grandmaster
1854,1902,1878,-48,3756,novice
2385,2297,2341,88,4682,master
1651,2230,1940,-579,3881,novice
2337,1867,2102,470,4204,average
2284,2424,2354,-140,4708,master
2621,2654,2637,-33,5275,grandmaster
2418,2505,2461,-87,4923,grandmaster
2053,2234,2143,-181,4287,average
2221,2182,2201,39,4403,average
1663,2144,1903,-481,3807,novice
2369,2146,2257,223,4515,average
2663,2381,2522,282,5044,grandmaster
2691,2227,2459,464,4918,grandmaster
2651,2429,2540,222,5080,grandmaster
2354,2129,2241,225,4483,average
2409,2451,2430,-42,4860,master
2341,1998,2169,343,4339,average
2456,2170,2313,286,4626,master
2469,2511,2490,-42,4980,grandmaster
1414,1260,1337,154,2674,novice
1884,1976,1930,-92,3860,novice
2686,2475,2580,211,5161,grandmaster
2353,2188,2270,165,4541,average
2440,2616,2528,-176,5056,grandmaster
2504,2489,2496,15,4993,grandmaster
2329,2498,2413,-169,4827,master
2073,2250,2161,-177,4323,average
2438,2592,2515,-154,5030,grandmaster
1998,2334,2166,-336,4332,average
1940,2379,2159,-439,4319,average
2412,2463,2437,-51,4875,master
2200,2067,2133,133,4267,average
2085,2262,2173,-177,4347,average
2144,1861,2002,283,4005,novice
2251,2493,2372,-242,4744,master
2328,2190,2259,138,4518,average
2500,2034,2267,466,4534,average
2091,2502,2296,-411,4593,average
2257,2511,2384,-254,4768,master
1814,1624,1719,190,3438,novice
1684,1832,1758,-148,3516,novice
2595,2285,2440,310,4880,master
2445,2300,2372,145,4745,master
2231,2448,2339,-217,4679,master
2035,2337,2186,-302,4372,average
2263,2209,2236,54,4472,average
2350,2099,2224,251,4449,average
2315,2344,2329,-29,4659,master
2367,2311,2339,56,4678,master
2190,2227,2208,-37,4417,average
2187,2602,2394,-415,4789,master
2683,2081,2382,602,4764,master
2041,2239,2140,-198,4280,average
2501,2278,2389,223,4779,master
1945,2030,1987,-85,3975,novice
2288,2084,2186,204,4372,average
2458,2614,2536,-156,5072,grandmaster
2169,1916,2042,253,4085,novice
1925,2131,2028,-206,4056,novice
2404,2722,2563,-318,5126,grandmaster
2005,2167,2086,-162,4172,novice
2359,2312,2335,47,4671,master
2085,2527,2306,-442,4612,master
2334,2404,2369,-70,4738,master
2700,2647,2673,53,5347,grandmaster
2272,2379,2325,-107,4651,master
1731,1696,1713,35,3427,novice
2437,2326,2381,111,4763,master
2501,2370,2435,131,4871,master
2060,2218,2139,-158,4278,average
1711,1938,1824,-227,3649,novice
2213,2159,2186,54,4372,average
2522,2634,2578,-112,5156,grandmaster
2258,1941,2099,317,4199,novice
2070,2226,2148,-156,4296,average
2223,2478,2350,-255,4701,master
2625,1997,2311,628,4622,master
2430,2256,2343,174,4686,master
2406,2522,2464,-116,4928,grandmaster
1951,2144,2047,-193,4095,novice
2151,1933,2042,218,4084,novice
2151,2192,2171,-41,4343,average
2339,1813,2076,526,4152,novice
1774,2300,2037,-526,4074,novice
2277,2483,2380,-206,4760,master
2305,2402,2353,-97,4707,master
1850,2130,1990,-280,3980,novice
2385,1927,2156,458,4312,average
1927,2091,2009,-164,4018,novice
2434,2005,2219,429,4439,average
1971,2178,2074,-207,4149,novice
2104,2233,2168,-129,4337,average
2577,2521,2549,56,5098,grandmaster
2315,2584,2449,-269,4899,master
1981,1937,1959,44,3918,novice
2569,2148,2358,421,4717,master
2459,1943,2201,516,4402,average
2081,2260,2170,-179,4341,average
2502,2535,2518,-33,5037,grandmaster
2469,2126,2297,343,4595,average
1939,2532,2235,-593,4471,average
2437,2586,2511,-149,5023,grandmaster
2376,2187,2281,189,4563,average
2485,2617,2551,-132,5102,grandmaster
2293,2465,2379,-172,4758,master
2362,1896,2129,466,4258,average
2060,1890,1975,170,3950,novice
2143,2267,2205,-124,4410,average
2075,2298,2186,-223,4373,average
2160,1726,1943,434,3886,novice
2339,2074,2206,265,4413,average
2612,2304,2458,308,4916,grandmaster
2204,2368,2286,-164,4572,average
2531,2658,2594,-127,5189,grandmaster
2700,1710,2205,990,4410,average
1820,2251,2035,-431,4071,novice
2070,2234,2152,-164,4304,average
2184,2083,2133,101,4267,average
2199,2331,2265,-132,4530,average
1969,2177,2073,-208,4146,novice
1974,2149,2061,-175,4123,novice
2185,1998,2091,187,4183,novice
2236,2499,2367,-263,4735,master
2521,2523,2522,-2,5044,grandmaster
2139,2169,2154,-30,4308,average
2536,2491,2513,45,5027,grandmaster
2507,2404,2455,103,4911,grandmaster
2448,2523,2485,-75,4971,grandmaster
2492,2567,2529,-75,5059,grandmaster
2489,2585,2537,-96,5074,grandmaster
2435,2574,2504,-139,5009,grandmaster
2609,2655,2632,-46,5264,grandmaster
2204,2003,2103,201,4207,average
2200,1994,2097,206,4194,novice
2245,2501,2373,-256,4746,master
2639,2532,2585,107,5171,grandmaster
1985,2156,2070,-171,4141,novice
2191,2202,2196,-11,4393,average
2240,2006,2123,234,4246,average
2277,2194,2235,83,4471,average
2313,2426,2369,-113,4739,master
1569,1859,1714,-290,3428,novice
2655,2705,2680,-50,5360,grandmaster
1870,2239,2054,-369,4109,novice
2260,2044,2152,216,4304,average
1400,1256,1328,144,2656,novice
2864,2713,2788,151,5577,grandmaster
2625,1816,2220,809,4441,average
1551,1916,1733,-365,3467,novice
2313,2505,2409,-192,4818,master
2509,2484,2496,25,4993,grandmaster
2676,2612,2644,64,5288,grandmaster
2337,2286,2311,51,4623,master
2230,2504,2367,-274,4734,master
2538,2637,2587,-99,5175,grandmaster
2512,2402,2457,110,4914,grandmaster
2045,2148,2096,-103,4193,novice
2044,1879,1961,165,3923,novice
1702,1925,1813,-223,3627,novice
2577,2613,2595,-36,5190,grandmaster
2420,2523,2471,-103,4943,grandmaster
2415,2469,2442,-54,4884,master
2422,2432,2427,-10,4854,master
2349,1978,2163,371,4327,average
2067,2293,2180,-226,4360,average
2423,2145,2284,278,4568,average
2199,2325,2262,-126,4524,average
2506,2417,2461,89,4923,grandmaster
2439,2125,2282,314,4564,average
2216,2478,2347,-262,4694,master
2129,1762,1945,367,3891,novice
2157,2319,2238,-162,4476,average
2151,2017,2084,134,4168,novice
1875,2149,2012,-274,4024,novice
2059,2340,2199,-281,4399,average
1854,2198,2026,-344,4052,novice
2298,2357,2327,-59,4655,master
2350,2520,2435,-170,4870,master
2017,2215,2116,-198,4232,average
2258,2376,2317,-118,4634,master
1526,1677,1601,-151,3203,novice
2116,2208,2162,-92,4324,average
2341,2506,2423,-165,4847,master
2568,2574,2571,-6,5142,grandmaster
2599,2368,2483,231,4967,grandmaster
2190,2135,2162,55,4325,average
2612,2290,2451,322,4902,grandmaster
2367,2239,2303,128,4606,master
2099,1896,1997,203,3995,novice
2180,1992,2086,188,4172,novice
2315,2513,2414,-198,4828,master
2623,2482,2552,141,5105,grandmaster
2635,2378,2506,257,5013,grandmaster
2419,2570,2494,-151,4989,grandmaster
1856,2344,2100,-488,4200,novice
2132,2384,2258,-252,4516,average
1910,1320,1615,590,3230,novice
2043,1891,1967,152,3934,novice
2376,2480,2428,-104,4856,master
2223,2091,2157,132,4314,average
2319,2536,2427,-217,4855,master
2506,2619,2562,-113,5125,grandmaster
2563,2550,2556,13,5113,grandmaster
2549,2440,2494,109,4989,grandmaster
2112,2018,2065,94,4130,novice
2485,2567,2526,-82,5052,grandmaster
2003,2046,2024,-43,4049,novice
2486,2538,2512,-52,5024,grandmaster
1995,2355,2175,-360,4350,average
2274,2394,2334,-120,4668,master
2354,2034,2194,320,4388,average
2506,2625,2565,-119,5131,grandmaster
2509,2397,2453,112,4906,grandmaster
1737,2240,1988,-503,3977,novice
2255,2357,2306,-102,4612,master
2481,2274,2377,207,4755,master
2130,1785,1957,345,3915,novice
2013,2302,2157,-289,4315,average
1922,1377,1649,545,3299,novice
2360,2553,2456,-193,4913,grandmaster
1904,2203,2053,-299,4107,novice
2106,1630,1868,476,3736,novice
2372,2156,2264,216,4528,average
2080,2209,2144,-129,4289,average
2515,2026,2270,489,4541,average
1706,1614,1660,92,3320,novice
1910,1802,1856,108,3712,novice
1980,2223,2101,-243,4203,average
2210,1993,2101,217,4203,average
2556,2364,2460,192,4920,grandmaster
2036,1575,1805,461,3611,novice
2201,2409,2305,-208,4610,master
2169,2561,2365,-392,4730,master
2275,2129,2202,146,4404,average
2150,2034,2092,116,4184,novice
2261,2274,2267,-13,4535,average
2155,2220,2187,-65,4375,average
2432,2086,2259,346,4518,average
2407,2370,2388,37,4777,master
2484,1950,2217,534,4434,average
2168,2420,2294,-252,4588,average
1671,1829,1750,-158,3500,novice
2337,2264,2300,73,4601,average
2189,2350,2269,-161,4539,average
1647,1835,1741,-188,3482,novice
2327,2034,2180,293,4361,average
2731,2622,2676,109,5353,grandmaster
2448,2253,2350,195,4701,master
1691,1647,1669,44,3338,novice
2387,2593,2490,-206,4980,grandmaster
2316,2460,2388,-144,4776,master
2492,2468,2480,24,4960,grandmaster
2591,2334,2462,257,4925,grandmaster
2289,1939,2114,350,4228,average
2289,2171,2230,118,4460,average
2323,2241,2282,82,4564,average
2619,2594,2606,25,5213,grandmaster
1878,1566,1722,312,3444,novice
2102,2427,2264,-325,4529,average
2002,2147,2074,-145,4149,novice
2229,2191,2210,38,4420,average
2730,2641,2685,89,5371,grandmaster
2402,1894,2148,508,4296,average
2201,2299,2250,-98,4500,average
1803,2350,2076,-547,4153,novice
2111,2249,2180,-138,4360,average
1780,2174,1977,-394,3954,novice
1792,1614,1703,178,3406,novice
2055,2021,2038,34,4076,novice
1972,1781,1876,191,3753,novice
2208,2216,2212,-8,4424,average
2530,2195,2362,335,4725,master
2124,1975,2049,149,4099,novice
2712,2637,2674,75,5349,grandmaster
1788,2168,1978,-380,3956,novice
2363,2550,2456,-187,4913,grandmaster
2511,2180,2345,331,4691,master
2618,2526,2572,92,5144,grandmaster
1854,2229,2041,-375,4083,novice
1902,2092,1997,-190,3994,novice
2345,2100,2222,245,4445,average
1923,1636,1779,287,3559,novice
2392,2385,2388,7,4777,master
1799,2260,2029,-461,4059,novice
1852,2292,2072,-440,4144,novice
1928,2351,2139,-423,4279,average
2453,2279,2366,174,4732,master
2419,2500,2459,-81,4919,grandmaster
2540,2635,2587,-95,5175,grandmaster
2261,2468,2364,-207,4729,master
2379,2586,2482,-207,4965,grandmaster
2259,2383,2321,-124,4642,master
2119,2132,2125,-13,4251,average
1598,1881,1739,-283,3479,novice
2186,2082,2134,104,4268,average
2218,2297,2257,-79,4515,average
1913,2079,1996,-166,3992,novice
1923,2125,2024,-202,4048,novice
2210,2365,2287,-155,4575,average
2385,2195,2290,190,4580,average
2008,1891,1949,117,3899,novice
2042,1849,1945,193,3891,novice
2071,2248,2159,-177,4319,average
2469,2334,2401,135,4803,master
2660,2360,2510,300,5020,grandmaster
2322,2016,2169,306,4338,average
2146,2346,2246,-200,4492,average
2132,2363,2247,-231,4495,average
1776,1940,1858,-164,3716,novice
2255,2242,2248,13,4497,average
2525,2313,2419,212,4838,master
2172,1917,2044,255,4089,novice
2358,2480,2419,-122,4838,master
2025,2213,2119,-188,4238,average
2399,1901,2150,498,4300,average
2337,2220,2278,117,4557,average
2308,2430,2369,-122,4738,master
2238,2120,2179,118,4358,average
2372,2320,2346,52,4692,master
1985,2451,2218,-466,4436,average
2400,1715,2057,685,4115,novice
1717,2271,1994,-554,3988,novice
2131,1939,2035,192,4070,novice
2310,2239,2274,71,4549,average
2350,2285,2317,65,4635,master
2355,2153,2254,202,4508,average
2476,2604,2540,-128,5080,grandmaster
2423,2672,2547,-249,5095,grandmaster
2410,2462,2436,-52,4872,master
2248,2478,2363,-230,4726,master
2153,2280,2216,-127,4433,average
2616,2152,2384,464,4768,master
2250,2043,2146,207,4293,average
2454,1767,2110,687,4221,average
2145,2283,2214,-138,4428,average
2705,2628,2666,77,5333,grandmaster
2036,2276,2156,-240,4312,average
2071,1817,1944,254,3888,novice
2489,2338,2413,151,4827,master
2621,2688,2654,-67,5309,grandmaster
2573,2291,2432,282,4864,master
2304,2175,2239,129,4479,average
2330,2480,2405,-150,4810,master
2140,2493,2316,-353,4633,master
2088,2319,2203,-231,4407,average
2253,2188,2220,65,4441,average
2411,2251,2331,160,4662,master
2512,2352,2432,160,4864,master
2703,2739,2721,-36,5442,grandmaster
2602,2459,2530,143,5061,grandmaster
1788,1585,1686,203,3373,novice
2358,2216,2287,142,4574,average
2096,2097,2096,-1,4193,novice
2125,1753,1939,372,3878,novice
2249,2222,2235,27,4471,average
2079,2580,2329,-501,4659,master
1923,2429,2176,-506,4352,average
2307,2135,2221,172,4442,average
2060,2574,2317,-514,4634,master
1922,1997,1959,-75,3919,novice
2477,2308,2392,169,4785,master
2081,2218,2149,-137,4299,average
2396,2546,2471,-150,4942,grandmaster
2517,2313,2415,204,4830,master
2088,2211,2149,-123,4299,average
1698,2025,1861,-327,3723,novice
2216,2306,2261,-90,4522,average
2319,1995,2157,324,4314,average
2590,2468,2529,122,5058,grandmaster
2406,1951,2178,455,4357,average
1873,2000,1936,-127,3873,novice
2455,2364,2409,91,4819,master
2307,2381,2344,-74,4688,master
2113,2234,2173,-121,4347,average
2536,2382,2459,154,4918,grandmaster
2169,2403,2286,-234,4572,average
2240,1970,2105,270,4210,average
2459,2552,2505,-93,5011,grandmaster
2417,2156,2286,261,4573,average
2161,2281,2221,-120,4442,average
1825,1902,1863,-77,3727,novice
2114,2281,2197,-167,4395,average
1747,2196,1971,-449,3943,novice
2256,2008,2132,248,4264,average
1608,1833,1720,-225,3441,novice
2605,2428,2516,177,5033,grandmaster
2312,2479,2395,-167,4791,master
2029,1805,1917,224,3834,novice
2130,1985,2057,145,4115,novice
2534,2674,2604,-140,5208,grandmaster
2404,2164,2284,240,4568,average
2501,2458,2479,43,4959,grandmaster
2273,2257,2265,16,4530,average
1938,1996,1967,-58,3934,novice
2256,2307,2281,-51,4563,average
2001,2007,2004,-6,4008,novice
2437,2390,2413,47,4827,master
2107,1927,2017,180,4034,novice
1741,1852,1796,-111,3593,novice
1672,1845,1758,-173,3517,novice
1596,1806,1701,-210,3402,novice
2159,2596,2377,-437,4755,master
2258,2496,2377,-238,4754,master
1863,2283,2073,-420,4146,novice
2564,2553,2558,11,5117,grandmaster
2623,2264,2443,359,4887,master
2128,2076,2102,52,4204,average
2585,2655,2620,-70,5240,grandmaster
2446,2458,2452,-12,4904,grandmaster
2543,2288,2415,255,4831,master
2348,2228,2288,120,4576,average
2279,2228,2253,51,4507,average
2208,1806,2007,402,4014,novice
1485,1920,1702,-435,3405,novice
1663,1790,1726,-127,3453,novice
1714,1958,1836,-244,3672,novice
2125,1892,2008,233,4017,novice
1633,1690,1661,-57,3323,novice
1532,1947,1739,-415,3479,novice
2098,1979,2038,119,4077,novice
2011,2226,2118,-215,4237,average
2490,2573,2531,-83,5063,grandmaster
2532,2233,2382,299,4765,master
2214,2397,2305,-183,4611,master
2071,2316,2193,-245,4387,average
2121,1977,2049,144,4098,novice
1953,1747,1850,206,3700,novice
2302,2091,2196,211,4393,average
2085,1737,1911,348,3822,novice
1857,2022,1939,-165,3879,novice
2103,2288,2195,-185,4391,average
2569,2758,2663,-189,5327,grandmaster
2362,2562,2462,-200,4924,grandmaster
2382,2162,2272,220,4544,average
2558,2281,2419,277,4839,master
2252,2169,2210,83,4421,average
2195,2381,2288,-186,4576,average
2532,2349,2440,183,4881,master
2440,2454,2447,-14,4894,master
2463,2494,2478,-31,4957,grandmaster
2385,1979,2182,406,4364,average
1660,2183,1921,-523,3843,novice
2009,1769,1889,240,3778,novice
1799,1975,1887,-176,3774,novice
2294,2463,2378,-169,4757,master
2403,2497,2450,-94,4900,master
2010,2033,2021,-23,4043,novice
2621,2514,2567,107,5135,grandmaster
2329,2101,2215,228,4430,average
2225,2014,2119,211,4239,average
2195,2219,2207,-24,4414,average
1984,2123,2053,-139,4107,novice
2401,2001,2201,400,4402,average
2184,2276,2230,-92,4460,average
2125,2252,2188,-127,4377,average
2182,2266,2224,-84,4448,average
1733,1370,1551,363,3103,novice
1954,2362,2158,-408,4316,average
2104,2475,2289,-371,4579,average
2092,2277,2184,-185,4369,average
2086,2148,2117,-62,4234,average
2380,2734,2557,-354,5114,grandmaster
2279,2277,2278,2,4556,average
2245,1986,2115,259,4231,average
2331,2282,2306,49,4613,master
2551,2528,2539,23,5079,grandmaster
2345,2299,2322,46,4644,master
2654,2482,2568,172,5136,grandmaster
2118,1799,1958,319,3917,novice
2378,1935,2156,443,4313,average
1916,2239,2077,-323,4155,novice
2412,2259,2335,153,4671,master
2260,2130,2195,130,4390,average
2038,2290,2164,-252,4328,average
2716,2215,2465,501,4931,grandmaster
2390,2459,2424,-69,4849,master
2247,2001,2124,246,4248,average
2149,2268,2208,-119,4417,average
2100,2217,2158,-117,4317,average
2359,1795,2077,564,4154,novice
1429,1707,1568,-278,3136,novice
2025,2326,2175,-301,4351,average
2708,2470,2589,238,5178,grandmaster
2422,2296,2359,126,4718,master
2618,2335,2476,283,4953,grandmaster
2417,2474,2445,-57,4891,master
2098,2028,2063,70,4126,novice
2577,2505,2541,72,5082,grandmaster
2193,2409,2301,-216,4602,master
2399,2453,2426,-54,4852,master
2686,2340,2513,346,5026,grandmaster
1608,2000,1804,-392,3608,novice
1512,1674,1593,-162,3186,novice
2516,2651,2583,-135,5167,grandmaster
1751,1968,1859,-217,3719,novice
2505,2203,2354,302,4708,master
2177,1829,2003,348,4006,novice
2251,2219,2235,32,4470,average
2037,2216,2126,-179,4253,average
2154,1896,2025,258,4050,novice
2614,2717,2665,-103,5331,grandmaster
2207,1977,2092,230,4184,novice
1518,1568,1543,-50,3086,novice
2285,2494,2389,-209,4779,master
2408,2123,2265,285,4531,average
2123,2298,2210,-175,4421,average
2462,2547,2504,-85,5009,grandmaster
2452,2243,2347,209,4695,master
2182,2328,2255,-146,4510,average
1883,2349,2116,-466,4232,average
2375,2129,2252,246,4504,average
2455,2280,2367,175,4735,master
2636,2738,2687,-102,5374,grandmaster
2526,2316,2421,210,4842,master
2387,2466,2426,-79,4853,master
2436,2583,2509,-147,5019,grandmaster
2356,2310,2333,46,4666,master
2011,1799,1905,212,3810,novice
1893,2530,2211,-637,4423,average
2379,2057,2218,322,4436,average
2393,2361,2377,32,4754,master
2147,2522,2334,-375,4669,master
2486,2527,2506,-41,5013,grandmaster
1836,2032,1934,-196,3868,novice
2607,2551,2579,56,5158,grandmaster
2478,2628,2553,-150,5106,grandmaster
2188,2393,2290,-205,4581,average
2315,1942,2128,373,4257,average
2602,2197,2399,405,4799,master
2650,2569,2609,81,5219,grandmaster
2428,2418,2423,10,4846,master
2742,2659,2700,83,5401,grandmaster
2409,2298,2353,111,4707,master
2135,1735,1935,400,3870,novice
2558,2306,2432,252,4864,master
2510,2354,2432,156,4864,master
1796,2097,1946,-301,3893,novice
1821,2181,2001,-360,4002,novice
2470,2299,2384,171,4769,master
2346,2146,2246,200,4492,average
2018,2293,2155,-275,4311,average
2521,2464,2492,57,4985,grandmaster
2139,1885,2012,254,4024,novice
2316,2503,2409,-187,4819,master
2120,2349,2234,-229,4469,average
1482,1981,1731,-499,3463,novice
1901,1943,1922,-42,3844,novice
2182,2081,2131,101,4263,average
2445,2612,2528,-167,5057,grandmaster
2150,2361,2255,-211,4511,average
2387,2442,2414,-55,4829,master
2513,2573,2543,-60,5086,grandmaster
2137,1946,2041,191,4083,novice
2500,2291,2395,209,4791,master
2141,2220,2180,-79,4361,average
2297,1869,2083,428,4166,novice
2319,2108,2213,211,4427,average
2147,2279,2213,-132,4426,average
2615,2414,2514,201,5029,grandmaster
1980,2049,2014,-69,4029,novice
2432,2221,2326,211,4653,master
2062,2238,2150,-176,4300,average
2113,2403,2258,-290,4516,average
1928,2015,1971,-87,3943,novice
2616,2722,2669,-106,5338,grandmaster
2113,1806,1959,307,3919,novice
2418,2172,2295,246,4590,average
2660,2572,2616,88,5232,grandmaster
2345,2049,2197,296,4394,average
1738,1289,1513,449,3027,novice
2323,2403,2363,-80,4726,master
2382,2638,2510,-256,5020,grandmaster
2283,2690,2486,-407,4973,grandmaster
1890,1945,1917,-55,3835,novice
1862,2040,1951,-178,3902,novice
2697,2518,2607,179,5215,grandmaster
2278,2459,2368,-181,4737,master
2520,2493,2506,27,5013,grandmaster
2553,2249,2401,304,4802,master
2557,2439,2498,118,4996,grandmaster
2263,2249,2256,14,4512,average
2696,2573,2634,123,5269,grandmaster
2335,2511,2423,-176,4846,master
2374,2240,2307,134,4614,master
2406,2528,2467,-122,4934,grandmaster
1409,1666,1537,-257,3075,novice
1827,2598,2212,-771,4425,average
2344,2323,2333,21,4667,master
2556,2262,2409,294,4818,master
2065,2291,2178,-226,4356,average
2283,2001,2142,282,4284,average
2309,2120,2214,189,4429,average
2165,1923,2044,242,4088,novice
2443,2012,2227,431,4455,average
2291,2489,2390,-198,4780,master
2432,2526,2479,-94,4958,grandmaster
2354,2385,2369,-31,4739,master
2390,2308,2349,82,4698,master
2700,2653,2676,47,5353,grandmaster
2012,2170,2091,-158,4182,novice
2592,2421,2506,171,5013,grandmaster
1707,2032,1869,-325,3739,novice
1780,2246,2013,-466,4026,novice
1902,2290,2096,-388,4192,novice
2566,2411,2488,155,4977,grandmaster
2212,2559,2385,-347,4771,master
2256,2181,2218,75,4437,average
2055,2288,2171,-233,4343,average
1936,1758,1847,178,3694,novice
2371,2020,2195,351,4391,average
2170,2500,2335,-330,4670,master
2361,2021,2191,340,4382,average
1747,2266,2006,-519,4013,novice
2511,2567,2539,-56,5078,grandmaster
2639,2734,2686,-95,5373,grandmaster
1920,1713,1816,207,3633,novice
1855,2086,1970,-231,3941,novice
2015,2415,2215,-400,4430,average
2511,1728,2119,783,4239,average
2118,1862,1990,256,3980,novice
2730,2783,2756,-53,5513,grandmaster
2274,2131,2202,143,4405,average
1706,2100,1903,-394,3806,novice
1984,2275,2129,-291,4259,average
2057,1977,2017,80,4034,novice
2430,2368,2399,62,4798,master
1874,1754,1814,120,3628,novice
2106,1986,2046,120,4092,novice
2500,2626,2563,-126,5126,grandmaster
2540,2479,2509,61,5019,grandmaster
2424,2377,2400,47,4801,master
2328,2645,2486,-317,4973,grandmaster
2050,2110,2080,-60,4160,novice
1955,2119,2037,-164,4074,novice
2435,2462,2448,-27,4897,master
2322,2234,2278,88,4556,average
2201,1929,2065,272,4130,novice
2384,2121,2252,263,4505,average
2511,2306,2408,205,4817,master
1916,2157,2036,-241,4073,novice
1594,1745,1669,-151,3339,novice
1857,2078,1967,-221,3935,novice
2264,2085,2174,179,4349,average
2268,2049,2158,219,4317,average
2122,2310,2216,-188,4432,average
2266,1994,2130,272,4260,average
2239,1981,2110,258,4220,average
1909,2025,1967,-116,3934,novice
2307,2359,2333,-52,4666,master
2149,2282,2215,-133,4431,average
1978,2121,2049,-143,4099,novice
1722,1831,1776,-109,3553,novice
2085,1931,2008,154,4016,novice
2414,2544,2479,-130,4958,grandmaster
2254,2118,2186,136,4372,average
2030,2175,2102,-145,4205,average
2559,2546,2552,13,5105,grandmaster
2172,2030,2101,142,4202,average
2106,2377,2241,-271,4483,average
1790,1915,1852,-125,3705,novice
2118,2487,2302,-369,4605,master
1811,1981,1896,-170,3792,novice
2468,2057,2262,411,4525,average
2374,2183,2278,191,4557,average
2172,1668,1920,504,3840,novice
2582,2655,2618,-73,5237,grandmaster
2367,2280,2323,87,4647,master
1762,1339,1550,423,3101,novice
2325,2330,2327,-5,4655,master
2505,2238,2371,267,4743,master
2607,2352,2479,255,4959,grandmaster
1700,1922,1811,-222,3622,novice
2158,1999,2078,159,4157,novice
2423,2513,2468,-90,4936,grandmaster
2525,2204,2364,321,4729,master
2077,2167,2122,-90,4244,average
1839,1592,1715,247,3431,novice
2349,2352,2350,-3,4701,master
2556,2183,2369,373,4739,master
2675,2619,2647,56,5294,grandmaster
2623,2496,2559,127,5119,grandmaster
2194,2580,2387,-386,4774,master
1718,2067,1892,-349,3785,novice
2537,2705,2621,-168,5242,grandmaster
2324,2070,2197,254,4394,average
2029,2442,2235,-413,4471,average
2121,1969,2045,152,4090,novice
2475,2504,2489,-29,4979,grandmaster
1953,1798,1875,155,3751,novice
2468,2549,2508,-81,5017,grandmaster
2678,2689,2683,-11,5367,grandmaster
2478,2351,2414,127,4829,master
2387,2103,2245,284,4490,average
2113,1970,2041,143,4083,novice
2802,2720,2761,82,5522,grandmaster
2382,2475,2428,-93,4857,master
2574,2292,2433,282,4866,master
1885,2345,2115,-460,4230,average
1938,1450,1694,488,3388,novice
2066,1901,1983,165,3967,novice
1868,2246,2057,-378,4114,novice
1659,2276,1967,-617,3935,novice
2512,2553,2532,-41,5065,grandmaster
2580,2635,2607,-55,5215,grandmaster
2424,2475,2449,-51,4899,master
2062,2157,2109,-95,4219,average
2086,2366,2226,-280,4452,average
1956,1716,1836,240,3672,novice
2167,2263,2215,-96,4430,average
2267,2473,2370,-206,4740,master
2044,2420,2232,-376,4464,average
2528,2275,2401,253,4803,master
2201,2413,2307,-212,4614,master
2233,2398,2315,-165,4631,master
2030,2375,2202,-345,4405,average
2366,2190,2278,176,4556,average
2274,2169,2221,105,4443,average
2136,2004,2070,132,4140,novice
2275,2337,2306,-62,4612,master
2074,1844,1959,230,3918,novice
1992,1315,1653,677,3307,novice
2243,2450,2346,-207,4693,master
2137,2147,2142,-10,4284,average
2302,2226,2264,76,4528,average
2276,2069,2172,207,4345,average
2044,2254,2149,-210,4298,average
2258,2184,2221,74,4442,average
2105,2351,2228,-246,4456,average
2486,2204,2345,282,4690,master
2541,2552,2546,-11,5093,grandmaster
1806,2262,2034,-456,4068,novice
2391,2521,2456,-130,4912,grandmaster
2000,2189,2094,-189,4189,novice
1905,2303,2104,-398,4208,average
2513,2437,2475,76,4950,grandmaster
2296,2133,2214,163,4429,average
2677,1959,2318,718,4636,master
2626,2635,2630,-9,5261,grandmaster
2136,2376,2256,-240,4512,average
2469,2253,2361,216,4722,master
2788,2770,2779,18,5558,grandmaster
2141,1943,2042,198,4084,novice
2136,1912,2024,224,4048,novice
2200,1881,2040,319,4081,novice
2387,2506,2446,-119,4893,master
2182,2254,2218,-72,4436,average
2752,2661,2706,91,5413,grandmaster
1926,1789,1857,137,3715,novice
1802,1454,1628,348,3256,novice
2505,2499,2502,6,5004,grandmaster
2412,2158,2285,254,4570,average
2468,2326,2397,142,4794,master
2064,2205,2134,-141,4269,average
2087,1643,1865,444,3730,novice
2167,2319,2243,-152,4486,average
1871,2282,2076,-411,4153,novice
1733,2003,1868,-270,3736,novice
1770,2249,2009,-479,4019,novice
2586,2382,2484,204,4968,grandmaster
2309,2299,2304,10,4608,master
1911,2106,2008,-195,4017,novice
2689,2591,2640,98,5280,grandmaster
2545,2560,2552,-15,5105,grandmaster
2462,2480,2471,-18,4942,grandmaster
2459,2330,2394,129,4789,master
2418,2318,2368,100,4736,master
2348,2288,2318,60,4636,master
2366,2602,2484,-236,4968,grandmaster
1916,1865,1890,51,3781,novice
2469,1981,2225,488,4450,average
2295,2463,2379,-168,4758,master
2519,2261,2390,258,4780,master
2074,2403,2238,-329,4477,average
2612,2424,2518,188,5036,grandmaster
2045,2079,2062,-34,4124,novice
2423,2461,2442,-38,4884,master
1914,2223,2068,-309,4137,novice
2213,2476,2344,-263,4689,master
2683,2599,2641,84,5282,grandmaster
2248,2321,2284,-73,4569,average
2004,1783,1893,221,3787,novice
2440,2592,2516,-152,5032,grandmaster
2109,1923,2016,186,4032,novice
2484,2551,2517,-67,5035,grandmaster
2286,2328,2307,-42,4614,master
2761,2872,2816,-111,5633,grandmaster
2426,2570,2498,-144,4996,grandmaster
2292,2374,2333,-82,4666,master
2380,2365,2372,15,4745,master
1705,1353,1529,352,3058,novice
2056,2250,2153,-194,4306,average
2501,2392,2446,109,4893,master
2414,1994,2204,420,4408,average
1882,2225,2053,-343,4107,novice
2463,2580,2521,-117,5043,grandmaster
2438,2567,2502,-129,5005,grandmaster
2319,2076,2197,243,4395,average
2397,1874,2135,523,4271,average
2287,2389,2338,-102,4676,master
2661,2417,2539,244,5078,grandmaster
2379,2447,2413,-68,4826,master
2461,2667,2564,-206,5128,grandmaster
1992,2305,2148,-313,4297,average
2478,2331,2404,147,4809,master
2360,1883,2121,477,4243,average
2699,2714,2706,-15,5413,grandmaster
2085,2325,2205,-240,4410,average
2446,2591,2518,-145,5037,grandmaster
2227,2211,2219,16,4438,average
2643,2250,2446,393,4893,master
2417,2468,2442,-51,4885,master
2057,2256,2156,-199,4313,average
2369,2262,2315,107,4631,master
1922,2110,2016,-188,4032,novice
2000,2081,2040,-81,4081,novice
2142,2349,2245,-207,4491,average
2277,1992,2134,285,4269,average
2021,2263,2142,-242,4284,average
1933,2091,2012,-158,4024,novice
2306,2553,2429,-247,4859,master
2456,2587,2521,-131,5043,grandmaster
1994,1640,1817,354,3634,novice
1879,2169,2024,-290,4048,novice
2148,1974,2061,174,4122,novice
2063,2281,2172,-218,4344,average
1716,1979,1847,-263,3695,novice
2315,2263,2289,52,4578,average
1854,2094,1974,-240,3948,novice
1993,2056,2024,-63,4049,novice
2487,1911,2199,576,4398,average
2365,2341,2353,24,4706,master
2045,2369,2207,-324,4414,average
2346,2520,2433,-174,4866,master
1809,2360,2084,-551,4169,novice
2653,2501,2577,152,5154,grandmaster
2590,2574,2582,16,5164,grandmaster
2449,2389,2419,60,4838,master
2268,2090,2179,178,4358,average
2190,2445,2317,-255,4635,master
1892,2294,2093,-402,4186,novice
2481,2445,2463,36,4926,grandmaster
2145,1936,2040,209,4081,novice
1921,2294,2107,-373,4215,average
2466,2369,2417,97,4835,master
1841,1980,1910,-139,3821,novice
2417,2202,2309,215,4619,master
2556,2505,2530,51,5061,grandmaster
2280,2025,2152,255,4305,average
2480,2187,2333,293,4667,master
2613,2514,2563,99,5127,grandmaster
2446,2450,2448,-4,4896,master
2078,1941,2009,137,4019,novice
2716,2605,2660,111,5321,grandmaster
2370,2107,2238,263,4477,average
1479,1805,1642,-326,3284,novice
1777,2071,1924,-294,3848,novice
2276,2077,2176,199,4353,average
2644,2489,2566,155,5133,grandmaster
2193,1789,1991,404,3982,novice
2255,2039,2147,216,4294,average
2089,1944,2016,145,4033,novice
2298,2380,2339,-82,4678,master
2157,2132,2144,25,4289,average
2358,2581,2469,-223,4939,grandmaster
2631,2416,2523,215,5047,grandmaster
2477,2589,2533,-112,5066,grandmaster
2518,2227,2372,291,4745,master
2501,2359,2430,142,4860,master
2039,2378,2208,-339,4417,average
1919,1996,1957,-77,3915,novice
1737,1727,1732,10,3464,novice
2563,2590,2576,-27,5153,grandmaster
1955,2090,2022,-135,4045,novice
1727,1957,1842,-230,3684,novice
2034,1632,1833,402,3666,novice
2025,2033,2029,-8,4058,novice
1449,1908,1678,-459,3357,novice
2602,2163,2382,439,4765,master
2675,2693,2684,-18,5368,grandmaster
1937,1691,1814,246,3628,novice
1746,2201,1973,-455,3947,novice
2203,2323,2263,-120,4526,average
2449,2488,2468,-39,4937,grandmaster
2140,1782,1961,358,3922,novice
2076,1972,2024,104,4048,novice
2536,2362,2449,174,4898,master
2182,1976,2079,206,4158,novice
2584,2693,2638,-109,5277,grandmaster
1773,1926,1849,-153,3699,novice
1950,2171,2060,-221,4121,novice
2234,2097,2165,137,4331,average
2080,2220,2150,-140,4300,average
2217,2316,2266,-99,4533,average
1786,1654,1720,132,3440,novice
2024,1908,1966,116,3932,novice
2105,1792,1948,313,3897,novice
1583,2151,1867,-568,3734,novice
2597,2593,2595,4,5190,grandmaster
2281,2240,2260,41,4521,average
2695,2570,2632,125,5265,grandmaster
2258,1982,2120,276,4240,average
2301,2081,2191,220,4382,average
2216,2336,2276,-120,4552,average
2103,2445,2274,-342,4548,average
2493,2582,2537,-89,5075,grandmaster
2480,2597,2538,-117,5077,grandmaster
1733,1251,1492,482,2984,novice
2089,1975,2032,114,4064,novice
2389,2319,2354,70,4708,master
2496,2501,2498,-5,4997,grandmaster
1808,2296,2052,-488,4104,novice
1745,1418,1581,327,3163,novice
2196,2371,2283,-175,4567,average
2573,2447,2510,126,5020,grandmaster
2675,2210,2442,465,4885,master
2590,2568,2579,22,5158,grandmaster
2280,2387,2333,-107,4667,master
2208,2191,2199,17,4399,average
2069,2462,2265,-393,4531,average
2234,2467,2350,-233,4701,master
2663,2437,2550,226,5100,grandmaster
2154,2097,2125,57,4251,average
2272,1855,2063,417,4127,novice
2142,2220,2181,-78,4362,average
2167,2540,2353,-373,4707,master
2430,2153,2291,277,4583,average
2371,2558,2464,-187,4929,grandmaster
2313,2273,2293,40,4586,average
2625,2454,2539,171,5079,grandmaster
2457,2530,2493,-73,4987,grandmaster
2274,2168,2221,106,4442,average
2438,2591,2514,-153,5029,grandmaster
2718,2610,2664,108,5328,grandmaster
2086,2222,2154,-136,4308,average
2391,2390,2390,1,4781,master
2165,2229,2197,-64,4394,average
2625,2369,2497,256,4994,grandmaster
2348,2427,2387,-79,4775,master
2318,2403,2360,-85,4721,master
2276,1971,2123,305,4247,average
2397,2193,2295,204,4590,average
2549,2418,2483,131,4967,grandmaster
1653,2085,1869,-432,3738,novice
2063,2128,2095,-65,4191,novice
1611,1819,1715,-208,3430,novice
2560,2152,2356,408,4712,master
1889,2172,2030,-283,4061,novice
2248,2212,2230,36,4460,average
2086,2175,2130,-89,4261,average
2420,2392,2406,28,4812,master
2487,2504,2495,-17,4991,grandmaster
2321,2426,2373,-105,4747,master
2265,2032,2148,233,4297,average
2334,2183,2258,151,4517,average
2224,2198,2211,26,4422,average
2162,2256,2209,-94,4418,average
2454,2450,2452,4,4904,grandmaster
2272,2047,2159,225,4319,average
2188,2306,2247,-118,4494,average
2757,2872,2814,-115,5629,grandmaster
1863,1682,1772,181,3545,novice
2097,2236,2166,-139,4333,average
2416,2320,2368,96,4736,master
2062,1887,1974,175,3949,novice
2128,1993,2060,135,4121,novice
2352,2242,2297,110,4594,average
2662,2591,2626,71,5253,grandmaster
1710,1862,1786,-152,3572,novice
2276,2118,2197,158,4394,average
2229,1988,2108,241,4217,average
2084,2247,2165,-163,4331,average
2460,2584,2522,-124,5044,grandmaster
2502,2599,2550,-97,5101,grandmaster
2341,2301,2321,40,4642,master
1608,2053,1830,-445,3661,novice
2349,2318,2333,31,4667,master
2357,2409,2383,-52,4766,master
2506,2588,2547,-82,5094,grandmaster
2384,2352,2368,32,4736,master
2423,2448,2435,-25,4871,master
2269,2203,2236,66,4472,average
2598,2495,2546,103,5093,grandmaster
2625,2472,2548,153,5097,grandmaster
2633,2304,2468,329,4937,grandmaster
2291,2047,2169,244,4338,average
1905,2071,1988,-166,3976,novice
2531,2547,2539,-16,5078,grandmaster
1999,1553,1776,446,3552,novice
1521,1995,1758,-474,3516,novice
2085,2306,2195,-221,4391,average
2492,2667,2579,-175,5159,grandmaster
2447,2556,2501,-109,5003,grandmaster
2237,2161,2199,76,4398,average
2256,2240,2248,16,4496,average
2054,1994,2024,60,4048,novice
2489,1977,2233,512,4466,average
2097,2394,2245,-297,4491,average
1931,1903,1917,28,3834,novice
2200,2186,2193,14,4386,average
2396,2605,2500,-209,5001,grandmaster
2445,2574,2509,-129,5019,grandmaster
1714,1575,1644,139,3289,novice
2277,1973,2125,304,4250,average
2417,2563,2490,-146,4980,grandmaster
2634,2233,2433,401,4867,master
2368,2424,2396,-56,4792,master
2173,2491,2332,-318,4664,master
2516,2418,2467,98,4934,grandmaster
2568,2201,2384,367,4769,master
1546,1995,1770,-449,3541,novice
2615,2599,2607,16,5214,grandmaster
2529,2258,2393,271,4787,master
1964,2333,2148,-369,4297,average
1905,2132,2018,-227,4037,novice
2304,2140,2222,164,4444,average
2057,2376,2216,-319,4433,average
2390,2328,2359,62,4718,master
2079,2218,2148,-139,4297,average
1856,1388,1622,468,3244,novice
2435,2147,2291,288,4582,average
1659,1861,1760,-202,3520,novice
1574,1431,1502,143,3005,novice
1603,1614,1608,-11,3217,novice
2130,2217,2173,-87,4347,average
2435,2401,2418,34,4836,master
2379,2069,2224,310,4448,average
2104,2364,2234,-260,4468,average
2452,2148,2300,304,4600,average
2635,2464,2549,171,5099,grandmaster
2462,2218,2340,244,4680,master
2462,2537,2499,-75,4999,grandmaster
1950,2046,1998,-96,3996,novice
2149,2399,2274,-250,4548,average
1796,2090,1943,-294,3886,novice
2536,2298,2417,238,4834,master
2262,2067,2164,195,4329,average
2335,2097,2216,238,4432,average
2232,2097,2164,135,4329,average
2286,1885,2085,401,4171,novice
2455,2351,2403,104,4806,master
2201,2300,2250,-99,4501,average
1758,1917,1837,-159,3675,novice
2386,2409,2397,-23,4795,master
2128,2368,2248,-240,4496,average
2509,2062,2285,447,4571,average
2577,2412,2494,165,4989,grandmaster
2751,2676,2713,75,5427,grandmaster
2653,2547,2600,106,5200,grandmaster
2249,2473,2361,-224,4722,master
2408,2174,2291,234,4582,average
2813,2487,2650,326,5300,grandmaster
1455,1724,1589,-269,3179,novice
2556,2371,2463,185,4927,grandmaster
2658,2471,2564,187,5129,grandmaster
2187,2237,2212,-50,4424,average
2377,2437,2407,-60,4814,master
2422,2363,2392,59,4785,master
2601,2482,2541,119,5083,grandmaster
2591,2329,2460,262,4920,grandmaster
2382,2545,2463,-163,4927,grandmaster
2411,2219,2315,192,4630,master
1971,2289,2130,-318,4260,average
1622,2287,1954,-665,3909,novice
2581,2631,2606,-50,5212,grandmaster
2456,2498,2477,-42,4954,grandmaster
2530,2296,2413,234,4826,master
2513,2484,2498,29,4997,grandmaster
2040,2329,2184,-289,4369,average
2203,1766,1984,437,3969,novice
2471,2663,2567,-192,5134,grandmaster
2328,2203,2265,125,4531,average
2423,2072,2247,351,4495,average
2711,2816,2763,-105,5527,grandmaster
2527,2622,2574,-95,5149,grandmaster
2167,2351,2259,-184,4518,average
2641,2591,2616,50,5232,grandmaster
2530,2194,2362,336,4724,master
2507,2555,2531,-48,5062,grandmaster
1705,1949,1827,-244,3654,novice
2273,2259,2266,14,4532,average
1900,2290,2095,-390,4190,novice
2580,2454,2517,126,5034,grandmaster
2277,2270,2273,7,4547,average
2741,2565,2653,176,5306,grandmaster
2586,2357,2471,229,4943,grandmaster
2412,2322,2367,90,4734,master
2134,2337,2235,-203,4471,average
2330,2518,2424,-188,4848,master
2209,2245,2227,-36,4454,average
2073,2355,2214,-282,4428,average
2298,2057,2177,241,4355,average
2528,2413,2470,115,4941,grandmaster
2554,2625,2589,-71,5179,grandmaster
2424,2574,2499,-150,4998,grandmaster
2271,1739,2005,532,4010,novice
2302,2595,2448,-293,4897,master
2233,1903,2068,330,4136,novice
2197,2019,2108,178,4216,average
2220,2196,2208,24,4416,average
1914,2168,2041,-254,4082,novice
2236,1985,2110,251,4221,average
2395,1970,2182,425,4365,average
1594,1903,1748,-309,3497,novice
2129,2166,2147,-37,4295,average
2555,2426,2490,129,4981,grandmaster
2115,2287,2201,-172,4402,average
2377,2189,2283,188,4566,average
2158,1887,2022,271,4045,novice
2538,2357,2447,181,4895,master
1693,1352,1522,341,3045,novice
2268,2371,2319,-103,4639,master
2045,1747,1896,298,3792,novice
2176,2277,2226,-101,4453,average
2322,2565,2443,-243,4887,master
1835,1680,1757,155,3515,novice
2521,2174,2347,347,4695,master
2354,2552,2453,-198,4906,grandmaster
1952,2260,2106,-308,4212,average
1819,1822,1820,-3,3641,novice
1983,2130,2056,-147,4113,novice
2414,2183,2298,231,4597,average
2556,2457,2506,99,5013,grandmaster
2314,2313,2313,1,4627,master
1880,2346,2113,-466,4226,average
2642,2501,2571,141,5143,grandmaster
2599,2712,2655,-113,5311,grandmaster
2135,2194,2164,-59,4329,average
2349,2489,2419,-140,4838,master
2169,2329,2249,-160,4498,average
2508,2330,2419,178,4838,master
2122,2311,2216,-189,4433,average
2357,2214,2285,143,4571,average
2311,2299,2305,12,4610,master
2169,1956,2062,213,4125,novice
2269,2060,2164,209,4329,average
2419,2432,2425,-13,4851,master
2509,2546,2527,-37,5055,grandmaster
1841,2042,1941,-201,3883,novice
2515,2502,2508,13,5017,grandmaster
2285,2035,2160,250,4320,average
2401,2332,2366,69,4733,master
2130,2064,2097,66,4194,novice
2323,2391,2357,-68,4714,master
2265,2247,2256,18,4512,average
2713,2711,2712,2,5424,grandmaster
2266,1944,2105,322,4210,average
2083,2261,2172,-178,4344,average
1718,1910,1814,-192,3628,novice
2499,2379,2439,120,4878,master
2506,2216,2361,290,4722,master
2223,1978,2100,245,4201,novice
2256,2403,2329,-147,4659,master
2190,1903,2046,287,4093,novice
2573,2311,2442,262,4884,master
2232,2242,2237,-10,4474,average
2093,2247,2170,-154,4340,average
1786,2332,2059,-546,4118,novice
1498,1886,1692,-388,3384,novice
2408,2275,2341,133,4683,master
2078,1841,1959,237,3919,novice
2154,2257,2205,-103,4411,average
2354,2213,2283,141,4567,average
1961,1561,1761,400,3522,novice
2293,2352,2322,-59,4645,master
2158,2414,2286,-256,4572,average
2346,2176,2261,170,4522,average
2632,2586,2609,46,5218,grandmaster
2458,2151,2304,307,4609,master
2293,2424,2358,-131,4717,master
2364,2565,2464,-201,4929,grandmaster
2334,2250,2292,84,4584,average
1501,2209,1855,-708,3710,novice
2087,2205,2146,-118,4292,average
2715,2707,2711,8,5422,grandmaster
1891,2175,2033,-284,4066,novice
1933,1855,1894,78,3788,novice
1796,2127,1961,-331,3923,novice
2007,1823,1915,184,3830,novice
2400,2402,2401,-2,4802,master
2436,2505,2470,-69,4941,grandmaster
2476,2504,2490,-28,4980,grandmaster
2271,1894,2082,377,4165,novice
2353,1909,2131,444,4262,average
2119,2173,2146,-54,4292,average
2303,2165,2234,138,4468,average
2120,2211,2165,-91,4331,average
2369,2252,2310,117,4621,master
2292,2048,2170,244,4340,average
2380,2423,2401,-43,4803,master
2405,2429,2417,-24,4834,master
2306,2395,2350,-89,4701,master
1859,2319,2089,-460,4178,novice
2450,2490,2470,-40,4940,grandmaster
1633,2150,1891,-517,3783,novice
2353,2066,2209,287,4419,average
2070,2303,2186,-233,4373,average
2447,2286,2366,161,4733,master
2006,1921,1963,85,3927,novice
2580,2165,2372,415,4745,master
2069,1822,1945,247,3891,novice
2299,2147,2223,152,4446,average
2313,2526,2419,-213,4839,master
2408,2626,2517,-218,5034,grandmaster
2233,2397,2315,-164,4630,master
2328,2131,2229,197,4459,average
2233,2122,2177,111,4355,average
2236,2388,2312,-152,4624,master
2256,2469,2362,-213,4725,master
1570,1950,1760,-380,3520,novice
2237,1880,2058,357,4117,novice
2482,2539,2510,-57,5021,grandmaster
2104,2505,2304,-401,4609,master
2240,1988,2114,252,4228,average
2025,2468,2246,-443,4493,average
2246,1917,2081,329,4163,novice
2395,2074,2234,321,4469,average
2080,2252,2166,-172,4332,average
2438,2462,2450,-24,4900,master
1737,1630,1683,107,3367,novice
2405,2530,2467,-125,4935,grandmaster
2328,2524,2426,-196,4852,master
2530,2537,2533,-7,5067,grandmaster
2141,2084,2112,57,4225,average
2423,2555,2489,-132,4978,grandmaster
2602,2416,2509,186,5018,grandmaster
2128,2323,2225,-195,4451,average
2064,2529,2296,-465,4593,average
1936,2043,1989,-107,3979,novice
2518,2558,2538,-40,5076,grandmaster
2348,2455,2401,-107,4803,master
2344,2152,2248,192,4496,average
2412,2652,2532,-240,5064,grandmaster
2053,2474,2263,-421,4527,average
2494,2276,2385,218,4770,master
2409,2469,2439,-60,4878,master
1925,1794,1859,131,3719,novice
2394,2396,2395,-2,4790,master
2342,2201,2271,141,4543,average
2590,2500,2545,90,5090,grandmaster
2001,2077,2039,-76,4078,novice
2607,2295,2451,312,4902,grandmaster
2056,2088,2072,-32,4144,novice
2194,2246,2220,-52,4440,average
2292,2256,2274,36,4548,average
2568,2120,2344,448,4688,master
1741,1891,1816,-150,3632,novice
2328,2531,2429,-203,4859,master
2514,2544,2529,-30,5058,grandmaster
2546,2881,2713,-335,5427,grandmaster
2045,2369,2207,-324,4414,average
2337,2492,2414,-155,4829,master
2490,2276,2383,214,4766,master
2354,2378,2366,-24,4732,master
2112,1959,2035,153,4071,novice
2628,2593,2610,35,5221,grandmaster
1597,1862,1729,-265,3459,novice
2375,2281,2328,94,4656,master
2484,2098,2291,386,4582,average
2169,1917,2043,252,4086,novice
2194,1951,2072,243,4145,novice
2567,2447,2507,120,5014,grandmaster
2642,2282,2462,360,4924,grandmaster
2096,2270,2183,-174,4366,average
2336,2134,2235,202,4470,average
1944,2152,2048,-208,4096,novice
2205,2282,2243,-77,4487,average
2499,2380,2439,119,4879,master
2278,2266,2272,12,4544,average
2094,2470,2282,-376,4564,average
2014,1626,1820,388,3640,novice
1763,1879,1821,-116,3642,novice
2230,2038,2134,192,4268,average
2230,2089,2159,141,4319,average
2036,2256,2146,-220,4292,average
2022,2101,2061,-79,4123,novice
2390,2228,2309,162,4618,master
2201,2220,2210,-19,4421,average
1827,2424,2125,-597,4251,average
1903,2260,2081,-357,4163,novice
2371,2491,2431,-120,4862,master
2452,2329,2390,123,4781,master
2547,2691,2619,-144,5238,grandmaster
2090,2429,2259,-339,4519,average
2582,2554,2568,28,5136,grandmaster
2351,2042,2196,309,4393,average
2688,2530,2609,158,5218,grandmaster
2243,2463,2353,-220,4706,master
1878,1546,1712,332,3424,novice
2245,1939,2092,306,4184,novice
2282,2586,2434,-304,4868,master
2294,2226,2260,68,4520,average
2651,2577,2614,74,5228,grandmaster
2238,2064,2151,174,4302,average
2308,2257,2282,51,4565,average
2404,2644,2524,-240,5048,grandmaster
2549,2574,2561,-25,5123,grandmaster
2565,2534,2549,31,5099,grandmaster
2094,1839,1966,255,3933,novice
2413,2228,2320,185,4641,master
2365,2541,2453,-176,4906,grandmaster
2109,1938,2023,171,4047,novice
2456,2303,2379,153,4759,master
2487,2595,2541,-108,5082,grandmaster
2533,2284,2408,249,4817,master
2033,1919,1976,114,3952,novice
2162,2380,2271,-218,4542,average
2659,2469,2564,190,5128,grandmaster
2322,2401,2361,-79,4723,master
2387,2246,2316,141,4633,master
2253,1756,2004,497,4009,novice
2036,2251,2143,-215,4287,average
2409,2435,2422,-26,4844,master
2005,2128,2066,-123,4133,novice
1949,1827,1888,122,3776,novice
2073,1849,1961,224,3922,novice
2135,2098,2116,37,4233,average
1888,2555,2221,-667,4443,average
2148,2195,2171,-47,4343,average
1893,2368,2130,-475,4261,average
2631,2529,2580,102,5160,grandmaster
2014,2318,2166,-304,4332,average
1970,2211,2090,-241,4181,novice
2292,2423,2357,-131,4715,master
2381,2244,2312,137,4625,master
2269,2302,2285,-33,4571,average
1994,1865,1929,129,3859,novice
2435,2508,2471,-73,4943,grandmaster
2261,2202,2231,59,4463,average
1907,2094,2000,-187,4001,novice
2556,2630,2593,-74,5186,grandmaster
2221,2475,2348,-254,4696,master
2113,2181,2147,-68,4294,average
2050,2084,2067,-34,4134,novice
1931,2140,2035,-209,4071,novice
2362,2082,2222,280,4444,average
2026,1614,1820,412,3640,novice
1855,1659,1757,196,3514,novice
1865,2008,1936,-143,3873,novice
2017,1953,1985,64,3970,novice
1982,2096,2039,-114,4078,novice
2556,2339,2447,217,4895,master
2645,2402,2523,243,5047,grandmaster
2177,1995,2086,182,4172,novice
2178,2161,2169,17,4339,average
2055,2158,2106,-103,4213,average
2481,2653,2567,-172,5134,grandmaster
1769,1960,1864,-191,3729,novice
2179,2323,2251,-144,4502,average
2288,2384,2336,-96,4672,master
2760,2713,2736,47,5473,grandmaster
2423,2491,2457,-68,4914,grandmaster
2195,2485,2340,-290,4680,master
2045,2179,2112,-134,4224,average
2276,2103,2189,173,4379,average
1914,1680,1797,234,3594,novice
2349,2485,2417,-136,4834,master
2382,2462,2422,-80,4844,master
2300,2055,2177,245,4355,average
2416,2560,2488,-144,4976,grandmaster
2265,2462,2363,-197,4727,master
2460,2534,2497,-74,4994,grandmaster
2645,2492,2568,153,5137,grandmaster
2022,2097,2059,-75,4119,novice
2620,2328,2474,292,4948,grandmaster
1875,2079,1977,-204,3954,novice
2404,2584,2494,-180,4988,grandmaster
2502,2031,2266,471,4533,average
2504,2214,2359,290,4718,master
2547,2408,2477,139,4955,grandmaster
1982,1817,1899,165,3799,novice
2628,2772,2700,-144,5400,grandmaster
2052,2399,2225,-347,4451,average
2353,2479,2416,-126,4832,master
2138,2000,2069,138,4138,novice
2671,2779,2725,-108,5450,grandmaster
2034,2129,2081,-95,4163,novice
1904,2148,2026,-244,4052,novice
1518,1929,1723,-411,3447,novice
2505,2666,2585,-161,5171,grandmaster
2478,2044,2261,434,4522,average
2040,2238,2139,-198,4278,average
1750,2056,1903,-306,3806,novice
2274,2580,2427,-306,4854,master
2617,2492,2554,125,5109,grandmaster
2579,2535,2557,44,5114,grandmaster
1669,1630,1649,39,3299,novice
2438,2288,2363,150,4726,master
1722,2054,1888,-332,3776,novice
2397,2109,2253,288,4506,average
1959,1830,1894,129,3789,novice
2050,2124,2087,-74,4174,novice
2473,2353,2413,120,4826,master
2091,1675,1883,416,3766,novice
1607,1876,1741,-269,3483,novice
2347,2440,2393,-93,4787,master
2327,1996,2161,331,4323,average
2038,1945,1991,93,3983,novice
2702,2321,2511,381,5023,grandmaster
2265,2018,2141,247,4283,average
2448,2354,2401,94,4802,master
2469,2261,2365,208,4730,master
2393,2198,2295,195,4591,average
2069,2185,2127,-116,4254,average
2168,2140,2154,28,4308,average
2737,2773,2755,-36,5510,grandmaster
2387,2416,2401,-29,4803,master
2055,2381,2218,-326,4436,average
1795,1951,1873,-156,3746,novice
2100,2106,2103,-6,4206,average
2291,1903,2097,388,4194,novice
1800,1788,1794,12,3588,novice
2228,2355,2291,-127,4583,average
2174,2274,2224,-100,4448,average
2545,2589,2567,-44,5134,grandmaster
2097,1761,1929,336,3858,novice
1910,2076,1993,-166,3986,novice
1830,2011,1920,-181,3841,novice
1918,1739,1828,179,3657,novice
2628,2235,2431,393,4863,master
1981,1828,1904,153,3809,novice
2691,2706,2698,-15,5397,grandmaster
2269,2080,2174,189,4349,average
2153,2294,2223,-141,4447,average
2345,2290,2317,55,4635,master
2475,2312,2393,163,4787,master
2077,1856,1966,221,3933,novice
2203,2046,2124,157,4249,average
2138,2174,2156,-36,4312,average
2678,2582,2630,96,5260,grandmaster
1929,1980,1954,-51,3909,novice
1999,1778,1888,221,3777,novice
2272,2056,2164,216,4328,average
1838,2075,1956,-237,3913,novice
2373,1951,2162,422,4324,average
2368,2561,2464,-193,4929,grandmaster
2248,2004,2126,244,4252,average
2483,2599,2541,-116,5082,grandmaster
2515,2187,2351,328,4702,master
2436,2405,2420,31,4841,master
2191,2397,2294,-206,4588,average
2108,2184,2146,-76,4292,average
2458,2427,2442,31,4885,master
2171,2340,2255,-169,4511,average
2191,2068,2129,123,4259,average
2672,2666,2669,6,5338,grandmaster
2176,1928,2052,248,4104,novice
2123,2372,2247,-249,4495,average
2413,2337,2375,76,4750,master
2324,2386,2355,-62,4710,master
2271,1307,1789,964,3578,novice
2206,2427,2316,-221,4633,master
1576,1583,1579,-7,3159,novice
1995,2226,2110,-231,4221,average
2665,2560,2612,105,5225,grandmaster
2302,2430,2366,-128,4732,master
2171,1949,2060,222,4120,novice
2387,2184,2285,203,4571,average
2338,2351,2344,-13,4689,master
2190,2051,2120,139,4241,average
2547,2179,2363,368,4726,master
2097,2308,2202,-211,4405,average
2071,2059,2065,12,4130,novice
2341,2401,2371,-60,4742,master
2363,2063,2213,300,4426,average
2006,2129,2067,-123,4135,novice
2364,2295,2329,69,4659,master
2154,2215,2184,-61,4369,average
2238,2460,2349,-222,4698,master
2323,2196,2259,127,4519,average
2024,2505,2264,-481,4529,average
2436,2382,2409,54,4818,master
2344,2179,2261,165,4523,average
2638,2734,2686,-96,5372,grandmaster
1740,1548,1644,192,3288,novice
2117,2232,2174,-115,4349,average
2548,2568,2558,-20,5116,grandmaster
1863,2090,1976,-227,3953,novice
2305,2560,2432,-255,4865,master
2206,2108,2157,98,4314,average
2358,2455,2406,-97,4813,master
1996,2182,2089,-186,4178,novice
2414,2606,2510,-192,5020,grandmaster
2489,2554,2521,-65,5043,grandmaster
2191,2562,2376,-371,4753,master
2563,2544,2553,19,5107,grandmaster
1747,1518,1632,229,3265,novice
2116,1979,2047,137,4095,novice
2555,2550,2552,5,5105,grandmaster
2001,2236,2118,-235,4237,average
2383,2317,2350,66,4700,master
2168,2289,2228,-121,4457,average
2219,1987,2103,232,4206,average
2085,2203,2144,-118,4288,average
2206,2051,2128,155,4257,average
2385,2331,2358,54,4716,master
2495,2286,2390,209,4781,master
2534,2480,2507,54,5014,grandmaster
2179,2402,2290,-223,4581,average
2810,2740,2775,70,5550,grandmaster
1919,1691,1805,228,3610,novice
2416,2563,2489,-147,4979,grandmaster
2027,1757,1892,270,3784,novice
2376,2204,2290,172,4580,average
2394,2563,2478,-169,4957,grandmaster
2653,2531,2592,122,5184,grandmaster
1921,2431,2176,-510,4352,average
2328,1956,2142,372,4284,average
1682,1851,1766,-169,3533,novice
1779,1984,1881,-205,3763,novice
1715,1910,1812,-195,3625,novice
2437,2336,2386,101,4773,master
2361,2580,2470,-219,4941,grandmaster
2368,2508,2438,-140,4876,master
2641,2535,2588,106,5176,grandmaster
2504,2304,2404,200,4808,master
2407,2214,2310,193,4621,master
2722,2725,2723,-3,5447,grandmaster
2407,2551,2479,-144,4958,grandmaster
2097,2481,2289,-384,4578,average
2134,2165,2149,-31,4299,average
2594,2154,2374,440,4748,master
2636,2668,2652,-32,5304,grandmaster
2023,1940,1981,83,3963,novice
2004,1967,1985,37,3971,novice
2073,2326,2199,-253,4399,average
2465,2513,2489,-48,4978,grandmaster
2251,2017,2134,234,4268,average
2130,2037,2083,93,4167,novice
2398,2423,2410,-25,4821,master
2358,2524,2441,-166,4882,master
2542,2639,2590,-97,5181,grandmaster
2261,2084,2172,177,4345,average
2502,2618,2560,-116,5120,grandmaster
2518,2374,2446,144,4892,master
2285,2210,2247,75,4495,average
2543,2421,2482,122,4964,grandmaster
1954,1839,1896,115,3793,novice
1980,1652,1816,328,3632,novice
2394,1963,2178,431,4357,average
2215,2403,2309,-188,4618,master
2195,2418,2306,-223,4613,master
2300,2028,2164,272,4328,average
2315,2011,2163,304,4326,average
2169,2348,2258,-179,4517,average
1904,1625,1764,279,3529,novice
2334,2527,2430,-193,4861,master
2330,2378,2354,-48,4708,master
1792,1985,1888,-193,3777,novice
2482,2272,2377,210,4754,master
2645,2176,2410,469,4821,master
2392,2181,2286,211,4573,average
1941,2161,2051,-220,4102,novice
2287,2337,2312,-50,4624,master
2616,2664,2640,-48,5280,grandmaster
2074,2157,2115,-83,4231,average
2679,2742,2710,-63,5421,grandmaster
2571,2389,2480,182,4960,grandmaster
2267,2245,2256,22,4512,average
2436,2363,2399,73,4799,master
2616,2418,2517,198,5034,grandmaster
2658,2563,2610,95,5221,grandmaster
2162,1928,2045,234,4090,novice
2146,2067,2106,79,4213,average
2125,2270,2197,-145,4395,average
2451,2602,2526,-151,5053,grandmaster
2316,2402,2359,-86,4718,master
2080,2309,2194,-229,4389,average
2307,2409,2358,-102,4716,master
2574,2405,2489,169,4979,grandmaster
2447,2617,2532,-170,5064,grandmaster
2559,2560,2559,-1,5119,grandmaster
2018,2013,2015,5,4031,novice
2393,1947,2170,446,4340,average
2203,2241,2222,-38,4444,average
2075,2377,2226,-302,4452,average
2573,2131,2352,442,4704,master
2276,2255,2265,21,4531,average
2215,2501,2358,-286,4716,master
2126,2285,2205,-159,4411,average
2510,2353,2431,157,4863,master
2157,2256,2206,-99,4413,average
2344,2213,2278,131,4557,average
2055,2520,2287,-465,4575,average
2408,2135,2271,273,4543,average
2484,2082,2283,402,4566,average
1485,1683,1584,-198,3168,novice
1785,1495,1640,290,3280,novice
2699,2606,2652,93,5305,grandmaster
2559,2556,2557,3,5115,grandmaster
2064,2198,2131,-134,4262,average
2243,2109,2176,134,4352,average
2082,2220,2151,-138,4302,average
2496,2339,2417,157,4835,master
2267,2110,2188,157,4377,average
2324,2231,2277,93,4555,average
2232,2034,2133,198,4266,average
2301,2454,2377,-153,4755,master
2341,2397,2369,-56,4738,master
1347,1659,1503,-312,3006,novice
2228,2325,2276,-97,4553,average
2244,2422,2333,-178,4666,master
1871,1499,1685,372,3370,novice
1952,2068,2010,-116,4020,novice
2664,2614,2639,50,5278,grandmaster
2394,2229,2311,165,4623,master
2490,2170,2330,320,4660,master
1576,1839,1707,-263,3415,novice
2379,2110,2244,269,4489,average
1647,2232,1939,-585,3879,novice
1970,1924,1947,46,3894,novice
2179,2282,2230,-103,4461,average
2190,2377,2283,-187,4567,average
2122,1937,2029,185,4059,novice
2491,2442,2466,49,4933,grandmaster
2217,2205,2211,12,4422,average
2205,2053,2129,152,4258,average
2267,2237,2252,30,4504,average
2183,2322,2252,-139,4505,average
2291,2386,2338,-95,4677,master
2224,1760,1992,464,3984,novice
2613,2698,2655,-85,5311,grandmaster
2601,2391,2496,210,4992,grandmaster
2080,1899,1989,181,3979,novice
2348,2280,2314,68,4628,master
2091,1757,1924,334,3848,novice
2149,2512,2330,-363,4661,master
1848,1478,1663,370,3326,novice
1903,2172,2037,-269,4075,novice
2705,2511,2608,194,5216,grandmaster
2320,2166,2243,154,4486,average
2089,2147,2118,-58,4236,average
1811,1853,1832,-42,3664,novice
2459,2176,2317,283,4635,master
2236,2217,2226,19,4453,average
2082,2192,2137,-110,4274,average
1926,1735,1830,191,3661,novice
2471,2557,2514,-86,5028,grandmaster
2548,2416,2482,132,4964,grandmaster
2578,2397,2487,181,4975,grandmaster
2298,2496,2397,-198,4794,master
2191,2324,2257,-133,4515,average
2345,2335,2340,10,4680,master
2554,2555,2554,-1,5109,grandmaster
2576,2285,2430,291,4861,master
2134,2302,2218,-168,4436,average
2501,2408,2454,93,4909,grandmaster
2215,2131,2173,84,4346,average
2322,1878,2100,444,4200,novice
1763,1885,1824,-122,3648,novice
2584,2630,2607,-46,5214,grandmaster
2431,2626,2528,-195,5057,grandmaster
2375,2194,2284,181,4569,average
2143,1937,2040,206,4080,novice
1903,2081,1992,-178,3984,novice
2595,2374,2484,221,4969,grandmaster
1520,1655,1587,-135,3175,novice
2489,2543,2516,-54,5032,grandmaster
2570,2533,2551,37,5103,grandmaster
2434,2228,2331,206,4662,master
2414,2501,2457,-87,4915,grandmaster
2182,2301,2241,-119,4483,average
2446,2485,2465,-39,4931,grandmaster
2469,2502,2485,-33,4971,grandmaster
2340,2192,2266,148,4532,average
2199,2426,2312,-227,4625,master
2256,2460,2358,-204,4716,master
2180,2393,2286,-213,4573,average
2588,2302,2445,286,4890,master
2678,2562,2620,116,5240,grandmaster
2186,2604,2395,-418,4790,master
2039,1948,1993,91,3987,novice
2598,2438,2518,160,5036,grandmaster
2146,1977,2061,169,4123,novice
2413,2650,2531,-237,5063,grandmaster
2351,2328,2339,23,4679,master
2279,2374,2326,-95,4653,master
2330,2035,2182,295,4365,average
2530,2524,2527,6,5054,grandmaster
2706,2056,2381,650,4762,master
2020,2527,2273,-507,4547,average
2068,1718,1893,350,3786,novice
2413,2553,2483,-140,4966,grandmaster
1926,2017,1971,-91,3943,novice
2226,1991,2108,235,4217,average
2109,1905,2007,204,4014,novice
2762,2711,2736,51,5473,grandmaster
2626,2571,2598,55,5197,grandmaster
2208,2139,2173,69,4347,average
2402,2224,2313,178,4626,master
2324,2346,2335,-22,4670,master
2435,2234,2334,201,4669,master
2481,2401,2441,80,4882,master
2476,2248,2362,228,4724,master
2321,2529,2425,-208,4850,master
2188,2134,2161,54,4322,average
1745,2282,2013,-537,4027,novice
2277,2375,2326,-98,4652,master
1905,2072,1988,-167,3977,novice
2445,2431,2438,14,4876,master
1866,1947,1906,-81,3813,novice
2293,2468,2380,-175,4761,master
2663,2501,2582,162,5164,grandmaster
2529,2445,2487,84,4974,grandmaster
1946,2263,2104,-317,4209,average
2519,2296,2407,223,4815,master
2291,2285,2288,6,4576,average
2534,2380,2457,154,4914,grandmaster
2313,2614,2463,-301,4927,grandmaster
1983,2146,2064,-163,4129,novice
2086,2387,2236,-301,4473,average
2137,1979,2058,158,4116,novice
2333,2007,2170,326,4340,average
2520,2321,2420,199,4841,master
2240,2486,2363,-246,4726,master
1995,2127,2061,-132,4122,novice
2148,2023,2085,125,4171,novice
2422,2106,2264,316,4528,average
2689,2648,2668,41,5337,grandmaster
2099,1601,1850,498,3700,novice
2306,2207,2256,99,4513,average
1784,2245,2014,-461,4029,novice
2206,2130,2168,76,4336,average
2163,2215,2189,-52,4378,average
2161,2052,2106,109,4213,average
2236,2338,2287,-102,4574,average
2191,2523,2357,-332,4714,master
2291,2421,2356,-130,4712,master
2417,2378,2397,39,4795,master
1923,1625,1774,298,3548,novice
2291,2386,2338,-95,4677,master
2801,2706,2753,95,5507,grandmaster
2072,2384,2228,-312,4456,average
2299,2444,2371,-145,4743,master
2389,2548,2468,-159,4937,grandmaster
2181,2552,2366,-371,4733,master
1702,1405,1553,297,3107,novice
2288,2013,2150,275,4301,average
2301,2130,2215,171,4431,average
2632,2542,2587,90,5174,grandmaster
2402,2229,2315,173,4631,master
2677,2459,2568,218,5136,grandmaster
2692,2426,2559,266,5118,grandmaster
2220,2451,2335,-231,4671,master
1960,2144,2052,-184,4104,novice
2296,1994,2145,302,4290,average
1873,1578,1725,295,3451,novice
2321,2515,2418,-194,4836,master
1867,2008,1937,-141,3875,novice
2625,2380,2502,245,5005,grandmaster
2238,2443,2340,-205,4681,master
2505,2196,2350,309,4701,master
1890,2257,2073,-367,4147,novice
2098,2276,2187,-178,4374,average
2332,2370,2351,-38,4702,master
2206,2301,2253,-95,4507,average
2326,2509,2417,-183,4835,master
2065,1990,2027,75,4055,novice
2355,2115,2235,240,4470,average
2239,2312,2275,-73,4551,average
1555,1722,1638,-167,3277,novice
2239,2035,2137,204,4274,average
2625,2484,2554,141,5109,grandmaster
2500,2531,2515,-31,5031,grandmaster
2307,2007,2157,300,4314,average
2466,2213,2339,253,4679,master
2473,2222,2347,251,4695,master
2575,2544,2559,31,5119,grandmaster
2378,2787,2582,-409,5165,grandmaster
2429,2379,2404,50,4808,master
2313,2225,2269,88,4538,average
2462,2182,2322,280,4644,master
2166,1929,2047,237,4095,novice
2118,1795,1956,323,3913,novice
2027,2313,2170,-286,4340,average
2622,2406,2514,216,5028,grandmaster
2753,2751,2752,2,5504,grandmaster
2203,2047,2125,156,4250,average
2166,1853,2009,313,4019,novice
2098,2006,2052,92,4104,novice
1983,2141,2062,-158,4124,novice
2429,2559,2494,-130,4988,grandmaster
1394,1537,1465,-143,2931,novice
2641,2645,2643,-4,5286,grandmaster
1875,1659,1767,216,3534,novice
2726,2816,2771,-90,5542,grandmaster
2444,2450,2447,-6,4894,master
1922,2151,2036,-229,4073,novice
2317,2472,2394,-155,4789,master
2229,1841,2035,388,4070,novice
2121,1881,2001,240,4002,novice
2083,2492,2287,-409,4575,average
2130,1844,1987,286,3974,novice
2020,2015,2017,5,4035,novice
2242,1681,1961,561,3923,novice
2258,2321,2289,-63,4579,average
1608,2092,1850,-484,3700,novice
2144,2072,2108,72,4216,average
1682,1781,1731,-99,3463,novice
2601,2450,2525,151,5051,grandmaster
2006,2025,2015,-19,4031,novice
2074,2009,2041,65,4083,novice
2010,2121,2065,-111,4131,novice
1920,1381,1650,539,3301,novice
1891,2326,2108,-435,4217,average
2722,2589,2655,133,5311,grandmaster
2495,2501,2498,-6,4996,grandmaster
1704,2124,1914,-420,3828,novice
2247,2098,2172,149,4345,average
2293,2579,2436,-286,4872,master
2023,2348,2185,-325,4371,average
2269,2081,2175,188,4350,average
2635,2567,2601,68,5202,grandmaster
2491,2069,2280,422,4560,average
2147,2340,2243,-193,4487,average
2165,1985,2075,180,4150,novice
2271,2277,2274,-6,4548,average
2638,2581,2609,57,5219,grandmaster
2556,2696,2626,-140,5252,grandmaster
2152,2188,2170,-36,4340,average
2496,2666,2581,-170,5162,grandmaster
1734,1866,1800,-132,3600,novice
1976,1670,1823,306,3646,novice
2123,2267,2195,-144,4390,average
2531,2515,2523,16,5046,grandmaster
1916,2097,2006,-181,4013,novice
2486,2339,2412,147,4825,master
2384,2320,2352,64,4704,master
2282,1984,2133,298,4266,average
2568,2268,2418,300,4836,master
2168,2448,2308,-280,4616,master
2508,2225,2366,283,4733,master
1712,1883,1797,-171,3595,novice
2469,2376,2422,93,4845,master
2200,2044,2122,156,4244,average
2267,2338,2302,-71,4605,master
2498,2392,2445,106,4890,master
1932,2087,2009,-155,4019,novice
1861,2150,2005,-289,4011,novice
1999,2049,2024,-50,4048,novice
2422,1880,2151,542,4302,average
2162,1861,2011,301,4023,novice
2030,1987,2008,43,4017,novice
2302,2006,2154,296,4308,average
1994,2564,2279,-570,4558,average
2359,2227,2293,132,4586,average
2468,2446,2457,22,4914,grandmaster
2264,2422,2343,-158,4686,master
2526,2701,2613,-175,5227,grandmaster
2498,2293,2395,205,4791,master
1780,2021,1900,-241,3801,novice
2572,2383,2477,189,4955,grandmaster
2661,2383,2522,278,5044,grandmaster
2137,2322,2229,-185,4459,average
2108,2460,2284,-352,4568,average
2501,2507,2504,-6,5008,grandmaster
2471,2237,2354,234,4708,master
1962,2323,2142,-361,4285,average
2506,2338,2422,168,4844,master
2338,2548,2443,-210,4886,master
2731,2757,2744,-26,5488,grandmaster
2682,2488,2585,194,5170,grandmaster
2705,1856,2280,849,4561,average
2497,2498,2497,-1,4995,grandmaster
2005,2353,2179,-348,4358,average
1673,1881,1777,-208,3554,novice
2362,2234,2298,128,4596,average
1858,2219,2038,-361,4077,novice
2534,2316,2425,218,4850,master
2330,2040,2185,290,4370,average
1952,2060,2006,-108,4012,novice
1970,2483,2226,-513,4453,average
1882,2111,1996,-229,3993,novice
2321,2077,2199,244,4398,average
2700,2566,2633,134,5266,grandmaster
1764,2424,2094,-660,4188,novice
2492,2619,2555,-127,5111,grandmaster
2285,1903,2094,382,4188,novice
2227,2405,2316,-178,4632,master
2520,2624,2572,-104,5144,grandmaster
1736,2047,1891,-311,3783,novice
2253,2088,2170,165,4341,average
2336,2418,2377,-82,4754,master
2284,2100,2192,184,4384,average
2044,1780,1912,264,3824,novice
1958,1836,1897,122,3794,novice
2243,2245,2244,-2,4488,average
1961,2172,2066,-211,4133,novice
2074,2368,2221,-294,4442,average
2246,1934,2090,312,4180,novice
1683,2165,1924,-482,3848,novice
2317,2047,2182,270,4364,average
2409,2357,2383,52,4766,master
2364,2105,2234,259,4469,average
2429,2269,2349,160,4698,master
2251,2180,2215,71,4431,average
2607,2078,2342,529,4685,master
2261,2204,2232,57,4465,average
2374,1916,2145,458,4290,average
1795,1849,1822,-54,3644,novice
2132,2046,2089,86,4178,novice
2380,2227,2303,153,4607,master
2227,2402,2314,-175,4629,master
2670,2183,2426,487,4853,master
2562,2276,2419,286,4838,master
2177,2520,2348,-343,4697,master
2439,2187,2313,252,4626,master
2130,1894,2012,236,4024,novice
2482,2437,2459,45,4919,grandmaster
2252,1828,2040,424,4080,novice
1954,2424,2189,-470,4378,average
2181,2265,2223,-84,4446,average
2351,2456,2403,-105,4807,master
2480,2310,2395,170,4790,master
2252,2448,2350,-196,4700,master
1992,1792,1892,200,3784,novice
2043,2486,2264,-443,4529,average
2132,1946,2039,186,4078,novice
1845,1679,1762,166,3524,novice
2383,2534,2458,-151,4917,grandmaster
2270,2527,2398,-257,4797,master
2526,2237,2381,289,4763,master
2349,2427,2388,-78,4776,master
2488,2174,2331,314,4662,master
2308,2161,2234,147,4469,average
1797,2078,1937,-281,3875,novice
2116,1793,1954,323,3909,novice
1706,1575,1640,131,3281,novice
2154,1935,2044,219,4089,novice
2561,2520,2540,41,5081,grandmaster
2480,2297,2388,183,4777,master
1857,2245,2051,-388,4102,novice
1355,2403,1879,-1048,3758,novice
1324,1669,1496,-345,2993,novice
1605,1914,1759,-309,3519,novice
2097,1966,2031,131,4063,novice
2466,2255,2360,211,4721,master
2066,2263,2164,-197,4329,average
1738,2288,2013,-550,4026,novice
1943,2001,1972,-58,3944,novice
2230,2503,2366,-273,4733,master
2539,2645,2592,-106,5184,grandmaster
2407,2088,2247,319,4495,average
1992,1794,1893,198,3786,novice
2158,2113,2135,45,4271,average
2696,2642,2669,54,5338,grandmaster
1914,1803,1858,111,3717,novice
1514,1856,1685,-342,3370,novice
2773,2734,2753,39,5507,grandmaster
1791,1626,1708,165,3417,novice
2147,2006,2076,141,4153,novice
2189,1992,2090,197,4181,novice
2562,2710,2636,-148,5272,grandmaster
2283,1937,2110,346,4220,average
2334,2244,2289,90,4578,average
2069,2287,2178,-218,4356,average
1904,1600,1752,304,3504,novice
2651,2657,2654,-6,5308,grandmaster
2005,2108,2056,-103,4113,novice
2523,2245,2384,278,4768,master
2431,2151,2291,280,4582,average
1996,2109,2052,-113,4105,novice
2560,2459,2509,101,5019,grandmaster
2555,2240,2397,315,4795,master
2367,2037,2202,330,4404,average
2055,2010,2032,45,4065,novice
2407,2428,2417,-21,4835,master
2686,2313,2499,373,4999,grandmaster
2528,2222,2375,306,4750,master
2178,2292,2235,-114,4470,average
2389,2464,2426,-75,4853,master
2220,1941,2080,279,4161,novice
2405,2279,2342,126,4684,master
1880,2177,2028,-297,4057,novice
2639,2606,2622,33,5245,grandmaster
2038,1649,1843,389,3687,novice
2153,1808,1980,345,3961,novice
1800,1981,1890,-181,3781,novice
2428,2220,2324,208,4648,master
2252,2335,2293,-83,4587,average
2289,2537,2413,-248,4826,master
1546,1756,1651,-210,3302,novice
1975,2214,2094,-239,4189,novice
2006,1882,1944,124,3888,novice
2091,1761,1926,330,3852,novice
2297,1995,2146,302,4292,average
2342,2541,2441,-199,4883,master
2320,2462,2391,-142,4782,master
2417,2104,2260,313,4521,average
1788,2035,1911,-247,3823,novice
2256,2130,2193,126,4386,average
2435,2330,2382,105,4765,master
2238,2465,2351,-227,4703,master
2662,2363,2512,299,5025,grandmaster
1945,2245,2095,-300,4190,novice
2167,2143,2155,24,4310,average
2696,2607,2651,89,5303,grandmaster
2231,2347,2289,-116,4578,average
2227,2227,2227,0,4454,average
2414,1713,2063,701,4127,novice
2168,1992,2080,176,4160,novice
2430,1889,2159,541,4319,average
2700,2245,2472,455,4945,grandmaster
2358,2331,2344,27,4689,master
2518,2619,2568,-101,5137,grandmaster
2417,1993,2205,424,4410,average
2060,1809,1934,251,3869,novice
2355,2218,2286,137,4573,average
1909,2211,2060,-302,4120,novice
2198,2369,2283,-171,4567,average
1789,2213,2001,-424,4002,novice
2474,2276,2375,198,4750,master
1981,2298,2139,-317,4279,average
2435,2594,2514,-159,5029,grandmaster
2503,2335,2419,168,4838,master
1798,1752,1775,46,3550,novice
2042,1571,1806,471,3613,novice
2542,2393,2467,149,4935,grandmaster
2335,2436,2385,-101,4771,master
1732,2008,1870,-276,3740,novice
2522,2603,2562,-81,5125,grandmaster
1690,2248,1969,-558,3938,novice
2320,2423,2371,-103,4743,master
1963,1798,1880,165,3761,novice
1881,2141,2011,-260,4022,novice
1647,1399,1523,248,3046,novice
1803,2215,2009,-412,4018,novice
2107,2388,2247,-281,4495,average
2643,2556,2599,87,5199,grandmaster
2198,2117,2157,81,4315,average
2213,1898,2055,315,4111,novice
1676,1528,1602,148,3204,novice
2198,2521,2359,-323,4719,master
2398,2187,2292,211,4585,average
2543,2605,2574,-62,5148,grandmaster
2005,1912,1958,93,3917,novice
2715,2707,2711,8,5422,grandmaster
2305,2458,2381,-153,4763,master
2096,2028,2062,68,4124,novice
2381,2212,2296,169,4593,average
2024,2269,2146,-245,4293,average
2262,2174,2218,88,4436,average
2308,1979,2143,329,4287,average
2572,2679,2625,-107,5251,grandmaster
2431,2192,2311,239,4623,master
2399,2025,2212,374,4424,average
2341,2097,2219,244,4438,average
2608,2277,2442,331,4885,master
2687,2617,2652,70,5304,grandmaster
2597,2404,2500,193,5001,grandmaster
2392,2377,2384,15,4769,master
2030,2027,2028,3,4057,novice
2651,2498,2574,153,5149,grandmaster
2172,2049,2110,123,4221,average
2201,2183,2192,18,4384,average
2130,2327,2228,-197,4457,average
2163,2520,2341,-357,4683,master
2723,2721,2722,2,5444,grandmaster
1805,2132,1968,-327,3937,novice
1801,1614,1707,187,3415,novice
2577,2711,2644,-134,5288,grandmaster
2674,2397,2535,277,5071,grandmaster
1573,2023,1798,-450,3596,novice
1941,2215,2078,-274,4156,novice
2491,2491,2491,0,4982,grandmaster
2254,2387,2320,-133,4641,master
2397,2549,2473,-152,4946,grandmaster
2572,2384,2478,188,4956,grandmaster
2012,1908,1960,104,3920,novice
2387,2216,2301,171,4603,master
2637,1782,2209,855,4419,average
2563,2620,2591,-57,5183,grandmaster
2241,2312,2276,-71,4553,average
2376,2293,2334,83,4669,master
2340,2212,2276,128,4552,average
2274,2352,2313,-78,4626,master
1812,2043,1927,-231,3855,novice
2269,2439,2354,-170,4708,master
2354,2150,2252,204,4504,average
2330,2131,2230,199,4461,average
2388,1783,2085,605,4171,novice
2339,2224,2281,115,4563,average
2069,1959,2014,110,4028,novice
2317,2228,2272,89,4545,average
2698,2733,2715,-35,5431,grandmaster
2375,1940,2157,435,4315,average
2337,2347,2342,-10,4684,master
1880,2044,1962,-164,3924,novice
2331,2300,2315,31,4631,master
2097,2442,2269,-345,4539,average
2128,2335,2231,-207,4463,average
1957,2074,2015,-117,4031,novice
2212,1950,2081,262,4162,novice
1708,2016,1862,-308,3724,novice
2579,2277,2428,302,4856,master
2015,1790,1902,225,3805,novice
2088,2426,2257,-338,4514,average
2191,1998,2094,193,4189,novice
2457,2446,2451,11,4903,grandmaster
2185,2021,2103,164,4206,average
2517,2333,2425,184,4850,master
1647,1602,1624,45,3249,novice
2226,2489,2357,-263,4715,master
2379,2303,2341,76,4682,master
2274,2077,2175,197,4351,average
2445,1841,2143,604,4286,average
2721,2783,2752,-62,5504,grandmaster
1534,1781,1657,-247,3315,novice
2115,1960,2037,155,4075,novice
1492,1860,1676,-368,3352,novice
2442,2425,2433,17,4867,master
1982,2041,2011,-59,4023,novice
2613,2478,2545,135,5091,grandmaster
2485,2326,2405,159,4811,master
2185,2112,2148,73,4297,average
2605,2495,2550,110,5100,grandmaster
2754,2721,2737,33,5475,grandmaster
1884,2228,2056,-344,4112,novice
1749,1514,1631,235,3263,novice
2510,2213,2361,297,4723,master
2724,2565,2644,159,5289,grandmaster
1537,1860,1698,-323,3397,novice
2399,2559,2479,-160,4958,grandmaster
2259,2125,2192,134,4384,average
1984,1674,1829,310,3658,novice
2560,2315,2437,245,4875,master
2098,2222,2160,-124,4320,average
2612,2543,2577,69,5155,grandmaster
1605,2012,1808,-407,3617,novice
1922,1899,1910,23,3821,novice
2427,2542,2484,-115,4969,grandmaster
2178,1897,2037,281,4075,novice
2349,2213,2281,136,4562,average
2170,2364,2267,-194,4534,average
2209,2435,2322,-226,4644,master
2278,2449,2363,-171,4727,master
2312,2237,2274,75,4549,average
2093,2257,2175,-164,4350,average
2625,2701,2663,-76,5326,grandmaster
2484,2027,2255,457,4511,average
2188,2384,2286,-196,4572,average
1893,2457,2175,-564,4350,average
2092,2186,2139,-94,4278,average
2685,2622,2653,63,5307,grandmaster
2533,2635,2584,-102,5168,grandmaster
2370,2435,2402,-65,4805,master
1520,1711,1615,-191,3231,novice
2632,2656,2644,-24,5288,grandmaster
2064,1888,1976,176,3952,novice
2427,2528,2477,-101,4955,grandmaster
2318,2304,2311,14,4622,master
2168,1713,1940,455,3881,novice
2112,1863,1987,249,3975,novice
2501,2606,2553,-105,5107,grandmaster
2468,2314,2391,154,4782,master
2022,2163,2092,-141,4185,novice
2411,2461,2436,-50,4872,master
2432,2440,2436,-8,4872,master
2359,2421,2390,-62,4780,master
1998,2102,2050,-104,4100,novice
2650,2614,2632,36,5264,grandmaster
2150,2081,2115,69,4231,average
2509,2456,2482,53,4965,grandmaster
2281,2115,2198,166,4396,average
2567,2629,2598,-62,5196,grandmaster
2103,2186,2144,-83,4289,average
2412,2386,2399,26,4798,master
2500,2149,2324,351,4649,master
2044,1786,1915,258,3830,novice
2257,2162,2209,95,4419,average
1683,2157,1920,-474,3840,novice
2299,2254,2276,45,4553,average
2093,2347,2220,-254,4440,average
2103,2170,2136,-67,4273,average
2473,2068,2270,405,4541,average
2490,2453,2471,37,4943,grandmaster
2065,2266,2165,-201,4331,average
1734,1531,1632,203,3265,novice
2374,2390,2382,-16,4764,master
2248,2303,2275,-55,4551,average
2562,2300,2431,262,4862,master
2190,2573,2381,-383,4763,master
2161,1955,2058,206,4116,novice
2000,2438,2219,-438,4438,average
2553,2320,2436,233,4873,master
1839,2276,2057,-437,4115,novice
2457,2362,2409,95,4819,master
1947,1747,1847,200,3694,novice
2347,2250,2298,97,4597,average
2648,2380,2514,268,5028,grandmaster
2579,2442,2510,137,5021,grandmaster
2077,1903,1990,174,3980,novice
2354,2459,2406,-105,4813,master
2072,2437,2254,-365,4509,average
2286,2451,2368,-165,4737,master
2037,2352,2194,-315,4389,average
2215,1956,2085,259,4171,novice
2464,2385,2424,79,4849,master
2112,1808,1960,304,3920,novice
1949,2315,2132,-366,4264,average
2610,2504,2557,106,5114,grandmaster
2274,2358,2316,-84,4632,master
1928,2164,2046,-236,4092,novice
2502,2524,2513,-22,5026,grandmaster
2458,2114,2286,344,4572,average
1971,2242,2106,-271,4213,average
2458,2526,2492,-68,4984,grandmaster
2376,2629,2502,-253,5005,grandmaster
2101,1922,2011,179,4023,novice
2410,2140,2275,270,4550,average
2288,2441,2364,-153,4729,master
2222,2149,2185,73,4371,average
2159,2307,2233,-148,4466,average
2202,2158,2180,44,4360,average
2398,2729,2563,-331,5127,grandmaster
2315,2447,2381,-132,4762,master
2157,2305,2231,-148,4462,average
2065,1803,1934,262,3868,novice
2101,2238,2169,-137,4339,average
2408,2106,2257,302,4514,average
2312,2499,2405,-187,4811,master
2610,2620,2615,-10,5230,grandmaster
2612,2582,2597,30,5194,grandmaster
2054,2126,2090,-72,4180,novice
1806,1845,1825,-39,3651,novice
2215,1965,2090,250,4180,novice
2160,1709,1934,451,3869,novice
2536,2422,2479,114,4958,grandmaster
2332,2663,2497,-331,4995,grandmaster
2039,1929,1984,110,3968,novice
2217,2017,2117,200,4234,average
2778,2684,2731,94,5462,grandmaster
2524,2340,2432,184,4864,master
2222,2355,2288,-133,4577,average
2358,2371,2364,-13,4729,master
1954,2082,2018,-128,4036,novice
2317,2412,2364,-95,4729,master
2297,2363,2330,-66,4660,master
2567,2359,2463,208,4926,grandmaster
2345,2339,2342,6,4684,master
2083,1645,1864,438,3728,novice
2245,1963,2104,282,4208,average
2243,2256,2249,-13,4499,average
2459,2556,2507,-97,5015,grandmaster
2379,2618,2498,-239,4997,grandmaster
2406,2304,2355,102,4710,master
2312,2540,2426,-228,4852,master
2471,2340,2405,131,4811,master
2401,2457,2429,-56,4858,master
2119,1938,2028,181,4057,novice
2352,1982,2167,370,4334,average
2444,2034,2239,410,4478,average
2378,2287,2332,91,4665,master
2545,2511,2528,34,5056,grandmaster
2388,2521,2454,-133,4909,grandmaster
1945,2023,1984,-78,3968,novice
1828,2195,2011,-367,4023,novice
2433,2470,2451,-37,4903,grandmaster
2405,2592,2498,-187,4997,grandmaster
2522,2054,2288,468,4576,average
1966,2053,2009,-87,4019,novice
1951,2054,2002,-103,4005,novice
2293,2116,2204,177,4409,average
2527,2282,2404,245,4809,master
2327,2518,2422,-191,4845,master
2763,2548,2655,215,5311,grandmaster
2191,2360,2275,-169,4551,average
2237,2306,2271,-69,4543,average
2201,2327,2264,-126,4528,average
2546,2775,2660,-229,5321,grandmaster
2554,2480,2517,74,5034,grandmaster
1990,1661,1825,329,3651,novice
2429,2452,2440,-23,4881,master
2297,2400,2348,-103,4697,master
2709,2801,2755,-92,5510,grandmaster
2679,2617,2648,62,5296,grandmaster
1979,2251,2115,-272,4230,average
2074,2433,2253,-359,4507,average
2442,2261,2351,181,4703,master
2245,1938,2091,307,4183,novice
2707,2163,2435,544,4870,master
1737,1797,1767,-60,3534,novice
2566,2412,2489,154,4978,grandmaster
2622,2657,2639,-35,5279,grandmaster
1648,1854,1751,-206,3502,novice
2544,2637,2590,-93,5181,grandmaster
2309,2457,2383,-148,4766,master
2025,2200,2112,-175,4225,average
2538,2485,2511,53,5023,grandmaster
1959,2345,2152,-386,4304,average
2452,2275,2363,177,4727,master
2300,2423,2361,-123,4723,master
2010,1924,1967,86,3934,novice
2255,2118,2186,137,4373,average
1659,1784,1721,-125,3443,novice
2460,2402,2431,58,4862,master
2433,2559,2496,-126,4992,grandmaster
2287,2565,2426,-278,4852,master
2216,2182,2199,34,4398,average
2456,2132,2294,324,4588,average
2198,2537,2367,-339,4735,master
1928,2191,2059,-263,4119,novice
1595,1924,1759,-329,3519,novice
2430,2363,2396,67,4793,master
2361,2143,2252,218,4504,average
1708,1912,1810,-204,3620,novice
2490,2191,2340,299,4681,master
2414,2339,2376,75,4753,master
2345,1840,2092,505,4185,novice
2283,2082,2182,201,4365,average
2007,1758,1882,249,3765,novice
2038,1936,1987,102,3974,novice
2077,2293,2185,-216,4370,average
2338,2041,2189,297,4379,average
2003,2150,2076,-147,4153,novice
2496,2358,2427,138,4854,master
2410,2171,2290,239,4581,average
2698,2261,2479,437,4959,grandmaster
2499,2421,2460,78,4920,grandmaster
2738,2525,2631,213,5263,grandmaster
1823,1699,1761,124,3522,novice
2142,2011,2076,131,4153,novice
2537,2575,2556,-38,5112,grandmaster
2395,1990,2192,405,4385,average
1934,2517,2225,-583,4451,average
1717,2174,1945,-457,3891,novice
1947,2094,2020,-147,4041,novice
2231,2176,2203,55,4407,average
2250,1991,2120,259,4241,average
1978,2505,2241,-527,4483,average
2248,2438,2343,-190,4686,master
2349,2104,2226,245,4453,average
2271,2046,2158,225,4317,average
2641,2571,2606,70,5212,grandmaster
2154,2338,2246,-184,4492,average
2707,2555,2631,152,5262,grandmaster
1989,2166,2077,-177,4155,novice
1896,2028,1962,-132,3924,novice
2210,2504,2357,-294,4714,master
1787,1684,1735,103,3471,novice
1924,2088,2006,-164,4012,novice
2326,2352,2339,-26,4678,master
2276,2434,2355,-158,4710,master
2387,2260,2323,127,4647,master
2642,2589,2615,53,5231,grandmaster
2397,2245,2321,152,4642,master
1976,1605,1790,371,3581,novice
2499,2483,2491,16,4982,grandmaster
2473,1990,2231,483,4463,average
2319,1999,2159,320,4318,average
2098,1901,1999,197,3999,novice
1916,2304,2110,-388,4220,average
2403,1989,2196,414,4392,average
2003,2126,2064,-123,4129,novice
1540,1872,1706,-332,3412,novice
2083,2325,2204,-242,4408,average
2115,1834,1974,281,3949,novice
2612,2641,2626,-29,5253,grandmaster
2083,2405,2244,-322,4488,average
2274,2579,2426,-305,4853,master
2338,2468,2403,-130,4806,master
2284,2523,2403,-239,4807,master
2285,2168,2226,117,4453,average
2523,2518,2520,5,5041,grandmaster
2234,2115,2174,119,4349,average
2734,2763,2748,-29,5497,grandmaster
1960,1499,1729,461,3459,novice
2514,2405,2459,109,4919,grandmaster
2554,2557,2555,-3,5111,grandmaster
2594,2642,2618,-48,5236,grandmaster
2272,2267,2269,5,4539,average
2344,2455,2399,-111,4799,master
2654,2177,2415,477,4831,master
2059,1808,1933,251,3867,novice
2527,2248,2387,279,4775,master
2555,2389,2472,166,4944,grandmaster
2326,2062,2194,264,4388,average
2016,2261,2138,-245,4277,average
2304,2292,2298,12,4596,average
2525,2565,2545,-40,5090,grandmaster
2621,2687,2654,-66,5308,grandmaster
2727,2577,2652,150,5304,grandmaster
2433,2402,2417,31,4835,master
2020,2078,2049,-58,4098,novice
2209,1752,1980,457,3961,novice
2439,2582,2510,-143,5021,grandmaster
2028,2438,2233,-410,4466,average
2256,2124,2190,132,4380,average
2372,1926,2149,446,4298,average
2493,2372,2432,121,4865,master
1994,1793,1893,201,3787,novice
2404,2663,2533,-259,5067,grandmaster
2129,1803,1966,326,3932,novice
2155,2158,2156,-3,4313,average
2562,2276,2419,286,4838,master
2127,1932,2029,195,4059,novice
2205,2020,2112,185,4225,average
1419,2032,1725,-613,3451,novice
2185,1978,2081,207,4163,novice
1909,2210,2059,-301,4119,novice
1999,2272,2135,-273,4271,average
2238,2448,2343,-210,4686,master
2376,2346,2361,30,4722,master
1961,2172,2066,-211,4133,novice
2335,2543,2439,-208,4878,master
2446,1982,2214,464,4428,average
2273,1970,2121,303,4243,average
2455,2674,2564,-219,5129,grandmaster
2176,2331,2253,-155,4507,average
2492,2075,2283,417,4567,average
1641,1962,1801,-321,3603,novice
2625,2699,2662,-74,5324,grandmaster
2128,2306,2217,-178,4434,average
2193,2099,2146,94,4292,average
2518,2404,2461,114,4922,grandmaster
2379,2510,2444,-131,4889,master
2233,1910,2071,323,4143,novice
2274,2198,2236,76,4472,average
1935,1802,1868,133,3737,novice
2267,2123,2195,144,4390,average
2528,2434,2481,94,4962,grandmaster
2530,2334,2432,196,4864,master
2027,1824,1925,203,3851,novice
2522,2631,2576,-109,5153,grandmaster
2368,2470,2419,-102,4838,master
1852,1657,1754,195,3509,novice
2616,2660,2638,-44,5276,grandmaster
2203,2428,2315,-225,4631,master
1831,2115,1973,-284,3946,novice
2451,2072,2261,379,4523,average
2246,2480,2363,-234,4726,master
2495,2601,2548,-106,5096,grandmaster
2455,2574,2514,-119,5029,grandmaster
1824,2012,1918,-188,3836,novice
1848,2128,1988,-280,3976,novice
2282,2368,2325,-86,4650,master
2011,2197,2104,-186,4208,average
2460,2448,2454,12,4908,grandmaster
1642,2339,1990,-697,3981,novice
2281,2550,2415,-269,4831,master
2586,2435,2510,151,5021,grandmaster
2309,2279,2294,30,4588,average
2184,2292,2238,-108,4476,average
2394,2466,2430,-72,4860,master
2156,1965,2060,191,4121,novice
2117,2273,2195,-156,4390,average
1789,1928,1858,-139,3717,novice
2051,2369,2210,-318,4420,average
2170,2131,2150,39,4301,average
2179,1744,1961,435,3923,novice
2365,2210,2287,155,4575,average
2439,2314,2376,125,4753,master
2701,2616,2658,85,5317,grandmaster
2295,1964,2129,331,4259,average
2240,2256,2248,-16,4496,average
2502,2475,2488,27,4977,grandmaster
2277,2195,2236,82,4472,average
2024,2031,2027,-7,4055,novice
2201,2406,2303,-205,4607,master
1882,2078,1980,-196,3960,novice
2300,2532,2416,-232,4832,master
2338,2489,2413,-151,4827,master
2577,2233,2405,344,4810,master
2313,2406,2359,-93,4719,master
2546,2247,2396,299,4793,master
2204,1915,2059,289,4119,novice
2497,2017,2257,480,4514,average
2554,2461,2507,93,5015,grandmaster
2251,2466,2358,-215,4717,master
2722,2562,2642,160,5284,grandmaster
2320,2460,2390,-140,4780,master
2413,2641,2527,-228,5054,grandmaster
2136,2353,2244,-217,4489,average
2157,2205,2181,-48,4362,average
2444,2189,2316,255,4633,master
2473,2373,2423,100,4846,master
2668,2697,2682,-29,5365,grandmaster
2033,1960,1996,73,3993,novice
2391,2443,2417,-52,4834,master
2557,2336,2446,221,4893,master
2028,1822,1925,206,3850,novice
1989,1848,1918,141,3837,novice
2572,2391,2481,181,4963,grandmaster
2204,1733,1968,471,3937,novice
1985,1858,1921,127,3843,novice
2463,2245,2354,218,4708,master
2516,2216,2366,300,4732,master
1932,1771,1851,161,3703,novice
2236,2220,2228,16,4456,average
1867,1560,1713,307,3427,novice
2614,2305,2459,309,4919,grandmaster
2172,1997,2084,175,4169,novice
2446,2188,2317,258,4634,master
2298,2199,2248,99,4497,average
2546,2683,2614,-137,5229,grandmaster
1747,1875,1811,-128,3622,novice
2519,2705,2612,-186,5224,grandmaster
2526,2625,2575,-99,5151,grandmaster
1960,1546,1753,414,3506,novice
2243,2180,2211,63,4423,average
2552,2461,2506,91,5013,grandmaster
2677,2580,2628,97,5257,grandmaster
2218,1950,2084,268,4168,novice
1674,2092,1883,-418,3766,novice
2535,1909,2222,626,4444,average
2580,2655,2617,-75,5235,grandmaster
2314,2220,2267,94,4534,average
2507,2560,2533,-53,5067,grandmaster
2497,2375,2436,122,4872,master
2373,2591,2482,-218,4964,grandmaster
2571,1988,2279,583,4559,average
1878,2331,2104,-453,4209,average
1726,1893,1809,-167,3619,novice
2472,2547,2509,-75,5019,grandmaster
2221,2309,2265,-88,4530,average
2297,2248,2272,49,4545,average
2024,1507,1765,517,3531,novice
2169,2127,2148,42,4296,average
2282,2388,2335,-106,4670,master
2309,1970,2139,339,4279,average
2300,2578,2439,-278,4878,master
2337,1937,2137,400,4274,average
2539,2422,2480,117,4961,grandmaster
2283,2469,2376,-186,4752,master
2332,2056,2194,276,4388,average
2318,2572,2445,-254,4890,master
1986,2432,2209,-446,4418,average
2470,2139,2304,331,4609,master
2565,2448,2506,117,5013,grandmaster
2394,2506,2450,-112,4900,master
2565,2610,2587,-45,5175,grandmaster
1823,2074,1948,-251,3897,novice
2322,2547,2434,-225,4869,master
2259,2012,2135,247,4271,average
2448,2137,2292,311,4585,average
2170,2064,2117,106,4234,average
2196,1871,2033,325,4067,novice
2466,2742,2604,-276,5208,grandmaster
1965,2086,2025,-121,4051,novice
2277,2272,2274,5,4549,average
2081,2257,2169,-176,4338,average
2004,2160,2082,-156,4164,novice
2534,2325,2429,209,4859,master
2300,2013,2156,287,4313,average
2136,2455,2295,-319,4591,average
2439,2103,2271,336,4542,average
1946,2401,2173,-455,4347,average
2214,2507,2360,-293,4721,master
2227,2330,2278,-103,4557,average
2624,2700,2662,-76,5324,grandmaster
2535,2403,2469,132,4938,grandmaster
2311,2582,2446,-271,4893,master
2107,2134,2120,-27,4241,average
2496,2499,2497,-3,4995,grandmaster
2506,2708,2607,-202,5214,grandmaster
2276,2471,2373,-195,4747,master
2328,2123,2225,205,4451,average
2589,2470,2529,119,5059,grandmaster
2268,2171,2219,97,4439,average
1815,2460,2137,-645,4275,average
2300,2392,2346,-92,4692,master
2240,2389,2314,-149,4629,master
2526,2011,2268,515,4537,average
2161,2423,2292,-262,4584,average
2378,2406,2392,-28,4784,master
2480,2286,2383,194,4766,master
2477,2437,2457,40,4914,grandmaster
2451,2554,2502,-103,5005,grandmaster
2118,2336,2227,-218,4454,average
2209,2181,2195,28,4390,average
2489,2391,2440,98,4880,master
2407,2511,2459,-104,4918,grandmaster
2312,2488,2400,-176,4800,master
2115,1946,2030,169,4061,novice
2290,2576,2433,-286,4866,master
2129,2498,2313,-369,4627,master
2034,1850,1942,184,3884,novice
2489,2310,2399,179,4799,master
2547,2499,2523,48,5046,grandmaster
2344,1858,2101,486,4202,average
2502,2502,2502,0,5004,grandmaster
2152,2385,2268,-233,4537,average
2369,2042,2205,327,4411,average
2396,2026,2211,370,4422,average
2405,2341,2373,64,4746,master
2414,2072,2243,342,4486,average
1900,2073,1986,-173,3973,novice
1877,1905,1891,-28,3782,novice
1875,2030,1952,-155,3905,novice
1993,2039,2016,-46,4032,novice
1810,1843,1826,-33,3653,novice
2079,2099,2089,-20,4178,novice
2167,2057,2112,110,4224,average
2113,1864,1988,249,3977,novice
2742,2720,2731,22,5462,grandmaster
2545,2616,2580,-71,5161,grandmaster
2024,1716,1870,308,3740,novice
2133,2481,2307,-348,4614,master
2102,2237,2169,-135,4339,average
1964,2203,2083,-239,4167,novice
2529,2438,2483,91,4967,grandmaster
2200,2482,2341,-282,4682,master
2529,2302,2415,227,4831,master
2324,2165,2244,159,4489,average
2739,2503,2621,236,5242,grandmaster
2337,2235,2286,102,4572,average
1844,2101,1972,-257,3945,novice
2148,2371,2259,-223,4519,average
2522,1757,2139,765,4279,average
2437,2188,2312,249,4625,master
2188,2312,2250,-124,4500,average
2310,2457,2383,-147,4767,master
1901,1445,1673,456,3346,novice
1998,2291,2144,-293,4289,average
2394,2414,2404,-20,4808,master
2401,2376,2388,25,4777,master
2166,2296,2231,-130,4462,average
1952,1718,1835,234,3670,novice
1490,1641,1565,-151,3131,novice
2656,2689,2672,-33,5345,grandmaster
2276,2068,2172,208,4344,average
2577,2539,2558,38,5116,grandmaster
2209,2212,2210,-3,4421,average
2176,2264,2220,-88,4440,average
2201,2293,2247,-92,4494,average
2284,2421,2352,-137,4705,master
2361,2084,2222,277,4445,average
1937,2064,2000,-127,4001,novice
2059,2354,2206,-295,4413,average
2084,2332,2208,-248,4416,average
2498,2306,2402,192,4804,master
2198,2214,2206,-16,4412,average
1651,1860,1755,-209,3511,novice
1734,2017,1875,-283,3751,novice
2305,2162,2233,143,4467,average
2268,2278,2273,-10,4546,average
2196,2322,2259,-126,4518,average
2625,2602,2613,23,5227,grandmaster
2526,2548,2537,-22,5074,grandmaster
2442,2299,2370,143,4741,master
2245,2415,2330,-170,4660,master
2662,2114,2388,548,4776,master
2469,2360,2414,109,4829,master
2247,1910,2078,337,4157,novice
2531,2250,2390,281,4781,master
2037,1995,2016,42,4032,novice
1704,2364,2034,-660,4068,novice
2137,2111,2124,26,4248,average
2168,2564,2366,-396,4732,master
2429,2473,2451,-44,4902,grandmaster
2520,2480,2500,40,5000,grandmaster
2490,2458,2474,32,4948,grandmaster
2413,2270,2341,143,4683,master
2202,2347,2274,-145,4549,average
2217,2205,2211,12,4422,average
2019,1933,1976,86,3952,novice
2432,2252,2342,180,4684,master
2443,2556,2499,-113,4999,grandmaster
2550,2481,2515,69,5031,grandmaster
2639,2537,2588,102,5176,grandmaster
2648,2469,2558,179,5117,grandmaster
2302,2483,2392,-181,4785,master
2093,2287,2190,-194,4380,average
1983,1967,1975,16,3950,novice
1611,1874,1742,-263,3485,novice
2181,2121,2151,60,4302,average
2350,2008,2179,342,4358,average
2666,2580,2623,86,5246,grandmaster
2466,2321,2393,145,4787,master
2481,2410,2445,71,4891,master
1736,1833,1784,-97,3569,novice
2582,2142,2362,440,4724,master
1965,2298,2131,-333,4263,average
1755,1980,1867,-225,3735,novice
1873,2093,1983,-220,3966,novice
2435,2300,2367,135,4735,master
2076,2252,2164,-176,4328,average
2616,2560,2588,56,5176,grandmaster
2286,2048,2167,238,4334,average
2620,2441,2530,179,5061,grandmaster
2141,2249,2195,-108,4390,average
2582,2489,2535,93,5071,grandmaster
2288,1743,2015,545,4031,novice
2098,2082,2090,16,4180,novice
1880,1691,1785,189,3571,novice
1847,2025,1936,-178,3872,novice
2674,2488,2581,186,5162,grandmaster
2335,2606,2470,-271,4941,grandmaster
2248,2438,2343,-190,4686,master
2499,2385,2442,114,4884,master
2220,2299,2259,-79,4519,average
2205,2137,2171,68,4342,average
2496,2427,2461,69,4923,grandmaster
1910,2161,2035,-251,4071,novice
2449,2613,2531,-164,5062,grandmaster
2081,1853,1967,228,3934,novice
2604,2692,2648,-88,5296,grandmaster
2257,2250,2253,7,4507,average
1908,1711,1809,197,3619,novice
1774,1546,1660,228,3320,novice
1905,1618,1761,287,3523,novice
2282,2300,2291,-18,4582,average
1790,2191,1990,-401,3981,novice
1960,1835,1897,125,3795,novice
2104,2350,2227,-246,4454,average
1887,1828,1857,59,3715,novice
2066,2495,2280,-429,4561,average
2382,2564,2473,-182,4946,grandmaster
2539,2410,2474,129,4949,grandmaster
1602,1853,1727,-251,3455,novice
1511,1991,1751,-480,3502,novice
2035,2276,2155,-241,4311,average
2169,2363,2266,-194,4532,average
2381,2634,2507,-253,5015,grandmaster
2466,2316,2391,150,4782,master
2101,1975,2038,126,4076,novice
1985,2318,2151,-333,4303,average
2352,2367,2359,-15,4719,master
2258,2385,2321,-127,4643,master
2213,2487,2350,-274,4700,master
2488,2089,2288,399,4577,average
2218,2400,2309,-182,4618,master
2475,2501,2488,-26,4976,grandmaster
1913,1793,1853,120,3706,novice
2464,2380,2422,84,4844,master
2327,2274,2300,53,4601,average
2002,2429,2215,-427,4431,average
2456,2335,2395,121,4791,master
2464,2363,2413,101,4827,master
2016,1900,1958,116,3916,novice
1884,1778,1831,106,3662,novice
2236,2162,2199,74,4398,average
2112,1920,2016,192,4032,novice
2231,2089,2160,142,4320,average
1821,1907,1864,-86,3728,novice
1783,2041,1912,-258,3824,novice
2247,2583,2415,-336,4830,master
1953,1512,1732,441,3465,novice
2287,2159,2223,128,4446,average
2513,2185,2349,328,4698,master
2306,2212,2259,94,4518,average
1636,1873,1754,-237,3509,novice
2723,2745,2734,-22,5468,grandmaster
1808,2154,1981,-346,3962,novice
2403,2138,2270,265,4541,average
1988,2060,2024,-72,4048,novice
2243,1847,2045,396,4090,novice
2023,2043,2033,-20,4066,novice
2145,2036,2090,109,4181,novice
2239,2075,2157,164,4314,average
1984,2198,2091,-214,4182,novice
2386,2506,2446,-120,4892,master
2198,1840,2019,358,4038,novice
2552,2354,2453,198,4906,grandmaster
2452,2537,2494,-85,4989,grandmaster
2581,2598,2589,-17,5179,grandmaster
2454,2412,2433,42,4866,master
2101,2546,2323,-445,4647,master
2556,2533,2544,23,5089,grandmaster
2174,2032,2103,142,4206,average
2379,2116,2247,263,4495,average
2691,2570,2630,121,5261,grandmaster
2401,2196,2298,205,4597,average
1664,1909,1786,-245,3573,novice
2002,2563,2282,-561,4565,average
2324,2080,2202,244,4404,average
1968,2130,2049,-162,4098,novice
2007,2281,2144,-274,4288,average
2369,2457,2413,-88,4826,master
2254,2525,2389,-271,4779,master
1906,2043,1974,-137,3949,novice
2548,2003,2275,545,4551,average
2375,2123,2249,252,4498,average
1773,1946,1859,-173,3719,novice
2658,2486,2572,172,5144,grandmaster
2324,2042,2183,282,4366,average
2125,2305,2215,-180,4430,average
2440,2402,2421,38,4842,master
2475,2040,2257,435,4515,average
2663,2654,2658,9,5317,grandmaster
2166,2322,2244,-156,4488,average
2230,2340,2285,-110,4570,average
2244,2010,2127,234,4254,average
2497,2326,2411,171,4823,master
2438,2164,2301,274,4602,master
2575,2186,2380,389,4761,master
2557,2157,2357,400,4714,master
2234,2109,2171,125,4343,average
2474,2416,2445,58,4890,master
2286,2337,2311,-51,4623,master
2346,2331,2338,15,4677,master
2515,2531,2523,-16,5046,grandmaster
2539,2311,2425,228,4850,master
2170,2082,2126,88,4252,average
2256,2458,2357,-202,4714,master
2262,2233,2247,29,4495,average
2167,1895,2031,272,4062,novice
2262,2258,2260,4,4520,average
1970,2054,2012,-84,4024,novice
2339,1885,2112,454,4224,average
2487,2167,2327,320,4654,master
2240,2045,2142,195,4285,average
2205,2374,2289,-169,4579,average
2221,1844,2032,377,4065,novice
2179,2417,2298,-238,4596,average
2113,2225,2169,-112,4338,average
2505,2224,2364,281,4729,master
2416,2358,2387,58,4774,master
2254,2459,2356,-205,4713,master
2190,2304,2247,-114,4494,average
1858,1967,1912,-109,3825,novice
2125,2116,2120,9,4241,average
2434,2189,2311,245,4623,master
2586,2544,2565,42,5130,grandmaster
2351,2321,2336,30,4672,master
2493,2607,2550,-114,5100,grandmaster
2475,2318,2396,157,4793,master
2200,2363,2281,-163,4563,average
2053,2260,2156,-207,4313,average
2392,2601,2496,-209,4993,grandmaster
2632,2519,2575,113,5151,grandmaster
2127,2238,2182,-111,4365,average
2028,2091,2059,-63,4119,novice
2460,1946,2203,514,4406,average
2245,2114,2179,131,4359,average
1783,1985,1884,-202,3768,novice
2648,2619,2633,29,5267,grandmaster
2364,2330,2347,34,4694,master
2337,2105,2221,232,4442,average
2400,2527,2463,-127,4927,grandmaster
2450,2288,2369,162,4738,master
2549,2655,2602,-106,5204,grandmaster
2250,2342,2296,-92,4592,average
2025,2195,2110,-170,4220,average
2717,2726,2721,-9,5443,grandmaster
2312,2261,2286,51,4573,average
2253,2037,2145,216,4290,average
2094,2446,2270,-352,4540,average
2222,2249,2235,-27,4471,average
2635,2594,2614,41,5229,grandmaster
2284,2461,2372,-177,4745,master
2389,2412,2400,-23,4801,master
2428,1931,2179,497,4359,average
2132,1948,2040,184,4080,novice
2418,2368,2393,50,4786,master
2249,1792,2020,457,4041,novice
2652,2553,2602,99,5205,grandmaster
1728,1585,1656,143,3313,novice
2094,2081,2087,13,4175,novice
2039,2132,2085,-93,4171,novice
1926,2463,2194,-537,4389,average
2153,2287,2220,-134,4440,average
2039,2435,2237,-396,4474,average
2242,2307,2274,-65,4549,average
2365,2485,2425,-120,4850,master
2557,2542,2549,15,5099,grandmaster
2427,2326,2376,101,4753,master
2210,2144,2177,66,4354,average
2178,2366,2272,-188,4544,average
2413,2176,2294,237,4589,average
2635,2679,2657,-44,5314,grandmaster
1818,1916,1867,-98,3734,novice
2390,2171,2280,219,4561,average
2561,2402,2481,159,4963,grandmaster
1531,1763,1647,-232,3294,novice
2445,2104,2274,341,4549,average
2155,1969,2062,186,4124,novice
2510,2402,2456,108,4912,grandmaster
2540,2258,2399,282,4798,master
2387,1942,2164,445,4329,average
2414,2131,2272,283,4545,average
2282,2380,2331,-98,4662,master
2458,2479,2468,-21,4937,grandmaster
2412,2409,2410,3,4821,master
2487,2387,2437,100,4874,master
2037,2391,2214,-354,4428,average
1941,1828,1884,113,3769,novice
2426,2579,2502,-153,5005,grandmaster
2305,2025,2165,280,4330,average
2002,2433,2217,-431,4435,average
2554,2389,2471,165,4943,grandmaster
2363,2567,2465,-204,4930,grandmaster
2633,2526,2579,107,5159,grandmaster
2403,1800,2101,603,4203,average
2313,2495,2404,-182,4808,master
2130,2026,2078,104,4156,novice
2023,1799,1911,224,3822,novice
2062,2396,2229,-334,4458,average
2238,2400,2319,-162,4638,master
2631,2244,2437,387,4875,master
2011,2181,2096,-170,4192,novice
2315,2063,2189,252,4378,average
2022,1851,1936,171,3873,novice
2358,2328,2343,30,4686,master
2441,2165,2303,276,4606,master
2132,2103,2117,29,4235,average
1641,1778,1709,-137,3419,novice
2196,2035,2115,161,4231,average
2299,2434,2366,-135,4733,master
2023,2423,2223,-400,4446,average
2121,2342,2231,-221,4463,average
1943,2123,2033,-180,4066,novice
1964,2171,2067,-207,4135,novice
2119,2166,2142,-47,4285,average
2460,2486,2473,-26,4946,grandmaster
1921,1985,1953,-64,3906,novice
2318,2004,2161,314,4322,average
1755,1471,1613,284,3226,novice
2205,1897,2051,308,4102,novice
2136,2120,2128,16,4256,average
2349,2049,2199,300,4398,average
2171,2328,2249,-157,4499,average
2174,2206,2190,-32,4380,average
2367,2460,2413,-93,4827,master
2111,2412,2261,-301,4523,average
2015,2231,2123,-216,4246,average
2664,2144,2404,520,4808,master
2112,2129,2120,-17,4241,average
2258,2501,2379,-243,4759,master
2127,2073,2100,54,4200,novice
2593,2329,2461,264,4922,grandmaster
2571,2513,2542,58,5084,grandmaster
2475,2625,2550,-150,5100,grandmaster
2531,2136,2333,395,4667,master
2522,2336,2429,186,4858,master
2402,1946,2174,456,4348,average
2428,2423,2425,5,4851,master
2170,2034,2102,136,4204,average
2221,2150,2185,71,4371,average
2470,2595,2532,-125,5065,grandmaster
1498,1531,1514,-33,3029,novice
2525,2376,2450,149,4901,master
2217,2401,2309,-184,4618,master
1756,1896,1826,-140,3652,novice
1680,1831,1755,-151,3511,novice
2547,2487,2517,60,5034,grandmaster
2429,2429,2429,0,4858,master
2289,2395,2342,-106,4684,master
1730,1875,1802,-145,3605,novice
2638,2502,2570,136,5140,grandmaster
2038,2241,2139,-203,4279,average
2409,2470,2439,-61,4879,master
2572,2568,2570,4,5140,grandmaster
2282,2285,2283,-3,4567,average
1998,1858,1928,140,3856,novice
2194,2269,2231,-75,4463,average
1964,2174,2069,-210,4138,novice
2465,2337,2401,128,4802,master
2409,2209,2309,200,4618,master
1914,1732,1823,182,3646,novice
2064,2318,2191,-254,4382,average
2368,2622,2495,-254,4990,grandmaster
2112,2326,2219,-214,4438,average
2202,2032,2117,170,4234,average
2296,2458,2377,-162,4754,master
2281,2375,2328,-94,4656,master
2085,1911,1998,174,3996,novice
2191,2465,2328,-274,4656,master
1944,1561,1752,383,3505,novice
2442,2389,2415,53,4831,master
2298,2390,2344,-92,4688,master
1841,1829,1835,12,3670,novice
2130,2186,2158,-56,4316,average
2244,1725,1984,519,3969,novice
2153,1765,1959,388,3918,novice
2140,1881,2010,259,4021,novice
1703,1637,1670,66,3340,novice
2225,2118,2171,107,4343,average
2293,2264,2278,29,4557,average
2322,2139,2230,183,4461,average
1642,1511,1576,131,3153,novice
1851,1723,1787,128,3574,novice
2399,2460,2429,-61,4859,master
2497,2186,2341,311,4683,master
2417,2195,2306,222,4612,master
1896,2048,1972,-152,3944,novice
2370,2345,2357,25,4715,master
2766,2748,2757,18,5514,grandmaster
2016,2087,2051,-71,4103,novice
2347,2616,2481,-269,4963,grandmaster
2264,2096,2180,168,4360,average
2270,2159,2214,111,4429,average
2156,2206,2181,-50,4362,average
2511,2410,2460,101,4921,grandmaster
2257,2194,2225,63,4451,average
2006,2519,2262,-513,4525,average
2273,2396,2334,-123,4669,master
2610,2704,2657,-94,5314,grandmaster
1864,2031,1947,-167,3895,novice
2300,2140,2220,160,4440,average
1431,2167,1799,-736,3598,novice
2246,1915,2080,331,4161,novice
1961,1658,1809,303,3619,novice
1994,2228,2111,-234,4222,average
2211,1777,1994,434,3988,novice
2451,2369,2410,82,4820,master
1679,1795,1737,-116,3474,novice
2204,1955,2079,249,4159,novice
2345,2198,2271,147,4543,average
2466,2556,2511,-90,5022,grandmaster
2488,2357,2422,131,4845,master
2568,2446,2507,122,5014,grandmaster
2177,1921,2049,256,4098,novice
2002,2365,2183,-363,4367,average
2082,2206,2144,-124,4288,average
2048,2265,2156,-217,4313,average
2018,1938,1978,80,3956,novice
2153,2402,2277,-249,4555,average
2041,2269,2155,-228,4310,average
2501,2709,2605,-208,5210,grandmaster
2554,2517,2535,37,5071,grandmaster
2167,2003,2085,164,4170,novice
2668,2149,2408,519,4817,master
2127,1940,2033,187,4067,novice
2526,2246,2386,280,4772,master
2026,2314,2170,-288,4340,average
1848,1532,1690,316,3380,novice
2464,2632,2548,-168,5096,grandmaster
1832,2087,1959,-255,3919,novice
1988,2291,2139,-303,4279,average
1878,1730,1804,148,3608,novice
1274,1607,1440,-333,2881,novice
1661,1262,1461,399,2923,novice
2226,1959,2092,267,4185,novice
2248,2435,2341,-187,4683,master
2504,2452,2478,52,4956,grandmaster
2223,2233,2228,-10,4456,average
2433,2400,2416,33,4833,master
2568,1992,2280,576,4560,average
2646,2664,2655,-18,5310,grandmaster
2224,2378,2301,-154,4602,master
2619,2312,2465,307,4931,grandmaster
2329,2334,2331,-5,4663,master
2258,2094,2176,164,4352,average
2014,2061,2037,-47,4075,novice
1935,1723,1829,212,3658,novice
2124,2180,2152,-56,4304,average
2472,2426,2449,46,4898,master
2190,2156,2173,34,4346,average
2167,1855,2011,312,4022,novice
2100,2305,2202,-205,4405,average
2602,2710,2656,-108,5312,grandmaster
2376,2607,2491,-231,4983,grandmaster
2310,2459,2384,-149,4769,master
2368,1851,2109,517,4219,average
2274,2209,2241,65,4483,average
1722,2460,2091,-738,4182,novice
2213,1980,2096,233,4193,novice
2779,2548,2663,231,5327,grandmaster
2387,1983,2185,404,4370,average
2250,2275,2262,-25,4525,average
2157,2369,2263,-212,4526,average
2280,2373,2326,-93,4653,master
2024,2275,2149,-251,4299,average
2655,2252,2453,403,4907,grandmaster
1942,2509,2225,-567,4451,average
2478,2358,2418,120,4836,master
2138,2182,2160,-44,4320,average
2340,2310,2325,30,4650,master
2236,2002,2119,234,4238,average
2507,2571,2539,-64,5078,grandmaster
1778,2360,2069,-582,4138,novice
2057,1962,2009,95,4019,novice
2370,2786,2578,-416,5156,grandmaster
1664,1455,1559,209,3119,novice
2389,2079,2234,310,4468,average
2349,2154,2251,195,4503,average
2173,2292,2232,-119,4465,average
2290,2629,2459,-339,4919,grandmaster
2389,2286,2337,103,4675,master
2511,2377,2444,134,4888,master
2206,2125,2165,81,4331,average
2460,2446,2453,14,4906,grandmaster
2094,2078,2086,16,4172,novice
2214,2368,2291,-154,4582,average
1887,2120,2003,-233,4007,novice
1679,1966,1822,-287,3645,novice
2314,2462,2388,-148,4776,master
2282,2448,2365,-166,4730,master
2028,2058,2043,-30,4086,novice
2432,2152,2292,280,4584,average
2050,1848,1949,202,3898,novice
2518,2639,2578,-121,5157,grandmaster
1991,2275,2133,-284,4266,average
2426,2325,2375,101,4751,master
2314,1971,2142,343,4285,average
1521,1881,1701,-360,3402,novice
2352,2252,2302,100,4604,master
2383,2569,2476,-186,4952,grandmaster
2479,2240,2359,239,4719,master
2401,1941,2171,460,4342,average
2336,2235,2285,101,4571,average
2524,2589,2556,-65,5113,grandmaster
1949,2050,1999,-101,3999,novice
1982,2185,2083,-203,4167,novice
2753,2864,2808,-111,5617,grandmaster
2531,2447,2489,84,4978,grandmaster
2081,1880,1980,201,3961,novice
2046,1961,2003,85,4007,novice
2402,2331,2366,71,4733,master
2224,2466,2345,-242,4690,master
1512,1843,1677,-331,3355,novice
2523,2376,2449,147,4899,master
2658,2680,2669,-22,5338,grandmaster
2129,2014,2071,115,4143,novice
2501,2144,2322,357,4645,master
2134,2539,2336,-405,4673,master
2030,2280,2155,-250,4310,average
2723,2632,2677,91,5355,grandmaster
2133,1818,1975,315,3951,novice
2383,2603,2493,-220,4986,grandmaster
2225,2351,2288,-126,4576,average
2306,2291,2298,15,4597,average
2322,2209,2265,113,4531,average
2580,2293,2436,287,4873,master
2117,2032,2074,85,4149,novice
2486,2628,2557,-142,5114,grandmaster
2079,1911,1995,168,3990,novice
2517,2285,2401,232,4802,master
2408,2145,2276,263,4553,average
2436,2477,2456,-41,4913,grandmaster
2547,2174,2360,373,4721,master
2016,2103,2059,-87,4119,novice
2323,2258,2290,65,4581,average
2347,2591,2469,-244,4938,grandmaster
2327,2367,2347,-40,4694,master
2164,2398,2281,-234,4562,average
2174,2371,2272,-197,4545,average
2022,1811,1916,211,3833,novice
2531,2362,2446,169,4893,master
2744,2772,2758,-28,5516,grandmaster
2155,2558,2356,-403,4713,master
2178,2347,2262,-169,4525,average
2707,2185,2446,522,4892,master
2417,2235,2326,182,4652,master
2066,2226,2146,-160,4292,average
2101,1889,1995,212,3990,novice
2323,1959,2141,364,4282,average
1952,2190,2071,-238,4142,novice
1937,1968,1952,-31,3905,novice
2281,1819,2050,462,4100,novice
2250,2235,2242,15,4485,average
1931,2210,2070,-279,4141,novice
2262,2199,2230,63,4461,average
1583,1932,1757,-349,3515,novice
2309,2237,2273,72,4546,average
2678,2743,2710,-65,5421,grandmaster
2587,2630,2608,-43,5217,grandmaster
2172,2251,2211,-79,4423,average
2044,2298,2171,-254,4342,average
2316,2052,2184,264,4368,average
2095,2220,2157,-125,4315,average
2098,2414,2256,-316,4512,average
2184,2363,2273,-179,4547,average
2262,2438,2350,-176,4700,master
2082,2251,2166,-169,4333,average
1939,1740,1839,199,3679,novice
2345,2173,2259,172,4518,average
2025,2370,2197,-345,4395,average
2147,1942,2044,205,4089,novice
2330,2174,2252,156,4504,average
2278,2015,2146,263,4293,average
1980,1612,1796,368,3592,novice
2069,1916,1992,153,3985,novice
2578,2359,2468,219,4937,grandmaster
2599,2614,2606,-15,5213,grandmaster
2119,2304,2211,-185,4423,average
2178,2035,2106,143,4213,average
2349,2055,2202,294,4404,average
2089,1672,1880,417,3761,novice
2259,2195,2227,64,4454,average
2338,2480,2409,-142,4818,master
1641,2439,2040,-798,4080,novice
1782,1621,1701,161,3403,novice
2400,2594,2497,-194,4994,grandmaster
2002,2167,2084,-165,4169,novice
2493,2493,2493,0,4986,grandmaster
2008,2285,2146,-277,4293,average
1675,2080,1877,-405,3755,novice
1851,2363,2107,-512,4214,average
2059,2171,2115,-112,4230,average
2038,2399,2218,-361,4437,average
2394,2257,2325,137,4651,master
2650,2542,2596,108,5192,grandmaster
2312,2099,2205,213,4411,average
1706,2060,1883,-354,3766,novice
2217,2507,2362,-290,4724,master
2328,2517,2422,-189,4845,master
2076,2291,2183,-215,4367,average
2354,2576,2465,-222,4930,grandmaster
2446,2503,2474,-57,4949,grandmaster
2136,2177,2156,-41,4313,average
2079,1791,1935,288,3870,novice
1923,2133,2028,-210,4056,novice
1952,2085,2018,-133,4037,novice
2174,2194,2184,-20,4368,average
2260,2072,2166,188,4332,average
1863,1987,1925,-124,3850,novice
2210,2083,2146,127,4293,average
1791,2251,2021,-460,4042,novice
2108,2301,2204,-193,4409,average
2104,2197,2150,-93,4301,average
2551,2414,2482,137,4965,grandmaster
2319,2280,2299,39,4599,average
2071,2582,2326,-511,4653,master
2530,2333,2431,197,4863,master
2341,2491,2416,-150,4832,master
2500,2402,2451,98,4902,grandmaster
2520,2573,2546,-53,5093,grandmaster
2552,2206,2379,346,4758,master
2200,1990,2095,210,4190,novice
2260,1739,1999,521,3999,novice
2140,2374,2257,-234,4514,average
2583,2281,2432,302,4864,master
2029,2351,2190,-322,4380,average
1796,2446,2121,-650,4242,average
2650,2723,2686,-73,5373,grandmaster
2233,2039,2136,194,4272,average
2119,2533,2326,-414,4652,master
1908,2148,2028,-240,4056,novice
2357,2307,2332,50,4664,master
2115,2277,2196,-162,4392,average
2312,2194,2253,118,4506,average
2226,2055,2140,171,4281,average
2528,2358,2443,170,4886,master
1985,2213,2099,-228,4198,novice
2204,2315,2259,-111,4519,average
2158,1912,2035,246,4070,novice
2274,2460,2367,-186,4734,master
2525,2570,2547,-45,5095,grandmaster
2009,2552,2280,-543,4561,average
2232,2406,2319,-174,4638,master
2274,2382,2328,-108,4656,master
2155,2370,2262,-215,4525,average
1917,2308,2112,-391,4225,average
2604,2268,2436,336,4872,master
2212,1901,2056,311,4113,novice
2353,2323,2338,30,4676,master
2353,2251,2302,102,4604,master
2321,2019,2170,302,4340,average
2493,2556,2524,-63,5049,grandmaster
2121,2559,2340,-438,4680,master
2078,2019,2048,59,4097,novice
2286,2252,2269,34,4538,average
2009,2257,2133,-248,4266,average
1981,2325,2153,-344,4306,average
2354,2581,2467,-227,4935,grandmaster
2413,2170,2291,243,4583,average
2052,2150,2101,-98,4202,average
1893,1528,1710,365,3421,novice
2310,2161,2235,149,4471,average
2215,1985,2100,230,4200,novice
2030,2115,2072,-85,4145,novice
2386,2598,2492,-212,4984,grandmaster
2698,2296,2497,402,4994,grandmaster
1992,2210,2101,-218,4202,average
2199,2009,2104,190,4208,average
2325,2557,2441,-232,4882,master
2199,2405,2302,-206,4604,master
2261,1841,2051,420,4102,novice
2428,2403,2415,25,4831,master
2063,2024,2043,39,4087,novice
2064,1885,1974,179,3949,novice
2072,1903,1987,169,3975,novice
1780,1933,1856,-153,3713,novice
2483,2246,2364,237,4729,master
2567,2483,2525,84,5050,grandmaster
2338,2410,2374,-72,4748,master
2316,2628,2472,-312,4944,grandmaster
2522,2481,2501,41,5003,grandmaster
2650,2621,2635,29,5271,grandmaster
2716,2564,2640,152,5280,grandmaster
2484,2110,2297,374,4594,average
1787,1902,1844,-115,3689,novice
2357,2634,2495,-277,4991,grandmaster
1991,2066,2028,-75,4057,novice
2575,2352,2463,223,4927,grandmaster
2222,2056,2139,166,4278,average
2568,2461,2514,107,5029,grandmaster
1851,2245,2048,-394,4096,novice
2640,2474,2557,166,5114,grandmaster
2401,2220,2310,181,4621,master
2478,2341,2409,137,4819,master
2049,1782,1915,267,3831,novice
2398,2435,2416,-37,4833,master
2392,2011,2201,381,4403,average
2063,1773,1918,290,3836,novice
2272,2478,2375,-206,4750,master
2119,1982,2050,137,4101,novice
2792,2771,2781,21,5563,grandmaster
2786,2775,2780,11,5561,grandmaster
2276,2369,2322,-93,4645,master
2262,2434,2348,-172,4696,master
2243,2065,2154,178,4308,average
1862,2044,1953,-182,3906,novice
2518,2228,2373,290,4746,master
1913,2291,2102,-378,4204,average
2214,2492,2353,-278,4706,master
2652,2643,2647,9,5295,grandmaster
2312,2074,2193,238,4386,average
2171,2419,2295,-248,4590,average
1947,2448,2197,-501,4395,average
1677,1411,1544,266,3088,novice
2389,2050,2219,339,4439,average
2079,2380,2229,-301,4459,average
2204,2442,2323,-238,4646,master
2018,1913,1965,105,3931,novice
2663,2837,2750,-174,5500,grandmaster
2460,2453,2456,7,4913,grandmaster
2596,2497,2546,99,5093,grandmaster
2096,2337,2216,-241,4433,average
2495,2430,2462,65,4925,grandmaster
1985,2264,2124,-279,4249,average
2712,2661,2686,51,5373,grandmaster
2052,2045,2048,7,4097,novice
2229,2096,2162,133,4325,average
2383,2277,2330,106,4660,master
2307,2016,2161,291,4323,average
2210,2338,2274,-128,4548,average
2337,2355,2346,-18,4692,master
2228,2539,2383,-311,4767,master
2100,2381,2240,-281,4481,average
2299,2201,2250,98,4500,average
2367,2037,2202,330,4404,average
2287,2431,2359,-144,4718,master
2181,2154,2167,27,4335,average
2564,2027,2295,537,4591,average
2203,2295,2249,-92,4498,average
1735,2447,2091,-712,4182,novice
1768,1966,1867,-198,3734,novice
2190,2271,2230,-81,4461,average
2509,2432,2470,77,4941,grandmaster
2054,2268,2161,-214,4322,average
2551,2172,2361,379,4723,master
1654,1638,1646,16,3292,novice
2356,2231,2293,125,4587,average
2417,2207,2312,210,4624,master
2530,2206,2368,324,4736,master
2606,2723,2664,-117,5329,grandmaster
2060,1749,1904,311,3809,novice
2164,2279,2221,-115,4443,average
1887,1733,1810,154,3620,novice
2425,2370,2397,55,4795,master
2089,1864,1976,225,3953,novice
2402,2214,2308,188,4616,master
2240,2427,2333,-187,4667,master
2520,2655,2587,-135,5175,grandmaster
2345,2231,2288,114,4576,average
2328,2452,2390,-124,4780,master
2472,2358,2415,114,4830,master
2347,2102,2224,245,4449,average
2128,2217,2172,-89,4345,average
2500,2501,2500,-1,5001,grandmaster
1754,2123,1938,-369,3877,novice
2299,2400,2349,-101,4699,master
2169,1921,2045,248,4090,novice
2399,2331,2365,68,4730,master
2349,2480,2414,-131,4829,master
2065,1871,1968,194,3936,novice
1844,1698,1771,146,3542,novice
1939,1837,1888,102,3776,novice
2209,2368,2288,-159,4577,average
2073,1792,1932,281,3865,novice
1843,2059,1951,-216,3902,novice
1618,1309,1463,309,2927,novice
2011,2203,2107,-192,4214,average
2267,2177,2222,90,4444,average
2304,2380,2342,-76,4684,master
2317,2412,2364,-95,4729,master
2698,2642,2670,56,5340,grandmaster
2394,2581,2487,-187,4975,grandmaster
2000,1983,1991,17,3983,novice
2032,1896,1964,136,3928,novice
2274,2123,2198,151,4397,average
2381,2246,2313,135,4627,master
2398,2286,2342,112,4684,master
2108,2328,2218,-220,4436,average
2418,2218,2318,200,4636,master
2100,2073,2086,27,4173,novice
2237,2449,2343,-212,4686,master
2145,2207,2176,-62,4352,average
2041,2167,2104,-126,4208,average
2114,1925,2019,189,4039,novice
2565,2299,2432,266,4864,master
2382,2023,2202,359,4405,average
2656,2492,2574,164,5148,grandmaster
2593,2703,2648,-110,5296,grandmaster
2260,2354,2307,-94,4614,master
2360,2647,2503,-287,5007,grandmaster
1858,2036,1947,-178,3894,novice
2397,2447,2422,-50,4844,master
1635,2177,1906,-542,3812,novice
2701,2647,2674,54,5348,grandmaster
2327,2473,2400,-146,4800,master
2069,2118,2093,-49,4187,novice
2722,2622,2672,100,5344,grandmaster
2108,1740,1924,368,3848,novice
2393,2472,2432,-79,4865,master
2274,2455,2364,-181,4729,master
2036,2180,2108,-144,4216,average
2307,2505,2406,-198,4812,master
1874,1777,1825,97,3651,novice
2395,2430,2412,-35,4825,master
1856,1822,1839,34,3678,novice
2374,2162,2268,212,4536,average
2381,2551,2466,-170,4932,grandmaster
2246,2393,2319,-147,4639,master
2528,2408,2468,120,4936,grandmaster
2616,2789,2702,-173,5405,grandmaster
2517,2233,2375,284,4750,master
1822,1643,1732,179,3465,novice
2101,2242,2171,-141,4343,average
2608,2640,2624,-32,5248,grandmaster
2184,2250,2217,-66,4434,average
2042,2290,2166,-248,4332,average
2610,2462,2536,148,5072,grandmaster
1828,2453,2140,-625,4281,average
2326,2485,2405,-159,4811,master
2313,2242,2277,71,4555,average
1863,1729,1796,134,3592,novice
2114,2342,2228,-228,4456,average
2338,2520,2429,-182,4858,master
2421,2119,2270,302,4540,average
2037,2167,2102,-130,4204,average
2599,2634,2616,-35,5233,grandmaster
2252,1945,2098,307,4197,novice
2102,2095,2098,7,4197,novice
2446,2121,2283,325,4567,average
1828,2354,2091,-526,4182,novice
1990,1856,1923,134,3846,novice
2383,2231,2307,152,4614,master
2184,2450,2317,-266,4634,master
2569,2512,2540,57,5081,grandmaster
1943,2238,2090,-295,4181,novice
2226,2259,2242,-33,4485,average
2397,2347,2372,50,4744,master
2268,2095,2181,173,4363,average
2379,2394,2386,-15,4773,master
2495,2282,2388,213,4777,master
2307,2227,2267,80,4534,average
2292,2082,2187,210,4374,average
1492,2001,1746,-509,3493,novice
2191,2092,2141,99,4283,average
2207,2406,2306,-199,4613,master
2295,2107,2201,188,4402,average
2273,2056,2164,217,4329,average
1789,1694,1741,95,3483,novice
2446,2173,2309,273,4619,master
2139,2246,2192,-107,4385,average
1955,2213,2084,-258,4168,novice
2227,2163,2195,64,4390,average
2285,2363,2324,-78,4648,master
2713,2734,2723,-21,5447,grandmaster
1754,1633,1693,121,3387,novice
2471,2509,2490,-38,4980,grandmaster
2717,2662,2689,55,5379,grandmaster
2481,2371,2426,110,4852,master
2025,1710,1867,315,3735,novice
2406,2249,2327,157,4655,master
2221,2451,2336,-230,4672,master
2094,2257,2175,-163,4351,average
2147,2280,2213,-133,4427,average
1903,1874,1888,29,3777,novice
2516,2649,2582,-133,5165,grandmaster
2504,1981,2242,523,4485,average
2471,2096,2283,375,4567,average
2404,2202,2303,202,4606,master
2129,2403,2266,-274,4532,average
2613,2815,2714,-202,5428,grandmaster
2493,2106,2299,387,4599,average
2513,2372,2442,141,4885,master
2531,2329,2430,202,4860,master
2042,2156,2099,-114,4198,novice
2262,2201,2231,61,4463,average
2501,2565,2533,-64,5066,grandmaster
2282,2479,2380,-197,4761,master
2480,2220,2350,260,4700,master
2574,2260,2417,314,4834,master
2227,2279,2253,-52,4506,average
1681,2060,1870,-379,3741,novice
2454,2054,2254,400,4508,average
2327,2211,2269,116,4538,average
2079,1909,1994,170,3988,novice
2153,2421,2287,-268,4574,average
2425,2631,2528,-206,5056,grandmaster
2545,2391,2468,154,4936,grandmaster
2442,2366,2404,76,4808,master
2454,2501,2477,-47,4955,grandmaster
2436,2584,2510,-148,5020,grandmaster
2465,2277,2371,188,4742,master
2235,2064,2149,171,4299,average
2215,2382,2298,-167,4597,average
2421,2644,2532,-223,5065,grandmaster
2451,2655,2553,-204,5106,grandmaster
2064,2368,2216,-304,4432,average
1981,2279,2130,-298,4260,average
2408,2256,2332,152,4664,master
1823,1490,1656,333,3313,novice
2535,2605,2570,-70,5140,grandmaster
2150,2211,2180,-61,4361,average
2401,2170,2285,231,4571,average
2474,2342,2408,132,4816,master
2072,1733,1902,339,3805,novice
2249,2240,2244,9,4489,average
2235,2099,2167,136,4334,average
2225,2428,2326,-203,4653,master
2160,2368,2264,-208,4528,average
2006,2315,2160,-309,4321,average
2348,2291,2319,57,4639,master
2417,2321,2369,96,4738,master
2182,2307,2244,-125,4489,average
2513,2539,2526,-26,5052,grandmaster
2173,2275,2224,-102,4448,average
2514,2402,2458,112,4916,grandmaster
2381,2232,2306,149,4613,master
2290,2208,2249,82,4498,average
2621,2613,2617,8,5234,grandmaster
2309,2424,2366,-115,4733,master
2355,2511,2433,-156,4866,master
2195,2610,2402,-415,4805,master
2023,2172,2097,-149,4195,novice
1853,1638,1745,215,3491,novice
2150,2013,2081,137,4163,novice
2213,2246,2229,-33,4459,average
2239,2188,2213,51,4427,average
2396,2294,2345,102,4690,master
1963,1923,1943,40,3886,novice
2180,2449,2314,-269,4629,master
2553,2440,2496,113,4993,grandmaster
2213,2303,2258,-90,4516,average
2202,1832,2017,370,4034,novice
2344,2311,2327,33,4655,master
2338,2661,2499,-323,4999,grandmaster
2410,2470,2440,-60,4880,master
2352,2231,2291,121,4583,average
2630,2215,2422,415,4845,master
2257,2252,2254,5,4509,average
2380,2150,2265,230,4530,average
2134,2055,2094,79,4189,novice
1948,1696,1822,252,3644,novice
2407,2173,2290,234,4580,average
1924,2029,1976,-105,3953,novice
2215,2590,2402,-375,4805,master
1944,2128,2036,-184,4072,novice
2390,2643,2516,-253,5033,grandmaster
2028,2020,2024,8,4048,novice
2044,2477,2260,-433,4521,average
2584,2567,2575,17,5151,grandmaster
2604,2455,2529,149,5059,grandmaster
2421,2072,2246,349,4493,average
2554,2698,2626,-144,5252,grandmaster
2139,2160,2149,-21,4299,average
2050,2224,2137,-174,4274,average
2692,2654,2673,38,5346,grandmaster
2158,2167,2162,-9,4325,average
1726,1962,1844,-236,3688,novice
2376,2175,2275,201,4551,average
2146,2285,2215,-139,4431,average
2602,2543,2572,59,5145,grandmaster
2266,2135,2200,131,4401,average
2097,2334,2215,-237,4431,average
2326,2055,2190,271,4381,average
1947,2147,2047,-200,4094,novice
2172,2072,2122,100,4244,average
1530,1776,1653,-246,3306,novice
2724,2628,2676,96,5352,grandmaster
1331,1421,1376,-90,2752,novice
2171,2516,2343,-345,4687,master
2319,2218,2268,101,4537,average
2520,2266,2393,254,4786,master
2402,2360,2381,42,4762,master
2346,2378,2362,-32,4724,master
2028,1928,1978,100,3956,novice
1976,2498,2237,-522,4474,average
2157,2367,2262,-210,4524,average
2375,2114,2244,261,4489,average
2044,2125,2084,-81,4169,novice
2598,2265,2431,333,4863,master
2555,2530,2542,25,5085,grandmaster
2445,2224,2334,221,4669,master
2218,2267,2242,-49,4485,average
2211,2262,2236,-51,4473,average
2585,2317,2451,268,4902,grandmaster
2283,2200,2241,83,4483,average
2562,2634,2598,-72,5196,grandmaster
2137,2261,2199,-124,4398,average
2339,2120,2229,219,4459,average
2303,2138,2220,165,4441,average
2408,2258,2333,150,4666,master
2072,1726,1899,346,3798,novice
2743,2678,2710,65,5421,grandmaster
2045,2274,2159,-229,4319,average
2533,2333,2433,200,4866,master
2228,2127,2177,101,4355,average
2352,2021,2186,331,4373,average
1962,2067,2014,-105,4029,novice
2138,2016,2077,122,4154,novice
2322,2384,2353,-62,4706,master
2640,2569,2604,71,5209,grandmaster
1836,1935,1885,-99,3771,novice
2074,1891,1982,183,3965,novice
2359,2471,2415,-112,4830,master
2248,2377,2312,-129,4625,master
2119,1789,1954,330,3908,novice
2590,2484,2537,106,5074,grandmaster
2414,2662,2538,-248,5076,grandmaster
1848,2125,1986,-277,3973,novice
2642,2671,2656,-29,5313,grandmaster
2069,1858,1963,211,3927,novice
2521,2488,2504,33,5009,grandmaster
2271,2374,2322,-103,4645,master
2449,2219,2334,230,4668,master
1982,2279,2130,-297,4261,average
2022,2119,2070,-97,4141,novice
2272,2416,2344,-144,4688,master
2111,2703,2407,-592,4814,master
2371,2433,2402,-62,4804,master
2379,2288,2333,91,4667,master
2323,2442,2382,-119,4765,master
2195,2520,2357,-325,4715,master
2501,2297,2399,204,4798,master
1980,1837,1908,143,3817,novice
2264,2078,2171,186,4342,average
2271,2489,2380,-218,4760,master
2426,1994,2210,432,4420,average
2239,2404,2321,-165,4643,master
2098,1923,2010,175,4021,novice
2369,2014,2191,355,4383,average
2459,2595,2527,-136,5054,grandmaster
2353,2055,2204,298,4408,average
2562,2155,2358,407,4717,master
2050,1788,1919,262,3838,novice
1567,1730,1648,-163,3297,novice
2602,2476,2539,126,5078,grandmaster
2793,2779,2786,14,5572,grandmaster
2301,2447,2374,-146,4748,master
2617,2295,2456,322,4912,grandmaster
2135,2352,2243,-217,4487,average
2252,2211,2231,41,4463,average
2188,1828,2008,360,4016,novice
2348,1969,2158,379,4317,average
2625,2658,2641,-33,5283,grandmaster
1942,2152,2047,-210,4094,novice
2288,2307,2297,-19,4595,average
2112,2177,2144,-65,4289,average
2538,2579,2558,-41,5117,grandmaster
2664,2704,2684,-40,5368,grandmaster
2267,2420,2343,-153,4687,master
1914,2188,2051,-274,4102,novice
1843,2278,2060,-435,4121,novice
2268,2311,2289,-43,4579,average
1883,2370,2126,-487,4253,average
2206,1946,2076,260,4152,novice
2185,2252,2218,-67,4437,average
2526,2533,2529,-7,5059,grandmaster
1234,2104,1669,-870,3338,novice
1839,1923,1881,-84,3762,novice
1841,2036,1938,-195,3877,novice
2482,2524,2503,-42,5006,grandmaster
2358,2409,2383,-51,4767,master
2520,2479,2499,41,4999,grandmaster
2239,2408,2323,-169,4647,master
2431,2271,2351,160,4702,master
2165,2282,2223,-117,4447,average
2052,2428,2240,-376,4480,average
2220,2435,2327,-215,4655,master
2438,2441,2439,-3,4879,master
2378,1884,2131,494,4262,average
1994,2323,2158,-329,4317,average
1774,2321,2047,-547,4095,novice
2243,2241,2242,2,4484,average
2367,2485,2426,-118,4852,master
1948,1815,1881,133,3763,novice
2360,2450,2405,-90,4810,master
2178,2380,2279,-202,4558,average
2469,2159,2314,310,4628,master
2446,2501,2473,-55,4947,grandmaster
1804,1782,1793,22,3586,novice
2371,2431,2401,-60,4802,master
2366,2506,2436,-140,4872,master
2159,2338,2248,-179,4497,average
2172,2389,2280,-217,4561,average
2681,2596,2638,85,5277,grandmaster
2080,1756,1918,324,3836,novice
2255,2461,2358,-206,4716,master
2317,2115,2216,202,4432,average
2307,2027,2167,280,4334,average
2551,2528,2539,23,5079,grandmaster
2331,2447,2389,-116,4778,master
2422,2519,2470,-97,4941,grandmaster
2262,2078,2170,184,4340,average
2042,1935,1988,107,3977,novice
2332,2416,2374,-84,4748,master
1796,1979,1887,-183,3775,novice
2508,2228,2368,280,4736,master
2239,2131,2185,108,4370,average
2424,2481,2452,-57,4905,grandmaster
1633,1666,1649,-33,3299,novice
2353,2160,2256,193,4513,average
2098,2229,2163,-131,4327,average
2218,2375,2296,-157,4593,average
2416,2244,2330,172,4660,master
1901,2047,1974,-146,3948,novice
2305,2387,2346,-82,4692,master
2353,2159,2256,194,4512,average
1918,1751,1834,167,3669,novice
2392,2537,2464,-145,4929,grandmaster
2082,2165,2123,-83,4247,average
1861,2144,2002,-283,4005,novice
2102,2332,2217,-230,4434,average
2362,1930,2146,432,4292,average
1844,2110,1977,-266,3954,novice
2501,2380,2440,121,4881,master
1884,2082,1983,-198,3966,novice
2201,2242,2221,-41,4443,average
2508,2517,2512,-9,5025,grandmaster
2296,2586,2441,-290,4882,master
2232,2300,2266,-68,4532,average
2317,2021,2169,296,4338,average
2698,2733,2715,-35,5431,grandmaster
2284,2406,2345,-122,4690,master
2006,2174,2090,-168,4180,novice
2253,2285,2269,-32,4538,average
2497,2126,2311,371,4623,master
2668,2106,2387,562,4774,master
2138,2182,2160,-44,4320,average
2663,2598,2630,65,5261,grandmaster
2741,2772,2756,-31,5513,grandmaster
2596,2252,2424,344,4848,master
2696,2651,2673,45,5347,grandmaster
2497,2200,2348,297,4697,master
2672,2488,2580,184,5160,grandmaster
2327,2482,2404,-155,4809,master
1884,2342,2113,-458,4226,average
2231,1949,2090,282,4180,novice
2212,2026,2119,186,4238,average
2477,2387,2432,90,4864,master
2501,2527,2514,-26,5028,grandmaster
2379,2376,2377,3,4755,master
1995,2313,2154,-318,4308,average
2123,2344,2233,-221,4467,average
2244,2391,2317,-147,4635,master
1916,2107,2011,-191,4023,novice
2417,2339,2378,78,4756,master
2672,2746,2709,-74,5418,grandmaster
2268,2484,2376,-216,4752,master
2211,1954,2082,257,4165,novice
1757,1906,1831,-149,3663,novice
2341,2458,2399,-117,4799,master
1969,2012,1990,-43,3981,novice
2371,2315,2343,56,4686,master
2227,2545,2386,-318,4772,master
1962,2242,2102,-280,4204,average
2180,2442,2311,-262,4622,master
2258,2191,2224,67,4449,average
2351,2561,2456,-210,4912,grandmaster
2384,2333,2358,51,4717,master
2408,2484,2446,-76,4892,master
2782,2753,2767,29,5535,grandmaster
2612,2499,2555,113,5111,grandmaster
2427,2419,2423,8,4846,master
2335,2458,2396,-123,4793,master
2245,1922,2083,323,4167,novice
2508,2453,2480,55,4961,grandmaster
2061,1541,1801,520,3602,novice
2280,2506,2393,-226,4786,master
2191,2390,2290,-199,4581,average
2567,2697,2632,-130,5264,grandmaster
2713,2712,2712,1,5425,grandmaster
2284,2379,2331,-95,4663,master
1969,1450,1709,519,3419,novice
2805,2768,2786,37,5573,grandmaster
2566,2026,2296,540,4592,average
2416,2234,2325,182,4650,master
2237,2347,2292,-110,4584,average
2556,2329,2442,227,4885,master
2093,2257,2175,-164,4350,average
2285,2040,2162,245,4325,average
2009,2331,2170,-322,4340,average
2556,2053,2304,503,4609,master
2460,2520,2490,-60,4980,grandmaster
2371,2646,2508,-275,5017,grandmaster
2518,2620,2569,-102,5138,grandmaster
2331,2225,2278,106,4556,average
2076,2163,2119,-87,4239,average
2257,1715,1986,542,3972,novice
1952,2067,2009,-115,4019,novice
2236,2062,2149,174,4298,average
2104,2130,2117,-26,4234,average
2618,2740,2679,-122,5358,grandmaster
2079,2510,2294,-431,4589,average
2286,1952,2119,334,4238,average
1829,2442,2135,-613,4271,average
1975,2046,2010,-71,4021,novice
2338,2397,2367,-59,4735,master
2362,2407,2384,-45,4769,master
1931,1809,1870,122,3740,novice
2236,2081,2158,155,4317,average
2147,1981,2064,166,4128,novice
2195,1581,1888,614,3776,novice
2237,2270,2253,-33,4507,average
2228,2367,2297,-139,4595,average
2686,2559,2622,127,5245,grandmaster
2239,2428,2333,-189,4667,master
1852,2121,1986,-269,3973,novice
2295,2115,2205,180,4410,average
2215,2415,2315,-200,4630,master
2348,2110,2229,238,4458,average
2311,2091,2201,220,4402,average
2279,2461,2370,-182,4740,master
2305,2390,2347,-85,4695,master
2107,1934,2020,173,4041,novice
2560,2442,2501,118,5002,grandmaster
2654,2549,2601,105,5203,grandmaster
2497,2444,2470,53,4941,grandmaster
2074,2284,2179,-210,4358,average
2598,2389,2493,209,4987,grandmaster
2237,2759,2498,-522,4996,grandmaster
2585,2606,2595,-21,5191,grandmaster
2066,2247,2156,-181,4313,average
2201,1980,2090,221,4181,novice
2345,2257,2301,88,4602,master
2039,1948,1993,91,3987,novice
2319,1975,2147,344,4294,average
2406,2202,2304,204,4608,master
2503,2532,2517,-29,5035,grandmaster
2265,2561,2413,-296,4826,master
2328,2551,2439,-223,4879,master
2344,2074,2209,270,4418,average
2481,2590,2535,-109,5071,grandmaster
2422,2222,2322,200,4644,master
1865,1644,1754,221,3509,novice
2662,2653,2657,9,5315,grandmaster
1881,2146,2013,-265,4027,novice
1953,1645,1799,308,3598,novice
1931,1828,1879,103,3759,novice
2473,2242,2357,231,4715,master
2172,2495,2333,-323,4667,master
1768,1761,1764,7,3529,novice
2637,2436,2536,201,5073,grandmaster
1897,2073,1985,-176,3970,novice
1849,2091,1970,-242,3940,novice
2708,2731,2719,-23,5439,grandmaster
2287,2354,2320,-67,4641,master
2097,2638,2367,-541,4735,master
1841,2094,1967,-253,3935,novice
1992,1316,1654,676,3308,novice
2334,2054,2194,280,4388,average
2032,2226,2129,-194,4258,average
2467,2206,2336,261,4673,master
2250,2124,2187,126,4374,average
2573,2297,2435,276,4870,master
2051,1868,1959,183,3919,novice
2249,2270,2259,-21,4519,average
2003,2443,2223,-440,4446,average
2663,2667,2665,-4,5330,grandmaster
1817,2123,1970,-306,3940,novice
1809,2269,2039,-460,4078,novice
2244,2527,2385,-283,4771,master
2341,2121,2231,220,4462,average
2216,2275,2245,-59,4491,average
2386,2602,2494,-216,4988,grandmaster
1860,2020,1940,-160,3880,novice
1961,1972,1966,-11,3933,novice
2533,2355,2444,178,4888,master
2332,2471,2401,-139,4803,master
1782,1999,1890,-217,3781,novice
2516,2434,2475,82,4950,grandmaster
2434,2322,2378,112,4756,master
2035,2225,2130,-190,4260,average
2208,2390,2299,-182,4598,average
2430,2093,2261,337,4523,average
2125,1950,2037,175,4075,novice
2320,2262,2291,58,4582,average
2433,2372,2402,61,4805,master
2112,2686,2399,-574,4798,master
2442,2381,2411,61,4823,master
1593,2280,1936,-687,3873,novice
1856,2243,2049,-387,4099,novice
2201,2345,2273,-144,4546,average
1541,1318,1429,223,2859,novice
2195,2051,2123,144,4246,average
2508,2655,2581,-147,5163,grandmaster
2336,2134,2235,202,4470,average
2524,2419,2471,105,4943,grandmaster
2221,2219,2220,2,4440,average
2075,1991,2033,84,4066,novice
1861,2086,1973,-225,3947,novice
2211,1843,2027,368,4054,novice
2054,1533,1793,521,3587,novice
2475,2408,2441,67,4883,master
2699,2710,2704,-11,5409,grandmaster
1946,1663,1804,283,3609,novice
2229,2416,2322,-187,4645,master
2120,2128,2124,-8,4248,average
1970,2247,2108,-277,4217,average
2620,2087,2353,533,4707,master
2448,2381,2414,67,4829,master
2014,1892,1953,122,3906,novice
1896,1536,1716,360,3432,novice
2174,2023,2098,151,4197,novice
2162,2301,2231,-139,4463,average
2081,2249,2165,-168,4330,average
2192,2217,2204,-25,4409,average
2503,2331,2417,172,4834,master
2330,2541,2435,-211,4871,master
2296,2380,2338,-84,4676,master
1725,2137,1931,-412,3862,novice
1931,2197,2064,-266,4128,novice
2151,2346,2248,-195,4497,average
2377,2498,2437,-121,4875,master
2145,1944,2044,201,4089,novice
2615,2580,2597,35,5195,grandmaster
2619,2707,2663,-88,5326,grandmaster
2157,1951,2054,206,4108,novice
1826,1636,1731,190,3462,novice
2209,1895,2052,314,4104,novice
2359,2423,2391,-64,4782,master
2381,2143,2262,238,4524,average
2135,2062,2098,73,4197,novice
2253,2310,2281,-57,4563,average
2208,2009,2108,199,4217,average
2118,2323,2220,-205,4441,average
2133,2570,2351,-437,4703,master
2179,2255,2217,-76,4434,average
2572,2526,2549,46,5098,grandmaster
1956,1704,1830,252,3660,novice
1734,1908,1821,-174,3642,novice
2588,2393,2490,195,4981,grandmaster
2116,2222,2169,-106,4338,average
2021,2292,2156,-271,4313,average
2147,2006,2076,141,4153,novice
2156,2470,2313,-314,4626,master
2148,2567,2357,-419,4715,master
1989,1678,1833,311,3667,novice
2359,2462,2410,-103,4821,master
2289,2434,2361,-145,4723,master
2301,2555,2428,-254,4856,master
1502,1490,1496,12,2992,novice
2506,2253,2379,253,4759,master
2301,2230,2265,71,4531,average
2448,2352,2400,96,4800,master
2053,2200,2126,-147,4253,average
2311,2371,2341,-60,4682,master
2065,1657,1861,408,3722,novice
2554,2101,2327,453,4655,master
2755,2611,2683,144,5366,grandmaster
1996,2176,2086,-180,4172,novice
2312,2494,2403,-182,4806,master
2405,2430,2417,-25,4835,master
2508,2285,2396,223,4793,master
2051,2358,2204,-307,4409,average
2239,1936,2087,303,4175,novice
2183,2427,2305,-244,4610,master
2054,2320,2187,-266,4374,average
2173,2397,2285,-224,4570,average
2522,2386,2454,136,4908,grandmaster
2323,2287,2305,36,4610,master
2323,2414,2368,-91,4737,master
2209,2132,2170,77,4341,average
2033,1993,2013,40,4026,novice
2046,2595,2320,-549,4641,master
2676,2624,2650,52,5300,grandmaster
2043,2020,2031,23,4063,novice
1799,2038,1918,-239,3837,novice
2253,2531,2392,-278,4784,master
2049,1903,1976,146,3952,novice
2288,2110,2199,178,4398,average
2447,2254,2350,193,4701,master
1976,2074,2025,-98,4050,novice
2482,2445,2463,37,4927,grandmaster
2421,2547,2484,-126,4968,grandmaster
2277,1997,2137,280,4274,average
1977,2502,2239,-525,4479,average
2396,2186,2291,210,4582,average
2282,2314,2298,-32,4596,average
1571,1973,1772,-402,3544,novice
2117,1849,1983,268,3966,novice
1458,1709,1583,-251,3167,novice
1890,2412,2151,-522,4302,average
2632,2428,2530,204,5060,grandmaster
2630,2344,2487,286,4974,grandmaster
2200,2352,2276,-152,4552,average
2456,2472,2464,-16,4928,grandmaster
2054,2126,2090,-72,4180,novice
2253,2075,2164,178,4328,average
2665,2655,2660,10,5320,grandmaster
2140,2013,2076,127,4153,novice
2109,2105,2107,4,4214,average
2689,2407,2548,282,5096,grandmaster
1996,2184,2090,-188,4180,novice
2125,2135,2130,-10,4260,average
2716,2584,2650,132,5300,grandmaster
2792,2628,2710,164,5420,grandmaster
2141,1987,2064,154,4128,novice
2475,2562,2518,-87,5037,grandmaster
1767,2120,1943,-353,3887,novice
2019,1867,1943,152,3886,novice
2480,2650,2565,-170,5130,grandmaster
2370,2573,2471,-203,4943,grandmaster
2111,1870,1990,241,3981,novice
2139,2375,2257,-236,4514,average
1850,2265,2057,-415,4115,novice
1884,2367,2125,-483,4251,average
1725,2013,1869,-288,3738,novice
2723,2783,2753,-60,5506,grandmaster
2518,2277,2397,241,4795,master
2492,2382,2437,110,4874,master
2072,2126,2099,-54,4198,novice
2254,2580,2417,-326,4834,master
1811,2081,1946,-270,3892,novice
2290,2196,2243,94,4486,average
2543,2436,2489,107,4979,grandmaster
2326,1905,2115,421,4231,average
2656,2628,2642,28,5284,grandmaster
2116,1843,1979,273,3959,novice
2504,2318,2411,186,4822,master
2406,2009,2207,397,4415,average
2371,2532,2451,-161,4903,grandmaster
2496,2507,2501,-11,5003,grandmaster
2149,2053,2101,96,4202,average
2270,2181,2225,89,4451,average
2112,2188,2150,-76,4300,average
2312,2454,2383,-142,4766,master
2287,2531,2409,-244,4818,master
1914,1759,1836,155,3673,novice
2324,2364,2344,-40,4688,master
1666,1436,1551,230,3102,novice
2251,2303,2277,-52,4554,average
2502,2639,2570,-137,5141,grandmaster
2442,2567,2504,-125,5009,grandmaster
2369,2197,2283,172,4566,average
2254,2032,2143,222,4286,average
2028,2316,2172,-288,4344,average
2387,2119,2253,268,4506,average
2289,2040,2164,249,4329,average
2492,2650,2571,-158,5142,grandmaster
1812,2093,1952,-281,3905,novice
2521,2622,2571,-101,5143,grandmaster
2507,2439,2473,68,4946,grandmaster
2522,2282,2402,240,4804,master
2333,2388,2360,-55,4721,master
2097,1899,1998,198,3996,novice
2343,2328,2335,15,4671,master
2264,2547,2405,-283,4811,master
2102,1901,2001,201,4003,novice
2195,2463,2329,-268,4658,master
2698,2461,2579,237,5159,grandmaster
1799,2434,2116,-635,4233,average
2339,2313,2326,26,4652,master
2354,2195,2274,159,4549,average
1827,2083,1955,-256,3910,novice
2273,2448,2360,-175,4721,master
1804,1531,1667,273,3335,novice
2237,2143,2190,94,4380,average
2395,2435,2415,-40,4830,master
1941,2228,2084,-287,4169,novice
2082,1899,1990,183,3981,novice
2501,1948,2224,553,4449,average
2381,2296,2338,85,4677,master
2365,2086,2225,279,4451,average
2086,2405,2245,-319,4491,average
2223,2596,2409,-373,4819,master
2770,2599,2684,171,5369,grandmaster
2179,2016,2097,163,4195,novice
2088,2276,2182,-188,4364,average
2636,2509,2572,127,5145,grandmaster
2522,2577,2549,-55,5099,grandmaster
2438,2325,2381,113,4763,master
1950,2139,2044,-189,4089,novice
1947,2160,2053,-213,4107,novice
1755,1934,1844,-179,3689,novice
2506,2402,2454,104,4908,grandmaster
2423,2492,2457,-69,4915,grandmaster
1862,1717,1789,145,3579,novice
2341,2367,2354,-26,4708,master
2136,2336,2236,-200,4472,average
2306,2601,2453,-295,4907,grandmaster
2426,2660,2543,-234,5086,grandmaster
2586,2224,2405,362,4810,master
2271,1904,2087,367,4175,novice
2500,2252,2376,248,4752,master
2416,2226,2321,190,4642,master
2378,2614,2496,-236,4992,grandmaster
2413,2584,2498,-171,4997,grandmaster
2150,2556,2353,-406,4706,master
2285,2115,2200,170,4400,average
2590,2375,2482,215,4965,grandmaster
2517,2530,2523,-13,5047,grandmaster
1288,2005,1646,-717,3293,novice
2073,2313,2193,-240,4386,average
2688,2482,2585,206,5170,grandmaster
2249,2458,2353,-209,4707,master
2421,2136,2278,285,4557,average
1988,1895,1941,93,3883,novice
2427,2502,2464,-75,4929,grandmaster
2135,2418,2276,-283,4553,average
2455,2430,2442,25,4885,master
2496,2550,2523,-54,5046,grandmaster
2051,2408,2229,-357,4459,average
2416,2183,2299,233,4599,average
2474,2248,2361,226,4722,master
2174,2366,2270,-192,4540,average
1929,2006,1967,-77,3935,novice
2685,2397,2541,288,5082,grandmaster
2399,2172,2285,227,4571,average
2171,1969,2070,202,4140,novice
2578,2441,2509,137,5019,grandmaster
2624,2471,2547,153,5095,grandmaster
2160,2316,2238,-156,4476,average
2438,2275,2356,163,4713,master
2414,1886,2150,528,4300,average
2457,2441,2449,16,4898,master
2424,2450,2437,-26,4874,master
2145,2462,2303,-317,4607,master
2506,2271,2388,235,4777,master
1745,1968,1856,-223,3713,novice
2053,2195,2124,-142,4248,average
2476,2549,2512,-73,5025,grandmaster
2205,1827,2016,378,4032,novice
2343,2428,2385,-85,4771,master
2296,2286,2291,10,4582,average
1790,2055,1922,-265,3845,novice
2544,2551,2547,-7,5095,grandmaster
2286,2537,2411,-251,4823,master
2048,1802,1925,246,3850,novice
2365,2165,2265,200,4530,average
2292,2013,2152,279,4305,average
2481,2508,2494,-27,4989,grandmaster
2355,2408,2381,-53,4763,master
2243,2263,2253,-20,4506,average
2215,2441,2328,-226,4656,master
2565,2514,2539,51,5079,grandmaster
2590,2133,2361,457,4723,master
2387,2523,2455,-136,4910,grandmaster
2184,1964,2074,220,4148,novice
2675,2546,2610,129,5221,grandmaster
2282,2010,2146,272,4292,average
1730,1916,1823,-186,3646,novice
2262,2244,2253,18,4506,average
2582,2548,2565,34,5130,grandmaster
2435,2065,2250,370,4500,average
2419,2206,2312,213,4625,master
2344,2295,2319,49,4639,master
2203,2463,2333,-260,4666,master
1924,2126,2025,-202,4050,novice
2430,2445,2437,-15,4875,master
2524,2504,2514,20,5028,grandmaster
2057,2057,2057,0,4114,novice
2212,2055,2133,157,4267,average
2105,2296,2200,-191,4401,average
2323,2583,2453,-260,4906,grandmaster
2116,1972,2044,144,4088,novice
2147,2339,2243,-192,4486,average
2222,2496,2359,-274,4718,master
2299,2158,2228,141,4457,average
2434,2455,2444,-21,4889,master
2300,2194,2247,106,4494,average
2217,2170,2193,47,4387,average
2243,2078,2160,165,4321,average
2054,2421,2237,-367,4475,average
1920,2427,2173,-507,4347,average
2369,2488,2428,-119,4857,master
2724,2631,2677,93,5355,grandmaster
1987,1642,1814,345,3629,novice
2561,2133,2347,428,4694,master
2562,2693,2627,-131,5255,grandmaster
2039,2144,2091,-105,4183,novice
2457,2467,2462,-10,4924,grandmaster
2442,2154,2298,288,4596,average
1945,1762,1853,183,3707,novice
2562,2326,2444,236,4888,master
2176,1967,2071,209,4143,novice
1901,1582,1741,319,3483,novice
2117,2241,2179,-124,4358,average
2033,2213,2123,-180,4246,average
1847,2068,1957,-221,3915,novice
1910,1970,1940,-60,3880,novice
1650,1944,1797,-294,3594,novice
2493,2227,2360,266,4720,master
1601,2134,1867,-533,3735,novice
1984,1581,1782,403,3565,novice
2496,2363,2429,133,4859,master
2330,2157,2243,173,4487,average
2463,2167,2315,296,4630,master
2167,1892,2029,275,4059,novice
2367,2526,2446,-159,4893,master
2217,2462,2339,-245,4679,master
2184,2277,2230,-93,4461,average
1546,1826,1686,-280,3372,novice
2646,2524,2585,122,5170,grandmaster
1968,1941,1954,27,3909,novice
2038,2329,2183,-291,4367,average
2056,2095,2075,-39,4151,novice
1520,1790,1655,-270,3310,novice
2284,2411,2347,-127,4695,master
2285,2306,2295,-21,4591,average
2596,2399,2497,197,4995,grandmaster
2024,2376,2200,-352,4400,average
2071,2328,2199,-257,4399,average
2737,2723,2730,14,5460,grandmaster
2432,2704,2568,-272,5136,grandmaster
1885,1971,1928,-86,3856,novice
2494,2194,2344,300,4688,master
2087,2221,2154,-134,4308,average
2404,2583,2493,-179,4987,grandmaster
2171,2338,2254,-167,4509,average
2325,2097,2211,228,4422,average
2010,2091,2050,-81,4101,novice
2168,1923,2045,245,4091,novice
2270,2356,2313,-86,4626,master
2374,2446,2410,-72,4820,master
2046,2273,2159,-227,4319,average
2331,2463,2397,-132,4794,master
2522,2404,2463,118,4926,grandmaster
2693,2607,2650,86,5300,grandmaster
2004,2380,2192,-376,4384,average
1963,2375,2169,-412,4338,average
2147,2643,2395,-496,4790,master
2186,2075,2130,111,4261,average
2684,2440,2562,244,5124,grandmaster
2080,1902,1991,178,3982,novice
2357,2230,2293,127,4587,average
2242,1990,2116,252,4232,average
2472,1912,2192,560,4384,average
2282,2105,2193,177,4387,average
2291,2285,2288,6,4576,average
2232,2060,2146,172,4292,average
2448,2190,2319,258,4638,master
2460,2191,2325,269,4651,master
2001,2247,2124,-246,4248,average
2157,2043,2100,114,4200,novice
2449,2313,2381,136,4762,master
2356,2386,2371,-30,4742,master
2081,1972,2026,109,4053,novice
2389,2390,2389,-1,4779,master
2046,2170,2108,-124,4216,average
2651,2683,2667,-32,5334,grandmaster
2366,2055,2210,311,4421,average
2121,2346,2233,-225,4467,average
2321,2560,2440,-239,4881,master
1940,1852,1896,88,3792,novice
2237,1956,2096,281,4193,novice
2143,2362,2252,-219,4505,average
1786,1881,1833,-95,3667,novice
2439,2329,2384,110,4768,master
1926,2003,1964,-77,3929,novice
2504,2112,2308,392,4616,master
2241,2310,2275,-69,4551,average
2003,1708,1855,295,3711,novice
2582,2505,2543,77,5087,grandmaster
2772,2702,2737,70,5474,grandmaster
2139,2185,2162,-46,4324,average
2384,2128,2256,256,4512,average
2328,2097,2212,231,4425,average
1994,2445,2219,-451,4439,average
2234,2311,2272,-77,4545,average
2522,2454,2488,68,4976,grandmaster
2030,2363,2196,-333,4393,average
2384,2571,2477,-187,4955,grandmaster
2611,2531,2571,80,5142,grandmaster
2388,2321,2354,67,4709,master
2651,2734,2692,-83,5385,grandmaster
2072,2247,2159,-175,4319,average
2165,2036,2100,129,4201,novice
1821,1990,1905,-169,3811,novice
2412,2244,2328,168,4656,master
1654,2254,1954,-600,3908,novice
2556,2533,2544,23,5089,grandmaster
2141,2404,2272,-263,4545,average
1410,1536,1473,-126,2946,novice
2251,2659,2455,-408,4910,grandmaster
1738,1484,1611,254,3222,novice
2423,1939,2181,484,4362,average
2190,1956,2073,234,4146,novice
2223,2058,2140,165,4281,average
2205,2275,2240,-70,4480,average
2678,2633,2655,45,5311,grandmaster
2205,2130,2167,75,4335,average
2329,2512,2420,-183,4841,master
2229,1985,2107,244,4214,average
2384,2647,2515,-263,5031,grandmaster
2274,2309,2291,-35,4583,average
2547,2514,2530,33,5061,grandmaster
2609,2558,2583,51,5167,grandmaster
2459,2581,2520,-122,5040,grandmaster
2187,2079,2133,108,4266,average
2329,2354,2341,-25,4683,master
2198,2411,2304,-213,4609,master
2099,1926,2012,173,4025,novice
2497,2435,2466,62,4932,grandmaster
2342,2095,2218,247,4437,average
1997,1737,1867,260,3734,novice
2064,2067,2065,-3,4131,novice
2118,1942,2030,176,4060,novice
2053,2151,2102,-98,4204,average
1864,2210,2037,-346,4074,novice
2565,2334,2449,231,4899,master
2385,2503,2444,-118,4888,master
2409,2564,2486,-155,4973,grandmaster
2278,2386,2332,-108,4664,master
1712,2128,1920,-416,3840,novice
2064,2370,2217,-306,4434,average
2302,2176,2239,126,4478,average
2128,1955,2041,173,4083,novice
2659,2430,2544,229,5089,grandmaster
2130,2245,2187,-115,4375,average
2188,2612,2400,-424,4800,master
1383,1556,1469,-173,2939,novice
2389,2647,2518,-258,5036,grandmaster
1930,1977,1953,-47,3907,novice
2193,1823,2008,370,4016,novice
2414,2017,2215,397,4431,average
1807,2025,1916,-218,3832,novice
2459,2443,2451,16,4902,grandmaster
2147,2032,2089,115,4179,novice
2439,2506,2472,-67,4945,grandmaster
2282,2064,2173,218,4346,average
2663,2636,2649,27,5299,grandmaster
2263,2427,2345,-164,4690,master
2516,2532,2524,-16,5048,grandmaster
2354,2531,2442,-177,4885,master
2391,2212,2301,179,4603,master
2104,2374,2239,-270,4478,average
2280,2338,2309,-58,4618,master
2368,2380,2374,-12,4748,master
2001,1713,1857,288,3714,novice
2545,2489,2517,56,5034,grandmaster
2329,2244,2286,85,4573,average
2458,2368,2413,90,4826,master
2143,2098,2120,45,4241,average
2147,2441,2294,-294,4588,average
2130,1925,2027,205,4055,novice
2494,2269,2381,225,4763,master
2168,2423,2295,-255,4591,average
1520,1667,1593,-147,3187,novice
2517,2243,2380,274,4760,master
2270,2166,2218,104,4436,average
2285,2533,2409,-248,4818,master
2347,2524,2435,-177,4871,master
2351,2388,2369,-37,4739,master
2440,2641,2540,-201,5081,grandmaster
2498,2290,2394,208,4788,master
2474,2320,2397,154,4794,master
2013,1714,1863,299,3727,novice
2526,2308,2417,218,4834,master
2145,2108,2126,37,4253,average
2651,2630,2640,21,5281,grandmaster
2496,2516,2506,-20,5012,grandmaster
2081,2351,2216,-270,4432,average
2418,2481,2449,-63,4899,master
1938,1879,1908,59,3817,novice
2245,2340,2292,-95,4585,average
1701,1473,1587,228,3174,novice
1904,2312,2108,-408,4216,average
2637,2579,2608,58,5216,grandmaster
2468,2416,2442,52,4884,master
2089,2533,2311,-444,4622,master
2484,2373,2428,111,4857,master
1622,2202,1912,-580,3824,novice
1845,1901,1873,-56,3746,novice
2613,2692,2652,-79,5305,grandmaster
1996,2038,2017,-42,4034,novice
1891,1769,1830,122,3660,novice
2189,2393,2291,-204,4582,average
2613,2442,2527,171,5055,grandmaster
1978,2154,2066,-176,4132,novice
2647,2570,2608,77,5217,grandmaster
2531,2409,2470,122,4940,grandmaster
2216,2077,2146,139,4293,average
2029,2023,2026,6,4052,novice
2651,2620,2635,31,5271,grandmaster
2459,2615,2537,-156,5074,grandmaster
1944,2028,1986,-84,3972,novice
2103,2146,2124,-43,4249,average
1361,1918,1639,-557,3279,novice
2005,2172,2088,-167,4177,novice
2031,2154,2092,-123,4185,novice
2169,2047,2108,122,4216,average
2424,2374,2399,50,4798,master
2520,2569,2544,-49,5089,grandmaster
1965,2412,2188,-447,4377,average
2136,1898,2017,238,4034,novice
2256,2317,2286,-61,4573,average
2213,2165,2189,48,4378,average
2198,2203,2200,-5,4401,average
2225,2438,2331,-213,4663,master
2474,2143,2308,331,4617,master
2091,2216,2153,-125,4307,average
2218,2285,2251,-67,4503,average
2152,2371,2261,-219,4523,average
2036,2355,2195,-319,4391,average
2103,2201,2152,-98,4304,average
1995,2108,2051,-113,4103,novice
1921,1786,1853,135,3707,novice
2684,2773,2728,-89,5457,grandmaster
2137,2091,2114,46,4228,average
2170,2531,2350,-361,4701,master
2634,2455,2544,179,5089,grandmaster
2153,2392,2272,-239,4545,average
2087,1725,1906,362,3812,novice
2493,2406,2449,87,4899,master
2225,1864,2044,361,4089,novice
2606,2453,2529,153,5059,grandmaster
2731,2772,2751,-41,5503,grandmaster
2133,2517,2325,-384,4650,master
1885,1560,1722,325,3445,novice
2159,1989,2074,170,4148,novice
2326,1994,2160,332,4320,average
2367,1927,2147,440,4294,average
1713,2099,1906,-386,3812,novice
2359,2621,2490,-262,4980,grandmaster
2019,1633,1826,386,3652,novice
1929,1779,1854,150,3708,novice
2216,1892,2054,324,4108,novice
2132,1845,1988,287,3977,novice
2512,2094,2303,418,4606,master
2711,2482,2596,229,5193,grandmaster
2376,2337,2356,39,4713,master
2163,1954,2058,209,4117,novice
2426,2442,2434,-16,4868,master
2321,2371,2346,-50,4692,master
2015,1946,1980,69,3961,novice
2550,2304,2427,246,4854,master
2575,2192,2383,383,4767,master
2490,2401,2445,89,4891,master
1984,2009,1996,-25,3993,novice
2023,2107,2065,-84,4130,novice
2090,2157,2123,-67,4247,average
2411,2421,2416,-10,4832,master
2193,2167,2180,26,4360,average
2553,2560,2556,-7,5113,grandmaster
2093,2011,2052,82,4104,novice
1717,2086,1901,-369,3803,novice
2193,2270,2231,-77,4463,average
1977,1839,1908,138,3816,novice
2084,2195,2139,-111,4279,average
1644,1921,1782,-277,3565,novice
2447,2616,2531,-169,5063,grandmaster
2227,2381,2304,-154,4608,master
1934,2109,2021,-175,4043,novice
2529,2350,2439,179,4879,master
2440,2166,2303,274,4606,master
2447,2565,2506,-118,5012,grandmaster
2244,2166,2205,78,4410,average
2419,2157,2288,262,4576,average
1881,2106,1993,-225,3987,novice
2338,2270,2304,68,4608,master
2293,2068,2180,225,4361,average
2498,2290,2394,208,4788,master
2436,2321,2378,115,4757,master
2000,2128,2064,-128,4128,novice
2546,2025,2285,521,4571,average
2639,2469,2554,170,5108,grandmaster
2419,2177,2298,242,4596,average
2614,2524,2569,90,5138,grandmaster
1879,1839,1859,40,3718,novice
2593,2471,2532,122,5064,grandmaster
2680,2112,2396,568,4792,master
2125,1982,2053,143,4107,novice
2179,1939,2059,240,4118,novice
2412,2219,2315,193,4631,master
2240,1997,2118,243,4237,average
2231,2121,2176,110,4352,average
2292,2291,2291,1,4583,average
2392,2653,2522,-261,5045,grandmaster
2359,2456,2407,-97,4815,master
2147,2267,2207,-120,4414,average
2166,2044,2105,122,4210,average
2191,2004,2097,187,4195,novice
2243,2068,2155,175,4311,average
2174,1920,2047,254,4094,novice
2785,2779,2782,6,5564,grandmaster
2528,1853,2190,675,4381,average
2219,2029,2124,190,4248,average
2232,2433,2332,-201,4665,master
1782,1911,1846,-129,3693,novice
2124,2188,2156,-64,4312,average
1849,1628,1738,221,3477,novice
2567,2315,2441,252,4882,master
2568,1639,2103,929,4207,average
2545,1981,2263,564,4526,average
2441,2286,2363,155,4727,master
2092,2416,2254,-324,4508,average
2387,2463,2425,-76,4850,master
2250,2307,2278,-57,4557,average
2629,2733,2681,-104,5362,grandmaster
2302,2150,2226,152,4452,average
2471,2307,2389,164,4778,master
1991,2323,2157,-332,4314,average
2246,2508,2377,-262,4754,master
2138,2574,2356,-436,4712,master
2223,2478,2350,-255,4701,master
2286,2468,2377,-182,4754,master
2426,2550,2488,-124,4976,grandmaster
1898,2126,2012,-228,4024,novice
2373,1923,2148,450,4296,average
2669,2519,2594,150,5188,grandmaster
2230,2479,2354,-249,4709,master
2558,2462,2510,96,5020,grandmaster
2364,2311,2337,53,4675,master
2374,2476,2425,-102,4850,master
2080,1688,1884,392,3768,novice
2378,1846,2112,532,4224,average
2239,2099,2169,140,4338,average
2494,2431,2462,63,4925,grandmaster
2426,2609,2517,-183,5035,grandmaster
2186,2347,2266,-161,4533,average
2125,2015,2070,110,4140,novice
1966,2313,2139,-347,4279,average
2645,2586,2615,59,5231,grandmaster
2235,2503,2369,-268,4738,master
1899,1839,1869,60,3738,novice
2734,2718,2726,16,5452,grandmaster
2298,2198,2248,100,4496,average
2267,2525,2396,-258,4792,master
2227,2199,2213,28,4426,average
2196,2462,2329,-266,4658,master
2471,2733,2602,-262,5204,grandmaster
2359,2079,2219,280,4438,average
2073,2188,2130,-115,4261,average
2272,2410,2341,-138,4682,master
2410,2014,2212,396,4424,average
2230,2028,2129,202,4258,average
2562,2242,2402,320,4804,master
2720,2772,2746,-52,5492,grandmaster
2363,2419,2391,-56,4782,master
2098,2248,2173,-150,4346,average
2267,2200,2233,67,4467,average
2453,2189,2321,264,4642,master
2377,2469,2423,-92,4846,master
2539,2644,2591,-105,5183,grandmaster
1539,1920,1729,-381,3459,novice
2536,2515,2525,21,5051,grandmaster
2531,2238,2384,293,4769,master
2258,2411,2334,-153,4669,master
2014,1980,1997,34,3994,novice
2133,2622,2377,-489,4755,master
2133,2475,2304,-342,4608,master
2127,1999,2063,128,4126,novice
2628,2471,2549,157,5099,grandmaster
2008,2244,2126,-236,4252,average
2010,2204,2107,-194,4214,average
2008,2103,2055,-95,4111,novice
2243,2225,2234,18,4468,average
2107,2504,2305,-397,4611,master
2487,2638,2562,-151,5125,grandmaster
2242,2402,2322,-160,4644,master
2095,2344,2219,-249,4439,average
2667,2601,2634,66,5268,grandmaster
2264,2110,2187,154,4374,average
2318,2310,2314,8,4628,master
2164,2257,2210,-93,4421,average
2108,2638,2373,-530,4746,master
1945,2049,1997,-104,3994,novice
1772,2165,1968,-393,3937,novice
2507,2552,2529,-45,5059,grandmaster
2414,2458,2436,-44,4872,master
2385,2053,2219,332,4438,average
2130,2295,2212,-165,4425,average
2524,2263,2393,261,4787,master
1574,1737,1655,-163,3311,novice
2199,1948,2073,251,4147,novice
2525,2267,2396,258,4792,master
2491,2201,2346,290,4692,master
2390,2262,2326,128,4652,master
1758,2055,1906,-297,3813,novice
2688,2624,2656,64,5312,grandmaster
2035,1840,1937,195,3875,novice
2431,2293,2362,138,4724,master
2560,2389,2474,171,4949,grandmaster
2405,2379,2392,26,4784,master
1679,1894,1786,-215,3573,novice
2001,1984,1992,17,3985,novice
1838,2030,1934,-192,3868,novice
2232,2047,2139,185,4279,average
2272,2560,2416,-288,4832,master
2491,2306,2398,185,4797,master
1668,1577,1622,91,3245,novice
2239,2370,2304,-131,4609,master
1859,1879,1869,-20,3738,novice
1531,1655,1593,-124,3186,novice
1860,1487,1673,373,3347,novice
2098,2164,2131,-66,4262,average
1691,1953,1822,-262,3644,novice
2771,2733,2752,38,5504,grandmaster
2496,2277,2386,219,4773,master
2184,1917,2050,267,4101,novice
2501,2557,2529,-56,5058,grandmaster
1965,2224,2094,-259,4189,novice
2284,2382,2333,-98,4666,master
2421,2335,2378,86,4756,master
2366,2279,2322,87,4645,master
2564,2491,2527,73,5055,grandmaster
2129,2107,2118,22,4236,average
2262,2068,2165,194,4330,average
2324,2537,2430,-213,4861,master
2401,2136,2268,265,4537,average
1993,1598,1795,395,3591,novice
2418,2617,2517,-199,5035,grandmaster
2095,2357,2226,-262,4452,average
2328,1904,2116,424,4232,average
2564,2548,2556,16,5112,grandmaster
2476,2566,2521,-90,5042,grandmaster
2502,1894,2198,608,4396,average
2234,2534,2384,-300,4768,master
1677,2173,1925,-496,3850,novice
2324,2450,2387,-126,4774,master
2003,2148,2075,-145,4151,novice
2081,1857,1969,224,3938,novice
1788,1509,1648,279,3297,novice
2108,1803,1955,305,3911,novice
2475,2571,2523,-96,5046,grandmaster
2443,2481,2462,-38,4924,grandmaster
2287,2441,2364,-154,4728,master
2102,2415,2258,-313,4517,average
2394,2476,2435,-82,4870,master
2394,2333,2363,61,4727,master
1903,1738,1820,165,3641,novice
1868,1988,1928,-120,3856,novice
1693,1806,1749,-113,3499,novice
1749,2380,2064,-631,4129,novice
2277,2387,2332,-110,4664,master
1542,1516,1529,26,3058,novice
2730,2735,2732,-5,5465,grandmaster
2593,2384,2488,209,4977,grandmaster
1589,1697,1643,-108,3286,novice
2323,2300,2311,23,4623,master
2033,1879,1956,154,3912,novice
2407,2579,2493,-172,4986,grandmaster
2470,2271,2370,199,4741,master
2593,2437,2515,156,5030,grandmaster
2705,2628,2666,77,5333,grandmaster
2414,2448,2431,-34,4862,master
2204,2428,2316,-224,4632,master
2446,2181,2313,265,4627,master
2369,2491,2430,-122,4860,master
2272,2026,2149,246,4298,average
2242,2281,2261,-39,4523,average
2430,2273,2351,157,4703,master
1932,1817,1874,115,3749,novice
2569,2571,2570,-2,5140,grandmaster
1717,2080,1898,-363,3797,novice
2079,1845,1962,234,3924,novice
2206,2226,2216,-20,4432,average
2128,2015,2071,113,4143,novice
2665,2656,2660,9,5321,grandmaster
2454,2399,2426,55,4853,master
2557,2249,2403,308,4806,master
2528,2520,2524,8,5048,grandmaster
2386,2602,2494,-216,4988,grandmaster
1934,2123,2028,-189,4057,novice
2381,2157,2269,224,4538,average
1846,1980,1913,-134,3826,novice
2524,2251,2387,273,4775,master
2395,2518,2456,-123,4913,grandmaster
2036,2150,2093,-114,4186,novice
2156,1846,2001,310,4002,novice
2179,2041,2110,138,4220,average
2649,2680,2664,-31,5329,grandmaster
1685,1888,1786,-203,3573,novice
2137,2398,2267,-261,4535,average
1971,2081,2026,-110,4052,novice
2506,2565,2535,-59,5071,grandmaster
2456,2619,2537,-163,5075,grandmaster
2191,2075,2133,116,4266,average
2542,2405,2473,137,4947,grandmaster
2454,2154,2304,300,4608,master
2506,2449,2477,57,4955,grandmaster
2392,2458,2425,-66,4850,master
2271,2393,2332,-122,4664,master
1627,1788,1707,-161,3415,novice
2434,2256,2345,178,4690,master
2115,2217,2166,-102,4332,average
1933,2273,2103,-340,4206,average
2162,2394,2278,-232,4556,average
2465,2183,2324,282,4648,master
2380,2167,2273,213,4547,average
2700,2615,2657,85,5315,grandmaster
2463,2547,2505,-84,5010,grandmaster
2452,2310,2381,142,4762,master
1765,1884,1824,-119,3649,novice
2223,2343,2283,-120,4566,average
2485,2596,2540,-111,5081,grandmaster
2256,2159,2207,97,4415,average
2539,2605,2572,-66,5144,grandmaster
2601,2416,2508,185,5017,grandmaster
2566,1934,2250,632,4500,average
1895,1669,1782,226,3564,novice
1834,2068,1951,-234,3902,novice
2358,2131,2244,227,4489,average
1477,1837,1657,-360,3314,novice
2508,2581,2544,-73,5089,grandmaster
2749,2216,2482,533,4965,grandmaster
2341,2324,2332,17,4665,master
2399,2493,2446,-94,4892,master
2267,2278,2272,-11,4545,average
1893,2084,1988,-191,3977,novice
2213,2122,2167,91,4335,average
2393,1988,2190,405,4381,average
2544,2716,2630,-172,5260,grandmaster
2204,2065,2134,139,4269,average
2084,2310,2197,-226,4394,average
1367,1868,1617,-501,3235,novice
2528,2277,2402,251,4805,master
2146,2398,2272,-252,4544,average
2258,1903,2080,355,4161,novice
1902,1610,1756,292,3512,novice
1711,2130,1920,-419,3841,novice
2582,2402,2492,180,4984,grandmaster
2195,2325,2260,-130,4520,average
2202,1862,2032,340,4064,novice
2445,2148,2296,297,4593,average
2315,2519,2417,-204,4834,master
2564,2674,2619,-110,5238,grandmaster
2259,2328,2293,-69,4587,average
2188,2417,2302,-229,4605,master
2280,2508,2394,-228,4788,master
2483,2508,2495,-25,4991,grandmaster
2317,2220,2268,97,4537,average
2251,2459,2355,-208,4710,master
2136,1851,1993,285,3987,novice
2512,2638,2575,-126,5150,grandmaster
2624,2579,2601,45,5203,grandmaster
2379,1915,2147,464,4294,average
2298,1940,2119,358,4238,average
2167,2480,2323,-313,4647,master
2055,1791,1923,264,3846,novice
1920,2392,2156,-472,4312,average
2271,2073,2172,198,4344,average
2307,2360,2333,-53,4667,master
2447,2206,2326,241,4653,master
2594,2517,2555,77,5111,grandmaster
2241,2285,2263,-44,4526,average
2354,2237,2295,117,4591,average
2361,1912,2136,449,4273,average
2644,2510,2577,134,5154,grandmaster
2425,2473,2449,-48,4898,master
2006,2230,2118,-224,4236,average
2246,2397,2321,-151,4643,master
2328,2480,2404,-152,4808,master
2539,2671,2605,-132,5210,grandmaster
2216,2381,2298,-165,4597,average
2249,2053,2151,196,4302,average
2165,2267,2216,-102,4432,average
2764,2766,2765,-2,5530,grandmaster
2349,2495,2422,-146,4844,master
2290,1840,2065,450,4130,novice
2380,2375,2377,5,4755,master
2506,2543,2524,-37,5049,grandmaster
2283,1953,2118,330,4236,average
2114,1899,2006,215,4013,novice
2382,2283,2332,99,4665,master
2437,2195,2316,242,4632,master
2532,2440,2486,92,4972,grandmaster
1921,2162,2041,-241,4083,novice
2625,2476,2550,149,5101,grandmaster
2331,2212,2271,119,4543,average
1828,2013,1920,-185,3841,novice
2458,2470,2464,-12,4928,grandmaster
2508,2610,2559,-102,5118,grandmaster
2148,1485,1816,663,3633,novice
2483,2495,2489,-12,4978,grandmaster
2385,2157,2271,228,4542,average
2416,2710,2563,-294,5126,grandmaster
2039,2194,2116,-155,4233,average
2687,2707,2697,-20,5394,grandmaster
2203,2387,2295,-184,4590,average
1776,2007,1891,-231,3783,novice
1891,1774,1832,117,3665,novice
2150,2254,2202,-104,4404,average
1830,2177,2003,-347,4007,novice
2181,2138,2159,43,4319,average
1877,1902,1889,-25,3779,novice
1934,2358,2146,-424,4292,average
2659,2344,2501,315,5003,grandmaster
2167,2235,2201,-68,4402,average
2257,2361,2309,-104,4618,master
2150,1533,1841,617,3683,novice
2117,2061,2089,56,4178,novice
2403,2241,2322,162,4644,master
2286,1894,2090,392,4180,novice
2291,2149,2220,142,4440,average
2316,2470,2393,-154,4786,master
2637,2524,2580,113,5161,grandmaster
2104,2119,2111,-15,4223,average
2186,2312,2249,-126,4498,average
2220,2497,2358,-277,4717,master
2498,2453,2475,45,4951,grandmaster
1839,2005,1922,-166,3844,novice
2205,2255,2230,-50,4460,average
2149,2005,2077,144,4154,novice
2198,2582,2390,-384,4780,master
2046,2076,2061,-30,4122,novice
1610,2071,1840,-461,3681,novice
2388,2160,2274,228,4548,average
1856,2033,1944,-177,3889,novice
1958,2214,2086,-256,4172,novice
1982,2237,2109,-255,4219,average
2401,2548,2474,-147,4949,grandmaster
2456,2153,2304,303,4609,master
2364,2059,2211,305,4423,average
2446,2091,2268,355,4537,average
2292,2160,2226,132,4452,average
2241,2003,2122,238,4244,average
2595,2601,2598,-6,5196,grandmaster
2198,2397,2297,-199,4595,average
2752,2591,2671,161,5343,grandmaster
2109,1952,2030,157,4061,novice
1955,1823,1889,132,3778,novice
2137,1933,2035,204,4070,novice
2364,2569,2466,-205,4933,grandmaster
2324,2443,2383,-119,4767,master
2385,2665,2525,-280,5050,grandmaster
1911,2137,2024,-226,4048,novice
2331,2125,2228,206,4456,average
2022,2012,2017,10,4034,novice
2339,2452,2395,-113,4791,master
2092,1866,1979,226,3958,novice
2142,2004,2073,138,4146,novice
2269,2196,2232,73,4465,average
2591,2466,2528,125,5057,grandmaster
2234,1916,2075,318,4150,novice
2248,2094,2171,154,4342,average
2391,2422,2406,-31,4813,master
2212,1900,2056,312,4112,novice
2111,1774,1942,337,3885,novice
2479,2327,2403,152,4806,master
1977,2112,2044,-135,4089,novice
2375,2569,2472,-194,4944,grandmaster
1528,1594,1561,-66,3122,novice
1586,1707,1646,-121,3293,novice
2114,2446,2280,-332,4560,average
1841,1897,1869,-56,3738,novice
2198,1802,2000,396,4000,novice
2407,2520,2463,-113,4927,grandmaster
2058,2120,2089,-62,4178,novice
2176,1844,2010,332,4020,novice
2102,2268,2185,-166,4370,average
2182,1981,2081,201,4163,novice
2516,2516,2516,0,5032,grandmaster
2178,2548,2363,-370,4726,master
1874,2011,1942,-137,3885,novice
2552,2331,2441,221,4883,master
2532,2406,2469,126,4938,grandmaster
2002,2089,2045,-87,4091,novice
2008,1866,1937,142,3874,novice
2168,2255,2211,-87,4423,average
2225,1969,2097,256,4194,novice
1330,1806,1568,-476,3136,novice
2521,2501,2511,20,5022,grandmaster
2449,2047,2248,402,4496,average
2556,2183,2369,373,4739,master
2437,2310,2373,127,4747,master
1994,2501,2247,-507,4495,average
1844,1968,1906,-124,3812,novice
1820,1881,1850,-61,3701,novice
2196,2528,2362,-332,4724,master
2398,2439,2418,-41,4837,master
2031,2300,2165,-269,4331,average
2327,2218,2272,109,4545,average
2190,1956,2073,234,4146,novice
2512,2286,2399,226,4798,master
2388,2291,2339,97,4679,master
2266,2437,2351,-171,4703,master
2454,2284,2369,170,4738,master
2688,2515,2601,173,5203,grandmaster
2627,2464,2545,163,5091,grandmaster
2278,2027,2152,251,4305,average
2389,2441,2415,-52,4830,master
2206,2346,2276,-140,4552,average
2632,2419,2525,213,5051,grandmaster
2645,2881,2763,-236,5526,grandmaster
2164,2349,2256,-185,4513,average
2252,2419,2335,-167,4671,master
1909,1739,1824,170,3648,novice
2004,1757,1880,247,3761,novice
2313,2459,2386,-146,4772,master
1637,1766,1701,-129,3403,novice
2256,2108,2182,148,4364,average
1798,2024,1911,-226,3822,novice
2162,2033,2097,129,4195,novice
1925,2120,2022,-195,4045,novice
2513,2120,2316,393,4633,master
2204,2292,2248,-88,4496,average
2008,1842,1925,166,3850,novice
2518,2232,2375,286,4750,master
2375,2061,2218,314,4436,average
2074,2338,2206,-264,4412,average
2313,2069,2191,244,4382,average
2064,2196,2130,-132,4260,average
2124,2240,2182,-116,4364,average
1969,1580,1774,389,3549,novice
1707,2005,1856,-298,3712,novice
2101,1891,1996,210,3992,novice
2544,2298,2421,246,4842,master
2559,2383,2471,176,4942,grandmaster
1966,1968,1967,-2,3934,novice
1956,2258,2107,-302,4214,average
2158,1797,1977,361,3955,novice
2727,2744,2735,-17,5471,grandmaster
2555,2285,2420,270,4840,master
2516,2396,2456,120,4912,grandmaster
2106,2404,2255,-298,4510,average
2268,2322,2295,-54,4590,average
2408,2505,2456,-97,4913,grandmaster
2493,2188,2340,305,4681,master
2426,2153,2289,273,4579,average
2656,2373,2514,283,5029,grandmaster
1983,2251,2117,-268,4234,average
2570,2676,2623,-106,5246,grandmaster
1959,2174,2066,-215,4133,novice
2150,2376,2263,-226,4526,average
2253,2208,2230,45,4461,average
2279,2106,2192,173,4385,average
2488,2660,2574,-172,5148,grandmaster
1663,1969,1816,-306,3632,novice
2251,2188,2219,63,4439,average
1949,2114,2031,-165,4063,novice
2052,2353,2202,-301,4405,average
2526,2528,2527,-2,5054,grandmaster
2458,2334,2396,124,4792,master
2382,1847,2114,535,4229,average
1673,1848,1760,-175,3521,novice
1874,2326,2100,-452,4200,novice
2216,2487,2351,-271,4703,master
2242,2031,2136,211,4273,average
2280,2416,2348,-136,4696,master
1629,1771,1700,-142,3400,novice
2485,2164,2324,321,4649,master
1974,2198,2086,-224,4172,novice
1987,1576,1781,411,3563,novice
2225,2191,2208,34,4416,average
2002,2089,2045,-87,4091,novice
1570,1751,1660,-181,3321,novice
2055,2135,2095,-80,4190,novice
1994,2184,2089,-190,4178,novice
1883,1889,1886,-6,3772,novice
2281,2525,2403,-244,4806,master
2586,2700,2643,-114,5286,grandmaster
2423,2543,2483,-120,4966,grandmaster
2345,2368,2356,-23,4713,master
2081,1796,1938,285,3877,novice
2437,2281,2359,156,4718,master
2630,2102,2366,528,4732,master
2261,2244,2252,17,4505,average
2272,1990,2131,282,4262,average
2219,1909,2064,310,4128,novice
2174,1999,2086,175,4173,novice
1948,1768,1858,180,3716,novice
2313,2054,2183,259,4367,average
2023,2206,2114,-183,4229,average
1855,2414,2134,-559,4269,average
2764,2711,2737,53,5475,grandmaster
2320,1710,2015,610,4030,novice
2628,2440,2534,188,5068,grandmaster
2375,2230,2302,145,4605,master
2345,2426,2385,-81,4771,master
2126,2352,2239,-226,4478,average
2375,2559,2467,-184,4934,grandmaster
2305,2417,2361,-112,4722,master
2129,2243,2186,-114,4372,average
2301,2599,2450,-298,4900,master
2130,2487,2308,-357,4617,master
2006,2126,2066,-120,4132,novice
2548,2578,2563,-30,5126,grandmaster
2593,2520,2556,73,5113,grandmaster
1893,2193,2043,-300,4086,novice
2501,2148,2324,353,4649,master
1584,1658,1621,-74,3242,novice
2459,1728,2093,731,4187,novice
2396,2552,2474,-156,4948,grandmaster
2200,2009,2104,191,4209,average
2464,2686,2575,-222,5150,grandmaster
2095,2211,2153,-116,4306,average
2336,2054,2195,282,4390,average
2505,2650,2577,-145,5155,grandmaster
2046,1844,1945,202,3890,novice
2516,2482,2499,34,4998,grandmaster
2481,2190,2335,291,4671,master
2321,2457,2389,-136,4778,master
2631,2563,2597,68,5194,grandmaster
2162,2281,2221,-119,4443,average
2140,2184,2162,-44,4324,average
2258,2458,2358,-200,4716,master
2177,2301,2239,-124,4478,average
2219,2202,2210,17,4421,average
2163,2321,2242,-158,4484,average
2450,2197,2323,253,4647,master
1965,2203,2084,-238,4168,novice
2350,2233,2291,117,4583,average
1770,2169,1969,-399,3939,novice
1713,2339,2026,-626,4052,novice
2151,2289,2220,-138,4440,average
1964,2018,1991,-54,3982,novice
2075,2080,2077,-5,4155,novice
2360,1926,2143,434,4286,average
1796,2034,1915,-238,3830,novice
2172,1948,2060,224,4120,novice
2431,2099,2265,332,4530,average
2291,2285,2288,6,4576,average
2043,2427,2235,-384,4470,average
2257,2258,2257,-1,4515,average
2448,2216,2332,232,4664,master
2440,2567,2503,-127,5007,grandmaster
2084,2527,2305,-443,4611,master
2195,2346,2270,-151,4541,average
2138,2069,2103,69,4207,average
2389,2207,2298,182,4596,average
2194,2388,2291,-194,4582,average
2594,2466,2530,128,5060,grandmaster
2054,2115,2084,-61,4169,novice
2129,1929,2029,200,4058,novice
1953,2086,2019,-133,4039,novice
2496,2404,2450,92,4900,master
2496,2541,2518,-45,5037,grandmaster
2483,2491,2487,-8,4974,grandmaster
2381,2279,2330,102,4660,master
2090,2197,2143,-107,4287,average
2053,2381,2217,-328,4434,average
2462,2139,2300,323,4601,average
2637,2556,2596,81,5193,grandmaster
2410,2306,2358,104,4716,master
2172,2093,2132,79,4265,average
2165,1945,2055,220,4110,novice
2518,2212,2365,306,4730,master
2271,2149,2210,122,4420,average
2054,2327,2190,-273,4381,average
2154,2448,2301,-294,4602,master
1890,1756,1823,134,3646,novice
2521,2458,2489,63,4979,grandmaster
1968,1848,1908,120,3816,novice
2022,1546,1784,476,3568,novice
2668,2460,2564,208,5128,grandmaster
2353,2343,2348,10,4696,master
2591,2492,2541,99,5083,grandmaster
2259,1757,2008,502,4016,novice
2097,2008,2052,89,4105,novice
1934,1797,1865,137,3731,novice
2346,2559,2452,-213,4905,grandmaster
2541,2446,2493,95,4987,grandmaster
2300,2412,2356,-112,4712,master
2079,1997,2038,82,4076,novice
2170,2511,2340,-341,4681,master
2119,1761,1940,358,3880,novice
2202,2424,2313,-222,4626,master
2484,2132,2308,352,4616,master
1830,2054,1942,-224,3884,novice
2455,2375,2415,80,4830,master
2613,1923,2268,690,4536,average
2047,2256,2151,-209,4303,average
2019,2253,2136,-234,4272,average
2632,2663,2647,-31,5295,grandmaster
2018,2176,2097,-158,4194,novice
2170,1997,2083,173,4167,novice
2447,2295,2371,152,4742,master
2239,2176,2207,63,4415,average
2591,2186,2388,405,4777,master
1897,2107,2002,-210,4004,novice
2608,2447,2527,161,5055,grandmaster
2021,2153,2087,-132,4174,novice
2202,2147,2174,55,4349,average
2450,2235,2342,215,4685,master
2156,2014,2085,142,4170,novice
2390,2607,2498,-217,4997,grandmaster
2401,2422,2411,-21,4823,master
2236,2417,2326,-181,4653,master
2213,1983,2098,230,4196,novice
1888,2007,1947,-119,3895,novice
2128,1899,2013,229,4027,novice
2710,2285,2497,425,4995,grandmaster
2727,2549,2638,178,5276,grandmaster
1746,2311,2028,-565,4057,novice
2546,2422,2484,124,4968,grandmaster
2326,2161,2243,165,4487,average
2389,2235,2312,154,4624,master
2566,2714,2640,-148,5280,grandmaster
1498,1988,1743,-490,3486,novice
2304,2130,2217,174,4434,average
2019,1964,1991,55,3983,novice
2451,2712,2581,-261,5163,grandmaster
2154,2102,2128,52,4256,average
2277,2086,2181,191,4363,average
2338,2242,2290,96,4580,average
2391,2219,2305,172,4610,master
2340,2526,2433,-186,4866,master
2713,2735,2724,-22,5448,grandmaster
2302,2476,2389,-174,4778,master
2454,2450,2452,4,4904,grandmaster
2230,1984,2107,246,4214,average
2061,2096,2078,-35,4157,novice
2578,2624,2601,-46,5202,grandmaster
2137,2504,2320,-367,4641,master
1943,2305,2124,-362,4248,average
1935,1771,1853,164,3706,novice
2532,2636,2584,-104,5168,grandmaster
2199,2097,2148,102,4296,average
2361,2084,2222,277,4445,average
2519,2371,2445,148,4890,master
2084,1853,1968,231,3937,novice
2349,2071,2210,278,4420,average
2186,2334,2260,-148,4520,average
2340,2550,2445,-210,4890,master
2120,2589,2354,-469,4709,master
2045,2354,2199,-309,4399,average
2097,2013,2055,84,4110,novice
2385,2334,2359,51,4719,master
2064,1604,1834,460,3668,novice
2285,2459,2372,-174,4744,master
2257,2464,2360,-207,4721,master
2410,2348,2379,62,4758,master
1973,2236,2104,-263,4209,average
2419,2370,2394,49,4789,master
2038,2378,2208,-340,4416,average
2702,2705,2703,-3,5407,grandmaster
2691,2427,2559,264,5118,grandmaster
1963,2202,2082,-239,4165,novice
2100,1892,1996,208,3992,novice
2362,2557,2459,-195,4919,grandmaster
2730,2775,2752,-45,5505,grandmaster
2321,2330,2325,-9,4651,master
1772,1638,1705,134,3410,novice
2511,2467,2489,44,4978,grandmaster
2199,1891,2045,308,4090,novice
2205,2433,2319,-228,4638,master
2450,2260,2355,190,4710,master
2639,2564,2601,75,5203,grandmaster
1965,1826,1895,139,3791,novice
2238,1872,2055,366,4110,novice
2338,2152,2245,186,4490,average
1792,2093,1942,-301,3885,novice
2503,2547,2525,-44,5050,grandmaster
2139,2010,2074,129,4149,novice
2422,2027,2224,395,4449,average
2208,2110,2159,98,4318,average
2306,2423,2364,-117,4729,master
2663,2615,2639,48,5278,grandmaster
2446,2269,2357,177,4715,master
2483,2425,2454,58,4908,grandmaster
1768,1787,1777,-19,3555,novice
2052,2003,2027,49,4055,novice
2423,2556,2489,-133,4979,grandmaster
2250,2354,2302,-104,4604,master
1903,1980,1941,-77,3883,novice
2067,1970,2018,97,4037,novice
2731,2685,2708,46,5416,grandmaster
1583,2007,1795,-424,3590,novice
1686,1901,1793,-215,3587,novice
2302,2488,2395,-186,4790,master
2002,1987,1994,15,3989,novice
2257,2190,2223,67,4447,average
1819,1843,1831,-24,3662,novice
2430,2100,2265,330,4530,average
2391,2285,2338,106,4676,master
2520,2470,2495,50,4990,grandmaster
1718,2017,1867,-299,3735,novice
1317,1799,1558,-482,3116,novice
1877,1727,1802,150,3604,novice
1947,1910,1928,37,3857,novice
1936,2096,2016,-160,4032,novice
2407,2066,2236,341,4473,average
2408,2483,2445,-75,4891,master
2335,1987,2161,348,4322,average
2201,1643,1922,558,3844,novice
2329,2155,2242,174,4484,average
2380,2292,2336,88,4672,master
2230,2349,2289,-119,4579,average
2663,2150,2406,513,4813,master
2332,2336,2334,-4,4668,master
2208,2130,2169,78,4338,average
2384,2476,2430,-92,4860,master
2414,2616,2515,-202,5030,grandmaster
2659,2546,2602,113,5205,grandmaster
2417,2492,2454,-75,4909,grandmaster
2444,2384,2414,60,4828,master
2297,2042,2169,255,4339,average
2034,2387,2210,-353,4421,average
1719,1936,1827,-217,3655,novice
2677,2569,2623,108,5246,grandmaster
2035,2352,2193,-317,4387,average
1937,2215,2076,-278,4152,novice
2108,2331,2219,-223,4439,average
1950,2250,2100,-300,4200,novice
1932,1489,1710,443,3421,novice
2581,2564,2572,17,5145,grandmaster
2345,2540,2442,-195,4885,master
2097,1762,1929,335,3859,novice
2059,2272,2165,-213,4331,average
2547,2226,2386,321,4773,master
2213,2286,2249,-73,4499,average
1850,2320,2085,-470,4170,novice
2026,1876,1951,150,3902,novice
2459,2473,2466,-14,4932,grandmaster
2430,2198,2314,232,4628,master
2586,2561,2573,25,5147,grandmaster
2016,2243,2129,-227,4259,average
2210,2304,2257,-94,4514,average
2617,2670,2643,-53,5287,grandmaster
1791,2233,2012,-442,4024,novice
2416,2351,2383,65,4767,master
2585,2208,2396,377,4793,master
2398,2452,2425,-54,4850,master
2200,1942,2071,258,4142,novice
1404,1751,1577,-347,3155,novice
2137,1799,1968,338,3936,novice
2218,2335,2276,-117,4553,average
2351,2440,2395,-89,4791,master
2110,1828,1969,282,3938,novice
2187,2559,2373,-372,4746,master
2528,2653,2590,-125,5181,grandmaster
2690,2590,2640,100,5280,grandmaster
1933,1602,1767,331,3535,novice
2294,1798,2046,496,4092,novice
2353,2244,2298,109,4597,average
2299,2226,2262,73,4525,average
2433,2543,2488,-110,4976,grandmaster
2555,2459,2507,96,5014,grandmaster
2244,2021,2132,223,4265,average
2124,2231,2177,-107,4355,average
2295,2563,2429,-268,4858,master
2458,2321,2389,137,4779,master
2423,2484,2453,-61,4907,grandmaster
2384,2431,2407,-47,4815,master
2171,2033,2102,138,4204,average
2077,2288,2182,-211,4365,average
2622,2709,2665,-87,5331,grandmaster
2263,2434,2348,-171,4697,master
2124,2160,2142,-36,4284,average
2421,2625,2523,-204,5046,grandmaster
1248,1629,1438,-381,2877,novice
2318,1623,1970,695,3941,novice
2362,2259,2310,103,4621,master
1889,2249,2069,-360,4138,novice
1874,1940,1907,-66,3814,novice
1989,2134,2061,-145,4123,novice
2249,2482,2365,-233,4731,master
1575,1583,1579,-8,3158,novice
2232,2338,2285,-106,4570,average
1994,2172,2083,-178,4166,novice
2241,2130,2185,111,4371,average
1892,2008,1950,-116,3900,novice
2424,2177,2300,247,4601,average
2158,2345,2251,-187,4503,average
1991,2320,2155,-329,4311,average
1938,2150,2044,-212,4088,novice
2485,2730,2607,-245,5215,grandmaster
2406,2375,2390,31,4781,master
2183,2190,2186,-7,4373,average
2085,2219,2152,-134,4304,average
2215,2077,2146,138,4292,average
1921,1498,1709,423,3419,novice
2204,1940,2072,264,4144,novice
2235,2571,2403,-336,4806,master
2277,2056,2166,221,4333,average
2170,2037,2103,133,4207,average
2283,2395,2339,-112,4678,master
1660,1846,1753,-186,3506,novice
2385,2156,2270,229,4541,average
2541,2669,2605,-128,5210,grandmaster
2497,2131,2314,366,4628,master
2479,2448,2463,31,4927,grandmaster
2216,2211,2213,5,4427,average
1745,1617,1681,128,3362,novice
2194,2527,2360,-333,4721,master
2135,2098,2116,37,4233,average
2035,1592,1813,443,3627,novice
2011,1872,1941,139,3883,novice
2208,2043,2125,165,4251,average
2273,2272,2272,1,4545,average
1680,2475,2077,-795,4155,novice
2027,2216,2121,-189,4243,average
2568,2312,2440,256,4880,master
2314,2567,2440,-253,4881,master
2705,2661,2683,44,5366,grandmaster
2417,2522,2469,-105,4939,grandmaster
2150,2225,2187,-75,4375,average
2061,2246,2153,-185,4307,average
2252,2471,2361,-219,4723,master
2165,2427,2296,-262,4592,average
2407,2225,2316,182,4632,master
2403,2590,2496,-187,4993,grandmaster
2035,1845,1940,190,3880,novice
1577,1827,1702,-250,3404,novice
2316,2422,2369,-106,4738,master
2684,2501,2592,183,5185,grandmaster
1533,1611,1572,-78,3144,novice
2443,2395,2419,48,4838,master
2384,2309,2346,75,4693,master
2330,2464,2397,-134,4794,master
2169,2271,2220,-102,4440,average
2639,2608,2623,31,5247,grandmaster
2537,2526,2531,11,5063,grandmaster
2072,2510,2291,-438,4582,average
1999,2151,2075,-152,4150,novice
2006,2220,2113,-214,4226,average
2167,2014,2090,153,4181,novice
1951,1757,1854,194,3708,novice
1768,2090,1929,-322,3858,novice
2264,2111,2187,153,4375,average
2389,2576,2482,-187,4965,grandmaster
2447,2263,2355,184,4710,master
2310,2212,2261,98,4522,average
2417,2290,2353,127,4707,master
1689,1981,1835,-292,3670,novice
2404,2307,2355,97,4711,master
2155,2399,2277,-244,4554,average
2189,2113,2151,76,4302,average
1836,1550,1693,286,3386,novice
2244,2500,2372,-256,4744,master
1994,2156,2075,-162,4150,novice
2086,2318,2202,-232,4404,average
2027,1995,2011,32,4022,novice
2471,2334,2402,137,4805,master
2614,2309,2461,305,4923,grandmaster
2234,2007,2120,227,4241,average
1944,1914,1929,30,3858,novice
2737,2743,2740,-6,5480,grandmaster
2334,2279,2306,55,4613,master
2212,2301,2256,-89,4513,average
2641,2567,2604,74,5208,grandmaster
2236,2638,2437,-402,4874,master
2106,2491,2298,-385,4597,average
1891,2069,1980,-178,3960,novice
1741,2036,1888,-295,3777,novice
2135,2113,2124,22,4248,average
2134,2358,2246,-224,4492,average
2476,2047,2261,429,4523,average
2680,2438,2559,242,5118,grandmaster
1698,1770,1734,-72,3468,novice
1774,1939,1856,-165,3713,novice
2066,2485,2275,-419,4551,average
2485,2141,2313,344,4626,master
2418,2326,2372,92,4744,master
2114,2227,2170,-113,4341,average
2561,1968,2264,593,4529,average
1956,1862,1909,94,3818,novice
2406,2195,2300,211,4601,average
2074,2250,2162,-176,4324,average
2166,2443,2304,-277,4609,master
2210,2256,2233,-46,4466,average
1837,1260,1548,577,3097,novice
2160,2449,2304,-289,4609,master
2131,2244,2187,-113,4375,average
2277,2426,2351,-149,4703,master
2254,2161,2207,93,4415,average
2059,2098,2078,-39,4157,novice
1861,1858,1859,3,3719,novice
2590,2618,2604,-28,5208,grandmaster
2514,2429,2471,85,4943,grandmaster
2084,1997,2040,87,4081,novice
2087,2304,2195,-217,4391,average
1934,1965,1949,-31,3899,novice
2071,1824,1947,247,3895,novice
1795,2029,1912,-234,3824,novice
2198,2500,2349,-302,4698,master
2462,2536,2499,-74,4998,grandmaster
1714,2164,1939,-450,3878,novice
2152,2265,2208,-113,4417,average
2641,2412,2526,229,5053,grandmaster
1799,1440,1619,359,3239,novice
2452,2657,2554,-205,5109,grandmaster
2025,2286,2155,-261,4311,average
1411,1703,1557,-292,3114,novice
1990,1798,1894,192,3788,novice
2230,2393,2311,-163,4623,master
2180,1941,2060,239,4121,novice
1539,2055,1797,-516,3594,novice
2174,2049,2111,125,4223,average
2511,2374,2442,137,4885,master
2108,1758,1933,350,3866,novice
2393,2454,2423,-61,4847,master
2401,2173,2287,228,4574,average
1987,2285,2136,-298,4272,average
1980,1547,1763,433,3527,novice
1584,1804,1694,-220,3388,novice
2574,2457,2515,117,5031,grandmaster
1999,2172,2085,-173,4171,novice
2110,2145,2127,-35,4255,average
1985,2378,2181,-393,4363,average
2586,2325,2455,261,4911,grandmaster
2203,2161,2182,42,4364,average
1894,2189,2041,-295,4083,novice
1723,2365,2044,-642,4088,novice
2306,2199,2252,107,4505,average
2083,1883,1983,200,3966,novice
2190,2243,2216,-53,4433,average
2500,2191,2345,309,4691,master
1533,1859,1696,-326,3392,novice
1932,2237,2084,-305,4169,novice
2318,2189,2253,129,4507,average
2252,2399,2325,-147,4651,master
2529,2495,2512,34,5024,grandmaster
1707,2435,2071,-728,4142,novice
1879,2374,2126,-495,4253,average
2290,2185,2237,105,4475,average
2026,2655,2340,-629,4681,master
2302,2470,2386,-168,4772,master
2051,1990,2020,61,4041,novice
2238,2120,2179,118,4358,average
2396,2175,2285,221,4571,average
1896,2191,2043,-295,4087,novice
2020,1866,1943,154,3886,novice
1997,2021,2009,-24,4018,novice
2785,2506,2645,279,5291,grandmaster
2320,2440,2380,-120,4760,master
2038,2278,2158,-240,4316,average
2480,2495,2487,-15,4975,grandmaster
2077,2340,2208,-263,4417,average
2381,2236,2308,145,4617,master
2271,2428,2349,-157,4699,master
2289,1933,2111,356,4222,average
2282,2423,2352,-141,4705,master
1996,2065,2030,-69,4061,novice
2094,1941,2017,153,4035,novice
2438,2329,2383,109,4767,master
2368,2153,2260,215,4521,average
2375,1826,2100,549,4201,novice
2714,2425,2569,289,5139,grandmaster
2216,2399,2307,-183,4615,master
2383,2560,2471,-177,4943,grandmaster
2511,1898,2204,613,4409,average
2231,2404,2317,-173,4635,master
2503,2223,2363,280,4726,master
2395,2356,2375,39,4751,master
2033,2226,2129,-193,4259,average
2328,2417,2372,-89,4745,master
2733,2578,2655,155,5311,grandmaster
2043,2371,2207,-328,4414,average
1895,2001,1948,-106,3896,novice
2390,2209,2299,181,4599,average
2000,2083,2041,-83,4083,novice
2371,2177,2274,194,4548,average
2165,2174,2169,-9,4339,average
1771,1638,1704,133,3409,novice
2348,2320,2334,28,4668,master
2319,2127,2223,192,4446,average
2553,2664,2608,-111,5217,grandmaster
2116,2603,2359,-487,4719,master
2567,2259,2413,308,4826,master
2252,1907,2079,345,4159,novice
1934,2065,1999,-131,3999,novice
2270,2687,2478,-417,4957,grandmaster
2520,2172,2346,348,4692,master
2515,2257,2386,258,4772,master
1961,1626,1793,335,3587,novice
2621,2698,2659,-77,5319,grandmaster
2520,2613,2566,-93,5133,grandmaster
1905,2127,2016,-222,4032,novice
1825,2022,1923,-197,3847,novice
2435,2217,2326,218,4652,master
1579,1932,1755,-353,3511,novice
2510,2376,2443,134,4886,master
2044,2483,2263,-439,4527,average
1937,1820,1878,117,3757,novice
2135,1664,1899,471,3799,novice
2179,1889,2034,290,4068,novice
2211,1927,2069,284,4138,novice
2113,2224,2168,-111,4337,average
2211,2056,2133,155,4267,average
2412,2491,2451,-79,4903,grandmaster
2127,2362,2244,-235,4489,average
2546,2416,2481,130,4962,grandmaster
2293,2291,2292,2,4584,average
2198,2334,2266,-136,4532,average
2235,2268,2251,-33,4503,average
2344,2413,2378,-69,4757,master
2611,2331,2471,280,4942,grandmaster
2315,2568,2441,-253,4883,master
2105,2119,2112,-14,4224,average
2442,2422,2432,20,4864,master
1966,2227,2096,-261,4193,novice
2410,2411,2410,-1,4821,master
2170,2457,2313,-287,4627,master
2406,2068,2237,338,4474,average
1750,2044,1897,-294,3794,novice
2341,2140,2240,201,4481,average
2566,2746,2656,-180,5312,grandmaster
1727,2484,2105,-757,4211,average
2378,2638,2508,-260,5016,grandmaster
2298,2522,2410,-224,4820,master
2636,2474,2555,162,5110,grandmaster
2233,2029,2131,204,4262,average
2499,2428,2463,71,4927,grandmaster
2515,2395,2455,120,4910,grandmaster
2339,2429,2384,-90,4768,master
2423,2595,2509,-172,5018,grandmaster
2240,2568,2404,-328,4808,master
2516,2570,2543,-54,5086,grandmaster
2004,1853,1928,151,3857,novice
1731,2036,1883,-305,3767,novice
2441,2511,2476,-70,4952,grandmaster
2127,2232,2179,-105,4359,average
2223,1982,2102,241,4205,average
2442,2174,2308,268,4616,master
2430,2244,2337,186,4674,master
2131,1921,2026,210,4052,novice
2066,2412,2239,-346,4478,average
2553,1982,2267,571,4535,average
2127,2410,2268,-283,4537,average
2211,1930,2070,281,4141,novice
2439,2216,2327,223,4655,master
2549,2451,2500,98,5000,grandmaster
2426,2032,2229,394,4458,average
2462,2438,2450,24,4900,master
2454,2460,2457,-6,4914,grandmaster
2412,2527,2469,-115,4939,grandmaster
2454,2280,2367,174,4734,master
1566,1684,1625,-118,3250,novice
2176,2269,2222,-93,4445,average
2572,2316,2444,256,4888,master
2454,2550,2502,-96,5004,grandmaster
1848,2317,2082,-469,4165,novice
2527,2483,2505,44,5010,grandmaster
2087,2293,2190,-206,4380,average
1644,1946,1795,-302,3590,novice
1873,2399,2136,-526,4272,average
2120,1775,1947,345,3895,novice
2612,2705,2658,-93,5317,grandmaster
2675,2723,2699,-48,5398,grandmaster
2538,2465,2501,73,5003,grandmaster
2025,2217,2121,-192,4242,average
2051,2100,2075,-49,4151,novice
2598,2471,2534,127,5069,grandmaster
1972,2407,2189,-435,4379,average
2102,2503,2302,-401,4605,master
2400,2459,2429,-59,4859,master
2074,2303,2188,-229,4377,average
2572,1952,2262,620,4524,average
1794,1554,1674,240,3348,novice
2442,2204,2323,238,4646,master
2358,2482,2420,-124,4840,master
2407,2586,2496,-179,4993,grandmaster
2379,1905,2142,474,4284,average
2409,2264,2336,145,4673,master
2237,2095,2166,142,4332,average
2153,1809,1981,344,3962,novice
2498,2303,2400,195,4801,master
1946,2260,2103,-314,4206,average
2253,2426,2339,-173,4679,master
2613,2231,2422,382,4844,master
2200,2226,2213,-26,4426,average
2140,2283,2211,-143,4423,average
2251,2260,2255,-9,4511,average
2087,2309,2198,-222,4396,average
2048,2250,2149,-202,4298,average
2041,2133,2087,-92,4174,novice
2430,2527,2478,-97,4957,grandmaster
2095,2267,2181,-172,4362,average
2348,2249,2298,99,4597,average
2516,2571,2543,-55,5087,grandmaster
2370,2455,2412,-85,4825,master
2579,2407,2493,172,4986,grandmaster
2350,2101,2225,249,4451,average
2379,2272,2325,107,4651,master
1460,1952,1706,-492,3412,novice
2444,2107,2275,337,4551,average
1916,2004,1960,-88,3920,novice
2216,2142,2179,74,4358,average
2150,2404,2277,-254,4554,average
1943,1923,1933,20,3866,novice
2276,2048,2162,228,4324,average
2219,2037,2128,182,4256,average
2627,2570,2598,57,5197,grandmaster
2285,2332,2308,-47,4617,master
2408,2619,2513,-211,5027,grandmaster
2430,2374,2402,56,4804,master
1939,2086,2012,-147,4025,novice
2205,2211,2208,-6,4416,average
2490,2655,2572,-165,5145,grandmaster
1916,2074,1995,-158,3990,novice
2201,2428,2314,-227,4629,master
2633,2461,2547,172,5094,grandmaster
2426,2192,2309,234,4618,master
2271,2287,2279,-16,4558,average
1861,1718,1789,143,3579,novice
1813,1646,1729,167,3459,novice
2405,2003,2204,402,4408,average
2203,2226,2214,-23,4429,average
2325,2057,2191,268,4382,average
2073,2301,2187,-228,4374,average
1901,2149,2025,-248,4050,novice
2375,2465,2420,-90,4840,master
2293,2160,2226,133,4453,average
1981,2289,2135,-308,4270,average
2176,1669,1922,507,3845,novice
2165,2247,2206,-82,4412,average
1994,2373,2183,-379,4367,average
1972,2235,2103,-263,4207,average
2416,1818,2117,598,4234,average
2029,1932,1980,97,3961,novice
2520,2542,2531,-22,5062,grandmaster
2563,2220,2391,343,4783,master
2593,2548,2570,45,5141,grandmaster
2200,2287,2243,-87,4487,average
2476,2691,2583,-215,5167,grandmaster
1715,2031,1873,-316,3746,novice
2200,2252,2226,-52,4452,average
1978,2029,2003,-51,4007,novice
2293,2529,2411,-236,4822,master
2008,1705,1856,303,3713,novice
2601,2306,2453,295,4907,grandmaster
2240,2465,2352,-225,4705,master
2491,2645,2568,-154,5136,grandmaster
2334,2409,2371,-75,4743,master
2663,2702,2682,-39,5365,grandmaster
2380,2228,2304,152,4608,master
1969,1676,1822,293,3645,novice
2391,2129,2260,262,4520,average
2044,2319,2181,-275,4363,average
2247,2167,2207,80,4414,average
1946,2278,2112,-332,4224,average
2628,2336,2482,292,4964,grandmaster
2389,2376,2382,13,4765,master
1601,1962,1781,-361,3563,novice
2266,2316,2291,-50,4582,average
2434,2619,2526,-185,5053,grandmaster
2024,2112,2068,-88,4136,novice
2288,2429,2358,-141,4717,master
2569,2700,2634,-131,5269,grandmaster
2489,2389,2439,100,4878,master
1885,1818,1851,67,3703,novice
1909,2503,2206,-594,4412,average
2330,2208,2269,122,4538,average
2060,2111,2085,-51,4171,novice
1927,1948,1937,-21,3875,novice
2308,2010,2159,298,4318,average
1995,2200,2097,-205,4195,novice
2476,2093,2284,383,4569,average
2158,2359,2258,-201,4517,average
2002,2055,2028,-53,4057,novice
2342,2533,2437,-191,4875,master
2559,2577,2568,-18,5136,grandmaster
2238,2422,2330,-184,4660,master
2445,2553,2499,-108,4998,grandmaster
2232,2118,2175,114,4350,average
2239,2295,2267,-56,4534,average
2274,2278,2276,-4,4552,average
2737,2764,2750,-27,5501,grandmaster
2447,2683,2565,-236,5130,grandmaster
1636,2059,1847,-423,3695,novice
2381,2079,2230,302,4460,average
2608,2492,2550,116,5100,grandmaster
2150,2246,2198,-96,4396,average
2294,2203,2248,91,4497,average
2064,1620,1842,444,3684,novice
1795,1984,1889,-189,3779,novice
2451,2206,2328,245,4657,master
2192,1962,2077,230,4154,novice
2400,2562,2481,-162,4962,grandmaster
2121,1801,1961,320,3922,novice
2196,2035,2115,161,4231,average
2491,2556,2523,-65,5047,grandmaster
2228,2069,2148,159,4297,average
2401,2597,2499,-196,4998,grandmaster
1985,2081,2033,-96,4066,novice
2283,2303,2293,-20,4586,average
2231,2320,2275,-89,4551,average
2442,2528,2485,-86,4970,grandmaster
2511,2366,2438,145,4877,master
2082,1815,1948,267,3897,novice
2002,1688,1845,314,3690,novice
2375,2205,2290,170,4580,average
2173,2303,2238,-130,4476,average
2640,2612,2626,28,5252,grandmaster
2055,1883,1969,172,3938,novice
2201,2320,2260,-119,4521,average
2244,2069,2156,175,4313,average
2584,2466,2525,118,5050,grandmaster
2465,2608,2536,-143,5073,grandmaster
2127,2524,2325,-397,4651,master
2174,2082,2128,92,4256,average
2626,2698,2662,-72,5324,grandmaster
2211,2306,2258,-95,4517,average
2070,1846,1958,224,3916,novice
2066,1956,2011,110,4022,novice
2257,2183,2220,74,4440,average
2225,1934,2079,291,4159,novice
2623,2631,2627,-8,5254,grandmaster
2303,2555,2429,-252,4858,master
1913,2214,2063,-301,4127,novice
2257,2227,2242,30,4484,average
2479,2187,2333,292,4666,master
2133,2261,2197,-128,4394,average
1818,2091,1954,-273,3909,novice
2310,2012,2161,298,4322,average
2482,2361,2421,121,4843,master
2266,2661,2463,-395,4927,grandmaster
2534,2542,2538,-8,5076,grandmaster
2630,2469,2549,161,5099,grandmaster
2319,1818,2068,501,4137,novice
2279,1953,2116,326,4232,average
2365,2440,2402,-75,4805,master
1931,1782,1856,149,3713,novice
2310,1827,2068,483,4137,novice
1978,1646,1812,332,3624,novice
2157,2492,2324,-335,4649,master
2276,2385,2330,-109,4661,master
2486,2637,2561,-151,5123,grandmaster
2268,2509,2388,-241,4777,master
2400,2479,2439,-79,4879,master
2126,2229,2177,-103,4355,average
2279,2462,2370,-183,4741,master
2002,1706,1854,296,3708,novice
2652,2399,2525,253,5051,grandmaster
2183,1969,2076,214,4152,novice
1885,1499,1692,386,3384,novice
2271,1965,2118,306,4236,average
2438,2636,2537,-198,5074,grandmaster
2531,2512,2521,19,5043,grandmaster
2093,2349,2221,-256,4442,average
2021,2174,2097,-153,4195,novice
2228,2419,2323,-191,4647,master
2368,2432,2400,-64,4800,master
1792,2041,1916,-249,3833,novice
2454,2202,2328,252,4656,master
2278,2442,2360,-164,4720,master
2069,2197,2133,-128,4266,average
2042,2210,2126,-168,4252,average
2144,2250,2197,-106,4394,average
2441,2681,2561,-240,5122,grandmaster
2376,2364,2370,12,4740,master
2285,2434,2359,-149,4719,master
2296,2030,2163,266,4326,average
1575,1729,1652,-154,3304,novice
1937,2137,2037,-200,4074,novice
2454,2292,2373,162,4746,master
2414,2323,2368,91,4737,master
2411,2400,2405,11,4811,master
1912,2192,2052,-280,4104,novice
2395,2438,2416,-43,4833,master
2379,2324,2351,55,4703,master
1740,2011,1875,-271,3751,novice
2020,1690,1855,330,3710,novice
2551,2483,2517,68,5034,grandmaster
2365,2449,2407,-84,4814,master
2550,2575,2562,-25,5125,grandmaster
2477,2430,2453,47,4907,grandmaster
2574,2529,2551,45,5103,grandmaster
2608,2462,2535,146,5070,grandmaster
1915,2420,2167,-505,4335,average
2295,2077,2186,218,4372,average
2214,2547,2380,-333,4761,master
2128,2290,2209,-162,4418,average
2459,2414,2436,45,4873,master
2140,2422,2281,-282,4562,average
2363,2577,2470,-214,4940,grandmaster
1797,1947,1872,-150,3744,novice
2273,1808,2040,465,4081,novice
2432,2031,2231,401,4463,average
2413,2452,2432,-39,4865,master
2077,1796,1936,281,3873,novice
2428,2278,2353,150,4706,master
1982,2100,2041,-118,4082,novice
2470,2106,2288,364,4576,average
2605,2684,2644,-79,5289,grandmaster
2705,2327,2516,378,5032,grandmaster
1818,1927,1872,-109,3745,novice
2390,2208,2299,182,4598,average
2316,2343,2329,-27,4659,master
2699,2658,2678,41,5357,grandmaster
1916,2023,1969,-107,3939,novice
2244,2263,2253,-19,4507,average
2789,2743,2766,46,5532,grandmaster
1940,2123,2031,-183,4063,novice
1996,1692,1844,304,3688,novice
2060,2271,2165,-211,4331,average
2314,2423,2368,-109,4737,master
2054,1856,1955,198,3910,novice
2271,1935,2103,336,4206,average
2315,2089,2202,226,4404,average
1927,1928,1927,-1,3855,novice
2392,2277,2334,115,4669,master
2383,2217,2300,166,4600,average
2617,2409,2513,208,5026,grandmaster
2393,2224,2308,169,4617,master
1869,1969,1919,-100,3838,novice
2032,2244,2138,-212,4276,average
2275,2248,2261,27,4523,average
1803,1756,1779,47,3559,novice
2301,2099,2200,202,4400,average
2194,2149,2171,45,4343,average
2257,2407,2332,-150,4664,master
2566,2357,2461,209,4923,grandmaster
2100,2154,2127,-54,4254,average
2215,2384,2299,-169,4599,average
2267,2226,2246,41,4493,average
2212,2429,2320,-217,4641,master
2320,2207,2263,113,4527,average
2224,2095,2159,129,4319,average
1944,2070,2007,-126,4014,novice
2460,2046,2253,414,4506,average
1909,2115,2012,-206,4024,novice
1756,2234,1995,-478,3990,novice
2407,2564,2485,-157,4971,grandmaster
2064,1884,1974,180,3948,novice
2217,2417,2317,-200,4634,master
1964,2433,2198,-469,4397,average
2009,2066,2037,-57,4075,novice
1921,2104,2012,-183,4025,novice
2163,1874,2018,289,4037,novice
2313,2504,2408,-191,4817,master
2607,2543,2575,64,5150,grandmaster
1999,2215,2107,-216,4214,average
2460,2521,2490,-61,4981,grandmaster
2128,1874,2001,254,4002,novice
1696,2156,1926,-460,3852,novice
2162,2447,2304,-285,4609,master
2404,1785,2094,619,4189,novice
2118,1683,1900,435,3801,novice
2083,2269,2176,-186,4352,average
2534,2508,2521,26,5042,grandmaster
2305,2200,2252,105,4505,average
2321,2019,2170,302,4340,average
1798,1931,1864,-133,3729,novice
2580,2435,2507,145,5015,grandmaster
1997,1889,1943,108,3886,novice
2557,2309,2433,248,4866,master
2568,2283,2425,285,4851,master
2153,2020,2086,133,4173,novice
2418,2266,2342,152,4684,master
2027,2194,2110,-167,4221,average
2298,2499,2398,-201,4797,master
1915,2172,2043,-257,4087,novice
2122,1934,2028,188,4056,novice
2212,1984,2098,228,4196,novice
2330,2427,2378,-97,4757,master
2195,2386,2290,-191,4581,average
2076,1876,1976,200,3952,novice
2019,2347,2183,-328,4366,average
2669,2555,2612,114,5224,grandmaster
2162,2551,2356,-389,4713,master
2151,2330,2240,-179,4481,average
2472,1960,2216,512,4432,average
1698,2273,1985,-575,3971,novice
2103,2291,2197,-188,4394,average
2537,2245,2391,292,4782,master
2225,2336,2280,-111,4561,average
2027,1907,1967,120,3934,novice
2567,2468,2517,99,5035,grandmaster
2438,1937,2187,501,4375,average
2410,2025,2217,385,4435,average
2428,2375,2401,53,4803,master
2301,2125,2213,176,4426,average
1906,2132,2019,-226,4038,novice
1755,1962,1858,-207,3717,novice
2374,2119,2246,255,4493,average
2398,2530,2464,-132,4928,grandmaster
1984,2103,2043,-119,4087,novice
2024,2174,2099,-150,4198,novice
2433,2251,2342,182,4684,master
2430,2706,2568,-276,5136,grandmaster
2498,2702,2600,-204,5200,grandmaster
1824,2001,1912,-177,3825,novice
1499,1817,1658,-318,3316,novice
2458,2204,2331,254,4662,master
2313,2237,2275,76,4550,average
1784,2468,2126,-684,4252,average
2482,2271,2376,211,4753,master
2367,2228,2297,139,4595,average
1792,2094,1943,-302,3886,novice
2475,2696,2585,-221,5171,grandmaster
2224,2409,2316,-185,4633,master
2027,2152,2089,-125,4179,novice
1853,1691,1772,162,3544,novice
2580,2719,2649,-139,5299,grandmaster
2366,2183,2274,183,4549,average
2148,1796,1972,352,3944,novice
1929,2099,2014,-170,4028,novice
2162,2378,2270,-216,4540,average
2231,2210,2220,21,4441,average
2533,2531,2532,2,5064,grandmaster
2379,2200,2289,179,4579,average
2536,2656,2596,-120,5192,grandmaster
2527,2335,2431,192,4862,master
2132,2093,2112,39,4225,average
2600,2577,2588,23,5177,grandmaster
2291,2132,2211,159,4423,average
2159,2068,2113,91,4227,average
2231,2117,2174,114,4348,average
1770,2172,1971,-402,3942,novice
2264,2004,2134,260,4268,average
2709,2643,2676,66,5352,grandmaster
2126,1769,1947,357,3895,novice
2537,2245,2391,292,4782,master
2589,2634,2611,-45,5223,grandmaster
2196,2037,2116,159,4233,average
2490,2397,2443,93,4887,master
1889,2298,2093,-409,4187,novice
1934,2450,2192,-516,4384,average
1948,1762,1855,186,3710,novice
2311,2160,2235,151,4471,average
2219,2149,2184,70,4368,average
2384,2320,2352,64,4704,master
2430,2400,2415,30,4830,master
2019,1772,1895,247,3791,novice
2240,2253,2246,-13,4493,average
1752,1884,1818,-132,3636,novice
2139,2262,2200,-123,4401,average
2522,2618,2570,-96,5140,grandmaster
2274,2555,2414,-281,4829,master
2213,2009,2111,204,4222,average
2428,2273,2350,155,4701,master
2263,2188,2225,75,4451,average
2116,1891,2003,225,4007,novice
2131,2137,2134,-6,4268,average
2347,1856,2101,491,4203,average
1770,1977,1873,-207,3747,novice
2026,2090,2058,-64,4116,novice
2559,2512,2535,47,5071,grandmaster
2132,1959,2045,173,4091,novice
2427,2256,2341,171,4683,master
2093,2265,2179,-172,4358,average
2468,2276,2372,192,4744,master
2175,2524,2349,-349,4699,master
2639,2481,2560,158,5120,grandmaster
1828,1917,1872,-89,3745,novice
2360,2233,2296,127,4593,average
2249,2272,2260,-23,4521,average
2059,1824,1941,235,3883,novice
1771,1821,1796,-50,3592,novice
2138,2493,2315,-355,4631,master
2657,2420,2538,237,5077,grandmaster
2058,2229,2143,-171,4287,average
2469,2105,2287,364,4574,average
2297,2215,2256,82,4512,average
2144,2369,2256,-225,4513,average
1786,2403,2094,-617,4189,novice
1930,2340,2135,-410,4270,average
2437,2568,2502,-131,5005,grandmaster
2329,2436,2382,-107,4765,master
2369,2250,2309,119,4619,master
1760,2336,2048,-576,4096,novice
2309,2067,2188,242,4376,average
2338,2686,2512,-348,5024,grandmaster
2611,2604,2607,7,5215,grandmaster
2005,2191,2098,-186,4196,novice
2372,2464,2418,-92,4836,master
2321,2434,2377,-113,4755,master
1917,1900,1908,17,3817,novice
2673,1970,2321,703,4643,master
2238,2392,2315,-154,4630,master
2562,1969,2265,593,4531,average
2153,2345,2249,-192,4498,average
2114,2357,2235,-243,4471,average
2510,2354,2432,156,4864,master
2231,2410,2320,-179,4641,master
2125,1988,2056,137,4113,novice
2434,2015,2224,419,4449,average
1767,1575,1671,192,3342,novice
2619,2730,2674,-111,5349,grandmaster
1732,1762,1747,-30,3494,novice
2237,2063,2150,174,4300,average
1530,1893,1711,-363,3423,novice
2037,2137,2087,-100,4174,novice
2425,2137,2281,288,4562,average
2509,2538,2523,-29,5047,grandmaster
2700,2698,2699,2,5398,grandmaster
2398,2212,2305,186,4610,master
2197,2049,2123,148,4246,average
2116,2231,2173,-115,4347,average
1910,2049,1979,-139,3959,novice
1990,2198,2094,-208,4188,novice
2285,2433,2359,-148,4718,master
2124,2315,2219,-191,4439,average
1801,1763,1782,38,3564,novice
1936,2073,2004,-137,4009,novice
2533,2424,2478,109,4957,grandmaster
1669,2025,1847,-356,3694,novice
2652,2737,2694,-85,5389,grandmaster
2109,2290,2199,-181,4399,average
1329,1496,1412,-167,2825,novice
2477,2424,2450,53,4901,master
2057,1882,1969,175,3939,novice
2012,2120,2066,-108,4132,novice
2577,2214,2395,363,4791,master
2616,2607,2611,9,5223,grandmaster
2104,2181,2142,-77,4285,average
1841,2147,1994,-306,3988,novice
2341,2206,2273,135,4547,average
1921,2032,1976,-111,3953,novice
2466,2465,2465,1,4931,grandmaster
1980,2319,2149,-339,4299,average
1655,1585,1620,70,3240,novice
2425,2435,2430,-10,4860,master
2366,2021,2193,345,4387,average
2634,2530,2582,104,5164,grandmaster
2436,2285,2360,151,4721,master
1672,1877,1774,-205,3549,novice
1993,2060,2026,-67,4053,novice
2598,2123,2360,475,4721,master
2329,2249,2289,80,4578,average
2087,1846,1966,241,3933,novice
1672,1790,1731,-118,3462,novice
2280,2572,2426,-292,4852,master
2702,2732,2717,-30,5434,grandmaster
1931,2114,2022,-183,4045,novice
1861,1870,1865,-9,3731,novice
2047,2227,2137,-180,4274,average
1889,1947,1918,-58,3836,novice
2075,2475,2275,-400,4550,average
1806,2073,1939,-267,3879,novice
2529,2115,2322,414,4644,master
2161,2314,2237,-153,4475,average
2260,1871,2065,389,4131,novice
2527,2380,2453,147,4907,grandmaster
2327,2528,2427,-201,4855,master
2386,2362,2374,24,4748,master
2145,1603,1874,542,3748,novice
2056,1845,1950,211,3901,novice
2207,2238,2222,-31,4445,average
2404,2557,2480,-153,4961,grandmaster
2212,2171,2191,41,4383,average
2036,1811,1923,225,3847,novice
1955,2307,2131,-352,4262,average
2370,2263,2316,107,4633,master
2438,2437,2437,1,4875,master
2568,2545,2556,23,5113,grandmaster
2236,1927,2081,309,4163,novice
2387,2229,2308,158,4616,master
1776,2026,1901,-250,3802,novice
2508,2242,2375,266,4750,master
1861,2151,2006,-290,4012,novice
2483,2732,2607,-249,5215,grandmaster
2413,1927,2170,486,4340,average
2495,2509,2502,-14,5004,grandmaster
2527,2562,2544,-35,5089,grandmaster
2402,2557,2479,-155,4959,grandmaster
2216,2077,2146,139,4293,average
2683,2424,2553,259,5107,grandmaster
2100,2142,2121,-42,4242,average
1750,1927,1838,-177,3677,novice
2015,2333,2174,-318,4348,average
2278,2430,2354,-152,4708,master
2660,2650,2655,10,5310,grandmaster
2458,2329,2393,129,4787,master
2371,2306,2338,65,4677,master
2505,2513,2509,-8,5018,grandmaster
1956,1527,1741,429,3483,novice
2227,2030,2128,197,4257,average
2495,2289,2392,206,4784,master
1868,2002,1935,-134,3870,novice
2435,2409,2422,26,4844,master
2343,1865,2104,478,4208,average
2238,2236,2237,2,4474,average
2455,2135,2295,320,4590,average
2287,2469,2378,-182,4756,master
2183,2033,2108,150,4216,average
1646,1638,1642,8,3284,novice
2042,2023,2032,19,4065,novice
2106,2124,2115,-18,4230,average
1969,1772,1870,197,3741,novice
2144,1910,2027,234,4054,novice
1996,2471,2233,-475,4467,average
1878,1713,1795,165,3591,novice
2445,2512,2478,-67,4957,grandmaster
1833,2132,1982,-299,3965,novice
2556,2494,2525,62,5050,grandmaster
2082,2036,2059,46,4118,novice
2170,2126,2148,44,4296,average
2380,2531,2455,-151,4911,grandmaster
2657,2571,2614,86,5228,grandmaster
2435,2350,2392,85,4785,master
2526,2296,2411,230,4822,master
2198,2418,2308,-220,4616,master
2482,2428,2455,54,4910,grandmaster
1885,2055,1970,-170,3940,novice
2402,2438,2420,-36,4840,master
2328,2211,2269,117,4539,average
2309,2085,2197,224,4394,average
2780,2810,2795,-30,5590,grandmaster
2514,2607,2560,-93,5121,grandmaster
2225,2358,2291,-133,4583,average
1835,2175,2005,-340,4010,novice
2661,2470,2565,191,5131,grandmaster
2583,2336,2459,247,4919,grandmaster
2321,2547,2434,-226,4868,master
2250,2393,2321,-143,4643,master
2427,2213,2320,214,4640,master
2332,2126,2229,206,4458,average
2055,2144,2099,-89,4199,novice
2392,2228,2310,164,4620,master
1411,1933,1672,-522,3344,novice
2267,1954,2110,313,4221,average
1943,1963,1953,-20,3906,novice
2683,2717,2700,-34,5400,grandmaster
1943,2182,2062,-239,4125,novice
2528,2502,2515,26,5030,grandmaster
2553,2549,2551,4,5102,grandmaster
2450,2573,2511,-123,5023,grandmaster
2048,1992,2020,56,4040,novice
2573,2210,2391,363,4783,master
2655,2417,2536,238,5072,grandmaster
2448,2507,2477,-59,4955,grandmaster
2255,2378,2316,-123,4633,master
2332,2490,2411,-158,4822,master
2131,2255,2193,-124,4386,average
2366,2532,2449,-166,4898,master
1623,1822,1722,-199,3445,novice
2386,2461,2423,-75,4847,master
2343,2259,2301,84,4602,master
2483,2732,2607,-249,5215,grandmaster
2165,2067,2116,98,4232,average
2153,2704,2428,-551,4857,master
2590,2201,2395,389,4791,master
2094,2202,2148,-108,4296,average
2738,2749,2743,-11,5487,grandmaster
2423,2533,2478,-110,4956,grandmaster
2749,2455,2602,294,5204,grandmaster
1800,2140,1970,-340,3940,novice
2183,2487,2335,-304,4670,master
2384,2486,2435,-102,4870,master
1704,1670,1687,34,3374,novice
2393,2172,2282,221,4565,average
2100,1978,2039,122,4078,novice
2405,2463,2434,-58,4868,master
1836,2153,1994,-317,3989,novice
2579,2588,2583,-9,5167,grandmaster
2084,2152,2118,-68,4236,average
1804,1790,1797,14,3594,novice
2041,2186,2113,-145,4227,average
2346,2562,2454,-216,4908,grandmaster
2470,2534,2502,-64,5004,grandmaster
2211,2157,2184,54,4368,average
2162,2108,2135,54,4270,average
2233,2040,2136,193,4273,average
2362,2481,2421,-119,4843,master
2499,2240,2369,259,4739,master
2488,1938,2213,550,4426,average
1952,1712,1832,240,3664,novice
1995,2041,2018,-46,4036,novice
2564,2506,2535,58,5070,grandmaster
1830,2066,1948,-236,3896,novice
2647,2341,2494,306,4988,grandmaster
2289,2320,2304,-31,4609,master
2416,2095,2255,321,4511,average
2179,2377,2278,-198,4556,average
2516,2243,2379,273,4759,master
2456,2433,2444,23,4889,master
1851,2141,1996,-290,3992,novice
2423,2371,2397,52,4794,master
2481,2357,2419,124,4838,master
2516,2562,2539,-46,5078,grandmaster
2549,2250,2399,299,4799,master
2502,2488,2495,14,4990,grandmaster
2449,2405,2427,44,4854,master
2304,1756,2030,548,4060,novice
2189,2441,2315,-252,4630,master
2523,2594,2558,-71,5117,grandmaster
2508,2291,2399,217,4799,master
2418,2549,2483,-131,4967,grandmaster
2011,2494,2252,-483,4505,average
1922,2227,2074,-305,4149,novice
2485,2519,2502,-34,5004,grandmaster
2259,2257,2258,2,4516,average
2136,2452,2294,-316,4588,average
2063,2282,2172,-219,4345,average
2294,1960,2127,334,4254,average
2119,2518,2318,-399,4637,master
2323,2172,2247,151,4495,average
2109,2052,2080,57,4161,novice
2214,1983,2098,231,4197,novice
2027,1931,1979,96,3958,novice
2048,1788,1918,260,3836,novice
2343,2397,2370,-54,4740,master
2523,1929,2226,594,4452,average
1840,1822,1831,18,3662,novice
2314,2091,2202,223,4405,average
2580,2454,2517,126,5034,grandmaster
2462,2254,2358,208,4716,master
2551,2336,2443,215,4887,master
2261,2367,2314,-106,4628,master
2041,2499,2270,-458,4540,average
2299,2448,2373,-149,4747,master
2402,2561,2481,-159,4963,grandmaster
2407,2275,2341,132,4682,master
2213,2299,2256,-86,4512,average
2493,2228,2360,265,4721,master
2278,2378,2328,-100,4656,master
1715,1782,1748,-67,3497,novice
2379,2107,2243,272,4486,average
2048,2218,2133,-170,4266,average
1949,2169,2059,-220,4118,novice
2364,1974,2169,390,4338,average
2243,2040,2141,203,4283,average
1496,1728,1612,-232,3224,novice
2519,2301,2410,218,4820,master
2005,2298,2151,-293,4303,average
2418,2507,2462,-89,4925,grandmaster
2469,2172,2320,297,4641,master
2304,2371,2337,-67,4675,master
2165,2204,2184,-39,4369,average
2539,2555,2547,-16,5094,grandmaster
2431,2152,2291,279,4583,average
2604,2723,2663,-119,5327,grandmaster
1832,2173,2002,-341,4005,novice
2207,1861,2034,346,4068,novice
2155,1931,2043,224,4086,novice
2088,2175,2131,-87,4263,average
2250,2080,2165,170,4330,average
2182,2124,2153,58,4306,average
1657,2079,1868,-422,3736,novice
2088,2362,2225,-274,4450,average
2642,2563,2602,79,5205,grandmaster
2628,2625,2626,3,5253,grandmaster
2277,2306,2291,-29,4583,average
2437,2044,2240,393,4481,average
2044,2142,2093,-98,4186,novice
2316,2205,2260,111,4521,average
2414,2716,2565,-302,5130,grandmaster
1925,1791,1858,134,3716,novice
2281,2007,2144,274,4288,average
2039,1964,2001,75,4003,novice
2203,2553,2378,-350,4756,master
2322,1991,2156,331,4313,average
2110,2438,2274,-328,4548,average
2580,2788,2684,-208,5368,grandmaster
2435,2266,2350,169,4701,master
2149,2089,2119,60,4238,average
2549,2644,2596,-95,5193,grandmaster
1534,1772,1653,-238,3306,novice
1606,1941,1773,-335,3547,novice
1989,2630,2309,-641,4619,master
2737,2736,2736,1,5473,grandmaster
2249,2341,2295,-92,4590,average
2636,2397,2516,239,5033,grandmaster
2296,2296,2296,0,4592,average
2505,2351,2428,154,4856,master
2269,2197,2233,72,4466,average
2731,2593,2662,138,5324,grandmaster
2167,2469,2318,-302,4636,master
2616,2002,2309,614,4618,master
2518,2561,2539,-43,5079,grandmaster
2223,1801,2012,422,4024,novice
2764,2741,2752,23,5505,grandmaster
2334,2100,2217,234,4434,average
2716,2784,2750,-68,5500,grandmaster
2143,1994,2068,149,4137,novice
2146,2436,2291,-290,4582,average
2435,2157,2296,278,4592,average
2322,2219,2270,103,4541,average
2540,2522,2531,18,5062,grandmaster
2259,1941,2100,318,4200,novice
2157,2462,2309,-305,4619,master
2386,2172,2279,214,4558,average
2090,2286,2188,-196,4376,average
2555,2543,2549,12,5098,grandmaster
2211,2277,2244,-66,4488,average
2012,2100,2056,-88,4112,novice
2284,1974,2129,310,4258,average
2403,2385,2394,18,4788,master
2332,2477,2404,-145,4809,master
2357,2332,2344,25,4689,master
1482,1449,1465,33,2931,novice
2324,2042,2183,282,4366,average
2276,2541,2408,-265,4817,master
2457,2337,2397,120,4794,master
2311,2639,2475,-328,4950,grandmaster
2374,2191,2282,183,4565,average
2237,1958,2097,279,4195,novice
1525,1844,1684,-319,3369,novice
2516,2671,2593,-155,5187,grandmaster
2500,2630,2565,-130,5130,grandmaster
2605,2683,2644,-78,5288,grandmaster
1838,1989,1913,-151,3827,novice
2741,2727,2734,14,5468,grandmaster
2024,2598,2311,-574,4622,master
2225,2586,2405,-361,4811,master
2356,2177,2266,179,4533,average
2502,2289,2395,213,4791,master
2617,2711,2664,-94,5328,grandmaster
1990,2023,2006,-33,4013,novice
2564,2357,2460,207,4921,grandmaster
1716,1448,1582,268,3164,novice
2421,2517,2469,-96,4938,grandmaster
2237,2157,2197,80,4394,average
1639,2134,1886,-495,3773,novice
2102,2006,2054,96,4108,novice
2191,1878,2034,313,4069,novice
2518,2378,2448,140,4896,master
2309,2275,2292,34,4584,average
2551,2179,2365,372,4730,master
2192,2416,2304,-224,4608,master
1842,2456,2149,-614,4298,average
1751,2008,1879,-257,3759,novice
2558,2263,2410,295,4821,master
2315,2573,2444,-258,4888,master
1810,1814,1812,-4,3624,novice
1908,1434,1671,474,3342,novice
1764,1521,1642,243,3285,novice
2540,2478,2509,62,5018,grandmaster
2237,2542,2389,-305,4779,master
2016,2263,2139,-247,4279,average
1991,2185,2088,-194,4176,novice
2101,2188,2144,-87,4289,average
2532,2443,2487,89,4975,grandmaster
2365,2593,2479,-228,4958,grandmaster
2147,2153,2150,-6,4300,average
2334,2355,2344,-21,4689,master
2068,2066,2067,2,4134,novice
1943,1649,1796,294,3592,novice
2320,2565,2442,-245,4885,master
2346,2276,2311,70,4622,master
2042,1721,1881,321,3763,novice
2600,2084,2342,516,4684,master
2414,2285,2349,129,4699,master
1772,1811,1791,-39,3583,novice
2459,2347,2403,112,4806,master
2067,2492,2279,-425,4559,average
2298,2278,2288,20,4576,average
2035,1917,1976,118,3952,novice
2567,2489,2528,78,5056,grandmaster
2684,2251,2467,433,4935,grandmaster
2189,2590,2389,-401,4779,master
2559,2303,2431,256,4862,master
2436,2249,2342,187,4685,master
2595,2623,2609,-28,5218,grandmaster
2500,2309,2404,191,4809,master
2197,2120,2158,77,4317,average
2345,2214,2279,131,4559,average
2508,2567,2537,-59,5075,grandmaster
2122,1902,2012,220,4024,novice
2167,1774,1970,393,3941,novice
2350,2487,2418,-137,4837,master
2473,2576,2524,-103,5049,grandmaster
1925,2185,2055,-260,4110,novice
2068,2487,2277,-419,4555,average
2211,2242,2226,-31,4453,average
2485,2420,2452,65,4905,grandmaster
2165,2419,2292,-254,4584,average
2648,2632,2640,16,5280,grandmaster
2356,2082,2219,274,4438,average
2473,2400,2436,73,4873,master
2525,2227,2376,298,4752,master
2146,2032,2089,114,4178,novice
2353,2527,2440,-174,4880,master
1965,2656,2310,-691,4621,master
2403,2342,2372,61,4745,master
2087,1903,1995,184,3990,novice
1878,2135,2006,-257,4013,novice
2207,2413,2310,-206,4620,master
1793,2157,1975,-364,3950,novice
2313,2513,2413,-200,4826,master
2161,1921,2041,240,4082,novice
2062,1784,1923,278,3846,novice
2286,2440,2363,-154,4726,master
2495,2448,2471,47,4943,grandmaster
2375,1943,2159,432,4318,average
2181,2407,2294,-226,4588,average
2250,1694,1972,556,3944,novice
2265,2064,2164,201,4329,average
1828,1921,1874,-93,3749,novice
1546,2121,1833,-575,3667,novice
2442,2622,2532,-180,5064,grandmaster
2340,2423,2381,-83,4763,master
2122,1992,2057,130,4114,novice
1785,2429,2107,-644,4214,average
2641,2707,2674,-66,5348,grandmaster
2198,1789,1993,409,3987,novice
1988,1802,1895,186,3790,novice
2305,2369,2337,-64,4674,master
2563,1942,2252,621,4505,average
2548,2518,2533,30,5066,grandmaster
2398,2157,2277,241,4555,average
1974,2152,2063,-178,4126,novice
2227,2468,2347,-241,4695,master
1696,2100,1898,-404,3796,novice
1961,2159,2060,-198,4120,novice
2205,2287,2246,-82,4492,average
1972,2040,2006,-68,4012,novice
2509,2452,2480,57,4961,grandmaster
1465,1805,1635,-340,3270,novice
2455,2547,2501,-92,5002,grandmaster
2202,1927,2064,275,4129,novice
2091,2240,2165,-149,4331,average
2554,2543,2548,11,5097,grandmaster
2679,2614,2646,65,5293,grandmaster
2706,2558,2632,148,5264,grandmaster
2317,2222,2269,95,4539,average
2125,2426,2275,-301,4551,average
2679,2636,2657,43,5315,grandmaster
1988,2385,2186,-397,4373,average
2239,2383,2311,-144,4622,master
2395,2163,2279,232,4558,average
2440,2512,2476,-72,4952,grandmaster
2273,2398,2335,-125,4671,master
1780,2130,1955,-350,3910,novice
1864,2287,2075,-423,4151,novice
2316,2190,2253,126,4506,average
2469,2601,2535,-132,5070,grandmaster
1886,2263,2074,-377,4149,novice
2402,2101,2251,301,4503,average
1676,1825,1750,-149,3501,novice
2175,2094,2134,81,4269,average
1895,2346,2120,-451,4241,average
2037,1752,1894,285,3789,novice
2199,1956,2077,243,4155,novice
2568,2407,2487,161,4975,grandmaster
2363,2244,2303,119,4607,master
1498,1966,1732,-468,3464,novice
2426,2230,2328,196,4656,master
2176,1832,2004,344,4008,novice
2635,2617,2626,18,5252,grandmaster
2276,1958,2117,318,4234,average
2525,2371,2448,154,4896,master
1801,2045,1923,-244,3846,novice
2359,2473,2416,-114,4832,master
2118,2024,2071,94,4142,novice
1944,1483,1713,461,3427,novice
2115,2406,2260,-291,4521,average
2020,2267,2143,-247,4287,average
2448,2137,2292,311,4585,average
2607,2577,2592,30,5184,grandmaster
2472,2380,2426,92,4852,master
1920,1708,1814,212,3628,novice
1777,2124,1950,-347,3901,novice
2248,1905,2076,343,4153,novice
1790,1838,1814,-48,3628,novice
1904,1855,1879,49,3759,novice
1949,2276,2112,-327,4225,average
2020,2089,2054,-69,4109,novice
2752,2711,2731,41,5463,grandmaster
1682,2023,1852,-341,3705,novice
2233,2114,2173,119,4347,average
2300,2527,2413,-227,4827,master
1827,2005,1916,-178,3832,novice
2633,2398,2515,235,5031,grandmaster
2479,2302,2390,177,4781,master
2431,2558,2494,-127,4989,grandmaster
2055,2268,2161,-213,4323,average
2385,2380,2382,5,4765,master
2562,2403,2482,159,4965,grandmaster
2143,1810,1976,333,3953,novice
2554,2378,2466,176,4932,grandmaster
2413,2159,2286,254,4572,average
1875,1679,1777,196,3554,novice
2627,2671,2649,-44,5298,grandmaster
2196,2031,2113,165,4227,average
2599,2026,2312,573,4625,master
2242,2475,2358,-233,4717,master
2439,2587,2513,-148,5026,grandmaster
2626,2474,2550,152,5100,grandmaster
2007,2491,2249,-484,4498,average
2432,2303,2367,129,4735,master
2379,2294,2336,85,4673,master
2099,2283,2191,-184,4382,average
2452,2651,2551,-199,5103,grandmaster
1459,1958,1708,-499,3417,novice
1885,2205,2045,-320,4090,novice
2528,2384,2456,144,4912,grandmaster
2366,2500,2433,-134,4866,master
2043,2218,2130,-175,4261,average
2681,2526,2603,155,5207,grandmaster
2299,2262,2280,37,4561,average
1725,1300,1512,425,3025,novice
2172,2525,2348,-353,4697,master
1929,2083,2006,-154,4012,novice
1995,1690,1842,305,3685,novice
2368,1839,2103,529,4207,average
2246,2516,2381,-270,4762,master
2176,2351,2263,-175,4527,average
2039,2392,2215,-353,4431,average
2684,2403,2543,281,5087,grandmaster
2090,1636,1863,454,3726,novice
2089,2016,2052,73,4105,novice
2671,2691,2681,-20,5362,grandmaster
1411,1660,1535,-249,3071,novice
2526,2683,2604,-157,5209,grandmaster
2541,2605,2573,-64,5146,grandmaster
2323,2329,2326,-6,4652,master
2013,2122,2067,-109,4135,novice
2504,2566,2535,-62,5070,grandmaster
2130,2199,2164,-69,4329,average
2027,1787,1907,240,3814,novice
2041,2238,2139,-197,4279,average
1673,1817,1745,-144,3490,novice
2148,2360,2254,-212,4508,average
2040,2199,2119,-159,4239,average
2359,2307,2333,52,4666,master
2227,2247,2237,-20,4474,average
2693,2670,2681,23,5363,grandmaster
2500,2300,2400,200,4800,master
2471,2659,2565,-188,5130,grandmaster
1948,2075,2011,-127,4023,novice
2228,2010,2119,218,4238,average
2546,2589,2567,-43,5135,grandmaster
1770,1967,1868,-197,3737,novice
2355,2525,2440,-170,4880,master
2090,2467,2278,-377,4557,average
1429,1836,1632,-407,3265,novice
2470,2208,2339,262,4678,master
2661,2687,2674,-26,5348,grandmaster
2338,2365,2351,-27,4703,master
1805,1948,1876,-143,3753,novice
2448,2371,2409,77,4819,master
2282,2006,2144,276,4288,average
2565,2332,2448,233,4897,master
2620,2543,2581,77,5163,grandmaster
2297,2337,2317,-40,4634,master
1688,1944,1816,-256,3632,novice
1814,1814,1814,0,3628,novice
2394,2288,2341,106,4682,master
1735,2101,1918,-366,3836,novice
2300,2458,2379,-158,4758,master
2209,2228,2218,-19,4437,average
2092,1993,2042,99,4085,novice
2526,2294,2410,232,4820,master
2292,2043,2167,249,4335,average
2422,2420,2421,2,4842,master
2157,2481,2319,-324,4638,master
1774,2137,1955,-363,3911,novice
2335,2245,2290,90,4580,average
2546,2568,2557,-22,5114,grandmaster
2077,2242,2159,-165,4319,average
2705,2695,2700,10,5400,grandmaster
1905,2069,1987,-164,3974,novice
2371,1944,2157,427,4315,average
2029,2372,2200,-343,4401,average
2470,2636,2553,-166,5106,grandmaster
2291,2552,2421,-261,4843,master
2365,2452,2408,-87,4817,master
2112,2348,2230,-236,4460,average
2414,2107,2260,307,4521,average
2450,2440,2445,10,4890,master
2398,2551,2474,-153,4949,grandmaster
2386,2111,2248,275,4497,average
1969,2298,2133,-329,4267,average
2499,2554,2526,-55,5053,grandmaster
2442,1876,2159,566,4318,average
1687,1905,1796,-218,3592,novice
2339,2579,2459,-240,4918,grandmaster
1898,2256,2077,-358,4154,novice
2361,2409,2385,-48,4770,master
2461,2513,2487,-52,4974,grandmaster
2355,2324,2339,31,4679,master
2141,2423,2282,-282,4564,average
1927,2141,2034,-214,4068,novice
2427,2274,2350,153,4701,master
2146,1972,2059,174,4118,novice
1782,2139,1960,-357,3921,novice
2560,2237,2398,323,4797,master
2259,2361,2310,-102,4620,master
2266,2202,2234,64,4468,average
1842,2263,2052,-421,4105,novice
2435,2419,2427,16,4854,master
2646,2336,2491,310,4982,grandmaster
2095,2336,2215,-241,4431,average
2375,2073,2224,302,4448,average
2481,2304,2392,177,4785,master
2188,2249,2218,-61,4437,average
1755,1949,1852,-194,3704,novice
2031,1801,1916,230,3832,novice
1690,1888,1789,-198,3578,novice
1961,2092,2026,-131,4053,novice
2253,2508,2380,-255,4761,master
2470,2375,2422,95,4845,master
1729,2011,1870,-282,3740,novice
2650,2572,2611,78,5222,grandmaster
2453,2511,2482,-58,4964,grandmaster
2227,2456,2341,-229,4683,master
2547,2310,2428,237,4857,master
1675,2109,1892,-434,3784,novice
2232,2252,2242,-20,4484,average
2401,2678,2539,-277,5079,grandmaster
1888,1671,1779,217,3559,novice
2045,2365,2205,-320,4410,average
2770,2580,2675,190,5350,grandmaster
2392,1989,2190,403,4381,average
2328,2275,2301,53,4603,master
2141,1943,2042,198,4084,novice
2264,2087,2175,177,4351,average
2710,2709,2709,1,5419,grandmaster
2376,2368,2372,8,4744,master
2028,2301,2164,-273,4329,average
2207,2267,2237,-60,4474,average
2801,2543,2672,258,5344,grandmaster
2550,2323,2436,227,4873,master
2512,2412,2462,100,4924,grandmaster
2494,2554,2524,-60,5048,grandmaster
2100,2356,2228,-256,4456,average
2092,1871,1981,221,3963,novice
2296,1987,2141,309,4283,average
2475,2341,2408,134,4816,master
2072,1988,2030,84,4060,novice
2238,2397,2317,-159,4635,master
1900,1870,1885,30,3770,novice
2108,2521,2314,-413,4629,master
2471,2416,2443,55,4887,master
2270,2027,2148,243,4297,average
2292,2046,2169,246,4338,average
2463,2311,2387,152,4774,master
2409,2297,2353,112,4706,master
2311,2177,2244,134,4488,average
2507,2276,2391,231,4783,master
2386,2703,2544,-317,5089,grandmaster
2347,2240,2293,107,4587,average
2375,2211,2293,164,4586,average
2087,2263,2175,-176,4350,average
2238,2379,2308,-141,4617,master
1582,2058,1820,-476,3640,novice
2232,1918,2075,314,4150,novice
2132,2266,2199,-134,4398,average
2598,2632,2615,-34,5230,grandmaster
2515,2401,2458,114,4916,grandmaster
2066,2388,2227,-322,4454,average
2771,2881,2826,-110,5652,grandmaster
1898,2100,1999,-202,3998,novice
2619,2270,2444,349,4889,master
2402,2260,2331,142,4662,master
2344,2480,2412,-136,4824,master
2129,2130,2129,-1,4259,average
2448,2128,2288,320,4576,average
2321,2186,2253,135,4507,average
2228,2079,2153,149,4307,average
2259,2201,2230,58,4460,average
2351,2083,2217,268,4434,average
2137,1867,2002,270,4004,novice
2263,2099,2181,164,4362,average
1690,2024,1857,-334,3714,novice
2646,2569,2607,77,5215,grandmaster
2440,2433,2436,7,4873,master
2298,2120,2209,178,4418,average
2286,2284,2285,2,4570,average
1676,1792,1734,-116,3468,novice
2743,2671,2707,72,5414,grandmaster
2412,2322,2367,90,4734,master
2292,2654,2473,-362,4946,grandmaster
2659,1907,2283,752,4566,average
1862,1491,1676,371,3353,novice
2241,2335,2288,-94,4576,average
2049,2100,2074,-51,4149,novice
1835,2004,1919,-169,3839,novice
2442,2621,2531,-179,5063,grandmaster
2465,2365,2415,100,4830,master
2318,2101,2209,217,4419,average
2108,2147,2127,-39,4255,average
2251,1941,2096,310,4192,novice
1932,2398,2165,-466,4330,average
1902,1663,1782,239,3565,novice
2404,2009,2206,395,4413,average
2356,2442,2399,-86,4798,master
2143,2261,2202,-118,4404,average
2451,2203,2327,248,4654,master
2423,2593,2508,-170,5016,grandmaster
2156,2313,2234,-157,4469,average
2307,2233,2270,74,4540,average
2323,2061,2192,262,4384,average
2355,2308,2331,47,4663,master
2655,2468,2561,187,5123,grandmaster
2111,2557,2334,-446,4668,master
2101,2027,2064,74,4128,novice
2192,2461,2326,-269,4653,master
2181,1929,2055,252,4110,novice
2488,2251,2369,237,4739,master
2079,2007,2043,72,4086,novice
2164,2503,2333,-339,4667,master
1935,2472,2203,-537,4407,average
2411,2165,2288,246,4576,average
2390,2300,2345,90,4690,master
2437,2583,2510,-146,5020,grandmaster
1675,2117,1896,-442,3792,novice
2081,1928,2004,153,4009,novice
2455,2614,2534,-159,5069,grandmaster
2486,2320,2403,166,4806,master
2168,1720,1944,448,3888,novice
2179,2356,2267,-177,4535,average
2496,2486,2491,10,4982,grandmaster
2479,2427,2453,52,4906,grandmaster
2440,2045,2242,395,4485,average
1942,1746,1844,196,3688,novice
2207,2221,2214,-14,4428,average
1761,2163,1962,-402,3924,novice
2037,2211,2124,-174,4248,average
2213,2530,2371,-317,4743,master
1877,2381,2129,-504,4258,average
2349,2019,2184,330,4368,average
1916,2261,2088,-345,4177,novice
2546,2543,2544,3,5089,grandmaster
1570,1735,1652,-165,3305,novice
2113,2314,2213,-201,4427,average
2474,2254,2364,220,4728,master
2544,2652,2598,-108,5196,grandmaster
2260,2571,2415,-311,4831,master
2071,1693,1882,378,3764,novice
2143,2362,2252,-219,4505,average
2604,2470,2537,134,5074,grandmaster
1973,2089,2031,-116,4062,novice
2356,2423,2389,-67,4779,master
2344,1918,2131,426,4262,average
2002,2318,2160,-316,4320,average
1981,1707,1844,274,3688,novice
2192,2163,2177,29,4355,average
2543,2651,2597,-108,5194,grandmaster
1864,2115,1989,-251,3979,novice
2501,2441,2471,60,4942,grandmaster
1916,2219,2067,-303,4135,novice
2210,2115,2162,95,4325,average
2121,2402,2261,-281,4523,average
1652,1884,1768,-232,3536,novice
2411,2622,2516,-211,5033,grandmaster
1810,2088,1949,-278,3898,novice
1748,2562,2155,-814,4310,average
2470,2205,2337,265,4675,master
2140,1962,2051,178,4102,novice
2424,1967,2195,457,4391,average
2175,2116,2145,59,4291,average
2382,2127,2254,255,4509,average
2595,2156,2375,439,4751,master
2038,1773,1905,265,3811,novice
1486,1822,1654,-336,3308,novice
1876,2100,1988,-224,3976,novice
2650,2409,2529,241,5059,grandmaster
2419,2601,2510,-182,5020,grandmaster
2356,2603,2479,-247,4959,grandmaster
2595,2417,2506,178,5012,grandmaster
1838,2474,2156,-636,4312,average
2505,2492,2498,13,4997,grandmaster
2328,2471,2399,-143,4799,master
1692,2005,1848,-313,3697,novice
1939,2205,2072,-266,4144,novice
2456,2202,2329,254,4658,master
1764,2271,2017,-507,4035,novice
2726,2575,2650,151,5301,grandmaster
1843,1993,1918,-150,3836,novice
2556,2506,2531,50,5062,grandmaster
2006,1627,1816,379,3633,novice
2018,1883,1950,135,3901,novice
2520,2306,2413,214,4826,master
2243,2280,2261,-37,4523,average
2114,1888,2001,226,4002,novice
2287,2252,2269,35,4539,average
1548,1808,1678,-260,3356,novice
2265,2434,2349,-169,4699,master
2293,2270,2281,23,4563,average
2584,2708,2646,-124,5292,grandmaster
2159,2271,2215,-112,4430,average
2035,2225,2130,-190,4260,average
2461,2556,2508,-95,5017,grandmaster
1922,1685,1803,237,3607,novice
2311,2018,2164,293,4329,average
2070,2295,2182,-225,4365,average
2762,2679,2720,83,5441,grandmaster
2507,2152,2329,355,4659,master
2336,2598,2467,-262,4934,grandmaster
2483,2718,2600,-235,5201,grandmaster
2213,2455,2334,-242,4668,master
2163,1928,2045,235,4091,novice
2456,2327,2391,129,4783,master
2209,2403,2306,-194,4612,master
1937,2169,2053,-232,4106,novice
2393,2402,2397,-9,4795,master
1230,1397,1313,-167,2627,novice
2499,2663,2581,-164,5162,grandmaster
2294,2109,2201,185,4403,average
1969,2208,2088,-239,4177,novice
2560,2285,2422,275,4845,master
2443,2243,2343,200,4686,master
2630,2580,2605,50,5210,grandmaster
2009,1990,1999,19,3999,novice
2155,1940,2047,215,4095,novice
1657,1868,1762,-211,3525,novice
1808,1576,1692,232,3384,novice
2456,1944,2200,512,4400,average
2314,2219,2266,95,4533,average
2609,2221,2415,388,4830,master
2262,2349,2305,-87,4611,master
2254,2013,2133,241,4267,average
2438,2499,2468,-61,4937,grandmaster
2161,2310,2235,-149,4471,average
2543,2354,2448,189,4897,master
1885,2037,1961,-152,3922,novice
2290,2512,2401,-222,4802,master
2616,2032,2324,584,4648,master
2123,2005,2064,118,4128,novice
2370,2312,2341,58,4682,master
2283,2040,2161,243,4323,average
2176,2043,2109,133,4219,average
1882,2148,2015,-266,4030,novice
2053,2069,2061,-16,4122,novice
2316,2520,2418,-204,4836,master
1870,1974,1922,-104,3844,novice
2225,2406,2315,-181,4631,master
2236,2089,2162,147,4325,average
2069,2113,2091,-44,4182,novice
2067,1731,1899,336,3798,novice
2412,2475,2443,-63,4887,master
1806,1709,1757,97,3515,novice
2682,2563,2622,119,5245,grandmaster
2634,2698,2666,-64,5332,grandmaster
2419,2110,2264,309,4529,average
1967,2254,2110,-287,4221,average
1718,1753,1735,-35,3471,novice
2373,2511,2442,-138,4884,master
1899,2390,2144,-491,4289,average
2633,2659,2646,-26,5292,grandmaster
2343,2255,2299,88,4598,average
2185,2494,2339,-309,4679,master
2504,2256,2380,248,4760,master
1995,2548,2271,-553,4543,average
2298,2615,2456,-317,4913,grandmaster
2803,2783,2793,20,5586,grandmaster
1663,1808,1735,-145,3471,novice
2282,2339,2310,-57,4621,master
2412,2366,2389,46,4778,master
2679,2801,2740,-122,5480,grandmaster
2112,2322,2217,-210,4434,average
2039,2103,2071,-64,4142,novice
2154,1774,1964,380,3928,novice
2367,1993,2180,374,4360,average
2297,1991,2144,306,4288,average
2068,2045,2056,23,4113,novice
2271,1948,2109,323,4219,average
2267,2359,2313,-92,4626,master
2381,2314,2347,67,4695,master
2252,2365,2308,-113,4617,master
2427,2325,2376,102,4752,master
2472,2358,2415,114,4830,master
2086,2151,2118,-65,4237,average
2548,2537,2542,11,5085,grandmaster
2200,1996,2098,204,4196,novice
2491,2421,2456,70,4912,grandmaster
2091,2223,2157,-132,4314,average
2718,2235,2476,483,4953,grandmaster
2575,2411,2493,164,4986,grandmaster
2554,2713,2633,-159,5267,grandmaster
2167,2321,2244,-154,4488,average
2247,1925,2086,322,4172,novice
2187,2018,2102,169,4205,average
2701,2785,2743,-84,5486,grandmaster
1560,1903,1731,-343,3463,novice
2235,2663,2449,-428,4898,master
2052,2024,2038,28,4076,novice
2211,2374,2292,-163,4585,average
2073,2134,2103,-61,4207,average
2126,2488,2307,-362,4614,master
2243,2504,2373,-261,4747,master
2275,2154,2214,121,4429,average
1952,2223,2087,-271,4175,novice
2342,2361,2351,-19,4703,master
2230,2336,2283,-106,4566,average
2555,2540,2547,15,5095,grandmaster
2388,2392,2390,-4,4780,master
2179,2335,2257,-156,4514,average
2164,1981,2072,183,4145,novice
2317,2337,2327,-20,4654,master
2508,2534,2521,-26,5042,grandmaster
2413,2001,2207,412,4414,average
2282,2007,2144,275,4289,average
2559,2290,2424,269,4849,master
2371,2101,2236,270,4472,average
2469,2122,2295,347,4591,average
2412,2369,2390,43,4781,master
2090,2147,2118,-57,4237,average
2611,2423,2517,188,5034,grandmaster
2654,2510,2582,144,5164,grandmaster
2460,2539,2499,-79,4999,grandmaster
2605,2591,2598,14,5196,grandmaster
1632,2301,1966,-669,3933,novice
2441,2598,2519,-157,5039,grandmaster
2249,2376,2312,-127,4625,master
2214,2254,2234,-40,4468,average
2344,2137,2240,207,4481,average
2632,2531,2581,101,5163,grandmaster
1992,1928,1960,64,3920,novice
2620,2376,2498,244,4996,grandmaster
2154,2033,2093,121,4187,novice
2308,2348,2328,-40,4656,master
1763,1609,1686,154,3372,novice
1844,2063,1953,-219,3907,novice
2391,2513,2452,-122,4904,grandmaster
2634,2541,2587,93,5175,grandmaster
2319,2069,2194,250,4388,average
1717,2098,1907,-381,3815,novice
