WhiteElo,BlackElo,MeanElos,DiffElos,SumElos
2168,2075,2121,93,4243
2306,2093,2199,213,4399
2108,2273,2190,-165,4381
2047,2186,2116,-139,4233
2357,2110,2233,247,4467
2406,2147,2276,259,4553
2250,2132,2191,118,4382
1860,2464,2162,-604,4324
2295,2191,2243,104,4486
1979,2263,2121,-284,4242
2119,2136,2127,-17,4255
2224,2008,2116,216,4232
2133,2214,2173,-81,4347
2024,2517,2270,-493,4541
2079,2202,2140,-123,4281
2101,2330,2215,-229,4431
2148,2197,2172,-49,4345
2124,2392,2258,-268,4516
2269,2106,2187,163,4375
2607,1765,2186,842,4372
2360,1924,2142,436,4284
2232,2344,2288,-112,4576
2271,2211,2241,60,4482
2359,2064,2211,295,4423
2056,2265,2160,-209,4321
2152,2255,2203,-103,4407
2380,2192,2286,188,4572
2051,2185,2118,-134,4236
2270,2152,2211,118,4422
2119,2199,2159,-80,4318
2171,2040,2105,131,4211
1890,2498,2194,-608,4388
2220,2122,2171,98,4342
2065,2282,2173,-217,4347
2467,2109,2288,358,4576
2432,2120,2276,312,4552
2523,1960,2241,563,4483
2368,2222,2295,146,4590
2253,2156,2204,97,4409
2391,2170,2280,221,4561
2087,2372,2229,-285,4459
2069,2515,2292,-446,4584
2072,2251,2161,-179,4323
2409,1936,2172,473,4345
2126,2168,2147,-42,4294
2480,1799,2139,681,4279
2250,2122,2186,128,4372
2164,2191,2177,-27,4355
2211,2317,2264,-106,4528
2013,2245,2129,-232,4258
2225,2050,2137,175,4275
2336,2225,2280,111,4561
2319,2107,2213,212,4426
2298,2202,2250,96,4500
2253,2046,2149,207,4299
2075,2369,2222,-294,4444
2030,2232,2131,-202,4262
2346,2114,2230,232,4460
1985,2255,2120,-270,4240
2390,2034,2212,356,4424
2284,2092,2188,192,4376
2177,2356,2266,-179,4533
2145,2351,2248,-206,4496
2316,2242,2279,74,4558
2160,2047,2103,113,4207
2334,2166,2250,168,4500
2119,2363,2241,-244,4482
2144,2068,2106,76,4212
2330,2151,2240,179,4481
2398,2053,2225,345,4451
2022,2205,2113,-183,4227
2154,2307,2230,-153,4461
1922,2363,2142,-441,4285
2049,2309,2179,-260,4358
2172,2351,2261,-179,4523
2160,2275,2217,-115,4435
2379,2091,2235,288,4470
2260,2204,2232,56,4464
2190,2306,2248,-116,4496
2091,2419,2255,-328,4510
2205,2310,2257,-105,4515
2194,2024,2109,170,4218
2263,2307,2285,-44,4570
1894,2465,2179,-571,4359
2140,2375,2257,-235,4515
2257,2101,2179,156,4358
2045,2387,2216,-342,4432
2221,1981,2101,240,4202
2026,2447,2236,-421,4473
2229,2051,2140,178,4280
2159,2076,2117,83,4235
1972,2356,2164,-384,4328
2517,2053,2285,464,4570
2531,2017,2274,514,4548
2044,2181,2112,-137,4225
2187,2029,2108,158,4216
2312,2011,2161,301,4323
2061,2145,2103,-84,4206
2208,1999,2103,209,4207
2255,2159,2207,96,4414
2030,2183,2106,-153,4213
2032,2279,2155,-247,4311
2174,2261,2217,-87,4435
2368,2125,2246,243,4493
2515,2007,2261,508,4522
2225,2234,2229,-9,4459
2084,2461,2272,-377,4545
2064,2174,2119,-110,4238
2149,2446,2297,-297,4595
2302,2042,2172,260,4344
2348,1881,2114,467,4229
1884,2547,2215,-663,4431
1921,2308,2114,-387,4229
2136,2243,2189,-107,4379
2301,2119,2210,182,4420
2009,2293,2151,-284,4302
2166,2416,2291,-250,4582
2312,2067,2189,245,4379
2209,2338,2273,-129,4547
2123,2358,2240,-235,4481
2015,2507,2261,-492,4522
2457,2063,2260,394,4520
2224,2356,2290,-132,4580
2249,2011,2130,238,4260
2164,2434,2299,-270,4598
2095,2193,2144,-98,4288
2053,2205,2129,-152,4258
2255,2235,2245,20,4490
2173,2400,2286,-227,4573
2049,2328,2188,-279,4377
1767,2455,2111,-688,4222
2203,2365,2284,-162,4568
2176,2359,2267,-183,4535
2240,2223,2231,17,4463
1982,2324,2153,-342,4306
2237,2209,2223,28,4446
2066,2198,2132,-132,4264
2429,2049,2239,380,4478
1895,2347,2121,-452,4242
1898,2460,2179,-562,4358
2220,2134,2177,86,4354
2395,2060,2227,335,4455
2286,2255,2270,31,4541
2232,2037,2134,195,4269
2421,2159,2290,262,4580
2039,2248,2143,-209,4287
2153,2294,2223,-141,4447
2269,2058,2163,211,4327
2430,2126,2278,304,4556
2342,2259,2300,83,4601
2070,2156,2113,-86,4226
2272,2153,2212,119,4425
2355,2092,2223,263,4447
2132,2264,2198,-132,4396
2376,1871,2123,505,4247
2257,2145,2201,112,4402
2053,2340,2196,-287,4393
2138,2335,2236,-197,4473
2257,2308,2282,-51,4565
2224,2026,2125,198,4250
2254,2325,2289,-71,4579
2114,2113,2113,1,4227
2195,2094,2144,101,4289
2024,2189,2106,-165,4213
2480,1931,2205,549,4411
2269,2023,2146,246,4292
2393,2171,2282,222,4564
2098,2135,2116,-37,4233
2418,2180,2299,238,4598
2364,1880,2122,484,4244
2441,1967,2204,474,4408
2277,2273,2275,4,4550
2246,2261,2253,-15,4507
2342,2204,2273,138,4546
2321,2274,2297,47,4595
2369,2207,2288,162,4576
2192,2386,2289,-194,4578
2241,2031,2136,210,4272
2273,2032,2152,241,4305
2246,2325,2285,-79,4571
2251,2212,2231,39,4463
2261,1961,2111,300,4222
2302,2014,2158,288,4316
2068,2208,2138,-140,4276
2306,2229,2267,77,4535
1976,2273,2124,-297,4249
2100,2224,2162,-124,4324
2251,2059,2155,192,4310
2200,2139,2169,61,4339
2244,1984,2114,260,4228
2375,2139,2257,236,4514
2164,2395,2279,-231,4559
2110,2288,2199,-178,4398
2181,2351,2266,-170,4532
2380,2199,2289,181,4579
2451,2108,2279,343,4559
2378,2177,2277,201,4555
2069,2345,2207,-276,4414
2135,2258,2196,-123,4393
2121,2207,2164,-86,4328
2355,2166,2260,189,4521
2344,2101,2222,243,4445
2162,2271,2216,-109,4433
2154,2108,2131,46,4262
2385,2148,2266,237,4533
2239,2094,2166,145,4333
1987,2321,2154,-334,4308
1973,2248,2110,-275,4221
2284,1969,2126,315,4253
2390,2076,2233,314,4466
2254,2074,2164,180,4328
2308,2131,2219,177,4439
2207,2095,2151,112,4302
2157,2050,2103,107,4207
2460,2139,2299,321,4599
2051,2380,2215,-329,4431
2221,2336,2278,-115,4557
2299,2207,2253,92,4506
2194,2339,2266,-145,4533
2275,2098,2186,177,4373
2111,2301,2206,-190,4412
2330,2206,2268,124,4536
2194,2068,2131,126,4262
2333,2138,2235,195,4471
2009,2437,2223,-428,4446
2305,2270,2287,35,4575
2199,2395,2297,-196,4594
2208,2384,2296,-176,4592
2316,1929,2122,387,4245
2012,2313,2162,-301,4325
2174,2368,2271,-194,4542
2327,2105,2216,222,4432
2286,2314,2300,-28,4600
2137,2288,2212,-151,4425
2107,2155,2131,-48,4262
2036,2425,2230,-389,4461
2025,2416,2220,-391,4441
2046,2245,2145,-199,4291
2275,2319,2297,-44,4594
2296,2185,2240,111,4481
2159,2329,2244,-170,4488
2125,2256,2190,-131,4381
2305,2143,2224,162,4448
2270,2031,2150,239,4301
2021,2287,2154,-266,4308
2056,2240,2148,-184,4296
2253,2292,2272,-39,4545
2076,2324,2200,-248,4400
2208,2328,2268,-120,4536
2229,2078,2153,151,4307
2349,2167,2258,182,4516
2064,2239,2151,-175,4303
2309,2290,2299,19,4599
2294,2104,2199,190,4398
2053,2236,2144,-183,4289
2083,2449,2266,-366,4532
2173,2138,2155,35,4311
2375,2204,2289,171,4579
2343,2014,2178,329,4357
2010,2523,2266,-513,4533
2210,2078,2144,132,4288
2389,2150,2269,239,4539
2086,2359,2222,-273,4445
2305,2248,2276,57,4553
2049,2285,2167,-236,4334
2178,2032,2105,146,4210
2241,2054,2147,187,4295
2299,2055,2177,244,4354
2281,2174,2227,107,4455
2253,2137,2195,116,4390
2402,2062,2232,340,4464
2347,2107,2227,240,4454
2371,1845,2108,526,4216
2277,2286,2281,-9,4563
2365,1909,2137,456,4274
2378,1952,2165,426,4330
2412,2063,2237,349,4475
2001,2530,2265,-529,4531
2247,2166,2206,81,4413
2226,1997,2111,229,4223
2168,2148,2158,20,4316
2084,2281,2182,-197,4365
2227,2306,2266,-79,4533
2338,2112,2225,226,4450
2065,2204,2134,-139,4269
2118,2287,2202,-169,4405
2239,2003,2121,236,4242
2109,2331,2220,-222,4440
2150,2115,2132,35,4265
2094,2423,2258,-329,4517
1999,2258,2128,-259,4257
2026,2196,2111,-170,4222
2242,2137,2189,105,4379
2385,2109,2247,276,4494
2202,2285,2243,-83,4487
2347,2095,2221,252,4442
2262,2046,2154,216,4308
1999,2254,2126,-255,4253
2116,2225,2170,-109,4341
2299,2136,2217,163,4435
2120,2145,2132,-25,4265
2019,2399,2209,-380,4418
2002,2201,2101,-199,4203
2159,2191,2175,-32,4350
2008,2223,2115,-215,4231
2250,2209,2229,41,4459
2448,2007,2227,441,4455
2095,2368,2231,-273,4463
2090,2188,2139,-98,4278
2289,1994,2141,295,4283
2266,2188,2227,78,4454
2274,2166,2220,108,4440
2187,2062,2124,125,4249
2167,2360,2263,-193,4527
2305,2138,2221,167,4443
2159,2418,2288,-259,4577
2265,2151,2208,114,4416
2481,1945,2213,536,4426
2050,2235,2142,-185,4285
2115,2267,2191,-152,4382
2192,2101,2146,91,4293
2234,2181,2207,53,4415
2310,2091,2200,219,4401
2111,2342,2226,-231,4453
2185,2415,2300,-230,4600
2183,2019,2101,164,4202
2379,2205,2292,174,4584
2196,2261,2228,-65,4457
2413,2112,2262,301,4525
2282,2272,2277,10,4554
2214,2178,2196,36,4392
2171,2126,2148,45,4297
2009,2253,2131,-244,4262
2235,2297,2266,-62,4532
2303,2124,2213,179,4427
2105,2103,2104,2,4208
2310,2088,2199,222,4398
2069,2193,2131,-124,4262
2065,2198,2131,-133,4263
2503,2070,2286,433,4573
2556,2042,2299,514,4598
2236,2111,2173,125,4347
2002,2288,2145,-286,4290
2209,2381,2295,-172,4590
2157,2396,2276,-239,4553
2094,2292,2193,-198,4386
1985,2222,2103,-237,4207
2225,2184,2204,41,4409
2063,2143,2103,-80,4206
2199,2293,2246,-94,4492
2164,2212,2188,-48,4376
2286,2274,2280,12,4560
2189,2086,2137,103,4275
2203,2094,2148,109,4297
2017,2222,2119,-205,4239
2547,1813,2180,734,4360
2245,2274,2259,-29,4519
2486,1738,2112,748,4224
2082,2343,2212,-261,4425
2330,2157,2243,173,4487
2102,2379,2240,-277,4481
2451,2148,2299,303,4599
2211,1999,2105,212,4210
2345,2133,2239,212,4478
2336,2015,2175,321,4351
2304,2263,2283,41,4567
2377,2060,2218,317,4437
2348,2078,2213,270,4426
2204,2069,2136,135,4273
2445,2149,2297,296,4594
2368,2078,2223,290,4446
2200,2288,2244,-88,4488
2521,2067,2294,454,4588
2254,2153,2203,101,4407
2107,2238,2172,-131,4345
1996,2473,2234,-477,4469
2171,2250,2210,-79,4421
2353,2076,2214,277,4429
2480,1957,2218,523,4437
2126,2158,2142,-32,4284
2093,2161,2127,-68,4254
2366,2196,2281,170,4562
2062,2364,2213,-302,4426
2255,2254,2254,1,4509
2220,1993,2106,227,4213
2304,2237,2270,67,4541
2304,2049,2176,255,4353
2350,2111,2230,239,4461
1851,2521,2186,-670,4372
2356,2186,2271,170,4542
2247,2287,2267,-40,4534
2225,2282,2253,-57,4507
2102,2107,2104,-5,4209
2482,2076,2279,406,4558
2331,2011,2171,320,4342
2072,2271,2171,-199,4343
2074,2184,2129,-110,4258
2046,2405,2225,-359,4451
2280,2300,2290,-20,4580
2191,2161,2176,30,4352
2232,2316,2274,-84,4548
2144,2256,2200,-112,4400
1995,2307,2151,-312,4302
2399,2178,2288,221,4577
2219,2193,2206,26,4412
2108,2237,2172,-129,4345
2027,2488,2257,-461,4515
2179,2413,2296,-234,4592
1993,2512,2252,-519,4505
2151,2391,2271,-240,4542
2257,2180,2218,77,4437
2281,2100,2190,181,4381
2168,2266,2217,-98,4434
2266,2047,2156,219,4313
2256,2212,2234,44,4468
2125,2331,2228,-206,4456
2397,2183,2290,214,4580
2159,2104,2131,55,4263
2234,2308,2271,-74,4542
2170,2046,2108,124,4216
2414,2083,2248,331,4497
2256,2012,2134,244,4268
2090,2228,2159,-138,4318
2236,2086,2161,150,4322
2259,2067,2163,192,4326
2214,2291,2252,-77,4505
1954,2421,2187,-467,4375
2258,2340,2299,-82,4598
2275,2147,2211,128,4422
2105,2299,2202,-194,4404
2138,2200,2169,-62,4338
2157,2168,2162,-11,4325
2270,2203,2236,67,4473
2066,2278,2172,-212,4344
1929,2341,2135,-412,4270
2230,2205,2217,25,4435
2043,2438,2240,-395,4481
2258,2190,2224,68,4448
2181,2403,2292,-222,4584
1995,2417,2206,-422,4412
2161,2260,2210,-99,4421
2199,2304,2251,-105,4503
2067,2203,2135,-136,4270
2305,2231,2268,74,4536
2159,2308,2233,-149,4467
2135,2089,2112,46,4224
2257,2045,2151,212,4302
2105,2114,2109,-9,4219
2141,2423,2282,-282,4564
2273,1975,2124,298,4248
2329,2222,2275,107,4551
2011,2230,2120,-219,4241
2062,2318,2190,-256,4380
2114,2337,2225,-223,4451
2205,2391,2298,-186,4596
2170,2071,2120,99,4241
2075,2218,2146,-143,4293
2095,2269,2182,-174,4364
2193,2188,2190,5,4381
2086,2243,2164,-157,4329
2228,2308,2268,-80,4536
2070,2422,2246,-352,4492
2331,2215,2273,116,4546
2122,2296,2209,-174,4418
2227,2021,2124,206,4248
2445,1899,2172,546,4344
2298,2184,2241,114,4482
2094,2163,2128,-69,4257
2000,2331,2165,-331,4331
2163,2312,2237,-149,4475
2109,2204,2156,-95,4313
2178,2362,2270,-184,4540
1876,2428,2152,-552,4304
2262,2200,2231,62,4462
2283,2004,2143,279,4287
2360,1987,2173,373,4347
2196,2299,2247,-103,4495
2228,2151,2189,77,4379
2279,2237,2258,42,4516
2220,2303,2261,-83,4523
1997,2246,2121,-249,4243
2031,2238,2134,-207,4269
2178,2376,2277,-198,4554
2106,2391,2248,-285,4497
2207,2369,2288,-162,4576
2257,2223,2240,34,4480
1985,2268,2126,-283,4253
2158,2100,2129,58,4258
2403,2125,2264,278,4528
2042,2395,2218,-353,4437
1949,2360,2154,-411,4309
2250,2250,2250,0,4500
2296,2291,2293,5,4587
2393,2069,2231,324,4462
2328,2184,2256,144,4512
2231,1976,2103,255,4207
2129,2465,2297,-336,4594
2071,2323,2197,-252,4394
2103,2337,2220,-234,4440
2237,2328,2282,-91,4565
2115,2446,2280,-331,4561
2258,2263,2260,-5,4521
2080,2213,2146,-133,4293
2041,2471,2256,-430,4512
2250,2078,2164,172,4328
2280,2093,2186,187,4373
2110,2337,2223,-227,4447
2283,2288,2285,-5,4571
2190,2179,2184,11,4369
2258,2031,2144,227,4289
2026,2354,2190,-328,4380
2240,2282,2261,-42,4522
2264,2042,2153,222,4306
2211,2227,2219,-16,4438
2128,2423,2275,-295,4551
2056,2147,2101,-91,4203
2295,2203,2249,92,4498
2263,2150,2206,113,4413
2404,2066,2235,338,4470
2288,2227,2257,61,4515
2271,2119,2195,152,4390
2286,2022,2154,264,4308
2203,2130,2166,73,4333
2073,2151,2112,-78,4224
2462,2106,2284,356,4568
1952,2279,2115,-327,4231
2244,2121,2182,123,4365
2151,2218,2184,-67,4369
2251,2286,2268,-35,4537
2149,2403,2276,-254,4552
2382,2055,2218,327,4437
2281,2309,2295,-28,4590
2333,2215,2274,118,4548
2010,2362,2186,-352,4372
2144,2221,2182,-77,4365
2238,2356,2297,-118,4594
2023,2255,2139,-232,4278
2047,2326,2186,-279,4373
2184,2327,2255,-143,4511
2081,2339,2210,-258,4420
2389,1870,2129,519,4259
2401,1808,2104,593,4209
2290,2233,2261,57,4523
2048,2515,2281,-467,4563
2324,2199,2261,125,4523
2378,2170,2274,208,4548
2053,2278,2165,-225,4331
2133,2217,2175,-84,4350
2097,2137,2117,-40,4234
2335,1930,2132,405,4265
2034,2235,2134,-201,4269
2268,2274,2271,-6,4542
1990,2256,2123,-266,4246
2214,2378,2296,-164,4592
2030,2224,2127,-194,4254
2428,2069,2248,359,4497
2285,2246,2265,39,4531
2377,2071,2224,306,4448
2042,2213,2127,-171,4255
2227,2322,2274,-95,4549
2000,2294,2147,-294,4294
2211,2218,2214,-7,4429
2313,2217,2265,96,4530
2081,2272,2176,-191,4353
2180,2419,2299,-239,4599
2156,2401,2278,-245,4557
2170,2083,2126,87,4253
2001,2281,2141,-280,4282
2307,1909,2108,398,4216
2282,1977,2129,305,4259
2362,2039,2200,323,4401
2342,2245,2293,97,4587
2381,2103,2242,278,4484
2263,2011,2137,252,4274
2249,2113,2181,136,4362
2349,2154,2251,195,4503
2391,2187,2289,204,4578
2205,2320,2262,-115,4525
2169,2237,2203,-68,4406
2389,2017,2203,372,4406
2214,2080,2147,134,4294
1982,2330,2156,-348,4312
2344,1988,2166,356,4332
2056,2267,2161,-211,4323
2108,2331,2219,-223,4439
2253,2137,2195,116,4390
2397,2190,2293,207,4587
2316,2074,2195,242,4390
2222,2099,2160,123,4321
2373,2136,2254,237,4509
2066,2254,2160,-188,4320
2089,2323,2206,-234,4412
2187,2307,2247,-120,4494
2201,2307,2254,-106,4508
2276,2065,2170,211,4341
2248,2141,2194,107,4389
2177,2166,2171,11,4343
2422,2125,2273,297,4547
2162,2365,2263,-203,4527
2233,2087,2160,146,4320
2288,2248,2268,40,4536
2253,2120,2186,133,4373
2332,2166,2249,166,4498
2420,2128,2274,292,4548
2101,2416,2258,-315,4517
2119,2107,2113,12,4226
2067,2313,2190,-246,4380
2198,2058,2128,140,4256
2168,2310,2239,-142,4478
2212,2290,2251,-78,4502
1956,2589,2272,-633,4545
2228,2316,2272,-88,4544
2154,2243,2198,-89,4397
2372,2204,2288,168,4576
2501,2069,2285,432,4570
2284,2112,2198,172,4396
2132,2090,2111,42,4222
2446,2154,2300,292,4600
2439,1952,2195,487,4391
2053,2453,2253,-400,4506
2244,2078,2161,166,4322
2054,2367,2210,-313,4421
2350,2020,2185,330,4370
2193,2325,2259,-132,4518
2179,2307,2243,-128,4486
2092,2211,2151,-119,4303
2382,2175,2278,207,4557
2396,2127,2261,269,4523
2280,2215,2247,65,4495
2155,2442,2298,-287,4597
2015,2191,2103,-176,4206
2187,2290,2238,-103,4477
2019,2217,2118,-198,4236
2149,2165,2157,-16,4314
2123,2356,2239,-233,4479
2194,2008,2101,186,4202
2096,2321,2208,-225,4417
2071,2297,2184,-226,4368
2287,2148,2217,139,4435
2336,2235,2285,101,4571
2246,2036,2141,210,4282
2412,2100,2256,312,4512
2195,2199,2197,-4,4394
2244,2063,2153,181,4307
2111,2243,2177,-132,4354
2339,2127,2233,212,4466
2345,2139,2242,206,4484
2404,2170,2287,234,4574
2235,2027,2131,208,4262
2109,2274,2191,-165,4383
2171,2186,2178,-15,4357
2002,2262,2132,-260,4264
2211,2281,2246,-70,4492
2042,2273,2157,-231,4315
2148,2401,2274,-253,4549
2156,2380,2268,-224,4536
2089,2346,2217,-257,4435
2123,2234,2178,-111,4357
2337,2176,2256,161,4513
2203,2287,2245,-84,4490
2244,2080,2162,164,4324
2141,2246,2193,-105,4387
1959,2426,2192,-467,4385
2383,2008,2195,375,4391
2266,2101,2183,165,4367
2221,2292,2256,-71,4513
2281,2052,2166,229,4333
2351,2074,2212,277,4425
2022,2196,2109,-174,4218
1925,2422,2173,-497,4347
2192,2367,2279,-175,4559
2253,2347,2300,-94,4600
2186,2125,2155,61,4311
2445,2110,2277,335,4555
2200,2321,2260,-121,4521
2285,2072,2178,213,4357
2116,2356,2236,-240,4472
2203,2093,2148,110,4296
2300,2270,2285,30,4570
2025,2228,2126,-203,4253
2160,2325,2242,-165,4485
2216,2378,2297,-162,4594
2091,2441,2266,-350,4532
2270,2114,2192,156,4384
2059,2218,2138,-159,4277
2396,1978,2187,418,4374
1769,2620,2194,-851,4389
2251,2086,2168,165,4337
2219,2163,2191,56,4382
2336,2205,2270,131,4541
2180,2075,2127,105,4255
2114,2194,2154,-80,4308
2098,2414,2256,-316,4512
2215,2227,2221,-12,4442
2255,2087,2171,168,4342
2240,2179,2209,61,4419
2152,2419,2285,-267,4571
2185,2092,2138,93,4277
2136,2320,2228,-184,4456
2093,2235,2164,-142,4328
2339,2006,2172,333,4345
2080,2285,2182,-205,4365
2211,2116,2163,95,4327
2290,2088,2189,202,4378
2036,2261,2148,-225,4297
2358,2048,2203,310,4406
2251,2235,2243,16,4486
2268,2122,2195,146,4390
2159,2236,2197,-77,4395
2026,2306,2166,-280,4332
2006,2356,2181,-350,4362
2321,2198,2259,123,4519
2137,2282,2209,-145,4419
2044,2348,2196,-304,4392
2278,2279,2278,-1,4557
2082,2173,2127,-91,4255
2255,2203,2229,52,4458
1878,2520,2199,-642,4398
2316,2075,2195,241,4391
1924,2398,2161,-474,4322
2287,2098,2192,189,4385
2021,2273,2147,-252,4294
2039,2326,2182,-287,4365
2120,2291,2205,-171,4411
2579,1939,2259,640,4518
2121,2282,2201,-161,4403
2063,2255,2159,-192,4318
2481,2085,2283,396,4566
2307,2161,2234,146,4468
2298,2023,2160,275,4321
1970,2517,2243,-547,4487
2335,1957,2146,378,4292
1967,2244,2105,-277,4211
2132,2413,2272,-281,4545
2646,1697,2171,949,4343
2242,2098,2170,144,4340
2299,2228,2263,71,4527
2361,2147,2254,214,4508
2259,2339,2299,-80,4598
2120,2209,2164,-89,4329
2267,2327,2297,-60,4594
2306,1950,2128,356,4256
2158,2411,2284,-253,4569
2201,2231,2216,-30,4432
2442,2121,2281,321,4563
2229,2358,2293,-129,4587
2223,2234,2228,-11,4457
2066,2264,2165,-198,4330
1982,2523,2252,-541,4505
1931,2334,2132,-403,4265
1975,2244,2109,-269,4219
2025,2181,2103,-156,4206
2051,2273,2162,-222,4324
2159,2078,2118,81,4237
2227,2114,2170,113,4341
2470,2045,2257,425,4515
2088,2328,2208,-240,4416
2462,1995,2228,467,4457
2300,2149,2224,151,4449
1981,2618,2299,-637,4599
2194,2388,2291,-194,4582
2145,2426,2285,-281,4571
2076,2199,2137,-123,4275
2183,2310,2246,-127,4493
1990,2349,2169,-359,4339
2087,2470,2278,-383,4557
2231,2310,2270,-79,4541
2329,2101,2215,228,4430
2471,2097,2284,374,4568
2169,2271,2220,-102,4440
2094,2284,2189,-190,4378
2233,2121,2177,112,4354
2177,2058,2117,119,4235
2310,2282,2296,28,4592
2036,2245,2140,-209,4281
2260,2340,2300,-80,4600
2262,2120,2191,142,4382
2117,2450,2283,-333,4567
2412,2010,2211,402,4422
2237,2166,2201,71,4403
2281,2142,2211,139,4423
2235,2227,2231,8,4462
2058,2232,2145,-174,4290
2307,2166,2236,141,4473
2227,2147,2187,80,4374
2277,2216,2246,61,4493
2056,2381,2218,-325,4437
2176,2214,2195,-38,4390
2243,2269,2256,-26,4512
2221,2047,2134,174,4268
2330,2069,2199,261,4399
2225,2263,2244,-38,4488
2220,2231,2225,-11,4451
2297,2154,2225,143,4451
2414,2164,2289,250,4578
2329,2261,2295,68,4590
2505,2031,2268,474,4536
2200,2373,2286,-173,4573
2399,1985,2192,414,4384
2344,2141,2242,203,4485
2243,2161,2202,82,4404
2166,2251,2208,-85,4417
2527,2019,2273,508,4546
2174,2297,2235,-123,4471
2202,2000,2101,202,4202
2311,2169,2240,142,4480
2052,2508,2280,-456,4560
2281,2290,2285,-9,4571
2341,2086,2213,255,4427
2017,2310,2163,-293,4327
2102,2385,2243,-283,4487
2060,2512,2286,-452,4572
1867,2566,2216,-699,4433
2272,2135,2203,137,4407
2207,2346,2276,-139,4553
2241,2281,2261,-40,4522
2394,2125,2259,269,4519
2258,2255,2256,3,4513
2020,2235,2127,-215,4255
2110,2168,2139,-58,4278
2502,1927,2214,575,4429
2434,2078,2256,356,4512
2058,2250,2154,-192,4308
2221,2379,2300,-158,4600
2343,1976,2159,367,4319
2165,2432,2298,-267,4597
2126,2158,2142,-32,4284
2166,2377,2271,-211,4543
2173,2373,2273,-200,4546
2354,2198,2276,156,4552
2015,2211,2113,-196,4226
2079,2213,2146,-134,4292
2022,2212,2117,-190,4234
2285,1971,2128,314,4256
2233,2108,2170,125,4341
2349,2210,2279,139,4559
2276,2139,2207,137,4415
2189,2177,2183,12,4366
2437,2077,2257,360,4514
2348,1890,2119,458,4238
2371,2167,2269,204,4538
2323,2278,2300,45,4601
2144,2289,2216,-145,4433
2247,2118,2182,129,4365
2356,2112,2234,244,4468
2230,2336,2283,-106,4566
2365,1978,2171,387,4343
2349,2157,2253,192,4506
2251,2322,2286,-71,4573
2187,2381,2284,-194,4568
2324,2191,2257,133,4515
2346,2030,2188,316,4376
2002,2341,2171,-339,4343
2324,2260,2292,64,4584
2138,2092,2115,46,4230
2271,2058,2164,213,4329
2135,2361,2248,-226,4496
1929,2330,2129,-401,4259
2185,2381,2283,-196,4566
2011,2309,2160,-298,4320
2114,2216,2165,-102,4330
2190,2054,2122,136,4244
2306,2289,2297,17,4595
2124,2260,2192,-136,4384
2251,1951,2101,300,4202
2072,2138,2105,-66,4210
2202,2225,2213,-23,4427
2176,2343,2259,-167,4519
2155,2277,2216,-122,4432
2263,2327,2295,-64,4590
2360,2039,2199,321,4399
2340,1877,2108,463,4217
2148,2220,2184,-72,4368
2468,2054,2261,414,4522
2394,2181,2287,213,4575
2211,2082,2146,129,4293
1823,2401,2112,-578,4224
2234,2013,2123,221,4247
2062,2450,2256,-388,4512
2367,2109,2238,258,4476
2256,2097,2176,159,4353
2095,2123,2109,-28,4218
2193,2238,2215,-45,4431
2329,1947,2138,382,4276
2205,2011,2108,194,4216
2363,1917,2140,446,4280
2283,2191,2237,92,4474
1982,2250,2116,-268,4232
2137,2458,2297,-321,4595
2046,2390,2218,-344,4436
2096,2427,2261,-331,4523
2069,2236,2152,-167,4305
2254,2245,2249,9,4499
2034,2439,2236,-405,4473
1913,2289,2101,-376,4202
2350,2161,2255,189,4511
2069,2169,2119,-100,4238
2087,2260,2173,-173,4347
2242,2299,2270,-57,4541
2417,2163,2290,254,4580
2534,2053,2293,481,4587
1981,2262,2121,-281,4243
2059,2324,2191,-265,4383
2240,2024,2132,216,4264
2249,2045,2147,204,4294
2116,2190,2153,-74,4306
2269,2119,2194,150,4388
2059,2203,2131,-144,4262
2127,2222,2174,-95,4349
2050,2166,2108,-116,4216
2259,2276,2267,-17,4535
2448,1954,2201,494,4402
2204,2078,2141,126,4282
2284,1988,2136,296,4272
2209,2005,2107,204,4214
2190,2029,2109,161,4219
2132,2339,2235,-207,4471
2250,2331,2290,-81,4581
2094,2293,2193,-199,4387
2184,2229,2206,-45,4413
2096,2354,2225,-258,4450
2087,2172,2129,-85,4259
2326,1994,2160,332,4320
2370,2193,2281,177,4563
2120,2317,2218,-197,4437
2315,2051,2183,264,4366
2033,2423,2228,-390,4456
2266,1999,2132,267,4265
2263,2337,2300,-74,4600
2154,2292,2223,-138,4446
2208,2362,2285,-154,4570
2079,2348,2213,-269,4427
2158,2318,2238,-160,4476
2072,2383,2227,-311,4455
2356,2154,2255,202,4510
2254,2145,2199,109,4399
2409,2129,2269,280,4538
2162,2394,2278,-232,4556
2151,2084,2117,67,4235
2268,2005,2136,263,4273
2445,2130,2287,315,4575
2015,2333,2174,-318,4348
2475,2118,2296,357,4593
2249,2000,2124,249,4249
2379,2166,2272,213,4545
2299,2254,2276,45,4553
1995,2368,2181,-373,4363
2135,2214,2174,-79,4349
2115,2087,2101,28,4202
1972,2458,2215,-486,4430
2058,2524,2291,-466,4582
2256,2129,2192,127,4385
2034,2265,2149,-231,4299
2304,2117,2210,187,4421
2342,1973,2157,369,4315
1948,2574,2261,-626,4522
2254,2086,2170,168,4340
2319,2163,2241,156,4482
2058,2213,2135,-155,4271
2220,2097,2158,123,4317
2099,2269,2184,-170,4368
2200,2101,2150,99,4301
2279,2224,2251,55,4503
2209,2069,2139,140,4278
2256,2330,2293,-74,4586
1969,2484,2226,-515,4453
2441,2158,2299,283,4599
2228,2156,2192,72,4384
2242,2238,2240,4,4480
2067,2457,2262,-390,4524
2414,2133,2273,281,4547
2244,2179,2211,65,4423
2237,2238,2237,-1,4475
2129,2348,2238,-219,4477
2305,2177,2241,128,4482
2436,2132,2284,304,4568
2182,2142,2162,40,4324
2098,2138,2118,-40,4236
2229,2294,2261,-65,4523
2344,2257,2300,87,4601
2310,1984,2147,326,4294
2436,2014,2225,422,4450
2139,2232,2185,-93,4371
1965,2403,2184,-438,4368
2013,2246,2129,-233,4259
2260,2317,2288,-57,4577
2129,2229,2179,-100,4358
2060,2262,2161,-202,4322
2442,1995,2218,447,4437
2004,2343,2173,-339,4347
2219,2014,2116,205,4233
2182,2258,2220,-76,4440
2253,1969,2111,284,4222
2146,2325,2235,-179,4471
2323,1923,2123,400,4246
2018,2212,2115,-194,4230
2207,2206,2206,1,4413
2420,2164,2292,256,4584
2363,2083,2223,280,4446
2441,2054,2247,387,4495
2239,2177,2208,62,4416
2050,2450,2250,-400,4500
2165,2419,2292,-254,4584
1940,2291,2115,-351,4231
2323,1994,2158,329,4317
2233,2011,2122,222,4244
2303,2216,2259,87,4519
2455,1899,2177,556,4354
2276,2068,2172,208,4344
1983,2447,2215,-464,4430
2140,2461,2300,-321,4601
2350,2069,2209,281,4419
2202,2256,2229,-54,4458
2248,2123,2185,125,4371
2264,2294,2279,-30,4558
2186,2023,2104,163,4209
2333,2153,2243,180,4486
2266,2300,2283,-34,4566
2056,2317,2186,-261,4373
2203,2141,2172,62,4344
2127,2137,2132,-10,4264
2311,2031,2171,280,4342
2141,2227,2184,-86,4368
2162,2329,2245,-167,4491
2072,2307,2189,-235,4379
2290,2086,2188,204,4376
2466,2087,2276,379,4553
2361,2237,2299,124,4598
2345,2143,2244,202,4488
2206,2166,2186,40,4372
1945,2297,2121,-352,4242
2186,2282,2234,-96,4468
2303,2029,2166,274,4332
2038,2475,2256,-437,4513
2399,2153,2276,246,4552
2121,2088,2104,33,4209
1981,2247,2114,-266,4228
2441,1957,2199,484,4398
2095,2430,2262,-335,4525
2306,2276,2291,30,4582
2284,1982,2133,302,4266
2139,2262,2200,-123,4401
2423,2136,2279,287,4559
2119,2221,2170,-102,4340
2385,2017,2201,368,4402
2061,2289,2175,-228,4350
2311,2152,2231,159,4463
2375,2068,2221,307,4443
2311,2024,2167,287,4335
2089,2245,2167,-156,4334
2264,2037,2150,227,4301
2220,2344,2282,-124,4564
2201,2313,2257,-112,4514
2411,2113,2262,298,4524
2236,2352,2294,-116,4588
2254,2341,2297,-87,4595
2272,2194,2233,78,4466
2242,2346,2294,-104,4588
2311,1925,2118,386,4236
2290,2204,2247,86,4494
2210,2251,2230,-41,4461
2060,2261,2160,-201,4321
2310,2083,2196,227,4393
2181,2157,2169,24,4338
2063,2294,2178,-231,4357
2205,2151,2178,54,4356
2437,2034,2235,403,4471
2433,2025,2229,408,4458
2154,2097,2125,57,4251
2220,2054,2137,166,4274
2363,2209,2286,154,4572
2084,2219,2151,-135,4303
2290,2239,2264,51,4529
2356,2097,2226,259,4453
2302,2151,2226,151,4453
2359,2237,2298,122,4596
2375,2186,2280,189,4561
1969,2305,2137,-336,4274
2008,2515,2261,-507,4523
2275,2044,2159,231,4319
2218,2299,2258,-81,4517
2121,2324,2222,-203,4445
2246,1991,2118,255,4237
2360,2209,2284,151,4569
2403,2002,2202,401,4405
2301,2130,2215,171,4431
2144,2290,2217,-146,4434
2183,2223,2203,-40,4406
2157,2356,2256,-199,4513
2155,2257,2206,-102,4412
2275,2143,2209,132,4418
2056,2192,2124,-136,4248
2365,2147,2256,218,4512
2367,1892,2129,475,4259
2177,2178,2177,-1,4355
2074,2168,2121,-94,4242
1952,2274,2113,-322,4226
2236,2281,2258,-45,4517
2411,2152,2281,259,4563
2013,2201,2107,-188,4214
2376,2204,2290,172,4580
2077,2162,2119,-85,4239
2292,2106,2199,186,4398
2111,2282,2196,-171,4393
2323,2077,2200,246,4400
1994,2440,2217,-446,4434
2158,2272,2215,-114,4430
2181,2263,2222,-82,4444
2342,2078,2210,264,4420
2055,2406,2230,-351,4461
2039,2269,2154,-230,4308
2261,2246,2253,15,4507
1991,2280,2135,-289,4271
2141,2430,2285,-289,4571
2338,2243,2290,95,4581
2348,2088,2218,260,4436
2457,2049,2253,408,4506
2230,2368,2299,-138,4598
2240,2300,2270,-60,4540
2316,2025,2170,291,4341
2153,2365,2259,-212,4518
2147,2062,2104,85,4209
2263,2136,2199,127,4399
1878,2337,2107,-459,4215
2088,2331,2209,-243,4419
2116,2289,2202,-173,4405
2180,2133,2156,47,4313
2208,2036,2122,172,4244
2308,2020,2164,288,4328
2203,2139,2171,64,4342
2254,2008,2131,246,4262
2221,2031,2126,190,4252
2187,2030,2108,157,4217
2102,2290,2196,-188,4392
2019,2227,2123,-208,4246
2186,2083,2134,103,4269
2416,2119,2267,297,4535
2016,2240,2128,-224,4256
1922,2443,2182,-521,4365
2127,2191,2159,-64,4318
2319,2173,2246,146,4492
2117,2154,2135,-37,4271
1962,2392,2177,-430,4354
2180,2117,2148,63,4297
2164,2392,2278,-228,4556
1982,2239,2110,-257,4221
2385,2035,2210,350,4420
2030,2454,2242,-424,4484
2067,2260,2163,-193,4327
2322,2276,2299,46,4598
2025,2185,2105,-160,4210
2319,2222,2270,97,4541
2216,2127,2171,89,4343
2293,2160,2226,133,4453
2246,2110,2178,136,4356
2098,2350,2224,-252,4448
2358,2090,2224,268,4448
2011,2197,2104,-186,4208
2192,2090,2141,102,4282
2140,2339,2239,-199,4479
2116,2180,2148,-64,4296
2363,2226,2294,137,4589
2205,2308,2256,-103,4513
2271,2051,2161,220,4322
2149,2450,2299,-301,4599
2187,2361,2274,-174,4548
2309,2043,2176,266,4352
2351,2027,2189,324,4378
2262,1990,2126,272,4252
2238,2315,2276,-77,4553
2272,2061,2166,211,4333
2154,2310,2232,-156,4464
2153,2163,2158,-10,4316
1957,2287,2122,-330,4244
2367,2060,2213,307,4427
2105,2146,2125,-41,4251
2070,2278,2174,-208,4348
2098,2280,2189,-182,4378
2132,2320,2226,-188,4452
2232,2218,2225,14,4450
2283,2197,2240,86,4480
2221,2089,2155,132,4310
2354,1878,2116,476,4232
2380,2155,2267,225,4535
1955,2438,2196,-483,4393
2124,2337,2230,-213,4461
2053,2403,2228,-350,4456
2025,2430,2227,-405,4455
2382,2206,2294,176,4588
2158,2325,2241,-167,4483
2381,1953,2167,428,4334
2303,2216,2259,87,4519
1990,2506,2248,-516,4496
2196,2314,2255,-118,4510
2280,2281,2280,-1,4561
2182,2415,2298,-233,4597
2079,2368,2223,-289,4447
2274,2195,2234,79,4469
1976,2283,2129,-307,4259
2310,2180,2245,130,4490
2189,2307,2248,-118,4496
2081,2307,2194,-226,4388
2213,2068,2140,145,4281
2302,2163,2232,139,4465
2447,2040,2243,407,4487
2283,2310,2296,-27,4593
1942,2299,2120,-357,4241
2147,2108,2127,39,4255
2421,2029,2225,392,4450
2091,2178,2134,-87,4269
2251,2173,2212,78,4424
2276,2112,2194,164,4388
2243,2331,2287,-88,4574
2275,2172,2223,103,4447
2220,2023,2121,197,4243
2392,2098,2245,294,4490
2109,2431,2270,-322,4540
2190,2355,2272,-165,4545
2044,2347,2195,-303,4391
2109,2331,2220,-222,4440
2334,2170,2252,164,4504
2051,2380,2215,-329,4431
1794,2659,2226,-865,4453
2248,2039,2143,209,4287
2293,2242,2267,51,4535
2125,2079,2102,46,4204
2228,2195,2211,33,4423
2220,2273,2246,-53,4493
2150,2268,2209,-118,4418
2378,1997,2187,381,4375
2289,2176,2232,113,4465
2127,2183,2155,-56,4310
2310,2107,2208,203,4417
2263,2048,2155,215,4311
2283,2086,2184,197,4369
1995,2306,2150,-311,4301
2007,2288,2147,-281,4295
2517,2059,2288,458,4576
2020,2316,2168,-296,4336
2317,2160,2238,157,4477
2426,2164,2295,262,4590
2219,2182,2200,37,4401
2293,2159,2226,134,4452
2438,2067,2252,371,4505
2371,2195,2283,176,4566
2242,2037,2139,205,4279
2011,2237,2124,-226,4248
2312,2038,2175,274,4350
2071,2217,2144,-146,4288
2318,2255,2286,63,4573
2131,2438,2284,-307,4569
2220,2379,2299,-159,4599
2013,2203,2108,-190,4216
1967,2255,2111,-288,4222
1958,2462,2210,-504,4420
1994,2431,2212,-437,4425
2339,2098,2218,241,4437
2340,2210,2275,130,4550
2367,2126,2246,241,4493
2044,2510,2277,-466,4554
2206,2133,2169,73,4339
2169,2424,2296,-255,4593
2204,2147,2175,57,4351
2150,2339,2244,-189,4489
2169,2361,2265,-192,4530
2246,2091,2168,155,4337
2378,2145,2261,233,4523
2037,2324,2180,-287,4361
2450,2141,2295,309,4591
2202,2260,2231,-58,4462
2160,2331,2245,-171,4491
2257,2031,2144,226,4288
2267,2193,2230,74,4460
2209,2352,2280,-143,4561
2336,2126,2231,210,4462
2071,2483,2277,-412,4554
2001,2376,2188,-375,4377
2677,1841,2259,836,4518
2377,2060,2218,317,4437
2084,2209,2146,-125,4293
2107,2129,2118,-22,4236
2301,2195,2248,106,4496
1915,2316,2115,-401,4231
1959,2251,2105,-292,4210
2177,2420,2298,-243,4597
2266,2260,2263,6,4526
2279,2270,2274,9,4549
2237,2181,2209,56,4418
2110,2164,2137,-54,4274
2208,2040,2124,168,4248
2533,1937,2235,596,4470
2061,2352,2206,-291,4413
2365,2004,2184,361,4369
2155,2056,2105,99,4211
2269,2172,2220,97,4441
2230,2113,2171,117,4343
2456,1938,2197,518,4394
2197,2147,2172,50,4344
2205,2077,2141,128,4282
2240,2158,2199,82,4398
2170,2269,2219,-99,4439
2146,2324,2235,-178,4470
2340,2101,2220,239,4441
1954,2308,2131,-354,4262
2152,2148,2150,4,4300
2018,2255,2136,-237,4273
2358,2212,2285,146,4570
2055,2203,2129,-148,4258
2380,2099,2239,281,4479
2363,2227,2295,136,4590
2023,2237,2130,-214,4260
2296,2118,2207,178,4414
2246,2303,2274,-57,4549
2345,1989,2167,356,4334
2029,2309,2169,-280,4338
2169,2125,2147,44,4294
2024,2335,2179,-311,4359
2401,2177,2289,224,4578
2267,2004,2135,263,4271
2354,2236,2295,118,4590
2084,2375,2229,-291,4459
2453,2019,2236,434,4472
2176,2417,2296,-241,4593
2225,2285,2255,-60,4510
2290,2016,2153,274,4306
2045,2372,2208,-327,4417
2104,2370,2237,-266,4474
2335,2201,2268,134,4536
2421,2162,2291,259,4583
2204,2024,2114,180,4228
2223,2367,2295,-144,4590
2085,2502,2293,-417,4587
2319,2077,2198,242,4396
2129,2231,2180,-102,4360
2226,2006,2116,220,4232
2066,2383,2224,-317,4449
2001,2248,2124,-247,4249
2133,2211,2172,-78,4344
2383,2209,2296,174,4592
2145,2202,2173,-57,4347
2512,2008,2260,504,4520
2065,2478,2271,-413,4543
2178,2326,2252,-148,4504
2235,2093,2164,142,4328
2072,2390,2231,-318,4462
2396,2201,2298,195,4597
2080,2246,2163,-166,4326
2522,1981,2251,541,4503
1984,2396,2190,-412,4380
1891,2383,2137,-492,4274
2295,2087,2191,208,4382
2002,2328,2165,-326,4330
2138,2347,2242,-209,4485
2057,2147,2102,-90,4204
2177,2211,2194,-34,4388
2285,2256,2270,29,4541
2379,2191,2285,188,4570
2443,2066,2254,377,4509
2446,2096,2271,350,4542
2146,2165,2155,-19,4311
2137,2377,2257,-240,4514
2157,2327,2242,-170,4484
2459,1802,2130,657,4261
2406,1830,2118,576,4236
2440,1961,2200,479,4401
2320,2254,2287,66,4574
2245,2115,2180,130,4360
2176,2356,2266,-180,4532
2245,2152,2198,93,4397
2355,2088,2221,267,4443
2362,1896,2129,466,4258
2145,2221,2183,-76,4366
1914,2375,2144,-461,4289
2296,2051,2173,245,4347
2277,2297,2287,-20,4574
2246,2351,2298,-105,4597
2270,1952,2111,318,4222
2357,2082,2219,275,4439
2096,2224,2160,-128,4320
2140,2333,2236,-193,4473
2367,2141,2254,226,4508
1970,2530,2250,-560,4500
2471,1892,2181,579,4363
2186,2078,2132,108,4264
2275,2242,2258,33,4517
2222,2028,2125,194,4250
1948,2361,2154,-413,4309
1952,2385,2168,-433,4337
2202,2167,2184,35,4369
2289,2253,2271,36,4542
2154,2310,2232,-156,4464
2138,2069,2103,69,4207
2069,2425,2247,-356,4494
2173,2128,2150,45,4301
2151,2297,2224,-146,4448
2285,2291,2288,-6,4576
1921,2317,2119,-396,4238
2487,2104,2295,383,4591
1792,2670,2231,-878,4462
2043,2223,2133,-180,4266
2118,2378,2248,-260,4496
2203,2191,2197,12,4394
2314,2260,2287,54,4574
2290,2262,2276,28,4552
2219,2029,2124,190,4248
2469,1946,2207,523,4415
2156,2395,2275,-239,4551
2303,2087,2195,216,4390
2372,2189,2280,183,4561
1984,2237,2110,-253,4221
2175,2264,2219,-89,4439
2016,2336,2176,-320,4352
2078,2396,2237,-318,4474
2393,2180,2286,213,4573
2398,2153,2275,245,4551
2088,2244,2166,-156,4332
2331,2189,2260,142,4520
2154,2380,2267,-226,4534
2283,2008,2145,275,4291
2225,2277,2251,-52,4502
2332,1963,2147,369,4295
2366,2123,2244,243,4489
2328,2069,2198,259,4397
2250,2252,2251,-2,4502
2418,2175,2296,243,4593
2097,2246,2171,-149,4343
2256,2146,2201,110,4402
2020,2444,2232,-424,4464
2062,2317,2189,-255,4379
2129,2437,2283,-308,4566
2247,2225,2236,22,4472
2206,2359,2282,-153,4565
2313,2081,2197,232,4394
2051,2350,2200,-299,4401
2508,1808,2158,700,4316
2254,2248,2251,6,4502
2179,2337,2258,-158,4516
2191,2064,2127,127,4255
2237,2044,2140,193,4281
2366,2036,2201,330,4402
1763,2599,2181,-836,4362
2229,2027,2128,202,4256
2172,2216,2194,-44,4388
2051,2358,2204,-307,4409
2211,2225,2218,-14,4436
1978,2448,2213,-470,4426
2220,2109,2164,111,4329
2283,1981,2132,302,4264
2200,2351,2275,-151,4551
2115,2282,2198,-167,4397
1963,2494,2228,-531,4457
2178,2061,2119,117,4239
2057,2182,2119,-125,4239
2385,2171,2278,214,4556
2175,2325,2250,-150,4500
2157,2113,2135,44,4270
2352,2141,2246,211,4493
2375,2171,2273,204,4546
2249,2047,2148,202,4296
2413,1933,2173,480,4346
2360,2111,2235,249,4471
2126,2230,2178,-104,4356
2447,2151,2299,296,4598
2418,2062,2240,356,4480
2337,2221,2279,116,4558
1863,2470,2166,-607,4333
2287,2048,2167,239,4335
2221,2260,2240,-39,4481
2191,2269,2230,-78,4460
1973,2262,2117,-289,4235
2399,2062,2230,337,4461
2277,1997,2137,280,4274
2244,2341,2292,-97,4585
2346,2177,2261,169,4523
2040,2484,2262,-444,4524
2194,2318,2256,-124,4512
2205,2361,2283,-156,4566
2276,2078,2177,198,4354
2259,1975,2117,284,4234
2046,2259,2152,-213,4305
2382,2094,2238,288,4476
1953,2321,2137,-368,4274
2029,2300,2164,-271,4329
2321,2111,2216,210,4432
2267,2083,2175,184,4350
2310,2069,2189,241,4379
2156,2211,2183,-55,4367
2437,2095,2266,342,4532
2054,2366,2210,-312,4420
2281,1973,2127,308,4254
2268,2162,2215,106,4430
2260,2304,2282,-44,4564
2210,2138,2174,72,4348
2255,2344,2299,-89,4599
2559,1922,2240,637,4481
2199,2335,2267,-136,4534
2007,2268,2137,-261,4275
2265,2263,2264,2,4528
2123,2391,2257,-268,4514
2089,2271,2180,-182,4360
2135,2213,2174,-78,4348
2051,2315,2183,-264,4366
2444,1849,2146,595,4293
2210,2227,2218,-17,4437
2335,1929,2132,406,4264
2103,2109,2106,-6,4212
1935,2510,2222,-575,4445
2264,2319,2291,-55,4583
2059,2226,2142,-167,4285
2321,2245,2283,76,4566
2324,2121,2222,203,4445
2211,2290,2250,-79,4501
2377,2192,2284,185,4569
2100,2412,2256,-312,4512
2240,2221,2230,19,4461
2288,2085,2186,203,4373
2291,2308,2299,-17,4599
2152,2390,2271,-238,4542
2303,2042,2172,261,4345
2062,2261,2161,-199,4323
2368,2211,2289,157,4579
2053,2238,2145,-185,4291
1864,2372,2118,-508,4236
2306,2293,2299,13,4599
2296,2053,2174,243,4349
2311,2205,2258,106,4516
2240,2112,2176,128,4352
2160,2431,2295,-271,4591
2253,2067,2160,186,4320
2115,2484,2299,-369,4599
2477,1987,2232,490,4464
2243,2205,2224,38,4448
2282,1946,2114,336,4228
2199,2325,2262,-126,4524
2205,2005,2105,200,4210
2414,2186,2300,228,4600
2413,2175,2294,238,4588
2157,2403,2280,-246,4560
2053,2205,2129,-152,4258
1978,2230,2104,-252,4208
2311,2086,2198,225,4397
2150,2068,2109,82,4218
2340,2048,2194,292,4388
2212,2075,2143,137,4287
2362,1895,2128,467,4257
2474,2101,2287,373,4575
2357,2034,2195,323,4391
1962,2321,2141,-359,4283
2287,2148,2217,139,4435
2157,2396,2276,-239,4553
2088,2283,2185,-195,4371
1906,2329,2117,-423,4235
2027,2274,2150,-247,4301
2205,2218,2211,-13,4423
2304,2189,2246,115,4493
2178,2058,2118,120,4236
2298,2196,2247,102,4494
2364,2026,2195,338,4390
1955,2255,2105,-300,4210
2210,2250,2230,-40,4460
2373,2151,2262,222,4524
2545,2011,2278,534,4556
2491,2002,2246,489,4493
2126,2320,2223,-194,4446
1973,2404,2188,-431,4377
2317,2141,2229,176,4458
1910,2418,2164,-508,4328
2328,1981,2154,347,4309
2241,2266,2253,-25,4507
2134,2192,2163,-58,4326
2116,2295,2205,-179,4411
2369,2147,2258,222,4516
1932,2422,2177,-490,4354
2337,1947,2142,390,4284
2205,2157,2181,48,4362
2244,1960,2102,284,4204
2164,2376,2270,-212,4540
2079,2286,2182,-207,4365
2407,2040,2223,367,4447
2331,2142,2236,189,4473
2240,1967,2103,273,4207
2164,2369,2266,-205,4533
2176,2300,2238,-124,4476
1972,2267,2119,-295,4239
2264,2106,2185,158,4370
2099,2224,2161,-125,4323
2240,2239,2239,1,4479
2261,2251,2256,10,4512
2263,2278,2270,-15,4541
1991,2359,2175,-368,4350
2433,1933,2183,500,4366
2417,2085,2251,332,4502
2174,2379,2276,-205,4553
2369,2121,2245,248,4490
2198,2357,2277,-159,4555
2086,2500,2293,-414,4586
1991,2501,2246,-510,4492
2282,2181,2231,101,4463
2364,2022,2193,342,4386
2379,1942,2160,437,4321
2191,2410,2300,-219,4601
2065,2340,2202,-275,4405
2153,2180,2166,-27,4333
2313,2274,2293,39,4587
2176,2028,2102,148,4204
2101,2151,2126,-50,4252
2168,2064,2116,104,4232
2306,2190,2248,116,4496
1990,2368,2179,-378,4358
2189,2225,2207,-36,4414
2231,2334,2282,-103,4565
2259,2163,2211,96,4422
2230,2164,2197,66,4394
2183,2026,2104,157,4209
2230,2235,2232,-5,4465
2005,2268,2136,-263,4273
2259,2139,2199,120,4398
2186,2154,2170,32,4340
2476,2124,2300,352,4600
2236,2067,2151,169,4303
2322,2140,2231,182,4462
2290,2103,2196,187,4393
2030,2190,2110,-160,4220
2121,2310,2215,-189,4431
2501,2017,2259,484,4518
2328,1973,2150,355,4301
2175,2242,2208,-67,4417
2302,2238,2270,64,4540
2359,2160,2259,199,4519
2112,2420,2266,-308,4532
2366,2222,2294,144,4588
2079,2189,2134,-110,4268
2149,2216,2182,-67,4365
2322,2243,2282,79,4565
2382,2210,2296,172,4592
2329,2083,2206,246,4412
2145,2454,2299,-309,4599
2057,2267,2162,-210,4324
2209,2279,2244,-70,4488
2070,2515,2292,-445,4585
2276,2157,2216,119,4433
2244,2285,2264,-41,4529
1872,2341,2106,-469,4213
2392,2064,2228,328,4456
2426,1958,2192,468,4384
2375,2072,2223,303,4447
2555,2001,2278,554,4556
1995,2287,2141,-292,4282
2227,2371,2299,-144,4598
2250,2126,2188,124,4376
2186,2319,2252,-133,4505
2094,2245,2169,-151,4339
2144,2214,2179,-70,4358
2189,2041,2115,148,4230
2194,2068,2131,126,4262
2285,2022,2153,263,4307
2174,2081,2127,93,4255
2267,2080,2173,187,4347
2232,2118,2175,114,4350
2311,2093,2202,218,4404
2117,2369,2243,-252,4486
1968,2313,2140,-345,4281
2250,2272,2261,-22,4522
2229,2211,2220,18,4440
2214,2379,2296,-165,4593
2051,2254,2152,-203,4305
2371,2112,2241,259,4483
2471,2034,2252,437,4505
2324,2056,2190,268,4380
2152,2342,2247,-190,4494
2337,1985,2161,352,4322
2079,2262,2170,-183,4341
2414,2151,2282,263,4565
2290,2267,2278,23,4557
2025,2192,2108,-167,4217
1965,2349,2157,-384,4314
2435,1964,2199,471,4399
2417,2104,2260,313,4521
1944,2303,2123,-359,4247
2393,1999,2196,394,4392
2472,2053,2262,419,4525
2091,2153,2122,-62,4244
2277,2218,2247,59,4495
2248,2095,2171,153,4343
2076,2337,2206,-261,4413
2218,2323,2270,-105,4541
2374,2177,2275,197,4551
2170,2173,2171,-3,4343
1993,2406,2199,-413,4399
2161,2106,2133,55,4267
2128,2249,2188,-121,4377
2090,2274,2182,-184,4364
2033,2291,2162,-258,4324
2281,2302,2291,-21,4583
2052,2226,2139,-174,4278
2278,2123,2200,155,4401
2148,2256,2202,-108,4404
2201,2003,2102,198,4204
2460,2107,2283,353,4567
2242,2083,2162,159,4325
1932,2359,2145,-427,4291
2074,2430,2252,-356,4504
2265,2124,2194,141,4389
1912,2345,2128,-433,4257
2265,2217,2241,48,4482
2272,2194,2233,78,4466
2311,2079,2195,232,4390
2263,2262,2262,1,4525
2139,2215,2177,-76,4354
2062,2394,2228,-332,4456
2162,2113,2137,49,4275
2222,2148,2185,74,4370
2509,1792,2150,717,4301
2017,2188,2102,-171,4205
2275,2149,2212,126,4424
2092,2501,2296,-409,4593
2282,2164,2223,118,4446
2257,1985,2121,272,4242
2325,2191,2258,134,4516
2240,2037,2138,203,4277
2162,2093,2127,69,4255
2254,2223,2238,31,4477
2046,2398,2222,-352,4444
2472,2026,2249,446,4498
2362,2085,2223,277,4447
1992,2403,2197,-411,4395
2082,2353,2217,-271,4435
1819,2385,2102,-566,4204
2180,2155,2167,25,4335
2206,2358,2282,-152,4564
2364,2064,2214,300,4428
2326,2171,2248,155,4497
1951,2310,2130,-359,4261
2249,1968,2108,281,4217
1904,2458,2181,-554,4362
2107,2206,2156,-99,4313
2138,2314,2226,-176,4452
2181,2357,2269,-176,4538
2003,2209,2106,-206,4212
2352,1990,2171,362,4342
2421,2090,2255,331,4511
2049,2206,2127,-157,4255
2392,1997,2194,395,4389
2396,2171,2283,225,4567
1954,2324,2139,-370,4278
2377,2178,2277,199,4555
2259,2184,2221,75,4443
2243,2140,2191,103,4383
2331,2069,2200,262,4400
2027,2270,2148,-243,4297
2304,1935,2119,369,4239
2293,2292,2292,1,4585
2253,2303,2278,-50,4556
2149,2260,2204,-111,4409
2023,2270,2146,-247,4293
2371,2032,2201,339,4403
2286,2103,2194,183,4389
2241,2358,2299,-117,4599
2236,2337,2286,-101,4573
2254,2001,2127,253,4255
2217,2363,2290,-146,4580
2053,2325,2189,-272,4378
2249,2171,2210,78,4420
2201,2155,2178,46,4356
2338,2259,2298,79,4597
2059,2185,2122,-126,4244
2016,2430,2223,-414,4446
2031,2254,2142,-223,4285
1958,2388,2173,-430,4346
1856,2411,2133,-555,4267
2340,2216,2278,124,4556
2202,2255,2228,-53,4457
2197,2371,2284,-174,4568
2221,2047,2134,174,4268
1961,2322,2141,-361,4283
1940,2285,2112,-345,4225
2230,2128,2179,102,4358
2348,2122,2235,226,4470
2431,2147,2289,284,4578
2204,2245,2224,-41,4449
1920,2473,2196,-553,4393
2256,2003,2129,253,4259
2218,2089,2153,129,4307
2188,2314,2251,-126,4502
2242,2052,2147,190,4294
2167,2086,2126,81,4253
2143,2229,2186,-86,4372
2051,2261,2156,-210,4312
1981,2426,2203,-445,4407
1958,2319,2138,-361,4277
2380,2069,2224,311,4449
2242,2226,2234,16,4468
2300,2117,2208,183,4417
2340,2025,2182,315,4365
2238,2063,2150,175,4301
2195,2368,2281,-173,4563
2256,2226,2241,30,4482
2443,2009,2226,434,4452
1951,2371,2161,-420,4322
2388,2175,2281,213,4563
2060,2331,2195,-271,4391
2282,2232,2257,50,4514
2116,2239,2177,-123,4355
2100,2230,2165,-130,4330
2150,2449,2299,-299,4599
2177,2205,2191,-28,4382
2423,2097,2260,326,4520
2206,2361,2283,-155,4567
2025,2418,2221,-393,4443
2272,2117,2194,155,4389
2371,2197,2284,174,4568
2253,2284,2268,-31,4537
1957,2530,2243,-573,4487
2187,2281,2234,-94,4468
2237,2086,2161,151,4323
2420,2054,2237,366,4474
2315,2017,2166,298,4332
2241,2263,2252,-22,4504
2217,2009,2113,208,4226
2261,2236,2248,25,4497
2312,2231,2271,81,4543
2009,2202,2105,-193,4211
2328,2204,2266,124,4532
2484,1874,2179,610,4358
2179,2266,2222,-87,4445
2011,2319,2165,-308,4330
2425,2081,2253,344,4506
2243,1978,2110,265,4221
2107,2380,2243,-273,4487
2447,2132,2289,315,4579
2170,2061,2115,109,4231
2359,1918,2138,441,4277
1819,2432,2125,-613,4251
2299,1969,2134,330,4268
2102,2428,2265,-326,4530
2484,2091,2287,393,4575
2232,2135,2183,97,4367
2300,2199,2249,101,4499
2293,1927,2110,366,4220
1981,2262,2121,-281,4243
2317,2184,2250,133,4501
1929,2334,2131,-405,4263
2185,2048,2116,137,4233
2144,2340,2242,-196,4484
2198,2322,2260,-124,4520
2298,2200,2249,98,4498
2159,2064,2111,95,4223
2129,2299,2214,-170,4428
2545,1957,2251,588,4502
2077,2244,2160,-167,4321
2140,2167,2153,-27,4307
2347,1970,2158,377,4317
2272,2229,2250,43,4501
2113,2227,2170,-114,4340
2290,2013,2151,277,4303
2425,2132,2278,293,4557
2333,2193,2263,140,4526
2116,2166,2141,-50,4282
2385,2174,2279,211,4559
2208,2043,2125,165,4251
1920,2487,2203,-567,4407
2203,2314,2258,-111,4517
2407,2133,2270,274,4540
2345,2180,2262,165,4525
2425,2081,2253,344,4506
2252,2099,2175,153,4351
2272,2204,2238,68,4476
2176,2038,2107,138,4214
2025,2216,2120,-191,4241
2027,2324,2175,-297,4351
2296,2282,2289,14,4578
1929,2348,2138,-419,4277
2361,2149,2255,212,4510
1832,2502,2167,-670,4334
2577,1866,2221,711,4443
2416,2065,2240,351,4481
2045,2428,2236,-383,4473
2330,2162,2246,168,4492
2033,2368,2200,-335,4401
2357,2217,2287,140,4574
2340,1945,2142,395,4285
2167,2354,2260,-187,4521
2004,2407,2205,-403,4411
2061,2430,2245,-369,4491
2102,2289,2195,-187,4391
2218,2275,2246,-57,4493
2095,2170,2132,-75,4265
2071,2136,2103,-65,4207
2100,2314,2207,-214,4414
2456,2098,2277,358,4554
2239,2063,2151,176,4302
2386,2003,2194,383,4389
2284,2306,2295,-22,4590
2198,2337,2267,-139,4535
2289,1951,2120,338,4240
2301,2203,2252,98,4504
2313,2266,2289,47,4579
2150,2360,2255,-210,4510
2198,2317,2257,-119,4515
2482,1986,2234,496,4468
2123,2363,2243,-240,4486
2250,2160,2205,90,4410
2107,2449,2278,-342,4556
2134,2312,2223,-178,4446
2170,2388,2279,-218,4558
2393,1999,2196,394,4392
2002,2217,2109,-215,4219
2021,2297,2159,-276,4318
2708,1800,2254,908,4508
1977,2386,2181,-409,4363
2153,2230,2191,-77,4383
2102,2342,2222,-240,4444
2408,2161,2284,247,4569
2382,2194,2288,188,4576
2267,2223,2245,44,4490
2406,2120,2263,286,4526
2172,2089,2130,83,4261
2200,2389,2294,-189,4589
2214,2001,2107,213,4215
1985,2383,2184,-398,4368
2303,2185,2244,118,4488
2128,2386,2257,-258,4514
2120,2103,2111,17,4223
2421,2136,2278,285,4557
2302,1959,2130,343,4261
2151,2104,2127,47,4255
2500,1933,2216,567,4433
2333,2132,2232,201,4465
2163,2322,2242,-159,4485
2024,2254,2139,-230,4278
2000,2536,2268,-536,4536
2430,2021,2225,409,4451
2423,2140,2281,283,4563
2217,2063,2140,154,4280
2342,1985,2163,357,4327
2263,1995,2129,268,4258
2123,2147,2135,-24,4270
2074,2255,2164,-181,4329
2308,2199,2253,109,4507
2042,2442,2242,-400,4484
2462,1978,2220,484,4440
2209,2120,2164,89,4329
2348,2242,2295,106,4590
2131,2126,2128,5,4257
2161,2410,2285,-249,4571
2431,2055,2243,376,4486
2211,2305,2258,-94,4516
2064,2259,2161,-195,4323
2277,2005,2141,272,4282
2159,2338,2248,-179,4497
2167,2387,2277,-220,4554
2230,2320,2275,-90,4550
2311,2079,2195,232,4390
2275,2034,2154,241,4309
2250,2119,2184,131,4369
2209,2316,2262,-107,4525
2367,2092,2229,275,4459
2316,2009,2162,307,4325
2151,2235,2193,-84,4386
2262,2223,2242,39,4485
2261,2143,2202,118,4404
2138,2250,2194,-112,4388
2160,2262,2211,-102,4422
2228,2266,2247,-38,4494
2375,2141,2258,234,4516
2402,2095,2248,307,4497
2196,2385,2290,-189,4581
2238,2350,2294,-112,4588
2062,2180,2121,-118,4242
2221,2306,2263,-85,4527
1988,2229,2108,-241,4217
2390,2092,2241,298,4482
2265,2135,2200,130,4400
2249,2248,2248,1,4497
2241,2029,2135,212,4270
2082,2237,2159,-155,4319
2252,2215,2233,37,4467
2293,2205,2249,88,4498
2200,2037,2118,163,4237
2085,2502,2293,-417,4587
2078,2436,2257,-358,4514
2147,2385,2266,-238,4532
2278,2144,2211,134,4422
2237,2231,2234,6,4468
2302,2245,2273,57,4547
2158,2228,2193,-70,4386
2178,2412,2295,-234,4590
2068,2161,2114,-93,4229
2074,2235,2154,-161,4309
2332,2136,2234,196,4468
1999,2239,2119,-240,4238
2092,2345,2218,-253,4437
2309,2102,2205,207,4411
2405,1977,2191,428,4382
2341,2178,2259,163,4519
2071,2308,2189,-237,4379
2212,2185,2198,27,4397
2121,2307,2214,-186,4428
2331,2115,2223,216,4446
2305,2213,2259,92,4518
2387,2030,2208,357,4417
2403,2059,2231,344,4462
2274,2228,2251,46,4502
2058,2235,2146,-177,4293
2337,2255,2296,82,4592
2285,2063,2174,222,4348
2133,2090,2111,43,4223
2234,2298,2266,-64,4532
2206,2085,2145,121,4291
2180,2261,2220,-81,4441
2342,2008,2175,334,4350
2553,1805,2179,748,4358
2211,2120,2165,91,4331
1976,2454,2215,-478,4430
2187,2244,2215,-57,4431
2330,2197,2263,133,4527
2347,2052,2199,295,4399
2129,2074,2101,55,4203
2285,2259,2272,26,4544
2145,2104,2124,41,4249
2258,2210,2234,48,4468
2092,2292,2192,-200,4384
2200,2042,2121,158,4242
2364,2125,2244,239,4489
1952,2479,2215,-527,4431
2157,2439,2298,-282,4596
2114,2312,2213,-198,4426
2431,2029,2230,402,4460
2298,2137,2217,161,4435
2338,2185,2261,153,4523
2211,2306,2258,-95,4517
2194,2131,2162,63,4325
2368,2153,2260,215,4521
2261,2132,2196,129,4393
1974,2384,2179,-410,4358
2016,2335,2175,-319,4351
2188,2170,2179,18,4358
2306,2064,2185,242,4370
2232,2166,2199,66,4398
2222,2185,2203,37,4407
2124,2229,2176,-105,4353
2058,2361,2209,-303,4419
2013,2311,2162,-298,4324
2366,2024,2195,342,4390
2296,2296,2296,0,4592
2342,2054,2198,288,4396
1887,2509,2198,-622,4396
2194,2157,2175,37,4351
2107,2113,2110,-6,4220
2254,2275,2264,-21,4529
2170,2032,2101,138,4202
2275,2275,2275,0,4550
2049,2229,2139,-180,4278
2061,2354,2207,-293,4415
2164,2134,2149,30,4298
2152,2301,2226,-149,4453
2303,2181,2242,122,4484
2309,2256,2282,53,4565
2420,1951,2185,469,4371
2176,2133,2154,43,4309
2368,2213,2290,155,4581
1970,2360,2165,-390,4330
2093,2208,2150,-115,4301
2138,2250,2194,-112,4388
2133,2300,2216,-167,4433
2298,2082,2190,216,4380
2301,2161,2231,140,4462
2266,2238,2252,28,4504
2319,2166,2242,153,4485
2428,2053,2240,375,4481
2289,1980,2134,309,4269
2100,2459,2279,-359,4559
2062,2211,2136,-149,4273
1991,2499,2245,-508,4490
2029,2302,2165,-273,4331
2069,2402,2235,-333,4471
2344,2183,2263,161,4527
2293,2157,2225,136,4450
2336,1871,2103,465,4207
2259,2027,2143,232,4286
2246,2224,2235,22,4470
2242,2157,2199,85,4399
2078,2478,2278,-400,4556
2234,2081,2157,153,4315
2041,2275,2158,-234,4316
2131,2141,2136,-10,4272
2132,2333,2232,-201,4465
2416,2119,2267,297,4535
2188,2243,2215,-55,4431
2250,2152,2201,98,4402
2170,2327,2248,-157,4497
2252,2053,2152,199,4305
2362,2182,2272,180,4544
2192,2245,2218,-53,4437
2209,2094,2151,115,4303
2369,2054,2211,315,4423
2106,2295,2200,-189,4401
2061,2243,2152,-182,4304
2134,2255,2194,-121,4389
1972,2447,2209,-475,4419
2354,2237,2295,117,4591
2127,2107,2117,20,4234
2307,2167,2237,140,4474
2033,2270,2151,-237,4303
2145,2303,2224,-158,4448
1892,2410,2151,-518,4302
2170,2250,2210,-80,4420
1858,2408,2133,-550,4266
1909,2445,2177,-536,4354
2042,2390,2216,-348,4432
2289,2273,2281,16,4562
2270,1970,2120,300,4240
2184,2388,2286,-204,4572
2353,2157,2255,196,4510
2113,2386,2249,-273,4499
2221,2340,2280,-119,4561
2235,2278,2256,-43,4513
2517,2035,2276,482,4552
2122,2438,2280,-316,4560
2484,1906,2195,578,4390
1996,2219,2107,-223,4215
2330,2044,2187,286,4374
2486,2037,2261,449,4523
2374,1899,2136,475,4273
2206,2342,2274,-136,4548
2200,2278,2239,-78,4478
2165,2170,2167,-5,4335
2495,1836,2165,659,4331
2178,2351,2264,-173,4529
2023,2298,2160,-275,4321
2050,2368,2209,-318,4418
2120,2087,2103,33,4207
1989,2270,2129,-281,4259
2306,2207,2256,99,4513
2065,2271,2168,-206,4336
2043,2306,2174,-263,4349
2257,2137,2197,120,4394
2121,2409,2265,-288,4530
2178,2350,2264,-172,4528
2101,2224,2162,-123,4325
2073,2139,2106,-66,4212
2202,2106,2154,96,4308
2264,2146,2205,118,4410
2063,2371,2217,-308,4434
2168,2251,2209,-83,4419
2204,2003,2103,201,4207
2265,2138,2201,127,4403
2222,2079,2150,143,4301
2088,2215,2151,-127,4303
2318,2247,2282,71,4565
2222,2033,2127,189,4255
2215,2361,2288,-146,4576
2237,2250,2243,-13,4487
2292,2197,2244,95,4489
2292,2195,2243,97,4487
2036,2240,2138,-204,4276
2244,2115,2179,129,4359
2137,2361,2249,-224,4498
2154,2308,2231,-154,4462
2322,2121,2221,201,4443
2321,2148,2234,173,4469
2270,2240,2255,30,4510
2388,2104,2246,284,4492
2008,2304,2156,-296,4312
1939,2338,2138,-399,4277
2212,2184,2198,28,4396
2449,2053,2251,396,4502
2464,2129,2296,335,4593
2346,2076,2211,270,4422
2338,2153,2245,185,4491
2131,2351,2241,-220,4482
2318,2008,2163,310,4326
2123,2358,2240,-235,4481
2067,2311,2189,-244,4378
1892,2310,2101,-418,4202
2251,2307,2279,-56,4558
2405,2025,2215,380,4430
2521,2037,2279,484,4558
2224,2204,2214,20,4428
2536,1881,2208,655,4417
2146,2322,2234,-176,4468
2328,2098,2213,230,4426
2117,2266,2191,-149,4383
2140,2360,2250,-220,4500
2141,2282,2211,-141,4423
2604,1684,2144,920,4288
2161,2284,2222,-123,4445
2163,2424,2293,-261,4587
2123,2341,2232,-218,4464
2330,2204,2267,126,4534
2029,2189,2109,-160,4218
2133,2328,2230,-195,4461
2393,2182,2287,211,4575
2294,2067,2180,227,4361
2338,2242,2290,96,4580
1927,2448,2187,-521,4375
2113,2296,2204,-183,4409
2233,2344,2288,-111,4577
2166,2383,2274,-217,4549
2185,2152,2168,33,4337
2084,2306,2195,-222,4390
2456,2135,2295,321,4591
2087,2369,2228,-282,4456
2289,1992,2140,297,4281
2136,2188,2162,-52,4324
2051,2418,2234,-367,4469
2172,2416,2294,-244,4588
2527,2043,2285,484,4570
2104,2365,2234,-261,4469
2269,2263,2266,6,4532
1967,2284,2125,-317,4251
2111,2113,2112,-2,4224
2224,2081,2152,143,4305
2178,2259,2218,-81,4437
2025,2196,2110,-171,4221
2068,2206,2137,-138,4274
2238,2030,2134,208,4268
2038,2237,2137,-199,4275
2246,2076,2161,170,4322
2051,2403,2227,-352,4454
2099,2278,2188,-179,4377
2050,2450,2250,-400,4500
2383,2078,2230,305,4461
2118,2348,2233,-230,4466
2343,2034,2188,309,4377
2284,2138,2211,146,4422
2399,2189,2294,210,4588
2327,2209,2268,118,4536
2211,2255,2233,-44,4466
2147,2293,2220,-146,4440
1795,2459,2127,-664,4254
2192,2253,2222,-61,4445
2401,2168,2284,233,4569
2305,1920,2112,385,4225
2132,2287,2209,-155,4419
2268,2154,2211,114,4422
2092,2334,2213,-242,4426
2040,2184,2112,-144,4224
2160,2375,2267,-215,4535
2071,2350,2210,-279,4421
1919,2352,2135,-433,4271
2241,2023,2132,218,4264
2389,2160,2274,229,4549
2462,2117,2289,345,4579
2342,2116,2229,226,4458
2295,2027,2161,268,4322
2206,2114,2160,92,4320
2045,2460,2252,-415,4505
2098,2245,2171,-147,4343
2097,2261,2179,-164,4358
2112,2093,2102,19,4205
2210,2343,2276,-133,4553
2024,2250,2137,-226,4274
2308,2250,2279,58,4558
2078,2361,2219,-283,4439
2223,2371,2297,-148,4594
2228,2212,2220,16,4440
2282,2166,2224,116,4448
2320,1942,2131,378,4262
2058,2198,2128,-140,4256
2189,2261,2225,-72,4450
2204,2334,2269,-130,4538
1946,2350,2148,-404,4296
2130,2110,2120,20,4240
2061,2260,2160,-199,4321
2118,2228,2173,-110,4346
2262,2237,2249,25,4499
2295,2153,2224,142,4448
2244,2095,2169,149,4339
2250,2076,2163,174,4326
2140,2271,2205,-131,4411
2029,2214,2121,-185,4243
1861,2477,2169,-616,4338
2282,2106,2194,176,4388
2085,2228,2156,-143,4313
2018,2517,2267,-499,4535
2343,2039,2191,304,4382
2073,2218,2145,-145,4291
2157,2177,2167,-20,4334
2218,2091,2154,127,4309
2318,2153,2235,165,4471
2268,1961,2114,307,4229
2108,2244,2176,-136,4352
2231,2037,2134,194,4268
1932,2452,2192,-520,4384
2353,2160,2256,193,4513
2590,1946,2268,644,4536
2172,2383,2277,-211,4555
2370,2106,2238,264,4476
2285,2001,2143,284,4286
2259,2233,2246,26,4492
2292,2039,2165,253,4331
2247,2301,2274,-54,4548
2186,2236,2211,-50,4422
2113,2458,2285,-345,4571
2109,2417,2263,-308,4526
2243,2262,2252,-19,4505
2203,2104,2153,99,4307
2142,2269,2205,-127,4411
2004,2278,2141,-274,4282
2135,2168,2151,-33,4303
2117,2102,2109,15,4219
2164,2372,2268,-208,4536
2472,2076,2274,396,4548
2407,2144,2275,263,4551
2199,2260,2229,-61,4459
2391,2034,2212,357,4425
2167,2106,2136,61,4273
2246,1981,2113,265,4227
2202,2171,2186,31,4373
2142,2210,2176,-68,4352
2058,2309,2183,-251,4367
2427,2164,2295,263,4591
2279,2112,2195,167,4391
2238,2302,2270,-64,4540
2208,2342,2275,-134,4550
2060,2466,2263,-406,4526
1961,2399,2180,-438,4360
2441,1851,2146,590,4292
2068,2298,2183,-230,4366
2085,2202,2143,-117,4287
2106,2440,2273,-334,4546
2511,1947,2229,564,4458
2441,2085,2263,356,4526
2140,2301,2220,-161,4441
2270,2234,2252,36,4504
2163,2168,2165,-5,4331
2115,2322,2218,-207,4437
2252,2100,2176,152,4352
2217,2053,2135,164,4270
2108,2357,2232,-249,4465
2075,2377,2226,-302,4452
2119,2289,2204,-170,4408
2278,2094,2186,184,4372
2254,2079,2166,175,4333
2022,2326,2174,-304,4348
2343,2217,2280,126,4560
2065,2224,2144,-159,4289
2353,2092,2222,261,4445
2155,2274,2214,-119,4429
2072,2373,2222,-301,4445
2397,1986,2191,411,4383
2188,2029,2108,159,4217
2223,2316,2269,-93,4539
2274,2059,2166,215,4333
2407,2114,2260,293,4521
1936,2338,2137,-402,4274
1971,2245,2108,-274,4216
2261,2117,2189,144,4378
2168,2133,2150,35,4301
2063,2311,2187,-248,4374
2040,2231,2135,-191,4271
2225,2114,2169,111,4339
2239,2027,2133,212,4266
2245,2006,2125,239,4251
2255,2252,2253,3,4507
2295,2291,2293,4,4586
2377,2012,2194,365,4389
2245,2305,2275,-60,4550
2426,2018,2222,408,4444
2164,2257,2210,-93,4421
2189,2070,2129,119,4259
2198,2101,2149,97,4299
2318,2101,2209,217,4419
2148,2102,2125,46,4250
1998,2210,2104,-212,4208
2168,2245,2206,-77,4413
2317,2065,2191,252,4382
2413,2006,2209,407,4419
2204,2079,2141,125,4283
2024,2409,2216,-385,4433
2303,2087,2195,216,4390
2299,2276,2287,23,4575
2463,1817,2140,646,4280
1985,2231,2108,-246,4216
2081,2512,2296,-431,4593
2259,2114,2186,145,4373
2262,2198,2230,64,4460
2060,2362,2211,-302,4422
2080,2240,2160,-160,4320
2355,2235,2295,120,4590
2166,2248,2207,-82,4414
2402,2139,2270,263,4541
2654,1726,2190,928,4380
2437,2055,2246,382,4492
2202,2110,2156,92,4312
2198,2401,2299,-203,4599
2328,2161,2244,167,4489
2382,2108,2245,274,4490
2173,2300,2236,-127,4473
1978,2292,2135,-314,4270
2143,2152,2147,-9,4295
2297,2227,2262,70,4524
2205,2331,2268,-126,4536
2409,1961,2185,448,4370
2244,2183,2213,61,4427
2269,2278,2273,-9,4547
2209,2255,2232,-46,4464
2082,2247,2164,-165,4329
2285,2129,2207,156,4414
2434,2018,2226,416,4452
2313,2110,2211,203,4423
2418,2089,2253,329,4507
2337,2042,2189,295,4379
2319,2007,2163,312,4326
2143,2179,2161,-36,4322
2456,2042,2249,414,4498
2227,2074,2150,153,4301
2234,2294,2264,-60,4528
2374,2157,2265,217,4531
2051,2320,2185,-269,4371
2381,2187,2284,194,4568
2211,2057,2134,154,4268
2067,2268,2167,-201,4335
2225,2118,2171,107,4343
2472,2080,2276,392,4552
2312,2263,2287,49,4575
2244,2066,2155,178,4310
2249,2130,2189,119,4379
2143,2301,2222,-158,4444
2116,2345,2230,-229,4461
2203,2364,2283,-161,4567
2055,2428,2241,-373,4483
2217,2161,2189,56,4378
2051,2272,2161,-221,4323
2006,2208,2107,-202,4214
2144,2327,2235,-183,4471
2204,2089,2146,115,4293
2190,2130,2160,60,4320
2053,2184,2118,-131,4237
2196,2037,2116,159,4233
2270,2038,2154,232,4308
2283,2059,2171,224,4342
2370,2001,2185,369,4371
2462,2100,2281,362,4562
2226,2373,2299,-147,4599
2066,2205,2135,-139,4271
2658,1887,2272,771,4545
2219,2070,2144,149,4289
2428,2130,2279,298,4558
2297,2244,2270,53,4541
2131,2415,2273,-284,4546
2250,2320,2285,-70,4570
2110,2099,2104,11,4209
2076,2205,2140,-129,4281
2082,2221,2151,-139,4303
2439,1896,2167,543,4335
2255,2073,2164,182,4328
2327,2093,2210,234,4420
2081,2182,2131,-101,4263
2223,2327,2275,-104,4550
2352,2127,2239,225,4479
2153,2385,2269,-232,4538
2226,2045,2135,181,4271
2441,2023,2232,418,4464
2219,2283,2251,-64,4502
1889,2362,2125,-473,4251
2132,2269,2200,-137,4401
2402,2041,2221,361,4443
2173,2164,2168,9,4337
2235,2075,2155,160,4310
2386,2207,2296,179,4593
1991,2463,2227,-472,4454
2132,2290,2211,-158,4422
2277,2010,2143,267,4287
2027,2324,2175,-297,4351
2193,2077,2135,116,4270
2210,2327,2268,-117,4537
1954,2592,2273,-638,4546
2048,2188,2118,-140,4236
2086,2427,2256,-341,4513
2178,2122,2150,56,4300
2316,2101,2208,215,4417
2070,2237,2153,-167,4307
2403,2192,2297,211,4595
2043,2187,2115,-144,4230
2244,2257,2250,-13,4501
2330,2211,2270,119,4541
2038,2288,2163,-250,4326
2417,2172,2294,245,4589
2201,2367,2284,-166,4568
2364,1889,2126,475,4253
2383,1939,2161,444,4322
2068,2333,2200,-265,4401
2165,2081,2123,84,4246
2338,1904,2121,434,4242
2061,2534,2297,-473,4595
2349,2226,2287,123,4575
2285,2193,2239,92,4478
1838,2422,2130,-584,4260
2318,1931,2124,387,4249
2053,2268,2160,-215,4321
2309,2086,2197,223,4395
2121,2291,2206,-170,4412
2286,2000,2143,286,4286
2183,2150,2166,33,4333
2204,2081,2142,123,4285
2013,2253,2133,-240,4266
2390,2180,2285,210,4570
2157,2118,2137,39,4275
2338,2041,2189,297,4379
2212,2373,2292,-161,4585
2097,2226,2161,-129,4323
2024,2192,2108,-168,4216
2236,2216,2226,20,4452
2392,2080,2236,312,4472
2333,2183,2258,150,4516
2082,2438,2260,-356,4520
2101,2196,2148,-95,4297
2052,2306,2179,-254,4358
2262,2130,2196,132,4392
2335,2237,2286,98,4572
2053,2270,2161,-217,4323
2138,2211,2174,-73,4349
2419,2111,2265,308,4530
2423,2065,2244,358,4488
2015,2350,2182,-335,4365
2242,2325,2283,-83,4567
2234,2354,2294,-120,4588
2290,1977,2133,313,4267
2493,2058,2275,435,4551
2236,2310,2273,-74,4546
2326,2265,2295,61,4591
2225,2328,2276,-103,4553
2109,2278,2193,-169,4387
2127,2405,2266,-278,4532
2423,2038,2230,385,4461
2318,1958,2138,360,4276
2319,2268,2293,51,4587
1984,2529,2256,-545,4513
2258,2073,2165,185,4331
2286,2069,2177,217,4355
2076,2288,2182,-212,4364
2348,2166,2257,182,4514
2271,2292,2281,-21,4563
2187,2192,2189,-5,4379
2240,2217,2228,23,4457
2288,2039,2163,249,4327
2213,2341,2277,-128,4554
2073,2261,2167,-188,4334
2359,2157,2258,202,4516
2310,2145,2227,165,4455
2100,2498,2299,-398,4598
2113,2381,2247,-268,4494
2297,2298,2297,-1,4595
2100,2302,2201,-202,4402
2482,1968,2225,514,4450
2182,2050,2116,132,4232
2294,2014,2154,280,4308
2276,1951,2113,325,4227
2119,2132,2125,-13,4251
2170,2316,2243,-146,4486
2076,2278,2177,-202,4354
2569,1878,2223,691,4447
2330,2223,2276,107,4553
2107,2459,2283,-352,4566
2383,2158,2270,225,4541
1916,2402,2159,-486,4318
2385,2013,2199,372,4398
2381,2125,2253,256,4506
2071,2463,2267,-392,4534
2271,2059,2165,212,4330
2074,2150,2112,-76,4224
2214,2174,2194,40,4388
2341,1913,2127,428,4254
2301,2096,2198,205,4397
2244,2288,2266,-44,4532
2039,2273,2156,-234,4312
2167,2050,2108,117,4217
2230,2243,2236,-13,4473
2052,2385,2218,-333,4437
1986,2459,2222,-473,4445
2213,2068,2140,145,4281
2116,2168,2142,-52,4284
2276,2274,2275,2,4550
2212,2387,2299,-175,4599
2249,1981,2115,268,4230
2318,2123,2220,195,4441
2322,2126,2224,196,4448
2329,2089,2209,240,4418
2158,2064,2111,94,4222
2416,2114,2265,302,4530
2023,2440,2231,-417,4463
2224,2016,2120,208,4240
2240,2083,2161,157,4323
2011,2294,2152,-283,4305
2165,2255,2210,-90,4420
1989,2271,2130,-282,4260
2132,2310,2221,-178,4442
2256,2123,2189,133,4379
2380,2193,2286,187,4573
2320,2045,2182,275,4365
2226,2131,2178,95,4357
2002,2358,2180,-356,4360
2178,2112,2145,66,4290
2319,2236,2277,83,4555
2012,2324,2168,-312,4336
2356,2137,2246,219,4493
2317,1950,2133,367,4267
2164,2282,2223,-118,4446
2213,2029,2121,184,4242
2342,2109,2225,233,4451
2249,2030,2139,219,4279
2393,2055,2224,338,4448
2302,2155,2228,147,4457
2047,2263,2155,-216,4310
2102,2431,2266,-329,4533
2409,1896,2152,513,4305
2277,2303,2290,-26,4580
2230,2076,2153,154,4306
2140,2283,2211,-143,4423
1805,2412,2108,-607,4217
2370,2173,2271,197,4543
2068,2227,2147,-159,4295
2287,2076,2181,211,4363
2233,1992,2112,241,4225
2194,2036,2115,158,4230
2151,2237,2194,-86,4388
2365,1975,2170,390,4340
2188,2399,2293,-211,4587
2244,2142,2193,102,4386
2325,2176,2250,149,4501
2526,2049,2287,477,4575
2172,2304,2238,-132,4476
2081,2414,2247,-333,4495
2099,2258,2178,-159,4357
2284,2094,2189,190,4378
2086,2280,2183,-194,4366
2286,2278,2282,8,4564
2159,2208,2183,-49,4367
2266,2050,2158,216,4316
1954,2290,2122,-336,4244
2199,2014,2106,185,4213
2029,2457,2243,-428,4486
2302,2020,2161,282,4322
2460,2076,2268,384,4536
2237,2293,2265,-56,4530
2174,2284,2229,-110,4458
2398,2159,2278,239,4557
2321,2101,2211,220,4422
2201,2048,2124,153,4249
2215,2352,2283,-137,4567
2129,2280,2204,-151,4409
2263,2300,2281,-37,4563
2078,2374,2226,-296,4452
1910,2511,2210,-601,4421
2243,2290,2266,-47,4533
2129,2446,2287,-317,4575
2180,2364,2272,-184,4544
2029,2200,2114,-171,4229
2280,2079,2179,201,4359
2362,2132,2247,230,4494
2125,2149,2137,-24,4274
2064,2405,2234,-341,4469
2399,2133,2266,266,4532
2272,2266,2269,6,4538
2260,2028,2144,232,4288
2173,2203,2188,-30,4376
2416,2051,2233,365,4467
2293,2023,2158,270,4316
2291,2235,2263,56,4526
2220,2168,2194,52,4388
1952,2539,2245,-587,4491
2401,2195,2298,206,4596
2252,2308,2280,-56,4560
2417,2174,2295,243,4591
2283,1999,2141,284,4282
2010,2229,2119,-219,4239
2281,2276,2278,5,4557
2091,2243,2167,-152,4334
2131,2346,2238,-215,4477
2132,2351,2241,-219,4483
2080,2178,2129,-98,4258
2375,2222,2298,153,4597
2427,2023,2225,404,4450
2109,2274,2191,-165,4383
2135,2359,2247,-224,4494
2272,2128,2200,144,4400
1971,2393,2182,-422,4364
2156,2211,2183,-55,4367
2317,1933,2125,384,4250
2066,2364,2215,-298,4430
2551,1940,2245,611,4491
2324,2164,2244,160,4488
2125,2305,2215,-180,4430
2227,2266,2246,-39,4493
2444,1926,2185,518,4370
2114,2303,2208,-189,4417
2524,2006,2265,518,4530
2112,2314,2213,-202,4426
2245,2294,2269,-49,4539
2336,2192,2264,144,4528
2461,1917,2189,544,4378
2282,2075,2178,207,4357
2154,2056,2105,98,4210
2146,2282,2214,-136,4428
2032,2282,2157,-250,4314
2157,2308,2232,-151,4465
2192,2095,2143,97,4287
2253,2265,2259,-12,4518
2030,2415,2222,-385,4445
2223,2087,2155,136,4310
1880,2575,2227,-695,4455
2034,2397,2215,-363,4431
1824,2444,2134,-620,4268
2317,2135,2226,182,4452
2366,2112,2239,254,4478
2320,2262,2291,58,4582
2390,2175,2282,215,4565
2261,2008,2134,253,4269
2074,2173,2123,-99,4247
2049,2335,2192,-286,4384
2046,2439,2242,-393,4485
2233,2340,2286,-107,4573
2156,2116,2136,40,4272
2256,2175,2215,81,4431
2067,2453,2260,-386,4520
2030,2396,2213,-366,4426
2284,2073,2178,211,4357
2107,2287,2197,-180,4394
2231,2366,2298,-135,4597
2121,2270,2195,-149,4391
2182,2072,2127,110,4254
2210,2389,2299,-179,4599
2205,2362,2283,-157,4567
2282,1988,2135,294,4270
2292,2120,2206,172,4412
2029,2533,2281,-504,4562
2423,1961,2192,462,4384
2377,2140,2258,237,4517
2324,2244,2284,80,4568
2405,2113,2259,292,4518
2250,2022,2136,228,4272
2136,2413,2274,-277,4549
2153,2260,2206,-107,4413
1965,2318,2141,-353,4283
2370,2041,2205,329,4411
2388,1958,2173,430,4346
2101,2411,2256,-310,4512
2043,2341,2192,-298,4384
2293,2035,2164,258,4328
2234,2130,2182,104,4364
2163,2270,2216,-107,4433
2355,2095,2225,260,4450
2132,2233,2182,-101,4365
2191,2050,2120,141,4241
2085,2213,2149,-128,4298
2055,2163,2109,-108,4218
2373,2078,2225,295,4451
2382,2157,2269,225,4539
2484,1943,2213,541,4427
2297,2131,2214,166,4428
2344,2159,2251,185,4503
2185,2113,2149,72,4298
2054,2372,2213,-318,4426
2449,1836,2142,613,4285
2278,2322,2300,-44,4600
1943,2549,2246,-606,4492
2263,2185,2224,78,4448
2400,1972,2186,428,4372
2237,2263,2250,-26,4500
1999,2283,2141,-284,4282
2335,2219,2277,116,4554
2428,2168,2298,260,4596
2327,2165,2246,162,4492
2241,2320,2280,-79,4561
2131,2166,2148,-35,4297
2075,2271,2173,-196,4346
2414,2182,2298,232,4596
2402,2025,2213,377,4427
2538,1881,2209,657,4419
2259,2005,2132,254,4264
2355,2150,2252,205,4505
2252,2311,2281,-59,4563
2062,2253,2157,-191,4315
2283,1955,2119,328,4238
2458,1810,2134,648,4268
2215,2199,2207,16,4414
2082,2269,2175,-187,4351
2028,2238,2133,-210,4266
2273,2257,2265,16,4530
2035,2331,2183,-296,4366
2296,1978,2137,318,4274
2136,2396,2266,-260,4532
2266,2031,2148,235,4297
2190,2246,2218,-56,4436
2012,2270,2141,-258,4282
2268,2118,2193,150,4386
1988,2237,2112,-249,4225
2233,2065,2149,168,4298
2002,2540,2271,-538,4542
2473,2050,2261,423,4523
2206,2040,2123,166,4246
2118,2357,2237,-239,4475
2279,2103,2191,176,4382
2102,2238,2170,-136,4340
2276,2159,2217,117,4435
2279,2207,2243,72,4486
2400,2181,2290,219,4581
2227,2343,2285,-116,4570
2055,2314,2184,-259,4369
2159,2330,2244,-171,4489
2479,2081,2280,398,4560
2185,2405,2295,-220,4590
1824,2545,2184,-721,4369
2146,2208,2177,-62,4354
2142,2162,2152,-20,4304
2327,2246,2286,81,4573
2102,2358,2230,-256,4460
2012,2424,2218,-412,4436
2023,2273,2148,-250,4296
2434,1997,2215,437,4431
2281,2091,2186,190,4372
2216,2211,2213,5,4427
2152,2225,2188,-73,4377
1961,2421,2191,-460,4382
2104,2331,2217,-227,4435
2385,2053,2219,332,4438
2203,2110,2156,93,4313
2297,2270,2283,27,4567
2017,2302,2159,-285,4319
2156,2360,2258,-204,4516
2164,2302,2233,-138,4466
2027,2309,2168,-282,4336
2014,2404,2209,-390,4418
2204,2375,2289,-171,4579
2089,2396,2242,-307,4485
2147,2287,2217,-140,4434
2211,2364,2287,-153,4575
2207,2341,2274,-134,4548
2162,2129,2145,33,4291
2380,2105,2242,275,4485
2146,2330,2238,-184,4476
2107,2219,2163,-112,4326
2352,2248,2300,104,4600
2245,2147,2196,98,4392
2401,2198,2299,203,4599
2433,2097,2265,336,4530
2168,2319,2243,-151,4487
2193,2257,2225,-64,4450
2017,2190,2103,-173,4207
2026,2244,2135,-218,4270
2272,2070,2171,202,4342
2438,2104,2271,334,4542
2178,2205,2191,-27,4383
2134,2216,2175,-82,4350
2295,2032,2163,263,4327
2148,2297,2222,-149,4445
2292,2127,2209,165,4419
2311,2270,2290,41,4581
2086,2277,2181,-191,4363
2191,2260,2225,-69,4451
1978,2412,2195,-434,4390
2312,2218,2265,94,4530
2195,2184,2189,11,4379
1989,2400,2194,-411,4389
2234,2058,2146,176,4292
2262,2276,2269,-14,4538
2340,1985,2162,355,4325
2138,2393,2265,-255,4531
2198,2159,2178,39,4357
2289,2034,2161,255,4323
2215,2009,2112,206,4224
1989,2216,2102,-227,4205
2218,2193,2205,25,4411
2212,2283,2247,-71,4495
2202,2040,2121,162,4242
2254,2342,2298,-88,4596
2030,2331,2180,-301,4361
2261,2229,2245,32,4490
2253,2098,2175,155,4351
2424,1885,2154,539,4309
2377,1970,2173,407,4347
2290,2053,2171,237,4343
2084,2256,2170,-172,4340
2438,2044,2241,394,4482
2036,2234,2135,-198,4270
2170,2244,2207,-74,4414
2077,2346,2211,-269,4423
2402,2178,2290,224,4580
2435,1862,2148,573,4297
2098,2365,2231,-267,4463
2114,2219,2166,-105,4333
2297,2164,2230,133,4461
2234,1999,2116,235,4233
2232,2126,2179,106,4358
2172,2297,2234,-125,4469
2209,2180,2194,29,4389
2188,2265,2226,-77,4453
2282,2278,2280,4,4560
1985,2296,2140,-311,4281
2174,2401,2287,-227,4575
2220,2019,2119,201,4239
2332,1904,2118,428,4236
2137,2256,2196,-119,4393
2388,1903,2145,485,4291
2347,2175,2261,172,4522
2327,2057,2192,270,4384
2308,2239,2273,69,4547
2069,2176,2122,-107,4245
2471,2066,2268,405,4537
2088,2177,2132,-89,4265
2147,2336,2241,-189,4483
2427,1821,2124,606,4248
2043,2302,2172,-259,4345
2022,2185,2103,-163,4207
2136,2464,2300,-328,4600
2124,2414,2269,-290,4538
2021,2301,2161,-280,4322
2124,2155,2139,-31,4279
2308,2085,2196,223,4393
2285,2165,2225,120,4450
2269,2039,2154,230,4308
2216,2359,2287,-143,4575
2318,2172,2245,146,4490
2102,2103,2102,-1,4205
2218,2222,2220,-4,4440
1965,2318,2141,-353,4283
2425,1903,2164,522,4328
2289,2184,2236,105,4473
2036,2209,2122,-173,4245
2145,2342,2243,-197,4487
2216,2119,2167,97,4335
2024,2298,2161,-274,4322
2099,2411,2255,-312,4510
2298,2115,2206,183,4413
2170,2048,2109,122,4218
2211,2084,2147,127,4295
2052,2524,2288,-472,4576
2424,2159,2291,265,4583
2249,2160,2204,89,4409
2308,2173,2240,135,4481
2368,2207,2287,161,4575
2240,2262,2251,-22,4502
2056,2147,2101,-91,4203
2364,2206,2285,158,4570
2212,2019,2115,193,4231
2248,2170,2209,78,4418
2184,2358,2271,-174,4542
2277,2230,2253,47,4507
2149,2345,2247,-196,4494
2367,2141,2254,226,4508
2138,2153,2145,-15,4291
2057,2285,2171,-228,4342
2217,1991,2104,226,4208
2432,2112,2272,320,4544
2307,2164,2235,143,4471
2131,2470,2300,-339,4601
2133,2432,2282,-299,4565
2411,1848,2129,563,4259
2189,2035,2112,154,4224
2367,2225,2296,142,4592
2284,2055,2169,229,4339
2075,2366,2220,-291,4441
1918,2481,2199,-563,4399
2458,1971,2214,487,4429
2067,2135,2101,-68,4202
2169,2298,2233,-129,4467
2172,2163,2167,9,4335
2052,2211,2131,-159,4263
2297,2075,2186,222,4372
2109,2400,2254,-291,4509
2121,2331,2226,-210,4452
2237,2326,2281,-89,4563
2285,2260,2272,25,4545
1844,2468,2156,-624,4312
2116,2423,2269,-307,4539
2145,2401,2273,-256,4546
2351,2160,2255,191,4511
2364,2190,2277,174,4554
2089,2217,2153,-128,4306
2379,2191,2285,188,4570
2361,2147,2254,214,4508
2320,2017,2168,303,4337
2235,2341,2288,-106,4576
2304,2026,2165,278,4330
2030,2284,2157,-254,4314
2469,2085,2277,384,4554
2429,2146,2287,283,4575
2312,2064,2188,248,4376
2345,2241,2293,104,4586
2204,2272,2238,-68,4476
2427,2060,2243,367,4487
2310,2163,2236,147,4473
2163,2204,2183,-41,4367
2158,2253,2205,-95,4411
2249,2173,2211,76,4422
2130,2156,2143,-26,4286
2155,2321,2238,-166,4476
2037,2250,2143,-213,4287
2045,2457,2251,-412,4502
2183,2408,2295,-225,4591
2266,2208,2237,58,4474
2304,2028,2166,276,4332
2207,2067,2137,140,4274
2385,2186,2285,199,4571
2478,1775,2126,703,4253
2090,2121,2105,-31,4211
2375,2107,2241,268,4482
2312,2270,2291,42,4582
2328,2218,2273,110,4546
1970,2578,2274,-608,4548
1951,2424,2187,-473,4375
2045,2419,2232,-374,4464
2399,2084,2241,315,4483
2207,2299,2253,-92,4506
2187,2328,2257,-141,4515
2328,2089,2208,239,4417
2194,2208,2201,-14,4402
2334,2210,2272,124,4544
2212,2295,2253,-83,4507
2166,2152,2159,14,4318
2274,2210,2242,64,4484
2512,2082,2297,430,4594
2415,2055,2235,360,4470
2208,2046,2127,162,4254
2114,2400,2257,-286,4514
2368,2222,2295,146,4590
2046,2285,2165,-239,4331
1767,2637,2202,-870,4404
2537,1751,2144,786,4288
2022,2464,2243,-442,4486
2226,2126,2176,100,4352
2250,2113,2181,137,4363
1979,2449,2214,-470,4428
2230,2215,2222,15,4445
2288,2181,2234,107,4469
2141,2338,2239,-197,4479
2120,2246,2183,-126,4366
1828,2434,2131,-606,4262
2348,2213,2280,135,4561
2151,2371,2261,-220,4522
2157,2064,2110,93,4221
2195,2343,2269,-148,4538
2210,2010,2110,200,4220
2195,2157,2176,38,4352
1967,2360,2163,-393,4327
2249,1979,2114,270,4228
2140,2078,2109,62,4218
2254,2131,2192,123,4385
2100,2364,2232,-264,4464
2232,2274,2253,-42,4506
2267,1956,2111,311,4223
2209,2218,2213,-9,4427
2328,2173,2250,155,4501
2285,1994,2139,291,4279
2194,2043,2118,151,4237
2255,2186,2220,69,4441
2186,2336,2261,-150,4522
2252,1962,2107,290,4214
2187,2274,2230,-87,4461
2176,2031,2103,145,4207
2211,2089,2150,122,4300
2276,2215,2245,61,4491
2318,2244,2281,74,4562
2227,2013,2120,214,4240
2367,2158,2262,209,4525
2291,1982,2136,309,4273
2241,2178,2209,63,4419
1976,2503,2239,-527,4479
2117,2306,2211,-189,4423
2244,2191,2217,53,4435
2174,2343,2258,-169,4517
2210,2191,2200,19,4401
2025,2564,2294,-539,4589
2192,2023,2107,169,4215
2557,1896,2226,661,4453
2123,2426,2274,-303,4549
1936,2411,2173,-475,4347
2445,2151,2298,294,4596
2250,2297,2273,-47,4547
2198,2282,2240,-84,4480
2145,2258,2201,-113,4403
2302,1941,2121,361,4243
2101,2290,2195,-189,4391
2073,2396,2234,-323,4469
2295,2300,2297,-5,4595
2402,2036,2219,366,4438
2422,1819,2120,603,4241
2243,2290,2266,-47,4533
2167,2316,2241,-149,4483
2333,2186,2259,147,4519
1824,2428,2126,-604,4252
2247,2129,2188,118,4376
2156,2368,2262,-212,4524
2153,2447,2300,-294,4600
2288,2077,2182,211,4365
2050,2339,2194,-289,4389
2337,1931,2134,406,4268
2009,2257,2133,-248,4266
2270,1986,2128,284,4256
2106,2399,2252,-293,4505
2278,2068,2173,210,4346
2315,2173,2244,142,4488
2171,2323,2247,-152,4494
2198,2214,2206,-16,4412
2110,2395,2252,-285,4505
1817,2418,2117,-601,4235
2345,2096,2220,249,4441
2098,2416,2257,-318,4514
2124,2434,2279,-310,4558
2298,2059,2178,239,4357
2034,2553,2293,-519,4587
1866,2471,2168,-605,4337
2311,2067,2189,244,4378
2244,2036,2140,208,4280
2018,2354,2186,-336,4372
2414,2062,2238,352,4476
2330,1930,2130,400,4260
2084,2218,2151,-134,4302
2003,2222,2112,-219,4225
2449,1915,2182,534,4364
2235,2199,2217,36,4434
2206,2214,2210,-8,4420
2323,1963,2143,360,4286
2297,2075,2186,222,4372
2252,2034,2143,218,4286
2114,2335,2224,-221,4449
2345,2173,2259,172,4518
2541,1978,2259,563,4519
2214,2048,2131,166,4262
2203,2326,2264,-123,4529
2338,2102,2220,236,4440
2364,2151,2257,213,4515
2147,2134,2140,13,4281
2003,2242,2122,-239,4245
2042,2359,2200,-317,4401
2322,2113,2217,209,4435
2186,2189,2187,-3,4375
2292,2076,2184,216,4368
2261,2120,2190,141,4381
2215,2368,2291,-153,4583
2320,1984,2152,336,4304
2216,1997,2106,219,4213
2070,2234,2152,-164,4304
2271,2174,2222,97,4445
2289,1963,2126,326,4252
2064,2202,2133,-138,4266
2219,2067,2143,152,4286
2282,2024,2153,258,4306
2282,2077,2179,205,4359
2437,1881,2159,556,4318
2255,2244,2249,11,4499
2164,2402,2283,-238,4566
2236,2167,2201,69,4403
2355,2068,2211,287,4423
2202,2347,2274,-145,4549
2283,2111,2197,172,4394
2529,2026,2277,503,4555
2325,2066,2195,259,4391
2188,2177,2182,11,4365
2262,2102,2182,160,4364
1956,2295,2125,-339,4251
2334,2032,2183,302,4366
2010,2215,2112,-205,4225
1921,2493,2207,-572,4414
2051,2175,2113,-124,4226
2429,2021,2225,408,4450
2079,2178,2128,-99,4257
2290,1958,2124,332,4248
2288,2170,2229,118,4458
2410,1923,2166,487,4333
2070,2477,2273,-407,4547
2157,2257,2207,-100,4414
2168,2298,2233,-130,4466
1932,2309,2120,-377,4241
2289,2187,2238,102,4476
2213,2058,2135,155,4271
2254,2232,2243,22,4486
2497,2017,2257,480,4514
2081,2457,2269,-376,4538
2291,2178,2234,113,4469
2242,2304,2273,-62,4546
2104,2249,2176,-145,4353
2403,2022,2212,381,4425
2129,2159,2144,-30,4288
2124,2254,2189,-130,4378
2252,2034,2143,218,4286
2340,2200,2270,140,4540
2107,2250,2178,-143,4357
2286,2146,2216,140,4432
2170,2353,2261,-183,4523
2284,1936,2110,348,4220
2201,2149,2175,52,4350
2028,2524,2276,-496,4552
2220,2070,2145,150,4290
2233,2349,2291,-116,4582
2216,2127,2171,89,4343
2411,2161,2286,250,4572
2255,2196,2225,59,4451
2141,2275,2208,-134,4416
1885,2440,2162,-555,4325
2327,2044,2185,283,4371
2290,2130,2210,160,4420
2065,2303,2184,-238,4368
2113,2251,2182,-138,4364
2040,2259,2149,-219,4299
2013,2228,2120,-215,4241
2273,2163,2218,110,4436
2183,2214,2198,-31,4397
2051,2180,2115,-129,4231
1925,2302,2113,-377,4227
2391,2128,2259,263,4519
2652,1708,2180,944,4360
2077,2321,2199,-244,4398
2318,2227,2272,91,4545
2097,2400,2248,-303,4497
2208,2061,2134,147,4269
2185,2301,2243,-116,4486
2372,2141,2256,231,4513
2225,2038,2131,187,4263
2335,2071,2203,264,4406
2091,2379,2235,-288,4470
2085,2368,2226,-283,4453
2325,2180,2252,145,4505
2280,2170,2225,110,4450
2426,2126,2276,300,4552
2120,2249,2184,-129,4369
2165,2275,2220,-110,4440
2309,2292,2300,17,4601
2290,2045,2167,245,4335
2188,2290,2239,-102,4478
2226,2072,2149,154,4298
2270,2274,2272,-4,4544
2196,2292,2244,-96,4488
1995,2298,2146,-303,4293
2241,2153,2197,88,4394
2529,1886,2207,643,4415
2365,2073,2219,292,4438
2235,2287,2261,-52,4522
2162,2381,2271,-219,4543
2295,2074,2184,221,4369
2330,2155,2242,175,4485
2237,2238,2237,-1,4475
2358,2108,2233,250,4466
1953,2284,2118,-331,4237
2267,2265,2266,2,4532
2307,2141,2224,166,4448
2274,2112,2193,162,4386
2034,2308,2171,-274,4342
1900,2320,2110,-420,4220
2117,2479,2298,-362,4596
2381,2128,2254,253,4509
2254,2346,2300,-92,4600
2148,2163,2155,-15,4311
1978,2228,2103,-250,4206
2429,2081,2255,348,4510
2240,1989,2114,251,4229
2388,2209,2298,179,4597
1895,2533,2214,-638,4428
2106,2468,2287,-362,4574
2433,2066,2249,367,4499
2275,2045,2160,230,4320
1948,2324,2136,-376,4272
2396,2156,2276,240,4552
2412,2143,2277,269,4555
2388,2037,2212,351,4425
2068,2308,2188,-240,4376
2146,2339,2242,-193,4485
2368,2079,2223,289,4447
2157,2364,2260,-207,4521
2074,2141,2107,-67,4215
2308,2261,2284,47,4569
2129,2213,2171,-84,4342
2048,2328,2188,-280,4376
2107,2250,2178,-143,4357
2318,2147,2232,171,4465
2046,2392,2219,-346,4438
2275,2085,2180,190,4360
2438,2119,2278,319,4557
2418,2037,2227,381,4455
2229,2295,2262,-66,4524
2104,2239,2171,-135,4343
2270,1989,2129,281,4259
2418,2153,2285,265,4571
1984,2263,2123,-279,4247
1960,2380,2170,-420,4340
2354,2098,2226,256,4452
2134,2306,2220,-172,4440
2263,1960,2111,303,4223
2260,2235,2247,25,4495
2303,2123,2213,180,4426
2179,2198,2188,-19,4377
2328,2254,2291,74,4582
2456,2090,2273,366,4546
2190,2334,2262,-144,4524
2179,2394,2286,-215,4573
2115,2399,2257,-284,4514
2387,1930,2158,457,4317
2223,2199,2211,24,4422
2208,2104,2156,104,4312
2325,2141,2233,184,4466
2209,2338,2273,-129,4547
2106,2283,2194,-177,4389
2365,2215,2290,150,4580
2198,2377,2287,-179,4575
2083,2301,2192,-218,4384
2302,2155,2228,147,4457
2020,2224,2122,-204,4244
2187,2263,2225,-76,4450
2126,2249,2187,-123,4375
2262,2073,2167,189,4335
2145,2388,2266,-243,4533
2072,2147,2109,-75,4219
2296,2172,2234,124,4468
2189,2377,2283,-188,4566
2106,2178,2142,-72,4284
2072,2207,2139,-135,4279
2243,2040,2141,203,4283
2417,2026,2221,391,4443
1966,2340,2153,-374,4306
2270,2200,2235,70,4470
2115,2284,2199,-169,4399
2174,2353,2263,-179,4527
2274,2062,2168,212,4336
2035,2396,2215,-361,4431
2271,2121,2196,150,4392
2180,2369,2274,-189,4549
2190,2188,2189,2,4378
2444,1904,2174,540,4348
2166,2376,2271,-210,4542
2199,2286,2242,-87,4485
2332,2117,2224,215,4449
2399,1938,2168,461,4337
2342,2102,2222,240,4444
2107,2406,2256,-299,4513
2278,2169,2223,109,4447
2260,1961,2110,299,4221
2202,2073,2137,129,4275
2186,2261,2223,-75,4447
2119,2095,2107,24,4214
2003,2345,2174,-342,4348
2146,2399,2272,-253,4545
2073,2510,2291,-437,4583
2301,2208,2254,93,4509
2298,2114,2206,184,4412
1932,2384,2158,-452,4316
2241,2132,2186,109,4373
2282,2198,2240,84,4480
2035,2203,2119,-168,4238
2011,2269,2140,-258,4280
2277,2242,2259,35,4519
2415,2161,2288,254,4576
2471,2087,2279,384,4558
2140,2272,2206,-132,4412
2236,2250,2243,-14,4486
2224,2112,2168,112,4336
2151,2445,2298,-294,4596
2141,2111,2126,30,4252
2270,2099,2184,171,4369
2147,2397,2272,-250,4544
2476,2073,2274,403,4549
2126,2170,2148,-44,4296
2311,2225,2268,86,4536
2209,2027,2118,182,4236
2218,2369,2293,-151,4587
2113,2303,2208,-190,4416
2235,2249,2242,-14,4484
1941,2405,2173,-464,4346
2100,2181,2140,-81,4281
1992,2375,2183,-383,4367
1844,2463,2153,-619,4307
2364,2058,2211,306,4422
2247,2180,2213,67,4427
2427,2033,2230,394,4460
2142,2090,2116,52,4232
2316,2196,2256,120,4512
2239,2254,2246,-15,4493
2285,2101,2193,184,4386
2307,2098,2202,209,4405
2209,2181,2195,28,4390
2199,2123,2161,76,4322
2273,2318,2295,-45,4591
2308,2032,2170,276,4340
2205,2180,2192,25,4385
2340,2240,2290,100,4580
1939,2473,2206,-534,4412
2331,2100,2215,231,4431
2161,2367,2264,-206,4528
2085,2255,2170,-170,4340
2113,2201,2157,-88,4314
2358,2134,2246,224,4492
2183,2080,2131,103,4263
2072,2330,2201,-258,4402
2164,2392,2278,-228,4556
2362,2089,2225,273,4451
2095,2286,2190,-191,4381
2205,2302,2253,-97,4507
2025,2198,2111,-173,4223
2230,2252,2241,-22,4482
2188,2342,2265,-154,4530
2195,2109,2152,86,4304
2333,2238,2285,95,4571
2304,2208,2256,96,4512
2403,2034,2218,369,4437
2204,2244,2224,-40,4448
2192,2170,2181,22,4362
2427,2066,2246,361,4493
2156,2127,2141,29,4283
2211,2203,2207,8,4414
2326,2170,2248,156,4496
2267,2084,2175,183,4351
2129,2205,2167,-76,4334
2337,2150,2243,187,4487
2161,2265,2213,-104,4426
2257,2233,2245,24,4490
2013,2369,2191,-356,4382
2264,2143,2203,121,4407
2419,2075,2247,344,4494
2164,2072,2118,92,4236
2287,2011,2149,276,4298
2297,2112,2204,185,4409
2156,2327,2241,-171,4483
2216,2114,2165,102,4330
1973,2489,2231,-516,4462
2205,2330,2267,-125,4535
2294,2209,2251,85,4503
2170,2401,2285,-231,4571
2207,2077,2142,130,4284
2251,2192,2221,59,4443
2237,2166,2201,71,4403
2220,2344,2282,-124,4564
2476,1801,2138,675,4277
2098,2296,2197,-198,4394
2314,2250,2282,64,4564
1948,2389,2168,-441,4337
2318,2143,2230,175,4461
2373,2203,2288,170,4576
2317,2256,2286,61,4573
2456,1924,2190,532,4380
2319,2255,2287,64,4574
2182,2079,2130,103,4261
2373,2148,2260,225,4521
2287,2196,2241,91,4483
2161,2247,2204,-86,4408
2242,2123,2182,119,4365
2181,2243,2212,-62,4424
2241,2265,2253,-24,4506
2238,2349,2293,-111,4587
1951,2311,2131,-360,4262
2352,2224,2288,128,4576
2161,2231,2196,-70,4392
2259,2111,2185,148,4370
2271,2085,2178,186,4356
2174,2101,2137,73,4275
2291,2180,2235,111,4471
1951,2252,2101,-301,4203
2219,2375,2297,-156,4594
2129,2391,2260,-262,4520
2391,1960,2175,431,4351
2302,2018,2160,284,4320
2302,2291,2296,11,4593
2335,2241,2288,94,4576
2308,2206,2257,102,4514
2181,2206,2193,-25,4387
2007,2310,2158,-303,4317
1941,2364,2152,-423,4305
2033,2216,2124,-183,4249
2012,2310,2161,-298,4322
2142,2354,2248,-212,4496
2255,2008,2131,247,4263
2065,2514,2289,-449,4579
2313,2149,2231,164,4462
2241,2199,2220,42,4440
2378,1915,2146,463,4293
2062,2177,2119,-115,4239
1959,2256,2107,-297,4215
2181,2167,2174,14,4348
2159,2053,2106,106,4212
2398,2082,2240,316,4480
2033,2384,2208,-351,4417
2242,2125,2183,117,4367
2424,2032,2228,392,4456
2067,2373,2220,-306,4440
2340,2059,2199,281,4399
2274,2123,2198,151,4397
2133,2340,2236,-207,4473
2213,2079,2146,134,4292
2255,2121,2188,134,4376
2313,2185,2249,128,4498
2239,2259,2249,-20,4498
2232,2071,2151,161,4303
2177,2394,2285,-217,4571
2380,2045,2212,335,4425
2170,2338,2254,-168,4508
2508,2074,2291,434,4582
2092,2141,2116,-49,4233
2275,2028,2151,247,4303
1955,2355,2155,-400,4310
2321,2242,2281,79,4563
2324,2277,2300,47,4601
2348,2176,2262,172,4524
2297,2172,2234,125,4469
2292,2304,2298,-12,4596
2313,2087,2200,226,4400
2372,1904,2138,468,4276
2083,2301,2192,-218,4384
2083,2469,2276,-386,4552
2136,2073,2104,63,4209
2360,1988,2174,372,4348
2246,2112,2179,134,4358
2053,2263,2158,-210,4316
2216,2178,2197,38,4394
2325,2186,2255,139,4511
2308,2278,2293,30,4586
2100,2283,2191,-183,4383
2305,2245,2275,60,4550
2315,2233,2274,82,4548
2353,1983,2168,370,4336
2426,2104,2265,322,4530
2465,1890,2177,575,4355
2072,2291,2181,-219,4363
2205,2157,2181,48,4362
2121,2137,2129,-16,4258
2137,2259,2198,-122,4396
2360,1989,2174,371,4349
2227,2053,2140,174,4280
2285,2022,2153,263,4307
2415,1937,2176,478,4352
2238,2169,2203,69,4407
2007,2203,2105,-196,4210
2349,1979,2164,370,4328
2220,2114,2167,106,4334
2104,2391,2247,-287,4495
2417,2075,2246,342,4492
2166,2111,2138,55,4277
2201,2088,2144,113,4289
2428,2144,2286,284,4572
2301,2294,2297,7,4595
2126,2267,2196,-141,4393
2530,1969,2249,561,4499
2123,2345,2234,-222,4468
2455,2103,2279,352,4558
2321,2112,2216,209,4433
1984,2419,2201,-435,4403
2368,2143,2255,225,4511
2123,2127,2125,-4,4250
2174,2111,2142,63,4285
2346,2088,2217,258,4434
2344,1998,2171,346,4342
2183,2108,2145,75,4291
2100,2479,2289,-379,4579
2064,2456,2260,-392,4520
2335,1927,2131,408,4262
2220,2024,2122,196,4244
2091,2244,2167,-153,4335
2153,2226,2189,-73,4379
2370,2222,2296,148,4592
2430,2161,2295,269,4591
2050,2192,2121,-142,4242
2169,2327,2248,-158,4496
1988,2242,2115,-254,4230
2136,2099,2117,37,4235
2057,2187,2122,-130,4244
2262,2202,2232,60,4464
2255,2166,2210,89,4421
2294,2131,2212,163,4425
2286,2217,2251,69,4503
2065,2260,2162,-195,4325
2011,2208,2109,-197,4219
2200,2382,2291,-182,4582
2304,2250,2277,54,4554
2287,2147,2217,140,4434
2016,2393,2204,-377,4409
2224,2134,2179,90,4358
2266,2095,2180,171,4361
2098,2219,2158,-121,4317
2160,2353,2256,-193,4513
2257,2262,2259,-5,4519
2318,2211,2264,107,4529
2234,2260,2247,-26,4494
2339,2132,2235,207,4471
1850,2491,2170,-641,4341
2278,2265,2271,13,4543
1927,2352,2139,-425,4279
2427,1904,2165,523,4331
2155,2362,2258,-207,4517
2167,2365,2266,-198,4532
2286,2134,2210,152,4420
1959,2412,2185,-453,4371
2290,2230,2260,60,4520
2072,2162,2117,-90,4234
2133,2117,2125,16,4250
2052,2295,2173,-243,4347
2328,2215,2271,113,4543
2224,2114,2169,110,4338
2245,2069,2157,176,4314
2387,2161,2274,226,4548
2090,2290,2190,-200,4380
2393,2198,2295,195,4591
2338,2218,2278,120,4556
2180,2061,2120,119,4241
2414,2183,2298,231,4597
1862,2340,2101,-478,4202
2215,2129,2172,86,4344
2055,2389,2222,-334,4444
2350,1926,2138,424,4276
2021,2414,2217,-393,4435
2126,2207,2166,-81,4333
2045,2169,2107,-124,4214
2230,2269,2249,-39,4499
2190,2028,2109,162,4218
1916,2362,2139,-446,4278
2201,2335,2268,-134,4536
2262,2111,2186,151,4373
2068,2312,2190,-244,4380
2086,2199,2142,-113,4285
2165,2318,2241,-153,4483
2543,2047,2295,496,4590
2177,2241,2209,-64,4418
2351,2228,2289,123,4579
2356,2162,2259,194,4518
2162,2321,2241,-159,4483
2153,2266,2209,-113,4419
2046,2288,2167,-242,4334
2216,2012,2114,204,4228
2440,2031,2235,409,4471
2100,2397,2248,-297,4497
2075,2305,2190,-230,4380
2157,2338,2247,-181,4495
1977,2232,2104,-255,4209
1865,2461,2163,-596,4326
2231,2120,2175,111,4351
1967,2243,2105,-276,4210
2004,2211,2107,-207,4215
2123,2408,2265,-285,4531
2183,2239,2211,-56,4422
2475,2088,2281,387,4563
2231,2129,2180,102,4360
2147,2226,2186,-79,4373
2153,2396,2274,-243,4549
2455,2141,2298,314,4596
2374,1945,2159,429,4319
2264,2034,2149,230,4298
2074,2308,2191,-234,4382
2291,2028,2159,263,4319
2222,2310,2266,-88,4532
2276,2020,2148,256,4296
2430,1987,2208,443,4417
1946,2260,2103,-314,4206
2291,2189,2240,102,4480
2294,2107,2200,187,4401
2285,1957,2121,328,4242
2269,2001,2135,268,4270
2197,2353,2275,-156,4550
2222,2365,2293,-143,4587
2484,1882,2183,602,4366
2281,2235,2258,46,4516
2301,2157,2229,144,4458
2155,2292,2223,-137,4447
2172,2090,2131,82,4262
2249,2316,2282,-67,4565
2312,2038,2175,274,4350
2356,2082,2219,274,4438
2168,2187,2177,-19,4355
2355,1992,2173,363,4347
2259,2055,2157,204,4314
2068,2166,2117,-98,4234
1986,2299,2142,-313,4285
2158,2152,2155,6,4310
2333,2138,2235,195,4471
2318,2206,2262,112,4524
2227,2159,2193,68,4386
2436,2132,2284,304,4568
2143,2124,2133,19,4267
2061,2174,2117,-113,4235
2331,2112,2221,219,4443
2324,2108,2216,216,4432
1999,2233,2116,-234,4232
2135,2434,2284,-299,4569
2186,2052,2119,134,4238
2217,2293,2255,-76,4510
2187,2343,2265,-156,4530
2259,1984,2121,275,4243
2066,2208,2137,-142,4274
2134,2177,2155,-43,4311
2553,1916,2234,637,4469
2140,2144,2142,-4,4284
2263,2238,2250,25,4501
2113,2379,2246,-266,4492
2149,2060,2104,89,4209
2382,2156,2269,226,4538
2172,2306,2239,-134,4478
2134,2328,2231,-194,4462
2202,2026,2114,176,4228
2242,1970,2106,272,4212
2213,2282,2247,-69,4495
2222,2172,2197,50,4394
2194,2159,2176,35,4353
2255,2147,2201,108,4402
2095,2368,2231,-273,4463
2081,2270,2175,-189,4351
2244,2138,2191,106,4382
2229,2281,2255,-52,4510
2244,2229,2236,15,4473
1937,2291,2114,-354,4228
2107,2216,2161,-109,4323
2255,2056,2155,199,4311
2062,2148,2105,-86,4210
2110,2298,2204,-188,4408
2375,2046,2210,329,4421
2193,2370,2281,-177,4563
2511,1958,2234,553,4469
2053,2253,2153,-200,4306
2173,2046,2109,127,4219
2284,2160,2222,124,4444
2358,2176,2267,182,4534
2109,2332,2220,-223,4441
2338,2095,2216,243,4433
2237,2113,2175,124,4350
2367,2109,2238,258,4476
2203,2372,2287,-169,4575
2220,2067,2143,153,4287
2024,2239,2131,-215,4263
2005,2593,2299,-588,4598
2496,2029,2262,467,4525
2249,2023,2136,226,4272
1996,2312,2154,-316,4308
2214,2333,2273,-119,4547
2100,2230,2165,-130,4330
2190,2227,2208,-37,4417
2489,2100,2294,389,4589
2165,2258,2211,-93,4423
2426,2034,2230,392,4460
2113,2300,2206,-187,4413
2009,2377,2193,-368,4386
2056,2285,2170,-229,4341
2087,2426,2256,-339,4513
2223,2073,2148,150,4296
2037,2190,2113,-153,4227
2210,2211,2210,-1,4421
2345,2195,2270,150,4540
2123,2272,2197,-149,4395
2155,2344,2249,-189,4499
2118,2283,2200,-165,4401
2286,2084,2185,202,4370
2228,2315,2271,-87,4543
2200,2103,2151,97,4303
2132,2186,2159,-54,4318
2054,2242,2148,-188,4296
1948,2316,2132,-368,4264
2014,2472,2243,-458,4486
2634,1884,2259,750,4518
2251,2045,2148,206,4296
2369,2197,2283,172,4566
2273,2133,2203,140,4406
2306,2068,2187,238,4374
1986,2400,2193,-414,4386
2230,2320,2275,-90,4550
1935,2280,2107,-345,4215
2193,2299,2246,-106,4492
2181,2376,2278,-195,4557
2381,2124,2252,257,4505
2103,2105,2104,-2,4208
2102,2158,2130,-56,4260
2338,2245,2291,93,4583
2000,2329,2164,-329,4329
2094,2274,2184,-180,4368
2089,2222,2155,-133,4311
2332,2060,2196,272,4392
2483,2040,2261,443,4523
2222,2293,2257,-71,4515
2267,1996,2131,271,4263
2186,2100,2143,86,4286
2116,2443,2279,-327,4559
2339,2103,2221,236,4442
2005,2503,2254,-498,4508
1941,2517,2229,-576,4458
2385,2130,2257,255,4515
2095,2308,2201,-213,4403
2246,1985,2115,261,4231
2300,1973,2136,327,4273
2371,2146,2258,225,4517
2287,2214,2250,73,4501
2166,2174,2170,-8,4340
2523,1742,2132,781,4265
2336,1991,2163,345,4327
2419,2157,2288,262,4576
2236,2143,2189,93,4379
2082,2281,2181,-199,4363
2330,1991,2160,339,4321
2267,1962,2114,305,4229
2259,2060,2159,199,4319
2240,2315,2277,-75,4555
2106,2298,2202,-192,4404
2370,1959,2164,411,4329
2229,2330,2279,-101,4559
1993,2495,2244,-502,4488
2075,2400,2237,-325,4475
2182,2048,2115,134,4230
2304,2102,2203,202,4406
1970,2428,2199,-458,4398
2072,2336,2204,-264,4408
2057,2260,2158,-203,4317
2427,2074,2250,353,4501
2064,2346,2205,-282,4410
2291,2118,2204,173,4409
2223,2255,2239,-32,4478
2275,1969,2122,306,4244
2369,2196,2282,173,4565
2063,2449,2256,-386,4512
2235,2308,2271,-73,4543
2291,2223,2257,68,4514
2124,2186,2155,-62,4310
2065,2347,2206,-282,4412
2244,2087,2165,157,4331
2148,2127,2137,21,4275
2106,2216,2161,-110,4322
2007,2206,2106,-199,4213
1919,2391,2155,-472,4310
2152,2220,2186,-68,4372
2253,2298,2275,-45,4551
2197,2232,2214,-35,4429
2027,2226,2126,-199,4253
2280,2318,2299,-38,4598
2296,1979,2137,317,4275
2273,1942,2107,331,4215
2378,2203,2290,175,4581
2389,2127,2258,262,4516
2192,2034,2113,158,4226
2406,2194,2300,212,4600
2352,2233,2292,119,4585
2288,2190,2239,98,4478
2171,2100,2135,71,4271
2040,2243,2141,-203,4283
2306,2010,2158,296,4316
1747,2561,2154,-814,4308
2014,2256,2135,-242,4270
2303,2098,2200,205,4401
2005,2280,2142,-275,4285
1912,2363,2137,-451,4275
2371,2115,2243,256,4486
2269,2095,2182,174,4364
2102,2201,2151,-99,4303
2006,2204,2105,-198,4210
2015,2337,2176,-322,4352
2367,2114,2240,253,4481
2047,2477,2262,-430,4524
2308,1980,2144,328,4288
2229,2155,2192,74,4384
2389,2211,2300,178,4600
2274,2212,2243,62,4486
2204,2283,2243,-79,4487
2479,1991,2235,488,4470
2244,2232,2238,12,4476
2227,2117,2172,110,4344
2417,2081,2249,336,4498
2111,2312,2211,-201,4423
2093,2367,2230,-274,4460
2345,2248,2296,97,4593
2066,2263,2164,-197,4329
2036,2283,2159,-247,4319
2084,2485,2284,-401,4569
2243,2300,2271,-57,4543
2381,2068,2224,313,4449
2249,2007,2128,242,4256
2364,2053,2208,311,4417
2017,2237,2127,-220,4254
2113,2094,2103,19,4207
2111,2161,2136,-50,4272
1906,2476,2191,-570,4382
2481,1993,2237,488,4474
2214,2258,2236,-44,4472
2387,2098,2242,289,4485
2182,2308,2245,-126,4490
2378,2177,2277,201,4555
2099,2233,2166,-134,4332
2364,2054,2209,310,4418
2427,1913,2170,514,4340
2293,1959,2126,334,4252
1984,2297,2140,-313,4281
2272,2105,2188,167,4377
2185,2229,2207,-44,4414
2222,2118,2170,104,4340
2099,2283,2191,-184,4382
2187,2384,2285,-197,4571
2245,1960,2102,285,4205
2222,2112,2167,110,4334
2203,2261,2232,-58,4464
2145,2163,2154,-18,4308
2440,1995,2217,445,4435
2037,2213,2125,-176,4250
2070,2249,2159,-179,4319
2297,2074,2185,223,4371
2205,2112,2158,93,4317
2036,2281,2158,-245,4317
2179,2403,2291,-224,4582
2177,2373,2275,-196,4550
2059,2324,2191,-265,4383
2213,2071,2142,142,4284
2130,2301,2215,-171,4431
2079,2389,2234,-310,4468
2185,2156,2170,29,4341
2210,2266,2238,-56,4476
2056,2355,2205,-299,4411
2159,2322,2240,-163,4481
2365,2222,2293,143,4587
2477,1911,2194,566,4388
2303,2018,2160,285,4321
2319,2067,2193,252,4386
2266,2001,2133,265,4267
2361,2197,2279,164,4558
2201,2088,2144,113,4289
2180,2382,2281,-202,4562
2223,2028,2125,195,4251
2423,2000,2211,423,4423
1978,2503,2240,-525,4481
2347,2209,2278,138,4556
2335,2007,2171,328,4342
2411,2095,2253,316,4506
2172,2308,2240,-136,4480
2118,2230,2174,-112,4348
2220,2240,2230,-20,4460
2059,2266,2162,-207,4325
2349,2086,2217,263,4435
2335,2226,2280,109,4561
2221,2169,2195,52,4390
2421,2054,2237,367,4475
2585,1914,2249,671,4499
2059,2287,2173,-228,4346
2092,2366,2229,-274,4458
2367,2185,2276,182,4552
2368,2114,2241,254,4482
2092,2137,2114,-45,4229
2265,2087,2176,178,4352
2411,2166,2288,245,4577
2035,2209,2122,-174,4244
2299,2102,2200,197,4401
2008,2248,2128,-240,4256
2040,2183,2111,-143,4223
2403,2086,2244,317,4489
2213,2029,2121,184,4242
2093,2300,2196,-207,4393
2226,2233,2229,-7,4459
2280,2060,2170,220,4340
2371,2212,2291,159,4583
1993,2291,2142,-298,4284
2069,2195,2132,-126,4264
2237,2086,2161,151,4323
2439,2036,2237,403,4475
2412,2052,2232,360,4464
2071,2242,2156,-171,4313
2037,2172,2104,-135,4209
2117,2226,2171,-109,4343
2246,2312,2279,-66,4558
2139,2263,2201,-124,4402
1926,2278,2102,-352,4204
2233,2248,2240,-15,4481
2414,2100,2257,314,4514
2099,2370,2234,-271,4469
2237,2166,2201,71,4403
1949,2334,2141,-385,4283
2250,2329,2289,-79,4579
2344,2190,2267,154,4534
2414,2183,2298,231,4597
1857,2398,2127,-541,4255
2340,2104,2222,236,4444
2129,2119,2124,10,4248
2196,2385,2290,-189,4581
1982,2263,2122,-281,4245
2206,2311,2258,-105,4517
2247,1987,2117,260,4234
2019,2271,2145,-252,4290
2239,2016,2127,223,4255
2080,2484,2282,-404,4564
2093,2401,2247,-308,4494
2311,2168,2239,143,4479
2255,2001,2128,254,4256
2274,2177,2225,97,4451
2387,1977,2182,410,4364
2069,2211,2140,-142,4280
2251,1997,2124,254,4248
2469,2005,2237,464,4474
2331,2162,2246,169,4493
2226,2109,2167,117,4335
2241,2104,2172,137,4345
2186,2237,2211,-51,4423
2264,2191,2227,73,4455
2114,2186,2150,-72,4300
2308,2013,2160,295,4321
2299,1947,2123,352,4246
2254,2200,2227,54,4454
2298,2100,2199,198,4398
2554,1977,2265,577,4531
2059,2274,2166,-215,4333
2196,2130,2163,66,4326
2311,2248,2279,63,4559
2200,2070,2135,130,4270
2421,2037,2229,384,4458
2401,2110,2255,291,4511
2083,2158,2120,-75,4241
2196,2296,2246,-100,4492
1999,2227,2113,-228,4226
2132,2453,2292,-321,4585
2350,1933,2141,417,4283
2192,2277,2234,-85,4469
2084,2195,2139,-111,4279
1913,2479,2196,-566,4392
2356,1937,2146,419,4293
2112,2393,2252,-281,4505
2442,2104,2273,338,4546
2311,2132,2221,179,4443
2287,2121,2204,166,4408
2105,2386,2245,-281,4491
2053,2204,2128,-151,4257
2103,2219,2161,-116,4322
2029,2403,2216,-374,4432
2215,2145,2180,70,4360
2293,2069,2181,224,4362
2387,1894,2140,493,4281
2113,2254,2183,-141,4367
2242,2277,2259,-35,4519
2160,2186,2173,-26,4346
2372,2064,2218,308,4436
2261,2323,2292,-62,4584
2200,2397,2298,-197,4597
2198,2264,2231,-66,4462
2108,2231,2169,-123,4339
2208,2044,2126,164,4252
1977,2370,2173,-393,4347
2086,2236,2161,-150,4322
2259,2320,2289,-61,4579
2239,2235,2237,4,4474
2210,2353,2281,-143,4563
2288,2313,2300,-25,4601
2303,2049,2176,254,4352
2024,2218,2121,-194,4242
2413,1958,2185,455,4371
2180,2195,2187,-15,4375
2353,1857,2105,496,4210
2090,2460,2275,-370,4550
2052,2364,2208,-312,4416
2169,2288,2228,-119,4457
2105,2249,2177,-144,4354
2112,2445,2278,-333,4557
2353,2178,2265,175,4531
2320,2188,2254,132,4508
2334,2135,2234,199,4469
2094,2168,2131,-74,4262
2104,2335,2219,-231,4439
2302,1927,2114,375,4229
2069,2350,2209,-281,4419
1999,2365,2182,-366,4364
2308,2112,2210,196,4420
1950,2273,2111,-323,4223
2258,2179,2218,79,4437
2130,2320,2225,-190,4450
2265,2190,2227,75,4455
2308,1971,2139,337,4279
2150,2358,2254,-208,4508
2224,2334,2279,-110,4558
2308,2273,2290,35,4581
2207,2330,2268,-123,4537
2007,2356,2181,-349,4363
2228,2081,2154,147,4309
2131,2162,2146,-31,4293
2315,1916,2115,399,4231
2393,2200,2296,193,4593
2120,2335,2227,-215,4455
1910,2412,2161,-502,4322
2056,2154,2105,-98,4210
2457,2113,2285,344,4570
2278,2094,2186,184,4372
2054,2532,2293,-478,4586
2071,2158,2114,-87,4229
2086,2280,2183,-194,4366
2105,2105,2105,0,4210
2231,2309,2270,-78,4540
2308,2182,2245,126,4490
2390,2055,2222,335,4445
2214,2111,2162,103,4325
1940,2453,2196,-513,4393
2390,2187,2288,203,4577
2060,2242,2151,-182,4302
2137,2292,2214,-155,4429
2277,2176,2226,101,4453
2103,2474,2288,-371,4577
1873,2376,2124,-503,4249
2253,2322,2287,-69,4575
2265,2238,2251,27,4503
1772,2649,2210,-877,4421
2249,2131,2190,118,4380
2367,2231,2299,136,4598
2396,2089,2242,307,4485
2428,1937,2182,491,4365
2214,2183,2198,31,4397
1917,2385,2151,-468,4302
2106,2404,2255,-298,4510
2268,2108,2188,160,4376
2380,2092,2236,288,4472
2293,2116,2204,177,4409
2211,2080,2145,131,4291
1987,2438,2212,-451,4425
2358,2217,2287,141,4575
2178,2386,2282,-208,4564
2150,2381,2265,-231,4531
2275,2233,2254,42,4508
2223,2157,2190,66,4380
2164,2303,2233,-139,4467
2338,2249,2293,89,4587
2018,2341,2179,-323,4359
2246,2092,2169,154,4338
2486,1856,2171,630,4342
2325,2248,2286,77,4573
1893,2453,2173,-560,4346
2104,2332,2218,-228,4436
2174,2235,2204,-61,4409
2213,1994,2103,219,4207
2449,2140,2294,309,4589
2196,2039,2117,157,4235
2223,2018,2120,205,4241
1907,2327,2117,-420,4234
2234,2107,2170,127,4341
2271,2102,2186,169,4373
2322,2223,2272,99,4545
2325,2117,2221,208,4442
2526,1987,2256,539,4513
1993,2268,2130,-275,4261
2166,2229,2197,-63,4395
2085,2392,2238,-307,4477
2197,2396,2296,-199,4593
2154,2440,2297,-286,4594
2367,2078,2222,289,4445
2020,2257,2138,-237,4277
2195,2026,2110,169,4221
2311,2185,2248,126,4496
2275,1928,2101,347,4203
2056,2420,2238,-364,4476
2433,2131,2282,302,4564
2018,2301,2159,-283,4319
2023,2337,2180,-314,4360
2116,2292,2204,-176,4408
2448,2143,2295,305,4591
2187,2276,2231,-89,4463
2269,1985,2127,284,4254
2270,2003,2136,267,4273
2315,2244,2279,71,4559
2208,2050,2129,158,4258
2309,2079,2194,230,4388
2285,2008,2146,277,4293
2029,2267,2148,-238,4296
2137,2291,2214,-154,4428
2317,2010,2163,307,4327
2430,2073,2251,357,4503
2020,2287,2153,-267,4307
2125,2318,2221,-193,4443
2296,2270,2283,26,4566
2384,1838,2111,546,4222
2268,2154,2211,114,4422
2221,2059,2140,162,4280
2410,1931,2170,479,4341
2257,2103,2180,154,4360
1949,2355,2152,-406,4304
2304,2083,2193,221,4387
2070,2134,2102,-64,4204
1992,2455,2223,-463,4447
2270,2051,2160,219,4321
2051,2183,2117,-132,4234
2163,2143,2153,20,4306
2083,2308,2195,-225,4391
2306,2039,2172,267,4345
2132,2252,2192,-120,4384
2206,2356,2281,-150,4562
2553,1971,2262,582,4524
2261,2153,2207,108,4414
2049,2336,2192,-287,4385
2291,2286,2288,5,4577
2341,2214,2277,127,4555
2363,2018,2190,345,4381
2026,2353,2189,-327,4379
2101,2287,2194,-186,4388
2257,2281,2269,-24,4538
2200,2127,2163,73,4327
2362,2231,2296,131,4593
2245,2163,2204,82,4408
2143,2217,2180,-74,4360
1978,2254,2116,-276,4232
2257,2057,2157,200,4314
2039,2197,2118,-158,4236
2274,2115,2194,159,4389
2225,2117,2171,108,4342
2198,2036,2117,162,4234
2152,2306,2229,-154,4458
2325,2086,2205,239,4411
2046,2408,2227,-362,4454
2386,2093,2239,293,4479
2177,2188,2182,-11,4365
2048,2526,2287,-478,4574
1960,2350,2155,-390,4310
2423,2043,2233,380,4466
2081,2171,2126,-90,4252
2301,2187,2244,114,4488
2304,2145,2224,159,4449
2004,2310,2157,-306,4314
2254,2241,2247,13,4495
2333,2263,2298,70,4596
2030,2370,2200,-340,4400
2392,1952,2172,440,4344
2357,2160,2258,197,4517
2205,2329,2267,-124,4534
2295,1959,2127,336,4254
2218,2252,2235,-34,4470
2266,1997,2131,269,4263
2343,2081,2212,262,4424
2270,2028,2149,242,4298
2295,2016,2155,279,4311
2099,2460,2279,-361,4559
2073,2296,2184,-223,4369
2177,2325,2251,-148,4502
2126,2200,2163,-74,4326
2082,2218,2150,-136,4300
2062,2281,2171,-219,4343
2285,2167,2226,118,4452
2375,2201,2288,174,4576
2271,2085,2178,186,4356
2174,2292,2233,-118,4466
2372,2176,2274,196,4548
2146,2208,2177,-62,4354
2140,2326,2233,-186,4466
2258,2178,2218,80,4436
2145,2215,2180,-70,4360
2121,2256,2188,-135,4377
1899,2508,2203,-609,4407
2223,2293,2258,-70,4516
2270,2301,2285,-31,4571
2327,2073,2200,254,4400
2159,2374,2266,-215,4533
2011,2228,2119,-217,4239
2204,2044,2124,160,4248
2133,2304,2218,-171,4437
2317,2236,2276,81,4553
2288,2123,2205,165,4411
2037,2170,2103,-133,4207
2213,2325,2269,-112,4538
2071,2438,2254,-367,4509
2196,2263,2229,-67,4459
2215,2343,2279,-128,4558
2211,2365,2288,-154,4576
2376,2018,2197,358,4394
2240,2325,2282,-85,4565
2290,2007,2148,283,4297
2208,2305,2256,-97,4513
2084,2211,2147,-127,4295
2184,2156,2170,28,4340
2080,2210,2145,-130,4290
2219,2129,2174,90,4348
2141,2312,2226,-171,4453
2122,2479,2300,-357,4601
2248,2082,2165,166,4330
2109,2431,2270,-322,4540
2260,2068,2164,192,4328
2178,2188,2183,-10,4366
2527,2006,2266,521,4533
2214,2111,2162,103,4325
2256,2067,2161,189,4323
2340,2223,2281,117,4563
2047,2234,2140,-187,4281
2177,2137,2157,40,4314
2217,2060,2138,157,4277
2241,2255,2248,-14,4496
1999,2274,2136,-275,4273
2426,2018,2222,408,4444
2393,2180,2286,213,4573
2131,2359,2245,-228,4490
2086,2302,2194,-216,4388
1987,2433,2210,-446,4420
2007,2323,2165,-316,4330
2199,2006,2102,193,4205
2324,2135,2229,189,4459
1938,2291,2114,-353,4229
2394,2006,2200,388,4400
2297,2244,2270,53,4541
1958,2499,2228,-541,4457
2326,2181,2253,145,4507
2194,2067,2130,127,4261
2313,2167,2240,146,4480
1982,2227,2104,-245,4209
2097,2222,2159,-125,4319
2110,2300,2205,-190,4410
2204,2113,2158,91,4317
2319,2175,2247,144,4494
2114,2268,2191,-154,4382
2119,2457,2288,-338,4576
2004,2437,2220,-433,4441
2179,2128,2153,51,4307
2100,2412,2256,-312,4512
2227,2118,2172,109,4345
1971,2384,2177,-413,4355
2298,2262,2280,36,4560
2044,2167,2105,-123,4211
2235,2073,2154,162,4308
2081,2181,2131,-100,4262
2203,2107,2155,96,4310
2270,2311,2290,-41,4581
2230,2258,2244,-28,4488
2135,2261,2198,-126,4396
2088,2170,2129,-82,4258
2092,2340,2216,-248,4432
2237,2240,2238,-3,4477
2271,2202,2236,69,4473
2388,2196,2292,192,4584
2050,2291,2170,-241,4341
2373,1940,2156,433,4313
2368,2096,2232,272,4464
2385,2094,2239,291,4479
2536,2049,2292,487,4585
2196,2299,2247,-103,4495
2260,2304,2282,-44,4564
2202,2296,2249,-94,4498
2029,2229,2129,-200,4258
2211,2377,2294,-166,4588
2485,1775,2130,710,4260
2362,2149,2255,213,4511
2281,1924,2102,357,4205
2129,2076,2102,53,4205
2108,2344,2226,-236,4452
2400,2145,2272,255,4545
2046,2292,2169,-246,4338
2343,2093,2218,250,4436
2358,2036,2197,322,4394
1978,2326,2152,-348,4304
2372,2182,2277,190,4554
2220,2328,2274,-108,4548
2224,2305,2264,-81,4529
2032,2474,2253,-442,4506
2280,2264,2272,16,4544
2059,2209,2134,-150,4268
2174,2108,2141,66,4282
2219,2040,2129,179,4259
2204,2107,2155,97,4311
1966,2361,2163,-395,4327
2235,2353,2294,-118,4588
2126,2359,2242,-233,4485
2300,2256,2278,44,4556
2272,2057,2164,215,4329
2305,2053,2179,252,4358
2485,2022,2253,463,4507
2145,2216,2180,-71,4361
2325,2253,2289,72,4578
2317,2100,2208,217,4417
2338,2210,2274,128,4548
2470,1968,2219,502,4438
2230,2112,2171,118,4342
2326,2197,2261,129,4523
2316,2258,2287,58,4574
2275,2133,2204,142,4408
2275,2204,2239,71,4479
2242,2071,2156,171,4313
2125,2475,2300,-350,4600
2171,2362,2266,-191,4533
2034,2246,2140,-212,4280
2307,2270,2288,37,4577
2120,2245,2182,-125,4365
2390,2016,2203,374,4406
1923,2408,2165,-485,4331
2282,2158,2220,124,4440
2048,2271,2159,-223,4319
2079,2354,2216,-275,4433
2051,2488,2269,-437,4539
2052,2319,2185,-267,4371
2236,2143,2189,93,4379
2170,2110,2140,60,4280
2108,2315,2211,-207,4423
2157,2058,2107,99,4215
2197,2268,2232,-71,4465
2036,2177,2106,-141,4213
1979,2238,2108,-259,4217
2151,2252,2201,-101,4403
2209,2337,2273,-128,4546
2125,2460,2292,-335,4585
2239,2021,2130,218,4260
2410,2098,2254,312,4508
2195,2261,2228,-66,4456
2399,2069,2234,330,4468
2092,2193,2142,-101,4285
2168,2221,2194,-53,4389
2182,2291,2236,-109,4473
2375,2147,2261,228,4522
2091,2262,2176,-171,4353
2222,2215,2218,7,4437
2289,2290,2289,-1,4579
1943,2449,2196,-506,4392
2176,2273,2224,-97,4449
2060,2195,2127,-135,4255
2184,2328,2256,-144,4512
2332,2056,2194,276,4388
2124,2277,2200,-153,4401
2363,2162,2262,201,4525
2163,2309,2236,-146,4472
2171,2225,2198,-54,4396
2235,1967,2101,268,4202
2345,2195,2270,150,4540
1855,2379,2117,-524,4234
2030,2225,2127,-195,4255
2404,2114,2259,290,4518
2225,2047,2136,178,4272
2298,2136,2217,162,4434
2226,1990,2108,236,4216
2228,2211,2219,17,4439
2056,2200,2128,-144,4256
2117,2316,2216,-199,4433
2207,2120,2163,87,4327
2142,2245,2193,-103,4387
2109,2174,2141,-65,4283
2455,2052,2253,403,4507
2197,2337,2267,-140,4534
2289,1946,2117,343,4235
2334,2220,2277,114,4554
2187,2206,2196,-19,4393
1684,2523,2103,-839,4207
2213,2007,2110,206,4220
2237,2263,2250,-26,4500
2195,2204,2199,-9,4399
2194,2327,2260,-133,4521
2413,2099,2256,314,4512
2073,2234,2153,-161,4307
2163,2060,2111,103,4223
2610,1871,2240,739,4481
1920,2513,2216,-593,4433
2139,2217,2178,-78,4356
2214,2057,2135,157,4271
2261,2256,2258,5,4517
2129,2275,2202,-146,4404
2132,2081,2106,51,4213
2261,1987,2124,274,4248
2339,2051,2195,288,4390
2291,2129,2210,162,4420
2107,2300,2203,-193,4407
2094,2346,2220,-252,4440
2171,2364,2267,-193,4535
2308,2088,2198,220,4396
2178,2366,2272,-188,4544
2250,1972,2111,278,4222
2364,2029,2196,335,4393
2224,2205,2214,19,4429
2056,2284,2170,-228,4340
2182,2126,2154,56,4308
2120,2110,2115,10,4230
2166,2090,2128,76,4256
2318,2206,2262,112,4524
2064,2202,2133,-138,4266
2130,2184,2157,-54,4314
2327,2217,2272,110,4544
2063,2522,2292,-459,4585
2303,2222,2262,81,4525
2102,2181,2141,-79,4283
2262,2034,2148,228,4296
2205,2275,2240,-70,4480
2233,2295,2264,-62,4528
2202,2359,2280,-157,4561
2230,2169,2199,61,4399
2469,2097,2283,372,4566
2134,2107,2120,27,4241
2221,2076,2148,145,4297
2223,2246,2234,-23,4469
2585,1965,2275,620,4550
2172,2113,2142,59,4285
2089,2262,2175,-173,4351
1942,2271,2106,-329,4213
2235,2090,2162,145,4325
2440,2160,2300,280,4600
2094,2369,2231,-275,4463
2293,2114,2203,179,4407
1819,2509,2164,-690,4328
2269,2060,2164,209,4329
2235,2275,2255,-40,4510
2054,2206,2130,-152,4260
2334,2182,2258,152,4516
2005,2232,2118,-227,4237
1899,2461,2180,-562,4360
1908,2483,2195,-575,4391
2073,2376,2224,-303,4449
2362,2125,2243,237,4487
2427,2036,2231,391,4463
2301,2249,2275,52,4550
2108,2383,2245,-275,4491
2241,2129,2185,112,4370
2357,2122,2239,235,4479
2148,2300,2224,-152,4448
2289,2108,2198,181,4397
2237,2117,2177,120,4354
2141,2284,2212,-143,4425
2007,2271,2139,-264,4278
2056,2521,2288,-465,4577
2460,2017,2238,443,4477
2133,2318,2225,-185,4451
2379,2089,2234,290,4468
2074,2277,2175,-203,4351
2310,2209,2259,101,4519
2047,2316,2181,-269,4363
2135,2295,2215,-160,4430
2285,2142,2213,143,4427
2298,2212,2255,86,4510
2311,1984,2147,327,4295
2074,2489,2281,-415,4563
1880,2427,2153,-547,4307
2356,2036,2196,320,4392
2229,2138,2183,91,4367
2169,2387,2278,-218,4556
2236,2236,2236,0,4472
2202,2118,2160,84,4320
2461,2125,2293,336,4586
2265,2079,2172,186,4344
2300,2293,2296,7,4593
2153,2255,2204,-102,4408
2233,2015,2124,218,4248
2095,2175,2135,-80,4270
2295,2210,2252,85,4505
2188,2017,2102,171,4205
2063,2234,2148,-171,4297
2307,2216,2261,91,4523
2117,2235,2176,-118,4352
2206,2187,2196,19,4393
2345,2154,2249,191,4499
2026,2224,2125,-198,4250
2249,2095,2172,154,4344
2319,2115,2217,204,4434
2004,2309,2156,-305,4313
2159,2210,2184,-51,4369
2064,2442,2253,-378,4506
2317,2257,2287,60,4574
2362,2205,2283,157,4567
2189,2350,2269,-161,4539
2304,2229,2266,75,4533
2345,2175,2260,170,4520
2317,2203,2260,114,4520
2037,2290,2163,-253,4327
2273,2259,2266,14,4532
2210,1995,2102,215,4205
2196,2077,2136,119,4273
2051,2171,2111,-120,4222
2181,2326,2253,-145,4507
2067,2487,2277,-420,4554
2197,2287,2242,-90,4484
1994,2298,2146,-304,4292
2466,2072,2269,394,4538
2489,1977,2233,512,4466
2203,2258,2230,-55,4461
2053,2281,2167,-228,4334
2409,2179,2294,230,4588
2183,2347,2265,-164,4530
2110,2253,2181,-143,4363
2347,2189,2268,158,4536
2317,1972,2144,345,4289
2289,2278,2283,11,4567
2122,2265,2193,-143,4387
2222,2144,2183,78,4366
2394,2106,2250,288,4500
2226,2057,2141,169,4283
2103,2208,2155,-105,4311
2274,2069,2171,205,4343
1962,2638,2300,-676,4600
2115,2441,2278,-326,4556
2002,2366,2184,-364,4368
2066,2278,2172,-212,4344
1778,2455,2116,-677,4233
2224,2254,2239,-30,4478
2056,2326,2191,-270,4382
2032,2287,2159,-255,4319
2080,2267,2173,-187,4347
2183,2062,2122,121,4245
2132,2322,2227,-190,4454
2249,2272,2260,-23,4521
2297,2213,2255,84,4510
2355,2072,2213,283,4427
2146,2390,2268,-244,4536
2164,2401,2282,-237,4565
2120,2258,2189,-138,4378
2158,2385,2271,-227,4543
2335,2002,2168,333,4337
2124,2417,2270,-293,4541
2108,2286,2197,-178,4394
2155,2441,2298,-286,4596
2363,2149,2256,214,4512
2358,2132,2245,226,4490
2101,2117,2109,-16,4218
2221,2016,2118,205,4237
2122,2305,2213,-183,4427
2529,2001,2265,528,4530
1904,2315,2109,-411,4219
2326,2255,2290,71,4581
1978,2251,2114,-273,4229
2357,2239,2298,118,4596
2191,2275,2233,-84,4466
2245,2036,2140,209,4281
2252,1965,2108,287,4217
2123,2303,2213,-180,4426
2328,2148,2238,180,4476
2325,2167,2246,158,4492
2263,2109,2186,154,4372
2149,2202,2175,-53,4351
2190,2406,2298,-216,4596
2263,2227,2245,36,4490
1899,2527,2213,-628,4426
2329,2104,2216,225,4433
2036,2190,2113,-154,4226
2153,2129,2141,24,4282
2311,1944,2127,367,4255
2086,2116,2101,-30,4202
2272,2048,2160,224,4320
2119,2229,2174,-110,4348
2094,2390,2242,-296,4484
2118,2299,2208,-181,4417
2125,2258,2191,-133,4383
2362,2026,2194,336,4388
2490,2007,2248,483,4497
2298,2165,2231,133,4463
2149,2344,2246,-195,4493
2367,2134,2250,233,4501
2328,2140,2234,188,4468
2227,2166,2196,61,4393
2155,2438,2296,-283,4593
2183,2021,2102,162,4204
2045,2208,2126,-163,4253
2216,2252,2234,-36,4468
2193,2396,2294,-203,4589
2321,2264,2292,57,4585
2133,2343,2238,-210,4476
2222,2270,2246,-48,4492
2229,2320,2274,-91,4549
2100,2211,2155,-111,4311
1981,2458,2219,-477,4439
1863,2362,2112,-499,4225
2263,2002,2132,261,4265
2032,2474,2253,-442,4506
2159,2422,2290,-263,4581
2073,2389,2231,-316,4462
2381,2130,2255,251,4511
2064,2253,2158,-189,4317
2029,2385,2207,-356,4414
2436,2032,2234,404,4468
2289,2242,2265,47,4531
1892,2335,2113,-443,4227
2351,2050,2200,301,4401
2168,2249,2208,-81,4417
2503,1826,2164,677,4329
2321,1985,2153,336,4306
2253,2274,2263,-21,4527
2121,2215,2168,-94,4336
2180,2219,2199,-39,4399
2006,2420,2213,-414,4426
2112,2340,2226,-228,4452
2244,2268,2256,-24,4512
2291,2086,2188,205,4377
2161,2215,2188,-54,4376
2207,2386,2296,-179,4593
2070,2319,2194,-249,4389
2256,2014,2135,242,4270
2232,2278,2255,-46,4510
2285,2208,2246,77,4493
2449,1891,2170,558,4340
2098,2269,2183,-171,4367
2234,2237,2235,-3,4471
2045,2382,2213,-337,4427
2107,2376,2241,-269,4483
1969,2369,2169,-400,4338
2247,2345,2296,-98,4592
2211,2350,2280,-139,4561
2160,2308,2234,-148,4468
2036,2197,2116,-161,4233
2104,2220,2162,-116,4324
2419,2069,2244,350,4488
2273,2124,2198,149,4397
2157,2271,2214,-114,4428
2156,2266,2211,-110,4422
2439,1952,2195,487,4391
2333,2231,2282,102,4564
2126,2457,2291,-331,4583
2449,2099,2274,350,4548
2224,2038,2131,186,4262
2230,2300,2265,-70,4530
2382,2005,2193,377,4387
2107,2095,2101,12,4202
2250,2265,2257,-15,4515
2366,2164,2265,202,4530
2159,2342,2250,-183,4501
2304,2116,2210,188,4420
2259,1993,2126,266,4252
2211,2272,2241,-61,4483
2423,1932,2177,491,4355
2017,2459,2238,-442,4476
2147,2350,2248,-203,4497
2099,2281,2190,-182,4380
2030,2293,2161,-263,4323
2216,2096,2156,120,4312
2225,2274,2249,-49,4499
2375,2037,2206,338,4412
1793,2522,2157,-729,4315
2118,2351,2234,-233,4469
2240,2250,2245,-10,4490
2297,2210,2253,87,4507
2146,2195,2170,-49,4341
2217,2124,2170,93,4341
2274,2284,2279,-10,4558
2186,2335,2260,-149,4521
1842,2583,2212,-741,4425
2307,2039,2173,268,4346
2073,2226,2149,-153,4299
2243,2216,2229,27,4459
2216,2179,2197,37,4395
2339,2078,2208,261,4417
2065,2203,2134,-138,4268
1917,2467,2192,-550,4384
2087,2377,2232,-290,4464
2239,2088,2163,151,4327
2073,2292,2182,-219,4365
2377,2176,2276,201,4553
2404,2159,2281,245,4563
1993,2390,2191,-397,4383
1961,2531,2246,-570,4492
2145,2115,2130,30,4260
2117,2201,2159,-84,4318
2164,2135,2149,29,4299
2258,2275,2266,-17,4533
2096,2403,2249,-307,4499
2282,2135,2208,147,4417
2407,2112,2259,295,4519
1948,2364,2156,-416,4312
2059,2235,2147,-176,4294
2227,1987,2107,240,4214
2081,2216,2148,-135,4297
2161,2250,2205,-89,4411
1926,2308,2117,-382,4234
2320,1981,2150,339,4301
2389,2126,2257,263,4515
2089,2422,2255,-333,4511
2187,2116,2151,71,4303
2306,2210,2258,96,4516
2071,2269,2170,-198,4340
2254,2049,2151,205,4303
2200,2169,2184,31,4369
2455,2021,2238,434,4476
2302,2211,2256,91,4513
2274,2156,2215,118,4430
2206,2364,2285,-158,4570
2188,2399,2293,-211,4587
2060,2208,2134,-148,4268
2382,2165,2273,217,4547
2261,2003,2132,258,4264
2242,2280,2261,-38,4522
2282,2028,2155,254,4310
1986,2441,2213,-455,4427
2337,2034,2185,303,4371
2267,2003,2135,264,4270
2013,2305,2159,-292,4318
1932,2452,2192,-520,4384
2002,2232,2117,-230,4234
2082,2351,2216,-269,4433
2127,2377,2252,-250,4504
2243,2059,2151,184,4302
2382,2129,2255,253,4511
2201,2342,2271,-141,4543
2406,2108,2257,298,4514
2002,2205,2103,-203,4207
2151,2383,2267,-232,4534
2266,2177,2221,89,4443
2242,2053,2147,189,4295
2371,2048,2209,323,4419
2061,2359,2210,-298,4420
2303,2270,2286,33,4573
2140,2351,2245,-211,4491
2347,2229,2288,118,4576
2144,2153,2148,-9,4297
2373,1963,2168,410,4336
2368,2099,2233,269,4467
2111,2094,2102,17,4205
2270,2142,2206,128,4412
2282,2133,2207,149,4415
2401,2165,2283,236,4566
2226,2107,2166,119,4333
2278,2197,2237,81,4475
2075,2457,2266,-382,4532
2147,2198,2172,-51,4345
2124,2285,2204,-161,4409
2231,2048,2139,183,4279
2182,2406,2294,-224,4588
2366,2184,2275,182,4550
2291,2102,2196,189,4393
2156,2267,2211,-111,4423
2023,2217,2120,-194,4240
2377,2128,2252,249,4505
2040,2272,2156,-232,4312
2230,2303,2266,-73,4533
2135,2394,2264,-259,4529
2126,2225,2175,-99,4351
1999,2222,2110,-223,4221
2146,2238,2192,-92,4384
2136,2272,2204,-136,4408
2169,2168,2168,1,4337
2030,2416,2223,-386,4446
2133,2070,2101,63,4203
2328,2123,2225,205,4451
2324,2049,2186,275,4373
2245,1966,2105,279,4211
2024,2280,2152,-256,4304
2062,2476,2269,-414,4538
2135,2170,2152,-35,4305
2097,2190,2143,-93,4287
2285,2222,2253,63,4507
2225,2280,2252,-55,4505
2350,2135,2242,215,4485
2055,2365,2210,-310,4420
2096,2504,2300,-408,4600
2219,2027,2123,192,4246
2134,2243,2188,-109,4377
2058,2201,2129,-143,4259
2083,2197,2140,-114,4280
2049,2174,2111,-125,4223
2067,2266,2166,-199,4333
2147,2233,2190,-86,4380
1944,2303,2123,-359,4247
2563,2013,2288,550,4576
2311,2225,2268,86,4536
2209,2308,2258,-99,4517
2351,2195,2273,156,4546
2122,2405,2263,-283,4527
2010,2278,2144,-268,4288
2121,2192,2156,-71,4313
2193,2364,2278,-171,4557
2091,2489,2290,-398,4580
2352,2155,2253,197,4507
2058,2381,2219,-323,4439
2391,2161,2276,230,4552
2329,2209,2269,120,4538
2247,2040,2143,207,4287
2456,2115,2285,341,4571
2295,2211,2253,84,4506
2342,2043,2192,299,4385
2224,2055,2139,169,4279
2331,2014,2172,317,4345
2186,2115,2150,71,4301
2492,2092,2292,400,4584
2344,2199,2271,145,4543
2060,2487,2273,-427,4547
2408,2126,2267,282,4534
2212,2025,2118,187,4237
2000,2235,2117,-235,4235
2069,2319,2194,-250,4388
2181,2098,2139,83,4279
2100,2498,2299,-398,4598
2205,2029,2117,176,4234
2183,2318,2250,-135,4501
2293,2062,2177,231,4355
2249,2011,2130,238,4260
2297,2046,2171,251,4343
2359,2074,2216,285,4433
2191,2300,2245,-109,4491
2377,2114,2245,263,4491
2372,1998,2185,374,4370
2244,2093,2168,151,4337
2286,2237,2261,49,4523
2122,2265,2193,-143,4387
2394,2135,2264,259,4529
2101,2373,2237,-272,4474
2064,2262,2163,-198,4326
2415,2133,2274,282,4548
2258,2329,2293,-71,4587
2317,2244,2280,73,4561
2306,2025,2165,281,4331
2121,2218,2169,-97,4339
2554,1875,2214,679,4429
2314,2244,2279,70,4558
2182,2054,2118,128,4236
2394,1880,2137,514,4274
2008,2226,2117,-218,4234
2237,2102,2169,135,4339
2141,2198,2169,-57,4339
2231,2352,2291,-121,4583
2187,2362,2274,-175,4549
2105,2313,2209,-208,4418
2315,2261,2288,54,4576
1899,2489,2194,-590,4388
2349,2120,2234,229,4469
2296,2220,2258,76,4516
2113,2198,2155,-85,4311
2154,2149,2151,5,4303
2388,2203,2295,185,4591
2334,2156,2245,178,4490
1964,2324,2144,-360,4288
1891,2313,2102,-422,4204
2212,2350,2281,-138,4562
2420,1823,2121,597,4243
2330,2239,2284,91,4569
2173,2190,2181,-17,4363
2290,2063,2176,227,4353
2458,2120,2289,338,4578
2329,1909,2119,420,4238
2025,2551,2288,-526,4576
2178,2135,2156,43,4313
2440,2085,2262,355,4525
1938,2399,2168,-461,4337
2201,2145,2173,56,4346
2004,2251,2127,-247,4255
2255,1996,2125,259,4251
2194,2294,2244,-100,4488
2188,2315,2251,-127,4503
2211,2040,2125,171,4251
2392,1936,2164,456,4328
2276,2059,2167,217,4335
2284,2236,2260,48,4520
2121,2399,2260,-278,4520
2242,2180,2211,62,4422
2418,2142,2280,276,4560
2364,2118,2241,246,4482
2332,2086,2209,246,4418
2043,2219,2131,-176,4262
2340,2033,2186,307,4373
2139,2399,2269,-260,4538
2227,1988,2107,239,4215
2506,2009,2257,497,4515
2105,2135,2120,-30,4240
2268,2203,2235,65,4471
2219,2038,2128,181,4257
2048,2272,2160,-224,4320
2305,2138,2221,167,4443
2455,2145,2300,310,4600
2061,2341,2201,-280,4402
2195,2080,2137,115,4275
2433,1796,2114,637,4229
2307,2221,2264,86,4528
2247,2100,2173,147,4347
2297,2238,2267,59,4535
2096,2116,2106,-20,4212
2282,2041,2161,241,4323
2170,2321,2245,-151,4491
2458,2085,2271,373,4543
2049,2298,2173,-249,4347
2360,2212,2286,148,4572
2261,2161,2211,100,4422
2250,2063,2156,187,4313
2365,2002,2183,363,4367
2312,2285,2298,27,4597
2150,2089,2119,61,4239
2225,2129,2177,96,4354
2206,2370,2288,-164,4576
2255,2002,2128,253,4257
2046,2517,2281,-471,4563
2234,2201,2217,33,4435
2117,2464,2290,-347,4581
2081,2478,2279,-397,4559
2073,2325,2199,-252,4398
2275,2268,2271,7,4543
2109,2148,2128,-39,4257
2075,2133,2104,-58,4208
2000,2206,2103,-206,4206
2348,2119,2233,229,4467
2183,2255,2219,-72,4438
2202,2309,2255,-107,4511
2200,2283,2241,-83,4483
2328,2123,2225,205,4451
2222,2378,2300,-156,4600
2315,2081,2198,234,4396
2263,2008,2135,255,4271
2259,2261,2260,-2,4520
2076,2437,2256,-361,4513
2172,2405,2288,-233,4577
2398,2119,2258,279,4517
2115,2096,2105,19,4211
2435,2017,2226,418,4452
2122,2133,2127,-11,4255
1812,2413,2112,-601,4225
2136,2361,2248,-225,4497
2384,2180,2282,204,4564
2123,2200,2161,-77,4323
2184,2261,2222,-77,4445
2268,2064,2166,204,4332
1983,2244,2113,-261,4227
2394,2120,2257,274,4514
2305,2184,2244,121,4489
2057,2227,2142,-170,4284
2237,2016,2126,221,4253
2200,2017,2108,183,4217
2154,2209,2181,-55,4363
2081,2505,2293,-424,4586
2076,2289,2182,-213,4365
2463,1997,2230,466,4460
2152,2329,2240,-177,4481
2211,2305,2258,-94,4516
2171,2190,2180,-19,4361
2009,2273,2141,-264,4282
2267,2046,2156,221,4313
2203,2265,2234,-62,4468
2394,2078,2236,316,4472
2219,2317,2268,-98,4536
2474,1937,2205,537,4411
2043,2363,2203,-320,4406
2177,2304,2240,-127,4481
2172,2042,2107,130,4214
2002,2289,2145,-287,4291
2078,2157,2117,-79,4235
1988,2257,2122,-269,4245
2212,2325,2268,-113,4537
2082,2219,2150,-137,4301
2167,2360,2263,-193,4527
1937,2342,2139,-405,4279
2252,2143,2197,109,4395
2564,1999,2281,565,4563
2084,2243,2163,-159,4327
2181,2275,2228,-94,4456
2223,2291,2257,-68,4514
2118,2283,2200,-165,4401
2112,2288,2200,-176,4400
2284,2289,2286,-5,4573
2131,2303,2217,-172,4434
2087,2347,2217,-260,4434
2107,2365,2236,-258,4472
2186,2382,2284,-196,4568
2211,2241,2226,-30,4452
2281,2118,2199,163,4399
2238,2355,2296,-117,4593
2353,2220,2286,133,4573
2176,2406,2291,-230,4582
2248,2111,2179,137,4359
2355,2087,2221,268,4442
2189,2107,2148,82,4296
2191,2408,2299,-217,4599
2338,2108,2223,230,4446
2136,2221,2178,-85,4357
1958,2354,2156,-396,4312
2410,2000,2205,410,4410
2300,2221,2260,79,4521
2167,2344,2255,-177,4511
2048,2212,2130,-164,4260
2084,2187,2135,-103,4271
2203,2021,2112,182,4224
2203,2078,2140,125,4281
2318,2202,2260,116,4520
2296,2098,2197,198,4394
2259,1983,2121,276,4242
2214,2123,2168,91,4337
2232,2201,2216,31,4433
2256,2150,2203,106,4406
2251,2317,2284,-66,4568
2227,2052,2139,175,4279
2169,2305,2237,-136,4474
2113,2354,2233,-241,4467
2158,2254,2206,-96,4412
2083,2228,2155,-145,4311
2239,2287,2263,-48,4526
2284,2224,2254,60,4508
2287,2071,2179,216,4358
1991,2401,2196,-410,4392
2175,2360,2267,-185,4535
2106,2437,2271,-331,4543
2210,2103,2156,107,4313
2065,2268,2166,-203,4333
2329,2132,2230,197,4461
2450,1787,2118,663,4237
2266,2302,2284,-36,4568
2056,2244,2150,-188,4300
1971,2427,2199,-456,4398
2173,2283,2228,-110,4456
2278,2027,2152,251,4305
2075,2184,2129,-109,4259
2188,2277,2232,-89,4465
2221,2353,2287,-132,4574
2318,2231,2274,87,4549
1936,2496,2216,-560,4432
1881,2408,2144,-527,4289
2284,2079,2181,205,4363
2200,2042,2121,158,4242
2070,2256,2163,-186,4326
2314,2204,2259,110,4518
2265,2330,2297,-65,4595
2202,2270,2236,-68,4472
2077,2322,2199,-245,4399
2298,1986,2142,312,4284
2361,1879,2120,482,4240
2220,2260,2240,-40,4480
2157,2081,2119,76,4238
2263,2261,2262,2,4524
2081,2359,2220,-278,4440
2423,2158,2290,265,4581
2272,2041,2156,231,4313
2262,1997,2129,265,4259
2382,1901,2141,481,4283
2024,2189,2106,-165,4213
2328,1991,2159,337,4319
2112,2471,2291,-359,4583
2015,2574,2294,-559,4589
2170,2379,2274,-209,4549
2460,1850,2155,610,4310
2003,2531,2267,-528,4534
2006,2225,2115,-219,4231
2181,2280,2230,-99,4461
2048,2342,2195,-294,4390
2166,2273,2219,-107,4439
2259,2219,2239,40,4478
1957,2323,2140,-366,4280
2177,2157,2167,20,4334
2404,2135,2269,269,4539
2434,2123,2278,311,4557
2454,2123,2288,331,4577
2342,2135,2238,207,4477
2290,2220,2255,70,4510
1976,2291,2133,-315,4267
2227,2373,2300,-146,4600
2341,2189,2265,152,4530
2235,2201,2218,34,4436
2048,2286,2167,-238,4334
2334,1912,2123,422,4246
2231,2020,2125,211,4251
2344,2206,2275,138,4550
1855,2407,2131,-552,4262
2474,2064,2269,410,4538
2245,2262,2253,-17,4507
2405,2179,2292,226,4584
2337,1867,2102,470,4204
2053,2234,2143,-181,4287
2221,2182,2201,39,4403
2369,2146,2257,223,4515
2354,2129,2241,225,4483
2341,1998,2169,343,4339
2353,2188,2270,165,4541
2073,2250,2161,-177,4323
1998,2334,2166,-336,4332
1940,2379,2159,-439,4319
2200,2067,2133,133,4267
2085,2262,2173,-177,4347
2328,2190,2259,138,4518
2500,2034,2267,466,4534
2091,2502,2296,-411,4593
2035,2337,2186,-302,4372
2263,2209,2236,54,4472
2350,2099,2224,251,4449
2190,2227,2208,-37,4417
2041,2239,2140,-198,4280
2288,2084,2186,204,4372
2060,2218,2139,-158,4278
2213,2159,2186,54,4372
2070,2226,2148,-156,4296
2151,2192,2171,-41,4343
2385,1927,2156,458,4312
2434,2005,2219,429,4439
2104,2233,2168,-129,4337
2459,1943,2201,516,4402
2081,2260,2170,-179,4341
2469,2126,2297,343,4595
1939,2532,2235,-593,4471
2376,2187,2281,189,4563
2362,1896,2129,466,4258
2143,2267,2205,-124,4410
2075,2298,2186,-223,4373
2339,2074,2206,265,4413
2204,2368,2286,-164,4572
2700,1710,2205,990,4410
2070,2234,2152,-164,4304
2184,2083,2133,101,4267
2199,2331,2265,-132,4530
2139,2169,2154,-30,4308
2204,2003,2103,201,4207
2191,2202,2196,-11,4393
2240,2006,2123,234,4246
2277,2194,2235,83,4471
2260,2044,2152,216,4304
2625,1816,2220,809,4441
2349,1978,2163,371,4327
2067,2293,2180,-226,4360
2423,2145,2284,278,4568
2199,2325,2262,-126,4524
2439,2125,2282,314,4564
2157,2319,2238,-162,4476
2059,2340,2199,-281,4399
2017,2215,2116,-198,4232
2116,2208,2162,-92,4324
2190,2135,2162,55,4325
2132,2384,2258,-252,4516
2223,2091,2157,132,4314
1995,2355,2175,-360,4350
2354,2034,2194,320,4388
2013,2302,2157,-289,4315
2372,2156,2264,216,4528
2080,2209,2144,-129,4289
2515,2026,2270,489,4541
1980,2223,2101,-243,4203
2210,1993,2101,217,4203
2275,2129,2202,146,4404
2261,2274,2267,-13,4535
2155,2220,2187,-65,4375
2432,2086,2259,346,4518
2484,1950,2217,534,4434
2168,2420,2294,-252,4588
2337,2264,2300,73,4601
2189,2350,2269,-161,4539
2327,2034,2180,293,4361
2289,1939,2114,350,4228
2289,2171,2230,118,4460
2323,2241,2282,82,4564
2102,2427,2264,-325,4529
2229,2191,2210,38,4420
2402,1894,2148,508,4296
2201,2299,2250,-98,4500
2111,2249,2180,-138,4360
2208,2216,2212,-8,4424
2345,2100,2222,245,4445
1928,2351,2139,-423,4279
2119,2132,2125,-13,4251
2186,2082,2134,104,4268
2218,2297,2257,-79,4515
2210,2365,2287,-155,4575
2385,2195,2290,190,4580
2071,2248,2159,-177,4319
2322,2016,2169,306,4338
2146,2346,2246,-200,4492
2132,2363,2247,-231,4495
2255,2242,2248,13,4497
2025,2213,2119,-188,4238
2399,1901,2150,498,4300
2337,2220,2278,117,4557
2238,2120,2179,118,4358
1985,2451,2218,-466,4436
2310,2239,2274,71,4549
2355,2153,2254,202,4508
2153,2280,2216,-127,4433
2250,2043,2146,207,4293
2454,1767,2110,687,4221
2145,2283,2214,-138,4428
2036,2276,2156,-240,4312
2304,2175,2239,129,4479
2088,2319,2203,-231,4407
2253,2188,2220,65,4441
2358,2216,2287,142,4574
2249,2222,2235,27,4471
1923,2429,2176,-506,4352
2307,2135,2221,172,4442
2081,2218,2149,-137,4299
2088,2211,2149,-123,4299
2216,2306,2261,-90,4522
2319,1995,2157,324,4314
2406,1951,2178,455,4357
2113,2234,2173,-121,4347
2169,2403,2286,-234,4572
2240,1970,2105,270,4210
2417,2156,2286,261,4573
2161,2281,2221,-120,4442
2114,2281,2197,-167,4395
2256,2008,2132,248,4264
2404,2164,2284,240,4568
2273,2257,2265,16,4530
2256,2307,2281,-51,4563
2128,2076,2102,52,4204
2348,2228,2288,120,4576
2279,2228,2253,51,4507
2011,2226,2118,-215,4237
2071,2316,2193,-245,4387
2302,2091,2196,211,4393
2103,2288,2195,-185,4391
2382,2162,2272,220,4544
2252,2169,2210,83,4421
2195,2381,2288,-186,4576
2385,1979,2182,406,4364
2329,2101,2215,228,4430
2225,2014,2119,211,4239
2195,2219,2207,-24,4414
2401,2001,2201,400,4402
2184,2276,2230,-92,4460
2125,2252,2188,-127,4377
2182,2266,2224,-84,4448
1954,2362,2158,-408,4316
2104,2475,2289,-371,4579
2092,2277,2184,-185,4369
2086,2148,2117,-62,4234
2279,2277,2278,2,4556
2245,1986,2115,259,4231
2378,1935,2156,443,4313
2260,2130,2195,130,4390
2038,2290,2164,-252,4328
2247,2001,2124,246,4248
2149,2268,2208,-119,4417
2100,2217,2158,-117,4317
2025,2326,2175,-301,4351
2251,2219,2235,32,4470
2037,2216,2126,-179,4253
2408,2123,2265,285,4531
2123,2298,2210,-175,4421
2182,2328,2255,-146,4510
1883,2349,2116,-466,4232
2375,2129,2252,246,4504
1893,2530,2211,-637,4423
2379,2057,2218,322,4436
2188,2393,2290,-205,4581
2315,1942,2128,373,4257
2346,2146,2246,200,4492
2018,2293,2155,-275,4311
2120,2349,2234,-229,4469
2182,2081,2131,101,4263
2150,2361,2255,-211,4511
2141,2220,2180,-79,4361
2319,2108,2213,211,4427
2147,2279,2213,-132,4426
2062,2238,2150,-176,4300
2113,2403,2258,-290,4516
2418,2172,2295,246,4590
2345,2049,2197,296,4394
2263,2249,2256,14,4512
1827,2598,2212,-771,4425
2065,2291,2178,-226,4356
2283,2001,2142,282,4284
2309,2120,2214,189,4429
2443,2012,2227,431,4455
2256,2181,2218,75,4437
2055,2288,2171,-233,4343
2371,2020,2195,351,4391
2361,2021,2191,340,4382
2015,2415,2215,-400,4430
2511,1728,2119,783,4239
2274,2131,2202,143,4405
1984,2275,2129,-291,4259
2322,2234,2278,88,4556
2384,2121,2252,263,4505
2264,2085,2174,179,4349
2268,2049,2158,219,4317
2122,2310,2216,-188,4432
2266,1994,2130,272,4260
2239,1981,2110,258,4220
2149,2282,2215,-133,4431
2254,2118,2186,136,4372
2030,2175,2102,-145,4205
2172,2030,2101,142,4202
2106,2377,2241,-271,4483
2468,2057,2262,411,4525
2374,2183,2278,191,4557
2077,2167,2122,-90,4244
2324,2070,2197,254,4394
2029,2442,2235,-413,4471
2387,2103,2245,284,4490
1885,2345,2115,-460,4230
2062,2157,2109,-95,4219
2086,2366,2226,-280,4452
2167,2263,2215,-96,4430
2044,2420,2232,-376,4464
2030,2375,2202,-345,4405
2366,2190,2278,176,4556
2274,2169,2221,105,4443
2137,2147,2142,-10,4284
2302,2226,2264,76,4528
2276,2069,2172,207,4345
2044,2254,2149,-210,4298
2258,2184,2221,74,4442
2105,2351,2228,-246,4456
1905,2303,2104,-398,4208
2296,2133,2214,163,4429
2136,2376,2256,-240,4512
2182,2254,2218,-72,4436
2412,2158,2285,254,4570
2064,2205,2134,-141,4269
2167,2319,2243,-152,4486
2469,1981,2225,488,4450
2074,2403,2238,-329,4477
2248,2321,2284,-73,4569
2056,2250,2153,-194,4306
2414,1994,2204,420,4408
2319,2076,2197,243,4395
2397,1874,2135,523,4271
1992,2305,2148,-313,4297
2360,1883,2121,477,4243
2085,2325,2205,-240,4410
2227,2211,2219,16,4438
2057,2256,2156,-199,4313
2142,2349,2245,-207,4491
2277,1992,2134,285,4269
2021,2263,2142,-242,4284
2063,2281,2172,-218,4344
2315,2263,2289,52,4578
2487,1911,2199,576,4398
2045,2369,2207,-324,4414
2268,2090,2179,178,4358
1921,2294,2107,-373,4215
2280,2025,2152,255,4305
2370,2107,2238,263,4477
2276,2077,2176,199,4353
2255,2039,2147,216,4294
2157,2132,2144,25,4289
2039,2378,2208,-339,4417
2203,2323,2263,-120,4526
2234,2097,2165,137,4331
2080,2220,2150,-140,4300
2217,2316,2266,-99,4533
2281,2240,2260,41,4521
2258,1982,2120,276,4240
2301,2081,2191,220,4382
2216,2336,2276,-120,4552
2103,2445,2274,-342,4548
2196,2371,2283,-175,4567
2208,2191,2199,17,4399
2069,2462,2265,-393,4531
2154,2097,2125,57,4251
2142,2220,2181,-78,4362
2430,2153,2291,277,4583
2313,2273,2293,40,4586
2274,2168,2221,106,4442
2086,2222,2154,-136,4308
2165,2229,2197,-64,4394
2276,1971,2123,305,4247
2397,2193,2295,204,4590
2248,2212,2230,36,4460
2086,2175,2130,-89,4261
2265,2032,2148,233,4297
2334,2183,2258,151,4517
2224,2198,2211,26,4422
2162,2256,2209,-94,4418
2272,2047,2159,225,4319
2188,2306,2247,-118,4494
2097,2236,2166,-139,4333
2352,2242,2297,110,4594
2276,2118,2197,158,4394
2229,1988,2108,241,4217
2084,2247,2165,-163,4331
2269,2203,2236,66,4472
2291,2047,2169,244,4338
2085,2306,2195,-221,4391
2237,2161,2199,76,4398
2256,2240,2248,16,4496
2489,1977,2233,512,4466
2097,2394,2245,-297,4491
2200,2186,2193,14,4386
2277,1973,2125,304,4250
1964,2333,2148,-369,4297
2304,2140,2222,164,4444
2057,2376,2216,-319,4433
2079,2218,2148,-139,4297
2435,2147,2291,288,4582
2130,2217,2173,-87,4347
2379,2069,2224,310,4448
2104,2364,2234,-260,4468
2452,2148,2300,304,4600
2149,2399,2274,-250,4548
2262,2067,2164,195,4329
2335,2097,2216,238,4432
2232,2097,2164,135,4329
2201,2300,2250,-99,4501
2128,2368,2248,-240,4496
2509,2062,2285,447,4571
2408,2174,2291,234,4582
2187,2237,2212,-50,4424
1971,2289,2130,-318,4260
2040,2329,2184,-289,4369
2328,2203,2265,125,4531
2423,2072,2247,351,4495
2167,2351,2259,-184,4518
2273,2259,2266,14,4532
2277,2270,2273,7,4547
2134,2337,2235,-203,4471
2209,2245,2227,-36,4454
2073,2355,2214,-282,4428
2298,2057,2177,241,4355
2197,2019,2108,178,4216
2220,2196,2208,24,4416
2236,1985,2110,251,4221
2395,1970,2182,425,4365
2129,2166,2147,-37,4295
2115,2287,2201,-172,4402
2377,2189,2283,188,4566
2176,2277,2226,-101,4453
1952,2260,2106,-308,4212
2414,2183,2298,231,4597
1880,2346,2113,-466,4226
2135,2194,2164,-59,4329
2169,2329,2249,-160,4498
2122,2311,2216,-189,4433
2357,2214,2285,143,4571
2269,2060,2164,209,4329
2285,2035,2160,250,4320
2265,2247,2256,18,4512
2266,1944,2105,322,4210
2083,2261,2172,-178,4344
2232,2242,2237,-10,4474
2093,2247,2170,-154,4340
2154,2257,2205,-103,4411
2354,2213,2283,141,4567
2158,2414,2286,-256,4572
2346,2176,2261,170,4522
2334,2250,2292,84,4584
2087,2205,2146,-118,4292
2353,1909,2131,444,4262
2119,2173,2146,-54,4292
2303,2165,2234,138,4468
2120,2211,2165,-91,4331
2292,2048,2170,244,4340
2353,2066,2209,287,4419
2070,2303,2186,-233,4373
2299,2147,2223,152,4446
2328,2131,2229,197,4459
2233,2122,2177,111,4355
2240,1988,2114,252,4228
2025,2468,2246,-443,4493
2395,2074,2234,321,4469
2080,2252,2166,-172,4332
2141,2084,2112,57,4225
2128,2323,2225,-195,4451
2064,2529,2296,-465,4593
2344,2152,2248,192,4496
2053,2474,2263,-421,4527
2342,2201,2271,141,4543
2194,2246,2220,-52,4440
2292,2256,2274,36,4548
2045,2369,2207,-324,4414
2484,2098,2291,386,4582
2096,2270,2183,-174,4366
2336,2134,2235,202,4470
2205,2282,2243,-77,4487
2278,2266,2272,12,4544
2094,2470,2282,-376,4564
2230,2038,2134,192,4268
2230,2089,2159,141,4319
2036,2256,2146,-220,4292
2201,2220,2210,-19,4421
1827,2424,2125,-597,4251
2090,2429,2259,-339,4519
2351,2042,2196,309,4393
2294,2226,2260,68,4520
2238,2064,2151,174,4302
2308,2257,2282,51,4565
2162,2380,2271,-218,4542
2036,2251,2143,-215,4287
2135,2098,2116,37,4233
1888,2555,2221,-667,4443
2148,2195,2171,-47,4343
1893,2368,2130,-475,4261
2014,2318,2166,-304,4332
2269,2302,2285,-33,4571
2261,2202,2231,59,4463
2113,2181,2147,-68,4294
2362,2082,2222,280,4444
2178,2161,2169,17,4339
2055,2158,2106,-103,4213
2179,2323,2251,-144,4502
2045,2179,2112,-134,4224
2276,2103,2189,173,4379
2300,2055,2177,245,4355
2502,2031,2266,471,4533
2052,2399,2225,-347,4451
2478,2044,2261,434,4522
2040,2238,2139,-198,4278
2397,2109,2253,288,4506
2327,1996,2161,331,4323
2265,2018,2141,247,4283
2393,2198,2295,195,4591
2069,2185,2127,-116,4254
2168,2140,2154,28,4308
2055,2381,2218,-326,4436
2100,2106,2103,-6,4206
2228,2355,2291,-127,4583
2174,2274,2224,-100,4448
2269,2080,2174,189,4349
2153,2294,2223,-141,4447
2203,2046,2124,157,4249
2138,2174,2156,-36,4312
2272,2056,2164,216,4328
2373,1951,2162,422,4324
2248,2004,2126,244,4252
2191,2397,2294,-206,4588
2108,2184,2146,-76,4292
2171,2340,2255,-169,4511
2191,2068,2129,123,4259
2123,2372,2247,-249,4495
1995,2226,2110,-231,4221
2387,2184,2285,203,4571
2190,2051,2120,139,4241
2097,2308,2202,-211,4405
2363,2063,2213,300,4426
2154,2215,2184,-61,4369
2323,2196,2259,127,4519
2024,2505,2264,-481,4529
2344,2179,2261,165,4523
2117,2232,2174,-115,4349
2206,2108,2157,98,4314
2001,2236,2118,-235,4237
2168,2289,2228,-121,4457
2219,1987,2103,232,4206
2085,2203,2144,-118,4288
2206,2051,2128,155,4257
2179,2402,2290,-223,4581
2376,2204,2290,172,4580
1921,2431,2176,-510,4352
2328,1956,2142,372,4284
2097,2481,2289,-384,4578
2134,2165,2149,-31,4299
2073,2326,2199,-253,4399
2251,2017,2134,234,4268
2261,2084,2172,177,4345
2285,2210,2247,75,4495
2394,1963,2178,431,4357
2300,2028,2164,272,4328
2315,2011,2163,304,4326
2169,2348,2258,-179,4517
2392,2181,2286,211,4573
2074,2157,2115,-83,4231
2267,2245,2256,22,4512
2146,2067,2106,79,4213
2125,2270,2197,-145,4395
2080,2309,2194,-229,4389
2393,1947,2170,446,4340
2203,2241,2222,-38,4444
2075,2377,2226,-302,4452
2276,2255,2265,21,4531
2126,2285,2205,-159,4411
2157,2256,2206,-99,4413
2344,2213,2278,131,4557
2055,2520,2287,-465,4575
2408,2135,2271,273,4543
2484,2082,2283,402,4566
2064,2198,2131,-134,4262
2243,2109,2176,134,4352
2082,2220,2151,-138,4302
2267,2110,2188,157,4377
2324,2231,2277,93,4555
2232,2034,2133,198,4266
2228,2325,2276,-97,4553
2379,2110,2244,269,4489
2179,2282,2230,-103,4461
2190,2377,2283,-187,4567
2217,2205,2211,12,4422
2205,2053,2129,152,4258
2267,2237,2252,30,4504
2183,2322,2252,-139,4505
2320,2166,2243,154,4486
2089,2147,2118,-58,4236
2236,2217,2226,19,4453
2082,2192,2137,-110,4274
2191,2324,2257,-133,4515
2134,2302,2218,-168,4436
2215,2131,2173,84,4346
2375,2194,2284,181,4569
2182,2301,2241,-119,4483
2340,2192,2266,148,4532
2180,2393,2286,-213,4573
2330,2035,2182,295,4365
2020,2527,2273,-507,4547
2226,1991,2108,235,4217
2208,2139,2173,69,4347
2188,2134,2161,54,4322
1946,2263,2104,-317,4209
2291,2285,2288,6,4576
2086,2387,2236,-301,4473
2333,2007,2170,326,4340
2422,2106,2264,316,4528
2306,2207,2256,99,4513
2206,2130,2168,76,4336
2163,2215,2189,-52,4378
2161,2052,2106,109,4213
2236,2338,2287,-102,4574
2072,2384,2228,-312,4456
2288,2013,2150,275,4301
2301,2130,2215,171,4431
2296,1994,2145,302,4290
2098,2276,2187,-178,4374
2206,2301,2253,-95,4507
2355,2115,2235,240,4470
2239,2312,2275,-73,4551
2239,2035,2137,204,4274
2307,2007,2157,300,4314
2313,2225,2269,88,4538
2027,2313,2170,-286,4340
2203,2047,2125,156,4250
2083,2492,2287,-409,4575
2258,2321,2289,-63,4579
2144,2072,2108,72,4216
1891,2326,2108,-435,4217
2247,2098,2172,149,4345
2023,2348,2185,-325,4371
2269,2081,2175,188,4350
2491,2069,2280,422,4560
2147,2340,2243,-193,4487
2271,2277,2274,-6,4548
2152,2188,2170,-36,4340
2123,2267,2195,-144,4390
2282,1984,2133,298,4266
2200,2044,2122,156,4244
2422,1880,2151,542,4302
2302,2006,2154,296,4308
1994,2564,2279,-570,4558
2359,2227,2293,132,4586
2137,2322,2229,-185,4459
2108,2460,2284,-352,4568
1962,2323,2142,-361,4285
2705,1856,2280,849,4561
2005,2353,2179,-348,4358
2362,2234,2298,128,4596
2330,2040,2185,290,4370
1970,2483,2226,-513,4453
2321,2077,2199,244,4398
2253,2088,2170,165,4341
2284,2100,2192,184,4384
2243,2245,2244,-2,4488
2074,2368,2221,-294,4442
2317,2047,2182,270,4364
2364,2105,2234,259,4469
2251,2180,2215,71,4431
2261,2204,2232,57,4465
2374,1916,2145,458,4290
1954,2424,2189,-470,4378
2181,2265,2223,-84,4446
2043,2486,2264,-443,4529
2308,2161,2234,147,4469
2066,2263,2164,-197,4329
2407,2088,2247,319,4495
2158,2113,2135,45,4271
2283,1937,2110,346,4220
2334,2244,2289,90,4578
2069,2287,2178,-218,4356
2431,2151,2291,280,4582
2367,2037,2202,330,4404
2178,2292,2235,-114,4470
2252,2335,2293,-83,4587
2297,1995,2146,302,4292
2417,2104,2260,313,4521
2256,2130,2193,126,4386
2167,2143,2155,24,4310
2231,2347,2289,-116,4578
2227,2227,2227,0,4454
2430,1889,2159,541,4319
2417,1993,2205,424,4410
2355,2218,2286,137,4573
2198,2369,2283,-171,4567
1981,2298,2139,-317,4279
2107,2388,2247,-281,4495
2198,2117,2157,81,4315
2398,2187,2292,211,4585
2381,2212,2296,169,4593
2024,2269,2146,-245,4293
2262,2174,2218,88,4436
2308,1979,2143,329,4287
2399,2025,2212,374,4424
2341,2097,2219,244,4438
2172,2049,2110,123,4221
2201,2183,2192,18,4384
2130,2327,2228,-197,4457
2637,1782,2209,855,4419
2241,2312,2276,-71,4553
2340,2212,2276,128,4552
2354,2150,2252,204,4504
2330,2131,2230,199,4461
2339,2224,2281,115,4563
2317,2228,2272,89,4545
2375,1940,2157,435,4315
2097,2442,2269,-345,4539
2128,2335,2231,-207,4463
2088,2426,2257,-338,4514
2185,2021,2103,164,4206
2274,2077,2175,197,4351
2445,1841,2143,604,4286
2185,2112,2148,73,4297
2259,2125,2192,134,4384
2098,2222,2160,-124,4320
2349,2213,2281,136,4562
2170,2364,2267,-194,4534
2312,2237,2274,75,4549
2093,2257,2175,-164,4350
2484,2027,2255,457,4511
2188,2384,2286,-196,4572
1893,2457,2175,-564,4350
2092,2186,2139,-94,4278
2150,2081,2115,69,4231
2281,2115,2198,166,4396
2103,2186,2144,-83,4289
2257,2162,2209,95,4419
2299,2254,2276,45,4553
2093,2347,2220,-254,4440
2103,2170,2136,-67,4273
2473,2068,2270,405,4541
2065,2266,2165,-201,4331
2248,2303,2275,-55,4551
2000,2438,2219,-438,4438
2347,2250,2298,97,4597
2072,2437,2254,-365,4509
2037,2352,2194,-315,4389
1949,2315,2132,-366,4264
2458,2114,2286,344,4572
1971,2242,2106,-271,4213
2410,2140,2275,270,4550
2222,2149,2185,73,4371
2159,2307,2233,-148,4466
2202,2158,2180,44,4360
2157,2305,2231,-148,4462
2101,2238,2169,-137,4339
2408,2106,2257,302,4514
2217,2017,2117,200,4234
2222,2355,2288,-133,4577
2245,1963,2104,282,4208
2243,2256,2249,-13,4499
2352,1982,2167,370,4334
2444,2034,2239,410,4478
2522,2054,2288,468,4576
2293,2116,2204,177,4409
2191,2360,2275,-169,4551
2237,2306,2271,-69,4543
2201,2327,2264,-126,4528
1979,2251,2115,-272,4230
2074,2433,2253,-359,4507
2025,2200,2112,-175,4225
1959,2345,2152,-386,4304
2255,2118,2186,137,4373
2216,2182,2199,34,4398
2456,2132,2294,324,4588
2361,2143,2252,218,4504
2283,2082,2182,201,4365
2077,2293,2185,-216,4370
2338,2041,2189,297,4379
2410,2171,2290,239,4581
2395,1990,2192,405,4385
1934,2517,2225,-583,4451
2231,2176,2203,55,4407
2250,1991,2120,259,4241
1978,2505,2241,-527,4483
2349,2104,2226,245,4453
2271,2046,2158,225,4317
2154,2338,2246,-184,4492
2473,1990,2231,483,4463
2319,1999,2159,320,4318
1916,2304,2110,-388,4220
2403,1989,2196,414,4392
2083,2325,2204,-242,4408
2083,2405,2244,-322,4488
2285,2168,2226,117,4453
2234,2115,2174,119,4349
2272,2267,2269,5,4539
2326,2062,2194,264,4388
2016,2261,2138,-245,4277
2304,2292,2298,12,4596
2028,2438,2233,-410,4466
2256,2124,2190,132,4380
2372,1926,2149,446,4298
2155,2158,2156,-3,4313
2205,2020,2112,185,4225
1999,2272,2135,-273,4271
2446,1982,2214,464,4428
2273,1970,2121,303,4243
2176,2331,2253,-155,4507
2492,2075,2283,417,4567
2128,2306,2217,-178,4434
2193,2099,2146,94,4292
2274,2198,2236,76,4472
2267,2123,2195,144,4390
2451,2072,2261,379,4523
2011,2197,2104,-186,4208
2309,2279,2294,30,4588
2184,2292,2238,-108,4476
2117,2273,2195,-156,4390
2051,2369,2210,-318,4420
2170,2131,2150,39,4301
2365,2210,2287,155,4575
2295,1964,2129,331,4259
2240,2256,2248,-16,4496
2277,2195,2236,82,4472
2497,2017,2257,480,4514
2136,2353,2244,-217,4489
2157,2205,2181,-48,4362
2236,2220,2228,16,4456
2298,2199,2248,99,4497
2243,2180,2211,63,4423
2535,1909,2222,626,4444
2314,2220,2267,94,4534
2571,1988,2279,583,4559
1878,2331,2104,-453,4209
2221,2309,2265,-88,4530
2297,2248,2272,49,4545
2169,2127,2148,42,4296
2309,1970,2139,339,4279
2337,1937,2137,400,4274
2332,2056,2194,276,4388
1986,2432,2209,-446,4418
2259,2012,2135,247,4271
2448,2137,2292,311,4585
2170,2064,2117,106,4234
2277,2272,2274,5,4549
2081,2257,2169,-176,4338
2300,2013,2156,287,4313
2136,2455,2295,-319,4591
2439,2103,2271,336,4542
1946,2401,2173,-455,4347
2227,2330,2278,-103,4557
2107,2134,2120,-27,4241
2328,2123,2225,205,4451
2268,2171,2219,97,4439
1815,2460,2137,-645,4275
2526,2011,2268,515,4537
2161,2423,2292,-262,4584
2118,2336,2227,-218,4454
2209,2181,2195,28,4390
2344,1858,2101,486,4202
2152,2385,2268,-233,4537
2369,2042,2205,327,4411
2396,2026,2211,370,4422
2414,2072,2243,342,4486
2167,2057,2112,110,4224
2102,2237,2169,-135,4339
2324,2165,2244,159,4489
2337,2235,2286,102,4572
2148,2371,2259,-223,4519
2522,1757,2139,765,4279
2188,2312,2250,-124,4500
1998,2291,2144,-293,4289
2166,2296,2231,-130,4462
2276,2068,2172,208,4344
2209,2212,2210,-3,4421
2176,2264,2220,-88,4440
2201,2293,2247,-92,4494
2361,2084,2222,277,4445
2059,2354,2206,-295,4413
2084,2332,2208,-248,4416
2198,2214,2206,-16,4412
2305,2162,2233,143,4467
2268,2278,2273,-10,4546
2196,2322,2259,-126,4518
2137,2111,2124,26,4248
2202,2347,2274,-145,4549
2217,2205,2211,12,4422
2093,2287,2190,-194,4380
2181,2121,2151,60,4302
2350,2008,2179,342,4358
1965,2298,2131,-333,4263
2076,2252,2164,-176,4328
2286,2048,2167,238,4334
2141,2249,2195,-108,4390
2220,2299,2259,-79,4519
2205,2137,2171,68,4342
2257,2250,2253,7,4507
2282,2300,2291,-18,4582
2104,2350,2227,-246,4454
2066,2495,2280,-429,4561
2035,2276,2155,-241,4311
2169,2363,2266,-194,4532
1985,2318,2151,-333,4303
2488,2089,2288,399,4577
2327,2274,2300,53,4601
2002,2429,2215,-427,4431
2236,2162,2199,74,4398
2231,2089,2160,142,4320
2287,2159,2223,128,4446
2306,2212,2259,94,4518
2403,2138,2270,265,4541
2239,2075,2157,164,4314
2174,2032,2103,142,4206
2379,2116,2247,263,4495
2401,2196,2298,205,4597
2002,2563,2282,-561,4565
2324,2080,2202,244,4404
2007,2281,2144,-274,4288
2548,2003,2275,545,4551
2375,2123,2249,252,4498
2324,2042,2183,282,4366
2125,2305,2215,-180,4430
2475,2040,2257,435,4515
2166,2322,2244,-156,4488
2230,2340,2285,-110,4570
2244,2010,2127,234,4254
2234,2109,2171,125,4343
2170,2082,2126,88,4252
2262,2233,2247,29,4495
2262,2258,2260,4,4520
2339,1885,2112,454,4224
2240,2045,2142,195,4285
2205,2374,2289,-169,4579
2179,2417,2298,-238,4596
2113,2225,2169,-112,4338
2190,2304,2247,-114,4494
2125,2116,2120,9,4241
2200,2363,2281,-163,4563
2053,2260,2156,-207,4313
2127,2238,2182,-111,4365
2460,1946,2203,514,4406
2245,2114,2179,131,4359
2337,2105,2221,232,4442
2250,2342,2296,-92,4592
2025,2195,2110,-170,4220
2312,2261,2286,51,4573
2253,2037,2145,216,4290
2094,2446,2270,-352,4540
2222,2249,2235,-27,4471
2428,1931,2179,497,4359
1926,2463,2194,-537,4389
2153,2287,2220,-134,4440
2039,2435,2237,-396,4474
2242,2307,2274,-65,4549
2210,2144,2177,66,4354
2178,2366,2272,-188,4544
2413,2176,2294,237,4589
2390,2171,2280,219,4561
2445,2104,2274,341,4549
2387,1942,2164,445,4329
2414,2131,2272,283,4545
2037,2391,2214,-354,4428
2305,2025,2165,280,4330
2002,2433,2217,-431,4435
2403,1800,2101,603,4203
2062,2396,2229,-334,4458
2315,2063,2189,252,4378
2132,2103,2117,29,4235
2196,2035,2115,161,4231
2023,2423,2223,-400,4446
2121,2342,2231,-221,4463
2119,2166,2142,-47,4285
2318,2004,2161,314,4322
2136,2120,2128,16,4256
2349,2049,2199,300,4398
2171,2328,2249,-157,4499
2174,2206,2190,-32,4380
2111,2412,2261,-301,4523
2015,2231,2123,-216,4246
2112,2129,2120,-17,4241
2402,1946,2174,456,4348
2170,2034,2102,136,4204
2221,2150,2185,71,4371
2038,2241,2139,-203,4279
2282,2285,2283,-3,4567
2194,2269,2231,-75,4463
2064,2318,2191,-254,4382
2112,2326,2219,-214,4438
2202,2032,2117,170,4234
2130,2186,2158,-56,4316
2225,2118,2171,107,4343
2293,2264,2278,29,4557
2322,2139,2230,183,4461
2264,2096,2180,168,4360
2270,2159,2214,111,4429
2156,2206,2181,-50,4362
2257,2194,2225,63,4451
2006,2519,2262,-513,4525
2300,2140,2220,160,4440
1994,2228,2111,-234,4222
2345,2198,2271,147,4543
2002,2365,2183,-363,4367
2082,2206,2144,-124,4288
2048,2265,2156,-217,4313
2153,2402,2277,-249,4555
2041,2269,2155,-228,4310
2026,2314,2170,-288,4340
1988,2291,2139,-303,4279
2223,2233,2228,-10,4456
2568,1992,2280,576,4560
2258,2094,2176,164,4352
2124,2180,2152,-56,4304
2190,2156,2173,34,4346
2100,2305,2202,-205,4405
2368,1851,2109,517,4219
2274,2209,2241,65,4483
2387,1983,2185,404,4370
2250,2275,2262,-25,4525
2157,2369,2263,-212,4526
2024,2275,2149,-251,4299
1942,2509,2225,-567,4451
2138,2182,2160,-44,4320
2236,2002,2119,234,4238
2389,2079,2234,310,4468
2349,2154,2251,195,4503
2173,2292,2232,-119,4465
2206,2125,2165,81,4331
2214,2368,2291,-154,4582
2432,2152,2292,280,4584
1991,2275,2133,-284,4266
2314,1971,2142,343,4285
2401,1941,2171,460,4342
2336,2235,2285,101,4571
2030,2280,2155,-250,4310
2225,2351,2288,-126,4576
2306,2291,2298,15,4597
2322,2209,2265,113,4531
2408,2145,2276,263,4553
2323,2258,2290,65,4581
2164,2398,2281,-234,4562
2174,2371,2272,-197,4545
2178,2347,2262,-169,4525
2066,2226,2146,-160,4292
2323,1959,2141,364,4282
2250,2235,2242,15,4485
2262,2199,2230,63,4461
2309,2237,2273,72,4546
2172,2251,2211,-79,4423
2044,2298,2171,-254,4342
2316,2052,2184,264,4368
2095,2220,2157,-125,4315
2098,2414,2256,-316,4512
2184,2363,2273,-179,4547
2082,2251,2166,-169,4333
2345,2173,2259,172,4518
2025,2370,2197,-345,4395
2330,2174,2252,156,4504
2278,2015,2146,263,4293
2119,2304,2211,-185,4423
2178,2035,2106,143,4213
2349,2055,2202,294,4404
2259,2195,2227,64,4454
2008,2285,2146,-277,4293
1851,2363,2107,-512,4214
2059,2171,2115,-112,4230
2038,2399,2218,-361,4437
2312,2099,2205,213,4411
2076,2291,2183,-215,4367
2136,2177,2156,-41,4313
2174,2194,2184,-20,4368
2260,2072,2166,188,4332
2210,2083,2146,127,4293
2108,2301,2204,-193,4409
2104,2197,2150,-93,4301
2319,2280,2299,39,4599
2140,2374,2257,-234,4514
2029,2351,2190,-322,4380
1796,2446,2121,-650,4242
2233,2039,2136,194,4272
2115,2277,2196,-162,4392
2312,2194,2253,118,4506
2226,2055,2140,171,4281
2204,2315,2259,-111,4519
2009,2552,2280,-543,4561
2155,2370,2262,-215,4525
1917,2308,2112,-391,4225
2321,2019,2170,302,4340
2286,2252,2269,34,4538
2009,2257,2133,-248,4266
1981,2325,2153,-344,4306
2413,2170,2291,243,4583
2052,2150,2101,-98,4202
2310,2161,2235,149,4471
1992,2210,2101,-218,4202
2199,2009,2104,190,4208
2484,2110,2297,374,4594
2222,2056,2139,166,4278
2392,2011,2201,381,4403
2243,2065,2154,178,4308
1913,2291,2102,-378,4204
2312,2074,2193,238,4386
2171,2419,2295,-248,4590
1947,2448,2197,-501,4395
2389,2050,2219,339,4439
2079,2380,2229,-301,4459
2096,2337,2216,-241,4433
1985,2264,2124,-279,4249
2229,2096,2162,133,4325
2307,2016,2161,291,4323
2210,2338,2274,-128,4548
2100,2381,2240,-281,4481
2299,2201,2250,98,4500
2367,2037,2202,330,4404
2181,2154,2167,27,4335
2564,2027,2295,537,4591
2203,2295,2249,-92,4498
2190,2271,2230,-81,4461
2054,2268,2161,-214,4322
2356,2231,2293,125,4587
2164,2279,2221,-115,4443
2345,2231,2288,114,4576
2347,2102,2224,245,4449
2128,2217,2172,-89,4345
2209,2368,2288,-159,4577
2011,2203,2107,-192,4214
2267,2177,2222,90,4444
2274,2123,2198,151,4397
2108,2328,2218,-220,4436
2145,2207,2176,-62,4352
2041,2167,2104,-126,4208
2382,2023,2202,359,4405
2036,2180,2108,-144,4216
2374,2162,2268,212,4536
2101,2242,2171,-141,4343
2184,2250,2217,-66,4434
2042,2290,2166,-248,4332
1828,2453,2140,-625,4281
2313,2242,2277,71,4555
2114,2342,2228,-228,4456
2421,2119,2270,302,4540
2037,2167,2102,-130,4204
2446,2121,2283,325,4567
2226,2259,2242,-33,4485
2268,2095,2181,173,4363
2307,2227,2267,80,4534
2292,2082,2187,210,4374
2191,2092,2141,99,4283
2295,2107,2201,188,4402
2273,2056,2164,217,4329
2139,2246,2192,-107,4385
2227,2163,2195,64,4390
2094,2257,2175,-163,4351
2147,2280,2213,-133,4427
2504,1981,2242,523,4485
2471,2096,2283,375,4567
2129,2403,2266,-274,4532
2493,2106,2299,387,4599
2262,2201,2231,61,4463
2227,2279,2253,-52,4506
2454,2054,2254,400,4508
2327,2211,2269,116,4538
2153,2421,2287,-268,4574
2235,2064,2149,171,4299
2215,2382,2298,-167,4597
2064,2368,2216,-304,4432
1981,2279,2130,-298,4260
2150,2211,2180,-61,4361
2401,2170,2285,231,4571
2249,2240,2244,9,4489
2235,2099,2167,136,4334
2160,2368,2264,-208,4528
2006,2315,2160,-309,4321
2182,2307,2244,-125,4489
2173,2275,2224,-102,4448
2290,2208,2249,82,4498
2213,2246,2229,-33,4459
2239,2188,2213,51,4427
2213,2303,2258,-90,4516
2352,2231,2291,121,4583
2257,2252,2254,5,4509
2380,2150,2265,230,4530
2407,2173,2290,234,4580
2044,2477,2260,-433,4521
2421,2072,2246,349,4493
2139,2160,2149,-21,4299
2050,2224,2137,-174,4274
2158,2167,2162,-9,4325
2376,2175,2275,201,4551
2146,2285,2215,-139,4431
2266,2135,2200,131,4401
2097,2334,2215,-237,4431
2326,2055,2190,271,4381
2172,2072,2122,100,4244
2319,2218,2268,101,4537
1976,2498,2237,-522,4474
2157,2367,2262,-210,4524
2375,2114,2244,261,4489
2218,2267,2242,-49,4485
2211,2262,2236,-51,4473
2283,2200,2241,83,4483
2137,2261,2199,-124,4398
2339,2120,2229,219,4459
2303,2138,2220,165,4441
2045,2274,2159,-229,4319
2228,2127,2177,101,4355
2352,2021,2186,331,4373
1982,2279,2130,-297,4261
2264,2078,2171,186,4342
2426,1994,2210,432,4420
2369,2014,2191,355,4383
2353,2055,2204,298,4408
2135,2352,2243,-217,4487
2252,2211,2231,41,4463
2348,1969,2158,379,4317
2288,2307,2297,-19,4595
2112,2177,2144,-65,4289
2268,2311,2289,-43,4579
1883,2370,2126,-487,4253
2185,2252,2218,-67,4437
2165,2282,2223,-117,4447
2052,2428,2240,-376,4480
2378,1884,2131,494,4262
1994,2323,2158,-329,4317
2243,2241,2242,2,4484
2178,2380,2279,-202,4558
2159,2338,2248,-179,4497
2172,2389,2280,-217,4561
2317,2115,2216,202,4432
2307,2027,2167,280,4334
2262,2078,2170,184,4340
2239,2131,2185,108,4370
2353,2160,2256,193,4513
2098,2229,2163,-131,4327
2218,2375,2296,-157,4593
2353,2159,2256,194,4512
2082,2165,2123,-83,4247
2102,2332,2217,-230,4434
2362,1930,2146,432,4292
2201,2242,2221,-41,4443
2232,2300,2266,-68,4532
2317,2021,2169,296,4338
2253,2285,2269,-32,4538
2138,2182,2160,-44,4320
1884,2342,2113,-458,4226
2212,2026,2119,186,4238
1995,2313,2154,-318,4308
2123,2344,2233,-221,4467
1962,2242,2102,-280,4204
2258,2191,2224,67,4449
2191,2390,2290,-199,4581
2566,2026,2296,540,4592
2237,2347,2292,-110,4584
2093,2257,2175,-164,4350
2285,2040,2162,245,4325
2009,2331,2170,-322,4340
2331,2225,2278,106,4556
2076,2163,2119,-87,4239
2236,2062,2149,174,4298
2104,2130,2117,-26,4234
2079,2510,2294,-431,4589
2286,1952,2119,334,4238
1829,2442,2135,-613,4271
2236,2081,2158,155,4317
2237,2270,2253,-33,4507
2228,2367,2297,-139,4595
2295,2115,2205,180,4410
2348,2110,2229,238,4458
2311,2091,2201,220,4402
2074,2284,2179,-210,4358
2066,2247,2156,-181,4313
2319,1975,2147,344,4294
2344,2074,2209,270,4418
2334,2054,2194,280,4388
2032,2226,2129,-194,4258
2250,2124,2187,126,4374
2249,2270,2259,-21,4519
2003,2443,2223,-440,4446
2341,2121,2231,220,4462
2216,2275,2245,-59,4491
2035,2225,2130,-190,4260
2208,2390,2299,-182,4598
2430,2093,2261,337,4523
2320,2262,2291,58,4582
2201,2345,2273,-144,4546
2195,2051,2123,144,4246
2336,2134,2235,202,4470
2221,2219,2220,2,4440
2120,2128,2124,-8,4248
1970,2247,2108,-277,4217
2162,2301,2231,-139,4463
2081,2249,2165,-168,4330
2192,2217,2204,-25,4409
2151,2346,2248,-195,4497
2381,2143,2262,238,4524
2253,2310,2281,-57,4563
2208,2009,2108,199,4217
2118,2323,2220,-205,4441
2179,2255,2217,-76,4434
2116,2222,2169,-106,4338
2021,2292,2156,-271,4313
2301,2230,2265,71,4531
2053,2200,2126,-147,4253
2051,2358,2204,-307,4409
2054,2320,2187,-266,4374
2173,2397,2285,-224,4570
2209,2132,2170,77,4341
2288,2110,2199,178,4398
2277,1997,2137,280,4274
1977,2502,2239,-525,4479
2396,2186,2291,210,4582
2282,2314,2298,-32,4596
1890,2412,2151,-522,4302
2200,2352,2276,-152,4552
2253,2075,2164,178,4328
2109,2105,2107,4,4214
2125,2135,2130,-10,4260
2139,2375,2257,-236,4514
1884,2367,2125,-483,4251
2290,2196,2243,94,4486
2326,1905,2115,421,4231
2406,2009,2207,397,4415
2149,2053,2101,96,4202
2270,2181,2225,89,4451
2112,2188,2150,-76,4300
2251,2303,2277,-52,4554
2369,2197,2283,172,4566
2254,2032,2143,222,4286
2028,2316,2172,-288,4344
2387,2119,2253,268,4506
2289,2040,2164,249,4329
1799,2434,2116,-635,4233
2354,2195,2274,159,4549
2237,2143,2190,94,4380
2501,1948,2224,553,4449
2365,2086,2225,279,4451
2086,2405,2245,-319,4491
2088,2276,2182,-188,4364
2136,2336,2236,-200,4472
2285,2115,2200,170,4400
2073,2313,2193,-240,4386
2421,2136,2278,285,4557
2135,2418,2276,-283,4553
2051,2408,2229,-357,4459
2416,2183,2299,233,4599
2174,2366,2270,-192,4540
2399,2172,2285,227,4571
2160,2316,2238,-156,4476
2414,1886,2150,528,4300
2053,2195,2124,-142,4248
2296,2286,2291,10,4582
2365,2165,2265,200,4530
2292,2013,2152,279,4305
2243,2263,2253,-20,4506
2282,2010,2146,272,4292
2262,2244,2253,18,4506
2435,2065,2250,370,4500
2212,2055,2133,157,4267
2105,2296,2200,-191,4401
2147,2339,2243,-192,4486
2299,2158,2228,141,4457
2300,2194,2247,106,4494
2217,2170,2193,47,4387
2243,2078,2160,165,4321
2054,2421,2237,-367,4475
1920,2427,2173,-507,4347
2442,2154,2298,288,4596
2117,2241,2179,-124,4358
2033,2213,2123,-180,4246
2330,2157,2243,173,4487
2184,2277,2230,-93,4461
2038,2329,2183,-291,4367
2285,2306,2295,-21,4591
2024,2376,2200,-352,4400
2071,2328,2199,-257,4399
2087,2221,2154,-134,4308
2171,2338,2254,-167,4509
2325,2097,2211,228,4422
2046,2273,2159,-227,4319
2004,2380,2192,-376,4384
1963,2375,2169,-412,4338
2186,2075,2130,111,4261
2357,2230,2293,127,4587
2242,1990,2116,252,4232
2472,1912,2192,560,4384
2282,2105,2193,177,4387
2291,2285,2288,6,4576
2232,2060,2146,172,4292
2001,2247,2124,-246,4248
2046,2170,2108,-124,4216
2366,2055,2210,311,4421
2121,2346,2233,-225,4467
2143,2362,2252,-219,4505
2241,2310,2275,-69,4551
2139,2185,2162,-46,4324
2384,2128,2256,256,4512
2328,2097,2212,231,4425
1994,2445,2219,-451,4439
2234,2311,2272,-77,4545
2030,2363,2196,-333,4393
2072,2247,2159,-175,4319
2141,2404,2272,-263,4545
2423,1939,2181,484,4362
2223,2058,2140,165,4281
2205,2275,2240,-70,4480
2205,2130,2167,75,4335
2229,1985,2107,244,4214
2274,2309,2291,-35,4583
2187,2079,2133,108,4266
2342,2095,2218,247,4437
2053,2151,2102,-98,4204
2064,2370,2217,-306,4434
2302,2176,2239,126,4478
2130,2245,2187,-115,4375
2414,2017,2215,397,4431
2282,2064,2173,218,4346
2104,2374,2239,-270,4478
2329,2244,2286,85,4573
2143,2098,2120,45,4241
2147,2441,2294,-294,4588
2168,2423,2295,-255,4591
2270,2166,2218,104,4436
2145,2108,2126,37,4253
2081,2351,2216,-270,4432
2245,2340,2292,-95,4585
1904,2312,2108,-408,4216
2189,2393,2291,-204,4582
2216,2077,2146,139,4293
2103,2146,2124,-43,4249
2169,2047,2108,122,4216
1965,2412,2188,-447,4377
2256,2317,2286,-61,4573
2213,2165,2189,48,4378
2198,2203,2200,-5,4401
2091,2216,2153,-125,4307
2218,2285,2251,-67,4503
2152,2371,2261,-219,4523
2036,2355,2195,-319,4391
2103,2201,2152,-98,4304
2137,2091,2114,46,4228
2153,2392,2272,-239,4545
2326,1994,2160,332,4320
2367,1927,2147,440,4294
2090,2157,2123,-67,4247
2193,2167,2180,26,4360
2193,2270,2231,-77,4463
2084,2195,2139,-111,4279
2244,2166,2205,78,4410
2419,2157,2288,262,4576
2293,2068,2180,225,4361
2546,2025,2285,521,4571
2419,2177,2298,242,4596
2240,1997,2118,243,4237
2231,2121,2176,110,4352
2292,2291,2291,1,4583
2147,2267,2207,-120,4414
2166,2044,2105,122,4210
2243,2068,2155,175,4311
2528,1853,2190,675,4381
2219,2029,2124,190,4248
2124,2188,2156,-64,4312
2568,1639,2103,929,4207
2545,1981,2263,564,4526
2092,2416,2254,-324,4508
2250,2307,2278,-57,4557
2302,2150,2226,152,4452
1991,2323,2157,-332,4314
2373,1923,2148,450,4296
2378,1846,2112,532,4224
2239,2099,2169,140,4338
2186,2347,2266,-161,4533
1966,2313,2139,-347,4279
2298,2198,2248,100,4496
2227,2199,2213,28,4426
2359,2079,2219,280,4438
2073,2188,2130,-115,4261
2410,2014,2212,396,4424
2230,2028,2129,202,4258
2098,2248,2173,-150,4346
2267,2200,2233,67,4467
2008,2244,2126,-236,4252
2010,2204,2107,-194,4214
2243,2225,2234,18,4468
2095,2344,2219,-249,4439
2264,2110,2187,154,4374
2164,2257,2210,-93,4421
2385,2053,2219,332,4438
2130,2295,2212,-165,4425
2232,2047,2139,185,4279
2098,2164,2131,-66,4262
2129,2107,2118,22,4236
2262,2068,2165,194,4330
2401,2136,2268,265,4537
2095,2357,2226,-262,4452
2328,1904,2116,424,4232
2502,1894,2198,608,4396
2102,2415,2258,-313,4517
2272,2026,2149,246,4298
2242,2281,2261,-39,4523
2206,2226,2216,-20,4432
2381,2157,2269,224,4538
2179,2041,2110,138,4220
2137,2398,2267,-261,4535
2191,2075,2133,116,4266
2115,2217,2166,-102,4332
1933,2273,2103,-340,4206
2162,2394,2278,-232,4556
2380,2167,2273,213,4547
2223,2343,2283,-120,4566
2256,2159,2207,97,4415
2566,1934,2250,632,4500
2358,2131,2244,227,4489
2267,2278,2272,-11,4545
2213,2122,2167,91,4335
2393,1988,2190,405,4381
2204,2065,2134,139,4269
2084,2310,2197,-226,4394
2146,2398,2272,-252,4544
2195,2325,2260,-130,4520
2445,2148,2296,297,4593
2259,2328,2293,-69,4587
2317,2220,2268,97,4537
2379,1915,2147,464,4294
2298,1940,2119,358,4238
1920,2392,2156,-472,4312
2271,2073,2172,198,4344
2241,2285,2263,-44,4526
2354,2237,2295,117,4591
2361,1912,2136,449,4273
2006,2230,2118,-224,4236
2216,2381,2298,-165,4597
2249,2053,2151,196,4302
2165,2267,2216,-102,4432
2283,1953,2118,330,4236
2331,2212,2271,119,4543
2385,2157,2271,228,4542
2039,2194,2116,-155,4233
2203,2387,2295,-184,4590
2150,2254,2202,-104,4404
2181,2138,2159,43,4319
1934,2358,2146,-424,4292
2167,2235,2201,-68,4402
2291,2149,2220,142,4440
2104,2119,2111,-15,4223
2186,2312,2249,-126,4498
2205,2255,2230,-50,4460
2388,2160,2274,228,4548
1982,2237,2109,-255,4219
2364,2059,2211,305,4423
2446,2091,2268,355,4537
2292,2160,2226,132,4452
2241,2003,2122,238,4244
2198,2397,2297,-199,4595
2331,2125,2228,206,4456
2269,2196,2232,73,4465
2248,2094,2171,154,4342
2114,2446,2280,-332,4560
2102,2268,2185,-166,4370
2168,2255,2211,-87,4423
2449,2047,2248,402,4496
1994,2501,2247,-507,4495
2031,2300,2165,-269,4331
2327,2218,2272,109,4545
2278,2027,2152,251,4305
2206,2346,2276,-140,4552
2164,2349,2256,-185,4513
2256,2108,2182,148,4364
2204,2292,2248,-88,4496
2375,2061,2218,314,4436
2074,2338,2206,-264,4412
2313,2069,2191,244,4382
2064,2196,2130,-132,4260
2124,2240,2182,-116,4364
1956,2258,2107,-302,4214
2106,2404,2255,-298,4510
2268,2322,2295,-54,4590
2426,2153,2289,273,4579
1983,2251,2117,-268,4234
2150,2376,2263,-226,4526
2253,2208,2230,45,4461
2279,2106,2192,173,4385
2251,2188,2219,63,4439
2052,2353,2202,-301,4405
2382,1847,2114,535,4229
2242,2031,2136,211,4273
2225,2191,2208,34,4416
2261,2244,2252,17,4505
2272,1990,2131,282,4262
2313,2054,2183,259,4367
2023,2206,2114,-183,4229
1855,2414,2134,-559,4269
2126,2352,2239,-226,4478
2129,2243,2186,-114,4372
2200,2009,2104,191,4209
2095,2211,2153,-116,4306
2336,2054,2195,282,4390
2162,2281,2221,-119,4443
2140,2184,2162,-44,4324
2177,2301,2239,-124,4478
2219,2202,2210,17,4421
2163,2321,2242,-158,4484
2350,2233,2291,117,4583
2151,2289,2220,-138,4440
2360,1926,2143,434,4286
2431,2099,2265,332,4530
2291,2285,2288,6,4576
2043,2427,2235,-384,4470
2257,2258,2257,-1,4515
2195,2346,2270,-151,4541
2138,2069,2103,69,4207
2389,2207,2298,182,4596
2194,2388,2291,-194,4582
2090,2197,2143,-107,4287
2053,2381,2217,-328,4434
2462,2139,2300,323,4601
2172,2093,2132,79,4265
2271,2149,2210,122,4420
2054,2327,2190,-273,4381
2613,1923,2268,690,4536
2047,2256,2151,-209,4303
2019,2253,2136,-234,4272
2239,2176,2207,63,4415
2202,2147,2174,55,4349
2326,2161,2243,165,4487
2304,2130,2217,174,4434
2154,2102,2128,52,4256
2277,2086,2181,191,4363
2338,2242,2290,96,4580
2230,1984,2107,246,4214
1943,2305,2124,-362,4248
2199,2097,2148,102,4296
2361,2084,2222,277,4445
2349,2071,2210,278,4420
2186,2334,2260,-148,4520
2045,2354,2199,-309,4399
1973,2236,2104,-263,4209
2038,2378,2208,-340,4416
2338,2152,2245,186,4490
2422,2027,2224,395,4449
2208,2110,2159,98,4318
2257,2190,2223,67,4447
2430,2100,2265,330,4530
2407,2066,2236,341,4473
2335,1987,2161,348,4322
2329,2155,2242,174,4484
2230,2349,2289,-119,4579
2208,2130,2169,78,4338
2297,2042,2169,255,4339
2034,2387,2210,-353,4421
2035,2352,2193,-317,4387
2108,2331,2219,-223,4439
2059,2272,2165,-213,4331
2213,2286,2249,-73,4499
2016,2243,2129,-227,4259
2210,2304,2257,-94,4514
2218,2335,2276,-117,4553
2353,2244,2298,109,4597
2299,2226,2262,73,4525
2244,2021,2132,223,4265
2124,2231,2177,-107,4355
2171,2033,2102,138,4204
2077,2288,2182,-211,4365
2124,2160,2142,-36,4284
2232,2338,2285,-106,4570
2241,2130,2185,111,4371
2424,2177,2300,247,4601
2158,2345,2251,-187,4503
1991,2320,2155,-329,4311
2183,2190,2186,-7,4373
2085,2219,2152,-134,4304
2215,2077,2146,138,4292
2277,2056,2166,221,4333
2170,2037,2103,133,4207
2385,2156,2270,229,4541
2216,2211,2213,5,4427
2135,2098,2116,37,4233
2208,2043,2125,165,4251
2273,2272,2272,1,4545
2027,2216,2121,-189,4243
2150,2225,2187,-75,4375
2061,2246,2153,-185,4307
2165,2427,2296,-262,4592
2169,2271,2220,-102,4440
2072,2510,2291,-438,4582
2006,2220,2113,-214,4226
2264,2111,2187,153,4375
2310,2212,2261,98,4522
2155,2399,2277,-244,4554
2189,2113,2151,76,4302
2086,2318,2202,-232,4404
2234,2007,2120,227,4241
2212,2301,2256,-89,4513
2106,2491,2298,-385,4597
2135,2113,2124,22,4248
2134,2358,2246,-224,4492
2476,2047,2261,429,4523
2066,2485,2275,-419,4551
2114,2227,2170,-113,4341
2561,1968,2264,593,4529
2406,2195,2300,211,4601
2074,2250,2162,-176,4324
2210,2256,2233,-46,4466
2131,2244,2187,-113,4375
2254,2161,2207,93,4415
2087,2304,2195,-217,4391
2152,2265,2208,-113,4417
2025,2286,2155,-261,4311
2174,2049,2111,125,4223
2401,2173,2287,228,4574
1987,2285,2136,-298,4272
2110,2145,2127,-35,4255
1985,2378,2181,-393,4363
2203,2161,2182,42,4364
2306,2199,2252,107,4505
2190,2243,2216,-53,4433
2318,2189,2253,129,4507
1879,2374,2126,-495,4253
2290,2185,2237,105,4475
2238,2120,2179,118,4358
2396,2175,2285,221,4571
2038,2278,2158,-240,4316
2077,2340,2208,-263,4417
2289,1933,2111,356,4222
2368,2153,2260,215,4521
2511,1898,2204,613,4409
2033,2226,2129,-193,4259
2043,2371,2207,-328,4414
2390,2209,2299,181,4599
2371,2177,2274,194,4548
2165,2174,2169,-9,4339
2319,2127,2223,192,4446
2044,2483,2263,-439,4527
2113,2224,2168,-111,4337
2211,2056,2133,155,4267
2127,2362,2244,-235,4489
2293,2291,2292,2,4584
2198,2334,2266,-136,4532
2235,2268,2251,-33,4503
2105,2119,2112,-14,4224
2406,2068,2237,338,4474
2341,2140,2240,201,4481
1727,2484,2105,-757,4211
2233,2029,2131,204,4262
2127,2232,2179,-105,4359
2223,1982,2102,241,4205
2066,2412,2239,-346,4478
2553,1982,2267,571,4535
2127,2410,2268,-283,4537
2426,2032,2229,394,4458
2176,2269,2222,-93,4445
2087,2293,2190,-206,4380
1873,2399,2136,-526,4272
2025,2217,2121,-192,4242
1972,2407,2189,-435,4379
2074,2303,2188,-229,4377
2572,1952,2262,620,4524
2379,1905,2142,474,4284
2237,2095,2166,142,4332
1946,2260,2103,-314,4206
2200,2226,2213,-26,4426
2140,2283,2211,-143,4423
2251,2260,2255,-9,4511
2087,2309,2198,-222,4396
2048,2250,2149,-202,4298
2095,2267,2181,-172,4362
2348,2249,2298,99,4597
2350,2101,2225,249,4451
2444,2107,2275,337,4551
2216,2142,2179,74,4358
2150,2404,2277,-254,4554
2276,2048,2162,228,4324
2219,2037,2128,182,4256
2205,2211,2208,-6,4416
2271,2287,2279,-16,4558
2405,2003,2204,402,4408
2203,2226,2214,-23,4429
2325,2057,2191,268,4382
2073,2301,2187,-228,4374
2293,2160,2226,133,4453
1981,2289,2135,-308,4270
2165,2247,2206,-82,4412
1994,2373,2183,-379,4367
1972,2235,2103,-263,4207
2416,1818,2117,598,4234
2200,2287,2243,-87,4487
2200,2252,2226,-52,4452
2391,2129,2260,262,4520
2044,2319,2181,-275,4363
2247,2167,2207,80,4414
1946,2278,2112,-332,4224
2266,2316,2291,-50,4582
1909,2503,2206,-594,4412
2330,2208,2269,122,4538
2308,2010,2159,298,4318
2476,2093,2284,383,4569
2158,2359,2258,-201,4517
2232,2118,2175,114,4350
2239,2295,2267,-56,4534
2274,2278,2276,-4,4552
2381,2079,2230,302,4460
2150,2246,2198,-96,4396
2294,2203,2248,91,4497
2196,2035,2115,161,4231
2228,2069,2148,159,4297
2283,2303,2293,-20,4586
2231,2320,2275,-89,4551
2375,2205,2290,170,4580
2173,2303,2238,-130,4476
2201,2320,2260,-119,4521
2244,2069,2156,175,4313
2174,2082,2128,92,4256
2211,2306,2258,-95,4517
2257,2183,2220,74,4440
2257,2227,2242,30,4484
2133,2261,2197,-128,4394
2310,2012,2161,298,4322
2279,1953,2116,326,4232
2126,2229,2177,-103,4355
2271,1965,2118,306,4236
2093,2349,2221,-256,4442
2069,2197,2133,-128,4266
2042,2210,2126,-168,4252
2144,2250,2197,-106,4394
2296,2030,2163,266,4326
1915,2420,2167,-505,4335
2295,2077,2186,218,4372
2128,2290,2209,-162,4418
2140,2422,2281,-282,4562
2432,2031,2231,401,4463
2470,2106,2288,364,4576
2390,2208,2299,182,4598
2244,2263,2253,-19,4507
2060,2271,2165,-211,4331
2271,1935,2103,336,4206
2315,2089,2202,226,4404
2383,2217,2300,166,4600
2032,2244,2138,-212,4276
2275,2248,2261,27,4523
2301,2099,2200,202,4400
2194,2149,2171,45,4343
2100,2154,2127,-54,4254
2215,2384,2299,-169,4599
2267,2226,2246,41,4493
2320,2207,2263,113,4527
2224,2095,2159,129,4319
2460,2046,2253,414,4506
1964,2433,2198,-469,4397
1999,2215,2107,-216,4214
2083,2269,2176,-186,4352
2305,2200,2252,105,4505
2321,2019,2170,302,4340
2027,2194,2110,-167,4221
2195,2386,2290,-191,4581
2019,2347,2183,-328,4366
2151,2330,2240,-179,4481
2472,1960,2216,512,4432
2103,2291,2197,-188,4394
2225,2336,2280,-111,4561
2438,1937,2187,501,4375
2410,2025,2217,385,4435
2301,2125,2213,176,4426
2374,2119,2246,255,4493
2313,2237,2275,76,4550
1784,2468,2126,-684,4252
2367,2228,2297,139,4595
2366,2183,2274,183,4549
2162,2378,2270,-216,4540
2231,2210,2220,21,4441
2379,2200,2289,179,4579
2132,2093,2112,39,4225
2291,2132,2211,159,4423
2159,2068,2113,91,4227
2231,2117,2174,114,4348
2264,2004,2134,260,4268
2196,2037,2116,159,4233
1934,2450,2192,-516,4384
2311,2160,2235,151,4471
2219,2149,2184,70,4368
2240,2253,2246,-13,4493
2139,2262,2200,-123,4401
2213,2009,2111,204,4222
2263,2188,2225,75,4451
2131,2137,2134,-6,4268
2347,1856,2101,491,4203
2093,2265,2179,-172,4358
2360,2233,2296,127,4593
2249,2272,2260,-23,4521
2058,2229,2143,-171,4287
2469,2105,2287,364,4574
2297,2215,2256,82,4512
2144,2369,2256,-225,4513
1930,2340,2135,-410,4270
2309,2067,2188,242,4376
2562,1969,2265,593,4531
2153,2345,2249,-192,4498
2114,2357,2235,-243,4471
2434,2015,2224,419,4449
2237,2063,2150,174,4300
2425,2137,2281,288,4562
2197,2049,2123,148,4246
2116,2231,2173,-115,4347
2124,2315,2219,-191,4439
2109,2290,2199,-181,4399
2104,2181,2142,-77,4285
2341,2206,2273,135,4547
1980,2319,2149,-339,4299
2366,2021,2193,345,4387
2329,2249,2289,80,4578
2047,2227,2137,-180,4274
2075,2475,2275,-400,4550
2161,2314,2237,-153,4475
2207,2238,2222,-31,4445
2212,2171,2191,41,4383
1955,2307,2131,-352,4262
2413,1927,2170,486,4340
2216,2077,2146,139,4293
2100,2142,2121,-42,4242
2015,2333,2174,-318,4348
2227,2030,2128,197,4257
2343,1865,2104,478,4208
2238,2236,2237,2,4474
2455,2135,2295,320,4590
2183,2033,2108,150,4216
2106,2124,2115,-18,4230
1996,2471,2233,-475,4467
2170,2126,2148,44,4296
2328,2211,2269,117,4539
2309,2085,2197,224,4394
2225,2358,2291,-133,4583
2332,2126,2229,206,4458
2267,1954,2110,313,4221
2131,2255,2193,-124,4386
2165,2067,2116,98,4232
2094,2202,2148,-108,4296
2393,2172,2282,221,4565
2084,2152,2118,-68,4236
2041,2186,2113,-145,4227
2211,2157,2184,54,4368
2162,2108,2135,54,4270
2233,2040,2136,193,4273
2488,1938,2213,550,4426
2416,2095,2255,321,4511
2179,2377,2278,-198,4556
2011,2494,2252,-483,4505
2259,2257,2258,2,4516
2136,2452,2294,-316,4588
2063,2282,2172,-219,4345
2294,1960,2127,334,4254
2323,2172,2247,151,4495
2523,1929,2226,594,4452
2314,2091,2202,223,4405
2041,2499,2270,-458,4540
2213,2299,2256,-86,4512
2379,2107,2243,272,4486
2048,2218,2133,-170,4266
2364,1974,2169,390,4338
2243,2040,2141,203,4283
2005,2298,2151,-293,4303
2165,2204,2184,-39,4369
2431,2152,2291,279,4583
2088,2175,2131,-87,4263
2250,2080,2165,170,4330
2182,2124,2153,58,4306
2088,2362,2225,-274,4450
2277,2306,2291,-29,4583
2437,2044,2240,393,4481
2316,2205,2260,111,4521
2281,2007,2144,274,4288
2322,1991,2156,331,4313
2110,2438,2274,-328,4548
2149,2089,2119,60,4238
2249,2341,2295,-92,4590
2296,2296,2296,0,4592
2269,2197,2233,72,4466
2334,2100,2217,234,4434
2146,2436,2291,-290,4582
2435,2157,2296,278,4592
2322,2219,2270,103,4541
2386,2172,2279,214,4558
2090,2286,2188,-196,4376
2211,2277,2244,-66,4488
2284,1974,2129,310,4258
2324,2042,2183,282,4366
2374,2191,2282,183,4565
2356,2177,2266,179,4533
2237,2157,2197,80,4394
2309,2275,2292,34,4584
1842,2456,2149,-614,4298
2016,2263,2139,-247,4279
2101,2188,2144,-87,4289
2147,2153,2150,-6,4300
2067,2492,2279,-425,4559
2298,2278,2288,20,4576
2197,2120,2158,77,4317
2345,2214,2279,131,4559
2068,2487,2277,-419,4555
2211,2242,2226,-31,4453
2165,2419,2292,-254,4584
2356,2082,2219,274,4438
2375,1943,2159,432,4318
2181,2407,2294,-226,4588
2265,2064,2164,201,4329
1785,2429,2107,-644,4214
2563,1942,2252,621,4505
2398,2157,2277,241,4555
2205,2287,2246,-82,4492
2091,2240,2165,-149,4331
2317,2222,2269,95,4539
2125,2426,2275,-301,4551
1988,2385,2186,-397,4373
2395,2163,2279,232,4558
2316,2190,2253,126,4506
2402,2101,2251,301,4503
2175,2094,2134,81,4269
1895,2346,2120,-451,4241
2276,1958,2117,318,4234
2115,2406,2260,-291,4521
2020,2267,2143,-247,4287
2448,2137,2292,311,4585
1949,2276,2112,-327,4225
2233,2114,2173,119,4347
2055,2268,2161,-213,4323
2413,2159,2286,254,4572
2196,2031,2113,165,4227
2007,2491,2249,-484,4498
2099,2283,2191,-184,4382
2043,2218,2130,-175,4261
2299,2262,2280,37,4561
2368,1839,2103,529,4207
2176,2351,2263,-175,4527
2039,2392,2215,-353,4431
2130,2199,2164,-69,4329
2041,2238,2139,-197,4279
2148,2360,2254,-212,4508
2040,2199,2119,-159,4239
2227,2247,2237,-20,4474
2228,2010,2119,218,4238
2090,2467,2278,-377,4557
2282,2006,2144,276,4288
2209,2228,2218,-19,4437
2292,2043,2167,249,4335
2335,2245,2290,90,4580
2077,2242,2159,-165,4319
2371,1944,2157,427,4315
2029,2372,2200,-343,4401
2112,2348,2230,-236,4460
2414,2107,2260,307,4521
2386,2111,2248,275,4497
1969,2298,2133,-329,4267
2442,1876,2159,566,4318
2141,2423,2282,-282,4564
2266,2202,2234,64,4468
2095,2336,2215,-241,4431
2375,2073,2224,302,4448
2188,2249,2218,-61,4437
2232,2252,2242,-20,4484
2045,2365,2205,-320,4410
2392,1989,2190,403,4381
2264,2087,2175,177,4351
2028,2301,2164,-273,4329
2207,2267,2237,-60,4474
2100,2356,2228,-256,4456
2296,1987,2141,309,4283
2270,2027,2148,243,4297
2292,2046,2169,246,4338
2311,2177,2244,134,4488
2347,2240,2293,107,4587
2375,2211,2293,164,4586
2087,2263,2175,-176,4350
2132,2266,2199,-134,4398
2066,2388,2227,-322,4454
2129,2130,2129,-1,4259
2448,2128,2288,320,4576
2321,2186,2253,135,4507
2228,2079,2153,149,4307
2259,2201,2230,58,4460
2351,2083,2217,268,4434
2263,2099,2181,164,4362
2298,2120,2209,178,4418
2286,2284,2285,2,4570
2659,1907,2283,752,4566
2241,2335,2288,-94,4576
2318,2101,2209,217,4419
2108,2147,2127,-39,4255
1932,2398,2165,-466,4330
2404,2009,2206,395,4413
2143,2261,2202,-118,4404
2156,2313,2234,-157,4469
2307,2233,2270,74,4540
2323,2061,2192,262,4384
1935,2472,2203,-537,4407
2411,2165,2288,246,4576
2179,2356,2267,-177,4535
2440,2045,2242,395,4485
2207,2221,2214,-14,4428
2037,2211,2124,-174,4248
1877,2381,2129,-504,4258
2349,2019,2184,330,4368
2113,2314,2213,-201,4427
2143,2362,2252,-219,4505
2344,1918,2131,426,4262
2002,2318,2160,-316,4320
2192,2163,2177,29,4355
2210,2115,2162,95,4325
2121,2402,2261,-281,4523
1748,2562,2155,-814,4310
2424,1967,2195,457,4391
2175,2116,2145,59,4291
2382,2127,2254,255,4509
1838,2474,2156,-636,4312
2243,2280,2261,-37,4523
2287,2252,2269,35,4539
2293,2270,2281,23,4563
2159,2271,2215,-112,4430
2035,2225,2130,-190,4260
2311,2018,2164,293,4329
2070,2295,2182,-225,4365
2294,2109,2201,185,4403
2456,1944,2200,512,4400
2314,2219,2266,95,4533
2254,2013,2133,241,4267
2161,2310,2235,-149,4471
2283,2040,2161,243,4323
2176,2043,2109,133,4219
2236,2089,2162,147,4325
2419,2110,2264,309,4529
1967,2254,2110,-287,4221
1899,2390,2144,-491,4289
2343,2255,2299,88,4598
1995,2548,2271,-553,4543
2112,2322,2217,-210,4434
2367,1993,2180,374,4360
2297,1991,2144,306,4288
2271,1948,2109,323,4219
2086,2151,2118,-65,4237
2091,2223,2157,-132,4314
2167,2321,2244,-154,4488
2187,2018,2102,169,4205
2211,2374,2292,-163,4585
2073,2134,2103,-61,4207
2275,2154,2214,121,4429
2230,2336,2283,-106,4566
2179,2335,2257,-156,4514
2413,2001,2207,412,4414
2282,2007,2144,275,4289
2371,2101,2236,270,4472
2469,2122,2295,347,4591
2090,2147,2118,-57,4237
2214,2254,2234,-40,4468
2344,2137,2240,207,4481
2319,2069,2194,250,4388
