WhiteElo,BlackElo,MeanElos,DiffElos,SumElos,Class,Class1
1915,1999,1957,-84,3914,3,3
1813,1643,1728,170,3456,3,3
1877,1851,1864,26,3728,3,3
1942,1663,1802,279,3605,3,3
1870,2086,1978,-216,3956,3,3
1962,2057,2009,-95,4019,3,3
1934,1792,1863,142,3726,3,3
1827,1540,1683,287,3367,3,3
2103,1870,1986,233,3973,3,3
1381,1735,1558,-354,3116,3,3
1962,2061,2011,-99,4023,3,3
1766,2053,1909,-287,3819,3,3
1769,1799,1784,-30,3568,3,3
1828,2030,1929,-202,3858,3,3
1903,1633,1768,270,3536,3,3
1861,1513,1687,348,3374,3,3
1585,1613,1599,-28,3198,3,3
1612,1580,1596,32,3192,3,3
2090,1658,1874,432,3748,3,3
1965,2083,2024,-118,4048,3,3
1876,1904,1890,-28,3780,3,3
2017,1958,1987,59,3975,3,3
1956,1945,1950,11,3901,3,3
1915,1803,1859,112,3718,3,3
2167,1758,1962,409,3925,3,3
1818,1837,1827,-19,3655,3,3
1641,1543,1592,98,3184,3,3
2039,1872,1955,167,3911,3,3
1778,1959,1868,-181,3737,3,3
1683,2086,1884,-403,3769,3,3
1639,1924,1781,-285,3563,3,3
1640,1464,1552,176,3104,3,3
2142,1858,2000,284,4000,3,3
1649,2188,1918,-539,3837,3,3
1904,2091,1997,-187,3995,3,3
1657,2123,1890,-466,3780,3,3
1651,1508,1579,143,3159,3,3
1623,2146,1884,-523,3769,3,3
2037,1582,1809,455,3619,3,3
2138,1835,1986,303,3973,3,3
1960,2044,2002,-84,4004,3,3
1313,1842,1577,-529,3155,3,3
1745,2011,1878,-266,3756,3,3
1897,1475,1686,422,3372,3,3
1854,1705,1779,149,3559,3,3
2066,1763,1914,303,3829,3,3
1846,1765,1805,81,3611,3,3
2048,1848,1948,200,3896,3,3
1915,2105,2010,-190,4020,3,3
1939,2052,1995,-113,3991,3,3
1735,1822,1778,-87,3557,3,3
1904,2030,1967,-126,3934,3,3
1959,2095,2027,-136,4054,3,3
1848,2074,1961,-226,3922,3,3
2006,1835,1920,171,3841,3,3
1814,2042,1928,-228,3856,3,3
1679,1780,1729,-101,3459,3,3
1730,1921,1825,-191,3651,3,3
1949,1803,1876,146,3752,3,3
2004,1886,1945,118,3890,3,3
1663,1948,1805,-285,3611,3,3
1553,1694,1623,-141,3247,3,3
1778,2025,1901,-247,3803,3,3
2082,1884,1983,198,3966,3,3
1880,2032,1956,-152,3912,3,3
1896,2077,1986,-181,3973,3,3
1611,1825,1718,-214,3436,3,3
2001,1818,1909,183,3819,3,3
1712,1747,1729,-35,3459,3,3
2007,1889,1948,118,3896,3,3
1902,2117,2009,-215,4019,3,3
1712,2011,1861,-299,3723,3,3
2130,1890,2010,240,4020,3,3
1634,1610,1622,24,3244,3,3
1817,1528,1672,289,3345,3,3
1888,1690,1789,198,3578,3,3
1669,2023,1846,-354,3692,3,3
1698,1754,1726,-56,3452,3,3
1950,2083,2016,-133,4033,3,3
1772,1753,1762,19,3525,3,3
1990,1820,1905,170,3810,3,3
1865,1770,1817,95,3635,3,3
2108,1867,1987,241,3975,3,3
1914,2054,1984,-140,3968,3,3
1908,1755,1831,153,3663,3,3
2117,1664,1890,453,3781,3,3
2026,1787,1906,239,3813,3,3
1924,1707,1815,217,3631,3,3
1726,1999,1862,-273,3725,3,3
1583,1880,1731,-297,3463,3,3
1975,1731,1853,244,3706,3,3
2072,1743,1907,329,3815,3,3
2098,1932,2015,166,4030,3,3
1824,1940,1882,-116,3764,3,3
1716,1845,1780,-129,3561,3,3
1647,1753,1700,-106,3400,3,3
2107,1876,1991,231,3983,3,3
1933,1797,1865,136,3730,3,3
1781,2034,1907,-253,3815,3,3
1986,1642,1814,344,3628,3,3
1836,2096,1966,-260,3932,3,3
1741,2095,1918,-354,3836,3,3
1889,1936,1912,-47,3825,3,3
1790,1727,1758,63,3517,3,3
1950,1912,1931,38,3862,3,3
2018,1847,1932,171,3865,3,3
2006,1998,2002,8,4004,3,3
1774,1997,1885,-223,3771,3,3
1806,1546,1676,260,3352,3,3
2069,1934,2001,135,4003,3,3
1676,2046,1861,-370,3722,3,3
1872,1718,1795,154,3590,3,3
1852,2083,1967,-231,3935,3,3
1909,1824,1866,85,3733,3,3
1508,1844,1676,-336,3352,3,3
1810,1921,1865,-111,3731,3,3
1616,1483,1549,133,3099,3,3
1714,1949,1831,-235,3663,3,3
1829,1532,1680,297,3361,3,3
1955,1919,1937,36,3874,3,3
1577,1809,1693,-232,3386,3,3
1993,1812,1902,181,3805,3,3
2029,1471,1750,558,3500,3,3
2100,1940,2020,160,4040,3,3
2032,1932,1982,100,3964,3,3
1972,1921,1946,51,3893,3,3
1731,2063,1897,-332,3794,3,3
1527,2054,1790,-527,3581,3,3
1894,2048,1971,-154,3942,3,3
1828,2102,1965,-274,3930,3,3
2116,1608,1862,508,3724,3,3
1881,2101,1991,-220,3982,3,3
1949,2003,1976,-54,3952,3,3
1836,2161,1998,-325,3997,3,3
2147,1768,1957,379,3915,3,3
1744,2045,1894,-301,3789,3,3
2058,1767,1912,291,3825,3,3
1896,1557,1726,339,3453,3,3
2156,1610,1883,546,3766,3,3
1588,1987,1787,-399,3575,3,3
2043,1802,1922,241,3845,3,3
1755,1713,1734,42,3468,3,3
2005,2057,2031,-52,4062,3,3
1989,1848,1918,141,3837,3,3
1983,1358,1670,625,3341,3,3
2008,1854,1931,154,3862,3,3
1888,2064,1976,-176,3952,3,3
1858,1680,1769,178,3538,3,3
1278,1688,1483,-410,2966,3,3
1952,1597,1774,355,3549,3,3
2062,1943,2002,119,4005,3,3
2131,1708,1919,423,3839,3,3
1862,1998,1930,-136,3860,3,3
2111,1852,1981,259,3963,3,3
1768,2145,1956,-377,3913,3,3
1862,2119,1990,-257,3981,3,3
1827,1605,1716,222,3432,3,3
1966,1800,1883,166,3766,3,3
1983,1890,1936,93,3873,3,3
1965,2084,2024,-119,4049,3,3
1394,1886,1640,-492,3280,3,3
1913,1744,1828,169,3657,3,3
2063,1833,1948,230,3896,3,3
1927,1658,1792,269,3585,3,3
1640,1795,1717,-155,3435,3,3
2090,1729,1909,361,3819,3,3
1766,2105,1935,-339,3871,3,3
1926,1753,1839,173,3679,3,3
1945,1940,1942,5,3885,3,3
1604,1718,1661,-114,3322,3,3
1967,1794,1880,173,3761,3,3
1863,1414,1638,449,3277,3,3
1757,1818,1787,-61,3575,3,3
1978,1952,1965,26,3930,3,3
2075,1905,1990,170,3980,3,3
1946,1805,1875,141,3751,3,3
2067,1893,1980,174,3960,3,3
1693,1393,1543,300,3086,3,3
1958,1206,1582,752,3164,3,3
1794,2035,1914,-241,3829,3,3
1620,1990,1805,-370,3610,3,3
1941,1778,1859,163,3719,3,3
1637,1347,1492,290,2984,3,3
1701,1992,1846,-291,3693,3,3
1918,1618,1768,300,3536,3,3
1696,2054,1875,-358,3750,3,3
2183,1781,1982,402,3964,3,3
1876,2101,1988,-225,3977,3,3
2068,1964,2016,104,4032,3,3
1656,1791,1723,-135,3447,3,3
1647,1318,1482,329,2965,3,3
1988,2059,2023,-71,4047,3,3
1694,2022,1858,-328,3716,3,3
1978,1931,1954,47,3909,3,3
1634,2121,1877,-487,3755,3,3
1545,1879,1712,-334,3424,3,3
1718,2150,1934,-432,3868,3,3
2019,1918,1968,101,3937,3,3
1585,1941,1763,-356,3526,3,3
1611,1765,1688,-154,3376,3,3
1999,1956,1977,43,3955,3,3
1474,1906,1690,-432,3380,3,3
1891,1650,1770,241,3541,3,3
1796,2189,1992,-393,3985,3,3
1633,2014,1823,-381,3647,3,3
1973,1919,1946,54,3892,3,3
1981,1740,1860,241,3721,3,3
1645,1893,1769,-248,3538,3,3
1724,1633,1678,91,3357,3,3
1626,1905,1765,-279,3531,3,3
2092,1961,2026,131,4053,3,3
1439,1912,1675,-473,3351,3,3
1995,1846,1920,149,3841,3,3
1804,1778,1791,26,3582,3,3
2003,1734,1868,269,3737,3,3
1791,2118,1954,-327,3909,3,3
2004,1930,1967,74,3934,3,3
2008,1770,1889,238,3778,3,3
1837,1643,1740,194,3480,3,3
2000,1946,1973,54,3946,3,3
1776,1995,1885,-219,3771,3,3
2090,1946,2018,144,4036,3,3
1963,1974,1968,-11,3937,3,3
1908,1592,1750,316,3500,3,3
1655,1936,1795,-281,3591,3,3
2000,2069,2034,-69,4069,3,3
1587,1949,1768,-362,3536,3,3
1859,2102,1980,-243,3961,3,3
1820,2058,1939,-238,3878,3,3
2026,1942,1984,84,3968,3,3
1871,2049,1960,-178,3920,3,3
1934,2101,2017,-167,4035,3,3
1922,1781,1851,141,3703,3,3
1864,2127,1995,-263,3991,3,3
1609,2167,1888,-558,3776,3,3
1999,1827,1913,172,3826,3,3
1219,1803,1511,-584,3022,3,3
2081,1933,2007,148,4014,3,3
1794,2002,1898,-208,3796,3,3
1800,1918,1859,-118,3718,3,3
2001,2030,2015,-29,4031,3,3
1673,1944,1808,-271,3617,3,3
1823,2071,1947,-248,3894,3,3
1847,2143,1995,-296,3990,3,3
1969,1768,1868,201,3737,3,3
2012,1978,1995,34,3990,3,3
1657,2000,1828,-343,3657,3,3
1772,1922,1847,-150,3694,3,3
1684,1933,1808,-249,3617,3,3
1921,2066,1993,-145,3987,3,3
2205,1738,1971,467,3943,3,3
2012,1783,1897,229,3795,3,3
1833,2042,1937,-209,3875,3,3
1558,1799,1678,-241,3357,3,3
1892,1945,1918,-53,3837,3,3
2079,1904,1991,175,3983,3,3
2046,1885,1965,161,3931,3,3
2038,1585,1811,453,3623,3,3
1965,2001,1983,-36,3966,3,3
2100,1713,1906,387,3813,3,3
1927,1937,1932,-10,3864,3,3
2007,1718,1862,289,3725,3,3
2011,1966,1988,45,3977,3,3
2094,1797,1945,297,3891,3,3
1796,2081,1938,-285,3877,3,3
2021,1934,1977,87,3955,3,3
1682,1604,1643,78,3286,3,3
1934,1897,1915,37,3831,3,3
1917,2097,2007,-180,4014,3,3
1989,1792,1890,197,3781,3,3
1347,1451,1399,-104,2798,3,3
1793,1662,1727,131,3455,3,3
1857,1706,1781,151,3563,3,3
1963,1966,1964,-3,3929,3,3
1948,2083,2015,-135,4031,3,3
1570,1859,1714,-289,3429,3,3
2001,1824,1912,177,3825,3,3
1924,2067,1995,-143,3991,3,3
2100,1570,1835,530,3670,3,3
2148,1864,2006,284,4012,3,3
2050,2023,2036,27,4073,3,3
1918,2079,1998,-161,3997,3,3
1600,1940,1770,-340,3540,3,3
1740,1963,1851,-223,3703,3,3
2026,1890,1958,136,3916,3,3
2086,1566,1826,520,3652,3,3
2054,1997,2025,57,4051,3,3
1590,1658,1624,-68,3248,3,3
1875,2044,1959,-169,3919,3,3
2093,1921,2007,172,4014,3,3
1969,2073,2021,-104,4042,3,3
1714,1890,1802,-176,3604,3,3
1800,1647,1723,153,3447,3,3
1869,2054,1961,-185,3923,3,3
1995,1896,1945,99,3891,3,3
1851,1325,1588,526,3176,3,3
2081,1702,1891,379,3783,3,3
1980,1894,1937,86,3874,3,3
1830,2042,1936,-212,3872,3,3
1920,2048,1984,-128,3968,3,3
1578,1960,1769,-382,3538,3,3
1766,2072,1919,-306,3838,3,3
1987,1791,1889,196,3778,3,3
2108,1890,1999,218,3998,3,3
1795,1939,1867,-144,3734,3,3
1458,1836,1647,-378,3294,3,3
1851,1285,1568,566,3136,3,3
1976,1749,1862,227,3725,3,3
1614,1877,1745,-263,3491,3,3
2066,1969,2017,97,4035,3,3
1587,1605,1596,-18,3192,3,3
1914,1899,1906,15,3813,3,3
2006,1835,1920,171,3841,3,3
1471,1654,1562,-183,3125,3,3
1808,2045,1926,-237,3853,3,3
1852,1677,1764,175,3529,3,3
1954,1899,1926,55,3853,3,3
1980,2013,1996,-33,3993,3,3
1938,2099,2018,-161,4037,3,3
1675,1579,1627,96,3254,3,3
1822,2025,1923,-203,3847,3,3
2060,1994,2027,66,4054,3,3
2009,1755,1882,254,3764,3,3
2003,1912,1957,91,3915,3,3
1756,2190,1973,-434,3946,3,3
1878,2024,1951,-146,3902,3,3
1734,2211,1972,-477,3945,3,3
1785,2069,1927,-284,3854,3,3
1914,2040,1977,-126,3954,3,3
1763,2107,1935,-344,3870,3,3
2127,1865,1996,262,3992,3,3
1790,2073,1931,-283,3863,3,3
1956,1608,1782,348,3564,3,3
1599,1438,1518,161,3037,3,3
1603,1852,1727,-249,3455,3,3
1867,2098,1982,-231,3965,3,3
1896,1689,1792,207,3585,3,3
2063,1911,1987,152,3974,3,3
1796,1899,1847,-103,3695,3,3
1640,2003,1821,-363,3643,3,3
1496,1774,1635,-278,3270,3,3
1846,1421,1633,425,3267,3,3
1887,1621,1754,266,3508,3,3
1981,1976,1978,5,3957,3,3
1998,2004,2001,-6,4002,3,3
1920,2088,2004,-168,4008,3,3
1676,1808,1742,-132,3484,3,3
2001,1765,1883,236,3766,3,3
2139,1573,1856,566,3712,3,3
1797,1960,1878,-163,3757,3,3
1786,2136,1961,-350,3922,3,3
1759,1938,1848,-179,3697,3,3
1767,1950,1858,-183,3717,3,3
1939,1999,1969,-60,3938,3,3
1882,2071,1976,-189,3953,3,3
1756,1729,1742,27,3485,3,3
2204,1761,1982,443,3965,3,3
1891,1671,1781,220,3562,3,3
1899,2069,1984,-170,3968,3,3
1909,2083,1996,-174,3992,3,3
1798,2006,1902,-208,3804,3,3
1905,1666,1785,239,3571,3,3
1599,1915,1757,-316,3514,3,3
2003,1657,1830,346,3660,3,3
2089,1967,2028,122,4056,3,3
1552,1487,1519,65,3039,3,3
1786,2176,1981,-390,3962,3,3
1590,1641,1615,-51,3231,3,3
1570,1851,1710,-281,3421,3,3
1832,1551,1691,281,3383,3,3
1683,2086,1884,-403,3769,3,3
1791,1938,1864,-147,3729,3,3
1835,1945,1890,-110,3780,3,3
2019,1841,1930,178,3860,3,3
2068,1884,1976,184,3952,3,3
2017,1792,1904,225,3809,3,3
1747,1842,1794,-95,3589,3,3
1995,1805,1900,190,3800,3,3
2037,2047,2042,-10,4084,3,3
1655,1950,1802,-295,3605,3,3
1849,2083,1966,-234,3932,3,3
1976,1719,1847,257,3695,3,3
1982,1788,1885,194,3770,3,3
2053,1774,1913,279,3827,3,3
1813,2000,1906,-187,3813,3,3
2059,1808,1933,251,3867,3,3
2095,1898,1996,197,3993,3,3
2065,1947,2006,118,4012,3,3
1746,2069,1907,-323,3815,3,3
2065,1499,1782,566,3564,3,3
1855,2090,1972,-235,3945,3,3
1941,1957,1949,-16,3898,3,3
2004,2069,2036,-65,4073,3,3
2071,1820,1945,251,3891,3,3
1927,2116,2021,-189,4043,3,3
1891,2098,1994,-207,3989,3,3
1842,1584,1713,258,3426,3,3
2115,1753,1934,362,3868,3,3
1920,1655,1787,265,3575,3,3
2080,1955,2017,125,4035,3,3
2014,1826,1920,188,3840,3,3
1945,1796,1870,149,3741,3,3
1936,1404,1670,532,3340,3,3
1927,1974,1950,-47,3901,3,3
1651,1435,1543,216,3086,3,3
1864,2115,1989,-251,3979,3,3
2092,1930,2011,162,4022,3,3
2073,1915,1994,158,3988,3,3
1287,1484,1385,-197,2771,3,3
1691,1955,1823,-264,3646,3,3
1981,2073,2027,-92,4054,3,3
1896,1563,1729,333,3459,3,3
2058,2009,2033,49,4067,3,3
1817,2121,1969,-304,3938,3,3
1912,1704,1808,208,3616,3,3
1919,2119,2019,-200,4038,3,3
1884,1712,1798,172,3596,3,3
2078,1831,1954,247,3909,3,3
1927,2094,2010,-167,4021,3,3
1928,2002,1965,-74,3930,3,3
1768,2078,1923,-310,3846,3,3
1682,2071,1876,-389,3753,3,3
2087,1954,2020,133,4041,3,3
1867,2144,2005,-277,4011,3,3
1805,2025,1915,-220,3830,3,3
1595,1446,1520,149,3041,3,3
2052,1952,2002,100,4004,3,3
1888,1611,1749,277,3499,3,3
1984,1979,1981,5,3963,3,3
1994,1485,1739,509,3479,3,3
2085,1955,2020,130,4040,3,3
2034,1852,1943,182,3886,3,3
1737,1852,1794,-115,3589,3,3
1848,1573,1710,275,3421,3,3
1845,1802,1823,43,3647,3,3
1733,2223,1978,-490,3956,3,3
2026,1941,1983,85,3967,3,3
1573,2064,1818,-491,3637,3,3
1846,1698,1772,148,3544,3,3
2083,1897,1990,186,3980,3,3
1553,1883,1718,-330,3436,3,3
1701,1846,1773,-145,3547,3,3
1813,2116,1964,-303,3929,3,3
1889,2125,2007,-236,4014,3,3
1747,1487,1617,260,3234,3,3
2111,1903,2007,208,4014,3,3
1919,2026,1972,-107,3945,3,3
1920,1687,1803,233,3607,3,3
2053,1879,1966,174,3932,3,3
2018,1918,1968,100,3936,3,3
1654,1757,1705,-103,3411,3,3
1880,1931,1905,-51,3811,3,3
1633,1921,1777,-288,3554,3,3
1941,1892,1916,49,3833,3,3
1897,2039,1968,-142,3936,3,3
1467,2119,1793,-652,3586,3,3
1766,1887,1826,-121,3653,3,3
1636,1940,1788,-304,3576,3,3
1875,2133,2004,-258,4008,3,3
1991,2040,2015,-49,4031,3,3
1616,1835,1725,-219,3451,3,3
1683,1824,1753,-141,3507,3,3
1610,1953,1781,-343,3563,3,3
1658,1628,1643,30,3286,3,3
1841,1534,1687,307,3375,3,3
1744,2081,1912,-337,3825,3,3
1738,1806,1772,-68,3544,3,3
1659,1896,1777,-237,3555,3,3
1953,1726,1839,227,3679,3,3
1796,1755,1775,41,3551,3,3
1741,2071,1906,-330,3812,3,3
2076,1954,2015,122,4030,3,3
1786,1792,1789,-6,3578,3,3
2067,1926,1996,141,3993,3,3
1737,1743,1740,-6,3480,3,3
1279,1813,1546,-534,3092,3,3
1923,1820,1871,103,3743,3,3
1831,1969,1900,-138,3800,3,3
1627,1326,1476,301,2953,3,3
1417,1764,1590,-347,3181,3,3
2124,1746,1935,378,3870,3,3
2056,1945,2000,111,4001,3,3
2335,1520,1927,815,3855,3,3
1848,1634,1741,214,3482,3,3
1759,1549,1654,210,3308,3,3
1931,2024,1977,-93,3955,3,3
1646,1763,1704,-117,3409,3,3
1957,1812,1884,145,3769,3,3
1896,2006,1951,-110,3902,3,3
1286,1367,1326,-81,2653,3,3
1629,1909,1769,-280,3538,3,3
1784,1588,1686,196,3372,3,3
2086,1926,2006,160,4012,3,3
1638,1771,1704,-133,3409,3,3
2045,1931,1988,114,3976,3,3
1957,1987,1972,-30,3944,3,3
1922,1927,1924,-5,3849,3,3
1946,1836,1891,110,3782,3,3
2016,2048,2032,-32,4064,3,3
2007,2054,2030,-47,4061,3,3
2055,1692,1873,363,3747,3,3
1761,1443,1602,318,3204,3,3
1779,2123,1951,-344,3902,3,3
2029,1601,1815,428,3630,3,3
1951,1953,1952,-2,3904,3,3
2090,1905,1997,185,3995,3,3
1639,1834,1736,-195,3473,3,3
1723,1583,1653,140,3306,3,3
2052,1881,1966,171,3933,3,3
1683,2015,1849,-332,3698,3,3
1947,1833,1890,114,3780,3,3
1883,2090,1986,-207,3973,3,3
1919,1885,1902,34,3804,3,3
1768,1673,1720,95,3441,3,3
1620,2063,1841,-443,3683,3,3
1936,1710,1823,226,3646,3,3
2010,1830,1920,180,3840,3,3
2119,1831,1975,288,3950,3,3
1950,1839,1894,111,3789,3,3
1586,2045,1815,-459,3631,3,3
1938,1778,1858,160,3716,3,3
1915,1708,1811,207,3623,3,3
1744,1849,1796,-105,3593,3,3
2122,1842,1982,280,3964,3,3
1645,1879,1762,-234,3524,3,3
1868,1931,1899,-63,3799,3,3
1655,2151,1903,-496,3806,3,3
1965,1637,1801,328,3602,3,3
1847,1596,1721,251,3443,3,3
1559,1806,1682,-247,3365,3,3
2019,1985,2002,34,4004,3,3
1868,1808,1838,60,3676,3,3
1949,1771,1860,178,3720,3,3
1630,2047,1838,-417,3677,3,3
1626,1795,1710,-169,3421,3,3
1918,1504,1711,414,3422,3,3
2008,2015,2011,-7,4023,3,3
2023,1802,1912,221,3825,3,3
1282,1562,1422,-280,2844,3,3
1872,1872,1872,0,3744,3,3
1833,2066,1949,-233,3899,3,3
1595,1888,1741,-293,3483,3,3
1867,2048,1957,-181,3915,3,3
1627,1621,1624,6,3248,3,3
2100,1600,1850,500,3700,3,3
2122,1905,2013,217,4027,3,3
1865,1531,1698,334,3396,3,3
1930,1606,1768,324,3536,3,3
1839,2072,1955,-233,3911,3,3
2058,1962,2010,96,4020,3,3
1814,2082,1948,-268,3896,3,3
1312,1820,1566,-508,3132,3,3
2044,1895,1969,149,3939,3,3
1486,1733,1609,-247,3219,3,3
1743,1325,1534,418,3068,3,3
2030,1817,1923,213,3847,3,3
1906,1628,1767,278,3534,3,3
1726,1954,1840,-228,3680,3,3
1834,2031,1932,-197,3865,3,3
1808,1904,1856,-96,3712,3,3
2038,1766,1902,272,3804,3,3
2040,1843,1941,197,3883,3,3
1934,2046,1990,-112,3980,3,3
2012,1867,1939,145,3879,3,3
1717,2067,1892,-350,3784,3,3
1575,1906,1740,-331,3481,3,3
2026,1950,1988,76,3976,3,3
2032,1963,1997,69,3995,3,3
1883,1871,1877,12,3754,3,3
2018,1830,1924,188,3848,3,3
2008,1758,1883,250,3766,3,3
2027,1779,1903,248,3806,3,3
1950,2032,1991,-82,3982,3,3
2066,1703,1884,363,3769,3,3
2024,2049,2036,-25,4073,3,3
1463,2047,1755,-584,3510,3,3
1838,1529,1683,309,3367,3,3
1912,2050,1981,-138,3962,3,3
1847,1762,1804,85,3609,3,3
1668,2160,1914,-492,3828,3,3
1928,2080,2004,-152,4008,3,3
1794,1788,1791,6,3582,3,3
1740,2030,1885,-290,3770,3,3
1486,1755,1620,-269,3241,3,3
2095,1816,1955,279,3911,3,3
1498,1714,1606,-216,3212,3,3
1741,1325,1533,416,3066,3,3
1838,2035,1936,-197,3873,3,3
1724,2229,1976,-505,3953,3,3
1923,2080,2001,-157,4003,3,3
1636,1543,1589,93,3179,3,3
1964,1557,1760,407,3521,3,3
1857,1955,1906,-98,3812,3,3
1898,1975,1936,-77,3873,3,3
1978,1981,1979,-3,3959,3,3
1978,1754,1866,224,3732,3,3
1929,2037,1983,-108,3966,3,3
2083,1870,1976,213,3953,3,3
2029,1702,1865,327,3731,3,3
1660,1592,1626,68,3252,3,3
1611,2144,1877,-533,3755,3,3
2049,1922,1985,127,3971,3,3
1632,1928,1780,-296,3560,3,3
1887,2135,2011,-248,4022,3,3
1559,1804,1681,-245,3363,3,3
1936,1998,1967,-62,3934,3,3
1530,2067,1798,-537,3597,3,3
1704,2004,1854,-300,3708,3,3
2141,1852,1996,289,3993,3,3
1369,1761,1565,-392,3130,3,3
1676,1893,1784,-217,3569,3,3
2088,1898,1993,190,3986,3,3
1797,2016,1906,-219,3813,3,3
1889,2001,1945,-112,3890,3,3
2072,1982,2027,90,4054,3,3
1868,2013,1940,-145,3881,3,3
1654,1623,1638,31,3277,3,3
1430,1291,1360,139,2721,3,3
1335,1546,1440,-211,2881,3,3
1657,2050,1853,-393,3707,3,3
1929,1688,1808,241,3617,3,3
1934,2071,2002,-137,4005,3,3
2085,1971,2028,114,4056,3,3
1975,1785,1880,190,3760,3,3
1822,1879,1850,-57,3701,3,3
1909,1952,1930,-43,3861,3,3
1788,2073,1930,-285,3861,3,3
1991,1839,1915,152,3830,3,3
1491,1504,1497,-13,2995,3,3
1990,1872,1931,118,3862,3,3
1994,1796,1895,198,3790,3,3
1892,1839,1865,53,3731,3,3
2020,1850,1935,170,3870,3,3
2111,1912,2011,199,4023,3,3
2098,1907,2002,191,4005,3,3
2157,1710,1933,447,3867,3,3
1943,2070,2006,-127,4013,3,3
1916,1655,1785,261,3571,3,3
1615,1391,1503,224,3006,3,3
1831,1705,1768,126,3536,3,3
2003,1777,1890,226,3780,3,3
1964,1689,1826,275,3653,3,3
2016,1878,1947,138,3894,3,3
2277,1576,1926,701,3853,3,3
1318,1577,1447,-259,2895,3,3
2101,1605,1853,496,3706,3,3
1767,1999,1883,-232,3766,3,3
2055,1994,2024,61,4049,3,3
2064,1873,1968,191,3937,3,3
1729,2230,1979,-501,3959,3,3
1874,1747,1810,127,3621,3,3
1992,1660,1826,332,3652,3,3
1890,2121,2005,-231,4011,3,3
1734,1953,1843,-219,3687,3,3
2023,1726,1874,297,3749,3,3
1643,1782,1712,-139,3425,3,3
2028,1935,1981,93,3963,3,3
1791,1589,1690,202,3380,3,3
1796,1630,1713,166,3426,3,3
1719,1891,1805,-172,3610,3,3
2156,1739,1947,417,3895,3,3
2055,1777,1916,278,3832,3,3
1874,1437,1655,437,3311,3,3
1912,2124,2018,-212,4036,3,3
1827,2109,1968,-282,3936,3,3
1859,1509,1684,350,3368,3,3
1790,1509,1649,281,3299,3,3
2213,1696,1954,517,3909,3,3
2006,1878,1942,128,3884,3,3
1657,2037,1847,-380,3694,3,3
1821,2140,1980,-319,3961,3,3
1884,2059,1971,-175,3943,3,3
1876,1772,1824,104,3648,3,3
1303,1433,1368,-130,2736,3,3
1745,1583,1664,162,3328,3,3
2032,1538,1785,494,3570,3,3
1809,1449,1629,360,3258,3,3
1903,2107,2005,-204,4010,3,3
1622,1865,1743,-243,3487,3,3
1960,1761,1860,199,3721,3,3
1768,1928,1848,-160,3696,3,3
1918,1986,1952,-68,3904,3,3
1865,1995,1930,-130,3860,3,3
2094,1754,1924,340,3848,3,3
1714,2128,1921,-414,3842,3,3
1929,2070,1999,-141,3999,3,3
1381,1845,1613,-464,3226,3,3
2000,1992,1996,8,3992,3,3
1727,1503,1615,224,3230,3,3
1576,2302,1939,-726,3878,3,3
1827,2025,1926,-198,3852,3,3
1677,1473,1575,204,3150,3,3
2072,1975,2023,97,4047,3,3
2044,1648,1846,396,3692,3,3
1857,2137,1997,-280,3994,3,3
2035,1928,1981,107,3963,3,3
2074,1966,2020,108,4040,3,3
2087,1946,2016,141,4033,3,3
1673,1244,1458,429,2917,3,3
1985,1743,1864,242,3728,3,3
2060,1852,1956,208,3912,3,3
1661,1456,1558,205,3117,3,3
2148,1599,1873,549,3747,3,3
1967,2066,2016,-99,4033,3,3
1957,2058,2007,-101,4015,3,3
1797,1941,1869,-144,3738,3,3
1996,2002,1999,-6,3998,3,3
2060,1931,1995,129,3991,3,3
1914,2000,1957,-86,3914,3,3
2047,1799,1923,248,3846,3,3
1633,1592,1612,41,3225,3,3
1410,1369,1389,41,2779,3,3
1721,2037,1879,-316,3758,3,3
1680,1890,1785,-210,3570,3,3
1820,1637,1728,183,3457,3,3
2156,1792,1974,364,3948,3,3
1843,2049,1946,-206,3892,3,3
1878,1750,1814,128,3628,3,3
1625,1635,1630,-10,3260,3,3
1861,2080,1970,-219,3941,3,3
1787,1865,1826,-78,3652,3,3
1812,1979,1895,-167,3791,3,3
2038,1883,1960,155,3921,3,3
1897,1754,1825,143,3651,3,3
2020,1772,1896,248,3792,3,3
1790,2040,1915,-250,3830,3,3
1734,1870,1802,-136,3604,3,3
1715,2031,1873,-316,3746,3,3
1734,1986,1860,-252,3720,3,3
1824,1797,1810,27,3621,3,3
1488,1915,1701,-427,3403,3,3
1970,1943,1956,27,3913,3,3
1862,2140,2001,-278,4002,3,3
2100,1774,1937,326,3874,3,3
1910,2099,2004,-189,4009,3,3
1878,2012,1945,-134,3890,3,3
2115,1734,1924,381,3849,3,3
1675,2084,1879,-409,3759,3,3
1868,2099,1983,-231,3967,3,3
2140,1561,1850,579,3701,3,3
1775,2195,1985,-420,3970,3,3
1775,2196,1985,-421,3971,3,3
1946,1731,1838,215,3677,3,3
1831,1663,1747,168,3494,3,3
1691,1388,1539,303,3079,3,3
1922,1596,1759,326,3518,3,3
1655,1866,1760,-211,3521,3,3
1945,1794,1869,151,3739,3,3
1959,1710,1834,249,3669,3,3
1946,2047,1996,-101,3993,3,3
1996,1873,1934,123,3869,3,3
2119,1785,1952,334,3904,3,3
1615,1895,1755,-280,3510,3,3
1812,1998,1905,-186,3810,3,3
1969,1680,1824,289,3649,3,3
1858,1796,1827,62,3654,3,3
2190,1776,1983,414,3966,3,3
1648,2021,1834,-373,3669,3,3
2127,1709,1918,418,3836,3,3
1882,1483,1682,399,3365,3,3
2171,1655,1913,516,3826,3,3
2077,1922,1999,155,3999,3,3
1920,1664,1792,256,3584,3,3
1785,1449,1617,336,3234,3,3
2065,1944,2004,121,4009,3,3
1769,2115,1942,-346,3884,3,3
2043,1982,2012,61,4025,3,3
2099,1909,2004,190,4008,3,3
1691,1946,1818,-255,3637,3,3
1977,2006,1991,-29,3983,3,3
2071,1918,1994,153,3989,3,3
1611,1742,1676,-131,3353,3,3
1749,1798,1773,-49,3547,3,3
2081,1865,1973,216,3946,3,3
1838,1763,1800,75,3601,3,3
2118,1904,2011,214,4022,3,3
1841,1945,1893,-104,3786,3,3
1832,1477,1654,355,3309,3,3
1845,1454,1649,391,3299,3,3
2066,1911,1988,155,3977,3,3
1815,1553,1684,262,3368,3,3
1673,1969,1821,-296,3642,3,3
1553,1793,1673,-240,3346,3,3
1470,1804,1637,-334,3274,3,3
1917,2049,1983,-132,3966,3,3
2123,1594,1858,529,3717,3,3
1669,1801,1735,-132,3470,3,3
1967,2081,2024,-114,4048,3,3
1953,2048,2000,-95,4001,3,3
1941,1628,1784,313,3569,3,3
1627,1731,1679,-104,3358,3,3
1878,2025,1951,-147,3903,3,3
2065,2007,2036,58,4072,3,3
1920,1712,1816,208,3632,3,3
2007,1713,1860,294,3720,3,3
2161,1808,1984,353,3969,3,3
1321,1313,1317,8,2634,3,3
2017,1721,1869,296,3738,3,3
1871,2073,1972,-202,3944,3,3
1695,1908,1801,-213,3603,3,3
1767,1583,1675,184,3350,3,3
1830,1771,1800,59,3601,3,3
1959,1687,1823,272,3646,3,3
1683,1716,1699,-33,3399,3,3
1694,1909,1801,-215,3603,3,3
1607,2034,1820,-427,3641,3,3
1808,1724,1766,84,3532,3,3
1951,1734,1842,217,3685,3,3
2022,2040,2031,-18,4062,3,3
2112,1802,1957,310,3914,3,3
1694,1814,1754,-120,3508,3,3
1988,1854,1921,134,3842,3,3
1728,2095,1911,-367,3823,3,3
2026,1739,1882,287,3765,3,3
1331,1926,1628,-595,3257,3,3
1808,2123,1965,-315,3931,3,3
1941,1692,1816,249,3633,3,3
1610,1554,1582,56,3164,3,3
1992,1856,1924,136,3848,3,3
2109,1885,1997,224,3994,3,3
1922,1548,1735,374,3470,3,3
1930,2087,2008,-157,4017,3,3
1626,2165,1895,-539,3791,3,3
1601,1925,1763,-324,3526,3,3
1996,1820,1908,176,3816,3,3
1914,1750,1832,164,3664,3,3
2078,1848,1963,230,3926,3,3
1898,1985,1941,-87,3883,3,3
1969,1630,1799,339,3599,3,3
1953,2095,2024,-142,4048,3,3
1456,1820,1638,-364,3276,3,3
1770,2049,1909,-279,3819,3,3
1636,1471,1553,165,3107,3,3
1654,1936,1795,-282,3590,3,3
1938,2092,2015,-154,4030,3,3
1752,2158,1955,-406,3910,3,3
1951,1585,1768,366,3536,3,3
2157,1827,1992,330,3984,3,3
1612,1861,1736,-249,3473,3,3
1755,1981,1868,-226,3736,3,3
2002,1627,1814,375,3629,3,3
2060,1904,1982,156,3964,3,3
1818,1474,1646,344,3292,3,3
1918,1609,1763,309,3527,3,3
2044,1929,1986,115,3973,3,3
2086,1852,1969,234,3938,3,3
1945,1801,1873,144,3746,3,3
1924,1627,1775,297,3551,3,3
2106,1844,1975,262,3950,3,3
1756,1947,1851,-191,3703,3,3
2079,1811,1945,268,3890,3,3
2047,1855,1951,192,3902,3,3
2038,1677,1857,361,3715,3,3
1875,1726,1800,149,3601,3,3
1645,1391,1518,254,3036,3,3
2096,1846,1971,250,3942,3,3
1590,2157,1873,-567,3747,3,3
1616,1813,1714,-197,3429,3,3
2043,1719,1881,324,3762,3,3
1514,2036,1775,-522,3550,3,3
1468,1733,1600,-265,3201,3,3
1710,2002,1856,-292,3712,3,3
1381,1987,1684,-606,3368,3,3
1935,2030,1982,-95,3965,3,3
2041,1816,1928,225,3857,3,3
1945,1801,1873,144,3746,3,3
1424,1553,1488,-129,2977,3,3
1677,2072,1874,-395,3749,3,3
2095,1605,1850,490,3700,3,3
2045,1958,2001,87,4003,3,3
1873,1658,1765,215,3531,3,3
1835,2043,1939,-208,3878,3,3
2125,1872,1998,253,3997,3,3
1778,1526,1652,252,3304,3,3
2050,1847,1948,203,3897,3,3
2003,1729,1866,274,3732,3,3
2142,1683,1912,459,3825,3,3
2061,1943,2002,118,4004,3,3
2078,1921,1999,157,3999,3,3
1931,2017,1974,-86,3948,3,3
1682,1806,1744,-124,3488,3,3
2150,1764,1957,386,3914,3,3
1716,1722,1719,-6,3438,3,3
1994,1638,1816,356,3632,3,3
2173,1785,1979,388,3958,3,3
1740,2101,1920,-361,3841,3,3
2050,1832,1941,218,3882,3,3
2040,1748,1894,292,3788,3,3
2097,1808,1952,289,3905,3,3
1797,1795,1796,2,3592,3,3
1934,1735,1834,199,3669,3,3
2050,1996,2023,54,4046,3,3
1531,1565,1548,-34,3096,3,3
1513,1929,1721,-416,3442,3,3
1755,2015,1885,-260,3770,3,3
1867,2140,2003,-273,4007,3,3
1884,1878,1881,6,3762,3,3
2074,1910,1992,164,3984,3,3
1609,2019,1814,-410,3628,3,3
1935,1750,1842,185,3685,3,3
1930,1952,1941,-22,3882,3,3
1673,1822,1747,-149,3495,3,3
1550,1619,1584,-69,3169,3,3
1815,1695,1755,120,3510,3,3
2101,1906,2003,195,4007,3,3
1754,1993,1873,-239,3747,3,3
1940,2095,2017,-155,4035,3,3
2090,1700,1895,390,3790,3,3
1842,1477,1659,365,3319,3,3
1874,1788,1831,86,3662,3,3
1845,1768,1806,77,3613,3,3
2039,1968,2003,71,4007,3,3
1983,1977,1980,6,3960,3,3
1575,1805,1690,-230,3380,3,3
1803,2049,1926,-246,3852,3,3
1769,1980,1874,-211,3749,3,3
1630,2039,1834,-409,3669,3,3
1733,2181,1957,-448,3914,3,3
1590,2123,1856,-533,3713,3,3
1768,2059,1913,-291,3827,3,3
1770,1644,1707,126,3414,3,3
1988,1980,1984,8,3968,3,3
1751,1421,1586,330,3172,3,3
1856,2017,1936,-161,3873,3,3
2196,1778,1987,418,3974,3,3
2028,2050,2039,-22,4078,3,3
1861,1884,1872,-23,3745,3,3
1604,1729,1666,-125,3333,3,3
1740,1659,1699,81,3399,3,3
1544,1845,1694,-301,3389,3,3
2094,1839,1966,255,3933,3,3
2018,1880,1949,138,3898,3,3
1977,1594,1785,383,3571,3,3
1308,1767,1537,-459,3075,3,3
1823,2077,1950,-254,3900,3,3
1759,2092,1925,-333,3851,3,3
1713,2210,1961,-497,3923,3,3
2131,1854,1992,277,3985,3,3
2023,1987,2005,36,4010,3,3
1817,2137,1977,-320,3954,3,3
2061,1835,1948,226,3896,3,3
2073,1958,2015,115,4031,3,3
2012,1982,1997,30,3994,3,3
1905,2064,1984,-159,3969,3,3
2032,1952,1992,80,3984,3,3
2133,1331,1732,802,3464,3,3
1587,1830,1708,-243,3417,3,3
1753,2027,1890,-274,3780,3,3
2098,1903,2000,195,4001,3,3
2143,1855,1999,288,3998,3,3
1945,2069,2007,-124,4014,3,3
1577,1927,1752,-350,3504,3,3
1732,1971,1851,-239,3703,3,3
1382,1889,1635,-507,3271,3,3
1998,1812,1905,186,3810,3,3
1955,1591,1773,364,3546,3,3
1800,1911,1855,-111,3711,3,3
1628,1982,1805,-354,3610,3,3
2068,1788,1928,280,3856,3,3
1991,1670,1830,321,3661,3,3
1928,2033,1980,-105,3961,3,3
1759,1709,1734,50,3468,3,3
2052,1892,1972,160,3944,3,3
1944,2070,2007,-126,4014,3,3
1556,1830,1693,-274,3386,3,3
1847,1490,1668,357,3337,3,3
2016,1780,1898,236,3796,3,3
1899,1740,1819,159,3639,3,3
1914,1865,1889,49,3779,3,3
1999,1974,1986,25,3973,3,3
2114,1826,1970,288,3940,3,3
1571,1938,1754,-367,3509,3,3
1731,1890,1810,-159,3621,3,3
1428,1926,1677,-498,3354,3,3
2052,1733,1892,319,3785,3,3
1964,1618,1791,346,3582,3,3
1893,2122,2007,-229,4015,3,3
2055,2016,2035,39,4071,3,3
1708,1990,1849,-282,3698,3,3
2107,1913,2010,194,4020,3,3
2075,1843,1959,232,3918,3,3
1880,2074,1977,-194,3954,3,3
1803,1781,1792,22,3584,3,3
2049,1847,1948,202,3896,3,3
1397,1619,1508,-222,3016,3,3
2066,1942,2004,124,4008,3,3
1977,1731,1854,246,3708,3,3
2125,1714,1919,411,3839,3,3
1859,1604,1731,255,3463,3,3
2054,1909,1981,145,3963,3,3
1570,2024,1797,-454,3594,3,3
1471,2069,1770,-598,3540,3,3
2054,1827,1940,227,3881,3,3
2019,1807,1913,212,3826,3,3
1673,1871,1772,-198,3544,3,3
1819,2034,1926,-215,3853,3,3
2011,1859,1935,152,3870,3,3
2143,1782,1962,361,3925,3,3
1920,2043,1981,-123,3963,3,3
1971,2040,2005,-69,4011,3,3
2027,1946,1986,81,3973,3,3
1406,1607,1506,-201,3013,3,3
2038,1773,1905,265,3811,3,3
1752,1723,1737,29,3475,3,3
1829,1980,1904,-151,3809,3,3
1413,1691,1552,-278,3104,3,3
1737,2212,1974,-475,3949,3,3
1948,1676,1812,272,3624,3,3
1763,1921,1842,-158,3684,3,3
1498,1906,1702,-408,3404,3,3
2044,1907,1975,137,3951,3,3
1949,2042,1995,-93,3991,3,3
1874,1754,1814,120,3628,3,3
1285,1609,1447,-324,2894,3,3
1989,1982,1985,7,3971,3,3
2074,1931,2002,143,4005,3,3
1971,1795,1883,176,3766,3,3
1870,2090,1980,-220,3960,3,3
1701,1736,1718,-35,3437,3,3
1651,1811,1731,-160,3462,3,3
1833,2128,1980,-295,3961,3,3
1561,1857,1709,-296,3418,3,3
1532,1850,1691,-318,3382,3,3
2168,1762,1965,406,3930,3,3
1796,2073,1934,-277,3869,3,3
2113,1793,1953,320,3906,3,3
1812,2006,1909,-194,3818,3,3
1890,1544,1717,346,3434,3,3
1992,2014,2003,-22,4006,3,3
1857,1935,1896,-78,3792,3,3
1547,1754,1650,-207,3301,3,3
1921,1871,1896,50,3792,3,3
1970,2034,2002,-64,4004,3,3
2005,2055,2030,-50,4060,3,3
1856,1694,1775,162,3550,3,3
2009,1862,1935,147,3871,3,3
1993,1655,1824,338,3648,3,3
1789,1621,1705,168,3410,3,3
1687,2199,1943,-512,3886,3,3
1684,1977,1830,-293,3661,3,3
2094,1920,2007,174,4014,3,3
1709,2169,1939,-460,3878,3,3
1770,1581,1675,189,3351,3,3
1952,1474,1713,478,3426,3,3
1458,1861,1659,-403,3319,3,3
1856,1982,1919,-126,3838,3,3
1895,1669,1782,226,3564,3,3
1645,1795,1720,-150,3440,3,3
1739,2149,1944,-410,3888,3,3
1753,2137,1945,-384,3890,3,3
2121,1767,1944,354,3888,3,3
1788,1882,1835,-94,3670,3,3
1881,1731,1806,150,3612,3,3
2088,1792,1940,296,3880,3,3
2152,1572,1862,580,3724,3,3
1773,2019,1896,-246,3792,3,3
1825,1649,1737,176,3474,3,3
1984,1697,1840,287,3681,3,3
2127,1886,2006,241,4013,3,3
2094,1854,1974,240,3948,3,3
2065,1926,1995,139,3991,3,3
1730,1952,1841,-222,3682,3,3
2011,1903,1957,108,3914,3,3
1894,2073,1983,-179,3967,3,3
1661,1498,1579,163,3159,3,3
2018,1772,1895,246,3790,3,3
1767,1637,1702,130,3404,3,3
1907,1978,1942,-71,3885,3,3
1367,1789,1578,-422,3156,3,3
1771,1497,1634,274,3268,3,3
1820,1977,1898,-157,3797,3,3
1566,1939,1752,-373,3505,3,3
1346,1550,1448,-204,2896,3,3
1908,1803,1855,105,3711,3,3
1838,2056,1947,-218,3894,3,3
2068,1924,1996,144,3992,3,3
2102,1848,1975,254,3950,3,3
1317,1897,1607,-580,3214,3,3
2032,1851,1941,181,3883,3,3
1673,1840,1756,-167,3513,3,3
1705,1924,1814,-219,3629,3,3
2152,1814,1983,338,3966,3,3
1707,1873,1790,-166,3580,3,3
1680,2029,1854,-349,3709,3,3
1381,1515,1448,-134,2896,3,3
2086,1911,1998,175,3997,3,3
1780,2013,1896,-233,3793,3,3
1735,1683,1709,52,3418,3,3
2011,2045,2028,-34,4056,3,3
2228,1514,1871,714,3742,3,3
2055,1872,1963,183,3927,3,3
1379,1303,1341,76,2682,3,3
2104,1849,1976,255,3953,3,3
1760,2212,1986,-452,3972,3,3
1757,2154,1955,-397,3911,3,3
1756,2099,1927,-343,3855,3,3
1856,2033,1944,-177,3889,3,3
1997,1746,1871,251,3743,3,3
1959,2096,2027,-137,4055,3,3
2099,1926,2012,173,4025,3,3
1809,1504,1656,305,3313,3,3
1840,1385,1612,455,3225,3,3
1939,2080,2009,-141,4019,3,3
1840,1993,1916,-153,3833,3,3
1658,2075,1866,-417,3733,3,3
1664,1988,1826,-324,3652,3,3
1634,2069,1851,-435,3703,3,3
1607,1716,1661,-109,3323,3,3
1750,1950,1850,-200,3700,3,3
1588,1470,1529,118,3058,3,3
1899,1786,1842,113,3685,3,3
1944,1366,1655,578,3310,3,3
2051,1945,1998,106,3996,3,3
1722,1867,1794,-145,3589,3,3
1862,2029,1945,-167,3891,3,3
1735,1865,1800,-130,3600,3,3
1918,1950,1934,-32,3868,3,3
1665,1374,1519,291,3039,3,3
1712,1471,1591,241,3183,3,3
1633,1813,1723,-180,3446,3,3
1843,2145,1994,-302,3988,3,3
2007,1858,1932,149,3865,3,3
1725,2171,1948,-446,3896,3,3
1732,1536,1634,196,3268,3,3
1794,1771,1782,23,3565,3,3
1592,1959,1775,-367,3551,3,3
1959,2059,2009,-100,4018,3,3
1866,1516,1691,350,3382,3,3
1789,1973,1881,-184,3762,3,3
1958,1703,1830,255,3661,3,3
1797,2002,1899,-205,3799,3,3
1721,1512,1616,209,3233,3,3
1895,1647,1771,248,3542,3,3
2083,1921,2002,162,4004,3,3
1656,2162,1909,-506,3818,3,3
2022,1972,1997,50,3994,3,3
1959,2029,1994,-70,3988,3,3
2091,1648,1869,443,3739,3,3
2091,1874,1982,217,3965,3,3
2069,1607,1838,462,3676,3,3
1872,2131,2001,-259,4003,3,3
1941,1744,1842,197,3685,3,3
2112,1768,1940,344,3880,3,3
1973,1981,1977,-8,3954,3,3
2130,1605,1867,525,3735,3,3
1778,1460,1619,318,3238,3,3
2137,1770,1953,367,3907,3,3
2098,1844,1971,254,3942,3,3
1676,1872,1774,-196,3548,3,3
2014,1936,1975,78,3950,3,3
1793,1975,1884,-182,3768,3,3
2055,1917,1986,138,3972,3,3
1828,2074,1951,-246,3902,3,3
1704,1892,1798,-188,3596,3,3
1396,1845,1620,-449,3241,3,3
1976,1679,1827,297,3655,3,3
1959,2089,2024,-130,4048,3,3
1837,2010,1923,-173,3847,3,3
1668,1317,1492,351,2985,3,3
2000,1970,1985,30,3970,3,3
1960,1863,1911,97,3823,3,3
1976,1626,1801,350,3602,3,3
2011,1967,1989,44,3978,3,3
2007,1822,1914,185,3829,3,3
1664,1797,1730,-133,3461,3,3
1696,1863,1779,-167,3559,3,3
2081,1981,2031,100,4062,3,3
1656,2112,1884,-456,3768,3,3
1910,1798,1854,112,3708,3,3
1658,1788,1723,-130,3446,3,3
1987,1824,1905,163,3811,3,3
1900,2055,1977,-155,3955,3,3
1712,1912,1812,-200,3624,3,3
1981,1860,1920,121,3841,3,3
1936,1688,1812,248,3624,3,3
2072,1724,1898,348,3796,3,3
1724,2020,1872,-296,3744,3,3
1670,2104,1887,-434,3774,3,3
1893,2024,1958,-131,3917,3,3
1438,1700,1569,-262,3138,3,3
1986,1794,1890,192,3780,3,3
1531,1793,1662,-262,3324,3,3
1846,1981,1913,-135,3827,3,3
1688,1971,1829,-283,3659,3,3
1753,1863,1808,-110,3616,3,3
1915,2043,1979,-128,3958,3,3
2109,1928,2018,181,4037,3,3
1995,1889,1942,106,3884,3,3
2063,1804,1933,259,3867,3,3
1734,1966,1850,-232,3700,3,3
1731,1904,1817,-173,3635,3,3
1821,1989,1905,-168,3810,3,3
1706,2229,1967,-523,3935,3,3
1847,2057,1952,-210,3904,3,3
1897,1820,1858,77,3717,3,3
1768,2165,1966,-397,3933,3,3
2030,1844,1937,186,3874,3,3
2036,1802,1919,234,3838,3,3
1934,2061,1997,-127,3995,3,3
1619,1799,1709,-180,3418,3,3
1785,2143,1964,-358,3928,3,3
2064,1836,1950,228,3900,3,3
1716,1821,1768,-105,3537,3,3
1930,2058,1994,-128,3988,3,3
1897,2015,1956,-118,3912,3,3
1876,2118,1997,-242,3994,3,3
1975,1654,1814,321,3629,3,3
1770,2103,1936,-333,3873,3,3
1649,1487,1568,162,3136,3,3
1929,1916,1922,13,3845,3,3
1595,1830,1712,-235,3425,3,3
1838,1303,1570,535,3141,3,3
2015,1844,1929,171,3859,3,3
1698,1866,1782,-168,3564,3,3
1950,1641,1795,309,3591,3,3
2053,1980,2016,73,4033,3,3
2130,1787,1958,343,3917,3,3
2173,1786,1979,387,3959,3,3
1793,1572,1682,221,3365,3,3
2017,1944,1980,73,3961,3,3
1783,2070,1926,-287,3853,3,3
1792,1546,1669,246,3338,3,3
2021,1830,1925,191,3851,3,3
2004,1770,1887,234,3774,3,3
1811,2108,1959,-297,3919,3,3
1419,1607,1513,-188,3026,3,3
1595,1555,1575,40,3150,3,3
1736,2169,1952,-433,3905,3,3
1731,1772,1751,-41,3503,3,3
1811,2116,1963,-305,3927,3,3
2195,1683,1939,512,3878,3,3
1845,1776,1810,69,3621,3,3
1604,1947,1775,-343,3551,3,3
2015,1748,1881,267,3763,3,3
1722,1697,1709,25,3419,3,3
1650,1407,1528,243,3057,3,3
1839,1683,1761,156,3522,3,3
1739,1602,1670,137,3341,3,3
1787,1997,1892,-210,3784,3,3
1335,1680,1507,-345,3015,3,3
1974,1830,1902,144,3804,3,3
2111,1786,1948,325,3897,3,3
1432,2016,1724,-584,3448,3,3
2141,1771,1956,370,3912,3,3
1917,1836,1876,81,3753,3,3
2187,1767,1977,420,3954,3,3
2028,1947,1987,81,3975,3,3
1464,1768,1616,-304,3232,3,3
1814,2120,1967,-306,3934,3,3
1436,1814,1625,-378,3250,3,3
1968,1983,1975,-15,3951,3,3
2052,1909,1980,143,3961,3,3
1948,1740,1844,208,3688,3,3
1880,2139,2009,-259,4019,3,3
2100,1844,1972,256,3944,3,3
1838,1970,1904,-132,3808,3,3
1933,1704,1818,229,3637,3,3
1976,1929,1952,47,3905,3,3
1490,1858,1674,-368,3348,3,3
2058,1904,1981,154,3962,3,3
1675,1859,1767,-184,3534,3,3
2110,1812,1961,298,3922,3,3
2165,1817,1991,348,3982,3,3
1564,1837,1700,-273,3401,3,3
2104,1939,2021,165,4043,3,3
1698,1831,1764,-133,3529,3,3
2069,1641,1855,428,3710,3,3
1911,2087,1999,-176,3998,3,3
1529,1897,1713,-368,3426,3,3
2112,1878,1995,234,3990,3,3
2026,1847,1936,179,3873,3,3
2030,1887,1958,143,3917,3,3
1946,1918,1932,28,3864,3,3
1783,1660,1721,123,3443,3,3
1571,1877,1724,-306,3448,3,3
1734,1995,1864,-261,3729,3,3
1668,1901,1784,-233,3569,3,3
1787,1805,1796,-18,3592,3,3
1622,1762,1692,-140,3384,3,3
1470,1951,1710,-481,3421,3,3
1868,1991,1929,-123,3859,3,3
1854,1882,1868,-28,3736,3,3
1557,1810,1683,-253,3367,3,3
1573,1835,1704,-262,3408,3,3
1999,1646,1822,353,3645,3,3
1884,1837,1860,47,3721,3,3
2104,1838,1971,266,3942,3,3
1886,2063,1974,-177,3949,3,3
2043,1820,1931,223,3863,3,3
2020,2006,2013,14,4026,3,3
2144,1860,2002,284,4004,3,3
1589,1807,1698,-218,3396,3,3
2152,1775,1963,377,3927,3,3
1843,1522,1682,321,3365,3,3
1978,2086,2032,-108,4064,3,3
1808,1794,1801,14,3602,3,3
1861,2027,1944,-166,3888,3,3
1744,1617,1680,127,3361,3,3
1739,2096,1917,-357,3835,3,3
1757,1819,1788,-62,3576,3,3
1888,1519,1703,369,3407,3,3
2050,2029,2039,21,4079,3,3
1630,1979,1804,-349,3609,3,3
2110,1900,2005,210,4010,3,3
1622,1245,1433,377,2867,3,3
2066,1985,2025,81,4051,3,3
1532,1871,1701,-339,3403,3,3
1708,1897,1802,-189,3605,3,3
1278,1858,1568,-580,3136,3,3
1549,1591,1570,-42,3140,3,3
1869,2011,1940,-142,3880,3,3
1831,1796,1813,35,3627,3,3
1853,2120,1986,-267,3973,3,3
1916,2120,2018,-204,4036,3,3
1598,2288,1943,-690,3886,3,3
1998,2074,2036,-76,4072,3,3
1793,2066,1929,-273,3859,3,3
1464,1812,1638,-348,3276,3,3
2081,1459,1770,622,3540,3,3
2076,1832,1954,244,3908,3,3
1972,1636,1804,336,3608,3,3
2044,1953,1998,91,3997,3,3
2067,1874,1970,193,3941,3,3
1798,2032,1915,-234,3830,3,3
1737,1982,1859,-245,3719,3,3
2041,1650,1845,391,3691,3,3
1685,1892,1788,-207,3577,3,3
2104,1851,1977,253,3955,3,3
1812,2068,1940,-256,3880,3,3
2059,1983,2021,76,4042,3,3
1897,1663,1780,234,3560,3,3
1917,1837,1877,80,3754,3,3
1742,1846,1794,-104,3588,3,3
2259,1611,1935,648,3870,3,3
1370,1784,1577,-414,3154,3,3
1959,2041,2000,-82,4000,3,3
1889,1981,1935,-92,3870,3,3
2103,1805,1954,298,3908,3,3
1848,1936,1892,-88,3784,3,3
1972,2028,2000,-56,4000,3,3
1963,2077,2020,-114,4040,3,3
1601,1890,1745,-289,3491,3,3
1386,2334,1860,-948,3720,3,3
1698,1501,1599,197,3199,3,3
1682,2087,1884,-405,3769,3,3
1734,1868,1801,-134,3602,3,3
1783,1982,1882,-199,3765,3,3
1800,1828,1814,-28,3628,3,3
2036,1965,2000,71,4001,3,3
1950,1702,1826,248,3652,3,3
1936,2111,2023,-175,4047,3,3
2287,1488,1887,799,3775,3,3
1684,1927,1805,-243,3611,3,3
2146,1723,1934,423,3869,3,3
1935,2009,1972,-74,3944,3,3
1848,1978,1913,-130,3826,3,3
1990,2048,2019,-58,4038,3,3
1604,1868,1736,-264,3472,3,3
1754,1634,1694,120,3388,3,3
1830,1961,1895,-131,3791,3,3
1996,2052,2024,-56,4048,3,3
1850,1482,1666,368,3332,3,3
1498,2144,1821,-646,3642,3,3
1483,1768,1625,-285,3251,3,3
1705,1528,1616,177,3233,3,3
1574,1771,1672,-197,3345,3,3
1829,1740,1784,89,3569,3,3
1492,1827,1659,-335,3319,3,3
1783,1314,1548,469,3097,3,3
2054,1883,1968,171,3937,3,3
2054,1821,1937,233,3875,3,3
2059,1927,1993,132,3986,3,3
2005,1977,1991,28,3982,3,3
1823,1663,1743,160,3486,3,3
2118,1846,1982,272,3964,3,3
1943,1791,1867,152,3734,3,3
1936,1893,1914,43,3829,3,3
2096,1673,1884,423,3769,3,3
1851,1726,1788,125,3577,3,3
1471,1808,1639,-337,3279,3,3
2031,1802,1916,229,3833,3,3
1959,1828,1893,131,3787,3,3
1843,1512,1677,331,3355,3,3
1636,1417,1526,219,3053,3,3
1854,1475,1664,379,3329,3,3
2001,1783,1892,218,3784,3,3
2014,1655,1834,359,3669,3,3
1846,1764,1805,82,3610,3,3
1945,1653,1799,292,3598,3,3
1958,1939,1948,19,3897,3,3
1745,1988,1866,-243,3733,3,3
2017,1909,1963,108,3926,3,3
1544,1808,1676,-264,3352,3,3
1959,2092,2025,-133,4051,3,3
1943,1667,1805,276,3610,3,3
2051,1759,1905,292,3810,3,3
1638,1861,1749,-223,3499,3,3
1803,2000,1901,-197,3803,3,3
2079,1950,2014,129,4029,3,3
1576,1520,1548,56,3096,3,3
1841,1960,1900,-119,3801,3,3
1700,1971,1835,-271,3671,3,3
1917,2061,1989,-144,3978,3,3
2088,1901,1994,187,3989,3,3
1704,2155,1929,-451,3859,3,3
1669,1933,1801,-264,3602,3,3
1501,1923,1712,-422,3424,3,3
1544,1812,1678,-268,3356,3,3
1611,1985,1798,-374,3596,3,3
2222,1725,1973,497,3947,3,3
1569,1984,1776,-415,3553,3,3
1882,1714,1798,168,3596,3,3
2027,1753,1890,274,3780,3,3
1923,1764,1843,159,3687,3,3
1913,2070,1991,-157,3983,3,3
1746,1388,1567,358,3134,3,3
1971,2071,2021,-100,4042,3,3
1877,2137,2007,-260,4014,3,3
1918,2087,2002,-169,4005,3,3
2006,1634,1820,372,3640,3,3
1786,2181,1983,-395,3967,3,3
1689,1817,1753,-128,3506,3,3
1820,1669,1744,151,3489,3,3
1942,1868,1905,74,3810,3,3
1799,1943,1871,-144,3742,3,3
1933,1857,1895,76,3790,3,3
1986,1864,1925,122,3850,3,3
1839,2132,1985,-293,3971,3,3
1745,1845,1795,-100,3590,3,3
1992,1614,1803,378,3606,3,3
1839,2119,1979,-280,3958,3,3
2205,1740,1972,465,3945,3,3
1669,1234,1451,435,2903,3,3
2017,1939,1978,78,3956,3,3
2201,1663,1932,538,3864,3,3
1875,2133,2004,-258,4008,3,3
2005,1704,1854,301,3709,3,3
1664,1868,1766,-204,3532,3,3
1839,1897,1868,-58,3736,3,3
1860,2089,1974,-229,3949,3,3
1759,1817,1788,-58,3576,3,3
1869,1585,1727,284,3454,3,3
1886,2047,1966,-161,3933,3,3
1700,1657,1678,43,3357,3,3
1756,1646,1701,110,3402,3,3
1723,2166,1944,-443,3889,3,3
1690,1866,1778,-176,3556,3,3
1825,2018,1921,-193,3843,3,3
1823,2036,1929,-213,3859,3,3
1897,1627,1762,270,3524,3,3
1684,1682,1683,2,3366,3,3
2067,1932,1999,135,3999,3,3
1628,1709,1668,-81,3337,3,3
2015,1633,1824,382,3648,3,3
1883,1633,1758,250,3516,3,3
1788,2107,1947,-319,3895,3,3
2097,1533,1815,564,3630,3,3
1915,1575,1745,340,3490,3,3
1736,1492,1614,244,3228,3,3
1987,2005,1996,-18,3992,3,3
1840,2101,1970,-261,3941,3,3
2132,1830,1981,302,3962,3,3
1708,1903,1805,-195,3611,3,3
1904,2074,1989,-170,3978,3,3
1909,2089,1999,-180,3998,3,3
1738,2127,1932,-389,3865,3,3
1945,2008,1976,-63,3953,3,3
1650,1683,1666,-33,3333,3,3
2035,1759,1897,276,3794,3,3
1935,2021,1978,-86,3956,3,3
2108,1923,2015,185,4031,3,3
1984,1886,1935,98,3870,3,3
1857,2048,1952,-191,3905,3,3
1782,1487,1634,295,3269,3,3
1685,1751,1718,-66,3436,3,3
2025,1839,1932,186,3864,3,3
2076,1713,1894,363,3789,3,3
2106,1907,2006,199,4013,3,3
1926,2091,2008,-165,4017,3,3
1875,1774,1824,101,3649,3,3
1871,2002,1936,-131,3873,3,3
1936,2092,2014,-156,4028,3,3
2016,1903,1959,113,3919,3,3
1862,2000,1931,-138,3862,3,3
2009,1961,1985,48,3970,3,3
2044,1813,1928,231,3857,3,3
1724,2013,1868,-289,3737,3,3
2120,1838,1979,282,3958,3,3
1730,1980,1855,-250,3710,3,3
1846,1996,1921,-150,3842,3,3
1828,2130,1979,-302,3958,3,3
1479,2115,1797,-636,3594,3,3
1609,1641,1625,-32,3250,3,3
1617,1706,1661,-89,3323,3,3
1748,2003,1875,-255,3751,3,3
1608,1730,1669,-122,3338,3,3
1792,1889,1840,-97,3681,3,3
1576,1819,1697,-243,3395,3,3
1648,2006,1827,-358,3654,3,3
1603,1827,1715,-224,3430,3,3
1882,1865,1873,17,3747,3,3
1507,1894,1700,-387,3401,3,3
1752,1770,1761,-18,3522,3,3
1547,1407,1477,140,2954,3,3
2107,1930,2018,177,4037,3,3
2076,1750,1913,326,3826,3,3
1872,2078,1975,-206,3950,3,3
1883,1699,1791,184,3582,3,3
1942,1746,1844,196,3688,3,3
2123,1683,1903,440,3806,3,3
1936,1805,1870,131,3741,3,3
1230,1384,1307,-154,2614,3,3
1793,1885,1839,-92,3678,3,3
2105,1771,1938,334,3876,3,3
1553,1535,1544,18,3088,3,3
1750,1370,1560,380,3120,3,3
1789,1983,1886,-194,3772,3,3
2042,1885,1963,157,3927,3,3
1819,1627,1723,192,3446,3,3
2082,1909,1995,173,3991,3,3
2069,1982,2025,87,4051,3,3
2113,1773,1943,340,3886,3,3
2005,1961,1983,44,3966,3,3
1864,1883,1873,-19,3747,3,3
1760,2052,1906,-292,3812,3,3
1991,1940,1965,51,3931,3,3
1969,2071,2020,-102,4040,3,3
1514,2039,1776,-525,3553,3,3
2047,1895,1971,152,3942,3,3
2062,1907,1984,155,3969,3,3
2150,1778,1964,372,3928,3,3
1815,1517,1666,298,3332,3,3
1929,2077,2003,-148,4006,3,3
2050,1808,1929,242,3858,3,3
1788,1691,1739,97,3479,3,3
1889,2017,1953,-128,3906,3,3
1945,1880,1912,65,3825,3,3
1827,1927,1877,-100,3754,3,3
2070,1793,1931,277,3863,3,3
1893,1995,1944,-102,3888,3,3
1867,2073,1970,-206,3940,3,3
1776,1959,1867,-183,3735,3,3
2079,1821,1950,258,3900,3,3
1599,1853,1726,-254,3452,3,3
2089,1936,2012,153,4025,3,3
1722,1430,1576,292,3152,3,3
1816,2102,1959,-286,3918,3,3
2241,1543,1892,698,3784,3,3
2067,1983,2025,84,4050,3,3
1689,1585,1637,104,3274,3,3
2050,1417,1733,633,3467,3,3
1720,1378,1549,342,3098,3,3
1690,1713,1701,-23,3403,3,3
2091,1837,1964,254,3928,3,3
1646,1765,1705,-119,3411,3,3
2068,1932,2000,136,4000,3,3
1594,1848,1721,-254,3442,3,3
1673,1983,1828,-310,3656,3,3
2102,1931,2016,171,4033,3,3
1704,1863,1783,-159,3567,3,3
1747,2160,1953,-413,3907,3,3
1804,1801,1802,3,3605,3,3
1790,1672,1731,118,3462,3,3
2041,1657,1849,384,3698,3,3
1439,1641,1540,-202,3080,3,3
1470,1634,1552,-164,3104,3,3
1909,2048,1978,-139,3957,3,3
1862,1631,1746,231,3493,3,3
2105,1933,2019,172,4038,3,3
1543,1660,1601,-117,3203,3,3
1864,1367,1615,497,3231,3,3
1541,2210,1875,-669,3751,3,3
2011,1833,1922,178,3844,3,3
1654,2045,1849,-391,3699,3,3
1560,1561,1560,-1,3121,3,3
1940,1719,1829,221,3659,3,3
1764,2016,1890,-252,3780,3,3
1572,1838,1705,-266,3410,3,3
1687,2019,1853,-332,3706,3,3
1661,1897,1779,-236,3558,3,3
2092,1887,1989,205,3979,3,3
1947,1943,1945,4,3890,3,3
1948,1715,1831,233,3663,3,3
2028,1987,2007,41,4015,3,3
1941,2039,1990,-98,3980,3,3
1788,1974,1881,-186,3762,3,3
2014,1861,1937,153,3875,3,3
1876,1672,1774,204,3548,3,3
1464,1835,1649,-371,3299,3,3
2004,1504,1754,500,3508,3,3
2042,1809,1925,233,3851,3,3
2029,1633,1831,396,3662,3,3
2045,1842,1943,203,3887,3,3
1893,1454,1673,439,3347,3,3
1293,1639,1466,-346,2932,3,3
1818,1618,1718,200,3436,3,3
2062,1874,1968,188,3936,3,3
1680,1667,1673,13,3347,3,3
1544,2057,1800,-513,3601,3,3
2024,1814,1919,210,3838,3,3
1795,1974,1884,-179,3769,3,3
1764,2078,1921,-314,3842,3,3
2055,1726,1890,329,3781,3,3
1597,1942,1769,-345,3539,3,3
2113,1783,1948,330,3896,3,3
2091,1935,2013,156,4026,3,3
2120,1763,1941,357,3883,3,3
1787,2004,1895,-217,3791,3,3
1916,1746,1831,170,3662,3,3
1808,1620,1714,188,3428,3,3
2194,1763,1978,431,3957,3,3
1945,2076,2010,-131,4021,3,3
1678,1653,1665,25,3331,3,3
1884,1930,1907,-46,3814,3,3
1800,1983,1891,-183,3783,3,3
2071,1544,1807,527,3615,3,3
1595,1671,1633,-76,3266,3,3
1671,1949,1810,-278,3620,3,3
1623,1868,1745,-245,3491,3,3
2017,1887,1952,130,3904,3,3
1850,2056,1953,-206,3906,3,3
1899,1983,1941,-84,3882,3,3
1969,1344,1656,625,3313,3,3
1970,2033,2001,-63,4003,3,3
1567,1408,1487,159,2975,3,3
2072,1810,1941,262,3882,3,3
1731,1857,1794,-126,3588,3,3
1566,1962,1764,-396,3528,3,3
1882,2137,2009,-255,4019,3,3
1576,1526,1551,50,3102,3,3
1857,1497,1677,360,3354,3,3
1786,1622,1704,164,3408,3,3
2070,1807,1938,263,3877,3,3
1963,1931,1947,32,3894,3,3
1274,1453,1363,-179,2727,3,3
1462,1705,1583,-243,3167,3,3
2169,1683,1926,486,3852,3,3
1915,1548,1731,367,3463,3,3
1734,1920,1827,-186,3654,3,3
1719,1834,1776,-115,3553,3,3
2012,1930,1971,82,3942,3,3
1930,2102,2016,-172,4032,3,3
1665,1899,1782,-234,3564,3,3
1952,2052,2002,-100,4004,3,3
1988,1856,1922,132,3844,3,3
2009,1834,1921,175,3843,3,3
2068,1922,1995,146,3990,3,3
1769,2185,1977,-416,3954,3,3
1739,1567,1653,172,3306,3,3
1951,2089,2020,-138,4040,3,3
1749,2069,1909,-320,3818,3,3
1924,1610,1767,314,3534,3,3
1999,2026,2012,-27,4025,3,3
1752,1602,1677,150,3354,3,3
2140,1722,1931,418,3862,3,3
2000,1838,1919,162,3838,3,3
2046,1879,1962,167,3925,3,3
1931,2076,2003,-145,4007,3,3
1623,2188,1905,-565,3811,3,3
1807,1996,1901,-189,3803,3,3
1733,1949,1841,-216,3682,3,3
1972,1622,1797,350,3594,3,3
1876,2117,1996,-241,3993,3,3
1837,2081,1959,-244,3918,3,3
1791,2033,1912,-242,3824,3,3
2032,1905,1968,127,3937,3,3
2120,1881,2000,239,4001,3,3
2079,1911,1995,168,3990,3,3
1727,1485,1606,242,3212,3,3
2053,1861,1957,192,3914,3,3
1980,1843,1911,137,3823,3,3
1801,1684,1742,117,3485,3,3
2130,1655,1892,475,3785,3,3
1879,1861,1870,18,3740,3,3
2046,1602,1824,444,3648,3,3
2021,1636,1828,385,3657,3,3
1833,1565,1699,268,3398,3,3
1769,2062,1915,-293,3831,3,3
2070,1905,1987,165,3975,3,3
1589,1678,1633,-89,3267,3,3
2000,1751,1875,249,3751,3,3
1746,2131,1938,-385,3877,3,3
2053,1727,1890,326,3780,3,3
1991,1717,1854,274,3708,3,3
2073,1917,1995,156,3990,3,3
1803,1987,1895,-184,3790,3,3
1657,1571,1614,86,3228,3,3
1962,1887,1924,75,3849,3,3
2029,1882,1955,147,3911,3,3
1794,1572,1683,222,3366,3,3
1957,1523,1740,434,3480,3,3
2118,1848,1983,270,3966,3,3
1830,1957,1893,-127,3787,3,3
2153,1818,1985,335,3971,3,3
1601,1776,1688,-175,3377,3,3
1883,1605,1744,278,3488,3,3
2048,1953,2000,95,4001,3,3
2087,1972,2029,115,4059,3,3
1992,1646,1819,346,3638,3,3
1992,1894,1943,98,3886,3,3
1730,2187,1958,-457,3917,3,3
1525,1899,1712,-374,3424,3,3
1506,2027,1766,-521,3533,3,3
1926,1791,1858,135,3717,3,3
1945,1744,1844,201,3689,3,3
1743,1423,1583,320,3166,3,3
1742,1987,1864,-245,3729,3,3
1645,2181,1913,-536,3826,3,3
1512,1933,1722,-421,3445,3,3
2137,1843,1990,294,3980,3,3
1812,1893,1852,-81,3705,3,3
1892,1810,1851,82,3702,3,3
2194,1780,1987,414,3974,3,3
1773,2071,1922,-298,3844,3,3
1571,1857,1714,-286,3428,3,3
1965,1654,1809,311,3619,3,3
1985,1913,1949,72,3898,3,3
2033,1902,1967,131,3935,3,3
1891,2055,1973,-164,3946,3,3
1841,2036,1938,-195,3877,3,3
1674,2019,1846,-345,3693,3,3
1973,1633,1803,340,3606,3,3
1634,1889,1761,-255,3523,3,3
2155,1751,1953,404,3906,3,3
1653,1978,1815,-325,3631,3,3
1401,1781,1591,-380,3182,3,3
2098,1689,1893,409,3787,3,3
1945,1931,1938,14,3876,3,3
2005,1978,1991,27,3983,3,3
2078,1800,1939,278,3878,3,3
1813,2040,1926,-227,3853,3,3
1755,1502,1628,253,3257,3,3
2037,1878,1957,159,3915,3,3
1634,1903,1768,-269,3537,3,3
1567,1704,1635,-137,3271,3,3
1839,1430,1634,409,3269,3,3
2066,1930,1998,136,3996,3,3
1996,1844,1920,152,3840,3,3
1807,1929,1868,-122,3736,3,3
1760,2041,1900,-281,3801,3,3
2037,1581,1809,456,3618,3,3
1761,2150,1955,-389,3911,3,3
1958,1821,1889,137,3779,3,3
1953,2052,2002,-99,4005,3,3
1833,1531,1682,302,3364,3,3
1930,2078,2004,-148,4008,3,3
1373,2222,1797,-849,3595,3,3
1982,1695,1838,287,3677,3,3
1916,2110,2013,-194,4026,3,3
1846,2113,1979,-267,3959,3,3
1951,1991,1971,-40,3942,3,3
1819,2042,1930,-223,3861,3,3
1939,2050,1994,-111,3989,3,3
1841,2122,1981,-281,3963,3,3
2101,1923,2012,178,4024,3,3
1379,1673,1526,-294,3052,3,3
1739,2015,1877,-276,3754,3,3
1953,2060,2006,-107,4013,3,3
1871,2098,1984,-227,3969,3,3
1932,1884,1908,48,3816,3,3
1556,1932,1744,-376,3488,3,3
1885,1693,1789,192,3578,3,3
2126,1768,1947,358,3894,3,3
2138,1840,1989,298,3978,3,3
1660,1676,1668,-16,3336,3,3
1926,1884,1905,42,3810,3,3
1280,1552,1416,-272,2832,3,3
1921,2053,1987,-132,3974,3,3
1980,1948,1964,32,3928,3,3
2106,1926,2016,180,4032,3,3
1912,1768,1840,144,3680,3,3
1880,2057,1968,-177,3937,3,3
1957,1775,1866,182,3732,3,3
1660,1652,1656,8,3312,3,3
1910,2092,2001,-182,4002,3,3
1612,1833,1722,-221,3445,3,3
1923,2108,2015,-185,4031,3,3
1783,1779,1781,4,3562,3,3
2039,1888,1963,151,3927,3,3
1507,2239,1873,-732,3746,3,3
1908,2121,2014,-213,4029,3,3
1993,1767,1880,226,3760,3,3
1748,1956,1852,-208,3704,3,3
2036,2030,2033,6,4066,3,3
1892,2049,1970,-157,3941,3,3
1383,1206,1294,177,2589,3,3
1499,1795,1647,-296,3294,3,3
1845,2081,1963,-236,3926,3,3
1957,2094,2025,-137,4051,3,3
2064,1880,1972,184,3944,3,3
1605,1940,1772,-335,3545,3,3
1790,1554,1672,236,3344,3,3
1884,1887,1885,-3,3771,3,3
1715,1436,1575,279,3151,3,3
1931,2076,2003,-145,4007,3,3
1835,2056,1945,-221,3891,3,3
2047,1777,1912,270,3824,3,3
1883,1657,1770,226,3540,3,3
1993,1782,1887,211,3775,3,3
1725,2212,1968,-487,3937,3,3
1672,1740,1706,-68,3412,3,3
1790,2047,1918,-257,3837,3,3
1889,2050,1969,-161,3939,3,3
1825,2153,1989,-328,3978,3,3
1767,1981,1874,-214,3748,3,3
1836,1936,1886,-100,3772,3,3
1527,1701,1614,-174,3228,3,3
1993,1924,1958,69,3917,3,3
1483,2101,1792,-618,3584,3,3
1904,2041,1972,-137,3945,3,3
1532,1344,1438,188,2876,3,3
1846,1634,1740,212,3480,3,3
2084,1889,1986,195,3973,3,3
2074,1880,1977,194,3954,3,3
1762,1748,1755,14,3510,3,3
1643,1790,1716,-147,3433,3,3
2015,2043,2029,-28,4058,3,3
1805,1968,1886,-163,3773,3,3
1798,2000,1899,-202,3798,3,3
1663,2190,1926,-527,3853,3,3
1250,1518,1384,-268,2768,3,3
2004,1843,1923,161,3847,3,3
1799,1806,1802,-7,3605,3,3
1734,1796,1765,-62,3530,3,3
1625,1684,1654,-59,3309,3,3
1860,2134,1997,-274,3994,3,3
1991,2071,2031,-80,4062,3,3
2306,1531,1918,775,3837,3,3
1836,2067,1951,-231,3903,3,3
1877,2067,1972,-190,3944,3,3
2054,1858,1956,196,3912,3,3
1787,2177,1982,-390,3964,3,3
1780,1993,1886,-213,3773,3,3
2120,1889,2004,231,4009,3,3
2123,1731,1927,392,3854,3,3
1931,1309,1620,622,3240,3,3
1861,2134,1997,-273,3995,3,3
2123,1873,1998,250,3996,3,3
1904,2037,1970,-133,3941,3,3
1879,1905,1892,-26,3784,3,3
2045,1805,1925,240,3850,3,3
1667,1954,1810,-287,3621,3,3
2152,1820,1986,332,3972,3,3
2029,1745,1887,284,3774,3,3
1633,1903,1768,-270,3536,3,3
2033,1854,1943,179,3887,3,3
2093,1799,1946,294,3892,3,3
2124,1835,1979,289,3959,3,3
1758,1456,1607,302,3214,3,3
1825,1691,1758,134,3516,3,3
2013,2025,2019,-12,4038,3,3
1969,2094,2031,-125,4063,3,3
2105,1811,1958,294,3916,3,3
2004,1680,1842,324,3684,3,3
1682,1762,1722,-80,3444,3,3
1530,1712,1621,-182,3242,3,3
1622,1798,1710,-176,3420,3,3
1498,1761,1629,-263,3259,3,3
1606,1822,1714,-216,3428,3,3
2024,1724,1874,300,3748,3,3
1983,1605,1794,378,3588,3,3
1921,1742,1831,179,3663,3,3
2136,1871,2003,265,4007,3,3
1840,1991,1915,-151,3831,3,3
1734,2083,1908,-349,3817,3,3
2065,1975,2020,90,4040,3,3
1881,2061,1971,-180,3942,3,3
1612,1835,1723,-223,3447,3,3
1898,2110,2004,-212,4008,3,3
1768,1934,1851,-166,3702,3,3
1976,2060,2018,-84,4036,3,3
1848,1905,1876,-57,3753,3,3
1989,1870,1929,119,3859,3,3
2049,1957,2003,92,4006,3,3
1991,1729,1860,262,3720,3,3
1834,2009,1921,-175,3843,3,3
1618,1603,1610,15,3221,3,3
1881,1742,1811,139,3623,3,3
1973,1812,1892,161,3785,3,3
1892,2130,2011,-238,4022,3,3
2089,1781,1935,308,3870,3,3
2085,1945,2015,140,4030,3,3
1973,2081,2027,-108,4054,3,3
1709,2170,1939,-461,3879,3,3
2016,1766,1891,250,3782,3,3
2018,2030,2024,-12,4048,3,3
1782,1501,1641,281,3283,3,3
1714,1447,1580,267,3161,3,3
1824,1949,1886,-125,3773,3,3
1949,1989,1969,-40,3938,3,3
1873,2076,1974,-203,3949,3,3
1641,2200,1920,-559,3841,3,3
1514,1676,1595,-162,3190,3,3
1919,2034,1976,-115,3953,3,3
1595,1464,1529,131,3059,3,3
1770,2148,1959,-378,3918,3,3
1639,2004,1821,-365,3643,3,3
2110,1863,1986,247,3973,3,3
2187,1751,1969,436,3938,3,3
1804,1957,1880,-153,3761,3,3
2000,1818,1909,182,3818,3,3
1679,1969,1824,-290,3648,3,3
1619,1936,1777,-317,3555,3,3
2083,1873,1978,210,3956,3,3
1776,1541,1658,235,3317,3,3
1850,2045,1947,-195,3895,3,3
2045,1774,1909,271,3819,3,3
1704,2053,1878,-349,3757,3,3
1568,2149,1858,-581,3717,3,3
2014,1572,1793,442,3586,3,3
1969,1862,1915,107,3831,3,3
1885,2018,1951,-133,3903,3,3
1879,2131,2005,-252,4010,3,3
1749,1845,1797,-96,3594,3,3
1548,1768,1658,-220,3316,3,3
2127,1760,1943,367,3887,3,3
1870,1596,1733,274,3466,3,3
2078,1890,1984,188,3968,3,3
1248,1954,1601,-706,3202,3,3
1404,1677,1540,-273,3081,3,3
1769,1977,1873,-208,3746,3,3
1902,1898,1900,4,3800,3,3
1750,2026,1888,-276,3776,3,3
1797,1940,1868,-143,3737,3,3
1684,1956,1820,-272,3640,3,3
1822,2077,1949,-255,3899,3,3
1809,2139,1974,-330,3948,3,3
1912,1711,1811,201,3623,3,3
2090,1955,2022,135,4045,3,3
1776,2054,1915,-278,3830,3,3
2079,1285,1682,794,3364,3,3
1679,1921,1800,-242,3600,3,3
2117,1771,1944,346,3888,3,3
2066,1961,2013,105,4027,3,3
2053,1703,1878,350,3756,3,3
1903,1996,1949,-93,3899,3,3
1707,2110,1908,-403,3817,3,3
2069,1950,2009,119,4019,3,3
1590,1840,1715,-250,3430,3,3
1915,1692,1803,223,3607,3,3
1954,1594,1774,360,3548,3,3
1579,1951,1765,-372,3530,3,3
2102,1883,1992,219,3985,3,3
1368,1958,1663,-590,3326,3,3
1973,2065,2019,-92,4038,3,3
1991,1632,1811,359,3623,3,3
1608,2092,1850,-484,3700,3,3
1451,1417,1434,34,2868,3,3
2092,1852,1972,240,3944,3,3
1864,2057,1960,-193,3921,3,3
1865,1556,1710,309,3421,3,3
2055,1789,1922,266,3844,3,3
1718,2157,1937,-439,3875,3,3
1900,1567,1733,333,3467,3,3
1799,2138,1968,-339,3937,3,3
1676,1862,1769,-186,3538,3,3
1741,1592,1666,149,3333,3,3
1879,2051,1965,-172,3930,3,3
1616,1658,1637,-42,3274,3,3
1846,2077,1961,-231,3923,3,3
1550,1565,1557,-15,3115,3,3
1468,1879,1673,-411,3347,3,3
1717,1918,1817,-201,3635,3,3
2057,1884,1970,173,3941,3,3
1560,1223,1391,337,2783,3,3
1901,2076,1988,-175,3977,3,3
1933,2110,2021,-177,4043,3,3
1983,2026,2004,-43,4009,3,3
2074,1675,1874,399,3749,3,3
1933,1644,1788,289,3577,3,3
1890,1512,1701,378,3402,3,3
2005,1839,1922,166,3844,3,3
2078,1832,1955,246,3910,3,3
1993,2073,2033,-80,4066,3,3
1991,2065,2028,-74,4056,3,3
1759,2116,1937,-357,3875,3,3
1927,2107,2017,-180,4034,3,3
2070,1896,1983,174,3966,3,3
1942,1749,1845,193,3691,3,3
1805,2125,1965,-320,3930,3,3
1917,2120,2018,-203,4037,3,3
1218,1278,1248,-60,2496,3,3
1985,1850,1917,135,3835,3,3
2223,1585,1904,638,3808,3,3
1848,1992,1920,-144,3840,3,3
1734,2143,1938,-409,3877,3,3
1509,2030,1769,-521,3539,3,3
1747,1425,1586,322,3172,3,3
1507,2124,1815,-617,3631,3,3
1876,1798,1837,78,3674,3,3
1985,1647,1816,338,3632,3,3
1492,2015,1753,-523,3507,3,3
1993,1834,1913,159,3827,3,3
1880,1637,1758,243,3517,3,3
1752,1839,1795,-87,3591,3,3
1742,2053,1897,-311,3795,3,3
2169,1536,1852,633,3705,3,3
1704,2023,1863,-319,3727,3,3
1830,1895,1862,-65,3725,3,3
1828,1971,1899,-143,3799,3,3
1959,2086,2022,-127,4045,3,3
1716,2082,1899,-366,3798,3,3
1769,2118,1943,-349,3887,3,3
1718,2224,1971,-506,3942,3,3
2062,1806,1934,256,3868,3,3
1800,1557,1678,243,3357,3,3
2019,1782,1900,237,3801,3,3
2043,1959,2001,84,4002,3,3
1803,2008,1905,-205,3811,3,3
1722,2154,1938,-432,3876,3,3
1949,1779,1864,170,3728,3,3
2015,1731,1873,284,3746,3,3
1981,2081,2031,-100,4062,3,3
1829,2039,1934,-210,3868,3,3
1808,2049,1928,-241,3857,3,3
1942,1458,1700,484,3400,3,3
1748,1962,1855,-214,3710,3,3
1751,1546,1648,205,3297,3,3
1707,2001,1854,-294,3708,3,3
1605,1772,1688,-167,3377,3,3
1746,2035,1890,-289,3781,3,3
1655,1834,1744,-179,3489,3,3
2035,1734,1884,301,3769,3,3
1808,1910,1859,-102,3718,3,3
1830,2144,1987,-314,3974,3,3
1951,1768,1859,183,3719,3,3
1991,2066,2028,-75,4057,3,3
1817,1899,1858,-82,3716,3,3
2061,1989,2025,72,4050,3,3
1933,1968,1950,-35,3901,3,3
1855,2079,1967,-224,3934,3,3
1908,1760,1834,148,3668,3,3
1966,1729,1847,237,3695,3,3
2043,1715,1879,328,3758,3,3
2012,1905,1958,107,3917,3,3
2077,1843,1960,234,3920,3,3
2075,1793,1934,282,3868,3,3
2047,1893,1970,154,3940,3,3
1797,1963,1880,-166,3760,3,3
2080,1943,2011,137,4023,3,3
2009,1855,1932,154,3864,3,3
1978,2087,2032,-109,4065,3,3
2214,1703,1958,511,3917,3,3
2275,1505,1890,770,3780,3,3
1571,2135,1853,-564,3706,3,3
2053,1783,1918,270,3836,3,3
1925,2095,2010,-170,4020,3,3
1746,1730,1738,16,3476,3,3
1885,2132,2008,-247,4017,3,3
2109,1861,1985,248,3970,3,3
2072,1879,1975,193,3951,3,3
2000,1788,1894,212,3788,3,3
1944,1963,1953,-19,3907,3,3
1646,1711,1678,-65,3357,3,3
1873,2071,1972,-198,3944,3,3
1599,1665,1632,-66,3264,3,3
2075,1933,2004,142,4008,3,3
1848,1554,1701,294,3402,3,3
1933,2099,2016,-166,4032,3,3
1881,1768,1824,113,3649,3,3
2056,2002,2029,54,4058,3,3
1914,1721,1817,193,3635,3,3
2015,1800,1907,215,3815,3,3
1895,2009,1952,-114,3904,3,3
1964,1681,1822,283,3645,3,3
1812,2117,1964,-305,3929,3,3
2003,1845,1924,158,3848,3,3
2060,1873,1966,187,3933,3,3
2009,2022,2015,-13,4031,3,3
1846,1984,1915,-138,3830,3,3
1745,1997,1871,-252,3742,3,3
2339,1330,1834,1009,3669,3,3
1677,1264,1470,413,2941,3,3
1925,1769,1847,156,3694,3,3
1741,2124,1932,-383,3865,3,3
2121,1833,1977,288,3954,3,3
1780,1895,1837,-115,3675,3,3
1928,1836,1882,92,3764,3,3
1713,2185,1949,-472,3898,3,3
1809,1926,1867,-117,3735,3,3
1918,2043,1980,-125,3961,3,3
1819,1967,1893,-148,3786,3,3
2138,1796,1967,342,3934,3,3
1866,1600,1733,266,3466,3,3
2094,1907,2000,187,4001,3,3
2020,1961,1990,59,3981,3,3
1988,1962,1975,26,3950,3,3
1867,2122,1994,-255,3989,3,3
1844,1976,1910,-132,3820,3,3
1937,1759,1848,178,3696,3,3
1883,1724,1803,159,3607,3,3
2016,1786,1901,230,3802,3,3
1698,1815,1756,-117,3513,3,3
1927,1824,1875,103,3751,3,3
1952,2084,2018,-132,4036,3,3
2174,1782,1978,392,3956,3,3
1872,1893,1882,-21,3765,3,3
1724,2023,1873,-299,3747,3,3
1581,2296,1938,-715,3877,3,3
1665,2073,1869,-408,3738,3,3
1708,1829,1768,-121,3537,3,3
1806,2153,1979,-347,3959,3,3
1918,2065,1991,-147,3983,3,3
1357,1370,1363,-13,2727,3,3
2026,1920,1973,106,3946,3,3
1514,1734,1624,-220,3248,3,3
2138,1861,1999,277,3999,3,3
2002,2071,2036,-69,4073,3,3
1823,1929,1876,-106,3752,3,3
1672,1958,1815,-286,3630,3,3
1810,1993,1901,-183,3803,3,3
1816,2157,1986,-341,3973,3,3
1871,1614,1742,257,3485,3,3
2015,1845,1930,170,3860,3,3
2249,1544,1896,705,3793,3,3
2239,1630,1934,609,3869,3,3
1995,1704,1849,291,3699,3,3
1860,1935,1897,-75,3795,3,3
2022,1866,1944,156,3888,3,3
1628,1879,1753,-251,3507,3,3
2050,1951,2000,99,4001,3,3
1667,1973,1820,-306,3640,3,3
1867,1829,1848,38,3696,3,3
2127,1833,1980,294,3960,3,3
2024,2043,2033,-19,4067,3,3
1638,1279,1458,359,2917,3,3
2029,1989,2009,40,4018,3,3
2052,1862,1957,190,3914,3,3
2072,1791,1931,281,3863,3,3
1607,1432,1519,175,3039,3,3
2025,1664,1844,361,3689,3,3
1887,2037,1962,-150,3924,3,3
2073,1716,1894,357,3789,3,3
2070,1885,1977,185,3955,3,3
1913,2014,1963,-101,3927,3,3
1390,1498,1444,-108,2888,3,3
1892,2121,2006,-229,4013,3,3
1697,1962,1829,-265,3659,3,3
1930,1983,1956,-53,3913,3,3
1755,1959,1857,-204,3714,3,3
2091,1935,2013,156,4026,3,3
1896,2061,1978,-165,3957,3,3
2092,1668,1880,424,3760,3,3
1333,1517,1425,-184,2850,3,3
2085,1641,1863,444,3726,3,3
2090,1691,1890,399,3781,3,3
1681,2033,1857,-352,3714,3,3
2072,1842,1957,230,3914,3,3
1950,2023,1986,-73,3973,3,3
2002,1733,1867,269,3735,3,3
1642,2077,1859,-435,3719,3,3
1919,2055,1987,-136,3974,3,3
1598,1741,1669,-143,3339,3,3
2080,1826,1953,254,3906,3,3
2009,1900,1954,109,3909,3,3
1972,2026,1999,-54,3998,3,3
2082,1910,1996,172,3992,3,3
1933,2014,1973,-81,3947,3,3
2050,2007,2028,43,4057,3,3
2137,1849,1993,288,3986,3,3
2034,1531,1782,503,3565,3,3
1549,1877,1713,-328,3426,3,3
1938,1858,1898,80,3796,3,3
1810,1469,1639,341,3279,3,3
2022,2018,2020,4,4040,3,3
2098,1901,1999,197,3999,3,3
1694,1876,1785,-182,3570,3,3
1761,1909,1835,-148,3670,3,3
2080,1733,1906,347,3813,3,3
1774,2148,1961,-374,3922,3,3
1814,1757,1785,57,3571,3,3
1947,2021,1984,-74,3968,3,3
1700,2079,1889,-379,3779,3,3
2207,1731,1969,476,3938,3,3
1999,1817,1908,182,3816,3,3
1796,1483,1639,313,3279,3,3
1806,1683,1744,123,3489,3,3
1987,1835,1911,152,3822,3,3
1927,2061,1994,-134,3988,3,3
1769,1982,1875,-213,3751,3,3
1756,2161,1958,-405,3917,3,3
2039,1849,1944,190,3888,3,3
1878,2079,1978,-201,3957,3,3
1883,1893,1888,-10,3776,3,3
2079,1834,1956,245,3913,3,3
1911,1644,1777,267,3555,3,3
1732,2128,1930,-396,3860,3,3
1867,1591,1729,276,3458,3,3
1572,1815,1693,-243,3387,3,3
1843,1602,1722,241,3445,3,3
2097,1759,1928,338,3856,3,3
1689,2131,1910,-442,3820,3,3
1945,1777,1861,168,3722,3,3
1698,1943,1820,-245,3641,3,3
2066,1754,1910,312,3820,3,3
1780,2040,1910,-260,3820,3,3
1751,2096,1923,-345,3847,3,3
1728,1807,1767,-79,3535,3,3
1794,1916,1855,-122,3710,3,3
1945,1663,1804,282,3608,3,3
2150,1491,1820,659,3641,3,3
1611,1755,1683,-144,3366,3,3
1726,2007,1866,-281,3733,3,3
1775,2104,1939,-329,3879,3,3
2108,1835,1971,273,3943,3,3
1653,1942,1797,-289,3595,3,3
1904,1747,1825,157,3651,3,3
2000,1886,1943,114,3886,3,3
1844,2050,1947,-206,3894,3,3
2001,1950,1975,51,3951,3,3
2068,1947,2007,121,4015,3,3
1999,2001,2000,-2,4000,3,3
1865,1697,1781,168,3562,3,3
2032,2036,2034,-4,4068,3,3
1922,2048,1985,-126,3970,3,3
2036,1802,1919,234,3838,3,3
1799,2021,1910,-222,3820,3,3
1955,1634,1794,321,3589,3,3
1725,2212,1968,-487,3937,3,3
2009,1673,1841,336,3682,3,3
1750,1969,1859,-219,3719,3,3
1389,1901,1645,-512,3290,3,3
1747,1854,1800,-107,3601,3,3
1805,1973,1889,-168,3778,3,3
1626,1960,1793,-334,3586,3,3
2074,1912,1993,162,3986,3,3
1578,1695,1636,-117,3273,3,3
1696,1466,1581,230,3162,3,3
2032,1886,1959,146,3918,3,3
2033,1873,1953,160,3906,3,3
2054,1834,1944,220,3888,3,3
1801,1921,1861,-120,3722,3,3
1377,1784,1580,-407,3161,3,3
1825,2095,1960,-270,3920,3,3
1814,2039,1926,-225,3853,3,3
1590,1909,1749,-319,3499,3,3
2102,1853,1977,249,3955,3,3
2097,1935,2016,162,4032,3,3
1728,1774,1751,-46,3502,3,3
1631,1844,1737,-213,3475,3,3
1770,2016,1893,-246,3786,3,3
1775,1860,1817,-85,3635,3,3
1895,2062,1978,-167,3957,3,3
2077,1715,1896,362,3792,3,3
1675,1880,1777,-205,3555,3,3
1794,1614,1704,180,3408,3,3
2087,1718,1902,369,3805,3,3
1917,1985,1951,-68,3902,3,3
2078,1918,1998,160,3996,3,3
2062,1865,1963,197,3927,3,3
1943,1547,1745,396,3490,3,3
1890,2094,1992,-204,3984,3,3
2020,1817,1918,203,3837,3,3
1759,2152,1955,-393,3911,3,3
1814,2005,1909,-191,3819,3,3
1838,1900,1869,-62,3738,3,3
1713,2185,1949,-472,3898,3,3
1966,1767,1866,199,3733,3,3
2039,1869,1954,170,3908,3,3
1609,1331,1470,278,2940,3,3
1656,1287,1471,369,2943,3,3
1751,1641,1696,110,3392,3,3
1261,1601,1431,-340,2862,3,3
1715,2011,1863,-296,3726,3,3
1927,1763,1845,164,3690,3,3
2102,1727,1914,375,3829,3,3
1689,1894,1791,-205,3583,3,3
2104,1908,2006,196,4012,3,3
1570,1839,1704,-269,3409,3,3
1695,1793,1744,-98,3488,3,3
2092,1930,2011,162,4022,3,3
1712,1631,1671,81,3343,3,3
1964,2016,1990,-52,3980,3,3
2020,1677,1848,343,3697,3,3
2140,1702,1921,438,3842,3,3
2001,1540,1770,461,3541,3,3
1899,1789,1844,110,3688,3,3
1863,2130,1996,-267,3993,3,3
2053,1792,1922,261,3845,3,3
1526,1738,1632,-212,3264,3,3
1847,2034,1940,-187,3881,3,3
1771,1904,1837,-133,3675,3,3
1916,1952,1934,-36,3868,3,3
1893,1992,1942,-99,3885,3,3
1775,1601,1688,174,3376,3,3
1890,2093,1991,-203,3983,3,3
1701,1936,1818,-235,3637,3,3
2106,1786,1946,320,3892,3,3
2049,1817,1933,232,3866,3,3
1980,1634,1807,346,3614,3,3
1880,1490,1685,390,3370,3,3
2005,1907,1956,98,3912,3,3
1516,1504,1510,12,3020,3,3
2043,1641,1842,402,3684,3,3
2018,2064,2041,-46,4082,3,3
1887,2081,1984,-194,3968,3,3
2086,1965,2025,121,4051,3,3
2104,1751,1927,353,3855,3,3
1698,1939,1818,-241,3637,3,3
1944,2022,1983,-78,3966,3,3
2025,2015,2020,10,4040,3,3
2090,1818,1954,272,3908,3,3
1645,2002,1823,-357,3647,3,3
1857,1601,1729,256,3458,3,3
1571,1818,1694,-247,3389,3,3
2129,1843,1986,286,3972,3,3
1687,1396,1541,291,3083,3,3
1788,1904,1846,-116,3692,3,3
2090,1715,1902,375,3805,3,3
1616,2025,1820,-409,3641,3,3
1880,2033,1956,-153,3913,3,3
2024,1835,1929,189,3859,3,3
1950,2097,2023,-147,4047,3,3
2040,1560,1800,480,3600,3,3
1981,1897,1939,84,3878,3,3
2176,1735,1955,441,3911,3,3
1721,2105,1913,-384,3826,3,3
1773,1875,1824,-102,3648,3,3
1657,1865,1761,-208,3522,3,3
1841,2112,1976,-271,3953,3,3
2068,1994,2031,74,4062,3,3
1656,2064,1860,-408,3720,3,3
1623,1548,1585,75,3171,3,3
1743,2158,1950,-415,3901,3,3
1866,1752,1809,114,3618,3,3
1523,1931,1727,-408,3454,3,3
1587,1342,1464,245,2929,3,3
1748,2167,1957,-419,3915,3,3
1921,1675,1798,246,3596,3,3
2120,1830,1975,290,3950,3,3
1929,1681,1805,248,3610,3,3
1923,1790,1856,133,3713,3,3
1928,1878,1903,50,3806,3,3
2108,1784,1946,324,3892,3,3
1599,1964,1781,-365,3563,3,3
1928,1629,1778,299,3557,3,3
2071,1942,2006,129,4013,3,3
1992,1964,1978,28,3956,3,3
1968,1664,1816,304,3632,3,3
1780,1956,1868,-176,3736,3,3
1983,2075,2029,-92,4058,3,3
2182,1747,1964,435,3929,3,3
2046,1956,2001,90,4002,3,3
1646,1684,1665,-38,3330,3,3
1825,2092,1958,-267,3917,3,3
1582,2203,1892,-621,3785,3,3
1957,1929,1943,28,3886,3,3
2029,1832,1930,197,3861,3,3
1858,2047,1952,-189,3905,3,3
1821,1651,1736,170,3472,3,3
1633,1948,1790,-315,3581,3,3
1864,2035,1949,-171,3899,3,3
2103,1814,1958,289,3917,3,3
1292,1632,1462,-340,2924,3,3
1869,2086,1977,-217,3955,3,3
1849,2002,1925,-153,3851,3,3
1960,1570,1765,390,3530,3,3
2068,1842,1955,226,3910,3,3
1988,1700,1844,288,3688,3,3
1774,2134,1954,-360,3908,3,3
1831,2109,1970,-278,3940,3,3
1802,1650,1726,152,3452,3,3
1537,1930,1733,-393,3467,3,3
2102,1877,1989,225,3979,3,3
1932,2099,2015,-167,4031,3,3
2057,2006,2031,51,4063,3,3
1663,1856,1759,-193,3519,3,3
1941,1964,1952,-23,3905,3,3
1680,1740,1710,-60,3420,3,3
1852,2128,1990,-276,3980,3,3
1890,1917,1903,-27,3807,3,3
2006,1935,1970,71,3941,3,3
1886,1977,1931,-91,3863,3,3
2147,1788,1967,359,3935,3,3
2095,1651,1873,444,3746,3,3
1628,1910,1769,-282,3538,3,3
1715,2216,1965,-501,3931,3,3
1762,2062,1912,-300,3824,3,3
2072,1881,1976,191,3953,3,3
1849,1756,1802,93,3605,3,3
2143,1766,1954,377,3909,3,3
1799,2165,1982,-366,3964,3,3
1688,2092,1890,-404,3780,3,3
1417,1861,1639,-444,3278,3,3
2195,1753,1974,442,3948,3,3
1717,1904,1810,-187,3621,3,3
2282,1544,1913,738,3826,3,3
2173,1595,1884,578,3768,3,3
1788,1683,1735,105,3471,3,3
1868,2011,1939,-143,3879,3,3
2004,1755,1879,249,3759,3,3
1915,2071,1993,-156,3986,3,3
1866,1719,1792,147,3585,3,3
1888,1547,1717,341,3435,3,3
1961,1574,1767,387,3535,3,3
1815,1494,1654,321,3309,3,3
1790,2080,1935,-290,3870,3,3
2163,1776,1969,387,3939,3,3
1860,1816,1838,44,3676,3,3
2120,1705,1912,415,3825,3,3
2079,1692,1885,387,3771,3,3
1746,1548,1647,198,3294,3,3
2114,1916,2015,198,4030,3,3
1984,2064,2024,-80,4048,3,3
2046,1625,1835,421,3671,3,3
1862,1800,1831,62,3662,3,3
1992,1797,1894,195,3789,3,3
2144,1677,1910,467,3821,3,3
1980,2005,1992,-25,3985,3,3
1717,2110,1913,-393,3827,3,3
1758,1948,1853,-190,3706,3,3
1775,2005,1890,-230,3780,3,3
2014,1730,1872,284,3744,3,3
1705,2173,1939,-468,3878,3,3
1881,2105,1993,-224,3986,3,3
2039,1820,1929,219,3859,3,3
2011,1880,1945,131,3891,3,3
2051,1651,1851,400,3702,3,3
1514,1592,1553,-78,3106,3,3
1844,1934,1889,-90,3778,3,3
2050,2013,2031,37,4063,3,3
1706,1879,1792,-173,3585,3,3
2017,1747,1882,270,3764,3,3
1806,1602,1704,204,3408,3,3
1910,2100,2005,-190,4010,3,3
1984,1864,1924,120,3848,3,3
1714,1278,1496,436,2992,3,3
1936,1853,1894,83,3789,3,3
2015,1812,1913,203,3827,3,3
2004,1885,1944,119,3889,3,3
1975,1850,1912,125,3825,3,3
1994,1543,1768,451,3537,3,3
1962,1706,1834,256,3668,3,3
2150,1841,1995,309,3991,3,3
1765,2009,1887,-244,3774,3,3
1892,1717,1804,175,3609,3,3
1574,1949,1761,-375,3523,3,3
1941,1708,1824,233,3649,3,3
1773,2036,1904,-263,3809,3,3
1948,1831,1889,117,3779,3,3
1803,2134,1968,-331,3937,3,3
2017,1738,1877,279,3755,3,3
1805,1577,1691,228,3382,3,3
2013,2059,2036,-46,4072,3,3
1627,1775,1701,-148,3402,3,3
1372,1785,1578,-413,3157,3,3
1587,2199,1893,-612,3786,3,3
2096,1894,1995,202,3990,3,3
1909,2095,2002,-186,4004,3,3
2032,1892,1962,140,3924,3,3
1782,2018,1900,-236,3800,3,3
1817,2006,1911,-189,3823,3,3
1941,1574,1757,367,3515,3,3
2031,1995,2013,36,4026,3,3
1917,2103,2010,-186,4020,3,3
2117,1904,2010,213,4021,3,3
2099,1828,1963,271,3927,3,3
2099,1892,1995,207,3991,3,3
1827,1317,1572,510,3144,3,3
1302,1591,1446,-289,2893,3,3
1904,1966,1935,-62,3870,3,3
1923,2095,2009,-172,4018,3,3
1487,1615,1551,-128,3102,3,3
2033,1928,1980,105,3961,3,3
1628,2098,1863,-470,3726,3,3
1761,1617,1689,144,3378,3,3
1880,2133,2006,-253,4013,3,3
2094,1902,1998,192,3996,3,3
1388,1928,1658,-540,3316,3,3
1881,1631,1756,250,3512,3,3
1898,1806,1852,92,3704,3,3
1843,2138,1990,-295,3981,3,3
1945,1752,1848,193,3697,3,3
2027,2017,2022,10,4044,3,3
1973,1949,1961,24,3922,3,3
1995,1900,1947,95,3895,3,3
1838,2113,1975,-275,3951,3,3
2089,1707,1898,382,3796,3,3
1852,1765,1808,87,3617,3,3
1736,1776,1756,-40,3512,3,3
2058,1953,2005,105,4011,3,3
1956,1943,1949,13,3899,3,3
1640,1598,1619,42,3238,3,3
1634,1781,1707,-147,3415,3,3
1795,1933,1864,-138,3728,3,3
1872,1735,1803,137,3607,3,3
1654,1919,1786,-265,3573,3,3
1417,1307,1362,110,2724,3,3
1798,1646,1722,152,3444,3,3
1732,2222,1977,-490,3954,3,3
1882,2082,1982,-200,3964,3,3
1926,1967,1946,-41,3893,3,3
2132,1861,1996,271,3993,3,3
2001,1883,1942,118,3884,3,3
1944,1927,1935,17,3871,3,3
2081,1924,2002,157,4005,3,3
1904,2040,1972,-136,3944,3,3
2117,1797,1957,320,3914,3,3
1843,1738,1790,105,3581,3,3
2166,1525,1845,641,3691,3,3
2055,1819,1937,236,3874,3,3
1929,1817,1873,112,3746,3,3
2090,1812,1951,278,3902,3,3
1812,1859,1835,-47,3671,3,3
1990,1879,1934,111,3869,3,3
2060,1841,1950,219,3901,3,3
1977,2069,2023,-92,4046,3,3
1926,2116,2021,-190,4042,3,3
1624,2004,1814,-380,3628,3,3
1735,1996,1865,-261,3731,3,3
1609,1785,1697,-176,3394,3,3
2024,1877,1950,147,3901,3,3
2061,1778,1919,283,3839,3,3
1769,1971,1870,-202,3740,3,3
1872,2021,1946,-149,3893,3,3
1910,2053,1981,-143,3963,3,3
1971,2086,2028,-115,4057,3,3
1920,1700,1810,220,3620,3,3
1745,1973,1859,-228,3718,3,3
1744,2121,1932,-377,3865,3,3
1628,1705,1666,-77,3333,3,3
2123,1569,1846,554,3692,3,3
1876,1925,1900,-49,3801,3,3
1533,2173,1853,-640,3706,3,3
1792,1537,1664,255,3329,3,3
1882,1971,1926,-89,3853,3,3
1940,2056,1998,-116,3996,3,3
1990,1844,1917,146,3834,3,3
1881,2144,2012,-263,4025,3,3
1936,2050,1993,-114,3986,3,3
2091,1841,1966,250,3932,3,3
1793,2131,1962,-338,3924,3,3
2065,2008,2036,57,4073,3,3
1676,1928,1802,-252,3604,3,3
1860,1999,1929,-139,3859,3,3
1841,2082,1961,-241,3923,3,3
1432,1287,1359,145,2719,3,3
1865,1783,1824,82,3648,3,3
1837,2047,1942,-210,3884,3,3
1830,2037,1933,-207,3867,3,3
1983,1775,1879,208,3758,3,3
1686,1869,1777,-183,3555,3,3
2053,1913,1983,140,3966,3,3
2095,1757,1926,338,3852,3,3
1974,1784,1879,190,3758,3,3
1769,1591,1680,178,3360,3,3
1559,2145,1852,-586,3704,3,3
1574,1635,1604,-61,3209,3,3
2148,1852,2000,296,4000,3,3
1827,2157,1992,-330,3984,3,3
1921,1396,1658,525,3317,3,3
1366,1894,1630,-528,3260,3,3
2130,1348,1739,782,3478,3,3
1791,2083,1937,-292,3874,3,3
2016,1831,1923,185,3847,3,3
1529,1901,1715,-372,3430,3,3
1704,1650,1677,54,3354,3,3
1871,2117,1994,-246,3988,3,3
1844,1939,1891,-95,3783,3,3
2075,1913,1994,162,3988,3,3
1676,1934,1805,-258,3610,3,3
1864,2141,2002,-277,4005,3,3
1544,1587,1565,-43,3131,3,3
1735,2051,1893,-316,3786,3,3
1928,2079,2003,-151,4007,3,3
1627,2020,1823,-393,3647,3,3
1881,1701,1791,180,3582,3,3
2252,1610,1931,642,3862,3,3
2085,1812,1948,273,3897,3,3
1906,2021,1963,-115,3927,3,3
1960,1718,1839,242,3678,3,3
1886,1718,1802,168,3604,3,3
1964,1896,1930,68,3860,3,3
2022,2047,2034,-25,4069,3,3
1935,2108,2021,-173,4043,3,3
2060,1869,1964,191,3929,3,3
1761,1897,1829,-136,3658,3,3
1651,2186,1918,-535,3837,3,3
1816,2182,1999,-366,3998,3,3
1756,2108,1932,-352,3864,3,3
1929,1546,1737,383,3475,3,3
1971,1907,1939,64,3878,3,3
2036,2010,2023,26,4046,3,3
2085,1914,1999,171,3999,3,3
1808,2114,1961,-306,3922,3,3
1612,1643,1627,-31,3255,3,3
1948,1866,1907,82,3814,3,3
1976,1664,1820,312,3640,3,3
1767,2005,1886,-238,3772,3,3
2046,1933,1989,113,3979,3,3
1498,1757,1627,-259,3255,3,3
2048,1935,1991,113,3983,3,3
1507,1959,1733,-452,3466,3,3
1600,1789,1694,-189,3389,3,3
1691,1383,1537,308,3074,3,3
1838,2132,1985,-294,3970,3,3
1932,1974,1953,-42,3906,3,3
1683,2127,1905,-444,3810,3,3
1895,1593,1744,302,3488,3,3
1941,1761,1851,180,3702,3,3
1979,1782,1880,197,3761,3,3
2140,1578,1859,562,3718,3,3
1769,1570,1669,199,3339,3,3
1776,1582,1679,194,3358,3,3
2030,1828,1929,202,3858,3,3
1897,2008,1952,-111,3905,3,3
1439,1600,1519,-161,3039,3,3
1917,1692,1804,225,3609,3,3
1920,1741,1830,179,3661,3,3
2006,1923,1964,83,3929,3,3
1555,1812,1683,-257,3367,3,3
1961,2005,1983,-44,3966,3,3
1688,1865,1776,-177,3553,3,3
2084,1578,1831,506,3662,3,3
1485,1686,1585,-201,3171,3,3
2055,1786,1920,269,3841,3,3
2066,1929,1997,137,3995,3,3
2058,1799,1928,259,3857,3,3
1579,1935,1757,-356,3514,3,3
2079,1959,2019,120,4038,3,3
2041,1719,1880,322,3760,3,3
1358,1845,1601,-487,3203,3,3
2115,1832,1973,283,3947,3,3
1869,2031,1950,-162,3900,3,3
1915,2076,1995,-161,3991,3,3
2102,1602,1852,500,3704,3,3
1955,1623,1789,332,3578,3,3
1723,1914,1818,-191,3637,3,3
1341,1314,1327,27,2655,3,3
2115,1912,2013,203,4027,3,3
1908,1598,1753,310,3506,3,3
2101,1575,1838,526,3676,3,3
1992,1711,1851,281,3703,3,3
2157,1839,1998,318,3996,3,3
1772,1853,1812,-81,3625,3,3
2090,1934,2012,156,4024,3,3
1659,1987,1823,-328,3646,3,3
1962,1909,1935,53,3871,3,3
1862,1579,1720,283,3441,3,3
1965,1902,1933,63,3867,3,3
1842,2077,1959,-235,3919,3,3
2001,1979,1990,22,3980,3,3
1661,1978,1819,-317,3639,3,3
1917,2108,2012,-191,4025,3,3
1866,1748,1807,118,3614,3,3
1954,1929,1941,25,3883,3,3
1909,1717,1813,192,3626,3,3
2169,1824,1996,345,3993,3,3
1663,1650,1656,13,3313,3,3
2191,1746,1968,445,3937,3,3
2045,1663,1854,382,3708,3,3
1570,1723,1646,-153,3293,3,3
2064,1795,1929,269,3859,3,3
1601,1915,1758,-314,3516,3,3
1920,1598,1759,322,3518,3,3
1989,1787,1888,202,3776,3,3
2076,1784,1930,292,3860,3,3
1978,1996,1987,-18,3974,3,3
1968,1873,1920,95,3841,3,3
1754,1848,1801,-94,3602,3,3
1956,2032,1994,-76,3988,3,3
1487,1776,1631,-289,3263,3,3
1593,1878,1735,-285,3471,3,3
1824,1641,1732,183,3465,3,3
2005,1800,1902,205,3805,3,3
2080,1817,1948,263,3897,3,3
1716,1722,1719,-6,3438,3,3
1885,1930,1907,-45,3815,3,3
1977,2026,2001,-49,4003,3,3
1607,1645,1626,-38,3252,3,3
2066,1735,1900,331,3801,3,3
1651,1892,1771,-241,3543,3,3
2028,1977,2002,51,4005,3,3
1984,1718,1851,266,3702,3,3
2020,2011,2015,9,4031,3,3
2101,1767,1934,334,3868,3,3
1755,1905,1830,-150,3660,3,3
2025,1840,1932,185,3865,3,3
1831,2100,1965,-269,3931,3,3
1517,1545,1531,-28,3062,3,3
1777,1604,1690,173,3381,3,3
1957,2019,1988,-62,3976,3,3
1946,1696,1821,250,3642,3,3
1802,2143,1972,-341,3945,3,3
1694,2035,1864,-341,3729,3,3
1886,1830,1858,56,3716,3,3
1915,1860,1887,55,3775,3,3
1871,1555,1713,316,3426,3,3
2066,1950,2008,116,4016,3,3
1827,1932,1879,-105,3759,3,3
1469,2015,1742,-546,3484,3,3
1844,2016,1930,-172,3860,3,3
1861,1705,1783,156,3566,3,3
1909,1836,1872,73,3745,3,3
1740,1944,1842,-204,3684,3,3
1730,1948,1839,-218,3678,3,3
1988,1683,1835,305,3671,3,3
2124,1903,2013,221,4027,3,3
1973,1941,1957,32,3914,3,3
1738,2011,1874,-273,3749,3,3
1923,1821,1872,102,3744,3,3
1676,1907,1791,-231,3583,3,3
1828,1640,1734,188,3468,3,3
1818,2098,1958,-280,3916,3,3
2133,1886,2009,247,4019,3,3
1704,1605,1654,99,3309,3,3
1298,1620,1459,-322,2918,3,3
2080,1845,1962,235,3925,3,3
1664,2169,1916,-505,3833,3,3
2100,1818,1959,282,3918,3,3
2042,2048,2045,-6,4090,3,3
1932,1730,1831,202,3662,3,3
1729,1428,1578,301,3157,3,3
1845,2108,1976,-263,3953,3,3
1893,1367,1630,526,3260,3,3
1989,1851,1920,138,3840,3,3
2027,1989,2008,38,4016,3,3
1848,1999,1923,-151,3847,3,3
1926,1893,1909,33,3819,3,3
1847,1745,1796,102,3592,3,3
1482,1818,1650,-336,3300,3,3
1730,2048,1889,-318,3778,3,3
2039,1934,1986,105,3973,3,3
1646,2062,1854,-416,3708,3,3
1697,1626,1661,71,3323,3,3
1702,1947,1824,-245,3649,3,3
1866,2082,1974,-216,3948,3,3
2056,1883,1969,173,3939,3,3
1652,1884,1768,-232,3536,3,3
1572,1743,1657,-171,3315,3,3
1868,2148,2008,-280,4016,3,3
2073,1751,1912,322,3824,3,3
1875,1602,1738,273,3477,3,3
1769,2043,1906,-274,3812,3,3
1962,1853,1907,109,3815,3,3
1712,2008,1860,-296,3720,3,3
1980,1790,1885,190,3770,3,3
2108,1675,1891,433,3783,3,3
2077,1912,1994,165,3989,3,3
1965,1994,1979,-29,3959,3,3
1886,2014,1950,-128,3900,3,3
2032,2049,2040,-17,4081,3,3
1945,2100,2022,-155,4045,3,3
1929,1630,1779,299,3559,3,3
1770,2067,1918,-297,3837,3,3
1926,2070,1998,-144,3996,3,3
1398,1291,1344,107,2689,3,3
1888,2115,2001,-227,4003,3,3
1918,2096,2007,-178,4014,3,3
1926,1844,1885,82,3770,3,3
1788,1647,1717,141,3435,3,3
1563,1716,1639,-153,3279,3,3
1960,1959,1959,1,3919,3,3
2070,1927,1998,143,3997,3,3
1801,1762,1781,39,3563,3,3
2070,1957,2013,113,4027,3,3
2059,1922,1990,137,3981,3,3
1807,2051,1929,-244,3858,3,3
2016,1557,1786,459,3573,3,3
1685,1863,1774,-178,3548,3,3
1852,1628,1740,224,3480,3,3
1322,1278,1300,44,2600,3,3
2065,1822,1943,243,3887,3,3
2017,1820,1918,197,3837,3,3
2102,1832,1967,270,3934,3,3
1859,1948,1903,-89,3807,3,3
1865,1828,1846,37,3693,3,3
2004,1848,1926,156,3852,3,3
1702,1520,1611,182,3222,3,3
1945,2073,2009,-128,4018,3,3
2014,2067,2040,-53,4081,3,3
2112,1823,1967,289,3935,3,3
1992,1809,1900,183,3801,3,3
1919,1762,1840,157,3681,3,3
1621,1477,1549,144,3098,3,3
1709,1589,1649,120,3298,3,3
1951,1598,1774,353,3549,3,3
2025,1989,2007,36,4014,3,3
1879,2084,1981,-205,3963,3,3
2026,1958,1992,68,3984,3,3
2073,1997,2035,76,4070,3,3
1917,1863,1890,54,3780,3,3
1985,1892,1938,93,3877,3,3
1847,1558,1702,289,3405,3,3
2089,1929,2009,160,4018,3,3
1782,2195,1988,-413,3977,3,3
1904,1954,1929,-50,3858,3,3
1943,1777,1860,166,3720,3,3
2061,1865,1963,196,3926,3,3
2061,1866,1963,195,3927,3,3
2050,1919,1984,131,3969,3,3
1483,1524,1503,-41,3007,3,3
2049,1899,1974,150,3948,3,3
1831,2111,1971,-280,3942,3,3
1860,1993,1926,-133,3853,3,3
2027,1978,2002,49,4005,3,3
2092,1945,2018,147,4037,3,3
1674,1905,1789,-231,3579,3,3
1814,1999,1906,-185,3813,3,3
1997,2046,2021,-49,4043,3,3
1826,2006,1916,-180,3832,3,3
1611,1286,1448,325,2897,3,3
2011,2064,2037,-53,4075,3,3
1396,1806,1601,-410,3202,3,3
1851,2054,1952,-203,3905,3,3
1658,1849,1753,-191,3507,3,3
2264,1514,1889,750,3778,3,3
2109,1697,1903,412,3806,3,3
1977,2077,2027,-100,4054,3,3
2110,1786,1948,324,3896,3,3
1856,1700,1778,156,3556,3,3
2000,1808,1904,192,3808,3,3
1849,1808,1828,41,3657,3,3
1913,1778,1845,135,3691,3,3
1633,1764,1698,-131,3397,3,3
1782,1961,1871,-179,3743,3,3
1916,2036,1976,-120,3952,3,3
1596,2046,1821,-450,3642,3,3
2027,1955,1991,72,3982,3,3
2075,1880,1977,195,3955,3,3
1678,1885,1781,-207,3563,3,3
1710,1566,1638,144,3276,3,3
1821,1941,1881,-120,3762,3,3
2015,1608,1811,407,3623,3,3
1835,1949,1892,-114,3784,3,3
1980,1700,1840,280,3680,3,3
2064,1962,2013,102,4026,3,3
2048,1942,1995,106,3990,3,3
1747,1912,1829,-165,3659,3,3
2084,1875,1979,209,3959,3,3
1627,2200,1913,-573,3827,3,3
1815,2010,1912,-195,3825,3,3
1936,1777,1856,159,3713,3,3
2018,1996,2007,22,4014,3,3
2133,1709,1921,424,3842,3,3
1688,1828,1758,-140,3516,3,3
1767,1923,1845,-156,3690,3,3
1601,1750,1675,-149,3351,3,3
1800,2084,1942,-284,3884,3,3
2002,1840,1921,162,3842,3,3
2112,1779,1945,333,3891,3,3
1361,1684,1522,-323,3045,3,3
1803,2116,1959,-313,3919,3,3
1982,1879,1930,103,3861,3,3
1820,1860,1840,-40,3680,3,3
1911,1730,1820,181,3641,3,3
1610,1544,1577,66,3154,3,3
2035,1863,1949,172,3898,3,3
1735,1960,1847,-225,3695,3,3
2004,1650,1827,354,3654,3,3
1997,1728,1862,269,3725,3,3
1792,2069,1930,-277,3861,3,3
1988,1939,1963,49,3927,3,3
1678,1832,1755,-154,3510,3,3
1817,1993,1905,-176,3810,3,3
1953,2040,1996,-87,3993,3,3
1975,2043,2009,-68,4018,3,3
1847,1718,1782,129,3565,3,3
1482,1691,1586,-209,3173,3,3
1808,2007,1907,-199,3815,3,3
1913,1651,1782,262,3564,3,3
1633,1884,1758,-251,3517,3,3
2084,1864,1974,220,3948,3,3
1766,2143,1954,-377,3909,3,3
1636,1593,1614,43,3229,3,3
2094,1794,1944,300,3888,3,3
1819,1723,1771,96,3542,3,3
1719,1727,1723,-8,3446,3,3
1881,2093,1987,-212,3974,3,3
1858,1655,1756,203,3513,3,3
1345,1952,1648,-607,3297,3,3
2016,1558,1787,458,3574,3,3
1394,1625,1509,-231,3019,3,3
2051,2025,2038,26,4076,3,3
1945,2081,2013,-136,4026,3,3
1852,2036,1944,-184,3888,3,3
2082,1790,1936,292,3872,3,3
1848,1996,1922,-148,3844,3,3
1756,2075,1915,-319,3831,3,3
1536,1750,1643,-214,3286,3,3
1899,2060,1979,-161,3959,3,3
2026,1958,1992,68,3984,3,3
1766,1625,1695,141,3391,3,3
1868,2007,1937,-139,3875,3,3
2053,1943,1998,110,3996,3,3
1854,2046,1950,-192,3900,3,3
2009,1863,1936,146,3872,3,3
2020,1613,1816,407,3633,3,3
1801,1973,1887,-172,3774,3,3
1950,2051,2000,-101,4001,3,3
2113,1893,2003,220,4006,3,3
1687,1832,1759,-145,3519,3,3
2249,1560,1904,689,3809,3,3
1945,1595,1770,350,3540,3,3
1867,2089,1978,-222,3956,3,3
1925,1633,1779,292,3558,3,3
1941,2094,2017,-153,4035,3,3
1929,1696,1812,233,3625,3,3
1878,1809,1843,69,3687,3,3
1543,1360,1451,183,2903,3,3
1983,1655,1819,328,3638,3,3
1823,1558,1690,265,3381,3,3
1918,1426,1672,492,3344,3,3
2111,1857,1984,254,3968,3,3
1876,2103,1989,-227,3979,3,3
2098,1917,2007,181,4015,3,3
1718,1951,1834,-233,3669,3,3
2069,1948,2008,121,4017,3,3
1903,1979,1941,-76,3882,3,3
1933,2094,2013,-161,4027,3,3
1861,2144,2002,-283,4005,3,3
1971,1666,1818,305,3637,3,3
2030,1771,1900,259,3801,3,3
1430,1544,1487,-114,2974,3,3
1924,2104,2014,-180,4028,3,3
2039,1640,1839,399,3679,3,3
1676,2221,1948,-545,3897,3,3
1706,1516,1611,190,3222,3,3
1673,1550,1611,123,3223,3,3
1498,1954,1726,-456,3452,3,3
2005,1880,1942,125,3885,3,3
1979,1931,1955,48,3910,3,3
1920,1679,1799,241,3599,3,3
1907,1776,1841,131,3683,3,3
1498,1790,1644,-292,3288,3,3
1907,1983,1945,-76,3890,3,3
1707,1291,1499,416,2998,3,3
2019,1600,1809,419,3619,3,3
1975,1556,1765,419,3531,3,3
2038,1818,1928,220,3856,3,3
1868,1926,1897,-58,3794,3,3
2001,1832,1916,169,3833,3,3
2038,1756,1897,282,3794,3,3
1529,1897,1713,-368,3426,3,3
1746,1516,1631,230,3262,3,3
2157,1848,2002,309,4005,3,3
2010,1837,1923,173,3847,3,3
2195,1608,1901,587,3803,3,3
1781,1885,1833,-104,3666,3,3
2040,2009,2024,31,4049,3,3
1901,1541,1721,360,3442,3,3
2090,1918,2004,172,4008,3,3
1498,1676,1587,-178,3174,3,3
1969,2088,2028,-119,4057,3,3
1970,2072,2021,-102,4042,3,3
2025,2062,2043,-37,4087,3,3
2011,1991,2001,20,4002,3,3
1897,2042,1969,-145,3939,3,3
1819,1975,1897,-156,3794,3,3
1929,1820,1874,109,3749,3,3
1985,2013,1999,-28,3998,3,3
1830,2119,1974,-289,3949,3,3
1882,2114,1998,-232,3996,3,3
1869,2113,1991,-244,3982,3,3
1886,2041,1963,-155,3927,3,3
1735,2051,1893,-316,3786,3,3
1834,2066,1950,-232,3900,3,3
1905,1740,1822,165,3645,3,3
1890,1639,1764,251,3529,3,3
2016,1424,1720,592,3440,3,3
1970,1869,1919,101,3839,3,3
1796,1792,1794,4,3588,3,3
1821,2099,1960,-278,3920,3,3
1896,1978,1937,-82,3874,3,3
1616,1779,1697,-163,3395,3,3
1955,2046,2000,-91,4001,3,3
1673,2256,1964,-583,3929,3,3
1888,1679,1783,209,3567,3,3
2031,1747,1889,284,3778,3,3
2046,1785,1915,261,3831,3,3
1830,2045,1937,-215,3875,3,3
2007,1766,1886,241,3773,3,3
1483,1674,1578,-191,3157,3,3
1719,1836,1777,-117,3555,3,3
1803,2071,1937,-268,3874,3,3
1992,1484,1738,508,3476,3,3
1715,2060,1887,-345,3775,3,3
1600,1995,1797,-395,3595,3,3
1976,2006,1991,-30,3982,3,3
1814,1993,1903,-179,3807,3,3
1402,1742,1572,-340,3144,3,3
1777,1576,1676,201,3353,3,3
1837,2170,2003,-333,4007,3,3
1786,1974,1880,-188,3760,3,3
1902,2118,2010,-216,4020,3,3
2024,1757,1890,267,3781,3,3
1879,2048,1963,-169,3927,3,3
1546,1916,1731,-370,3462,3,3
1927,1965,1946,-38,3892,3,3
1867,1983,1925,-116,3850,3,3
2122,1881,2001,241,4003,3,3
1683,1500,1591,183,3183,3,3
1833,1628,1730,205,3461,3,3
2092,1883,1987,209,3975,3,3
1875,1900,1887,-25,3775,3,3
1925,2082,2003,-157,4007,3,3
1776,2093,1934,-317,3869,3,3
1693,2060,1876,-367,3753,3,3
1875,1864,1869,11,3739,3,3
1759,1953,1856,-194,3712,3,3
1622,1604,1613,18,3226,3,3
2070,1731,1900,339,3801,3,3
1701,1505,1603,196,3206,3,3
1716,1583,1649,133,3299,3,3
1357,1996,1676,-639,3353,3,3
1862,1591,1726,271,3453,3,3
1995,1926,1960,69,3921,3,3
1812,1753,1782,59,3565,3,3
1889,1815,1852,74,3704,3,3
1361,1978,1669,-617,3339,3,3
1696,1596,1646,100,3292,3,3
1805,1916,1860,-111,3721,3,3
1747,1992,1869,-245,3739,3,3
2021,1703,1862,318,3724,3,3
2008,1749,1878,259,3757,3,3
1813,1611,1712,202,3424,3,3
1692,2007,1849,-315,3699,3,3
1768,1630,1699,138,3398,3,3
2121,1373,1747,748,3494,3,3
1555,1806,1680,-251,3361,3,3
1924,2047,1985,-123,3971,3,3
2031,1924,1977,107,3955,3,3
1463,1894,1678,-431,3357,3,3
2235,1663,1949,572,3898,3,3
1945,1954,1949,-9,3899,3,3
1693,2199,1946,-506,3892,3,3
1613,1707,1660,-94,3320,3,3
1632,1949,1790,-317,3581,3,3
1799,1698,1748,101,3497,3,3
2017,1879,1948,138,3896,3,3
1818,1899,1858,-81,3717,3,3
1853,1986,1919,-133,3839,3,3
1651,2053,1852,-402,3704,3,3
1942,1377,1659,565,3319,3,3
1594,2011,1802,-417,3605,3,3
1497,1655,1576,-158,3152,3,3
1782,1684,1733,98,3466,3,3
1854,1885,1869,-31,3739,3,3
1823,2001,1912,-178,3824,3,3
1942,1814,1878,128,3756,3,3
1965,1556,1760,409,3521,3,3
2083,1880,1981,203,3963,3,3
1854,1902,1878,-48,3756,3,3
1651,2230,1940,-579,3881,3,3
1663,2144,1903,-481,3807,3,3
1414,1260,1337,154,2674,3,3
1884,1976,1930,-92,3860,3,3
2144,1861,2002,283,4005,3,3
1814,1624,1719,190,3438,3,3
1684,1832,1758,-148,3516,3,3
1945,2030,1987,-85,3975,3,3
1731,1696,1713,35,3427,3,3
1711,1938,1824,-227,3649,3,3
1850,2130,1990,-280,3980,3,3
1927,2091,2009,-164,4018,3,3
1981,1937,1959,44,3918,3,3
2060,1890,1975,170,3950,3,3
2160,1726,1943,434,3886,3,3
1569,1859,1714,-290,3428,3,3
1400,1256,1328,144,2656,3,3
1551,1916,1733,-365,3467,3,3
2044,1879,1961,165,3923,3,3
1702,1925,1813,-223,3627,3,3
2129,1762,1945,367,3891,3,3
1526,1677,1601,-151,3203,3,3
2099,1896,1997,203,3995,3,3
1910,1320,1615,590,3230,3,3
2043,1891,1967,152,3934,3,3
2003,2046,2024,-43,4049,3,3
2130,1785,1957,345,3915,3,3
1922,1377,1649,545,3299,3,3
2106,1630,1868,476,3736,3,3
1706,1614,1660,92,3320,3,3
1910,1802,1856,108,3712,3,3
2036,1575,1805,461,3611,3,3
1671,1829,1750,-158,3500,3,3
1647,1835,1741,-188,3482,3,3
1691,1647,1669,44,3338,3,3
1878,1566,1722,312,3444,3,3
1780,2174,1977,-394,3954,3,3
1792,1614,1703,178,3406,3,3
2055,2021,2038,34,4076,3,3
1972,1781,1876,191,3753,3,3
1788,2168,1978,-380,3956,3,3
1902,2092,1997,-190,3994,3,3
1923,1636,1779,287,3559,3,3
1598,1881,1739,-283,3479,3,3
1913,2079,1996,-166,3992,3,3
2008,1891,1949,117,3899,3,3
2042,1849,1945,193,3891,3,3
1776,1940,1858,-164,3716,3,3
2071,1817,1944,254,3888,3,3
1788,1585,1686,203,3373,3,3
2125,1753,1939,372,3878,3,3
1922,1997,1959,-75,3919,3,3
1698,2025,1861,-327,3723,3,3
1873,2000,1936,-127,3873,3,3
1825,1902,1863,-77,3727,3,3
1747,2196,1971,-449,3943,3,3
1608,1833,1720,-225,3441,3,3
2029,1805,1917,224,3834,3,3
1938,1996,1967,-58,3934,3,3
2001,2007,2004,-6,4008,3,3
2107,1927,2017,180,4034,3,3
1741,1852,1796,-111,3593,3,3
1672,1845,1758,-173,3517,3,3
1596,1806,1701,-210,3402,3,3
1485,1920,1702,-435,3405,3,3
1663,1790,1726,-127,3453,3,3
1714,1958,1836,-244,3672,3,3
2125,1892,2008,233,4017,3,3
1633,1690,1661,-57,3323,3,3
1532,1947,1739,-415,3479,3,3
1953,1747,1850,206,3700,3,3
2085,1737,1911,348,3822,3,3
1857,2022,1939,-165,3879,3,3
1660,2183,1921,-523,3843,3,3
2009,1769,1889,240,3778,3,3
1799,1975,1887,-176,3774,3,3
2010,2033,2021,-23,4043,3,3
1733,1370,1551,363,3103,3,3
2118,1799,1958,319,3917,3,3
1429,1707,1568,-278,3136,3,3
1608,2000,1804,-392,3608,3,3
1512,1674,1593,-162,3186,3,3
1751,1968,1859,-217,3719,3,3
1518,1568,1543,-50,3086,3,3
2011,1799,1905,212,3810,3,3
1836,2032,1934,-196,3868,3,3
2135,1735,1935,400,3870,3,3
1796,2097,1946,-301,3893,3,3
1482,1981,1731,-499,3463,3,3
1901,1943,1922,-42,3844,3,3
1980,2049,2014,-69,4029,3,3
1928,2015,1971,-87,3943,3,3
2113,1806,1959,307,3919,3,3
1738,1289,1513,449,3027,3,3
1890,1945,1917,-55,3835,3,3
1862,2040,1951,-178,3902,3,3
1409,1666,1537,-257,3075,3,3
1707,2032,1869,-325,3739,3,3
1936,1758,1847,178,3694,3,3
1920,1713,1816,207,3633,3,3
1855,2086,1970,-231,3941,3,3
2118,1862,1990,256,3980,3,3
1706,2100,1903,-394,3806,3,3
2057,1977,2017,80,4034,3,3
1874,1754,1814,120,3628,3,3
1594,1745,1669,-151,3339,3,3
1857,2078,1967,-221,3935,3,3
1909,2025,1967,-116,3934,3,3
1722,1831,1776,-109,3553,3,3
2085,1931,2008,154,4016,3,3
1790,1915,1852,-125,3705,3,3
1811,1981,1896,-170,3792,3,3
2172,1668,1920,504,3840,3,3
1762,1339,1550,423,3101,3,3
1700,1922,1811,-222,3622,3,3
1839,1592,1715,247,3431,3,3
1718,2067,1892,-349,3785,3,3
1953,1798,1875,155,3751,3,3
1938,1450,1694,488,3388,3,3
2066,1901,1983,165,3967,3,3
1956,1716,1836,240,3672,3,3
2074,1844,1959,230,3918,3,3
1992,1315,1653,677,3307,3,3
1926,1789,1857,137,3715,3,3
1802,1454,1628,348,3256,3,3
2087,1643,1865,444,3730,3,3
1733,2003,1868,-270,3736,3,3
1911,2106,2008,-195,4017,3,3
1916,1865,1890,51,3781,3,3
2004,1783,1893,221,3787,3,3
2109,1923,2016,186,4032,3,3
1705,1353,1529,352,3058,3,3
1922,2110,2016,-188,4032,3,3
1933,2091,2012,-158,4024,3,3
1994,1640,1817,354,3634,3,3
1716,1979,1847,-263,3695,3,3
1854,2094,1974,-240,3948,3,3
1993,2056,2024,-63,4049,3,3
1841,1980,1910,-139,3821,3,3
2078,1941,2009,137,4019,3,3
1479,1805,1642,-326,3284,3,3
1777,2071,1924,-294,3848,3,3
2089,1944,2016,145,4033,3,3
1919,1996,1957,-77,3915,3,3
1737,1727,1732,10,3464,3,3
1955,2090,2022,-135,4045,3,3
1727,1957,1842,-230,3684,3,3
2034,1632,1833,402,3666,3,3
2025,2033,2029,-8,4058,3,3
1449,1908,1678,-459,3357,3,3
1937,1691,1814,246,3628,3,3
1746,2201,1973,-455,3947,3,3
2140,1782,1961,358,3922,3,3
2076,1972,2024,104,4048,3,3
1773,1926,1849,-153,3699,3,3
1786,1654,1720,132,3440,3,3
2024,1908,1966,116,3932,3,3
2105,1792,1948,313,3897,3,3
1583,2151,1867,-568,3734,3,3
1733,1251,1492,482,2984,3,3
1745,1418,1581,327,3163,3,3
1653,2085,1869,-432,3738,3,3
1611,1819,1715,-208,3430,3,3
1863,1682,1772,181,3545,3,3
2062,1887,1974,175,3949,3,3
1710,1862,1786,-152,3572,3,3
1608,2053,1830,-445,3661,3,3
1905,2071,1988,-166,3976,3,3
1999,1553,1776,446,3552,3,3
1521,1995,1758,-474,3516,3,3
2054,1994,2024,60,4048,3,3
1931,1903,1917,28,3834,3,3
1714,1575,1644,139,3289,3,3
1546,1995,1770,-449,3541,3,3
1856,1388,1622,468,3244,3,3
1659,1861,1760,-202,3520,3,3
1574,1431,1502,143,3005,3,3
1603,1614,1608,-11,3217,3,3
1950,2046,1998,-96,3996,3,3
1796,2090,1943,-294,3886,3,3
1758,1917,1837,-159,3675,3,3
1455,1724,1589,-269,3179,3,3
1622,2287,1954,-665,3909,3,3
2203,1766,1984,437,3969,3,3
1705,1949,1827,-244,3654,3,3
1594,1903,1748,-309,3497,3,3
1693,1352,1522,341,3045,3,3
2045,1747,1896,298,3792,3,3
1835,1680,1757,155,3515,3,3
1819,1822,1820,-3,3641,3,3
1841,2042,1941,-201,3883,3,3
1718,1910,1814,-192,3628,3,3
1498,1886,1692,-388,3384,3,3
2078,1841,1959,237,3919,3,3
1961,1561,1761,400,3522,3,3
1501,2209,1855,-708,3710,3,3
1933,1855,1894,78,3788,3,3
1796,2127,1961,-331,3923,3,3
2007,1823,1915,184,3830,3,3
1633,2150,1891,-517,3783,3,3
2006,1921,1963,85,3927,3,3
2069,1822,1945,247,3891,3,3
1570,1950,1760,-380,3520,3,3
1737,1630,1683,107,3367,3,3
1936,2043,1989,-107,3979,3,3
1925,1794,1859,131,3719,3,3
2001,2077,2039,-76,4078,3,3
1741,1891,1816,-150,3632,3,3
1597,1862,1729,-265,3459,3,3
2014,1626,1820,388,3640,3,3
1763,1879,1821,-116,3642,3,3
1878,1546,1712,332,3424,3,3
2094,1839,1966,255,3933,3,3
2033,1919,1976,114,3952,3,3
1949,1827,1888,122,3776,3,3
2073,1849,1961,224,3922,3,3
1994,1865,1929,129,3859,3,3
1907,2094,2000,-187,4001,3,3
2026,1614,1820,412,3640,3,3
1855,1659,1757,196,3514,3,3
1865,2008,1936,-143,3873,3,3
2017,1953,1985,64,3970,3,3
1769,1960,1864,-191,3729,3,3
1914,1680,1797,234,3594,3,3
1875,2079,1977,-204,3954,3,3
1982,1817,1899,165,3799,3,3
1518,1929,1723,-411,3447,3,3
1750,2056,1903,-306,3806,3,3
1669,1630,1649,39,3299,3,3
1722,2054,1888,-332,3776,3,3
1959,1830,1894,129,3789,3,3
2091,1675,1883,416,3766,3,3
1607,1876,1741,-269,3483,3,3
2038,1945,1991,93,3983,3,3
1795,1951,1873,-156,3746,3,3
1800,1788,1794,12,3588,3,3
2097,1761,1929,336,3858,3,3
1910,2076,1993,-166,3986,3,3
1830,2011,1920,-181,3841,3,3
1918,1739,1828,179,3657,3,3
1981,1828,1904,153,3809,3,3
2077,1856,1966,221,3933,3,3
1929,1980,1954,-51,3909,3,3
1999,1778,1888,221,3777,3,3
1838,2075,1956,-237,3913,3,3
2271,1307,1789,964,3578,3,3
1576,1583,1579,-7,3159,3,3
1740,1548,1644,192,3288,3,3
1863,2090,1976,-227,3953,3,3
1747,1518,1632,229,3265,3,3
1919,1691,1805,228,3610,3,3
2027,1757,1892,270,3784,3,3
1682,1851,1766,-169,3533,3,3
1779,1984,1881,-205,3763,3,3
1715,1910,1812,-195,3625,3,3
2023,1940,1981,83,3963,3,3
2004,1967,1985,37,3971,3,3
1954,1839,1896,115,3793,3,3
1980,1652,1816,328,3632,3,3
1904,1625,1764,279,3529,3,3
1792,1985,1888,-193,3777,3,3
2018,2013,2015,5,4031,3,3
1485,1683,1584,-198,3168,3,3
1785,1495,1640,290,3280,3,3
1347,1659,1503,-312,3006,3,3
1871,1499,1685,372,3370,3,3
1952,2068,2010,-116,4020,3,3
1576,1839,1707,-263,3415,3,3
1647,2232,1939,-585,3879,3,3
1970,1924,1947,46,3894,3,3
2080,1899,1989,181,3979,3,3
2091,1757,1924,334,3848,3,3
1848,1478,1663,370,3326,3,3
1811,1853,1832,-42,3664,3,3
1926,1735,1830,191,3661,3,3
1763,1885,1824,-122,3648,3,3
1903,2081,1992,-178,3984,3,3
1520,1655,1587,-135,3175,3,3
2039,1948,1993,91,3987,3,3
2068,1718,1893,350,3786,3,3
1926,2017,1971,-91,3943,3,3
2109,1905,2007,204,4014,3,3
1905,2072,1988,-167,3977,3,3
1866,1947,1906,-81,3813,3,3
2099,1601,1850,498,3700,3,3
1923,1625,1774,298,3548,3,3
1702,1405,1553,297,3107,3,3
1873,1578,1725,295,3451,3,3
1867,2008,1937,-141,3875,3,3
2065,1990,2027,75,4055,3,3
1555,1722,1638,-167,3277,3,3
2118,1795,1956,323,3913,3,3
1394,1537,1465,-143,2931,3,3
1875,1659,1767,216,3534,3,3
2121,1881,2001,240,4002,3,3
2130,1844,1987,286,3974,3,3
2020,2015,2017,5,4035,3,3
2242,1681,1961,561,3923,3,3
1608,2092,1850,-484,3700,3,3
1682,1781,1731,-99,3463,3,3
2006,2025,2015,-19,4031,3,3
1920,1381,1650,539,3301,3,3
1704,2124,1914,-420,3828,3,3
1734,1866,1800,-132,3600,3,3
1976,1670,1823,306,3646,3,3
1916,2097,2006,-181,4013,3,3
1712,1883,1797,-171,3595,3,3
1932,2087,2009,-155,4019,3,3
1861,2150,2005,-289,4011,3,3
1999,2049,2024,-50,4048,3,3
2030,1987,2008,43,4017,3,3
1780,2021,1900,-241,3801,3,3
1673,1881,1777,-208,3554,3,3
1952,2060,2006,-108,4012,3,3
1882,2111,1996,-229,3993,3,3
1736,2047,1891,-311,3783,3,3
2044,1780,1912,264,3824,3,3
1958,1836,1897,122,3794,3,3
1683,2165,1924,-482,3848,3,3
1795,1849,1822,-54,3644,3,3
2130,1894,2012,236,4024,3,3
1992,1792,1892,200,3784,3,3
1845,1679,1762,166,3524,3,3
1797,2078,1937,-281,3875,3,3
2116,1793,1954,323,3909,3,3
1706,1575,1640,131,3281,3,3
1355,2403,1879,-1048,3758,3,3
1324,1669,1496,-345,2993,3,3
1605,1914,1759,-309,3519,3,3
1943,2001,1972,-58,3944,3,3
1992,1794,1893,198,3786,3,3
1914,1803,1858,111,3717,3,3
1514,1856,1685,-342,3370,3,3
1791,1626,1708,165,3417,3,3
1904,1600,1752,304,3504,3,3
2055,2010,2032,45,4065,3,3
2038,1649,1843,389,3687,3,3
2153,1808,1980,345,3961,3,3
1800,1981,1890,-181,3781,3,3
1546,1756,1651,-210,3302,3,3
2006,1882,1944,124,3888,3,3
2091,1761,1926,330,3852,3,3
1788,2035,1911,-247,3823,3,3
2060,1809,1934,251,3869,3,3
1798,1752,1775,46,3550,3,3
2042,1571,1806,471,3613,3,3
1732,2008,1870,-276,3740,3,3
1690,2248,1969,-558,3938,3,3
1963,1798,1880,165,3761,3,3
1881,2141,2011,-260,4022,3,3
1647,1399,1523,248,3046,3,3
1676,1528,1602,148,3204,3,3
2005,1912,1958,93,3917,3,3
2030,2027,2028,3,4057,3,3
1805,2132,1968,-327,3937,3,3
1801,1614,1707,187,3415,3,3
1573,2023,1798,-450,3596,3,3
2012,1908,1960,104,3920,3,3
1812,2043,1927,-231,3855,3,3
2069,1959,2014,110,4028,3,3
1880,2044,1962,-164,3924,3,3
1957,2074,2015,-117,4031,3,3
1708,2016,1862,-308,3724,3,3
2015,1790,1902,225,3805,3,3
1647,1602,1624,45,3249,3,3
1534,1781,1657,-247,3315,3,3
1492,1860,1676,-368,3352,3,3
1982,2041,2011,-59,4023,3,3
1749,1514,1631,235,3263,3,3
1537,1860,1698,-323,3397,3,3
1984,1674,1829,310,3658,3,3
1605,2012,1808,-407,3617,3,3
1922,1899,1910,23,3821,3,3
1520,1711,1615,-191,3231,3,3
2064,1888,1976,176,3952,3,3
2168,1713,1940,455,3881,3,3
2112,1863,1987,249,3975,3,3
2044,1786,1915,258,3830,3,3
1683,2157,1920,-474,3840,3,3
1734,1531,1632,203,3265,3,3
1947,1747,1847,200,3694,3,3
2077,1903,1990,174,3980,3,3
2112,1808,1960,304,3920,3,3
2101,1922,2011,179,4023,3,3
2065,1803,1934,262,3868,3,3
1806,1845,1825,-39,3651,3,3
2160,1709,1934,451,3869,3,3
2039,1929,1984,110,3968,3,3
1954,2082,2018,-128,4036,3,3
2083,1645,1864,438,3728,3,3
1945,2023,1984,-78,3968,3,3
1966,2053,2009,-87,4019,3,3
1951,2054,2002,-103,4005,3,3
1990,1661,1825,329,3651,3,3
1737,1797,1767,-60,3534,3,3
1648,1854,1751,-206,3502,3,3
2010,1924,1967,86,3934,3,3
1659,1784,1721,-125,3443,3,3
1595,1924,1759,-329,3519,3,3
1708,1912,1810,-204,3620,3,3
2007,1758,1882,249,3765,3,3
2038,1936,1987,102,3974,3,3
1823,1699,1761,124,3522,3,3
1717,2174,1945,-457,3891,3,3
1947,2094,2020,-147,4041,3,3
1896,2028,1962,-132,3924,3,3
1787,1684,1735,103,3471,3,3
1924,2088,2006,-164,4012,3,3
1976,1605,1790,371,3581,3,3
2098,1901,1999,197,3999,3,3
1540,1872,1706,-332,3412,3,3
2115,1834,1974,281,3949,3,3
1960,1499,1729,461,3459,3,3
2059,1808,1933,251,3867,3,3
2209,1752,1980,457,3961,3,3
1994,1793,1893,201,3787,3,3
2129,1803,1966,326,3932,3,3
1419,2032,1725,-613,3451,3,3
1641,1962,1801,-321,3603,3,3
1935,1802,1868,133,3737,3,3
2027,1824,1925,203,3851,3,3
1852,1657,1754,195,3509,3,3
1831,2115,1973,-284,3946,3,3
1824,2012,1918,-188,3836,3,3
1848,2128,1988,-280,3976,3,3
1789,1928,1858,-139,3717,3,3
2179,1744,1961,435,3923,3,3
2024,2031,2027,-7,4055,3,3
1882,2078,1980,-196,3960,3,3
2033,1960,1996,73,3993,3,3
2028,1822,1925,206,3850,3,3
1989,1848,1918,141,3837,3,3
2204,1733,1968,471,3937,3,3
1985,1858,1921,127,3843,3,3
1932,1771,1851,161,3703,3,3
1867,1560,1713,307,3427,3,3
1747,1875,1811,-128,3622,3,3
1960,1546,1753,414,3506,3,3
1674,2092,1883,-418,3766,3,3
1726,1893,1809,-167,3619,3,3
2024,1507,1765,517,3531,3,3
1823,2074,1948,-251,3897,3,3
1965,2086,2025,-121,4051,3,3
2034,1850,1942,184,3884,3,3
1900,2073,1986,-173,3973,3,3
1877,1905,1891,-28,3782,3,3
1875,2030,1952,-155,3905,3,3
1993,2039,2016,-46,4032,3,3
1810,1843,1826,-33,3653,3,3
2113,1864,1988,249,3977,3,3
2024,1716,1870,308,3740,3,3
1844,2101,1972,-257,3945,3,3
1901,1445,1673,456,3346,3,3
1952,1718,1835,234,3670,3,3
1490,1641,1565,-151,3131,3,3
1937,2064,2000,-127,4001,3,3
1651,1860,1755,-209,3511,3,3
1734,2017,1875,-283,3751,3,3
2037,1995,2016,42,4032,3,3
2019,1933,1976,86,3952,3,3
1983,1967,1975,16,3950,3,3
1611,1874,1742,-263,3485,3,3
1736,1833,1784,-97,3569,3,3
1755,1980,1867,-225,3735,3,3
1873,2093,1983,-220,3966,3,3
1880,1691,1785,189,3571,3,3
1847,2025,1936,-178,3872,3,3
2081,1853,1967,228,3934,3,3
1908,1711,1809,197,3619,3,3
1774,1546,1660,228,3320,3,3
1905,1618,1761,287,3523,3,3
1790,2191,1990,-401,3981,3,3
1960,1835,1897,125,3795,3,3
1887,1828,1857,59,3715,3,3
1602,1853,1727,-251,3455,3,3
1511,1991,1751,-480,3502,3,3
1913,1793,1853,120,3706,3,3
2016,1900,1958,116,3916,3,3
1884,1778,1831,106,3662,3,3
2112,1920,2016,192,4032,3,3
1821,1907,1864,-86,3728,3,3
1783,2041,1912,-258,3824,3,3
1953,1512,1732,441,3465,3,3
1636,1873,1754,-237,3509,3,3
1808,2154,1981,-346,3962,3,3
1988,2060,2024,-72,4048,3,3
2023,2043,2033,-20,4066,3,3
1664,1909,1786,-245,3573,3,3
1906,2043,1974,-137,3949,3,3
1773,1946,1859,-173,3719,3,3
1970,2054,2012,-84,4024,3,3
1858,1967,1912,-109,3825,3,3
1783,1985,1884,-202,3768,3,3
1728,1585,1656,143,3313,3,3
1818,1916,1867,-98,3734,3,3
1531,1763,1647,-232,3294,3,3
1941,1828,1884,113,3769,3,3
2023,1799,1911,224,3822,3,3
2022,1851,1936,171,3873,3,3
1641,1778,1709,-137,3419,3,3
1921,1985,1953,-64,3906,3,3
1755,1471,1613,284,3226,3,3
1498,1531,1514,-33,3029,3,3
1756,1896,1826,-140,3652,3,3
1680,1831,1755,-151,3511,3,3
1730,1875,1802,-145,3605,3,3
1998,1858,1928,140,3856,3,3
1914,1732,1823,182,3646,3,3
2085,1911,1998,174,3996,3,3
1944,1561,1752,383,3505,3,3
1841,1829,1835,12,3670,3,3
2153,1765,1959,388,3918,3,3
1703,1637,1670,66,3340,3,3
1642,1511,1576,131,3153,3,3
1851,1723,1787,128,3574,3,3
1896,2048,1972,-152,3944,3,3
1864,2031,1947,-167,3895,3,3
1431,2167,1799,-736,3598,3,3
1961,1658,1809,303,3619,3,3
1679,1795,1737,-116,3474,3,3
2018,1938,1978,80,3956,3,3
1848,1532,1690,316,3380,3,3
1832,2087,1959,-255,3919,3,3
1878,1730,1804,148,3608,3,3
1274,1607,1440,-333,2881,3,3
1661,1262,1461,399,2923,3,3
2014,2061,2037,-47,4075,3,3
1935,1723,1829,212,3658,3,3
2057,1962,2009,95,4019,3,3
1664,1455,1559,209,3119,3,3
1887,2120,2003,-233,4007,3,3
1679,1966,1822,-287,3645,3,3
2028,2058,2043,-30,4086,3,3
2050,1848,1949,202,3898,3,3
1521,1881,1701,-360,3402,3,3
1949,2050,1999,-101,3999,3,3
2081,1880,1980,201,3961,3,3
2046,1961,2003,85,4007,3,3
1512,1843,1677,-331,3355,3,3
2133,1818,1975,315,3951,3,3
2079,1911,1995,168,3990,3,3
2022,1811,1916,211,3833,3,3
2101,1889,1995,212,3990,3,3
1937,1968,1952,-31,3905,3,3
1583,1932,1757,-349,3515,3,3
1939,1740,1839,199,3679,3,3
1980,1612,1796,368,3592,3,3
2069,1916,1992,153,3985,3,3
2089,1672,1880,417,3761,3,3
1782,1621,1701,161,3403,3,3
1675,2080,1877,-405,3755,3,3
1706,2060,1883,-354,3766,3,3
2079,1791,1935,288,3870,3,3
1952,2085,2018,-133,4037,3,3
1863,1987,1925,-124,3850,3,3
1893,1528,1710,365,3421,3,3
2064,1885,1974,179,3949,3,3
2072,1903,1987,169,3975,3,3
1780,1933,1856,-153,3713,3,3
1787,1902,1844,-115,3689,3,3
1991,2066,2028,-75,4057,3,3
2049,1782,1915,267,3831,3,3
2063,1773,1918,290,3836,3,3
1862,2044,1953,-182,3906,3,3
1677,1411,1544,266,3088,3,3
2018,1913,1965,105,3931,3,3
1768,1966,1867,-198,3734,3,3
1654,1638,1646,16,3292,3,3
2060,1749,1904,311,3809,3,3
1887,1733,1810,154,3620,3,3
2089,1864,1976,225,3953,3,3
1754,2123,1938,-369,3877,3,3
2065,1871,1968,194,3936,3,3
1844,1698,1771,146,3542,3,3
1939,1837,1888,102,3776,3,3
2073,1792,1932,281,3865,3,3
1843,2059,1951,-216,3902,3,3
1618,1309,1463,309,2927,3,3
2000,1983,1991,17,3983,3,3
2032,1896,1964,136,3928,3,3
1858,2036,1947,-178,3894,3,3
1635,2177,1906,-542,3812,3,3
2108,1740,1924,368,3848,3,3
1874,1777,1825,97,3651,3,3
1856,1822,1839,34,3678,3,3
1822,1643,1732,179,3465,3,3
1863,1729,1796,134,3592,3,3
1990,1856,1923,134,3846,3,3
1492,2001,1746,-509,3493,3,3
1789,1694,1741,95,3483,3,3
1754,1633,1693,121,3387,3,3
2025,1710,1867,315,3735,3,3
1903,1874,1888,29,3777,3,3
1681,2060,1870,-379,3741,3,3
2079,1909,1994,170,3988,3,3
1823,1490,1656,333,3313,3,3
2072,1733,1902,339,3805,3,3
1853,1638,1745,215,3491,3,3
1963,1923,1943,40,3886,3,3
1948,1696,1822,252,3644,3,3
1924,2029,1976,-105,3953,3,3
2028,2020,2024,8,4048,3,3
1726,1962,1844,-236,3688,3,3
1530,1776,1653,-246,3306,3,3
1331,1421,1376,-90,2752,3,3
2028,1928,1978,100,3956,3,3
2072,1726,1899,346,3798,3,3
1962,2067,2014,-105,4029,3,3
1836,1935,1885,-99,3771,3,3
2074,1891,1982,183,3965,3,3
2119,1789,1954,330,3908,3,3
1848,2125,1986,-277,3973,3,3
2069,1858,1963,211,3927,3,3
1980,1837,1908,143,3817,3,3
2098,1923,2010,175,4021,3,3
2050,1788,1919,262,3838,3,3
1567,1730,1648,-163,3297,3,3
1234,2104,1669,-870,3338,3,3
1839,1923,1881,-84,3762,3,3
1841,2036,1938,-195,3877,3,3
1948,1815,1881,133,3763,3,3
1804,1782,1793,22,3586,3,3
2080,1756,1918,324,3836,3,3
2042,1935,1988,107,3977,3,3
1796,1979,1887,-183,3775,3,3
1633,1666,1649,-33,3299,3,3
1901,2047,1974,-146,3948,3,3
1918,1751,1834,167,3669,3,3
1861,2144,2002,-283,4005,3,3
1844,2110,1977,-266,3954,3,3
1884,2082,1983,-198,3966,3,3
1916,2107,2011,-191,4023,3,3
1757,1906,1831,-149,3663,3,3
1969,2012,1990,-43,3981,3,3
2061,1541,1801,520,3602,3,3
1969,1450,1709,519,3419,3,3
1952,2067,2009,-115,4019,3,3
1975,2046,2010,-71,4021,3,3
1931,1809,1870,122,3740,3,3
2195,1581,1888,614,3776,3,3
1852,2121,1986,-269,3973,3,3
2107,1934,2020,173,4041,3,3
2039,1948,1993,91,3987,3,3
1865,1644,1754,221,3509,3,3
1953,1645,1799,308,3598,3,3
1931,1828,1879,103,3759,3,3
1768,1761,1764,7,3529,3,3
1897,2073,1985,-176,3970,3,3
1849,2091,1970,-242,3940,3,3
1841,2094,1967,-253,3935,3,3
1992,1316,1654,676,3308,3,3
2051,1868,1959,183,3919,3,3
1817,2123,1970,-306,3940,3,3
1860,2020,1940,-160,3880,3,3
1961,1972,1966,-11,3933,3,3
1782,1999,1890,-217,3781,3,3
1593,2280,1936,-687,3873,3,3
1541,1318,1429,223,2859,3,3
2075,1991,2033,84,4066,3,3
1861,2086,1973,-225,3947,3,3
2054,1533,1793,521,3587,3,3
1946,1663,1804,283,3609,3,3
2014,1892,1953,122,3906,3,3
1896,1536,1716,360,3432,3,3
1725,2137,1931,-412,3862,3,3
1826,1636,1731,190,3462,3,3
1956,1704,1830,252,3660,3,3
1734,1908,1821,-174,3642,3,3
1989,1678,1833,311,3667,3,3
1502,1490,1496,12,2992,3,3
2065,1657,1861,408,3722,3,3
2033,1993,2013,40,4026,3,3
2043,2020,2031,23,4063,3,3
1799,2038,1918,-239,3837,3,3
2049,1903,1976,146,3952,3,3
1976,2074,2025,-98,4050,3,3
1571,1973,1772,-402,3544,3,3
2117,1849,1983,268,3966,3,3
1458,1709,1583,-251,3167,3,3
1767,2120,1943,-353,3887,3,3
2019,1867,1943,152,3886,3,3
2111,1870,1990,241,3981,3,3
1725,2013,1869,-288,3738,3,3
1811,2081,1946,-270,3892,3,3
2116,1843,1979,273,3959,3,3
1914,1759,1836,155,3673,3,3
1666,1436,1551,230,3102,3,3
1812,2093,1952,-281,3905,3,3
2097,1899,1998,198,3996,3,3
2102,1901,2001,201,4003,3,3
1827,2083,1955,-256,3910,3,3
1804,1531,1667,273,3335,3,3
2082,1899,1990,183,3981,3,3
1755,1934,1844,-179,3689,3,3
1862,1717,1789,145,3579,3,3
1288,2005,1646,-717,3293,3,3
1988,1895,1941,93,3883,3,3
1929,2006,1967,-77,3935,3,3
1745,1968,1856,-223,3713,3,3
1790,2055,1922,-265,3845,3,3
2048,1802,1925,246,3850,3,3
1730,1916,1823,-186,3646,3,3
1987,1642,1814,345,3629,3,3
1945,1762,1853,183,3707,3,3
1901,1582,1741,319,3483,3,3
1847,2068,1957,-221,3915,3,3
1910,1970,1940,-60,3880,3,3
1650,1944,1797,-294,3594,3,3
1601,2134,1867,-533,3735,3,3
1984,1581,1782,403,3565,3,3
1546,1826,1686,-280,3372,3,3
1968,1941,1954,27,3909,3,3
1520,1790,1655,-270,3310,3,3
1885,1971,1928,-86,3856,3,3
2080,1902,1991,178,3982,3,3
2081,1972,2026,109,4053,3,3
1940,1852,1896,88,3792,3,3
1786,1881,1833,-95,3667,3,3
1926,2003,1964,-77,3929,3,3
2003,1708,1855,295,3711,3,3
1821,1990,1905,-169,3811,3,3
1654,2254,1954,-600,3908,3,3
1410,1536,1473,-126,2946,3,3
1738,1484,1611,254,3222,3,3
2099,1926,2012,173,4025,3,3
1997,1737,1867,260,3734,3,3
1712,2128,1920,-416,3840,3,3
1383,1556,1469,-173,2939,3,3
1930,1977,1953,-47,3907,3,3
1807,2025,1916,-218,3832,3,3
2001,1713,1857,288,3714,3,3
1520,1667,1593,-147,3187,3,3
2013,1714,1863,299,3727,3,3
1938,1879,1908,59,3817,3,3
1701,1473,1587,228,3174,3,3
1622,2202,1912,-580,3824,3,3
1845,1901,1873,-56,3746,3,3
1996,2038,2017,-42,4034,3,3
1891,1769,1830,122,3660,3,3
2029,2023,2026,6,4052,3,3
1944,2028,1986,-84,3972,3,3
1361,1918,1639,-557,3279,3,3
1921,1786,1853,135,3707,3,3
2087,1725,1906,362,3812,3,3
1885,1560,1722,325,3445,3,3
1713,2099,1906,-386,3812,3,3
2019,1633,1826,386,3652,3,3
1929,1779,1854,150,3708,3,3
2132,1845,1988,287,3977,3,3
2015,1946,1980,69,3961,3,3
1984,2009,1996,-25,3993,3,3
1717,2086,1901,-369,3803,3,3
1977,1839,1908,138,3816,3,3
1644,1921,1782,-277,3565,3,3
1934,2109,2021,-175,4043,3,3
1881,2106,1993,-225,3987,3,3
1879,1839,1859,40,3718,3,3
1782,1911,1846,-129,3693,3,3
1849,1628,1738,221,3477,3,3
1898,2126,2012,-228,4024,3,3
2080,1688,1884,392,3768,3,3
1899,1839,1869,60,3738,3,3
1539,1920,1729,-381,3459,3,3
2014,1980,1997,34,3994,3,3
1945,2049,1997,-104,3994,3,3
1772,2165,1968,-393,3937,3,3
1574,1737,1655,-163,3311,3,3
1758,2055,1906,-297,3813,3,3
2035,1840,1937,195,3875,3,3
1679,1894,1786,-215,3573,3,3
2001,1984,1992,17,3985,3,3
1838,2030,1934,-192,3868,3,3
1668,1577,1622,91,3245,3,3
1859,1879,1869,-20,3738,3,3
1531,1655,1593,-124,3186,3,3
1860,1487,1673,373,3347,3,3
1691,1953,1822,-262,3644,3,3
1993,1598,1795,395,3591,3,3
1677,2173,1925,-496,3850,3,3
2081,1857,1969,224,3938,3,3
1788,1509,1648,279,3297,3,3
2108,1803,1955,305,3911,3,3
1903,1738,1820,165,3641,3,3
1868,1988,1928,-120,3856,3,3
1693,1806,1749,-113,3499,3,3
1542,1516,1529,26,3058,3,3
1589,1697,1643,-108,3286,3,3
2033,1879,1956,154,3912,3,3
1932,1817,1874,115,3749,3,3
1717,2080,1898,-363,3797,3,3
2079,1845,1962,234,3924,3,3
1846,1980,1913,-134,3826,3,3
2156,1846,2001,310,4002,3,3
1685,1888,1786,-203,3573,3,3
1971,2081,2026,-110,4052,3,3
1627,1788,1707,-161,3415,3,3
1765,1884,1824,-119,3649,3,3
1895,1669,1782,226,3564,3,3
1834,2068,1951,-234,3902,3,3
1477,1837,1657,-360,3314,3,3
1893,2084,1988,-191,3977,3,3
1367,1868,1617,-501,3235,3,3
1902,1610,1756,292,3512,3,3
1711,2130,1920,-419,3841,3,3
2136,1851,1993,285,3987,3,3
2055,1791,1923,264,3846,3,3
2114,1899,2006,215,4013,3,3
1828,2013,1920,-185,3841,3,3
2148,1485,1816,663,3633,3,3
1776,2007,1891,-231,3783,3,3
1891,1774,1832,117,3665,3,3
1877,1902,1889,-25,3779,3,3
2150,1533,1841,617,3683,3,3
1839,2005,1922,-166,3844,3,3
1610,2071,1840,-461,3681,3,3
1856,2033,1944,-177,3889,3,3
1955,1823,1889,132,3778,3,3
2022,2012,2017,10,4034,3,3
2092,1866,1979,226,3958,3,3
2111,1774,1942,337,3885,3,3
1528,1594,1561,-66,3122,3,3
1586,1707,1646,-121,3293,3,3
1841,1897,1869,-56,3738,3,3
1874,2011,1942,-137,3885,3,3
2008,1866,1937,142,3874,3,3
1330,1806,1568,-476,3136,3,3
1844,1968,1906,-124,3812,3,3
1820,1881,1850,-61,3701,3,3
1909,1739,1824,170,3648,3,3
2004,1757,1880,247,3761,3,3
1637,1766,1701,-129,3403,3,3
1798,2024,1911,-226,3822,3,3
1925,2120,2022,-195,4045,3,3
2008,1842,1925,166,3850,3,3
1969,1580,1774,389,3549,3,3
1707,2005,1856,-298,3712,3,3
2101,1891,1996,210,3992,3,3
1966,1968,1967,-2,3934,3,3
2158,1797,1977,361,3955,3,3
1663,1969,1816,-306,3632,3,3
1673,1848,1760,-175,3521,3,3
1629,1771,1700,-142,3400,3,3
1987,1576,1781,411,3563,3,3
1570,1751,1660,-181,3321,3,3
1883,1889,1886,-6,3772,3,3
2081,1796,1938,285,3877,3,3
1948,1768,1858,180,3716,3,3
1584,1658,1621,-74,3242,3,3
2046,1844,1945,202,3890,3,3
1770,2169,1969,-399,3939,3,3
1964,2018,1991,-54,3982,3,3
1796,2034,1915,-238,3830,3,3
1953,2086,2019,-133,4039,3,3
1890,1756,1823,134,3646,3,3
1968,1848,1908,120,3816,3,3
2022,1546,1784,476,3568,3,3
1934,1797,1865,137,3731,3,3
2119,1761,1940,358,3880,3,3
1830,2054,1942,-224,3884,3,3
1897,2107,2002,-210,4004,3,3
1888,2007,1947,-119,3895,3,3
2128,1899,2013,229,4027,3,3
1498,1988,1743,-490,3486,3,3
2019,1964,1991,55,3983,3,3
1935,1771,1853,164,3706,3,3
2084,1853,1968,231,3937,3,3
2064,1604,1834,460,3668,3,3
2100,1892,1996,208,3992,3,3
1772,1638,1705,134,3410,3,3
1965,1826,1895,139,3791,3,3
1792,2093,1942,-301,3885,3,3
1768,1787,1777,-19,3555,3,3
2052,2003,2027,49,4055,3,3
1903,1980,1941,-77,3883,3,3
2067,1970,2018,97,4037,3,3
1583,2007,1795,-424,3590,3,3
1686,1901,1793,-215,3587,3,3
2002,1987,1994,15,3989,3,3
1819,1843,1831,-24,3662,3,3
1718,2017,1867,-299,3735,3,3
1317,1799,1558,-482,3116,3,3
1877,1727,1802,150,3604,3,3
1947,1910,1928,37,3857,3,3
1936,2096,2016,-160,4032,3,3
2201,1643,1922,558,3844,3,3
1719,1936,1827,-217,3655,3,3
1932,1489,1710,443,3421,3,3
2097,1762,1929,335,3859,3,3
2026,1876,1951,150,3902,3,3
1404,1751,1577,-347,3155,3,3
2137,1799,1968,338,3936,3,3
2110,1828,1969,282,3938,3,3
1933,1602,1767,331,3535,3,3
1248,1629,1438,-381,2877,3,3
1874,1940,1907,-66,3814,3,3
1575,1583,1579,-8,3158,3,3
1892,2008,1950,-116,3900,3,3
1921,1498,1709,423,3419,3,3
1660,1846,1753,-186,3506,3,3
1745,1617,1681,128,3362,3,3
2035,1592,1813,443,3627,3,3
2011,1872,1941,139,3883,3,3
2035,1845,1940,190,3880,3,3
1577,1827,1702,-250,3404,3,3
1533,1611,1572,-78,3144,3,3
1951,1757,1854,194,3708,3,3
1768,2090,1929,-322,3858,3,3
1689,1981,1835,-292,3670,3,3
1836,1550,1693,286,3386,3,3
2027,1995,2011,32,4022,3,3
1944,1914,1929,30,3858,3,3
1891,2069,1980,-178,3960,3,3
1741,2036,1888,-295,3777,3,3
1698,1770,1734,-72,3468,3,3
1774,1939,1856,-165,3713,3,3
1956,1862,1909,94,3818,3,3
1837,1260,1548,577,3097,3,3
1861,1858,1859,3,3719,3,3
1934,1965,1949,-31,3899,3,3
2071,1824,1947,247,3895,3,3
1795,2029,1912,-234,3824,3,3
1714,2164,1939,-450,3878,3,3
1799,1440,1619,359,3239,3,3
1411,1703,1557,-292,3114,3,3
1990,1798,1894,192,3788,3,3
1539,2055,1797,-516,3594,3,3
2108,1758,1933,350,3866,3,3
1980,1547,1763,433,3527,3,3
1584,1804,1694,-220,3388,3,3
2083,1883,1983,200,3966,3,3
1533,1859,1696,-326,3392,3,3
2051,1990,2020,61,4041,3,3
2020,1866,1943,154,3886,3,3
1997,2021,2009,-24,4018,3,3
1996,2065,2030,-69,4061,3,3
2094,1941,2017,153,4035,3,3
1895,2001,1948,-106,3896,3,3
1771,1638,1704,133,3409,3,3
1934,2065,1999,-131,3999,3,3
1961,1626,1793,335,3587,3,3
1905,2127,2016,-222,4032,3,3
1825,2022,1923,-197,3847,3,3
1579,1932,1755,-353,3511,3,3
1937,1820,1878,117,3757,3,3
2135,1664,1899,471,3799,3,3
1750,2044,1897,-294,3794,3,3
2004,1853,1928,151,3857,3,3
1731,2036,1883,-305,3767,3,3
1566,1684,1625,-118,3250,3,3
1644,1946,1795,-302,3590,3,3
2120,1775,1947,345,3895,3,3
1794,1554,1674,240,3348,3,3
2153,1809,1981,344,3962,3,3
1460,1952,1706,-492,3412,3,3
1916,2004,1960,-88,3920,3,3
1943,1923,1933,20,3866,3,3
1939,2086,2012,-147,4025,3,3
1916,2074,1995,-158,3990,3,3
1861,1718,1789,143,3579,3,3
1813,1646,1729,167,3459,3,3
2176,1669,1922,507,3845,3,3
2029,1932,1980,97,3961,3,3
1715,2031,1873,-316,3746,3,3
1978,2029,2003,-51,4007,3,3
2008,1705,1856,303,3713,3,3
1969,1676,1822,293,3645,3,3
1601,1962,1781,-361,3563,3,3
1885,1818,1851,67,3703,3,3
1927,1948,1937,-21,3875,3,3
2002,2055,2028,-53,4057,3,3
1636,2059,1847,-423,3695,3,3
2064,1620,1842,444,3684,3,3
1795,1984,1889,-189,3779,3,3
2121,1801,1961,320,3922,3,3
1985,2081,2033,-96,4066,3,3
2082,1815,1948,267,3897,3,3
2002,1688,1845,314,3690,3,3
2055,1883,1969,172,3938,3,3
2070,1846,1958,224,3916,3,3
2066,1956,2011,110,4022,3,3
1818,2091,1954,-273,3909,3,3
1931,1782,1856,149,3713,3,3
1978,1646,1812,332,3624,3,3
2002,1706,1854,296,3708,3,3
1885,1499,1692,386,3384,3,3
1792,2041,1916,-249,3833,3,3
1575,1729,1652,-154,3304,3,3
1740,2011,1875,-271,3751,3,3
2020,1690,1855,330,3710,3,3
1797,1947,1872,-150,3744,3,3
2077,1796,1936,281,3873,3,3
1818,1927,1872,-109,3745,3,3
1916,2023,1969,-107,3939,3,3
1996,1692,1844,304,3688,3,3
2054,1856,1955,198,3910,3,3
1927,1928,1927,-1,3855,3,3
1869,1969,1919,-100,3838,3,3
1803,1756,1779,47,3559,3,3
1944,2070,2007,-126,4014,3,3
1909,2115,2012,-206,4024,3,3
2064,1884,1974,180,3948,3,3
2009,2066,2037,-57,4075,3,3
1921,2104,2012,-183,4025,3,3
2128,1874,2001,254,4002,3,3
1696,2156,1926,-460,3852,3,3
2118,1683,1900,435,3801,3,3
1798,1931,1864,-133,3729,3,3
1997,1889,1943,108,3886,3,3
2076,1876,1976,200,3952,3,3
2027,1907,1967,120,3934,3,3
1755,1962,1858,-207,3717,3,3
1824,2001,1912,-177,3825,3,3
1499,1817,1658,-318,3316,3,3
1792,2094,1943,-302,3886,3,3
1853,1691,1772,162,3544,3,3
2148,1796,1972,352,3944,3,3
1929,2099,2014,-170,4028,3,3
1770,2172,1971,-402,3942,3,3
2126,1769,1947,357,3895,3,3
1948,1762,1855,186,3710,3,3
2019,1772,1895,247,3791,3,3
1752,1884,1818,-132,3636,3,3
2116,1891,2003,225,4007,3,3
1770,1977,1873,-207,3747,3,3
1828,1917,1872,-89,3745,3,3
2059,1824,1941,235,3883,3,3
1771,1821,1796,-50,3592,3,3
1917,1900,1908,17,3817,3,3
1767,1575,1671,192,3342,3,3
1732,1762,1747,-30,3494,3,3
1530,1893,1711,-363,3423,3,3
1910,2049,1979,-139,3959,3,3
1801,1763,1782,38,3564,3,3
1936,2073,2004,-137,4009,3,3
1669,2025,1847,-356,3694,3,3
1329,1496,1412,-167,2825,3,3
2057,1882,1969,175,3939,3,3
1841,2147,1994,-306,3988,3,3
1921,2032,1976,-111,3953,3,3
1655,1585,1620,70,3240,3,3
1672,1877,1774,-205,3549,3,3
1993,2060,2026,-67,4053,3,3
2087,1846,1966,241,3933,3,3
1672,1790,1731,-118,3462,3,3
1931,2114,2022,-183,4045,3,3
1861,1870,1865,-9,3731,3,3
1889,1947,1918,-58,3836,3,3
1806,2073,1939,-267,3879,3,3
2145,1603,1874,542,3748,3,3
2056,1845,1950,211,3901,3,3
2036,1811,1923,225,3847,3,3
1776,2026,1901,-250,3802,3,3
1861,2151,2006,-290,4012,3,3
1750,1927,1838,-177,3677,3,3
1956,1527,1741,429,3483,3,3
1868,2002,1935,-134,3870,3,3
1646,1638,1642,8,3284,3,3
2042,2023,2032,19,4065,3,3
1969,1772,1870,197,3741,3,3
1878,1713,1795,165,3591,3,3
1833,2132,1982,-299,3965,3,3
1885,2055,1970,-170,3940,3,3
1411,1933,1672,-522,3344,3,3
1943,1963,1953,-20,3906,3,3
2048,1992,2020,56,4040,3,3
1623,1822,1722,-199,3445,3,3
1800,2140,1970,-340,3940,3,3
1704,1670,1687,34,3374,3,3
1836,2153,1994,-317,3989,3,3
1804,1790,1797,14,3594,3,3
1952,1712,1832,240,3664,3,3
1995,2041,2018,-46,4036,3,3
1830,2066,1948,-236,3896,3,3
1851,2141,1996,-290,3992,3,3
2027,1931,1979,96,3958,3,3
2048,1788,1918,260,3836,3,3
1840,1822,1831,18,3662,3,3
1715,1782,1748,-67,3497,3,3
1496,1728,1612,-232,3224,3,3
1832,2173,2002,-341,4005,3,3
1657,2079,1868,-422,3736,3,3
1925,1791,1858,134,3716,3,3
2039,1964,2001,75,4003,3,3
1534,1772,1653,-238,3306,3,3
1606,1941,1773,-335,3547,3,3
1482,1449,1465,33,2931,3,3
1525,1844,1684,-319,3369,3,3
1838,1989,1913,-151,3827,3,3
1990,2023,2006,-33,4013,3,3
1716,1448,1582,268,3164,3,3
1639,2134,1886,-495,3773,3,3
1751,2008,1879,-257,3759,3,3
1810,1814,1812,-4,3624,3,3
1908,1434,1671,474,3342,3,3
1764,1521,1642,243,3285,3,3
1943,1649,1796,294,3592,3,3
2042,1721,1881,321,3763,3,3
1772,1811,1791,-39,3583,3,3
2035,1917,1976,118,3952,3,3
2122,1902,2012,220,4024,3,3
2167,1774,1970,393,3941,3,3
2087,1903,1995,184,3990,3,3
1878,2135,2006,-257,4013,3,3
1793,2157,1975,-364,3950,3,3
2062,1784,1923,278,3846,3,3
1828,1921,1874,-93,3749,3,3
1546,2121,1833,-575,3667,3,3
1988,1802,1895,186,3790,3,3
1696,2100,1898,-404,3796,3,3
1972,2040,2006,-68,4012,3,3
1465,1805,1635,-340,3270,3,3
1780,2130,1955,-350,3910,3,3
1676,1825,1750,-149,3501,3,3
2037,1752,1894,285,3789,3,3
1498,1966,1732,-468,3464,3,3
1801,2045,1923,-244,3846,3,3
1944,1483,1713,461,3427,3,3
1920,1708,1814,212,3628,3,3
1777,2124,1950,-347,3901,3,3
1790,1838,1814,-48,3628,3,3
1904,1855,1879,49,3759,3,3
1682,2023,1852,-341,3705,3,3
1827,2005,1916,-178,3832,3,3
2143,1810,1976,333,3953,3,3
1875,1679,1777,196,3554,3,3
1459,1958,1708,-499,3417,3,3
1725,1300,1512,425,3025,3,3
1929,2083,2006,-154,4012,3,3
1995,1690,1842,305,3685,3,3
2090,1636,1863,454,3726,3,3
1411,1660,1535,-249,3071,3,3
2027,1787,1907,240,3814,3,3
1673,1817,1745,-144,3490,3,3
1948,2075,2011,-127,4023,3,3
1770,1967,1868,-197,3737,3,3
1429,1836,1632,-407,3265,3,3
1805,1948,1876,-143,3753,3,3
1688,1944,1816,-256,3632,3,3
1814,1814,1814,0,3628,3,3
1735,2101,1918,-366,3836,3,3
1774,2137,1955,-363,3911,3,3
1905,2069,1987,-164,3974,3,3
1687,1905,1796,-218,3592,3,3
1782,2139,1960,-357,3921,3,3
1755,1949,1852,-194,3704,3,3
2031,1801,1916,230,3832,3,3
1690,1888,1789,-198,3578,3,3
1961,2092,2026,-131,4053,3,3
1729,2011,1870,-282,3740,3,3
1675,2109,1892,-434,3784,3,3
1888,1671,1779,217,3559,3,3
2092,1871,1981,221,3963,3,3
2072,1988,2030,84,4060,3,3
1900,1870,1885,30,3770,3,3
1582,2058,1820,-476,3640,3,3
1898,2100,1999,-202,3998,3,3
2137,1867,2002,270,4004,3,3
1690,2024,1857,-334,3714,3,3
1676,1792,1734,-116,3468,3,3
1862,1491,1676,371,3353,3,3
1835,2004,1919,-169,3839,3,3
1902,1663,1782,239,3565,3,3
1675,2117,1896,-442,3792,3,3
2081,1928,2004,153,4009,3,3
2168,1720,1944,448,3888,3,3
1942,1746,1844,196,3688,3,3
1761,2163,1962,-402,3924,3,3
1570,1735,1652,-165,3305,3,3
2071,1693,1882,378,3764,3,3
1973,2089,2031,-116,4062,3,3
1981,1707,1844,274,3688,3,3
1864,2115,1989,-251,3979,3,3
1652,1884,1768,-232,3536,3,3
1810,2088,1949,-278,3898,3,3
2038,1773,1905,265,3811,3,3
1486,1822,1654,-336,3308,3,3
1876,2100,1988,-224,3976,3,3
1692,2005,1848,-313,3697,3,3
1843,1993,1918,-150,3836,3,3
2006,1627,1816,379,3633,3,3
2018,1883,1950,135,3901,3,3
2114,1888,2001,226,4002,3,3
1548,1808,1678,-260,3356,3,3
1922,1685,1803,237,3607,3,3
1230,1397,1313,-167,2627,3,3
2009,1990,1999,19,3999,3,3
1657,1868,1762,-211,3525,3,3
1808,1576,1692,232,3384,3,3
1885,2037,1961,-152,3922,3,3
1870,1974,1922,-104,3844,3,3
2067,1731,1899,336,3798,3,3
1806,1709,1757,97,3515,3,3
1718,1753,1735,-35,3471,3,3
1663,1808,1735,-145,3471,3,3
2154,1774,1964,380,3928,3,3
1560,1903,1731,-343,3463,3,3
2052,2024,2038,28,4076,3,3
1992,1928,1960,64,3920,3,3
1763,1609,1686,154,3372,3,3
1844,2063,1953,-219,3907,3,3
1717,2098,1907,-381,3815,3,3
