WhiteElo,BlackElo,MeanElos,DiffElos,SumElos
2611,2520,2565,91,5131
2345,2560,2452,-215,4905
2550,2502,2526,48,5052
2376,2591,2483,-215,4967
2613,2742,2677,-129,5355
2700,2753,2726,-53,5453
2516,2706,2611,-190,5222
2706,2713,2709,-7,5419
2548,2475,2511,73,5023
2484,2507,2495,-23,4991
2583,2461,2522,122,5044
2531,2552,2541,-21,5083
2250,2680,2465,-430,4930
2645,2522,2583,123,5167
2668,2390,2529,278,5058
2534,2731,2632,-197,5265
2382,2580,2481,-198,4962
2469,2663,2566,-194,5132
2527,2507,2517,20,5034
2706,2739,2722,-33,5445
2595,2614,2604,-19,5209
2577,2574,2575,3,5151
2489,2621,2555,-132,5110
2451,2655,2553,-204,5106
2484,2463,2473,21,4947
2597,2605,2601,-8,5202
2469,2608,2538,-139,5077
2556,2693,2624,-137,5249
2512,2571,2541,-59,5083
2430,2550,2490,-120,4980
2554,2607,2580,-53,5161
2559,2440,2499,119,4999
2591,2590,2590,1,5181
2538,2394,2466,144,4932
2548,2477,2512,71,5025
2585,2546,2565,39,5131
2624,2621,2622,3,5245
2411,2493,2452,-82,4904
2773,2761,2767,12,5534
2699,2764,2731,-65,5463
2504,2519,2511,-15,5023
2705,2577,2641,128,5282
2625,2503,2564,122,5128
2540,2662,2601,-122,5202
2464,2493,2478,-29,4957
2666,2548,2607,118,5214
2511,2403,2457,108,4914
2603,2417,2510,186,5020
2431,2717,2574,-286,5148
2552,2511,2531,41,5063
2651,2477,2564,174,5128
2309,2608,2458,-299,4917
2638,2388,2513,250,5026
2577,2466,2521,111,5043
2695,2612,2653,83,5307
2454,2472,2463,-18,4926
2645,2464,2554,181,5109
2568,2440,2504,128,5008
2374,2554,2464,-180,4928
2645,2302,2473,343,4947
2543,2412,2477,131,4955
2631,2711,2671,-80,5342
2667,2375,2521,292,5042
2488,2531,2509,-43,5019
2693,2469,2581,224,5162
2521,2475,2498,46,4996
2445,2583,2514,-138,5028
2465,2710,2587,-245,5175
2405,2539,2472,-134,4944
2409,2573,2491,-164,4982
2453,2510,2481,-57,4963
2664,2610,2637,54,5274
2566,2501,2533,65,5067
2678,2734,2706,-56,5412
2370,2601,2485,-231,4971
2639,2368,2503,271,5007
2312,2596,2454,-284,4908
2520,2630,2575,-110,5150
2786,2772,2779,14,5558
2536,2421,2478,115,4957
2349,2597,2473,-248,4946
2490,2422,2456,68,4912
2513,2392,2452,121,4905
2543,2399,2471,144,4942
2686,2439,2562,247,5125
2526,2409,2467,117,4935
2465,2474,2469,-9,4939
2647,2556,2601,91,5203
2544,2695,2619,-151,5239
2635,2562,2598,73,5197
2573,2487,2530,86,5060
2454,2482,2468,-28,4936
2588,2549,2568,39,5137
2496,2458,2477,38,4954
2578,2491,2534,87,5069
2503,2610,2556,-107,5113
2483,2526,2504,-43,5009
2411,2673,2542,-262,5084
2693,2529,2611,164,5222
2450,2683,2566,-233,5133
2348,2628,2488,-280,4976
2610,2517,2563,93,5127
2663,2521,2592,142,5184
2410,2549,2479,-139,4959
2481,2445,2463,36,4926
2601,2602,2601,-1,5203
2366,2569,2467,-203,4935
2628,2616,2622,12,5244
2510,2549,2529,-39,5059
2621,2444,2532,177,5065
2562,2487,2524,75,5049
2580,2779,2679,-199,5359
2595,2653,2624,-58,5248
2506,2468,2487,38,4974
2558,2494,2526,64,5052
2605,2575,2590,30,5180
2612,2434,2523,178,5046
2575,2498,2536,77,5073
2711,2226,2468,485,4937
2553,2464,2508,89,5017
2657,2530,2593,127,5187
2746,2702,2724,44,5448
2580,2463,2521,117,5043
2550,2480,2515,70,5030
2513,2494,2503,19,5007
2598,2461,2529,137,5059
2615,2677,2646,-62,5292
2566,2501,2533,65,5067
2436,2468,2452,-32,4904
2379,2617,2498,-238,4996
2388,2529,2458,-141,4917
2437,2533,2485,-96,4970
2406,2498,2452,-92,4904
2425,2533,2479,-108,4958
2493,2529,2511,-36,5022
2512,2453,2482,59,4965
2590,2484,2537,106,5074
2578,2648,2613,-70,5226
2561,2449,2505,112,5010
2515,2414,2464,101,4929
2458,2576,2517,-118,5034
2783,2756,2769,27,5539
2655,2541,2598,114,5196
2402,2569,2485,-167,4971
2441,2567,2504,-126,5008
2663,2589,2626,74,5252
2740,2676,2708,64,5416
2327,2637,2482,-310,4964
2369,2558,2463,-189,4927
2402,2579,2490,-177,4981
2560,2368,2464,192,4928
2560,2682,2621,-122,5242
2635,2611,2623,24,5246
2602,2518,2560,84,5120
2475,2457,2466,18,4932
2604,2399,2501,205,5003
2475,2688,2581,-213,5163
2632,2706,2669,-74,5338
2484,2638,2561,-154,5122
2607,2452,2529,155,5059
2531,2678,2604,-147,5209
2390,2514,2452,-124,4904
2409,2537,2473,-128,4946
2509,2462,2485,47,4971
2629,2609,2619,20,5238
2474,2463,2468,11,4937
2443,2482,2462,-39,4925
2661,2631,2646,30,5292
2658,2729,2693,-71,5387
2753,2734,2743,19,5487
2500,2744,2622,-244,5244
2749,2663,2706,86,5412
2354,2640,2497,-286,4994
2532,2624,2578,-92,5156
2507,2552,2529,-45,5059
2540,2485,2512,55,5025
2579,2549,2564,30,5128
2706,2734,2720,-28,5440
2415,2525,2470,-110,4940
2438,2539,2488,-101,4977
2435,2643,2539,-208,5078
2524,2496,2510,28,5020
2377,2540,2458,-163,4917
2581,2698,2639,-117,5279
2552,2438,2495,114,4990
2714,2501,2607,213,5215
2548,2412,2480,136,4960
2533,2520,2526,13,5053
2331,2677,2504,-346,5008
2438,2473,2455,-35,4911
2574,2606,2590,-32,5180
2638,2706,2672,-68,5344
2396,2625,2510,-229,5021
2556,2462,2509,94,5018
2766,2732,2749,34,5498
2637,2631,2634,6,5268
2528,2686,2607,-158,5214
2615,2722,2668,-107,5337
2785,2673,2729,112,5458
2506,2457,2481,49,4963
2801,2543,2672,258,5344
2441,2510,2475,-69,4951
2471,2583,2527,-112,5054
2704,2617,2660,87,5321
2488,2417,2452,71,4905
2712,2498,2605,214,5210
2468,2538,2503,-70,5006
2620,2460,2540,160,5080
2700,2647,2673,53,5347
2518,2420,2469,98,4938
2489,2524,2506,-35,5013
2555,2379,2467,176,4934
2621,2714,2667,-93,5335
2529,2654,2591,-125,5183
2605,2613,2609,-8,5218
2571,2478,2524,93,5049
2487,2449,2468,38,4936
2558,2655,2606,-97,5213
2672,2713,2692,-41,5385
2647,2620,2633,27,5267
2561,2451,2506,110,5012
2486,2488,2487,-2,4974
2565,2477,2521,88,5042
2653,2546,2599,107,5199
2627,2628,2627,-1,5255
2593,2590,2591,3,5183
2548,2578,2563,-30,5126
2640,2541,2590,99,5181
2720,2792,2756,-72,5512
2540,2576,2558,-36,5116
2392,2642,2517,-250,5034
2691,2712,2701,-21,5403
2538,2582,2560,-44,5120
2462,2508,2485,-46,4970
2470,2625,2547,-155,5095
2509,2458,2483,51,4967
2479,2639,2559,-160,5118
2673,2549,2611,124,5222
2544,2529,2536,15,5073
2455,2546,2500,-91,5001
2537,2512,2524,25,5049
2396,2549,2472,-153,4945
2474,2608,2541,-134,5082
2366,2616,2491,-250,4982
2486,2492,2489,-6,4978
2466,2498,2482,-32,4964
2558,2696,2627,-138,5254
2547,2443,2495,104,4990
2604,2571,2587,33,5175
2516,2475,2495,41,4991
2682,2641,2661,41,5323
2436,2638,2537,-202,5074
2551,2421,2486,130,4972
2574,2340,2457,234,4914
2550,2416,2483,134,4966
2708,2779,2743,-71,5487
2568,2679,2623,-111,5247
2563,2412,2487,151,4975
2504,2660,2582,-156,5164
2632,2554,2593,78,5186
2500,2562,2531,-62,5062
2663,2438,2550,225,5101
2591,2420,2505,171,5011
2470,2663,2566,-193,5133
2527,2421,2474,106,4948
2623,2383,2503,240,5006
2524,2386,2455,138,4910
2503,2418,2460,85,4921
2723,2712,2717,11,5435
2608,2543,2575,65,5151
2522,2625,2573,-103,5147
2583,2640,2611,-57,5223
2593,2511,2552,82,5104
2484,2432,2458,52,4916
2401,2512,2456,-111,4913
2428,2549,2488,-121,4977
2527,2636,2581,-109,5163
2593,2560,2576,33,5153
2541,2556,2548,-15,5097
2582,2545,2563,37,5127
2429,2563,2496,-134,4992
2484,2446,2465,38,4930
2364,2716,2540,-352,5080
2570,2454,2512,116,5024
2558,2529,2543,29,5087
2706,2417,2561,289,5123
2500,2425,2462,75,4925
2658,2709,2683,-51,5367
2402,2664,2533,-262,5066
2511,2541,2526,-30,5052
2648,2502,2575,146,5150
2612,2472,2542,140,5084
2470,2584,2527,-114,5054
2605,2524,2564,81,5129
2597,2659,2628,-62,5256
2469,2439,2454,30,4908
2482,2542,2512,-60,5024
2379,2556,2467,-177,4935
2813,2648,2730,165,5461
2571,2420,2495,151,4991
2552,2440,2496,112,4992
2542,2608,2575,-66,5150
2717,2663,2690,54,5380
2536,2669,2602,-133,5205
2486,2629,2557,-143,5115
2586,2476,2531,110,5062
2599,2659,2629,-60,5258
2448,2490,2469,-42,4938
2558,2375,2466,183,4933
2392,2526,2459,-134,4918
2816,2697,2756,119,5513
2544,2631,2587,-87,5175
2454,2721,2587,-267,5175
2734,2753,2743,-19,5487
2444,2498,2471,-54,4942
2426,2522,2474,-96,4948
2422,2546,2484,-124,4968
2547,2581,2564,-34,5128
2682,2249,2465,433,4931
2494,2470,2482,24,4964
2442,2723,2582,-281,5165
2725,2666,2695,59,5391
2630,2482,2556,148,5112
2651,2358,2504,293,5009
2559,2430,2494,129,4989
2518,2503,2510,15,5021
2284,2619,2451,-335,4903
2555,2590,2572,-35,5145
2713,2505,2609,208,5218
2487,2515,2501,-28,5002
2518,2644,2581,-126,5162
2540,2505,2522,35,5045
2479,2586,2532,-107,5065
2498,2628,2563,-130,5126
2431,2546,2488,-115,4977
2412,2646,2529,-234,5058
2609,2705,2657,-96,5314
2396,2585,2490,-189,4981
2527,2617,2572,-90,5144
2583,2460,2521,123,5043
2639,2535,2587,104,5174
2529,2545,2537,-16,5074
2643,2592,2617,51,5235
2697,2641,2669,56,5338
2619,2440,2529,179,5059
2505,2408,2456,97,4913
2585,2508,2546,77,5093
2518,2427,2472,91,4945
2678,2706,2692,-28,5384
2661,2720,2690,-59,5381
2446,2487,2466,-41,4933
2547,2567,2557,-20,5114
2757,2758,2757,-1,5515
2488,2645,2566,-157,5133
2675,2753,2714,-78,5428
2665,2671,2668,-6,5336
2742,2630,2686,112,5372
2599,2374,2486,225,4973
2487,2631,2559,-144,5118
2422,2583,2502,-161,5005
2570,2410,2490,160,4980
2601,2614,2607,-13,5215
2554,2381,2467,173,4935
2439,2607,2523,-168,5046
2556,2411,2483,145,4967
2655,2544,2599,111,5199
2731,2703,2717,28,5434
2470,2558,2514,-88,5028
2688,2619,2653,69,5307
2555,2651,2603,-96,5206
2477,2499,2488,-22,4976
2575,2641,2608,-66,5216
2282,2706,2494,-424,4988
2603,2548,2575,55,5151
2552,2379,2465,173,4931
2665,2639,2652,26,5304
2770,2769,2769,1,5539
2428,2489,2458,-61,4917
2516,2711,2613,-195,5227
2625,2425,2525,200,5050
2543,2605,2574,-62,5148
2605,2706,2655,-101,5311
2528,2428,2478,100,4956
2338,2581,2459,-243,4919
2605,2418,2511,187,5023
2564,2352,2458,212,4916
2652,2412,2532,240,5064
2458,2511,2484,-53,4969
2675,2534,2604,141,5209
2525,2464,2494,61,4989
2565,2517,2541,48,5082
2450,2482,2466,-32,4932
2436,2673,2554,-237,5109
2659,2451,2555,208,5110
2595,2479,2537,116,5074
2469,2493,2481,-24,4962
2703,2730,2716,-27,5433
2741,2617,2679,124,5358
2698,2572,2635,126,5270
2506,2409,2457,97,4915
2490,2464,2477,26,4954
2529,2476,2502,53,5005
2593,2574,2583,19,5167
2505,2642,2573,-137,5147
2663,2471,2567,192,5134
2506,2771,2638,-265,5277
2377,2656,2516,-279,5033
2655,2331,2493,324,4986
2441,2512,2476,-71,4953
2560,2669,2614,-109,5229
2669,2500,2584,169,5169
2751,2331,2541,420,5082
2651,2659,2655,-8,5310
2498,2471,2484,27,4969
2724,2672,2698,52,5396
2594,2320,2457,274,4914
2443,2636,2539,-193,5079
2597,2374,2485,223,4971
2592,2531,2561,61,5123
2678,2628,2653,50,5306
2731,2756,2743,-25,5487
2624,2526,2575,98,5150
2531,2554,2542,-23,5085
2598,2558,2578,40,5156
2517,2551,2534,-34,5068
2679,2771,2725,-92,5450
2534,2645,2589,-111,5179
2586,2523,2554,63,5109
2491,2688,2589,-197,5179
2527,2597,2562,-70,5124
2396,2520,2458,-124,4916
2636,2294,2465,342,4930
2546,2703,2624,-157,5249
2560,2459,2509,101,5019
2508,2514,2511,-6,5022
2630,2563,2596,67,5193
2785,2632,2708,153,5417
2514,2399,2456,115,4913
2506,2489,2497,17,4995
2547,2555,2551,-8,5102
2448,2524,2486,-76,4972
2469,2507,2488,-38,4976
2527,2421,2474,106,4948
2417,2580,2498,-163,4997
2530,2649,2589,-119,5179
2387,2597,2492,-210,4984
2595,2630,2612,-35,5225
2611,2535,2573,76,5146
2420,2589,2504,-169,5009
2522,2615,2568,-93,5137
2639,2557,2598,82,5196
2623,2327,2475,296,4950
2549,2390,2469,159,4939
2637,2500,2568,137,5137
2632,2547,2589,85,5179
2435,2595,2515,-160,5030
2608,2345,2476,263,4953
2463,2618,2540,-155,5081
2560,2431,2495,129,4991
2471,2557,2514,-86,5028
2541,2618,2579,-77,5159
2531,2462,2496,69,4993
2392,2588,2490,-196,4980
2483,2457,2470,26,4940
2397,2606,2501,-209,5003
2455,2615,2535,-160,5070
2469,2454,2461,15,4923
2326,2652,2489,-326,4978
2761,2826,2793,-65,5587
2599,2388,2493,211,4987
2803,2774,2788,29,5577
2782,2683,2732,99,5465
2707,2338,2522,369,5045
2370,2630,2500,-260,5000
2387,2559,2473,-172,4946
2449,2599,2524,-150,5048
2525,2596,2560,-71,5121
2384,2573,2478,-189,4957
2555,2449,2502,106,5004
2676,2417,2546,259,5093
2632,2518,2575,114,5150
2535,2641,2588,-106,5176
2580,2438,2509,142,5018
2722,2331,2526,391,5053
2657,2680,2668,-23,5337
2560,2596,2578,-36,5156
2648,2388,2518,260,5036
2518,2449,2483,69,4967
2645,2604,2624,41,5249
2430,2550,2490,-120,4980
2472,2521,2496,-49,4993
2775,2681,2728,94,5456
2706,2428,2567,278,5134
2354,2556,2455,-202,4910
2737,2579,2658,158,5316
2449,2702,2575,-253,5151
2407,2532,2469,-125,4939
2741,2775,2758,-34,5516
2557,2406,2481,151,4963
2620,2598,2609,22,5218
2638,2520,2579,118,5158
2600,2498,2549,102,5098
2502,2651,2576,-149,5153
2771,2616,2693,155,5387
2638,2473,2555,165,5111
2481,2473,2477,8,4954
2605,2487,2546,118,5092
2643,2502,2572,141,5145
2532,2687,2609,-155,5219
2531,2610,2570,-79,5141
2553,2418,2485,135,4971
2525,2788,2656,-263,5313
2458,2485,2471,-27,4943
2469,2471,2470,-2,4940
2501,2655,2578,-154,5156
2534,2496,2515,38,5030
2478,2428,2453,50,4906
2341,2565,2453,-224,4906
2653,2707,2680,-54,5360
2406,2667,2536,-261,5073
2541,2424,2482,117,4965
2567,2343,2455,224,4910
2723,2510,2616,213,5233
2722,2712,2717,10,5434
2538,2622,2580,-84,5160
2589,2598,2593,-9,5187
2680,2548,2614,132,5228
2664,2683,2673,-19,5347
2730,2721,2725,9,5451
2457,2594,2525,-137,5051
2546,2512,2529,34,5058
2518,2434,2476,84,4952
2449,2477,2463,-28,4926
2420,2563,2491,-143,4983
2544,2471,2507,73,5015
2739,2772,2755,-33,5511
2620,2693,2656,-73,5313
2463,2528,2495,-65,4991
2390,2550,2470,-160,4940
2475,2443,2459,32,4918
2544,2549,2546,-5,5093
2461,2575,2518,-114,5036
2635,2527,2581,108,5162
2701,2587,2644,114,5288
2552,2416,2484,136,4968
2556,2348,2452,208,4904
2528,2524,2526,4,5052
2607,2579,2593,28,5186
2558,2620,2589,-62,5178
2548,2641,2594,-93,5189
2397,2521,2459,-124,4918
2593,2588,2590,5,5181
2616,2366,2491,250,4982
2452,2602,2527,-150,5054
2626,2710,2668,-84,5336
2556,2453,2504,103,5009
2590,2367,2478,223,4957
2617,2295,2456,322,4912
2390,2548,2469,-158,4938
2563,2467,2515,96,5030
2547,2419,2483,128,4966
2630,2546,2588,84,5176
2516,2559,2537,-43,5075
2572,2711,2641,-139,5283
2374,2567,2470,-193,4941
2535,2657,2596,-122,5192
2606,2487,2546,119,5093
2558,2565,2561,-7,5123
2479,2584,2531,-105,5063
2575,2426,2500,149,5001
2415,2542,2478,-127,4957
2522,2487,2504,35,5009
2584,2428,2506,156,5012
2534,2537,2535,-3,5071
2568,2453,2510,115,5021
2623,2370,2496,253,4993
2575,2399,2487,176,4974
2508,2739,2623,-231,5247
2587,2342,2464,245,4929
2544,2489,2516,55,5033
2669,2624,2646,45,5293
2635,2451,2543,184,5086
2521,2593,2557,-72,5114
2469,2681,2575,-212,5150
2453,2614,2533,-161,5067
2511,2465,2488,46,4976
2467,2542,2504,-75,5009
2548,2620,2584,-72,5168
2583,2881,2732,-298,5464
2642,2491,2566,151,5133
2412,2684,2548,-272,5096
2475,2549,2512,-74,5024
2602,2473,2537,129,5075
2660,2524,2592,136,5184
2655,2473,2564,182,5128
2445,2630,2537,-185,5075
2448,2571,2509,-123,5019
2650,2589,2619,61,5239
2327,2672,2499,-345,4999
2502,2581,2541,-79,5083
2552,2501,2526,51,5053
2425,2525,2475,-100,4950
2735,2771,2753,-36,5506
2602,2511,2556,91,5113
2358,2590,2474,-232,4948
2616,2294,2455,322,4910
2529,2430,2479,99,4959
2360,2643,2501,-283,5003
2586,2637,2611,-51,5223
2560,2494,2527,66,5054
2482,2660,2571,-178,5142
2390,2530,2460,-140,4920
2639,2523,2581,116,5162
2758,2744,2751,14,5502
2634,2511,2572,123,5145
2564,2576,2570,-12,5140
2662,2672,2667,-10,5334
2389,2531,2460,-142,4920
2644,2573,2608,71,5217
2696,2325,2510,371,5021
2633,2620,2626,13,5253
2398,2538,2468,-140,4936
2594,2390,2492,204,4984
2710,2715,2712,-5,5425
2603,2530,2566,73,5133
2583,2561,2572,22,5144
2620,2495,2557,125,5115
2619,2655,2637,-36,5274
2554,2372,2463,182,4926
2495,2457,2476,38,4952
2484,2630,2557,-146,5114
2462,2594,2528,-132,5056
2662,2638,2650,24,5300
2592,2527,2559,65,5119
2726,2675,2700,51,5401
2535,2427,2481,108,4962
2581,2529,2555,52,5110
2741,2656,2698,85,5397
2779,2753,2766,26,5532
2416,2613,2514,-197,5029
2723,2426,2574,297,5149
2556,2600,2578,-44,5156
2631,2647,2639,-16,5278
2542,2453,2497,89,4995
2572,2660,2616,-88,5232
2526,2558,2542,-32,5084
2434,2571,2502,-137,5005
2582,2638,2610,-56,5220
2522,2599,2560,-77,5121
2650,2685,2667,-35,5335
2661,2757,2709,-96,5418
2626,2647,2636,-21,5273
2412,2592,2502,-180,5004
2498,2423,2460,75,4921
2672,2785,2728,-113,5457
2672,2720,2696,-48,5392
2387,2576,2481,-189,4963
2678,2359,2518,319,5037
2396,2515,2455,-119,4911
2450,2502,2476,-52,4952
2422,2495,2458,-73,4917
2418,2583,2500,-165,5001
2572,2562,2567,10,5134
2609,2490,2549,119,5099
2540,2434,2487,106,4974
2636,2490,2563,146,5126
2561,2495,2528,66,5056
2630,2508,2569,122,5138
2667,2621,2644,46,5288
2470,2531,2500,-61,5001
2619,2317,2468,302,4936
2753,2651,2702,102,5404
2399,2516,2457,-117,4915
2559,2675,2617,-116,5234
2555,2518,2536,37,5073
2660,2381,2520,279,5041
2520,2409,2464,111,4929
2490,2536,2513,-46,5026
2396,2539,2467,-143,4935
2478,2628,2553,-150,5106
2283,2643,2463,-360,4926
2552,2412,2482,140,4964
2767,2727,2747,40,5494
2453,2545,2499,-92,4998
2442,2655,2548,-213,5097
2609,2419,2514,190,5028
2644,2543,2593,101,5187
2552,2570,2561,-18,5122
2520,2607,2563,-87,5127
2576,2578,2577,-2,5154
2534,2570,2552,-36,5104
2711,2560,2635,151,5271
2392,2669,2530,-277,5061
2724,2678,2701,46,5402
2531,2541,2536,-10,5072
2580,2406,2493,174,4986
2354,2637,2495,-283,4991
2521,2477,2499,44,4998
2600,2493,2546,107,5093
2584,2557,2570,27,5141
2453,2709,2581,-256,5162
2586,2581,2583,5,5167
2421,2485,2453,-64,4906
2374,2562,2468,-188,4936
2525,2726,2625,-201,5251
2558,2510,2534,48,5068
2628,2516,2572,112,5144
2503,2540,2521,-37,5043
2434,2538,2486,-104,4972
2810,2764,2787,46,5574
2675,2632,2653,43,5307
2447,2483,2465,-36,4930
2571,2450,2510,121,5021
2469,2458,2463,11,4927
2630,2331,2480,299,4961
2555,2360,2457,195,4915
2510,2412,2461,98,4922
2653,2288,2470,365,4941
2562,2370,2466,192,4932
2636,2620,2628,16,5256
2638,2477,2557,161,5115
2597,2700,2648,-103,5297
2500,2574,2537,-74,5074
2626,2550,2588,76,5176
2535,2421,2478,114,4956
2410,2495,2452,-85,4905
2634,2426,2530,208,5060
2484,2699,2591,-215,5183
2461,2508,2484,-47,4969
2549,2436,2492,113,4985
2664,2424,2544,240,5088
2460,2511,2485,-51,4971
2559,2348,2453,211,4907
2598,2680,2639,-82,5278
2358,2545,2451,-187,4903
2531,2438,2484,93,4969
2481,2515,2498,-34,4996
2609,2663,2636,-54,5272
2613,2440,2526,173,5053
2610,2734,2672,-124,5344
2351,2569,2460,-218,4920
2384,2613,2498,-229,4997
2603,2448,2525,155,5051
2650,2660,2655,-10,5310
2454,2457,2455,-3,4911
2584,2419,2501,165,5003
2572,2339,2455,233,4911
2574,2422,2498,152,4996
2255,2647,2451,-392,4902
2605,2688,2646,-83,5293
2538,2520,2529,18,5058
2555,2425,2490,130,4980
2544,2498,2521,46,5042
2539,2610,2574,-71,5149
2470,2487,2478,-17,4957
2422,2515,2468,-93,4937
2374,2528,2451,-154,4902
2635,2425,2530,210,5060
2445,2583,2514,-138,5028
2413,2490,2451,-77,4903
2546,2408,2477,138,4954
2296,2622,2459,-326,4918
2584,2435,2509,149,5019
2516,2391,2453,125,4907
2680,2340,2510,340,5020
2396,2607,2501,-211,5003
2579,2358,2468,221,4937
2582,2643,2612,-61,5225
2402,2538,2470,-136,4940
2645,2482,2563,163,5127
2566,2391,2478,175,4957
2428,2626,2527,-198,5054
2753,2678,2715,75,5431
2539,2411,2475,128,4950
2657,2556,2606,101,5213
2610,2667,2638,-57,5277
2324,2690,2507,-366,5014
2516,2446,2481,70,4962
2815,2644,2729,171,5459
2672,2791,2731,-119,5463
2585,2647,2616,-62,5232
2511,2518,2514,-7,5029
2698,2583,2640,115,5281
2550,2520,2535,30,5070
2595,2649,2622,-54,5244
2527,2550,2538,-23,5077
2388,2526,2457,-138,4914
2435,2549,2492,-114,4984
2387,2538,2462,-151,4925
2499,2460,2479,39,4959
2615,2507,2561,108,5122
2506,2551,2528,-45,5057
2568,2558,2563,10,5126
2599,2486,2542,113,5085
2551,2512,2531,39,5063
2630,2476,2553,154,5106
2607,2660,2633,-53,5267
2658,2599,2628,59,5257
2667,2551,2609,116,5218
2443,2613,2528,-170,5056
2561,2561,2561,0,5122
2414,2594,2504,-180,5008
2644,2328,2486,316,4972
2619,2524,2571,95,5143
2632,2487,2559,145,5119
2618,2407,2512,211,5025
2476,2453,2464,23,4929
2571,2525,2548,46,5096
2772,2660,2716,112,5432
2607,2586,2596,21,5193
2425,2575,2500,-150,5000
2304,2599,2451,-295,4903
2659,2729,2694,-70,5388
2527,2684,2605,-157,5211
2512,2497,2504,15,5009
2710,2553,2631,157,5263
2431,2478,2454,-47,4909
2607,2469,2538,138,5076
2720,2748,2734,-28,5468
2500,2442,2471,58,4942
2416,2674,2545,-258,5090
2543,2714,2628,-171,5257
2599,2671,2635,-72,5270
2325,2610,2467,-285,4935
2474,2441,2457,33,4915
2410,2583,2496,-173,4993
2544,2582,2563,-38,5126
2539,2539,2539,0,5078
2564,2500,2532,64,5064
2460,2447,2453,13,4907
2631,2505,2568,126,5136
2606,2475,2540,131,5081
2569,2635,2602,-66,5204
2541,2445,2493,96,4986
2475,2430,2452,45,4905
2522,2450,2486,72,4972
2411,2521,2466,-110,4932
2546,2495,2520,51,5041
2694,2546,2620,148,5240
2487,2570,2528,-83,5057
2393,2514,2453,-121,4907
2742,2563,2652,179,5305
2521,2516,2518,5,5037
2595,2559,2577,36,5154
2452,2580,2516,-128,5032
2517,2595,2556,-78,5112
2585,2536,2560,49,5121
2446,2592,2519,-146,5038
2704,2471,2587,233,5175
2663,2616,2639,47,5279
2602,2663,2632,-61,5265
2431,2608,2519,-177,5039
2706,2556,2631,150,5262
2682,2394,2538,288,5076
2549,2603,2576,-54,5152
2625,2605,2615,20,5230
2522,2585,2553,-63,5107
2596,2502,2549,94,5098
2530,2488,2509,42,5018
2644,2508,2576,136,5152
2623,2691,2657,-68,5314
2635,2505,2570,130,5140
2624,2720,2672,-96,5344
2531,2508,2519,23,5039
2473,2583,2528,-110,5056
2548,2608,2578,-60,5156
2734,2498,2616,236,5232
2511,2490,2500,21,5001
2605,2608,2606,-3,5213
2498,2471,2484,27,4969
2504,2441,2472,63,4945
2546,2488,2517,58,5034
2503,2457,2480,46,4960
2653,2558,2605,95,5211
2630,2556,2593,74,5186
2524,2450,2487,74,4974
2622,2771,2696,-149,5393
2333,2648,2490,-315,4981
2579,2610,2594,-31,5189
2514,2529,2521,-15,5043
2367,2628,2497,-261,4995
2478,2546,2512,-68,5024
2715,2561,2638,154,5276
2481,2460,2470,21,4941
2530,2642,2586,-112,5172
2705,2654,2679,51,5359
2558,2574,2566,-16,5132
2458,2588,2523,-130,5046
2539,2670,2604,-131,5209
2622,2489,2555,133,5111
2524,2498,2511,26,5022
2635,2560,2597,75,5195
2696,2609,2652,87,5305
2571,2576,2573,-5,5147
2560,2479,2519,81,5039
2578,2419,2498,159,4997
2542,2637,2589,-95,5179
2525,2501,2513,24,5026
2410,2524,2467,-114,4934
2675,2586,2630,89,5261
2539,2424,2481,115,4963
2292,2616,2454,-324,4908
2568,2492,2530,76,5060
2354,2602,2478,-248,4956
2682,2495,2588,187,5177
2747,2500,2623,247,5247
2503,2654,2578,-151,5157
2525,2379,2452,146,4904
2369,2555,2462,-186,4924
2624,2299,2461,325,4923
2568,2413,2490,155,4981
2757,2772,2764,-15,5529
2489,2480,2484,9,4969
2433,2568,2500,-135,5001
2705,2391,2548,314,5096
2391,2650,2520,-259,5041
2673,2613,2643,60,5286
2574,2484,2529,90,5058
2538,2543,2540,-5,5081
2650,2286,2468,364,4936
2625,2345,2485,280,4970
2668,2706,2687,-38,5374
2688,2563,2625,125,5251
2398,2508,2453,-110,4906
2557,2667,2612,-110,5224
2579,2729,2654,-150,5308
2566,2718,2642,-152,5284
2500,2581,2540,-81,5081
2559,2396,2477,163,4955
2477,2503,2490,-26,4980
2388,2616,2502,-228,5004
2622,2445,2533,177,5067
2389,2540,2464,-151,4929
2437,2522,2479,-85,4959
2423,2559,2491,-136,4982
2650,2368,2509,282,5018
2428,2763,2595,-335,5191
2704,2621,2662,83,5325
2368,2553,2460,-185,4921
2666,2462,2564,204,5128
2489,2609,2549,-120,5098
2644,2688,2666,-44,5332
2417,2587,2502,-170,5004
2491,2553,2522,-62,5044
2611,2500,2555,111,5111
2643,2678,2660,-35,5321
2511,2405,2458,106,4916
2695,2569,2632,126,5264
2418,2599,2508,-181,5017
2439,2496,2467,-57,4935
2596,2592,2594,4,5188
2474,2479,2476,-5,4953
2707,2503,2605,204,5210
2578,2399,2488,179,4977
2667,2390,2528,277,5057
2758,2709,2733,49,5467
2483,2595,2539,-112,5078
2688,2418,2553,270,5106
2596,2426,2511,170,5022
2541,2684,2612,-143,5225
2559,2527,2543,32,5086
2476,2580,2528,-104,5056
2391,2511,2451,-120,4902
2473,2450,2461,23,4923
2602,2561,2581,41,5163
2491,2501,2496,-10,4992
2551,2775,2663,-224,5326
2698,2582,2640,116,5280
2567,2421,2494,146,4988
2529,2644,2586,-115,5173
2446,2588,2517,-142,5034
2471,2437,2454,34,4908
2597,2382,2489,215,4979
2542,2542,2542,0,5084
2627,2696,2661,-69,5323
2608,2583,2595,25,5191
2618,2582,2600,36,5200
2726,2653,2689,73,5379
2619,2419,2519,200,5038
2510,2434,2472,76,4944
2792,2649,2720,143,5441
2615,2293,2454,322,4908
2427,2543,2485,-116,4970
2715,2503,2609,212,5218
2585,2392,2488,193,4977
2501,2452,2476,49,4953
2678,2631,2654,47,5309
2535,2556,2545,-21,5091
2527,2414,2470,113,4941
2531,2753,2642,-222,5284
2407,2628,2517,-221,5035
2586,2393,2489,193,4979
2541,2558,2549,-17,5099
2577,2628,2602,-51,5205
2705,2715,2710,-10,5420
2480,2502,2491,-22,4982
2423,2619,2521,-196,5042
2510,2614,2562,-104,5124
2485,2541,2513,-56,5026
2379,2534,2456,-155,4913
2413,2572,2492,-159,4985
2492,2516,2504,-24,5008
2566,2486,2526,80,5052
2659,2434,2546,225,5093
2544,2510,2527,34,5054
2616,2547,2581,69,5163
2536,2559,2547,-23,5095
2667,2660,2663,7,5327
2680,2508,2594,172,5188
2646,2758,2702,-112,5404
2607,2707,2657,-100,5314
2533,2484,2508,49,5017
2463,2615,2539,-152,5078
2505,2456,2480,49,4961
2631,2336,2483,295,4967
2561,2481,2521,80,5042
2548,2491,2519,57,5039
2536,2422,2479,114,4958
2491,2552,2521,-61,5043
2492,2528,2510,-36,5020
2532,2472,2502,60,5004
2633,2713,2673,-80,5346
2569,2709,2639,-140,5278
2706,2559,2632,147,5265
2560,2560,2560,0,5120
2627,2385,2506,242,5012
2734,2702,2718,32,5436
2587,2321,2454,266,4908
2375,2643,2509,-268,5018
2383,2566,2474,-183,4949
2406,2510,2458,-104,4916
2725,2784,2754,-59,5509
2647,2664,2655,-17,5311
2566,2557,2561,9,5123
2352,2572,2462,-220,4924
2540,2521,2530,19,5061
2431,2524,2477,-93,4955
2513,2446,2479,67,4959
2482,2446,2464,36,4928
2627,2490,2558,137,5117
2524,2527,2525,-3,5051
2660,2496,2578,164,5156
2638,2579,2608,59,5217
2510,2491,2500,19,5001
2574,2411,2492,163,4985
2621,2648,2634,-27,5269
2501,2423,2462,78,4924
2678,2740,2709,-62,5418
2538,2642,2590,-104,5180
2428,2613,2520,-185,5041
2691,2678,2684,13,5369
2556,2542,2549,14,5098
2672,2442,2557,230,5114
2465,2545,2505,-80,5010
2489,2476,2482,13,4965
2495,2614,2554,-119,5109
2548,2444,2496,104,4992
2289,2614,2451,-325,4903
2704,2564,2634,140,5268
2716,2374,2545,342,5090
2639,2619,2629,20,5258
2430,2561,2495,-131,4991
2356,2584,2470,-228,4940
2547,2480,2513,67,5027
2480,2437,2458,43,4917
2551,2381,2466,170,4932
2391,2677,2534,-286,5068
2621,2491,2556,130,5112
2338,2699,2518,-361,5037
2629,2470,2549,159,5099
2552,2434,2493,118,4986
2710,2727,2718,-17,5437
2752,2543,2647,209,5295
2544,2388,2466,156,4932
2618,2449,2533,169,5067
2590,2705,2647,-115,5295
2515,2473,2494,42,4988
2468,2599,2533,-131,5067
2317,2585,2451,-268,4902
2425,2742,2583,-317,5167
2552,2696,2624,-144,5248
2684,2537,2610,147,5221
2478,2509,2493,-31,4987
2711,2815,2763,-104,5526
2723,2705,2714,18,5428
2639,2540,2589,99,5179
2453,2633,2543,-180,5086
2384,2523,2453,-139,4907
2525,2552,2538,-27,5077
2472,2665,2568,-193,5137
2545,2419,2482,126,4964
2588,2508,2548,80,5096
2584,2515,2549,69,5099
2475,2429,2452,46,4904
2560,2402,2481,158,4962
2535,2593,2564,-58,5128
2429,2550,2489,-121,4979
2667,2474,2570,193,5141
2592,2345,2468,247,4937
2664,2533,2598,131,5197
2432,2570,2501,-138,5002
2598,2565,2581,33,5163
2599,2455,2527,144,5054
2573,2602,2587,-29,5175
2579,2367,2473,212,4946
2418,2560,2489,-142,4978
2584,2393,2488,191,4977
2486,2707,2596,-221,5193
2496,2407,2451,89,4903
2405,2524,2464,-119,4929
2747,2697,2722,50,5444
2638,2410,2524,228,5048
2631,2661,2646,-30,5292
2352,2572,2462,-220,4924
2405,2517,2461,-112,4922
2459,2523,2491,-64,4982
2506,2599,2552,-93,5105
2611,2771,2691,-160,5382
2550,2449,2499,101,4999
2526,2405,2465,121,4931
2741,2668,2704,73,5409
2688,2581,2634,107,5269
2640,2292,2466,348,4932
2542,2743,2642,-201,5285
2559,2646,2602,-87,5205
2705,2508,2606,197,5213
2515,2440,2477,75,4955
2617,2675,2646,-58,5292
2365,2689,2527,-324,5054
2465,2616,2540,-151,5081
2608,2540,2574,68,5148
2428,2566,2497,-138,4994
2529,2416,2472,113,4945
2513,2419,2466,94,4932
2692,2689,2690,3,5381
2688,2562,2625,126,5250
2614,2815,2714,-201,5429
2512,2558,2535,-46,5070
2425,2536,2480,-111,4961
2685,2734,2709,-49,5419
2775,2707,2741,68,5482
2412,2592,2502,-180,5004
2700,2644,2672,56,5344
2446,2575,2510,-129,5021
2637,2722,2679,-85,5359
2784,2760,2772,24,5544
2627,2662,2644,-35,5289
2513,2644,2578,-131,5157
2347,2644,2495,-297,4991
2769,2738,2753,31,5507
2379,2698,2538,-319,5077
2427,2567,2497,-140,4994
2540,2667,2603,-127,5207
2484,2503,2493,-19,4987
2614,2455,2534,159,5069
2631,2502,2566,129,5133
2505,2633,2569,-128,5138
2565,2446,2505,119,5011
2497,2616,2556,-119,5113
2675,2511,2593,164,5186
2694,2438,2566,256,5132
2536,2398,2467,138,4934
2594,2491,2542,103,5085
2706,2676,2691,30,5382
2619,2680,2649,-61,5299
2636,2629,2632,7,5265
2384,2577,2480,-193,4961
2638,2706,2672,-68,5344
2787,2766,2776,21,5553
2637,2494,2565,143,5131
2536,2421,2478,115,4957
2445,2544,2494,-99,4989
2532,2445,2488,87,4977
2361,2636,2498,-275,4997
2408,2501,2454,-93,4909
2528,2419,2473,109,4947
2539,2556,2547,-17,5095
2613,2369,2491,244,4982
2565,2635,2600,-70,5200
2437,2562,2499,-125,4999
2457,2505,2481,-48,4962
2390,2646,2518,-256,5036
2513,2414,2463,99,4927
2599,2678,2638,-79,5277
2707,2544,2625,163,5251
2682,2706,2694,-24,5388
2368,2610,2489,-242,4978
2448,2607,2527,-159,5055
2629,2446,2537,183,5075
2611,2582,2596,29,5193
2375,2582,2478,-207,4957
2336,2590,2463,-254,4926
2273,2649,2461,-376,4922
2491,2708,2599,-217,5199
2767,2793,2780,-26,5560
2550,2393,2471,157,4943
2494,2421,2457,73,4915
2461,2441,2451,20,4902
2791,2713,2752,78,5504
2554,2677,2615,-123,5231
2374,2572,2473,-198,4946
2496,2613,2554,-117,5109
2616,2570,2593,46,5186
2581,2491,2536,90,5072
2628,2757,2692,-129,5385
2543,2598,2570,-55,5141
2507,2514,2510,-7,5021
2661,2513,2587,148,5174
2607,2474,2540,133,5081
2367,2541,2454,-174,4908
2529,2427,2478,102,4956
2567,2619,2593,-52,5186
2484,2432,2458,52,4916
2664,2531,2597,133,5195
2552,2415,2483,137,4967
2435,2627,2531,-192,5062
2596,2382,2489,214,4978
2595,2570,2582,25,5165
2404,2537,2470,-133,4941
2565,2446,2505,119,5011
2554,2453,2503,101,5007
2572,2471,2521,101,5043
2624,2301,2462,323,4925
2556,2485,2520,71,5041
2539,2381,2460,158,4920
2653,2455,2554,198,5108
2688,2664,2676,24,5352
2626,2576,2601,50,5202
2541,2613,2577,-72,5154
2711,2503,2607,208,5214
2722,2477,2599,245,5199
2560,2364,2462,196,4924
2556,2412,2484,144,4968
2720,2861,2790,-141,5581
2345,2598,2471,-253,4943
2617,2453,2535,164,5070
2533,2590,2561,-57,5123
2659,2572,2615,87,5231
2707,2584,2645,123,5291
2385,2638,2511,-253,5023
2396,2547,2471,-151,4943
2520,2737,2628,-217,5257
2488,2710,2599,-222,5198
2378,2601,2489,-223,4979
2527,2653,2590,-126,5180
2466,2556,2511,-90,5022
2484,2490,2487,-6,4974
2493,2452,2472,41,4945
2534,2475,2504,59,5009
2423,2547,2485,-124,4970
2340,2618,2479,-278,4958
2408,2563,2485,-155,4971
2551,2535,2543,16,5086
2644,2546,2595,98,5190
2632,2635,2633,-3,5267
2492,2494,2493,-2,4986
2422,2634,2528,-212,5056
2559,2595,2577,-36,5154
2628,2454,2541,174,5082
2529,2541,2535,-12,5070
2607,2454,2530,153,5061
2741,2683,2712,58,5424
2579,2437,2508,142,5016
2494,2607,2550,-113,5101
2712,2616,2664,96,5328
2532,2431,2481,101,4963
2349,2562,2455,-213,4911
2676,2702,2689,-26,5378
2631,2628,2629,3,5259
2441,2650,2545,-209,5091
2555,2449,2502,106,5004
2536,2477,2506,59,5013
2539,2458,2498,81,4997
2573,2507,2540,66,5080
2553,2557,2555,-4,5110
2638,2556,2597,82,5194
2582,2372,2477,210,4954
2723,2653,2688,70,5376
2595,2577,2586,18,5172
2620,2688,2654,-68,5308
2635,2549,2592,86,5184
2601,2599,2600,2,5200
2476,2499,2487,-23,4975
2678,2646,2662,32,5324
2564,2417,2490,147,4981
2495,2422,2458,73,4917
2584,2333,2458,251,4917
2572,2435,2503,137,5007
2552,2665,2608,-113,5217
2519,2646,2582,-127,5165
2680,2627,2653,53,5307
2567,2531,2549,36,5098
2374,2566,2470,-192,4940
2538,2697,2617,-159,5235
2560,2528,2544,32,5088
2344,2580,2462,-236,4924
2535,2634,2584,-99,5169
2589,2650,2619,-61,5239
2479,2556,2517,-77,5035
2473,2578,2525,-105,5051
2580,2450,2515,130,5030
2610,2565,2587,45,5175
2648,2558,2603,90,5206
2396,2534,2465,-138,4930
2775,2748,2761,27,5523
2726,2623,2674,103,5349
2566,2533,2549,33,5099
2526,2401,2463,125,4927
2569,2430,2499,139,4999
2564,2450,2507,114,5014
2702,2664,2683,38,5366
2634,2402,2518,232,5036
2422,2498,2460,-76,4920
2615,2466,2540,149,5081
2649,2358,2503,291,5007
2378,2611,2494,-233,4989
2508,2407,2457,101,4915
2389,2619,2504,-230,5008
2409,2500,2454,-91,4909
2404,2556,2480,-152,4960
2723,2727,2725,-4,5450
2588,2614,2601,-26,5202
2526,2625,2575,-99,5151
2510,2526,2518,-16,5036
2483,2428,2455,55,4911
2572,2343,2457,229,4915
2668,2553,2610,115,5221
2541,2461,2501,80,5002
2717,2663,2690,54,5380
2510,2547,2528,-37,5057
2561,2562,2561,-1,5123
2586,2484,2535,102,5070
2614,2600,2607,14,5214
2436,2580,2508,-144,5016
2475,2544,2509,-69,5019
2709,2753,2731,-44,5462
2441,2639,2540,-198,5080
2397,2541,2469,-144,4938
2656,2631,2643,25,5287
2373,2598,2485,-225,4971
2529,2557,2543,-28,5086
2709,2632,2670,77,5341
2760,2711,2735,49,5471
2707,2530,2618,177,5237
2520,2519,2519,1,5039
2505,2533,2519,-28,5038
2551,2688,2619,-137,5239
2599,2450,2524,149,5049
2412,2530,2471,-118,4942
2574,2530,2552,44,5104
2529,2585,2557,-56,5114
2515,2511,2513,4,5026
2597,2390,2493,207,4987
2378,2582,2480,-204,4960
2763,2726,2744,37,5489
2270,2680,2475,-410,4950
2734,2691,2712,43,5425
2618,2626,2622,-8,5244
2648,2657,2652,-9,5305
2651,2706,2678,-55,5357
2536,2500,2518,36,5036
2579,2472,2525,107,5051
2498,2521,2509,-23,5019
2638,2601,2619,37,5239
2431,2567,2499,-136,4998
2651,2366,2508,285,5017
2624,2478,2551,146,5102
2614,2606,2610,8,5220
2549,2669,2609,-120,5218
2475,2603,2539,-128,5078
2607,2536,2571,71,5143
2565,2458,2511,107,5023
2788,2644,2716,144,5432
2539,2554,2546,-15,5093
2507,2503,2505,4,5010
2505,2548,2526,-43,5053
2633,2590,2611,43,5223
2494,2423,2458,71,4917
2648,2463,2555,185,5111
2580,2655,2617,-75,5235
2588,2463,2525,125,5051
2557,2597,2577,-40,5154
2556,2546,2551,10,5102
2608,2570,2589,38,5178
2702,2706,2704,-4,5408
2674,2666,2670,8,5340
2628,2679,2653,-51,5307
2430,2513,2471,-83,4943
2793,2744,2768,49,5537
2458,2547,2502,-89,5005
2440,2714,2577,-274,5154
2469,2564,2516,-95,5033
2551,2595,2573,-44,5146
2429,2532,2480,-103,4961
2482,2437,2459,45,4919
2610,2491,2550,119,5101
2567,2518,2542,49,5085
2518,2406,2462,112,4924
2572,2406,2489,166,4978
2503,2635,2569,-132,5138
2436,2469,2452,-33,4905
2413,2556,2484,-143,4969
2481,2586,2533,-105,5067
2641,2547,2594,94,5188
2705,2465,2585,240,5170
2637,2722,2679,-85,5359
2597,2413,2505,184,5010
2676,2505,2590,171,5181
2253,2655,2454,-402,4908
2589,2633,2611,-44,5222
2568,2410,2489,158,4978
2419,2484,2451,-65,4903
2332,2680,2506,-348,5012
2434,2550,2492,-116,4984
2784,2803,2793,-19,5587
2557,2708,2632,-151,5265
2478,2596,2537,-118,5074
2470,2531,2500,-61,5001
2682,2455,2568,227,5137
2402,2582,2492,-180,4984
2667,2603,2635,64,5270
2683,2550,2616,133,5233
2702,2377,2539,325,5079
2680,2543,2611,137,5223
2388,2669,2528,-281,5057
2589,2526,2557,63,5115
2609,2562,2585,47,5171
2560,2602,2581,-42,5162
2567,2353,2460,214,4920
2418,2526,2472,-108,4944
2683,2708,2695,-25,5391
2441,2502,2471,-61,4943
2665,2457,2561,208,5122
2517,2389,2453,128,4906
2408,2534,2471,-126,4942
2530,2407,2468,123,4937
2469,2805,2637,-336,5274
2498,2548,2523,-50,5046
2568,2449,2508,119,5017
2590,2708,2649,-118,5298
2644,2591,2617,53,5235
2453,2569,2511,-116,5022
2393,2561,2477,-168,4954
2507,2577,2542,-70,5084
2423,2539,2481,-116,4962
2666,2687,2676,-21,5353
2693,2717,2705,-24,5410
2282,2725,2503,-443,5007
2602,2495,2548,107,5097
2579,2618,2598,-39,5197
2663,2467,2565,196,5130
2503,2498,2500,5,5001
2483,2469,2476,14,4952
2552,2691,2621,-139,5243
2724,2602,2663,122,5326
2597,2545,2571,52,5142
2502,2604,2553,-102,5106
2639,2663,2651,-24,5302
2557,2584,2570,-27,5141
2586,2470,2528,116,5056
2739,2619,2679,120,5358
2296,2616,2456,-320,4912
2271,2635,2453,-364,4906
2380,2570,2475,-190,4950
2404,2593,2498,-189,4997
2651,2680,2665,-29,5331
2447,2623,2535,-176,5070
2672,2475,2573,197,5147
2435,2530,2482,-95,4965
2468,2569,2518,-101,5037
2378,2636,2507,-258,5014
2434,2556,2495,-122,4990
2637,2580,2608,57,5217
2577,2758,2667,-181,5335
2730,2544,2637,186,5274
2705,2616,2660,89,5321
2257,2680,2468,-423,4937
2655,2499,2577,156,5154
2527,2427,2477,100,4954
2422,2535,2478,-113,4957
2577,2365,2471,212,4942
2641,2315,2478,326,4956
2521,2585,2553,-64,5106
2431,2516,2473,-85,4947
2441,2512,2476,-71,4953
2723,2553,2638,170,5276
2544,2613,2578,-69,5157
2573,2633,2603,-60,5206
2605,2375,2490,230,4980
2592,2325,2458,267,4917
2486,2427,2456,59,4913
2501,2568,2534,-67,5069
2550,2567,2558,-17,5117
2474,2528,2501,-54,5002
2611,2450,2530,161,5061
2560,2375,2467,185,4935
2707,2635,2671,72,5342
2500,2531,2515,-31,5031
2404,2519,2461,-115,4923
2573,2464,2518,109,5037
2541,2503,2522,38,5044
2538,2449,2493,89,4987
2837,2763,2800,74,5600
2476,2524,2500,-48,5000
2399,2571,2485,-172,4970
2653,2762,2707,-109,5415
2626,2567,2596,59,5193
2465,2552,2508,-87,5017
2494,2660,2577,-166,5154
2698,2670,2684,28,5368
2692,2641,2666,51,5333
2737,2762,2749,-25,5499
2388,2613,2500,-225,5001
2478,2557,2517,-79,5035
2637,2622,2629,15,5259
2664,2671,2667,-7,5335
2523,2579,2551,-56,5102
2603,2442,2522,161,5045
2564,2631,2597,-67,5195
2699,2538,2618,161,5237
2393,2529,2461,-136,4922
2432,2506,2469,-74,4938
2624,2663,2643,-39,5287
2723,2586,2654,137,5309
2483,2564,2523,-81,5047
2785,2724,2754,61,5509
2371,2540,2455,-169,4911
2585,2389,2487,196,4974
2557,2655,2606,-98,5212
2490,2543,2516,-53,5033
2561,2461,2511,100,5022
2679,2622,2650,57,5301
2503,2417,2460,86,4920
2707,2493,2600,214,5200
2584,2682,2633,-98,5266
2617,2679,2648,-62,5296
2527,2543,2535,-16,5070
2429,2523,2476,-94,4952
2485,2713,2599,-228,5198
2598,2375,2486,223,4973
2503,2409,2456,94,4912
2556,2724,2640,-168,5280
2633,2359,2496,274,4992
2559,2427,2493,132,4986
2445,2509,2477,-64,4954
2345,2564,2454,-219,4909
2632,2446,2539,186,5078
2613,2564,2588,49,5177
2534,2552,2543,-18,5086
2772,2567,2669,205,5339
2544,2463,2503,81,5007
2610,2657,2633,-47,5267
2625,2571,2598,54,5196
2564,2416,2490,148,4980
2622,2297,2459,325,4919
2457,2463,2460,-6,4920
2507,2640,2573,-133,5147
2672,2734,2703,-62,5406
2441,2564,2502,-123,5005
2754,2582,2668,172,5336
2546,2614,2580,-68,5160
2550,2524,2537,26,5074
2749,2607,2678,142,5356
2474,2471,2472,3,4945
2538,2547,2542,-9,5085
2387,2716,2551,-329,5103
2752,2773,2762,-21,5525
2414,2546,2480,-132,4960
2757,2578,2667,179,5335
2486,2482,2484,4,4968
2453,2550,2501,-97,5003
2482,2535,2508,-53,5017
2420,2638,2529,-218,5058
2663,2569,2616,94,5232
2506,2717,2611,-211,5223
2625,2416,2520,209,5041
2686,2344,2515,342,5030
2601,2350,2475,251,4951
2660,2633,2646,27,5293
2632,2730,2681,-98,5362
2412,2520,2466,-108,4932
2586,2659,2622,-73,5245
2362,2562,2462,-200,4924
2613,2664,2638,-51,5277
2468,2437,2452,31,4905
2603,2405,2504,198,5008
2580,2466,2523,114,5046
2700,2497,2598,203,5197
2588,2667,2627,-79,5255
2476,2587,2531,-111,5063
2396,2513,2454,-117,4909
2717,2712,2714,5,5429
2599,2391,2495,208,4990
2471,2643,2557,-172,5114
2444,2574,2509,-130,5018
2669,2572,2620,97,5241
2352,2642,2497,-290,4994
2582,2455,2518,127,5037
2766,2717,2741,49,5483
2399,2570,2484,-171,4969
2570,2619,2594,-49,5189
2427,2554,2490,-127,4981
2562,2496,2529,66,5058
2648,2360,2504,288,5008
2530,2437,2483,93,4967
2712,2384,2548,328,5096
2599,2616,2607,-17,5215
2388,2654,2521,-266,5042
2587,2442,2514,145,5029
2624,2489,2556,135,5113
2403,2521,2462,-118,4924
2594,2707,2650,-113,5301
2608,2485,2546,123,5093
2532,2412,2472,120,4944
2430,2499,2464,-69,4929
2428,2713,2570,-285,5141
2655,2735,2695,-80,5390
2381,2571,2476,-190,4952
2749,2546,2647,203,5295
2713,2636,2674,77,5349
2523,2556,2539,-33,5079
2655,2645,2650,10,5300
2568,2631,2599,-63,5199
2625,2621,2623,4,5246
2588,2686,2637,-98,5274
2552,2550,2551,2,5102
2656,2572,2614,84,5228
2803,2734,2768,69,5537
2764,2740,2752,24,5504
2660,2680,2670,-20,5340
2521,2455,2488,66,4976
2562,2577,2569,-15,5139
2571,2501,2536,70,5072
2636,2525,2580,111,5161
2420,2504,2462,-84,4924
2481,2541,2511,-60,5022
2576,2597,2586,-21,5173
2691,2689,2690,2,5380
2390,2563,2476,-173,4953
2627,2462,2544,165,5089
2425,2576,2500,-151,5001
2329,2696,2512,-367,5025
2730,2792,2761,-62,5522
2642,2561,2601,81,5203
2670,2571,2620,99,5241
2505,2625,2565,-120,5130
2520,2506,2513,14,5026
2433,2552,2492,-119,4985
2510,2568,2539,-58,5078
2419,2554,2486,-135,4973
2651,2558,2604,93,5209
2539,2448,2493,91,4987
2577,2569,2573,8,5146
2340,2591,2465,-251,4931
2515,2470,2492,45,4985
2523,2635,2579,-112,5158
2454,2544,2499,-90,4998
2603,2422,2512,181,5025
2542,2491,2516,51,5033
2707,2659,2683,48,5366
2430,2538,2484,-108,4968
2442,2663,2552,-221,5105
2727,2567,2647,160,5294
2533,2373,2453,160,4906
2700,2637,2668,63,5337
2508,2513,2510,-5,5021
2279,2636,2457,-357,4915
2529,2602,2565,-73,5131
2639,2678,2658,-39,5317
2609,2683,2646,-74,5292
2676,2619,2647,57,5295
2581,2467,2524,114,5048
2600,2327,2463,273,4927
2509,2614,2561,-105,5123
2489,2501,2495,-12,4990
2771,2881,2826,-110,5652
2655,2645,2650,10,5300
2507,2650,2578,-143,5157
2556,2518,2537,38,5074
2632,2474,2553,158,5106
2537,2417,2477,120,4954
2393,2560,2476,-167,4953
2616,2625,2620,-9,5241
2488,2567,2527,-79,5055
2432,2533,2482,-101,4965
2568,2652,2610,-84,5220
2338,2564,2451,-226,4902
2484,2481,2482,3,4965
2619,2481,2550,138,5100
2511,2391,2451,120,4902
2600,2655,2627,-55,5255
2475,2502,2488,-27,4977
2452,2475,2463,-23,4927
2594,2335,2464,259,4929
2606,2322,2464,284,4928
2639,2715,2677,-76,5354
2597,2606,2601,-9,5203
2488,2569,2528,-81,5057
2512,2447,2479,65,4959
2663,2683,2673,-20,5346
2485,2629,2557,-144,5114
2490,2686,2588,-196,5176
2379,2542,2460,-163,4921
2507,2461,2484,46,4968
2493,2625,2559,-132,5118
2662,2509,2585,153,5171
2659,2554,2606,105,5213
2764,2815,2789,-51,5579
2486,2542,2514,-56,5028
2700,2703,2701,-3,5403
2643,2591,2617,52,5234
2647,2667,2657,-20,5314
2530,2491,2510,39,5021
2284,2623,2453,-339,4907
2643,2558,2600,85,5201
2495,2529,2512,-34,5024
2499,2554,2526,-55,5053
2417,2594,2505,-177,5011
2345,2664,2504,-319,5009
2551,2696,2623,-145,5247
2492,2563,2527,-71,5055
2525,2615,2570,-90,5140
2566,2705,2635,-139,5271
2569,2447,2508,122,5016
2613,2363,2488,250,4976
2449,2559,2504,-110,5008
2319,2684,2501,-365,5003
2731,2731,2731,0,5462
2674,2584,2629,90,5258
2607,2516,2561,91,5123
2382,2549,2465,-167,4931
2602,2353,2477,249,4955
2415,2538,2476,-123,4953
2409,2546,2477,-137,4955
2511,2705,2608,-194,5216
2783,2706,2744,77,5489
2641,2675,2658,-34,5316
2479,2670,2574,-191,5149
2388,2661,2524,-273,5049
2570,2581,2575,-11,5151
2460,2457,2458,3,4917
2544,2635,2589,-91,5179
2677,2526,2601,151,5203
2646,2495,2570,151,5141
2696,2568,2632,128,5264
2556,2404,2480,152,4960
2682,2575,2628,107,5257
2476,2597,2536,-121,5073
2631,2694,2662,-63,5325
2793,2699,2746,94,5492
2577,2501,2539,76,5078
2428,2478,2453,-50,4906
2489,2507,2498,-18,4996
2567,2720,2643,-153,5287
2538,2522,2530,16,5060
2595,2339,2467,256,4934
2556,2642,2599,-86,5198
2484,2559,2521,-75,5043
2630,2559,2594,71,5189
2451,2586,2518,-135,5037
2469,2651,2560,-182,5120
2473,2479,2476,-6,4952
2512,2440,2476,72,4952
2547,2513,2530,34,5060
2657,2473,2565,184,5130
2562,2697,2629,-135,5259
2581,2396,2488,185,4977
2520,2437,2478,83,4957
2387,2602,2494,-215,4989
2370,2544,2457,-174,4914
2555,2412,2483,143,4967
2327,2580,2453,-253,4907
2406,2564,2485,-158,4970
2405,2549,2477,-144,4954
2507,2571,2539,-64,5078
2497,2592,2544,-95,5089
2467,2606,2536,-139,5073
2609,2660,2634,-51,5269
2539,2653,2596,-114,5192
2535,2696,2615,-161,5231
2536,2616,2576,-80,5152
2362,2578,2470,-216,4940
2607,2720,2663,-113,5327
2534,2605,2569,-71,5139
2370,2655,2512,-285,5025
2482,2466,2474,16,4948
2637,2554,2595,83,5191
2369,2593,2481,-224,4962
2636,2479,2557,157,5115
2580,2621,2600,-41,5201
2497,2484,2490,13,4981
2491,2659,2575,-168,5150
2713,2695,2704,18,5408
2467,2619,2543,-152,5086
2494,2446,2470,48,4940
2547,2501,2524,46,5048
2746,2702,2724,44,5448
2550,2507,2528,43,5057
2639,2706,2672,-67,5345
2437,2488,2462,-51,4925
2448,2563,2505,-115,5011
2626,2647,2636,-21,5273
2809,2801,2805,8,5610
2514,2389,2451,125,4903
2606,2651,2628,-45,5257
2418,2600,2509,-182,5018
2742,2637,2689,105,5379
2654,2634,2644,20,5288
2594,2632,2613,-38,5226
2428,2563,2495,-135,4991
2577,2596,2586,-19,5173
2490,2448,2469,42,4938
2581,2361,2471,220,4942
2693,2691,2692,2,5384
2549,2645,2597,-96,5194
2541,2481,2511,60,5022
2517,2551,2534,-34,5068
2492,2526,2509,-34,5018
2864,2616,2740,248,5480
2732,2738,2735,-6,5470
2565,2409,2487,156,4974
2454,2605,2529,-151,5059
2454,2693,2573,-239,5147
2706,2702,2704,4,5408
2612,2454,2533,158,5066
2598,2417,2507,181,5015
2355,2554,2454,-199,4909
2713,2803,2758,-90,5516
2526,2413,2469,113,4939
2576,2563,2569,13,5139
2501,2594,2547,-93,5095
2661,2556,2608,105,5217
2448,2466,2457,-18,4914
2703,2646,2674,57,5349
2496,2478,2487,18,4974
2667,2426,2546,241,5093
2405,2693,2549,-288,5098
2376,2553,2464,-177,4929
2403,2539,2471,-136,4942
2591,2363,2477,228,4954
2370,2557,2463,-187,4927
2325,2619,2472,-294,4944
2555,2591,2573,-36,5146
2559,2367,2463,192,4926
2393,2605,2499,-212,4998
2489,2434,2461,55,4923
2592,2447,2519,145,5039
2572,2621,2596,-49,5193
2560,2540,2550,20,5100
2616,2506,2561,110,5122
2434,2569,2501,-135,5003
2555,2613,2584,-58,5168
2489,2508,2498,-19,4997
2659,2602,2630,57,5261
2518,2473,2495,45,4991
2481,2442,2461,39,4923
2450,2493,2471,-43,4943
2423,2547,2485,-124,4970
2619,2484,2551,135,5103
2615,2554,2584,61,5169
2418,2580,2499,-162,4998
2363,2609,2486,-246,4972
2397,2591,2494,-194,4988
2525,2527,2526,-2,5052
2754,2703,2728,51,5457
2635,2546,2590,89,5181
2570,2457,2513,113,5027
2586,2512,2549,74,5098
2490,2556,2523,-66,5046
2619,2622,2620,-3,5241
2431,2510,2470,-79,4941
2415,2638,2526,-223,5053
2524,2643,2583,-119,5167
2577,2539,2558,38,5116
2592,2370,2481,222,4962
2687,2574,2630,113,5261
2367,2665,2516,-298,5032
2494,2449,2471,45,4943
2492,2436,2464,56,4928
2505,2511,2508,-6,5016
2400,2646,2523,-246,5046
2479,2686,2582,-207,5165
2568,2514,2541,54,5082
2535,2386,2460,149,4921
2546,2497,2521,49,5043
2565,2603,2584,-38,5168
2699,2719,2709,-20,5418
2407,2629,2518,-222,5036
2700,2600,2650,100,5300
2522,2422,2472,100,4944
2627,2374,2500,253,5001
2567,2491,2529,76,5058
2467,2476,2471,-9,4943
2688,2693,2690,-5,5381
2484,2723,2603,-239,5207
2474,2702,2588,-228,5176
2522,2643,2582,-121,5165
2801,2877,2839,-76,5678
2426,2621,2523,-195,5047
2398,2560,2479,-162,4958
2450,2497,2473,-47,4947
2605,2354,2479,251,4959
2451,2565,2508,-114,5016
2610,2451,2530,159,5061
2696,2490,2593,206,5186
2500,2454,2477,46,4954
2648,2529,2588,119,5177
2490,2603,2546,-113,5093
2372,2552,2462,-180,4924
2591,2462,2526,129,5053
2686,2725,2705,-39,5411
2472,2482,2477,-10,4954
2400,2591,2495,-191,4991
2616,2593,2604,23,5209
2635,2480,2557,155,5115
2757,2709,2733,48,5466
2470,2645,2557,-175,5115
2611,2522,2566,89,5133
2720,2801,2760,-81,5521
2543,2447,2495,96,4990
2459,2468,2463,-9,4927
2452,2555,2503,-103,5007
2622,2540,2581,82,5162
2693,2779,2736,-86,5472
2531,2532,2531,-1,5063
2637,2618,2627,19,5255
2628,2299,2463,329,4927
2646,2650,2648,-4,5296
2455,2552,2503,-97,5007
2695,2548,2621,147,5243
2708,2687,2697,21,5395
2671,2647,2659,24,5318
2389,2639,2514,-250,5028
2721,2721,2721,0,5442
2515,2589,2552,-74,5104
2699,2714,2706,-15,5413
2657,2622,2639,35,5279
2433,2489,2461,-56,4922
2671,2554,2612,117,5225
2468,2481,2474,-13,4949
2412,2600,2506,-188,5012
2719,2789,2754,-70,5508
2700,2679,2689,21,5379
2654,2577,2615,77,5231
2594,2537,2565,57,5131
2474,2554,2514,-80,5028
2564,2345,2454,219,4909
2620,2655,2637,-35,5275
2618,2538,2578,80,5156
2524,2404,2464,120,4928
2511,2440,2475,71,4951
2487,2734,2610,-247,5221
2463,2537,2500,-74,5000
2638,2498,2568,140,5136
2391,2557,2474,-166,4948
2583,2439,2511,144,5022
2602,2564,2583,38,5166
2619,2317,2468,302,4936
2547,2638,2592,-91,5185
2637,2376,2506,261,5013
2475,2637,2556,-162,5112
2512,2408,2460,104,4920
2548,2467,2507,81,5015
2708,2608,2658,100,5316
2523,2578,2550,-55,5101
2690,2694,2692,-4,5384
2654,2555,2604,99,5209
2374,2612,2493,-238,4986
2404,2520,2462,-116,4924
2548,2380,2464,168,4928
2529,2651,2590,-122,5180
2642,2687,2664,-45,5329
2546,2380,2463,166,4926
2621,2401,2511,220,5022
2650,2659,2654,-9,5309
2505,2629,2567,-124,5134
2567,2714,2640,-147,5281
2743,2651,2697,92,5394
2459,2511,2485,-52,4970
2602,2574,2588,28,5176
2378,2538,2458,-160,4916
2742,2446,2594,296,5188
2468,2478,2473,-10,4946
2683,2416,2549,267,5099
2709,2784,2746,-75,5493
2688,2608,2648,80,5296
2506,2450,2478,56,4956
2383,2635,2509,-252,5018
2758,2764,2761,-6,5522
2555,2637,2596,-82,5192
2566,2526,2546,40,5092
2527,2704,2615,-177,5231
2391,2530,2460,-139,4921
2423,2570,2496,-147,4993
2550,2450,2500,100,5000
2540,2432,2486,108,4972
2492,2602,2547,-110,5094
2620,2442,2531,178,5062
2583,2348,2465,235,4931
2530,2666,2598,-136,5196
2558,2704,2631,-146,5262
2672,2665,2668,7,5337
2696,2673,2684,23,5369
2569,2397,2483,172,4966
2613,2513,2563,100,5126
2644,2717,2680,-73,5361
2645,2507,2576,138,5152
2543,2615,2579,-72,5158
2564,2477,2520,87,5041
2732,2736,2734,-4,5468
2438,2529,2483,-91,4967
2549,2390,2469,159,4939
2786,2762,2774,24,5548
2596,2452,2524,144,5048
2425,2564,2494,-139,4989
2529,2592,2560,-63,5121
2648,2428,2538,220,5076
2734,2454,2594,280,5188
2711,2406,2558,305,5117
2675,2468,2571,207,5143
2741,2775,2758,-34,5516
2512,2504,2508,8,5016
2550,2688,2619,-138,5238
2602,2363,2482,239,4965
2628,2792,2710,-164,5420
2379,2572,2475,-193,4951
2523,2744,2633,-221,5267
2727,2705,2716,22,5432
2569,2684,2626,-115,5253
2468,2648,2558,-180,5116
2488,2576,2532,-88,5064
2540,2417,2478,123,4957
2473,2431,2452,42,4904
2717,2608,2662,109,5325
2527,2629,2578,-102,5156
2667,2687,2677,-20,5354
2610,2507,2558,103,5117
2615,2478,2546,137,5093
2613,2379,2496,234,4992
2713,2656,2684,57,5369
2483,2423,2453,60,4906
2471,2556,2513,-85,5027
2399,2514,2456,-115,4913
2652,2816,2734,-164,5468
2644,2321,2482,323,4965
2526,2607,2566,-81,5133
2706,2575,2640,131,5281
2547,2475,2511,72,5022
2555,2508,2531,47,5063
2465,2786,2625,-321,5251
2468,2445,2456,23,4913
2763,2767,2765,-4,5530
2395,2601,2498,-206,4996
2414,2522,2468,-108,4936
2432,2541,2486,-109,4973
2638,2478,2558,160,5116
2567,2507,2537,60,5074
2630,2516,2573,114,5146
2688,2727,2707,-39,5415
2556,2369,2462,187,4925
2700,2753,2726,-53,5453
2578,2562,2570,16,5140
2712,2251,2481,461,4963
2642,2581,2611,61,5223
2456,2521,2488,-65,4977
2556,2405,2480,151,4961
2705,2727,2716,-22,5432
2570,2541,2555,29,5111
2616,2389,2502,227,5005
2667,2432,2549,235,5099
2400,2624,2512,-224,5024
2525,2568,2546,-43,5093
2557,2556,2556,1,5113
2457,2577,2517,-120,5034
2685,2438,2561,247,5123
2772,2648,2710,124,5420
2540,2566,2553,-26,5106
2639,2741,2690,-102,5380
2684,2602,2643,82,5286
2480,2621,2550,-141,5101
2547,2455,2501,92,5002
2590,2422,2506,168,5012
2721,2731,2726,-10,5452
2566,2404,2485,162,4970
2557,2538,2547,19,5095
2527,2560,2543,-33,5087
2417,2555,2486,-138,4972
2635,2419,2527,216,5054
2570,2392,2481,178,4962
2775,2551,2663,224,5326
2490,2418,2454,72,4908
2485,2423,2454,62,4908
2785,2589,2687,196,5374
2757,2780,2768,-23,5537
2580,2414,2497,166,4994
2395,2609,2502,-214,5004
2697,2565,2631,132,5262
2620,2567,2593,53,5187
2630,2272,2451,358,4902
2533,2603,2568,-70,5136
2447,2486,2466,-39,4933
2623,2630,2626,-7,5253
2649,2529,2589,120,5178
2605,2752,2678,-147,5357
2444,2559,2501,-115,5003
2520,2631,2575,-111,5151
2578,2607,2592,-29,5185
2394,2557,2475,-163,4951
2642,2646,2644,-4,5288
2508,2554,2531,-46,5062
2368,2577,2472,-209,4945
2364,2546,2455,-182,4910
2593,2447,2520,146,5040
2723,2622,2672,101,5345
2629,2319,2474,310,4948
2656,2368,2512,288,5024
2467,2557,2512,-90,5024
2580,2457,2518,123,5037
2542,2486,2514,56,5028
2329,2659,2494,-330,4988
2545,2556,2550,-11,5101
2497,2503,2500,-6,5000
2437,2681,2559,-244,5118
2516,2625,2570,-109,5141
2526,2514,2520,12,5040
2369,2584,2476,-215,4953
2743,2621,2682,122,5364
2543,2454,2498,89,4997
2395,2622,2508,-227,5017
2402,2513,2457,-111,4915
2612,2608,2610,4,5220
2580,2468,2524,112,5048
2662,2549,2605,113,5211
2588,2626,2607,-38,5214
2458,2471,2464,-13,4929
2580,2339,2459,241,4919
2541,2631,2586,-90,5172
2684,2473,2578,211,5157
2459,2643,2551,-184,5102
2653,2622,2637,31,5275
2455,2608,2531,-153,5063
2517,2389,2453,128,4906
2693,2428,2560,265,5121
2562,2428,2495,134,4990
2543,2482,2512,61,5025
2361,2614,2487,-253,4975
2559,2518,2538,41,5077
2639,2431,2535,208,5070
2638,2678,2658,-40,5316
2404,2575,2489,-171,4979
2589,2402,2495,187,4991
2496,2546,2521,-50,5042
2573,2509,2541,64,5082
2536,2421,2478,115,4957
2387,2601,2494,-214,4988
2663,2554,2608,109,5217
2591,2475,2533,116,5066
2482,2616,2549,-134,5098
2526,2582,2554,-56,5108
2572,2449,2510,123,5021
2384,2525,2454,-141,4909
2683,2445,2564,238,5128
2559,2370,2464,189,4929
2707,2494,2600,213,5201
2501,2666,2583,-165,5167
2559,2420,2489,139,4979
2616,2531,2573,85,5147
2547,2448,2497,99,4995
2668,2585,2626,83,5253
2559,2650,2604,-91,5209
2506,2656,2581,-150,5162
2547,2669,2608,-122,5216
2691,2552,2621,139,5243
2398,2537,2467,-139,4935
2617,2442,2529,175,5059
2648,2311,2479,337,4959
2541,2615,2578,-74,5156
2488,2562,2525,-74,5050
2622,2414,2518,208,5036
2546,2644,2595,-98,5190
2772,2709,2740,63,5481
2497,2668,2582,-171,5165
2644,2315,2479,329,4959
2394,2563,2478,-169,4957
2586,2591,2588,-5,5177
2414,2567,2490,-153,4981
2632,2588,2610,44,5220
2397,2529,2463,-132,4926
2610,2544,2577,66,5154
2579,2734,2656,-155,5313
2417,2589,2503,-172,5006
2459,2463,2461,-4,4922
2471,2584,2527,-113,5055
2537,2437,2487,100,4974
2530,2448,2489,82,4978
2569,2539,2554,30,5108
2680,2752,2716,-72,5432
2434,2475,2454,-41,4909
2569,2386,2477,183,4955
2432,2509,2470,-77,4941
2436,2670,2553,-234,5106
2415,2587,2501,-172,5002
2461,2516,2488,-55,4977
2622,2308,2465,314,4930
2653,2477,2565,176,5130
2634,2455,2544,179,5089
2674,2510,2592,164,5184
2514,2544,2529,-30,5058
2645,2468,2556,177,5113
2726,2749,2737,-23,5475
2593,2420,2506,173,5013
2593,2486,2539,107,5079
2615,2502,2558,113,5117
2672,2678,2675,-6,5350
2546,2613,2579,-67,5159
2489,2706,2597,-217,5195
2277,2730,2503,-453,5007
2631,2408,2519,223,5039
2538,2380,2459,158,4918
2655,2547,2601,108,5202
2559,2402,2480,157,4961
2410,2549,2479,-139,4959
2377,2542,2459,-165,4919
2385,2705,2545,-320,5090
2449,2512,2480,-63,4961
2709,2480,2594,229,5189
2554,2441,2497,113,4995
2680,2623,2651,57,5303
2509,2566,2537,-57,5075
2628,2427,2527,201,5055
2446,2501,2473,-55,4947
2645,2343,2494,302,4988
2490,2604,2547,-114,5094
2792,2881,2836,-89,5673
2636,2398,2517,238,5034
2302,2638,2470,-336,4940
2611,2417,2514,194,5028
2392,2690,2541,-298,5082
2487,2596,2541,-109,5083
2620,2438,2529,182,5058
2628,2503,2565,125,5131
2628,2771,2699,-143,5399
2359,2594,2476,-235,4953
2466,2481,2473,-15,4947
2555,2487,2521,68,5042
2643,2504,2573,139,5147
2666,2711,2688,-45,5377
2506,2677,2591,-171,5183
2786,2539,2662,247,5325
2586,2384,2485,202,4970
2545,2490,2517,55,5035
2627,2515,2571,112,5142
2460,2471,2465,-11,4931
2528,2461,2494,67,4989
2720,2700,2710,20,5420
2682,2357,2519,325,5039
2427,2479,2453,-52,4906
2663,2732,2697,-69,5395
2532,2415,2473,117,4947
2644,2343,2493,301,4987
2422,2567,2494,-145,4989
2542,2559,2550,-17,5101
2735,2783,2759,-48,5518
2486,2734,2610,-248,5220
2508,2488,2498,20,4996
2813,2775,2794,38,5588
2693,2730,2711,-37,5423
2631,2324,2477,307,4955
2317,2611,2464,-294,4928
2614,2435,2524,179,5049
2597,2526,2561,71,5123
2550,2361,2455,189,4911
2411,2509,2460,-98,4920
2473,2481,2477,-8,4954
2505,2477,2491,28,4982
2556,2710,2633,-154,5266
2385,2603,2494,-218,4988
2603,2411,2507,192,5014
2677,2549,2613,128,5226
2702,2572,2637,130,5274
2652,2402,2527,250,5054
2438,2543,2490,-105,4981
2644,2511,2577,133,5155
2504,2558,2531,-54,5062
2552,2504,2528,48,5056
2493,2551,2522,-58,5044
2407,2588,2497,-181,4995
2458,2578,2518,-120,5036
2582,2347,2464,235,4929
2570,2360,2465,210,4930
2554,2564,2559,-10,5118
2607,2477,2542,130,5084
2510,2633,2571,-123,5143
2428,2486,2457,-58,4914
2543,2391,2467,152,4934
2552,2645,2598,-93,5197
2772,2660,2716,112,5432
2603,2384,2493,219,4987
2692,2438,2565,254,5130
2681,2512,2596,169,5193
2667,2662,2664,5,5329
2642,2559,2600,83,5201
2612,2463,2537,149,5075
2651,2482,2566,169,5133
2476,2514,2495,-38,4990
2531,2585,2558,-54,5116
2309,2604,2456,-295,4913
2519,2434,2476,85,4953
2413,2540,2476,-127,4953
2420,2566,2493,-146,4986
2570,2421,2495,149,4991
2494,2431,2462,63,4925
2510,2399,2454,111,4909
2593,2431,2512,162,5024
2630,2651,2640,-21,5281
2461,2527,2494,-66,4988
2731,2784,2757,-53,5515
2689,2726,2707,-37,5415
2336,2599,2467,-263,4935
2466,2678,2572,-212,5144
2646,2474,2560,172,5120
2743,2482,2612,261,5225
2693,2617,2655,76,5310
2713,2658,2685,55,5371
2585,2506,2545,79,5091
2724,2762,2743,-38,5486
2571,2481,2526,90,5052
2599,2462,2530,137,5061
2537,2532,2534,5,5069
2547,2535,2541,12,5082
2602,2583,2592,19,5185
2697,2568,2632,129,5265
2564,2458,2511,106,5022
2597,2546,2571,51,5143
2570,2433,2501,137,5003
2525,2556,2540,-31,5081
2560,2500,2530,60,5060
2354,2634,2494,-280,4988
2516,2421,2468,95,4937
2569,2417,2493,152,4986
2485,2556,2520,-71,5041
2631,2713,2672,-82,5344
2534,2647,2590,-113,5181
2496,2432,2464,64,4928
2449,2606,2527,-157,5055
2603,2471,2537,132,5074
2351,2589,2470,-238,4940
2517,2711,2614,-194,5228
2736,2421,2578,315,5157
2262,2651,2456,-389,4913
2522,2677,2599,-155,5199
2636,2365,2500,271,5001
2553,2704,2628,-151,5257
2442,2564,2503,-122,5006
2470,2548,2509,-78,5018
2617,2537,2577,80,5154
2574,2650,2612,-76,5224
2519,2582,2550,-63,5101
2661,2562,2611,99,5223
2565,2437,2501,128,5002
2656,2571,2613,85,5227
2491,2438,2464,53,4929
2532,2553,2542,-21,5085
2652,2528,2590,124,5180
2792,2659,2725,133,5451
2473,2554,2513,-81,5027
2390,2542,2466,-152,4932
2512,2740,2626,-228,5252
2380,2540,2460,-160,4920
2580,2769,2674,-189,5349
2677,2663,2670,14,5340
2753,2732,2742,21,5485
2334,2577,2455,-243,4911
2526,2443,2484,83,4969
2481,2423,2452,58,4904
2631,2657,2644,-26,5288
2594,2541,2567,53,5135
2514,2413,2463,101,4927
2535,2532,2533,3,5067
2712,2682,2697,30,5394
2397,2671,2534,-274,5068
2594,2451,2522,143,5045
2710,2718,2714,-8,5428
2398,2606,2502,-208,5004
2478,2597,2537,-119,5075
2547,2542,2544,5,5089
2444,2572,2508,-128,5016
2659,2548,2603,111,5207
2698,2629,2663,69,5327
2552,2434,2493,118,4986
2613,2420,2516,193,5033
2523,2459,2491,64,4982
2543,2442,2492,101,4985
2597,2326,2461,271,4923
2491,2565,2528,-74,5056
2398,2589,2493,-191,4987
2476,2662,2569,-186,5138
2530,2372,2451,158,4902
2405,2680,2542,-275,5085
2543,2619,2581,-76,5162
2601,2415,2508,186,5016
2552,2513,2532,39,5065
2476,2491,2483,-15,4967
2606,2453,2529,153,5059
2529,2476,2502,53,5005
2653,2720,2686,-67,5373
2754,2731,2742,23,5485
2712,2694,2703,18,5406
2551,2577,2564,-26,5128
2368,2652,2510,-284,5020
2653,2560,2606,93,5213
2436,2572,2504,-136,5008
2380,2551,2465,-171,4931
2538,2423,2480,115,4961
2582,2331,2456,251,4913
2519,2393,2456,126,4912
2568,2445,2506,123,5013
2546,2561,2553,-15,5107
2493,2712,2602,-219,5205
2402,2517,2459,-115,4919
2660,2733,2696,-73,5393
2694,2511,2602,183,5205
2416,2519,2467,-103,4935
2410,2585,2497,-175,4995
2453,2513,2483,-60,4966
2541,2471,2506,70,5012
2599,2348,2473,251,4947
2710,2567,2638,143,5277
2484,2554,2519,-70,5038
2535,2368,2451,167,4903
2721,2731,2726,-10,5452
2593,2532,2562,61,5125
2425,2650,2537,-225,5075
2594,2442,2518,152,5036
2318,2620,2469,-302,4938
2616,2446,2531,170,5062
2567,2595,2581,-28,5162
2396,2667,2531,-271,5063
2332,2679,2505,-347,5011
2640,2576,2608,64,5216
2757,2810,2783,-53,5567
2596,2448,2522,148,5044
2676,2518,2597,158,5194
2554,2415,2484,139,4969
2427,2483,2455,-56,4910
2708,2737,2722,-29,5445
2642,2700,2671,-58,5342
2576,2390,2483,186,4966
2540,2516,2528,24,5056
2505,2613,2559,-108,5118
2590,2365,2477,225,4955
2660,2609,2634,51,5269
2501,2416,2458,85,4917
2417,2640,2528,-223,5057
2481,2551,2516,-70,5032
2506,2436,2471,70,4942
2580,2367,2473,213,4947
2333,2595,2464,-262,4928
2547,2379,2463,168,4926
2585,2485,2535,100,5070
2772,2713,2742,59,5485
2386,2523,2454,-137,4909
2446,2631,2538,-185,5077
2571,2380,2475,191,4951
2516,2390,2453,126,4906
2566,2464,2515,102,5030
2757,2754,2755,3,5511
2431,2673,2552,-242,5104
2520,2393,2456,127,4913
2815,2748,2781,67,5563
2437,2482,2459,-45,4919
2567,2423,2495,144,4990
2681,2397,2539,284,5078
2658,2680,2669,-22,5338
2813,2868,2840,-55,5681
2391,2543,2467,-152,4934
2708,2785,2746,-77,5493
2539,2393,2466,146,4932
2505,2667,2586,-162,5172
2710,2651,2680,59,5361
2330,2577,2453,-247,4907
2517,2475,2496,42,4992
2440,2489,2464,-49,4929
2659,2417,2538,242,5076
2510,2415,2462,95,4925
2529,2628,2578,-99,5157
2554,2412,2483,142,4966
2534,2617,2575,-83,5151
2654,2269,2461,385,4923
2473,2499,2486,-26,4972
2527,2485,2506,42,5012
2406,2597,2501,-191,5003
2556,2523,2539,33,5079
2779,2719,2749,60,5498
2492,2641,2566,-149,5133
2511,2587,2549,-76,5098
2493,2441,2467,52,4934
2553,2562,2557,-9,5115
2488,2533,2510,-45,5021
2595,2628,2611,-33,5223
2438,2636,2537,-198,5074
2594,2506,2550,88,5100
2487,2464,2475,23,4951
2475,2571,2523,-96,5046
2496,2483,2489,13,4979
2604,2588,2596,16,5192
2460,2605,2532,-145,5065
2782,2708,2745,74,5490
2490,2538,2514,-48,5028
2727,2709,2718,18,5436
2639,2551,2595,88,5190
2481,2437,2459,44,4918
2611,2313,2462,298,4924
2760,2713,2736,47,5473
2657,2695,2676,-38,5352
2472,2598,2535,-126,5070
2538,2582,2560,-44,5120
2521,2664,2592,-143,5185
2438,2622,2530,-184,5060
2519,2490,2504,29,5009
2575,2503,2539,72,5078
2392,2529,2460,-137,4921
2470,2635,2552,-165,5105
2418,2568,2493,-150,4986
2599,2437,2518,162,5036
2548,2652,2600,-104,5200
2634,2408,2521,226,5042
2383,2534,2458,-151,4917
2747,2786,2766,-39,5533
2643,2398,2520,245,5041
2545,2734,2639,-189,5279
2517,2429,2473,88,4946
2449,2540,2494,-91,4989
2470,2456,2463,14,4926
2341,2662,2501,-321,5003
2474,2509,2491,-35,4983
2491,2474,2482,17,4965
2516,2521,2518,-5,5037
2539,2596,2567,-57,5135
2436,2650,2543,-214,5086
2460,2594,2527,-134,5054
2730,2717,2723,13,5447
2619,2638,2628,-19,5257
2473,2578,2525,-105,5051
2697,2676,2686,21,5373
2647,2549,2598,98,5196
2535,2404,2469,131,4939
2436,2505,2470,-69,4941
2393,2641,2517,-248,5034
2502,2443,2472,59,4945
2462,2498,2480,-36,4960
2572,2557,2564,15,5129
2453,2524,2488,-71,4977
2431,2530,2480,-99,4961
2441,2593,2517,-152,5034
2409,2535,2472,-126,4944
2757,2721,2739,36,5478
2622,2682,2652,-60,5304
2612,2499,2555,113,5111
2623,2524,2573,99,5147
2549,2528,2538,21,5077
2586,2672,2629,-86,5258
2560,2398,2479,162,4958
2567,2546,2556,21,5113
2553,2524,2538,29,5077
2618,2433,2525,185,5051
2654,2682,2668,-28,5336
2652,2726,2689,-74,5378
2526,2409,2467,117,4935
2688,2441,2564,247,5129
2645,2446,2545,199,5091
2753,2679,2716,74,5432
2558,2591,2574,-33,5149
2580,2707,2643,-127,5287
2654,2366,2510,288,5020
2406,2641,2523,-235,5047
2681,2764,2722,-83,5445
2430,2538,2484,-108,4968
2507,2714,2610,-207,5221
2591,2619,2605,-28,5210
2555,2377,2466,178,4932
2752,2792,2772,-40,5544
2377,2532,2454,-155,4909
2620,2499,2559,121,5119
2557,2705,2631,-148,5262
2672,2660,2666,12,5332
2483,2710,2596,-227,5193
2561,2506,2533,55,5067
2530,2550,2540,-20,5080
2548,2541,2544,7,5089
2659,2743,2701,-84,5402
2621,2586,2603,35,5207
2487,2506,2496,-19,4993
2739,2561,2650,178,5300
2462,2444,2453,18,4906
2421,2519,2470,-98,4940
2485,2564,2524,-79,5049
2596,2532,2564,64,5128
2584,2710,2647,-126,5294
2711,2393,2552,318,5104
2628,2639,2633,-11,5267
2527,2632,2579,-105,5159
2624,2563,2593,61,5187
2511,2421,2466,90,4932
2589,2711,2650,-122,5300
2742,2581,2661,161,5323
2450,2688,2569,-238,5138
2686,2556,2621,130,5242
2355,2555,2455,-200,4910
2570,2417,2493,153,4987
2606,2439,2522,167,5045
2565,2518,2541,47,5083
2577,2596,2586,-19,5173
2758,2830,2794,-72,5588
2585,2470,2527,115,5055
2683,2531,2607,152,5214
2355,2558,2456,-203,4913
2600,2558,2579,42,5158
2671,2343,2507,328,5014
2477,2570,2523,-93,5047
2410,2540,2475,-130,4950
2633,2474,2553,159,5107
2707,2645,2676,62,5352
2636,2437,2536,199,5073
2672,2586,2629,86,5258
2447,2677,2562,-230,5124
2497,2653,2575,-156,5150
2554,2625,2589,-71,5179
2713,2243,2478,470,4956
2680,2493,2586,187,5173
2629,2456,2542,173,5085
2629,2566,2597,63,5195
2564,2449,2506,115,5013
2393,2536,2464,-143,4929
2562,2485,2523,77,5047
2505,2472,2488,33,4977
2483,2463,2473,20,4946
2551,2478,2514,73,5029
2634,2698,2666,-64,5332
2490,2521,2505,-31,5011
2394,2581,2487,-187,4975
2641,2627,2634,14,5268
2639,2495,2567,144,5134
2655,2467,2561,188,5122
2621,2742,2681,-121,5363
2558,2362,2460,196,4920
2570,2625,2597,-55,5195
2783,2772,2777,11,5555
2414,2494,2454,-80,4908
2628,2783,2705,-155,5411
2626,2618,2622,8,5244
2578,2427,2502,151,5005
2554,2584,2569,-30,5138
2554,2542,2548,12,5096
2588,2501,2544,87,5089
2631,2647,2639,-16,5278
2492,2429,2460,63,4921
2484,2549,2516,-65,5033
2375,2678,2526,-303,5053
2760,2549,2654,211,5309
2580,2563,2571,17,5143
2539,2397,2468,142,4936
2650,2578,2614,72,5228
2809,2757,2783,52,5566
2523,2605,2564,-82,5128
2667,2509,2588,158,5176
2597,2407,2502,190,5004
2638,2484,2561,154,5122
2410,2683,2546,-273,5093
2671,2516,2593,155,5187
2514,2410,2462,104,4924
2740,2678,2709,62,5418
2600,2425,2512,175,5025
2607,2455,2531,152,5062
2553,2586,2569,-33,5139
2635,2444,2539,191,5079
2571,2349,2460,222,4920
2473,2549,2511,-76,5022
2298,2625,2461,-327,4923
2524,2484,2504,40,5008
2744,2263,2503,481,5007
2524,2631,2577,-107,5155
2734,2631,2682,103,5365
2450,2550,2500,-100,5000
2613,2671,2642,-58,5284
2633,2456,2544,177,5089
2494,2597,2545,-103,5091
2649,2570,2609,79,5219
2397,2578,2487,-181,4975
2628,2791,2709,-163,5419
2723,2637,2680,86,5360
2600,2538,2569,62,5138
2455,2611,2533,-156,5066
2472,2611,2541,-139,5083
2615,2384,2499,231,4999
2399,2608,2503,-209,5007
2599,2709,2654,-110,5308
2532,2436,2484,96,4968
2760,2762,2761,-2,5522
2446,2503,2474,-57,4949
2618,2433,2525,185,5051
2564,2674,2619,-110,5238
2529,2409,2469,120,4938
2403,2559,2481,-156,4962
2549,2633,2591,-84,5182
2517,2477,2497,40,4994
2688,2623,2655,65,5311
2437,2620,2528,-183,5057
2468,2603,2535,-135,5071
2388,2518,2453,-130,4906
2506,2396,2451,110,4902
2664,2737,2700,-73,5401
2455,2539,2497,-84,4994
2529,2422,2475,107,4951
2672,2638,2655,34,5310
2805,2740,2772,65,5545
2661,2627,2644,34,5288
2447,2498,2472,-51,4945
2557,2514,2535,43,5071
2610,2784,2697,-174,5394
2461,2518,2489,-57,4979
2496,2429,2462,67,4925
2545,2404,2474,141,4949
2380,2551,2465,-171,4931
2724,2689,2706,35,5413
2618,2709,2663,-91,5327
2572,2471,2521,101,5043
2606,2341,2473,265,4947
2496,2454,2475,42,4950
2608,2495,2551,113,5103
2618,2546,2582,72,5164
2633,2782,2707,-149,5415
2635,2315,2475,320,4950
2662,2633,2647,29,5295
2520,2685,2602,-165,5205
2631,2742,2686,-111,5373
2616,2416,2516,200,5032
2501,2430,2465,71,4931
2543,2393,2468,150,4936
2330,2598,2464,-268,4928
2786,2598,2692,188,5384
2557,2373,2465,184,4930
2543,2465,2504,78,5008
2380,2707,2543,-327,5087
2427,2487,2457,-60,4914
2654,2631,2642,23,5285
2510,2425,2467,85,4935
2660,2636,2648,24,5296
2434,2510,2472,-76,4944
2557,2587,2572,-30,5144
2394,2525,2459,-131,4919
2649,2592,2620,57,5241
2533,2412,2472,121,4945
2660,2562,2611,98,5222
2545,2497,2521,48,5042
2546,2617,2581,-71,5163
2478,2545,2511,-67,5023
2711,2557,2634,154,5268
2594,2408,2501,186,5002
2514,2568,2541,-54,5082
2586,2477,2531,109,5063
2779,2531,2655,248,5310
2528,2528,2528,0,5056
2611,2582,2596,29,5193
2479,2561,2520,-82,5040
2554,2456,2505,98,5010
2561,2479,2520,82,5040
2398,2591,2494,-193,4989
2564,2647,2605,-83,5211
2554,2401,2477,153,4955
2361,2565,2463,-204,4926
2349,2554,2451,-205,4903
2558,2482,2520,76,5040
2487,2444,2465,43,4931
2665,2418,2541,247,5083
2396,2517,2456,-121,4913
2515,2624,2569,-109,5139
2651,2554,2602,97,5205
2421,2675,2548,-254,5096
2626,2536,2581,90,5162
2583,2444,2513,139,5027
2553,2466,2509,87,5019
2548,2648,2598,-100,5196
2474,2626,2550,-152,5100
2403,2576,2489,-173,4979
2593,2589,2591,4,5182
2498,2529,2513,-31,5027
2633,2480,2556,153,5113
2523,2424,2473,99,4947
2567,2407,2487,160,4974
2608,2602,2605,6,5210
2625,2455,2540,170,5080
2707,2587,2647,120,5294
2643,2554,2598,89,5197
2507,2671,2589,-164,5178
2498,2604,2551,-106,5102
2581,2408,2494,173,4989
2317,2649,2483,-332,4966
2514,2607,2560,-93,5121
2549,2375,2462,174,4924
2594,2515,2554,79,5109
2723,2730,2726,-7,5453
2522,2602,2562,-80,5124
2448,2552,2500,-104,5000
2436,2559,2497,-123,4995
2776,2767,2771,9,5543
2741,2775,2758,-34,5516
2709,2563,2636,146,5272
2702,2670,2686,32,5372
2338,2612,2475,-274,4950
2607,2483,2545,124,5090
2393,2515,2454,-122,4908
2540,2372,2456,168,4912
2471,2469,2470,2,4940
2508,2547,2527,-39,5055
2691,2542,2616,149,5233
2688,2689,2688,-1,5377
2729,2390,2559,339,5119
2602,2589,2595,13,5191
2480,2526,2503,-46,5006
2453,2524,2488,-71,4977
2343,2571,2457,-228,4914
2519,2437,2478,82,4956
2709,2492,2600,217,5201
2476,2495,2485,-19,4971
2470,2465,2467,5,4935
2590,2680,2635,-90,5270
2607,2701,2654,-94,5308
2475,2546,2510,-71,5021
2659,2700,2679,-41,5359
2786,2713,2749,73,5499
2485,2602,2543,-117,5087
2791,2753,2772,38,5544
2577,2613,2595,-36,5190
2511,2641,2576,-130,5152
2578,2517,2547,61,5095
2614,2650,2632,-36,5264
2581,2484,2532,97,5065
2461,2652,2556,-191,5113
2417,2540,2478,-123,4957
2508,2467,2487,41,4975
2510,2680,2595,-170,5190
2704,2638,2671,66,5342
2531,2492,2511,39,5023
2528,2445,2486,83,4973
2757,2730,2743,27,5487
2713,2731,2722,-18,5444
2631,2644,2637,-13,5275
2705,2659,2682,46,5364
2535,2536,2535,-1,5071
2544,2458,2501,86,5002
2532,2737,2634,-205,5269
2548,2575,2561,-27,5123
2625,2446,2535,179,5071
2574,2411,2492,163,4985
2499,2407,2453,92,4906
2414,2644,2529,-230,5058
2539,2386,2462,153,4925
2407,2691,2549,-284,5098
2565,2526,2545,39,5091
2462,2482,2472,-20,4944
2731,2785,2758,-54,5516
2512,2501,2506,11,5013
2676,2447,2561,229,5123
2702,2705,2703,-3,5407
2527,2660,2593,-133,5187
2638,2665,2651,-27,5303
2607,2496,2551,111,5103
2552,2454,2503,98,5006
2710,2459,2584,251,5169
2452,2607,2529,-155,5059
2693,2664,2678,29,5357
2686,2792,2739,-106,5478
2438,2570,2504,-132,5008
2653,2473,2563,180,5126
2656,2718,2687,-62,5374
2617,2518,2567,99,5135
2565,2432,2498,133,4997
2469,2485,2477,-16,4954
2524,2503,2513,21,5027
2630,2513,2571,117,5143
2473,2601,2537,-128,5074
2710,2544,2627,166,5254
2345,2577,2461,-232,4922
2478,2558,2518,-80,5036
2684,2632,2658,52,5316
2490,2580,2535,-90,5070
2347,2655,2501,-308,5002
2440,2707,2573,-267,5147
2651,2636,2643,15,5287
2691,2605,2648,86,5296
2429,2546,2487,-117,4975
2489,2549,2519,-60,5038
2559,2680,2619,-121,5239
2281,2718,2499,-437,4999
2594,2678,2636,-84,5272
2494,2461,2477,33,4955
2600,2539,2569,61,5139
2775,2695,2735,80,5470
2485,2627,2556,-142,5112
2626,2574,2600,52,5200
2427,2642,2534,-215,5069
2428,2554,2491,-126,4982
2636,2668,2652,-32,5304
2432,2553,2492,-121,4985
2518,2405,2461,113,4923
2441,2483,2462,-42,4924
2549,2575,2562,-26,5124
2607,2590,2598,17,5197
2583,2396,2489,187,4979
2691,2237,2464,454,4928
2595,2460,2527,135,5055
2407,2549,2478,-142,4956
2603,2591,2597,12,5194
2404,2543,2473,-139,4947
2597,2666,2631,-69,5263
2338,2581,2459,-243,4919
2540,2598,2569,-58,5138
2749,2769,2759,-20,5518
2602,2688,2645,-86,5290
2730,2753,2741,-23,5483
2517,2549,2533,-32,5066
2345,2569,2457,-224,4914
2726,2613,2669,113,5339
2441,2567,2504,-126,5008
2661,2545,2603,116,5206
2600,2359,2479,241,4959
2564,2505,2534,59,5069
2538,2529,2533,9,5067
2618,2503,2560,115,5121
2549,2549,2549,0,5098
2490,2583,2536,-93,5073
2744,2712,2728,32,5456
2604,2717,2660,-113,5321
2559,2546,2552,13,5105
2525,2420,2472,105,4945
2499,2569,2534,-70,5068
2437,2620,2528,-183,5057
2509,2434,2471,75,4943
2455,2638,2546,-183,5093
2365,2604,2484,-239,4969
2464,2618,2541,-154,5082
2486,2609,2547,-123,5095
2653,2613,2633,40,5266
2512,2740,2626,-228,5252
2723,2674,2698,49,5397
2632,2693,2662,-61,5325
2681,2556,2618,125,5237
2731,2753,2742,-22,5484
2386,2518,2452,-132,4904
2545,2377,2461,168,4922
2639,2496,2567,143,5135
2509,2467,2488,42,4976
2592,2512,2552,80,5104
2593,2448,2520,145,5041
2703,2783,2743,-80,5486
2492,2486,2489,6,4978
2570,2544,2557,26,5114
2365,2558,2461,-193,4923
2645,2620,2632,25,5265
2497,2447,2472,50,4944
2619,2430,2524,189,5049
2555,2378,2466,177,4933
2649,2522,2585,127,5171
2487,2470,2478,17,4957
2495,2439,2467,56,4934
2347,2559,2453,-212,4906
2426,2614,2520,-188,5040
2549,2424,2486,125,4973
2464,2648,2556,-184,5112
2713,2730,2721,-17,5443
2695,2580,2637,115,5275
2566,2489,2527,77,5055
2500,2459,2479,41,4959
2674,2328,2501,346,5002
2573,2351,2462,222,4924
2436,2539,2487,-103,4975
2429,2707,2568,-278,5136
2530,2667,2598,-137,5197
2536,2483,2509,53,5019
2563,2429,2496,134,4992
2690,2591,2640,99,5281
2441,2536,2488,-95,4977
2495,2499,2497,-4,4994
2570,2417,2493,153,4987
2642,2307,2474,335,4949
2468,2715,2591,-247,5183
2493,2586,2539,-93,5079
2568,2398,2483,170,4966
2531,2499,2515,32,5030
2716,2335,2525,381,5051
2452,2537,2494,-85,4989
2700,2609,2654,91,5309
2355,2664,2509,-309,5019
2634,2624,2629,10,5258
2554,2603,2578,-49,5157
2714,2627,2670,87,5341
2471,2661,2566,-190,5132
2595,2598,2596,-3,5193
2655,2428,2541,227,5083
2815,2771,2793,44,5586
2586,2323,2454,263,4909
2550,2603,2576,-53,5153
2598,2581,2589,17,5179
2541,2500,2520,41,5041
2537,2404,2470,133,4941
2568,2534,2551,34,5102
2555,2472,2513,83,5027
2483,2457,2470,26,4940
2665,2637,2651,28,5302
2682,2611,2646,71,5293
2787,2644,2715,143,5431
2713,2614,2663,99,5327
2490,2420,2455,70,4910
2693,2612,2652,81,5305
2471,2788,2629,-317,5259
2498,2712,2605,-214,5210
2466,2472,2469,-6,4938
2663,2602,2632,61,5265
2591,2649,2620,-58,5240
2419,2641,2530,-222,5060
2462,2586,2524,-124,5048
2431,2481,2456,-50,4912
2566,2623,2594,-57,5189
2509,2501,2505,8,5010
2477,2461,2469,16,4938
2472,2544,2508,-72,5016
2469,2685,2577,-216,5154
2569,2590,2579,-21,5159
2560,2555,2557,5,5115
2401,2504,2452,-103,4905
2421,2578,2499,-157,4999
2566,2482,2524,84,5048
2758,2724,2741,34,5482
2552,2489,2520,63,5041
2592,2617,2604,-25,5209
2668,2747,2707,-79,5415
2678,2702,2690,-24,5380
2653,2723,2688,-70,5376
2733,2465,2599,268,5198
2599,2540,2569,59,5139
2514,2627,2570,-113,5141
2460,2595,2527,-135,5055
2429,2544,2486,-115,4973
2582,2614,2598,-32,5196
2456,2484,2470,-28,4940
2731,2731,2731,0,5462
2627,2291,2459,336,4918
2607,2753,2680,-146,5360
2569,2441,2505,128,5010
2713,2717,2715,-4,5430
2450,2535,2492,-85,4985
2777,2616,2696,161,5393
2610,2542,2576,68,5152
2549,2411,2480,138,4960
2514,2514,2514,0,5028
2491,2528,2509,-37,5019
2426,2543,2484,-117,4969
2615,2701,2658,-86,5316
2837,2738,2787,99,5575
2441,2470,2455,-29,4911
2425,2575,2500,-150,5000
2496,2535,2515,-39,5031
2588,2505,2546,83,5093
2419,2562,2490,-143,4981
2666,2595,2630,71,5261
2679,2490,2584,189,5169
2518,2529,2523,-11,5047
2480,2484,2482,-4,4964
2661,2505,2583,156,5166
2596,2569,2582,27,5165
2493,2517,2505,-24,5010
2611,2521,2566,90,5132
2622,2549,2585,73,5171
2540,2669,2604,-129,5209
2383,2560,2471,-177,4943
2426,2697,2561,-271,5123
2532,2482,2507,50,5014
2409,2587,2498,-178,4996
2705,2618,2661,87,5323
2544,2469,2506,75,5013
2458,2521,2489,-63,4979
2596,2501,2548,95,5097
2664,2631,2647,33,5295
2384,2683,2533,-299,5067
2637,2538,2587,99,5175
2510,2552,2531,-42,5062
2551,2517,2534,34,5068
2570,2556,2563,14,5126
2678,2693,2685,-15,5371
2443,2521,2482,-78,4964
2472,2582,2527,-110,5054
2276,2628,2452,-352,4904
2661,2576,2618,85,5237
2586,2713,2649,-127,5299
2506,2600,2553,-94,5106
2511,2616,2563,-105,5127
2641,2503,2572,138,5144
2489,2714,2601,-225,5203
2378,2579,2478,-201,4957
2552,2378,2465,174,4930
2285,2632,2458,-347,4917
2601,2306,2453,295,4907
2464,2563,2513,-99,5027
2562,2497,2529,65,5059
2508,2435,2471,73,4943
2785,2736,2760,49,5521
2535,2485,2510,50,5020
2472,2432,2452,40,4904
2288,2645,2466,-357,4933
2553,2431,2492,122,4984
2628,2595,2611,33,5223
2474,2621,2547,-147,5095
2631,2637,2634,-6,5268
2279,2638,2458,-359,4917
2673,2541,2607,132,5214
2544,2380,2462,164,4924
2626,2621,2623,5,5247
2575,2634,2604,-59,5209
2567,2503,2535,64,5070
2592,2662,2627,-70,5254
2686,2562,2624,124,5248
2567,2577,2572,-10,5144
2577,2452,2514,125,5029
2651,2673,2662,-22,5324
2562,2353,2457,209,4915
2620,2380,2500,240,5000
2465,2684,2574,-219,5149
2512,2569,2540,-57,5081
2381,2621,2501,-240,5002
2639,2578,2608,61,5217
2618,2574,2596,44,5192
2619,2456,2537,163,5075
2518,2627,2572,-109,5145
2531,2400,2465,131,4931
2672,2658,2665,14,5330
2532,2373,2452,159,4905
2554,2444,2499,110,4998
2598,2620,2609,-22,5218
2427,2583,2505,-156,5010
2563,2683,2623,-120,5246
2616,2340,2478,276,4956
2718,2494,2606,224,5212
2769,2698,2733,71,5467
2554,2556,2555,-2,5110
2718,2581,2649,137,5299
2502,2563,2532,-61,5065
2372,2559,2465,-187,4931
2589,2458,2523,131,5047
2468,2491,2479,-23,4959
2351,2571,2461,-220,4922
2587,2462,2524,125,5049
2485,2507,2496,-22,4992
2512,2477,2494,35,4989
2490,2624,2557,-134,5114
2380,2564,2472,-184,4944
2638,2518,2578,120,5156
2460,2457,2458,3,4917
2711,2658,2684,53,5369
2534,2387,2460,147,4921
2403,2611,2507,-208,5014
2551,2472,2511,79,5023
2674,2572,2623,102,5246
2732,2769,2750,-37,5501
2666,2628,2647,38,5294
2622,2534,2578,88,5156
2575,2473,2524,102,5048
2462,2528,2495,-66,4990
2629,2336,2482,293,4965
2397,2616,2506,-219,5013
2567,2507,2537,60,5074
2421,2570,2495,-149,4991
2379,2635,2507,-256,5014
2681,2499,2590,182,5180
2483,2480,2481,3,4963
2483,2609,2546,-126,5092
2721,2500,2610,221,5221
2684,2366,2525,318,5050
2447,2520,2483,-73,4967
2383,2710,2546,-327,5093
2602,2539,2570,63,5141
2622,2665,2643,-43,5287
2373,2592,2482,-219,4965
2542,2632,2587,-90,5174
2403,2580,2491,-177,4983
2472,2627,2549,-155,5099
2528,2438,2483,90,4966
2730,2791,2760,-61,5521
2741,2647,2694,94,5388
2595,2418,2506,177,5013
2504,2710,2607,-206,5214
2709,2581,2645,128,5290
2525,2394,2459,131,4919
2493,2448,2470,45,4941
2543,2556,2549,-13,5099
2551,2401,2476,150,4952
2571,2702,2636,-131,5273
2511,2550,2530,-39,5061
2564,2424,2494,140,4988
2551,2437,2494,114,4988
2524,2501,2512,23,5025
2482,2502,2492,-20,4984
2478,2640,2559,-162,5118
2538,2660,2599,-122,5198
2657,2717,2687,-60,5374
2378,2592,2485,-214,4970
2596,2445,2520,151,5041
2479,2712,2595,-233,5191
2649,2438,2543,211,5087
2614,2423,2518,191,5037
2382,2599,2490,-217,4981
2513,2438,2475,75,4951
2467,2660,2563,-193,5127
2652,2291,2471,361,4943
2655,2549,2602,106,5204
2377,2642,2509,-265,5019
2538,2547,2542,-9,5085
2419,2488,2453,-69,4907
2709,2830,2769,-121,5539
2620,2713,2666,-93,5333
2520,2392,2456,128,4912
2456,2495,2475,-39,4951
2425,2603,2514,-178,5028
2506,2590,2548,-84,5096
2527,2601,2564,-74,5128
2518,2638,2578,-120,5156
2530,2551,2540,-21,5081
2560,2609,2584,-49,5169
2548,2408,2478,140,4956
2469,2496,2482,-27,4965
2512,2402,2457,110,4914
2495,2416,2455,79,4911
2689,2531,2610,158,5220
2584,2566,2575,18,5150
2625,2562,2593,63,5187
2460,2494,2477,-34,4954
2526,2384,2455,142,4910
2601,2460,2530,141,5061
2482,2623,2552,-141,5105
2554,2592,2573,-38,5146
2600,2442,2521,158,5042
2472,2605,2538,-133,5077
2538,2646,2592,-108,5184
2693,2749,2721,-56,5442
2676,2471,2573,205,5147
2419,2669,2544,-250,5088
2561,2709,2635,-148,5270
2738,2749,2743,-11,5487
2479,2633,2556,-154,5112
2540,2424,2482,116,4964
2516,2401,2458,115,4917
2708,2524,2616,184,5232
2741,2742,2741,-1,5483
2586,2415,2500,171,5001
2454,2595,2524,-141,5049
2429,2566,2497,-137,4995
2339,2563,2451,-224,4902
2747,2683,2715,64,5430
2400,2549,2474,-149,4949
2671,2437,2554,234,5108
2430,2546,2488,-116,4976
2628,2579,2603,49,5207
2621,2587,2604,34,5208
2501,2560,2530,-59,5061
2646,2443,2544,203,5089
2635,2672,2653,-37,5307
2713,2675,2694,38,5388
2395,2508,2451,-113,4903
2571,2474,2522,97,5045
2430,2506,2468,-76,4936
2626,2545,2585,81,5171
2640,2567,2603,73,5207
2354,2561,2457,-207,4915
2557,2382,2469,175,4939
2607,2527,2567,80,5134
2434,2558,2496,-124,4992
2336,2579,2457,-243,4915
2713,2782,2747,-69,5495
2386,2682,2534,-296,5068
2604,2611,2607,-7,5215
2741,2758,2749,-17,5499
2368,2604,2486,-236,4972
2627,2504,2565,123,5131
2548,2557,2552,-9,5105
2636,2441,2538,195,5077
2502,2521,2511,-19,5023
2425,2477,2451,-52,4902
2532,2569,2550,-37,5101
2709,2536,2622,173,5245
2543,2496,2519,47,5039
2531,2507,2519,24,5038
2458,2499,2478,-41,4957
2460,2525,2492,-65,4985
2541,2456,2498,85,4997
2463,2495,2479,-32,4958
2538,2367,2452,171,4905
2518,2634,2576,-116,5152
2637,2713,2675,-76,5350
2598,2335,2466,263,4933
2602,2741,2671,-139,5343
2757,2787,2772,-30,5544
2632,2484,2558,148,5116
2365,2644,2504,-279,5009
2575,2700,2637,-125,5275
2464,2509,2486,-45,4973
2602,2486,2544,116,5088
2484,2594,2539,-110,5078
2277,2650,2463,-373,4927
2444,2510,2477,-66,4954
2565,2546,2555,19,5111
2427,2564,2495,-137,4991
2523,2516,2519,7,5039
2479,2634,2556,-155,5113
2497,2447,2472,50,4944
2630,2616,2623,14,5246
2464,2698,2581,-234,5162
2632,2588,2610,44,5220
2473,2554,2513,-81,5027
2543,2527,2535,16,5070
2584,2574,2579,10,5158
2595,2562,2578,33,5157
2428,2584,2506,-156,5012
2645,2318,2481,327,4963
2515,2450,2482,65,4965
2574,2648,2611,-74,5222
2529,2417,2473,112,4946
2557,2629,2593,-72,5186
2508,2408,2458,100,4916
2727,2772,2749,-45,5499
2524,2628,2576,-104,5152
2587,2405,2496,182,4992
2514,2602,2558,-88,5116
2523,2644,2583,-121,5167
2654,2445,2549,209,5099
2512,2570,2541,-58,5082
2548,2410,2479,138,4958
2522,2600,2561,-78,5122
2559,2524,2541,35,5083
2417,2655,2536,-238,5072
2486,2452,2469,34,4938
2777,2650,2713,127,5427
2515,2418,2466,97,4933
2417,2581,2499,-164,4998
2686,2546,2616,140,5232
2659,2679,2669,-20,5338
2683,2248,2465,435,4931
2741,2862,2801,-121,5603
2548,2501,2524,47,5049
2549,2606,2577,-57,5155
2279,2641,2460,-362,4920
2564,2500,2532,64,5064
2427,2511,2469,-84,4938
2520,2498,2509,22,5018
2586,2383,2484,203,4969
2616,2472,2544,144,5088
2608,2391,2499,217,4999
2557,2387,2472,170,4944
2393,2564,2478,-171,4957
2442,2601,2521,-159,5043
2561,2537,2549,24,5098
2463,2713,2588,-250,5176
2668,2578,2623,90,5246
2310,2640,2475,-330,4950
2547,2626,2586,-79,5173
2653,2707,2680,-54,5360
2491,2427,2459,64,4918
2646,2543,2594,103,5189
2422,2583,2502,-161,5005
2708,2482,2595,226,5190
2793,2767,2780,26,5560
2467,2561,2514,-94,5028
2700,2485,2592,215,5185
2746,2500,2623,246,5246
2465,2514,2489,-49,4979
2645,2622,2633,23,5267
2433,2638,2535,-205,5071
2449,2578,2513,-129,5027
2617,2530,2573,87,5147
2737,2747,2742,-10,5484
2736,2773,2754,-37,5509
2611,2394,2502,217,5005
2350,2583,2466,-233,4933
2521,2629,2575,-108,5150
2569,2426,2497,143,4995
2622,2498,2560,124,5120
2571,2384,2477,187,4955
2480,2538,2509,-58,5018
2556,2457,2506,99,5013
2544,2458,2501,86,5002
2547,2419,2483,128,4966
2442,2650,2546,-208,5092
2475,2616,2545,-141,5091
2506,2681,2593,-175,5187
2577,2339,2458,238,4916
2593,2528,2560,65,5121
2536,2494,2515,42,5030
2486,2430,2458,56,4916
2696,2412,2554,284,5108
2617,2463,2540,154,5080
2647,2570,2608,77,5217
2727,2378,2552,349,5105
2526,2558,2542,-32,5084
2678,2721,2699,-43,5399
2603,2651,2627,-48,5254
2661,2505,2583,156,5166
2711,2775,2743,-64,5486
2506,2575,2540,-69,5081
2626,2371,2498,255,4997
2434,2482,2458,-48,4916
2582,2504,2543,78,5086
2577,2549,2563,28,5126
2493,2429,2461,64,4922
2577,2479,2528,98,5056
2687,2430,2558,257,5117
2609,2696,2652,-87,5305
2473,2629,2551,-156,5102
2619,2370,2494,249,4989
2625,2520,2572,105,5145
2616,2446,2531,170,5062
2638,2410,2524,228,5048
2631,2674,2652,-43,5305
2639,2598,2618,41,5237
2361,2617,2489,-256,4978
2769,2687,2728,82,5456
2616,2533,2574,83,5149
2719,2564,2641,155,5283
2662,2651,2656,11,5313
2545,2442,2493,103,4987
2532,2565,2548,-33,5097
2565,2460,2512,105,5025
2720,2764,2742,-44,5484
2488,2577,2532,-89,5065
2651,2372,2511,279,5023
2584,2535,2559,49,5119
2409,2494,2451,-85,4903
2579,2710,2644,-131,5289
2504,2642,2573,-138,5146
2493,2569,2531,-76,5062
2554,2564,2559,-10,5118
2572,2429,2500,143,5001
2646,2389,2517,257,5035
2585,2374,2479,211,4959
2383,2570,2476,-187,4953
2801,2330,2565,471,5131
2373,2630,2501,-257,5003
2590,2646,2618,-56,5236
2463,2544,2503,-81,5007
2492,2549,2520,-57,5041
2481,2445,2463,36,4926
2476,2447,2461,29,4923
2391,2547,2469,-156,4938
2347,2608,2477,-261,4955
2483,2618,2550,-135,5101
2512,2414,2463,98,4926
2702,2646,2674,56,5348
2598,2462,2530,136,5060
2555,2464,2509,91,5019
2630,2424,2527,206,5054
2558,2530,2544,28,5088
2482,2536,2509,-54,5018
2634,2558,2596,76,5192
2651,2488,2569,163,5139
2607,2660,2633,-53,5267
2638,2616,2627,22,5254
2473,2490,2481,-17,4963
2609,2634,2621,-25,5243
2618,2406,2512,212,5024
2704,2572,2638,132,5276
2518,2456,2487,62,4974
2386,2609,2497,-223,4995
2638,2682,2660,-44,5320
2452,2524,2488,-72,4976
2652,2420,2536,232,5072
2643,2678,2660,-35,5321
2313,2593,2453,-280,4906
2620,2488,2554,132,5108
2547,2377,2462,170,4924
2552,2378,2465,174,4930
2587,2444,2515,143,5031
2785,2338,2561,447,5123
2500,2578,2539,-78,5078
2448,2507,2477,-59,4955
2353,2600,2476,-247,4953
2481,2519,2500,-38,5000
2545,2495,2520,50,5040
2436,2569,2502,-133,5005
2580,2470,2525,110,5050
2345,2659,2502,-314,5004
2514,2520,2517,-6,5034
2559,2438,2498,121,4997
2474,2577,2525,-103,5051
2740,2579,2659,161,5319
2641,2734,2687,-93,5375
2606,2382,2494,224,4988
2677,2745,2711,-68,5422
2524,2461,2492,63,4985
2659,2712,2685,-53,5371
2568,2357,2462,211,4925
2730,2679,2704,51,5409
2442,2469,2455,-27,4911
2549,2427,2488,122,4976
2549,2472,2510,77,5021
2634,2557,2595,77,5191
2453,2503,2478,-50,4956
2559,2447,2503,112,5006
2643,2447,2545,196,5090
2771,2632,2701,139,5403
2503,2446,2474,57,4949
2654,2640,2647,14,5294
2479,2549,2514,-70,5028
2378,2636,2507,-258,5014
2515,2638,2576,-123,5153
2536,2375,2455,161,4911
2623,2785,2704,-162,5408
2643,2496,2569,147,5139
2536,2389,2462,147,4925
2560,2464,2512,96,5024
2526,2422,2474,104,4948
2713,2658,2685,55,5371
2650,2692,2671,-42,5342
2547,2452,2499,95,4999
2719,2365,2542,354,5084
2518,2393,2455,125,4911
2511,2662,2586,-151,5173
2378,2598,2488,-220,4976
2501,2443,2472,58,4944
2619,2561,2590,58,5180
2617,2386,2501,231,5003
2489,2558,2523,-69,5047
2480,2598,2539,-118,5078
2530,2663,2596,-133,5193
2596,2490,2543,106,5086
2452,2501,2476,-49,4953
2548,2738,2643,-190,5286
2538,2366,2452,172,4904
2747,2702,2724,45,5449
2643,2494,2568,149,5137
2572,2393,2482,179,4965
2626,2277,2451,349,4903
2600,2720,2660,-120,5320
2523,2390,2456,133,4913
2514,2405,2459,109,4919
2693,2458,2575,235,5151
2495,2471,2483,24,4966
2616,2493,2554,123,5109
2693,2769,2731,-76,5462
2502,2573,2537,-71,5075
2535,2447,2491,88,4982
2717,2549,2633,168,5266
2559,2486,2522,73,5045
2616,2518,2567,98,5134
2463,2558,2510,-95,5021
2647,2531,2589,116,5178
2508,2534,2521,-26,5042
2587,2686,2636,-99,5273
2567,2602,2584,-35,5169
2566,2365,2465,201,4931
2593,2579,2586,14,5172
2455,2487,2471,-32,4942
2676,2534,2605,142,5210
2584,2458,2521,126,5042
2433,2530,2481,-97,4963
2548,2412,2480,136,4960
2410,2572,2491,-162,4982
2469,2575,2522,-106,5044
2570,2527,2548,43,5097
2507,2513,2510,-6,5020
2590,2390,2490,200,4980
2543,2491,2517,52,5034
2423,2508,2465,-85,4931
2395,2517,2456,-122,4912
2468,2549,2508,-81,5017
2656,2584,2620,72,5240
2587,2529,2558,58,5116
2461,2443,2452,18,4904
2476,2516,2496,-40,4992
2609,2505,2557,104,5114
2607,2377,2492,230,4984
2483,2514,2498,-31,4997
2486,2490,2488,-4,4976
2505,2397,2451,108,4902
2536,2449,2492,87,4985
2609,2536,2572,73,5145
2698,2750,2724,-52,5448
2545,2462,2503,83,5007
2643,2474,2558,169,5117
2803,2703,2753,100,5506
2572,2441,2506,131,5013
2520,2602,2561,-82,5122
2710,2696,2703,14,5406
2430,2511,2470,-81,4941
2525,2508,2516,17,5033
2471,2547,2509,-76,5018
2659,2631,2645,28,5290
2417,2572,2494,-155,4989
2722,2289,2505,433,5011
2481,2614,2547,-133,5095
2683,2691,2687,-8,5374
2621,2654,2637,-33,5275
2418,2505,2461,-87,4923
2663,2381,2522,282,5044
2691,2227,2459,464,4918
2651,2429,2540,222,5080
2469,2511,2490,-42,4980
2686,2475,2580,211,5161
2440,2616,2528,-176,5056
2504,2489,2496,15,4993
2438,2592,2515,-154,5030
2458,2614,2536,-156,5072
2404,2722,2563,-318,5126
2700,2647,2673,53,5347
2522,2634,2578,-112,5156
2406,2522,2464,-116,4928
2577,2521,2549,56,5098
2502,2535,2518,-33,5037
2437,2586,2511,-149,5023
2485,2617,2551,-132,5102
2612,2304,2458,308,4916
2531,2658,2594,-127,5189
2521,2523,2522,-2,5044
2536,2491,2513,45,5027
2507,2404,2455,103,4911
2448,2523,2485,-75,4971
2492,2567,2529,-75,5059
2489,2585,2537,-96,5074
2435,2574,2504,-139,5009
2609,2655,2632,-46,5264
2639,2532,2585,107,5171
2655,2705,2680,-50,5360
2864,2713,2788,151,5577
2509,2484,2496,25,4993
2676,2612,2644,64,5288
2538,2637,2587,-99,5175
2512,2402,2457,110,4914
2577,2613,2595,-36,5190
2420,2523,2471,-103,4943
2506,2417,2461,89,4923
2568,2574,2571,-6,5142
2599,2368,2483,231,4967
2612,2290,2451,322,4902
2623,2482,2552,141,5105
2635,2378,2506,257,5013
2419,2570,2494,-151,4989
2506,2619,2562,-113,5125
2563,2550,2556,13,5113
2549,2440,2494,109,4989
2485,2567,2526,-82,5052
2486,2538,2512,-52,5024
2506,2625,2565,-119,5131
2509,2397,2453,112,4906
2360,2553,2456,-193,4913
2556,2364,2460,192,4920
2731,2622,2676,109,5353
2387,2593,2490,-206,4980
2492,2468,2480,24,4960
2591,2334,2462,257,4925
2619,2594,2606,25,5213
2730,2641,2685,89,5371
2712,2637,2674,75,5349
2363,2550,2456,-187,4913
2618,2526,2572,92,5144
2419,2500,2459,-81,4919
2540,2635,2587,-95,5175
2379,2586,2482,-207,4965
2660,2360,2510,300,5020
2476,2604,2540,-128,5080
2423,2672,2547,-249,5095
2705,2628,2666,77,5333
2621,2688,2654,-67,5309
2703,2739,2721,-36,5442
2602,2459,2530,143,5061
2396,2546,2471,-150,4942
2590,2468,2529,122,5058
2536,2382,2459,154,4918
2459,2552,2505,-93,5011
2605,2428,2516,177,5033
2534,2674,2604,-140,5208
2501,2458,2479,43,4959
2564,2553,2558,11,5117
2585,2655,2620,-70,5240
2446,2458,2452,-12,4904
2490,2573,2531,-83,5063
2569,2758,2663,-189,5327
2362,2562,2462,-200,4924
2463,2494,2478,-31,4957
2621,2514,2567,107,5135
2380,2734,2557,-354,5114
2551,2528,2539,23,5079
2654,2482,2568,172,5136
2716,2215,2465,501,4931
2708,2470,2589,238,5178
2618,2335,2476,283,4953
2577,2505,2541,72,5082
2686,2340,2513,346,5026
2516,2651,2583,-135,5167
2614,2717,2665,-103,5331
2462,2547,2504,-85,5009
2636,2738,2687,-102,5374
2436,2583,2509,-147,5019
2486,2527,2506,-41,5013
2607,2551,2579,56,5158
2478,2628,2553,-150,5106
2650,2569,2609,81,5219
2742,2659,2700,83,5401
2521,2464,2492,57,4985
2445,2612,2528,-167,5057
2513,2573,2543,-60,5086
2615,2414,2514,201,5029
2616,2722,2669,-106,5338
2660,2572,2616,88,5232
2382,2638,2510,-256,5020
2283,2690,2486,-407,4973
2697,2518,2607,179,5215
2520,2493,2506,27,5013
2557,2439,2498,118,4996
2696,2573,2634,123,5269
2406,2528,2467,-122,4934
2432,2526,2479,-94,4958
2700,2653,2676,47,5353
2592,2421,2506,171,5013
2566,2411,2488,155,4977
2511,2567,2539,-56,5078
2639,2734,2686,-95,5373
2730,2783,2756,-53,5513
2500,2626,2563,-126,5126
2540,2479,2509,61,5019
2328,2645,2486,-317,4973
2414,2544,2479,-130,4958
2559,2546,2552,13,5105
2582,2655,2618,-73,5237
2607,2352,2479,255,4959
2423,2513,2468,-90,4936
2675,2619,2647,56,5294
2623,2496,2559,127,5119
2537,2705,2621,-168,5242
2475,2504,2489,-29,4979
2468,2549,2508,-81,5017
2678,2689,2683,-11,5367
2802,2720,2761,82,5522
2512,2553,2532,-41,5065
2580,2635,2607,-55,5215
2541,2552,2546,-11,5093
2391,2521,2456,-130,4912
2513,2437,2475,76,4950
2626,2635,2630,-9,5261
2788,2770,2779,18,5558
2752,2661,2706,91,5413
2505,2499,2502,6,5004
2586,2382,2484,204,4968
2689,2591,2640,98,5280
2545,2560,2552,-15,5105
2462,2480,2471,-18,4942
2366,2602,2484,-236,4968
2612,2424,2518,188,5036
2683,2599,2641,84,5282
2440,2592,2516,-152,5032
2484,2551,2517,-67,5035
2761,2872,2816,-111,5633
2426,2570,2498,-144,4996
2463,2580,2521,-117,5043
2438,2567,2502,-129,5005
2661,2417,2539,244,5078
2461,2667,2564,-206,5128
2699,2714,2706,-15,5413
2446,2591,2518,-145,5037
2456,2587,2521,-131,5043
2653,2501,2577,152,5154
2590,2574,2582,16,5164
2481,2445,2463,36,4926
2556,2505,2530,51,5061
2613,2514,2563,99,5127
2716,2605,2660,111,5321
2644,2489,2566,155,5133
2358,2581,2469,-223,4939
2631,2416,2523,215,5047
2477,2589,2533,-112,5066
2563,2590,2576,-27,5153
2675,2693,2684,-18,5368
2449,2488,2468,-39,4937
2584,2693,2638,-109,5277
2597,2593,2595,4,5190
2695,2570,2632,125,5265
2493,2582,2537,-89,5075
2480,2597,2538,-117,5077
2496,2501,2498,-5,4997
2573,2447,2510,126,5020
2590,2568,2579,22,5158
2663,2437,2550,226,5100
2371,2558,2464,-187,4929
2625,2454,2539,171,5079
2457,2530,2493,-73,4987
2438,2591,2514,-153,5029
2718,2610,2664,108,5328
2625,2369,2497,256,4994
2549,2418,2483,131,4967
2487,2504,2495,-17,4991
2454,2450,2452,4,4904
2757,2872,2814,-115,5629
2662,2591,2626,71,5253
2460,2584,2522,-124,5044
2502,2599,2550,-97,5101
2506,2588,2547,-82,5094
2598,2495,2546,103,5093
2625,2472,2548,153,5097
2633,2304,2468,329,4937
2531,2547,2539,-16,5078
2492,2667,2579,-175,5159
2447,2556,2501,-109,5003
2396,2605,2500,-209,5001
2445,2574,2509,-129,5019
2417,2563,2490,-146,4980
2516,2418,2467,98,4934
2615,2599,2607,16,5214
2635,2464,2549,171,5099
2462,2537,2499,-75,4999
2577,2412,2494,165,4989
2751,2676,2713,75,5427
2653,2547,2600,106,5200
2813,2487,2650,326,5300
2556,2371,2463,185,4927
2658,2471,2564,187,5129
2601,2482,2541,119,5083
2591,2329,2460,262,4920
2382,2545,2463,-163,4927
2581,2631,2606,-50,5212
2456,2498,2477,-42,4954
2513,2484,2498,29,4997
2471,2663,2567,-192,5134
2711,2816,2763,-105,5527
2527,2622,2574,-95,5149
2641,2591,2616,50,5232
2507,2555,2531,-48,5062
2580,2454,2517,126,5034
2741,2565,2653,176,5306
2586,2357,2471,229,4943
2528,2413,2470,115,4941
2554,2625,2589,-71,5179
2424,2574,2499,-150,4998
2555,2426,2490,129,4981
2354,2552,2453,-198,4906
2556,2457,2506,99,5013
2642,2501,2571,141,5143
2599,2712,2655,-113,5311
2509,2546,2527,-37,5055
2515,2502,2508,13,5017
2713,2711,2712,2,5424
2632,2586,2609,46,5218
2364,2565,2464,-201,4929
2715,2707,2711,8,5422
2436,2505,2470,-69,4941
2476,2504,2490,-28,4980
2450,2490,2470,-40,4940
2408,2626,2517,-218,5034
2482,2539,2510,-57,5021
2405,2530,2467,-125,4935
2530,2537,2533,-7,5067
2423,2555,2489,-132,4978
2602,2416,2509,186,5018
2518,2558,2538,-40,5076
2412,2652,2532,-240,5064
2590,2500,2545,90,5090
2607,2295,2451,312,4902
2514,2544,2529,-30,5058
2546,2881,2713,-335,5427
2628,2593,2610,35,5221
2567,2447,2507,120,5014
2642,2282,2462,360,4924
2547,2691,2619,-144,5238
2582,2554,2568,28,5136
2688,2530,2609,158,5218
2651,2577,2614,74,5228
2404,2644,2524,-240,5048
2549,2574,2561,-25,5123
2565,2534,2549,31,5099
2365,2541,2453,-176,4906
2487,2595,2541,-108,5082
2659,2469,2564,190,5128
2631,2529,2580,102,5160
2435,2508,2471,-73,4943
2556,2630,2593,-74,5186
2645,2402,2523,243,5047
2481,2653,2567,-172,5134
2760,2713,2736,47,5473
2423,2491,2457,-68,4914
2416,2560,2488,-144,4976
2460,2534,2497,-74,4994
2645,2492,2568,153,5137
2620,2328,2474,292,4948
2404,2584,2494,-180,4988
2547,2408,2477,139,4955
2628,2772,2700,-144,5400
2671,2779,2725,-108,5450
2505,2666,2585,-161,5171
2617,2492,2554,125,5109
2579,2535,2557,44,5114
2702,2321,2511,381,5023
2737,2773,2755,-36,5510
2545,2589,2567,-44,5134
2691,2706,2698,-15,5397
2678,2582,2630,96,5260
2368,2561,2464,-193,4929
2483,2599,2541,-116,5082
2672,2666,2669,6,5338
2665,2560,2612,105,5225
2638,2734,2686,-96,5372
2548,2568,2558,-20,5116
2414,2606,2510,-192,5020
2489,2554,2521,-65,5043
2563,2544,2553,19,5107
2555,2550,2552,5,5105
2534,2480,2507,54,5014
2810,2740,2775,70,5550
2416,2563,2489,-147,4979
2394,2563,2478,-169,4957
2653,2531,2592,122,5184
2361,2580,2470,-219,4941
2641,2535,2588,106,5176
2722,2725,2723,-3,5447
2407,2551,2479,-144,4958
2636,2668,2652,-32,5304
2465,2513,2489,-48,4978
2542,2639,2590,-97,5181
2502,2618,2560,-116,5120
2543,2421,2482,122,4964
2616,2664,2640,-48,5280
2679,2742,2710,-63,5421
2571,2389,2480,182,4960
2616,2418,2517,198,5034
2658,2563,2610,95,5221
2451,2602,2526,-151,5053
2574,2405,2489,169,4979
2447,2617,2532,-170,5064
2559,2560,2559,-1,5119
2699,2606,2652,93,5305
2559,2556,2557,3,5115
2664,2614,2639,50,5278
2491,2442,2466,49,4933
2613,2698,2655,-85,5311
2601,2391,2496,210,4992
2705,2511,2608,194,5216
2471,2557,2514,-86,5028
2548,2416,2482,132,4964
2578,2397,2487,181,4975
2554,2555,2554,-1,5109
2501,2408,2454,93,4909
2584,2630,2607,-46,5214
2431,2626,2528,-195,5057
2595,2374,2484,221,4969
2489,2543,2516,-54,5032
2570,2533,2551,37,5103
2414,2501,2457,-87,4915
2446,2485,2465,-39,4931
2469,2502,2485,-33,4971
2678,2562,2620,116,5240
2598,2438,2518,160,5036
2413,2650,2531,-237,5063
2530,2524,2527,6,5054
2413,2553,2483,-140,4966
2762,2711,2736,51,5473
2626,2571,2598,55,5197
2663,2501,2582,162,5164
2529,2445,2487,84,4974
2534,2380,2457,154,4914
2313,2614,2463,-301,4927
2689,2648,2668,41,5337
2801,2706,2753,95,5507
2389,2548,2468,-159,4937
2632,2542,2587,90,5174
2677,2459,2568,218,5136
2692,2426,2559,266,5118
2625,2380,2502,245,5005
2625,2484,2554,141,5109
2500,2531,2515,-31,5031
2575,2544,2559,31,5119
2378,2787,2582,-409,5165
2622,2406,2514,216,5028
2753,2751,2752,2,5504
2429,2559,2494,-130,4988
2641,2645,2643,-4,5286
2726,2816,2771,-90,5542
2601,2450,2525,151,5051
2722,2589,2655,133,5311
2495,2501,2498,-6,4996
2635,2567,2601,68,5202
2638,2581,2609,57,5219
2556,2696,2626,-140,5252
2496,2666,2581,-170,5162
2531,2515,2523,16,5046
2468,2446,2457,22,4914
2526,2701,2613,-175,5227
2572,2383,2477,189,4955
2661,2383,2522,278,5044
2501,2507,2504,-6,5008
2731,2757,2744,-26,5488
2682,2488,2585,194,5170
2497,2498,2497,-1,4995
2700,2566,2633,134,5266
2492,2619,2555,-127,5111
2520,2624,2572,-104,5144
2482,2437,2459,45,4919
2383,2534,2458,-151,4917
2561,2520,2540,41,5081
2539,2645,2592,-106,5184
2696,2642,2669,54,5338
2773,2734,2753,39,5507
2562,2710,2636,-148,5272
2651,2657,2654,-6,5308
2560,2459,2509,101,5019
2686,2313,2499,373,4999
2639,2606,2622,33,5245
2662,2363,2512,299,5025
2696,2607,2651,89,5303
2700,2245,2472,455,4945
2518,2619,2568,-101,5137
2435,2594,2514,-159,5029
2542,2393,2467,149,4935
2522,2603,2562,-81,5125
2643,2556,2599,87,5199
2543,2605,2574,-62,5148
2715,2707,2711,8,5422
2572,2679,2625,-107,5251
2687,2617,2652,70,5304
2597,2404,2500,193,5001
2651,2498,2574,153,5149
2723,2721,2722,2,5444
2577,2711,2644,-134,5288
2674,2397,2535,277,5071
2491,2491,2491,0,4982
2397,2549,2473,-152,4946
2572,2384,2478,188,4956
2563,2620,2591,-57,5183
2698,2733,2715,-35,5431
2457,2446,2451,11,4903
2721,2783,2752,-62,5504
2613,2478,2545,135,5091
2605,2495,2550,110,5100
2754,2721,2737,33,5475
2724,2565,2644,159,5289
2399,2559,2479,-160,4958
2612,2543,2577,69,5155
2427,2542,2484,-115,4969
2625,2701,2663,-76,5326
2685,2622,2653,63,5307
2533,2635,2584,-102,5168
2632,2656,2644,-24,5288
2427,2528,2477,-101,4955
2501,2606,2553,-105,5107
2650,2614,2632,36,5264
2509,2456,2482,53,4965
2567,2629,2598,-62,5196
2490,2453,2471,37,4943
2648,2380,2514,268,5028
2579,2442,2510,137,5021
2610,2504,2557,106,5114
2502,2524,2513,-22,5026
2458,2526,2492,-68,4984
2376,2629,2502,-253,5005
2398,2729,2563,-331,5127
2610,2620,2615,-10,5230
2612,2582,2597,30,5194
2536,2422,2479,114,4958
2332,2663,2497,-331,4995
2778,2684,2731,94,5462
2567,2359,2463,208,4926
2459,2556,2507,-97,5015
2379,2618,2498,-239,4997
2545,2511,2528,34,5056
2388,2521,2454,-133,4909
2433,2470,2451,-37,4903
2405,2592,2498,-187,4997
2763,2548,2655,215,5311
2546,2775,2660,-229,5321
2554,2480,2517,74,5034
2709,2801,2755,-92,5510
2679,2617,2648,62,5296
2566,2412,2489,154,4978
2622,2657,2639,-35,5279
2544,2637,2590,-93,5181
2538,2485,2511,53,5023
2433,2559,2496,-126,4992
2698,2261,2479,437,4959
2499,2421,2460,78,4920
2738,2525,2631,213,5263
2537,2575,2556,-38,5112
2641,2571,2606,70,5212
2707,2555,2631,152,5262
2642,2589,2615,53,5231
2499,2483,2491,16,4982
2612,2641,2626,-29,5253
2523,2518,2520,5,5041
2734,2763,2748,-29,5497
2514,2405,2459,109,4919
2554,2557,2555,-3,5111
2594,2642,2618,-48,5236
2555,2389,2472,166,4944
2525,2565,2545,-40,5090
2621,2687,2654,-66,5308
2727,2577,2652,150,5304
2439,2582,2510,-143,5021
2404,2663,2533,-259,5067
2455,2674,2564,-219,5129
2625,2699,2662,-74,5324
2518,2404,2461,114,4922
2528,2434,2481,94,4962
2522,2631,2576,-109,5153
2616,2660,2638,-44,5276
2495,2601,2548,-106,5096
2455,2574,2514,-119,5029
2460,2448,2454,12,4908
2586,2435,2510,151,5021
2701,2616,2658,85,5317
2502,2475,2488,27,4977
2554,2461,2507,93,5015
2722,2562,2642,160,5284
2413,2641,2527,-228,5054
2668,2697,2682,-29,5365
2572,2391,2481,181,4963
2614,2305,2459,309,4919
2546,2683,2614,-137,5229
2519,2705,2612,-186,5224
2526,2625,2575,-99,5151
2552,2461,2506,91,5013
2677,2580,2628,97,5257
2580,2655,2617,-75,5235
2507,2560,2533,-53,5067
2373,2591,2482,-218,4964
2472,2547,2509,-75,5019
2539,2422,2480,117,4961
2565,2448,2506,117,5013
2565,2610,2587,-45,5175
2466,2742,2604,-276,5208
2624,2700,2662,-76,5324
2535,2403,2469,132,4938
2496,2499,2497,-3,4995
2506,2708,2607,-202,5214
2589,2470,2529,119,5059
2477,2437,2457,40,4914
2451,2554,2502,-103,5005
2407,2511,2459,-104,4918
2547,2499,2523,48,5046
2502,2502,2502,0,5004
2742,2720,2731,22,5462
2545,2616,2580,-71,5161
2529,2438,2483,91,4967
2739,2503,2621,236,5242
2656,2689,2672,-33,5345
2577,2539,2558,38,5116
2625,2602,2613,23,5227
2526,2548,2537,-22,5074
2429,2473,2451,-44,4902
2520,2480,2500,40,5000
2490,2458,2474,32,4948
2443,2556,2499,-113,4999
2550,2481,2515,69,5031
2639,2537,2588,102,5176
2648,2469,2558,179,5117
2666,2580,2623,86,5246
2616,2560,2588,56,5176
2620,2441,2530,179,5061
2582,2489,2535,93,5071
2674,2488,2581,186,5162
2335,2606,2470,-271,4941
2496,2427,2461,69,4923
2449,2613,2531,-164,5062
2604,2692,2648,-88,5296
2382,2564,2473,-182,4946
2539,2410,2474,129,4949
2381,2634,2507,-253,5015
2475,2501,2488,-26,4976
2723,2745,2734,-22,5468
2552,2354,2453,198,4906
2452,2537,2494,-85,4989
2581,2598,2589,-17,5179
2556,2533,2544,23,5089
2691,2570,2630,121,5261
2658,2486,2572,172,5144
2663,2654,2658,9,5317
2515,2531,2523,-16,5046
2586,2544,2565,42,5130
2493,2607,2550,-114,5100
2392,2601,2496,-209,4993
2632,2519,2575,113,5151
2648,2619,2633,29,5267
2400,2527,2463,-127,4927
2549,2655,2602,-106,5204
2717,2726,2721,-9,5443
2635,2594,2614,41,5229
2652,2553,2602,99,5205
2557,2542,2549,15,5099
2635,2679,2657,-44,5314
2561,2402,2481,159,4963
2510,2402,2456,108,4912
2458,2479,2468,-21,4937
2426,2579,2502,-153,5005
2554,2389,2471,165,4943
2363,2567,2465,-204,4930
2633,2526,2579,107,5159
2460,2486,2473,-26,4946
2593,2329,2461,264,4922
2571,2513,2542,58,5084
2475,2625,2550,-150,5100
2470,2595,2532,-125,5065
2547,2487,2517,60,5034
2638,2502,2570,136,5140
2572,2568,2570,4,5140
2368,2622,2495,-254,4990
2766,2748,2757,18,5514
2347,2616,2481,-269,4963
2511,2410,2460,101,4921
2610,2704,2657,-94,5314
2466,2556,2511,-90,5022
2568,2446,2507,122,5014
2501,2709,2605,-208,5210
2554,2517,2535,37,5071
2464,2632,2548,-168,5096
2504,2452,2478,52,4956
2646,2664,2655,-18,5310
2619,2312,2465,307,4931
2602,2710,2656,-108,5312
2376,2607,2491,-231,4983
2779,2548,2663,231,5327
2655,2252,2453,403,4907
2507,2571,2539,-64,5078
2370,2786,2578,-416,5156
2290,2629,2459,-339,4919
2460,2446,2453,14,4906
2518,2639,2578,-121,5157
2383,2569,2476,-186,4952
2524,2589,2556,-65,5113
2753,2864,2808,-111,5617
2531,2447,2489,84,4978
2658,2680,2669,-22,5338
2723,2632,2677,91,5355
2383,2603,2493,-220,4986
2486,2628,2557,-142,5114
2436,2477,2456,-41,4913
2347,2591,2469,-244,4938
2744,2772,2758,-28,5516
2678,2743,2710,-65,5421
2587,2630,2608,-43,5217
2578,2359,2468,219,4937
2599,2614,2606,-15,5213
2400,2594,2497,-194,4994
2493,2493,2493,0,4986
2650,2542,2596,108,5192
2354,2576,2465,-222,4930
2446,2503,2474,-57,4949
2551,2414,2482,137,4965
2500,2402,2451,98,4902
2520,2573,2546,-53,5093
2650,2723,2686,-73,5373
2525,2570,2547,-45,5095
2493,2556,2524,-63,5049
2354,2581,2467,-227,4935
2386,2598,2492,-212,4984
2698,2296,2497,402,4994
2567,2483,2525,84,5050
2316,2628,2472,-312,4944
2522,2481,2501,41,5003
2650,2621,2635,29,5271
2716,2564,2640,152,5280
2357,2634,2495,-277,4991
2575,2352,2463,223,4927
2568,2461,2514,107,5029
2640,2474,2557,166,5114
2792,2771,2781,21,5563
2786,2775,2780,11,5561
2652,2643,2647,9,5295
2663,2837,2750,-174,5500
2460,2453,2456,7,4913
2596,2497,2546,99,5093
2495,2430,2462,65,4925
2712,2661,2686,51,5373
2509,2432,2470,77,4941
2606,2723,2664,-117,5329
2520,2655,2587,-135,5175
2500,2501,2500,-1,5001
2698,2642,2670,56,5340
2394,2581,2487,-187,4975
2656,2492,2574,164,5148
2593,2703,2648,-110,5296
2360,2647,2503,-287,5007
2701,2647,2674,54,5348
2722,2622,2672,100,5344
2381,2551,2466,-170,4932
2528,2408,2468,120,4936
2616,2789,2702,-173,5405
2608,2640,2624,-32,5248
2610,2462,2536,148,5072
2599,2634,2616,-35,5233
2569,2512,2540,57,5081
2713,2734,2723,-21,5447
2471,2509,2490,-38,4980
2717,2662,2689,55,5379
2516,2649,2582,-133,5165
2613,2815,2714,-202,5428
2501,2565,2533,-64,5066
2425,2631,2528,-206,5056
2545,2391,2468,154,4936
2454,2501,2477,-47,4955
2436,2584,2510,-148,5020
2421,2644,2532,-223,5065
2451,2655,2553,-204,5106
2535,2605,2570,-70,5140
2513,2539,2526,-26,5052
2514,2402,2458,112,4916
2621,2613,2617,8,5234
2553,2440,2496,113,4993
2338,2661,2499,-323,4999
2390,2643,2516,-253,5033
2584,2567,2575,17,5151
2604,2455,2529,149,5059
2554,2698,2626,-144,5252
2692,2654,2673,38,5346
2602,2543,2572,59,5145
2724,2628,2676,96,5352
2555,2530,2542,25,5085
2585,2317,2451,268,4902
2562,2634,2598,-72,5196
2743,2678,2710,65,5421
2640,2569,2604,71,5209
2590,2484,2537,106,5074
2414,2662,2538,-248,5076
2642,2671,2656,-29,5313
2521,2488,2504,33,5009
2459,2595,2527,-136,5054
2602,2476,2539,126,5078
2793,2779,2786,14,5572
2617,2295,2456,322,4912
2625,2658,2641,-33,5283
2538,2579,2558,-41,5117
2664,2704,2684,-40,5368
2526,2533,2529,-7,5059
2482,2524,2503,-42,5006
2520,2479,2499,41,4999
2446,2501,2473,-55,4947
2681,2596,2638,85,5277
2551,2528,2539,23,5079
2422,2519,2470,-97,4941
2424,2481,2452,-57,4905
2392,2537,2464,-145,4929
2508,2517,2512,-9,5025
2698,2733,2715,-35,5431
2663,2598,2630,65,5261
2741,2772,2756,-31,5513
2696,2651,2673,45,5347
2672,2488,2580,184,5160
2501,2527,2514,-26,5028
2672,2746,2709,-74,5418
2351,2561,2456,-210,4912
2782,2753,2767,29,5535
2612,2499,2555,113,5111
2508,2453,2480,55,4961
2567,2697,2632,-130,5264
2713,2712,2712,1,5425
2805,2768,2786,37,5573
2460,2520,2490,-60,4980
2371,2646,2508,-275,5017
2518,2620,2569,-102,5138
2618,2740,2679,-122,5358
2686,2559,2622,127,5245
2560,2442,2501,118,5002
2654,2549,2601,105,5203
2497,2444,2470,53,4941
2598,2389,2493,209,4987
2237,2759,2498,-522,4996
2585,2606,2595,-21,5191
2503,2532,2517,-29,5035
2481,2590,2535,-109,5071
2662,2653,2657,9,5315
2637,2436,2536,201,5073
2708,2731,2719,-23,5439
2663,2667,2665,-4,5330
2386,2602,2494,-216,4988
2516,2434,2475,82,4950
2508,2655,2581,-147,5163
2524,2419,2471,105,4943
2699,2710,2704,-11,5409
2615,2580,2597,35,5195
2619,2707,2663,-88,5326
2572,2526,2549,46,5098
2588,2393,2490,195,4981
2755,2611,2683,144,5366
2522,2386,2454,136,4908
2676,2624,2650,52,5300
2482,2445,2463,37,4927
2421,2547,2484,-126,4968
2632,2428,2530,204,5060
2630,2344,2487,286,4974
2456,2472,2464,-16,4928
2665,2655,2660,10,5320
2689,2407,2548,282,5096
2716,2584,2650,132,5300
2792,2628,2710,164,5420
2475,2562,2518,-87,5037
2480,2650,2565,-170,5130
2370,2573,2471,-203,4943
2723,2783,2753,-60,5506
2543,2436,2489,107,4979
2656,2628,2642,28,5284
2371,2532,2451,-161,4903
2496,2507,2501,-11,5003
2502,2639,2570,-137,5141
2442,2567,2504,-125,5009
2492,2650,2571,-158,5142
2521,2622,2571,-101,5143
2507,2439,2473,68,4946
2698,2461,2579,237,5159
2770,2599,2684,171,5369
2636,2509,2572,127,5145
2522,2577,2549,-55,5099
2506,2402,2454,104,4908
2423,2492,2457,-69,4915
2306,2601,2453,-295,4907
2426,2660,2543,-234,5086
2378,2614,2496,-236,4992
2413,2584,2498,-171,4997
2590,2375,2482,215,4965
2517,2530,2523,-13,5047
2688,2482,2585,206,5170
2427,2502,2464,-75,4929
2496,2550,2523,-54,5046
2685,2397,2541,288,5082
2578,2441,2509,137,5019
2624,2471,2547,153,5095
2476,2549,2512,-73,5025
2544,2551,2547,-7,5095
2481,2508,2494,-27,4989
2565,2514,2539,51,5079
2387,2523,2455,-136,4910
2675,2546,2610,129,5221
2582,2548,2565,34,5130
2524,2504,2514,20,5028
2323,2583,2453,-260,4906
2724,2631,2677,93,5355
2562,2693,2627,-131,5255
2457,2467,2462,-10,4924
2646,2524,2585,122,5170
2596,2399,2497,197,4995
2737,2723,2730,14,5460
2432,2704,2568,-272,5136
2404,2583,2493,-179,4987
2522,2404,2463,118,4926
2693,2607,2650,86,5300
2684,2440,2562,244,5124
2651,2683,2667,-32,5334
2582,2505,2543,77,5087
2772,2702,2737,70,5474
2522,2454,2488,68,4976
2384,2571,2477,-187,4955
2611,2531,2571,80,5142
2651,2734,2692,-83,5385
2556,2533,2544,23,5089
2251,2659,2455,-408,4910
2678,2633,2655,45,5311
2384,2647,2515,-263,5031
2547,2514,2530,33,5061
2609,2558,2583,51,5167
2459,2581,2520,-122,5040
2497,2435,2466,62,4932
2409,2564,2486,-155,4973
2659,2430,2544,229,5089
2389,2647,2518,-258,5036
2459,2443,2451,16,4902
2439,2506,2472,-67,4945
2663,2636,2649,27,5299
2516,2532,2524,-16,5048
2545,2489,2517,56,5034
2440,2641,2540,-201,5081
2651,2630,2640,21,5281
2496,2516,2506,-20,5012
2637,2579,2608,58,5216
2613,2692,2652,-79,5305
2613,2442,2527,171,5055
2647,2570,2608,77,5217
2531,2409,2470,122,4940
2651,2620,2635,31,5271
2459,2615,2537,-156,5074
2520,2569,2544,-49,5089
2684,2773,2728,-89,5457
2634,2455,2544,179,5089
2606,2453,2529,153,5059
2731,2772,2751,-41,5503
2359,2621,2490,-262,4980
2711,2482,2596,229,5193
2553,2560,2556,-7,5113
2447,2616,2531,-169,5063
2447,2565,2506,-118,5012
2639,2469,2554,170,5108
2614,2524,2569,90,5138
2593,2471,2532,122,5064
2392,2653,2522,-261,5045
2785,2779,2782,6,5564
2629,2733,2681,-104,5362
2426,2550,2488,-124,4976
2669,2519,2594,150,5188
2558,2462,2510,96,5020
2494,2431,2462,63,4925
2426,2609,2517,-183,5035
2645,2586,2615,59,5231
2734,2718,2726,16,5452
2471,2733,2602,-262,5204
2720,2772,2746,-52,5492
2539,2644,2591,-105,5183
2536,2515,2525,21,5051
2628,2471,2549,157,5099
2487,2638,2562,-151,5125
2667,2601,2634,66,5268
2507,2552,2529,-45,5059
2688,2624,2656,64,5312
2560,2389,2474,171,4949
2771,2733,2752,38,5504
2501,2557,2529,-56,5058
2564,2491,2527,73,5055
2418,2617,2517,-199,5035
2564,2548,2556,16,5112
2476,2566,2521,-90,5042
2475,2571,2523,-96,5046
2443,2481,2462,-38,4924
2730,2735,2732,-5,5465
2593,2384,2488,209,4977
2407,2579,2493,-172,4986
2593,2437,2515,156,5030
2705,2628,2666,77,5333
2569,2571,2570,-2,5140
2665,2656,2660,9,5321
2528,2520,2524,8,5048
2386,2602,2494,-216,4988
2395,2518,2456,-123,4913
2649,2680,2664,-31,5329
2506,2565,2535,-59,5071
2456,2619,2537,-163,5075
2542,2405,2473,137,4947
2506,2449,2477,57,4955
2700,2615,2657,85,5315
2463,2547,2505,-84,5010
2485,2596,2540,-111,5081
2539,2605,2572,-66,5144
2601,2416,2508,185,5017
2508,2581,2544,-73,5089
2749,2216,2482,533,4965
2544,2716,2630,-172,5260
2582,2402,2492,180,4984
2564,2674,2619,-110,5238
2483,2508,2495,-25,4991
2512,2638,2575,-126,5150
2624,2579,2601,45,5203
2594,2517,2555,77,5111
2644,2510,2577,134,5154
2539,2671,2605,-132,5210
2764,2766,2765,-2,5530
2506,2543,2524,-37,5049
2532,2440,2486,92,4972
2625,2476,2550,149,5101
2458,2470,2464,-12,4928
2508,2610,2559,-102,5118
2483,2495,2489,-12,4978
2416,2710,2563,-294,5126
2687,2707,2697,-20,5394
2659,2344,2501,315,5003
2637,2524,2580,113,5161
2498,2453,2475,45,4951
2401,2548,2474,-147,4949
2595,2601,2598,-6,5196
2752,2591,2671,161,5343
2364,2569,2466,-205,4933
2385,2665,2525,-280,5050
2591,2466,2528,125,5057
2375,2569,2472,-194,4944
2407,2520,2463,-113,4927
2516,2516,2516,0,5032
2532,2406,2469,126,4938
2521,2501,2511,20,5022
2688,2515,2601,173,5203
2627,2464,2545,163,5091
2632,2419,2525,213,5051
2645,2881,2763,-236,5526
2559,2383,2471,176,4942
2727,2744,2735,-17,5471
2516,2396,2456,120,4912
2408,2505,2456,-97,4913
2656,2373,2514,283,5029
2570,2676,2623,-106,5246
2488,2660,2574,-172,5148
2526,2528,2527,-2,5054
2586,2700,2643,-114,5286
2423,2543,2483,-120,4966
2764,2711,2737,53,5475
2628,2440,2534,188,5068
2375,2559,2467,-184,4934
2548,2578,2563,-30,5126
2593,2520,2556,73,5113
2396,2552,2474,-156,4948
2464,2686,2575,-222,5150
2505,2650,2577,-145,5155
2516,2482,2499,34,4998
2631,2563,2597,68,5194
2440,2567,2503,-127,5007
2594,2466,2530,128,5060
2496,2541,2518,-45,5037
2483,2491,2487,-8,4974
2637,2556,2596,81,5193
2521,2458,2489,63,4979
2668,2460,2564,208,5128
2591,2492,2541,99,5083
2346,2559,2452,-213,4905
2541,2446,2493,95,4987
2632,2663,2647,-31,5295
2608,2447,2527,161,5055
2390,2607,2498,-217,4997
2710,2285,2497,425,4995
2727,2549,2638,178,5276
2546,2422,2484,124,4968
2566,2714,2640,-148,5280
2451,2712,2581,-261,5163
2713,2735,2724,-22,5448
2454,2450,2452,4,4904
2578,2624,2601,-46,5202
2532,2636,2584,-104,5168
2702,2705,2703,-3,5407
2691,2427,2559,264,5118
2362,2557,2459,-195,4919
2730,2775,2752,-45,5505
2511,2467,2489,44,4978
2639,2564,2601,75,5203
2503,2547,2525,-44,5050
2663,2615,2639,48,5278
2483,2425,2454,58,4908
2423,2556,2489,-133,4979
2731,2685,2708,46,5416
2520,2470,2495,50,4990
2414,2616,2515,-202,5030
2659,2546,2602,113,5205
2417,2492,2454,-75,4909
2677,2569,2623,108,5246
2581,2564,2572,17,5145
2459,2473,2466,-14,4932
2586,2561,2573,25,5147
2617,2670,2643,-53,5287
2528,2653,2590,-125,5181
2690,2590,2640,100,5280
2433,2543,2488,-110,4976
2555,2459,2507,96,5014
2423,2484,2453,-61,4907
2622,2709,2665,-87,5331
2421,2625,2523,-204,5046
2485,2730,2607,-245,5215
2541,2669,2605,-128,5210
2479,2448,2463,31,4927
2705,2661,2683,44,5366
2417,2522,2469,-105,4939
2403,2590,2496,-187,4993
2684,2501,2592,183,5185
2639,2608,2623,31,5247
2537,2526,2531,11,5063
2389,2576,2482,-187,4965
2614,2309,2461,305,4923
2737,2743,2740,-6,5480
2641,2567,2604,74,5208
2680,2438,2559,242,5118
2590,2618,2604,-28,5208
2514,2429,2471,85,4943
2462,2536,2499,-74,4998
2641,2412,2526,229,5053
2452,2657,2554,-205,5109
2574,2457,2515,117,5031
2586,2325,2455,261,4911
2529,2495,2512,34,5024
2785,2506,2645,279,5291
2480,2495,2487,-15,4975
2714,2425,2569,289,5139
2383,2560,2471,-177,4943
2733,2578,2655,155,5311
2553,2664,2608,-111,5217
2270,2687,2478,-417,4957
2621,2698,2659,-77,5319
2520,2613,2566,-93,5133
2412,2491,2451,-79,4903
2546,2416,2481,130,4962
2611,2331,2471,280,4942
2566,2746,2656,-180,5312
2378,2638,2508,-260,5016
2636,2474,2555,162,5110
2499,2428,2463,71,4927
2515,2395,2455,120,4910
2423,2595,2509,-172,5018
2516,2570,2543,-54,5086
2441,2511,2476,-70,4952
2549,2451,2500,98,5000
2454,2460,2457,-6,4914
2412,2527,2469,-115,4939
2454,2550,2502,-96,5004
2527,2483,2505,44,5010
2612,2705,2658,-93,5317
2675,2723,2699,-48,5398
2538,2465,2501,73,5003
2598,2471,2534,127,5069
2407,2586,2496,-179,4993
2430,2527,2478,-97,4957
2516,2571,2543,-55,5087
2579,2407,2493,172,4986
2627,2570,2598,57,5197
2408,2619,2513,-211,5027
2490,2655,2572,-165,5145
2633,2461,2547,172,5094
2520,2542,2531,-22,5062
2593,2548,2570,45,5141
2476,2691,2583,-215,5167
2601,2306,2453,295,4907
2491,2645,2568,-154,5136
2663,2702,2682,-39,5365
2628,2336,2482,292,4964
2434,2619,2526,-185,5053
2569,2700,2634,-131,5269
2559,2577,2568,-18,5136
2445,2553,2499,-108,4998
2737,2764,2750,-27,5501
2447,2683,2565,-236,5130
2608,2492,2550,116,5100
2400,2562,2481,-162,4962
2491,2556,2523,-65,5047
2401,2597,2499,-196,4998
2442,2528,2485,-86,4970
2640,2612,2626,28,5252
2584,2466,2525,118,5050
2465,2608,2536,-143,5073
2626,2698,2662,-72,5324
2623,2631,2627,-8,5254
2266,2661,2463,-395,4927
2534,2542,2538,-8,5076
2630,2469,2549,161,5099
2486,2637,2561,-151,5123
2652,2399,2525,253,5051
2438,2636,2537,-198,5074
2531,2512,2521,19,5043
2441,2681,2561,-240,5122
2551,2483,2517,68,5034
2550,2575,2562,-25,5125
2477,2430,2453,47,4907
2574,2529,2551,45,5103
2608,2462,2535,146,5070
2363,2577,2470,-214,4940
2605,2684,2644,-79,5289
2705,2327,2516,378,5032
2699,2658,2678,41,5357
2789,2743,2766,46,5532
2617,2409,2513,208,5026
2566,2357,2461,209,4923
2407,2564,2485,-157,4971
2607,2543,2575,64,5150
2460,2521,2490,-61,4981
2534,2508,2521,26,5042
2580,2435,2507,145,5015
2669,2555,2612,114,5224
2567,2468,2517,99,5035
2398,2530,2464,-132,4928
2430,2706,2568,-276,5136
2498,2702,2600,-204,5200
2475,2696,2585,-221,5171
2580,2719,2649,-139,5299
2533,2531,2532,2,5064
2536,2656,2596,-120,5192
2600,2577,2588,23,5177
2709,2643,2676,66,5352
2589,2634,2611,-45,5223
2522,2618,2570,-96,5140
2559,2512,2535,47,5071
2639,2481,2560,158,5120
2657,2420,2538,237,5077
2437,2568,2502,-131,5005
2338,2686,2512,-348,5024
2611,2604,2607,7,5215
2619,2730,2674,-111,5349
2509,2538,2523,-29,5047
2700,2698,2699,2,5398
2533,2424,2478,109,4957
2652,2737,2694,-85,5389
2616,2607,2611,9,5223
2466,2465,2465,1,4931
2634,2530,2582,104,5164
2702,2732,2717,-30,5434
2527,2380,2453,147,4907
2404,2557,2480,-153,4961
2568,2545,2556,23,5113
2483,2732,2607,-249,5215
2495,2509,2502,-14,5004
2527,2562,2544,-35,5089
2402,2557,2479,-155,4959
2683,2424,2553,259,5107
2660,2650,2655,10,5310
2505,2513,2509,-8,5018
2445,2512,2478,-67,4957
2556,2494,2525,62,5050
2380,2531,2455,-151,4911
2657,2571,2614,86,5228
2482,2428,2455,54,4910
2780,2810,2795,-30,5590
2514,2607,2560,-93,5121
2661,2470,2565,191,5131
2583,2336,2459,247,4919
2683,2717,2700,-34,5400
2528,2502,2515,26,5030
2553,2549,2551,4,5102
2450,2573,2511,-123,5023
2655,2417,2536,238,5072
2448,2507,2477,-59,4955
2483,2732,2607,-249,5215
2738,2749,2743,-11,5487
2423,2533,2478,-110,4956
2749,2455,2602,294,5204
2579,2588,2583,-9,5167
2346,2562,2454,-216,4908
2470,2534,2502,-64,5004
2564,2506,2535,58,5070
2647,2341,2494,306,4988
2516,2562,2539,-46,5078
2502,2488,2495,14,4990
2523,2594,2558,-71,5117
2418,2549,2483,-131,4967
2485,2519,2502,-34,5004
2580,2454,2517,126,5034
2402,2561,2481,-159,4963
2418,2507,2462,-89,4925
2539,2555,2547,-16,5094
2604,2723,2663,-119,5327
2642,2563,2602,79,5205
2628,2625,2626,3,5253
2414,2716,2565,-302,5130
2580,2788,2684,-208,5368
2549,2644,2596,-95,5193
2737,2736,2736,1,5473
2636,2397,2516,239,5033
2731,2593,2662,138,5324
2518,2561,2539,-43,5079
2764,2741,2752,23,5505
2716,2784,2750,-68,5500
2540,2522,2531,18,5062
2555,2543,2549,12,5098
2311,2639,2475,-328,4950
2516,2671,2593,-155,5187
2500,2630,2565,-130,5130
2605,2683,2644,-78,5288
2741,2727,2734,14,5468
2617,2711,2664,-94,5328
2564,2357,2460,207,4921
2421,2517,2469,-96,4938
2540,2478,2509,62,5018
2532,2443,2487,89,4975
2365,2593,2479,-228,4958
2567,2489,2528,78,5056
2684,2251,2467,433,4935
2595,2623,2609,-28,5218
2508,2567,2537,-59,5075
2473,2576,2524,-103,5049
2485,2420,2452,65,4905
2648,2632,2640,16,5280
2495,2448,2471,47,4943
2442,2622,2532,-180,5064
2641,2707,2674,-66,5348
2548,2518,2533,30,5066
2509,2452,2480,57,4961
2455,2547,2501,-92,5002
2554,2543,2548,11,5097
2679,2614,2646,65,5293
2706,2558,2632,148,5264
2679,2636,2657,43,5315
2440,2512,2476,-72,4952
2469,2601,2535,-132,5070
2568,2407,2487,161,4975
2635,2617,2626,18,5252
2607,2577,2592,30,5184
2752,2711,2731,41,5463
2633,2398,2515,235,5031
2431,2558,2494,-127,4989
2562,2403,2482,159,4965
2554,2378,2466,176,4932
2627,2671,2649,-44,5298
2439,2587,2513,-148,5026
2626,2474,2550,152,5100
2452,2651,2551,-199,5103
2528,2384,2456,144,4912
2681,2526,2603,155,5207
2684,2403,2543,281,5087
2671,2691,2681,-20,5362
2526,2683,2604,-157,5209
2541,2605,2573,-64,5146
2504,2566,2535,-62,5070
2693,2670,2681,23,5363
2471,2659,2565,-188,5130
2546,2589,2567,-43,5135
2661,2687,2674,-26,5348
2620,2543,2581,77,5163
2546,2568,2557,-22,5114
2705,2695,2700,10,5400
2470,2636,2553,-166,5106
2398,2551,2474,-153,4949
2499,2554,2526,-55,5053
2339,2579,2459,-240,4918
2461,2513,2487,-52,4974
2646,2336,2491,310,4982
2650,2572,2611,78,5222
2453,2511,2482,-58,4964
2401,2678,2539,-277,5079
2770,2580,2675,190,5350
2710,2709,2709,1,5419
2801,2543,2672,258,5344
2512,2412,2462,100,4924
2494,2554,2524,-60,5048
2386,2703,2544,-317,5089
2598,2632,2615,-34,5230
2515,2401,2458,114,4916
2771,2881,2826,-110,5652
2646,2569,2607,77,5215
2743,2671,2707,72,5414
2292,2654,2473,-362,4946
2442,2621,2531,-179,5063
2423,2593,2508,-170,5016
2655,2468,2561,187,5123
2437,2583,2510,-146,5020
2455,2614,2534,-159,5069
2496,2486,2491,10,4982
2479,2427,2453,52,4906
2546,2543,2544,3,5089
2544,2652,2598,-108,5196
2604,2470,2537,134,5074
2543,2651,2597,-108,5194
2501,2441,2471,60,4942
2411,2622,2516,-211,5033
2650,2409,2529,241,5059
2419,2601,2510,-182,5020
2356,2603,2479,-247,4959
2595,2417,2506,178,5012
2505,2492,2498,13,4997
2726,2575,2650,151,5301
2556,2506,2531,50,5062
2584,2708,2646,-124,5292
2461,2556,2508,-95,5017
2762,2679,2720,83,5441
2336,2598,2467,-262,4934
2483,2718,2600,-235,5201
2499,2663,2581,-164,5162
2630,2580,2605,50,5210
2438,2499,2468,-61,4937
2682,2563,2622,119,5245
2634,2698,2666,-64,5332
2633,2659,2646,-26,5292
2298,2615,2456,-317,4913
2803,2783,2793,20,5586
2679,2801,2740,-122,5480
2548,2537,2542,11,5085
2491,2421,2456,70,4912
2718,2235,2476,483,4953
2575,2411,2493,164,4986
2554,2713,2633,-159,5267
2701,2785,2743,-84,5486
2555,2540,2547,15,5095
2508,2534,2521,-26,5042
2611,2423,2517,188,5034
2654,2510,2582,144,5164
2460,2539,2499,-79,4999
2605,2591,2598,14,5196
2441,2598,2519,-157,5039
2632,2531,2581,101,5163
2620,2376,2498,244,4996
2391,2513,2452,-122,4904
2634,2541,2587,93,5175
