,WhiteElo,BlackElo,MeanElos,DiffElos,SumElos,Class
10,2108,2273,2190,-165,4381,3
11,2047,2186,2116,-139,4233,3
15,2054,2099,2076,-45,4153,3
17,1860,2464,2162,-604,4324,3
21,1979,2263,2121,-284,4242,3
25,2332,2334,2333,-2,4666,3
26,2119,2136,2127,-17,4255,3
30,1933,2207,2070,-274,4140,3
31,1941,2184,2062,-243,4125,3
33,1889,2307,2098,-418,4196,3
36,1992,2119,2055,-127,4111,3
41,2133,2214,2173,-81,4347,3
42,2024,2517,2270,-493,4541,3
43,2079,2202,2140,-123,4281,3
44,2101,2330,2215,-229,4431,3
46,2148,2197,2172,-49,4345,3
47,2124,2392,2258,-268,4516,3
48,2246,2426,2336,-180,4672,3
52,2207,2402,2304,-195,4609,3
57,2311,2352,2331,-41,4663,3
60,2232,2344,2288,-112,4576,3
63,1902,2145,2023,-243,4047,3
67,2056,2265,2160,-209,4321,3
72,2152,2255,2203,-103,4407,3
78,2051,2185,2118,-134,4236,3
79,1945,2171,2058,-226,4116,3
86,2119,2199,2159,-80,4318,3
96,1890,2498,2194,-608,4388,3
103,2065,2282,2173,-217,4347,3
110,1935,2210,2072,-275,4145,3
121,2087,2372,2229,-285,4459,3
132,2069,2515,2292,-446,4584,3
134,2072,2251,2161,-179,4323,3
140,2126,2168,2147,-42,4294,3
143,2164,2191,2177,-27,4355,3
144,2211,2317,2264,-106,4528,3
145,2013,2245,2129,-232,4258,3
147,2050,2088,2069,-38,4138,3
148,1846,2337,2091,-491,4183,3
149,2275,2422,2348,-147,4697,3
153,1788,2212,2000,-424,4000,3
165,2075,2369,2222,-294,4444,3
166,2030,2232,2131,-202,4262,3
169,1985,2255,2120,-270,4240,3
173,2177,2356,2266,-179,4533,3
174,2145,2351,2248,-206,4496,3
179,2119,2363,2241,-244,4482,3
182,2091,2581,2336,-490,4672,3
186,2229,2457,2343,-228,4686,3
192,2022,2205,2113,-183,4227,3
193,2154,2307,2230,-153,4461,3
197,1922,2363,2142,-441,4285,3
200,2049,2309,2179,-260,4358,3
204,2172,2351,2261,-179,4523,3
207,2160,2275,2217,-115,4435,3
216,2190,2306,2248,-116,4496,3
218,2091,2419,2255,-328,4510,3
219,2205,2310,2257,-105,4515,3
223,2263,2307,2285,-44,4570,3
225,1894,2465,2179,-571,4359,3
227,2140,2375,2257,-235,4515,3
234,2045,2387,2216,-342,4432,3
241,2026,2447,2236,-421,4473,3
249,1972,2356,2164,-384,4328,3
254,2328,2318,2323,10,4646,3
256,2044,2181,2112,-137,4225,3
258,1978,2186,2082,-208,4164,3
264,2061,2145,2103,-84,4206,3
265,2256,2377,2316,-121,4633,3
267,2161,2532,2346,-371,4693,3
270,2224,2428,2326,-204,4652,3
274,2030,2183,2106,-153,4213,3
275,2032,2279,2155,-247,4311,3
277,2174,2261,2217,-87,4435,3
286,1902,2153,2027,-251,4055,3
291,2225,2234,2229,-9,4459,3
292,2191,2520,2355,-329,4711,3
293,2265,2381,2323,-116,4646,3
295,2078,2639,2358,-561,4717,3
296,1989,2174,2081,-185,4163,3
297,2084,2461,2272,-377,4545,3
298,2064,2174,2119,-110,4238,3
300,2149,2446,2297,-297,4595,3
302,2241,2439,2340,-198,4680,3
308,1974,2140,2057,-166,4114,3
332,1884,2547,2215,-663,4431,3
336,1921,2308,2114,-387,4229,3
337,2136,2243,2189,-107,4379,3
339,2009,2293,2151,-284,4302,3
342,2166,2416,2291,-250,4582,3
352,2209,2338,2273,-129,4547,3
354,2123,2358,2240,-235,4481,3
355,2015,2507,2261,-492,4522,3
359,1967,2215,2091,-248,4182,3
361,2224,2356,2290,-132,4580,3
362,2144,2534,2339,-390,4678,3
370,1937,2155,2046,-218,4092,3
371,2164,2434,2299,-270,4598,3
373,2184,2473,2328,-289,4657,3
379,2095,2193,2144,-98,4288,3
381,2053,2205,2129,-152,4258,3
385,2173,2400,2286,-227,4573,3
388,2049,2328,2188,-279,4377,3
389,1872,2288,2080,-416,4160,3
397,1767,2455,2111,-688,4222,3
399,2127,2498,2312,-371,4625,3
401,2203,2365,2284,-162,4568,3
402,2313,2366,2339,-53,4679,3
405,2176,2359,2267,-183,4535,3
410,1982,2324,2153,-342,4306,3
421,2272,2445,2358,-173,4717,3
424,2066,2198,2132,-132,4264,3
428,2309,2356,2332,-47,4665,3
432,2271,2379,2325,-108,4650,3
435,1895,2347,2121,-452,4242,3
437,1898,2460,2179,-562,4358,3
445,2261,2427,2344,-166,4688,3
449,1747,2262,2004,-515,4009,3
457,2039,2248,2143,-209,4287,3
458,2153,2294,2223,-141,4447,3
460,1951,2213,2082,-262,4164,3
466,1836,2301,2068,-465,4137,3
477,2070,2156,2113,-86,4226,3
480,2050,2084,2067,-34,4134,3
484,2285,2356,2320,-71,4641,3
490,2132,2264,2198,-132,4396,3
499,2053,2340,2196,-287,4393,3
500,2138,2335,2236,-197,4473,3
501,2257,2308,2282,-51,4565,3
511,2035,2145,2090,-110,4180,3
512,2254,2325,2289,-71,4579,3
513,1980,2212,2096,-232,4192,3
514,1881,2295,2088,-414,4176,3
516,2025,2103,2064,-78,4128,3
517,2322,2315,2318,7,4637,3
518,2234,2379,2306,-145,4613,3
522,2259,2422,2340,-163,4681,3
524,2024,2189,2106,-165,4213,3
534,2098,2135,2116,-37,4233,3
543,1932,2153,2042,-221,4085,3
545,2277,2273,2275,4,4550,3
548,2246,2261,2253,-15,4507,3
554,2275,2409,2342,-134,4684,3
558,2192,2386,2289,-194,4578,3
566,1916,2221,2068,-305,4137,3
568,2246,2325,2285,-79,4571,3
592,2068,2208,2138,-140,4276,3
596,1901,2201,2051,-300,4102,3
601,1976,2273,2124,-297,4249,3
604,1598,2319,1958,-721,3917,3
607,2100,2224,2162,-124,4324,3
615,2261,2442,2351,-181,4703,3
622,2164,2395,2279,-231,4559,3
623,2110,2288,2199,-178,4398,3
626,2181,2351,2266,-170,4532,3
631,2069,2345,2207,-276,4414,3
634,2135,2258,2196,-123,4393,3
635,2121,2207,2164,-86,4328,3
641,2162,2271,2216,-109,4433,3
645,1926,2126,2026,-200,4052,3
646,2235,2440,2337,-205,4675,3
647,2295,2307,2301,-12,4602,3
665,1987,2321,2154,-334,4308,3
670,1973,2248,2110,-275,4221,3
675,2318,2349,2333,-31,4667,3
678,2281,2377,2329,-96,4658,3
681,2153,2463,2308,-310,4616,3
708,2083,2100,2091,-17,4183,3
709,2238,2366,2302,-128,4604,3
716,2132,2553,2342,-421,4685,3
718,1849,2223,2036,-374,4072,3
720,2051,2380,2215,-329,4431,3
722,2221,2336,2278,-115,4557,3
725,2194,2339,2266,-145,4533,3
727,2111,2301,2206,-190,4412,3
737,1944,2152,2048,-208,4096,3
751,2009,2437,2223,-428,4446,3
767,2199,2395,2297,-196,4594,3
775,2208,2384,2296,-176,4592,3
781,2012,2313,2162,-301,4325,3
782,2174,2368,2271,-194,4542,3
786,2285,2433,2359,-148,4718,3
793,2286,2314,2300,-28,4600,3
795,2137,2288,2212,-151,4425,3
799,2107,2155,2131,-48,4262,3
803,2036,2425,2230,-389,4461,3
804,2025,2416,2220,-391,4441,3
806,2046,2245,2145,-199,4291,3
812,2217,2436,2326,-219,4653,3
817,2275,2319,2297,-44,4594,3
833,2159,2329,2244,-170,4488,3
836,2125,2256,2190,-131,4381,3
838,2193,2421,2307,-228,4614,3
839,2251,2449,2350,-198,4700,3
840,2247,2412,2329,-165,4659,3
847,1822,2200,2011,-378,4022,3
851,2205,2436,2320,-231,4641,3
852,2021,2287,2154,-266,4308,3
853,2056,2240,2148,-184,4296,3
855,2253,2292,2272,-39,4545,3
857,2076,2324,2200,-248,4400,3
859,2208,2328,2268,-120,4536,3
868,2269,2369,2319,-100,4638,3
870,2064,2239,2151,-175,4303,3
876,2053,2236,2144,-183,4289,3
878,2083,2449,2266,-366,4532,3
884,1957,2142,2049,-185,4099,3
887,2010,2523,2266,-513,4533,3
896,2086,2359,2222,-273,4445,3
902,1972,2096,2034,-124,4068,3
904,2290,2357,2323,-67,4647,3
907,2049,2285,2167,-236,4334,3
913,2246,2429,2337,-183,4675,3
929,1929,2187,2058,-258,4116,3
934,2244,2367,2305,-123,4611,3
936,2277,2286,2281,-9,4563,3
939,1961,2239,2100,-278,4200,3
940,1847,2215,2031,-368,4062,3
949,2001,2530,2265,-529,4531,3
953,2327,2334,2330,-7,4661,3
965,2084,2281,2182,-197,4365,3
967,2227,2306,2266,-79,4533,3
976,2065,2204,2134,-139,4269,3
978,2118,2287,2202,-169,4405,3
982,2109,2331,2220,-222,4440,3
994,2094,2423,2258,-329,4517,3
997,1999,2258,2128,-259,4257,3
1002,2026,2196,2111,-170,4222,3
1014,2202,2285,2243,-83,4487,3
1022,1999,2254,2126,-255,4253,3
1023,2116,2225,2170,-109,4341,3
1028,2129,2489,2309,-360,4618,3
1030,2120,2145,2132,-25,4265,3
1034,2292,2403,2347,-111,4695,3
1036,2019,2399,2209,-380,4418,3
1037,2002,2201,2101,-199,4203,3
1039,2159,2191,2175,-32,4350,3
1040,2008,2223,2115,-215,4231,3
1047,2095,2368,2231,-273,4463,3
1048,2090,2188,2139,-98,4278,3
1050,1907,2196,2051,-289,4103,3
1084,2167,2360,2263,-193,4527,3
1089,2159,2418,2288,-259,4577,3
1099,2013,2107,2060,-94,4120,3
1103,2050,2235,2142,-185,4285,3
1106,2115,2267,2191,-152,4382,3
1112,2111,2342,2226,-231,4453,3
1114,1987,2147,2067,-160,4134,3
1118,2185,2415,2300,-230,4600,3
1123,2095,2569,2332,-474,4664,3
1125,2196,2261,2228,-65,4457,3
1130,2282,2272,2277,10,4554,3
1136,2013,2132,2072,-119,4145,3
1143,1987,2148,2067,-161,4135,3
1144,1989,2158,2073,-169,4147,3
1145,2009,2253,2131,-244,4262,3
1146,2230,2417,2323,-187,4647,3
1153,2235,2297,2266,-62,4532,3
1172,2069,2193,2131,-124,4262,3
1183,2065,2198,2131,-133,4263,3
1189,2081,2529,2305,-448,4610,3
1202,1849,2173,2011,-324,4022,3
1206,2002,2288,2145,-286,4290,3
1208,1961,2175,2068,-214,4136,3
1217,2209,2381,2295,-172,4590,3
1218,2157,2396,2276,-239,4553,3
1219,2094,2292,2193,-198,4386,3
1223,1985,2222,2103,-237,4207,3
1228,2063,2143,2103,-80,4206,3
1230,2199,2293,2246,-94,4492,3
1232,2098,2552,2325,-454,4650,3
1234,2164,2212,2188,-48,4376,3
1236,1952,2245,2098,-293,4197,3
1238,1972,2140,2056,-168,4112,3
1246,2017,2222,2119,-205,4239,3
1252,2245,2274,2259,-29,4519,3
1262,2199,2475,2337,-276,4674,3
1263,2082,2343,2212,-261,4425,3
1270,2263,2461,2362,-198,4724,3
1272,2004,2104,2054,-100,4108,3
1281,2102,2379,2240,-277,4481,3
1294,2222,2438,2330,-216,4660,3
1298,1833,2313,2073,-480,4146,3
1313,2324,2337,2330,-13,4661,3
1325,2200,2288,2244,-88,4488,3
1327,2206,2451,2328,-245,4657,3
1329,2107,2238,2172,-131,4345,3
1332,1996,2473,2234,-477,4469,3
1334,2171,2250,2210,-79,4421,3
1338,1837,2266,2051,-429,4103,3
1341,2126,2158,2142,-32,4284,3
1343,2093,2161,2127,-68,4254,3
1349,1876,2225,2050,-349,4101,3
1353,2177,2435,2306,-258,4612,3
1356,2062,2364,2213,-302,4426,3
1360,2255,2254,2254,1,4509,3
1361,2318,2317,2317,1,4635,3
1365,2253,2386,2319,-133,4639,3
1379,2182,2591,2386,-409,4773,3
1381,1851,2521,2186,-670,4372,3
1390,2247,2287,2267,-40,4534,3
1391,2225,2282,2253,-57,4507,3
1392,2284,2364,2324,-80,4648,3
1401,2072,2271,2171,-199,4343,3
1412,1613,2529,2071,-916,4142,3
1415,2074,2184,2129,-110,4258,3
1423,2046,2405,2225,-359,4451,3
1427,2280,2300,2290,-20,4580,3
1429,2270,2443,2356,-173,4713,3
1432,2232,2316,2274,-84,4548,3
1434,2144,2256,2200,-112,4400,3
1436,1995,2307,2151,-312,4302,3
1440,2108,2237,2172,-129,4345,3
1443,2027,2488,2257,-461,4515,3
1446,2179,2413,2296,-234,4592,3
1447,2241,2510,2375,-269,4751,3
1450,1993,2512,2252,-519,4505,3
1452,2291,2410,2350,-119,4701,3
1457,1801,2326,2063,-525,4127,3
1458,2151,2391,2271,-240,4542,3
1463,2168,2266,2217,-98,4434,3
1476,2125,2331,2228,-206,4456,3
1481,2139,2518,2328,-379,4657,3
1482,1852,2216,2034,-364,4068,3
1485,1879,2204,2041,-325,4083,3
1488,2130,2480,2305,-350,4610,3
1494,2234,2308,2271,-74,4542,3
1506,2090,2228,2159,-138,4318,3
1513,2214,2291,2252,-77,4505,3
1514,2214,2395,2304,-181,4609,3
1515,2059,2135,2097,-76,4194,3
1518,1954,2421,2187,-467,4375,3
1519,2258,2340,2299,-82,4598,3
1525,2105,2299,2202,-194,4404,3
1527,2138,2200,2169,-62,4338,3
1533,2157,2168,2162,-11,4325,3
1545,2066,2278,2172,-212,4344,3
1547,1953,2187,2070,-234,4140,3
1551,1929,2341,2135,-412,4270,3
1557,2230,2409,2319,-179,4639,3
1558,2043,2438,2240,-395,4481,3
1566,2181,2403,2292,-222,4584,3
1567,1995,2417,2206,-422,4412,3
1572,2161,2260,2210,-99,4421,3
1574,2199,2304,2251,-105,4503,3
1583,2067,2203,2135,-136,4270,3
1591,2159,2308,2233,-149,4467,3
1598,2105,2114,2109,-9,4219,3
1603,2141,2423,2282,-282,4564,3
1606,2117,2547,2332,-430,4664,3
1608,2011,2230,2120,-219,4241,3
1614,1965,2194,2079,-229,4159,3
1616,2062,2318,2190,-256,4380,3
1617,2114,2337,2225,-223,4451,3
1620,2314,2369,2341,-55,4683,3
1623,2205,2391,2298,-186,4596,3
1626,2075,2218,2146,-143,4293,3
1628,2095,2269,2182,-174,4364,3
1631,2086,2243,2164,-157,4329,3
1632,2228,2308,2268,-80,4536,3
1635,2070,2422,2246,-352,4492,3
1637,2122,2296,2209,-174,4418,3
1640,1956,2148,2052,-192,4104,3
1649,2094,2163,2128,-69,4257,3
1650,2000,2331,2165,-331,4331,3
1652,2162,2541,2351,-379,4703,3
1653,2163,2312,2237,-149,4475,3
1654,2109,2204,2156,-95,4313,3
1655,2178,2362,2270,-184,4540,3
1658,1876,2428,2152,-552,4304,3
1664,2196,2299,2247,-103,4495,3
1676,2024,2137,2080,-113,4161,3
1682,2220,2303,2261,-83,4523,3
1684,1997,2246,2121,-249,4243,3
1686,2031,2238,2134,-207,4269,3
1687,2178,2376,2277,-198,4554,3
1690,2106,2391,2248,-285,4497,3
1692,1659,2428,2043,-769,4087,3
1696,2207,2369,2288,-162,4576,3
1700,1903,2291,2097,-388,4194,3
1702,2084,2103,2093,-19,4187,3
1707,1985,2268,2126,-283,4253,3
1716,2042,2395,2218,-353,4437,3
1720,2168,2442,2305,-274,4610,3
1723,1949,2360,2154,-411,4309,3
1727,2071,2629,2350,-558,4700,3
1732,2250,2250,2250,0,4500,3
1733,2023,2125,2074,-102,4148,3
1735,2296,2291,2293,5,4587,3
1747,1952,2189,2070,-237,4141,3
1748,2259,2417,2338,-158,4676,3
1758,2129,2465,2297,-336,4594,3
1759,2071,2323,2197,-252,4394,3
1762,2103,2337,2220,-234,4440,3
1763,2237,2328,2282,-91,4565,3
1766,2115,2446,2280,-331,4561,3
1768,2258,2263,2260,-5,4521,3
1770,2080,2213,2146,-133,4293,3
1771,2316,2362,2339,-46,4678,3
1772,2041,2471,2256,-430,4512,3
1778,1992,2103,2047,-111,4095,3
1779,2110,2337,2223,-227,4447,3
1780,2283,2288,2285,-5,4571,3
1788,2026,2354,2190,-328,4380,3
1789,2240,2282,2261,-42,4522,3
1791,2323,2328,2325,-5,4651,3
1794,2211,2227,2219,-16,4438,3
1798,2128,2423,2275,-295,4551,3
1801,2244,2445,2344,-201,4689,3
1805,2056,2147,2101,-91,4203,3
1809,2331,2328,2329,3,4659,3
1828,2073,2151,2112,-78,4224,3
1832,1907,2209,2058,-302,4116,3
1834,1952,2279,2115,-327,4231,3
1835,1940,2123,2031,-183,4063,3
1837,2161,2482,2321,-321,4643,3
1842,2151,2218,2184,-67,4369,3
1844,2251,2286,2268,-35,4537,3
1846,2149,2403,2276,-254,4552,3
1848,2281,2309,2295,-28,4590,3
1851,1927,2177,2052,-250,4104,3
1857,2010,2362,2186,-352,4372,3
1858,2144,2221,2182,-77,4365,3
1863,2238,2356,2297,-118,4594,3
1864,2023,2255,2139,-232,4278,3
1866,2047,2326,2186,-279,4373,3
1869,2184,2327,2255,-143,4511,3
1872,2081,2339,2210,-258,4420,3
1881,2048,2515,2281,-467,4563,3
1889,2136,2484,2310,-348,4620,3
1897,2053,2278,2165,-225,4331,3
1898,2226,2427,2326,-201,4653,3
1899,2133,2217,2175,-84,4350,3
1903,2097,2137,2117,-40,4234,3
1914,2034,2235,2134,-201,4269,3
1915,2268,2274,2271,-6,4542,3
1918,1990,2256,2123,-266,4246,3
1921,2214,2378,2296,-164,4592,3
1930,2030,2224,2127,-194,4254,3
1938,2042,2213,2127,-171,4255,3
1939,2227,2322,2274,-95,4549,3
1944,2000,2294,2147,-294,4294,3
1946,2211,2218,2214,-7,4429,3
1950,1962,2127,2044,-165,4089,3
1954,2081,2272,2176,-191,4353,3
1955,2180,2419,2299,-239,4599,3
1956,2251,2362,2306,-111,4613,3
1963,2020,2155,2087,-135,4175,3
1964,2156,2401,2278,-245,4557,3
1967,2001,2281,2141,-280,4282,3
1973,2270,2409,2339,-139,4679,3
1986,1880,2207,2043,-327,4087,3
1991,2205,2320,2262,-115,4525,3
1996,2169,2237,2203,-68,4406,3
1997,2301,2350,2325,-49,4651,3
2004,1982,2330,2156,-348,4312,3
2007,2274,2338,2306,-64,4612,3
2010,2056,2267,2161,-211,4323,3
2013,2108,2331,2219,-223,4439,3
2025,1886,2204,2045,-318,4090,3
2027,2267,2416,2341,-149,4683,3
2035,2066,2254,2160,-188,4320,3
2037,2089,2323,2206,-234,4412,3
2042,2187,2307,2247,-120,4494,3
2046,2024,2082,2053,-58,4106,3
2048,2201,2307,2254,-106,4508,3
2052,2061,2081,2071,-20,4142,3
2053,1940,2162,2051,-222,4102,3
2061,2017,2082,2049,-65,4099,3
2064,1962,2225,2093,-263,4187,3
2072,2235,2416,2325,-181,4651,3
2076,2181,2538,2359,-357,4719,3
2079,2162,2365,2263,-203,4527,3
2081,2182,2426,2304,-244,4608,3
2090,2229,2425,2327,-196,4654,3
2092,2101,2416,2258,-315,4517,3
2094,2067,2313,2190,-246,4380,3
2097,2232,2377,2304,-145,4609,3
2099,2168,2310,2239,-142,4478,3
2104,2212,2290,2251,-78,4502,3
2106,1956,2589,2272,-633,4545,3
2107,2228,2316,2272,-88,4544,3
2111,2154,2243,2198,-89,4397,3
2121,2217,2526,2371,-309,4743,3
2139,2053,2453,2253,-400,4506,3
2143,2054,2367,2210,-313,4421,3
2146,2193,2325,2259,-132,4518,3
2147,2179,2307,2243,-128,4486,3
2153,2092,2211,2151,-119,4303,3
2156,2289,2373,2331,-84,4662,3
2169,2155,2442,2298,-287,4597,3
2171,2015,2191,2103,-176,4206,3
2172,2187,2290,2238,-103,4477,3
2179,2019,2217,2118,-198,4236,3
2182,2149,2165,2157,-16,4314,3
2183,2123,2356,2239,-233,4479,3
2186,2096,2321,2208,-225,4417,3
2187,2071,2297,2184,-226,4368,3
2190,2006,2190,2098,-184,4196,3
2203,2285,2423,2354,-138,4708,3
2204,2251,2485,2368,-234,4736,3
2209,2195,2199,2197,-4,4394,3
2213,2183,2469,2326,-286,4652,3
2222,2111,2243,2177,-132,4354,3
2223,2274,2332,2303,-58,4606,3
2231,2222,2425,2323,-203,4647,3
2236,1884,2313,2098,-429,4197,3
2241,2109,2274,2191,-165,4383,3
2246,2171,2186,2178,-15,4357,3
2247,2002,2262,2132,-260,4264,3
2250,2296,2396,2346,-100,4692,3
2251,2211,2281,2246,-70,4492,3
2252,2242,2453,2347,-211,4695,3
2255,2042,2273,2157,-231,4315,3
2256,2148,2401,2274,-253,4549,3
2258,2156,2380,2268,-224,4536,3
2259,2089,2346,2217,-257,4435,3
2260,2123,2234,2178,-111,4357,3
2270,2203,2287,2245,-84,4490,3
2282,2141,2246,2193,-105,4387,3
2286,2208,2545,2376,-337,4753,3
2291,1959,2426,2192,-467,4385,3
2297,2221,2292,2256,-71,4513,3
2301,2022,2196,2109,-174,4218,3
2302,1911,2201,2056,-290,4112,3
2305,1925,2422,2173,-497,4347,3
2306,2192,2367,2279,-175,4559,3
2308,2253,2347,2300,-94,4600,3
2314,2200,2321,2260,-121,4521,3
2316,2116,2356,2236,-240,4472,3
2328,2025,2228,2126,-203,4253,3
2329,2160,2325,2242,-165,4485,3
2331,2216,2378,2297,-162,4594,3
2335,2091,2441,2266,-350,4532,3
2337,2059,2218,2138,-159,4277,3
2341,2110,2664,2387,-554,4774,3
2346,1929,2204,2066,-275,4133,3
2350,1769,2620,2194,-851,4389,3
2363,2278,2403,2340,-125,4681,3
2364,2114,2194,2154,-80,4308,3
2371,2098,2414,2256,-316,4512,3
2379,1788,2306,2047,-518,4094,3
2383,2215,2227,2221,-12,4442,3
2387,2249,2420,2334,-171,4669,3
2388,2152,2419,2285,-267,4571,3
2392,1796,2280,2038,-484,4076,3
2395,2136,2320,2228,-184,4456,3
2396,2093,2235,2164,-142,4328,3
2398,2179,2600,2389,-421,4779,3
2402,2214,2486,2350,-272,4700,3
2405,1857,2273,2065,-416,4130,3
2407,2080,2285,2182,-205,4365,3
2417,1939,2218,2078,-279,4157,3
2424,2036,2261,2148,-225,4297,3
2433,2159,2236,2197,-77,4395,3
2434,2219,2471,2345,-252,4690,3
2435,2026,2306,2166,-280,4332,3
2436,2006,2356,2181,-350,4362,3
2440,2137,2282,2209,-145,4419,3
2441,2044,2348,2196,-304,4392,3
2442,2278,2279,2278,-1,4557,3
2445,2082,2173,2127,-91,4255,3
2448,1878,2520,2199,-642,4398,3
2450,2245,2421,2333,-176,4666,3
2452,1924,2398,2161,-474,4322,3
2459,2259,2462,2360,-203,4721,3
2462,2021,2273,2147,-252,4294,3
2464,2236,2460,2348,-224,4696,3
2465,2039,2326,2182,-287,4365,3
2466,2120,2291,2205,-171,4411,3
2472,2121,2282,2201,-161,4403,3
2475,2008,2098,2053,-90,4106,3
2478,2063,2255,2159,-192,4318,3
2489,1970,2517,2243,-547,4487,3
2492,1967,2244,2105,-277,4211,3
2493,2132,2413,2272,-281,4545,3
2504,2070,2543,2306,-473,4613,3
2511,2259,2339,2299,-80,4598,3
2512,2120,2209,2164,-89,4329,3
2513,2311,2371,2341,-60,4682,3
2518,2267,2327,2297,-60,4594,3
2523,2158,2411,2284,-253,4569,3
2524,2201,2231,2216,-30,4432,3
2526,2229,2358,2293,-129,4587,3
2528,1912,2228,2070,-316,4140,3
2530,2044,2129,2086,-85,4173,3
2532,2223,2234,2228,-11,4457,3
2534,2066,2264,2165,-198,4330,3
2535,1982,2523,2252,-541,4505,3
2539,1931,2334,2132,-403,4265,3
2552,1975,2244,2109,-269,4219,3
2554,2025,2181,2103,-156,4206,3
2565,2051,2273,2162,-222,4324,3
2580,2088,2328,2208,-240,4416,3
2585,2025,2171,2098,-146,4196,3
2588,1981,2618,2299,-637,4599,3
2589,2194,2388,2291,-194,4582,3
2592,2145,2426,2285,-281,4571,3
2595,2223,2415,2319,-192,4638,3
2596,2076,2199,2137,-123,4275,3
2597,2150,2560,2355,-410,4710,3
2606,2183,2310,2246,-127,4493,3
2609,1626,2368,1997,-742,3994,3
2611,1787,2257,2022,-470,4044,3
2615,1990,2349,2169,-359,4339,3
2618,2087,2470,2278,-383,4557,3
2629,2063,2092,2077,-29,4155,3
2631,2132,2599,2365,-467,4731,3
2632,2047,2144,2095,-97,4191,3
2640,2231,2310,2270,-79,4541,3
2644,2169,2271,2220,-102,4440,3
2645,2094,2284,2189,-190,4378,3
2653,2036,2245,2140,-209,4281,3
2657,2260,2340,2300,-80,4600,3
2664,1995,2174,2084,-179,4169,3
2665,2117,2450,2283,-333,4567,3
2681,2058,2232,2145,-174,4290,3
2684,2208,2449,2328,-241,4657,3
2691,2056,2381,2218,-325,4437,3
2692,2176,2214,2195,-38,4390,3
2695,2243,2269,2256,-26,4512,3
2699,1935,2183,2059,-248,4118,3
2703,1870,2186,2028,-316,4056,3
2708,2173,2533,2353,-360,4706,3
2709,1899,2283,2091,-384,4182,3
2710,2040,2147,2093,-107,4187,3
2714,2225,2263,2244,-38,4488,3
2715,2220,2231,2225,-11,4451,3
2729,1937,2174,2055,-237,4111,3
2730,2200,2373,2286,-173,4573,3
2742,2166,2251,2208,-85,4417,3
2745,2174,2297,2235,-123,4471,3
2750,2052,2508,2280,-456,4560,3
2755,2281,2290,2285,-9,4571,3
2756,2285,2367,2326,-82,4652,3
2760,2017,2310,2163,-293,4327,3
2762,2304,2356,2330,-52,4660,3
2764,2230,2512,2371,-282,4742,3
2765,2102,2385,2243,-283,4487,3
2768,2060,2512,2286,-452,4572,3
2770,1867,2566,2216,-699,4433,3
2774,2207,2346,2276,-139,4553,3
2777,2241,2281,2261,-40,4522,3
2781,2258,2255,2256,3,4513,3
2782,1924,2140,2032,-216,4064,3
2785,2043,2592,2317,-549,4635,3
2788,1737,2270,2003,-533,4007,3
2789,2020,2235,2127,-215,4255,3
2793,2007,2186,2096,-179,4193,3
2800,2110,2168,2139,-58,4278,3
2806,2058,2250,2154,-192,4308,3
2810,2221,2379,2300,-158,4600,3
2811,2156,2581,2368,-425,4737,3
2813,2148,2496,2322,-348,4644,3
2816,1938,2173,2055,-235,4111,3
2817,2305,2312,2308,-7,4617,3
2818,2264,2446,2355,-182,4710,3
2819,2165,2432,2298,-267,4597,3
2821,2126,2158,2142,-32,4284,3
2822,2166,2377,2271,-211,4543,3
2826,2173,2373,2273,-200,4546,3
2832,2015,2211,2113,-196,4226,3
2839,2079,2213,2146,-134,4292,3
2841,1906,2265,2085,-359,4171,3
2842,2022,2212,2117,-190,4234,3
2844,1960,2238,2099,-278,4198,3
2849,1989,2137,2063,-148,4126,3
2868,2224,2434,2329,-210,4658,3
2877,2144,2289,2216,-145,4433,3
2885,2230,2336,2283,-106,4566,3
2889,2251,2322,2286,-71,4573,3
2891,2187,2381,2284,-194,4568,3
2892,2135,2494,2314,-359,4629,3
2898,2002,2341,2171,-339,4343,3
2909,2269,2430,2349,-161,4699,3
2910,1902,2148,2025,-246,4050,3
2911,2135,2361,2248,-226,4496,3
2912,1929,2330,2129,-401,4259,3
2913,2185,2381,2283,-196,4566,3
2919,2206,2403,2304,-197,4609,3
2920,2011,2309,2160,-298,4320,3
2921,2114,2216,2165,-102,4330,3
2924,2047,2108,2077,-61,4155,3
2926,1998,2147,2072,-149,4145,3
2931,1953,2140,2046,-187,4093,3
2938,1780,2210,1995,-430,3990,3
2940,2124,2260,2192,-136,4384,3
2948,2263,2373,2318,-110,4636,3
2949,1933,2149,2041,-216,4082,3
2951,2072,2138,2105,-66,4210,3
2956,2239,2421,2330,-182,4660,3
2957,2256,2451,2353,-195,4707,3
2961,1929,2149,2039,-220,4078,3
2965,2202,2225,2213,-23,4427,3
2967,2176,2343,2259,-167,4519,3
2969,2155,2277,2216,-122,4432,3
2970,2263,2327,2295,-64,4590,3
2973,1973,2208,2090,-235,4181,3
2977,2148,2220,2184,-72,4368,3
2987,2148,2567,2357,-419,4715,3
2992,1823,2401,2112,-578,4224,3
2995,2287,2427,2357,-140,4714,3
2996,2062,2450,2256,-388,4512,3
3005,2095,2123,2109,-28,4218,3
3013,2193,2238,2215,-45,4431,3
3028,2257,2453,2355,-196,4710,3
3035,1982,2250,2116,-268,4232,3
3038,1916,2258,2087,-342,4174,3
3039,2137,2458,2297,-321,4595,3
3041,2046,2390,2218,-344,4436,3
3044,2096,2427,2261,-331,4523,3
3045,2069,2236,2152,-167,4305,3
3046,2303,2309,2306,-6,4612,3
3051,2046,2126,2086,-80,4172,3
3053,1867,2278,2072,-411,4145,3
3057,2215,2533,2374,-318,4748,3
3059,2034,2439,2236,-405,4473,3
3061,1913,2289,2101,-376,4202,3
3063,2179,2531,2355,-352,4710,3
3068,2069,2169,2119,-100,4238,3
3077,2087,2260,2173,-173,4347,3
3079,2242,2299,2270,-57,4541,3
3084,2033,2136,2084,-103,4169,3
3096,2271,2427,2349,-156,4698,3
3097,1981,2262,2121,-281,4243,3
3099,2059,2324,2191,-265,4383,3
3108,1857,2193,2025,-336,4050,3
3109,2116,2190,2153,-74,4306,3
3113,2173,2562,2367,-389,4735,3
3116,2059,2203,2131,-144,4262,3
3119,2127,2222,2174,-95,4349,3
3120,2050,2166,2108,-116,4216,3
3124,2170,2464,2317,-294,4634,3
3128,2259,2276,2267,-17,4535,3
3135,2207,2409,2308,-202,4616,3
3140,2288,2339,2313,-51,4627,3
3159,2132,2339,2235,-207,4471,3
3165,2250,2331,2290,-81,4581,3
3174,2094,2293,2193,-199,4387,3
3175,2184,2229,2206,-45,4413,3
3182,2230,2398,2314,-168,4628,3
3190,2219,2531,2375,-312,4750,3
3191,2263,2400,2331,-137,4663,3
3193,2247,2361,2304,-114,4608,3
3195,2096,2354,2225,-258,4450,3
3203,2192,2538,2365,-346,4730,3
3205,1755,2372,2063,-617,4127,3
3207,2004,2138,2071,-134,4142,3
3208,1976,2185,2080,-209,4161,3
3210,2087,2172,2129,-85,4259,3
3211,1980,2127,2053,-147,4107,3
3215,2120,2317,2218,-197,4437,3
3218,2033,2423,2228,-390,4456,3
3224,2263,2337,2300,-74,4600,3
3225,2154,2292,2223,-138,4446,3
3233,2208,2362,2285,-154,4570,3
3234,2079,2348,2213,-269,4427,3
3235,2158,2318,2238,-160,4476,3
3239,2072,2383,2227,-311,4455,3
3252,2162,2394,2278,-232,4556,3
3266,2217,2392,2304,-175,4609,3
3272,2015,2333,2174,-318,4348,3
3285,1995,2368,2181,-373,4363,3
3289,2135,2214,2174,-79,4349,3
3294,1972,2458,2215,-486,4430,3
3295,2058,2524,2291,-466,4582,3
3301,2034,2265,2149,-231,4299,3
3306,1948,2574,2261,-626,4522,3
3324,2058,2213,2135,-155,4271,3
3328,2099,2269,2184,-170,4368,3
3346,2256,2330,2293,-74,4586,3
3348,1969,2484,2226,-515,4453,3
3350,1950,2153,2051,-203,4103,3
3353,2197,2450,2323,-253,4647,3
3355,2242,2238,2240,4,4480,3
3356,2067,2457,2262,-390,4524,3
3362,1868,2156,2012,-288,4024,3
3363,2237,2238,2237,-1,4475,3
3365,2129,2348,2238,-219,4477,3
3370,2098,2138,2118,-40,4236,3
3371,2229,2294,2261,-65,4523,3
3387,2139,2232,2185,-93,4371,3
3388,1824,2253,2038,-429,4077,3
3390,1965,2403,2184,-438,4368,3
3392,2013,2246,2129,-233,4259,3
3394,2218,2431,2324,-213,4649,3
3396,2189,2602,2395,-413,4791,3
3401,2055,2550,2302,-495,4605,3
3402,2260,2317,2288,-57,4577,3
3403,2129,2229,2179,-100,4358,3
3406,1971,2177,2074,-206,4148,3
3412,2060,2262,2161,-202,4322,3
3422,2004,2343,2173,-339,4347,3
3424,2287,2356,2321,-69,4643,3
3425,1984,2214,2099,-230,4198,3
3427,2182,2258,2220,-76,4440,3
3431,1893,2200,2046,-307,4093,3
3432,1915,2187,2051,-272,4102,3
3433,2146,2325,2235,-179,4471,3
3435,2018,2212,2115,-194,4230,3
3436,2207,2206,2206,1,4413,3
3439,2143,2650,2396,-507,4793,3
3446,2039,2119,2079,-80,4158,3
3447,2050,2450,2250,-400,4500,3
3448,2165,2419,2292,-254,4584,3
3449,1940,2291,2115,-351,4231,3
3474,1983,2447,2215,-464,4430,3
3478,2140,2461,2300,-321,4601,3
3482,2202,2256,2229,-54,4458,3
3484,2264,2294,2279,-30,4558,3
3485,1909,2199,2054,-290,4108,3
3486,2198,2513,2355,-315,4711,3
3491,2314,2321,2317,-7,4635,3
3497,2266,2300,2283,-34,4566,3
3500,2171,2509,2340,-338,4680,3
3502,2056,2317,2186,-261,4373,3
3504,2127,2137,2132,-10,4264,3
3514,2141,2227,2184,-86,4368,3
3517,2162,2329,2245,-167,4491,3
3519,2072,2307,2189,-235,4379,3
3532,1906,2161,2033,-255,4067,3
3541,1985,2655,2320,-670,4640,3
3542,1945,2297,2121,-352,4242,3
3543,2186,2282,2234,-96,4468,3
3546,2228,2412,2320,-184,4640,3
3548,2038,2475,2256,-437,4513,3
3553,1981,2247,2114,-266,4228,3
3556,1915,2144,2029,-229,4059,3
3558,2095,2430,2262,-335,4525,3
3564,2139,2262,2200,-123,4401,3
3573,2119,2221,2170,-102,4340,3
3583,2061,2289,2175,-228,4350,3
3591,2236,2474,2355,-238,4710,3
3593,2089,2245,2167,-156,4334,3
3597,2220,2344,2282,-124,4564,3
3598,2201,2313,2257,-112,4514,3
3608,2236,2352,2294,-116,4588,3
3609,2254,2341,2297,-87,4595,3
3612,2242,2346,2294,-104,4588,3
3628,2210,2251,2230,-41,4461,3
3629,2140,2586,2363,-446,4726,3
3634,2060,2261,2160,-201,4321,3
3636,2011,2116,2063,-105,4127,3
3644,2063,2294,2178,-231,4357,3
3651,2187,2425,2306,-238,4612,3
3655,2236,2461,2348,-225,4697,3
3667,2172,2581,2376,-409,4753,3
3670,2268,2354,2311,-86,4622,3
3671,2246,2469,2357,-223,4715,3
3672,2230,2434,2332,-204,4664,3
3682,2084,2219,2151,-135,4303,3
3683,1744,2285,2014,-541,4029,3
3693,2151,2632,2391,-481,4783,3
3699,1969,2305,2137,-336,4274,3
3701,2008,2515,2261,-507,4523,3
3709,2218,2299,2258,-81,4517,3
3711,2121,2324,2222,-203,4445,3
3717,2144,2290,2217,-146,4434,3
3719,2183,2223,2203,-40,4406,3
3720,1996,2129,2062,-133,4125,3
3723,2157,2356,2256,-199,4513,3
3729,2115,2528,2321,-413,4643,3
3730,2155,2257,2206,-102,4412,3
3736,2188,2468,2328,-280,4656,3
3738,2056,2192,2124,-136,4248,3
3739,2173,2575,2374,-402,4748,3
3745,2177,2178,2177,-1,4355,3
3752,2046,2150,2098,-104,4196,3
3753,2074,2168,2121,-94,4242,3
3756,1952,2274,2113,-322,4226,3
3758,2242,2513,2377,-271,4755,3
3762,2236,2281,2258,-45,4517,3
3763,2244,2451,2347,-207,4695,3
3767,1910,2142,2026,-232,4052,3
3768,2036,2128,2082,-92,4164,3
3784,1888,2195,2041,-307,4083,3
3789,1888,2243,2065,-355,4131,3
3796,2013,2201,2107,-188,4214,3
3800,2077,2162,2119,-85,4239,3
3808,2111,2282,2196,-171,4393,3
3811,1975,2143,2059,-168,4118,3
3815,1994,2440,2217,-446,4434,3
3817,2158,2272,2215,-114,4430,3
3818,2181,2263,2222,-82,4444,3
3820,2055,2406,2230,-351,4461,3
3821,2039,2269,2154,-230,4308,3
3825,1991,2280,2135,-289,4271,3
3829,2141,2430,2285,-289,4571,3
3832,2222,2381,2301,-159,4603,3
3839,2186,2419,2302,-233,4605,3
3853,2230,2368,2299,-138,4598,3
3854,2220,2519,2369,-299,4739,3
3856,2240,2300,2270,-60,4540,3
3861,2153,2365,2259,-212,4518,3
3868,1878,2337,2107,-459,4215,3
3870,2088,2331,2209,-243,4419,3
3873,2116,2289,2202,-173,4405,3
3878,2033,2131,2082,-98,4164,3
3894,2253,2391,2322,-138,4644,3
3896,2102,2290,2196,-188,4392,3
3897,2019,2227,2123,-208,4246,3
3905,2005,2112,2058,-107,4117,3
3915,2016,2240,2128,-224,4256,3
3918,2120,2567,2343,-447,4687,3
3924,1922,2443,2182,-521,4365,3
3927,2127,2191,2159,-64,4318,3
3933,2117,2154,2135,-37,4271,3
3937,1962,2392,2177,-430,4354,3
3939,2164,2392,2278,-228,4556,3
3947,1982,2239,2110,-257,4221,3
3949,1923,2251,2087,-328,4174,3
3950,2030,2454,2242,-424,4484,3
3953,2067,2260,2163,-193,4327,3
3955,1905,2208,2056,-303,4113,3
3957,2025,2185,2105,-160,4210,3
3973,2281,2392,2336,-111,4673,3
3982,2098,2350,2224,-252,4448,3
3986,2043,2142,2092,-99,4185,3
3987,2152,2571,2361,-419,4723,3
3988,2011,2197,2104,-186,4208,3
3999,2028,2125,2076,-97,4153,3
4000,2140,2339,2239,-199,4479,3
4001,2116,2180,2148,-64,4296,3
4006,2228,2378,2303,-150,4606,3
4009,2205,2308,2256,-103,4513,3
4013,2278,2395,2336,-117,4673,3
4014,2149,2450,2299,-301,4599,3
4015,2187,2361,2274,-174,4548,3
4020,2238,2315,2276,-77,4553,3
4025,2154,2310,2232,-156,4464,3
4033,2153,2163,2158,-10,4316,3
4035,1957,2287,2122,-330,4244,3
4044,2105,2146,2125,-41,4251,3
4045,2070,2278,2174,-208,4348,3
4046,2098,2280,2189,-182,4378,3
4047,2015,2156,2085,-141,4171,3
4051,1934,2205,2069,-271,4139,3
4054,2132,2320,2226,-188,4452,3
4062,2288,2366,2327,-78,4654,3
4069,1995,2142,2068,-147,4137,3
4083,1955,2438,2196,-483,4393,3
4084,2204,2503,2353,-299,4707,3
4086,2124,2337,2230,-213,4461,3
4087,2053,2403,2228,-350,4456,3
4090,2025,2430,2227,-405,4455,3
4097,2055,2700,2377,-645,4755,3
4099,2158,2325,2241,-167,4483,3
4108,1990,2506,2248,-516,4496,3
4111,2239,2431,2335,-192,4670,3
4112,2279,2393,2336,-114,4672,3
4113,2196,2314,2255,-118,4510,3
4115,2280,2281,2280,-1,4561,3
4116,2035,2144,2089,-109,4179,3
4119,2182,2415,2298,-233,4597,3
4120,2079,2368,2223,-289,4447,3
4123,1976,2283,2129,-307,4259,3
4126,1817,2254,2035,-437,4071,3
4130,2189,2307,2248,-118,4496,3
4133,2081,2307,2194,-226,4388,3
4135,2127,2596,2361,-469,4723,3
4142,2283,2310,2296,-27,4593,3
4144,2075,2541,2308,-466,4616,3
4146,1942,2299,2120,-357,4241,3
4147,2174,2603,2388,-429,4777,3
4150,2261,2400,2330,-139,4661,3
4157,2091,2178,2134,-87,4269,3
4162,2126,2559,2342,-433,4685,3
4167,2245,2408,2326,-163,4653,3
4174,2243,2331,2287,-88,4574,3
4182,2028,2124,2076,-96,4152,3
4184,2109,2431,2270,-322,4540,3
4185,2190,2355,2272,-165,4545,3
4186,2261,2407,2334,-146,4668,3
4191,1902,2166,2034,-264,4068,3
4196,2044,2347,2195,-303,4391,3
4199,2109,2331,2220,-222,4440,3
4206,2051,2380,2215,-329,4431,3
4207,1794,2659,2226,-865,4453,3
4218,2220,2273,2246,-53,4493,3
4221,1973,2201,2087,-228,4174,3
4222,2150,2268,2209,-118,4418,3
4231,2183,2549,2366,-366,4732,3
4233,2127,2183,2155,-56,4310,3
4234,2294,2318,2306,-24,4612,3
4242,1995,2306,2150,-311,4301,3
4253,2007,2288,2147,-281,4295,3
4257,2020,2316,2168,-296,4336,3
4264,1964,2157,2060,-193,4121,3
4275,2011,2237,2124,-226,4248,3
4280,1907,2158,2032,-251,4065,3
4283,2071,2217,2144,-146,4288,3
4286,1985,2196,2090,-211,4181,3
4292,2131,2438,2284,-307,4569,3
4293,2220,2379,2299,-159,4599,3
4297,2013,2203,2108,-190,4216,3
4298,1967,2255,2111,-288,4222,3
4300,1958,2462,2210,-504,4420,3
4302,1965,2223,2094,-258,4188,3
4303,1994,2431,2212,-437,4425,3
4304,2002,2112,2057,-110,4114,3
4313,2044,2510,2277,-466,4554,3
4318,2169,2424,2296,-255,4593,3
4320,1940,2190,2065,-250,4130,3
4324,2200,2452,2326,-252,4652,3
4331,2154,2516,2335,-362,4670,3
4333,2112,2580,2346,-468,4692,3
4334,2150,2339,2244,-189,4489,3
4335,2169,2361,2265,-192,4530,3
4345,2037,2324,2180,-287,4361,3
4346,1920,2228,2074,-308,4148,3
4347,2248,2377,2312,-129,4625,3
4349,1312,2579,1945,-1267,3891,3
4354,2202,2260,2231,-58,4462,3
4356,2160,2331,2245,-171,4491,3
4362,1892,2219,2055,-327,4111,3
4363,2283,2394,2338,-111,4677,3
4371,2265,2362,2313,-97,4627,3
4375,2209,2352,2280,-143,4561,3
4384,2034,2152,2093,-118,4186,3
4394,2071,2483,2277,-412,4554,3
4395,2001,2376,2188,-375,4377,3
4405,2084,2209,2146,-125,4293,3
4409,2107,2129,2118,-22,4236,3
4412,2012,2164,2088,-152,4176,3
4413,1915,2316,2115,-401,4231,3
4416,1959,2251,2105,-292,4210,3
4418,2177,2420,2298,-243,4597,3
4421,2266,2260,2263,6,4526,3
4422,2279,2270,2274,9,4549,3
4427,2285,2380,2332,-95,4665,3
4428,2110,2164,2137,-54,4274,3
4429,1985,2135,2060,-150,4120,3
4430,2019,2121,2070,-102,4140,3
4437,2061,2352,2206,-291,4413,3
4452,1996,2167,2081,-171,4163,3
4481,1993,2170,2081,-177,4163,3
4485,2197,2469,2333,-272,4666,3
4487,2170,2269,2219,-99,4439,3
4488,1814,2227,2020,-413,4041,3
4490,2146,2324,2235,-178,4470,3
4491,1936,2117,2026,-181,4053,3
4499,2046,2570,2308,-524,4616,3
4503,1954,2308,2131,-354,4262,3
4505,2018,2255,2136,-237,4273,3
4510,2055,2203,2129,-148,4258,3
4518,2023,2237,2130,-214,4260,3
4523,2246,2303,2274,-57,4549,3
4525,2029,2309,2169,-280,4338,3
4529,2299,2379,2339,-80,4678,3
4532,2024,2335,2179,-311,4359,3
4533,2211,2500,2355,-289,4711,3
4542,2280,2355,2317,-75,4635,3
4543,2084,2375,2229,-291,4459,3
4546,2176,2417,2296,-241,4593,3
4548,2225,2285,2255,-60,4510,3
4551,2252,2372,2312,-120,4624,3
4554,2045,2372,2208,-327,4417,3
4561,2104,2370,2237,-266,4474,3
4576,2223,2367,2295,-144,4590,3
4577,2085,2502,2293,-417,4587,3
4578,1953,2170,2061,-217,4123,3
4580,1952,2197,2074,-245,4149,3
4585,2129,2231,2180,-102,4360,3
4589,2066,2383,2224,-317,4449,3
4591,2001,2248,2124,-247,4249,3
4592,2133,2211,2172,-78,4344,3
4604,2190,2423,2306,-233,4613,3
4607,2145,2202,2173,-57,4347,3
4608,2329,2319,2324,10,4648,3
4613,2065,2478,2271,-413,4543,3
4618,2178,2326,2252,-148,4504,3
4620,1934,2240,2087,-306,4174,3
4624,2072,2390,2231,-318,4462,3
4625,2244,2405,2324,-161,4649,3
4626,2139,2533,2336,-394,4672,3
4632,2080,2246,2163,-166,4326,3
4637,1997,2120,2058,-123,4117,3
4638,1984,2396,2190,-412,4380,3
4642,1891,2383,2137,-492,4274,3
4647,2002,2328,2165,-326,4330,3
4652,2138,2347,2242,-209,4485,3
4653,2057,2147,2102,-90,4204,3
4655,2177,2211,2194,-34,4388,3
4668,2199,2505,2352,-306,4704,3
4680,2146,2165,2155,-19,4311,3
4683,1878,2318,2098,-440,4196,3
4685,2137,2377,2257,-240,4514,3
4690,2157,2327,2242,-170,4484,3
4691,2271,2345,2308,-74,4616,3
4703,2176,2356,2266,-180,4532,3
4709,2040,2130,2085,-90,4170,3
4713,2145,2221,2183,-76,4366,3
4714,2236,2434,2335,-198,4670,3
4720,1914,2200,2057,-286,4114,3
4721,1914,2375,2144,-461,4289,3
4725,2277,2297,2287,-20,4574,3
4726,2246,2351,2298,-105,4597,3
4730,2186,2427,2306,-241,4613,3
4731,2096,2224,2160,-128,4320,3
4732,2258,2414,2336,-156,4672,3
4737,2140,2333,2236,-193,4473,3
4750,1991,2092,2041,-101,4083,3
4753,1970,2530,2250,-560,4500,3
4759,1913,2171,2042,-258,4084,3
4761,2292,2330,2311,-38,4622,3
4764,1948,2361,2154,-413,4309,3
4768,1952,2385,2168,-433,4337,3
4770,2326,2332,2329,-6,4658,3
4773,2255,2482,2368,-227,4737,3
4775,2154,2310,2232,-156,4464,3
4781,1994,2186,2090,-192,4180,3
4785,2069,2425,2247,-356,4494,3
4795,2151,2297,2224,-146,4448,3
4796,2285,2291,2288,-6,4576,3
4797,2213,2456,2334,-243,4669,3
4799,1921,2317,2119,-396,4238,3
4804,1792,2670,2231,-878,4462,3
4807,2043,2223,2133,-180,4266,3
4808,2118,2378,2248,-260,4496,3
4810,2249,2417,2333,-168,4666,3
4817,2013,2079,2046,-66,4092,3
4828,2084,2534,2309,-450,4618,3
4835,2200,2488,2344,-288,4688,3
4836,2156,2395,2275,-239,4551,3
4851,1984,2237,2110,-253,4221,3
4853,2175,2264,2219,-89,4439,3
4854,2016,2336,2176,-320,4352,3
4856,2078,2396,2237,-318,4474,3
4857,2180,2572,2376,-392,4752,3
4862,2038,2074,2056,-36,4112,3
4864,2088,2244,2166,-156,4332,3
4865,1836,2253,2044,-417,4089,3
4872,2154,2380,2267,-226,4534,3
4874,2225,2277,2251,-52,4502,3
4878,2162,2554,2358,-392,4716,3
4880,2242,2371,2306,-129,4613,3
4884,2250,2252,2251,-2,4502,3
4886,2097,2246,2171,-149,4343,3
4889,2246,2357,2301,-111,4603,3
4891,2020,2444,2232,-424,4464,3
4894,2062,2317,2189,-255,4379,3
4896,2129,2437,2283,-308,4566,3
4898,2206,2359,2282,-153,4565,3
4903,2051,2350,2200,-299,4401,3
4907,2254,2248,2251,6,4502,3
4910,2179,2337,2258,-158,4516,3
4918,2053,2117,2085,-64,4170,3
4930,1763,2599,2181,-836,4362,3
4931,2153,2624,2388,-471,4777,3
4936,2202,2427,2314,-225,4629,3
4938,2172,2216,2194,-44,4388,3
4940,2025,2072,2048,-47,4097,3
4943,2051,2358,2204,-307,4409,3
4944,2211,2225,2218,-14,4436,3
4945,1978,2448,2213,-470,4426,3
4946,2255,2433,2344,-178,4688,3
4947,2238,2424,2331,-186,4662,3
4964,2200,2351,2275,-151,4551,3
4966,2256,2386,2321,-130,4642,3
4971,2185,2564,2374,-379,4749,3
4972,2115,2282,2198,-167,4397,3
4979,1963,2494,2228,-531,4457,3
4982,2057,2182,2119,-125,4239,3
4986,2193,2591,2392,-398,4784,3
4991,2175,2325,2250,-150,4500,3
4992,2215,2561,2388,-346,4776,3
5006,2141,2523,2332,-382,4664,3
5007,2126,2230,2178,-104,4356,3
5010,2026,2098,2062,-72,4124,3
5016,1863,2470,2166,-607,4333,3
5020,2221,2260,2240,-39,4481,3
5024,2191,2269,2230,-78,4460,3
5026,2267,2441,2354,-174,4708,3
5027,1973,2262,2117,-289,4235,3
5035,1986,2197,2091,-211,4183,3
5040,2244,2341,2292,-97,4585,3
5042,1926,2182,2054,-256,4108,3
5043,2040,2484,2262,-444,4524,3
5044,2194,2318,2256,-124,4512,3
5045,2205,2361,2283,-156,4566,3
5048,2245,2409,2327,-164,4654,3
5056,2304,2394,2349,-90,4698,3
5058,1922,2258,2090,-336,4180,3
5062,2133,2470,2301,-337,4603,3
5069,2046,2259,2152,-213,4305,3
5075,1953,2321,2137,-368,4274,3
5079,2029,2300,2164,-271,4329,3
5081,2176,2432,2304,-256,4608,3
5082,1983,2151,2067,-168,4134,3
5086,2256,2428,2342,-172,4684,3
5090,2286,2406,2346,-120,4692,3
5091,2314,2338,2326,-24,4652,3
5098,2156,2211,2183,-55,4367,3
5104,2156,2487,2321,-331,4643,3
5107,1908,2163,2035,-255,4071,3
5117,2039,2156,2097,-117,4195,3
5119,2054,2366,2210,-312,4420,3
5121,2276,2381,2328,-105,4657,3
5127,2260,2304,2282,-44,4564,3
5132,2255,2344,2299,-89,4599,3
5135,2199,2335,2267,-136,4534,3
5136,2007,2268,2137,-261,4275,3
5139,2265,2263,2264,2,4528,3
5141,2243,2461,2352,-218,4704,3
5143,1814,2271,2042,-457,4085,3
5145,2123,2391,2257,-268,4514,3
5146,2089,2271,2180,-182,4360,3
5149,2135,2213,2174,-78,4348,3
5150,2051,2315,2183,-264,4366,3
5151,2227,2381,2304,-154,4608,3
5157,2210,2227,2218,-17,4437,3
5163,1935,2510,2222,-575,4445,3
5164,2264,2319,2291,-55,4583,3
5165,2059,2226,2142,-167,4285,3
5173,2211,2290,2250,-79,4501,3
5178,2100,2412,2256,-312,4512,3
5195,2176,2562,2369,-386,4738,3
5205,2291,2308,2299,-17,4599,3
5208,2152,2390,2271,-238,4542,3
5210,2239,2423,2331,-184,4662,3
5217,1949,2160,2054,-211,4109,3
5218,2062,2261,2161,-199,4323,3
5219,2241,2394,2317,-153,4635,3
5224,2053,2238,2145,-185,4291,3
5226,1864,2372,2118,-508,4236,3
5241,2248,2499,2373,-251,4747,3
5246,2306,2293,2299,13,4599,3
5254,2194,2526,2360,-332,4720,3
5259,2160,2431,2295,-271,4591,3
5261,2115,2484,2299,-369,4599,3
5272,2199,2325,2262,-126,4524,3
5273,2035,2145,2090,-110,4180,3
5278,2157,2403,2280,-246,4560,3
5282,1934,2125,2029,-191,4059,3
5283,2053,2205,2129,-152,4258,3
5286,1978,2230,2104,-252,4208,3
5290,2244,2436,2340,-192,4680,3
5291,2038,2101,2069,-63,4139,3
5297,2269,2346,2307,-77,4615,3
5302,1941,2190,2065,-249,4131,3
5307,1846,2281,2063,-435,4127,3
5310,2201,2401,2301,-200,4602,3
5316,2287,2361,2324,-74,4648,3
5322,1962,2163,2062,-201,4125,3
5324,1894,2175,2034,-281,4069,3
5325,2250,2504,2377,-254,4754,3
5326,1962,2321,2141,-359,4283,3
5340,2157,2396,2276,-239,4553,3
5342,2088,2283,2185,-195,4371,3
5344,1906,2329,2117,-423,4235,3
5347,2027,2274,2150,-247,4301,3
5349,2205,2218,2211,-13,4423,3
5360,2235,2506,2370,-271,4741,3
5364,2048,2558,2303,-510,4606,3
5366,1955,2255,2105,-300,4210,3
5368,2210,2250,2230,-40,4460,3
5371,2191,2445,2318,-254,4636,3
5372,1593,2403,1998,-810,3996,3
5379,2126,2320,2223,-194,4446,3
5380,1973,2404,2188,-431,4377,3
5382,2256,2439,2347,-183,4695,3
5383,2290,2420,2355,-130,4710,3
5384,2209,2410,2309,-201,4619,3
5389,1910,2418,2164,-508,4328,3
5391,2241,2266,2253,-25,4507,3
5392,2134,2192,2163,-58,4326,3
5394,1772,2323,2047,-551,4095,3
5396,2116,2295,2205,-179,4411,3
5397,2292,2401,2346,-109,4693,3
5402,1932,2422,2177,-490,4354,3
5408,2207,2542,2374,-335,4749,3
5424,2182,2487,2334,-305,4669,3
5427,2164,2376,2270,-212,4540,3
5429,2079,2286,2182,-207,4365,3
5433,2016,2176,2096,-160,4192,3
5441,2164,2369,2266,-205,4533,3
5443,2176,2300,2238,-124,4476,3
5444,2273,2410,2341,-137,4683,3
5450,2204,2425,2314,-221,4629,3
5455,1972,2267,2119,-295,4239,3
5464,2287,2369,2328,-82,4656,3
5470,1933,2179,2056,-246,4112,3
5471,2099,2224,2161,-125,4323,3
5475,1705,2370,2037,-665,4075,3
5476,2240,2239,2239,1,4479,3
5478,2254,2389,2321,-135,4643,3
5479,2267,2407,2337,-140,4674,3
5488,2263,2278,2270,-15,4541,3
5490,2172,2505,2338,-333,4677,3
5491,1991,2359,2175,-368,4350,3
5495,2252,2412,2332,-160,4664,3
5513,2174,2379,2276,-205,4553,3
5514,2212,2442,2327,-230,4654,3
5516,2198,2357,2277,-159,4555,3
5517,1864,2165,2014,-301,4029,3
5519,2086,2500,2293,-414,4586,3
5521,2200,2497,2348,-297,4697,3
5522,1991,2501,2246,-510,4492,3
5523,2093,2564,2328,-471,4657,3
5527,2281,2365,2323,-84,4646,3
5528,2210,2563,2386,-353,4773,3
5529,1888,2229,2058,-341,4117,3
5534,1866,2263,2064,-397,4129,3
5539,2191,2410,2300,-219,4601,3
5542,2065,2340,2202,-275,4405,3
5544,2153,2180,2166,-27,4333,3
5556,2101,2151,2126,-50,4252,3
5559,2030,2106,2068,-76,4136,3
5567,1990,2368,2179,-378,4358,3
5572,2189,2225,2207,-36,4414,3
5575,2231,2334,2282,-103,4565,3
5580,1927,2143,2035,-216,4070,3
5588,2230,2235,2232,-5,4465,3
5589,2005,2268,2136,-263,4273,3
5604,2262,2423,2342,-161,4685,3
5610,2248,2498,2373,-250,4746,3
5622,2030,2190,2110,-160,4220,3
5623,2121,2310,2215,-189,4431,3
5625,2168,2569,2368,-401,4737,3
5631,2175,2242,2208,-67,4417,3
5636,2168,2482,2325,-314,4650,3
5640,2171,2578,2374,-407,4749,3
5642,2257,2380,2318,-123,4637,3
5643,2112,2420,2266,-308,4532,3
5649,1705,2402,2053,-697,4107,3
5651,2079,2189,2134,-110,4268,3
5652,2200,2448,2324,-248,4648,3
5658,2259,2460,2359,-201,4719,3
5660,1948,2235,2091,-287,4183,3
5662,2014,2140,2077,-126,4154,3
5664,2149,2216,2182,-67,4365,3
5665,2177,2459,2318,-282,4636,3
5668,2246,2428,2337,-182,4674,3
5676,2145,2454,2299,-309,4599,3
5677,2057,2267,2162,-210,4324,3
5681,2209,2279,2244,-70,4488,3
5685,2054,2106,2080,-52,4160,3
5686,2070,2515,2292,-445,4585,3
5688,2229,2377,2303,-148,4606,3
5692,2244,2285,2264,-41,4529,3
5695,1872,2341,2106,-469,4213,3
5706,2064,2085,2074,-21,4149,3
5707,2173,2433,2303,-260,4606,3
5708,2199,2442,2320,-243,4641,3
5722,2039,2159,2099,-120,4198,3
5723,2126,2476,2301,-350,4602,3
5728,2261,2411,2336,-150,4672,3
5729,1995,2287,2141,-292,4282,3
5731,2227,2371,2299,-144,4598,3
5732,2017,2145,2081,-128,4162,3
5736,2186,2319,2252,-133,4505,3
5737,2094,2245,2169,-151,4339,3
5738,2144,2214,2179,-70,4358,3
5740,2313,2368,2340,-55,4681,3
5745,2319,2320,2319,-1,4639,3
5753,1916,2153,2034,-237,4069,3
5768,2117,2369,2243,-252,4486,3
5773,1968,2313,2140,-345,4281,3
5776,2177,2489,2333,-312,4666,3
5777,2250,2272,2261,-22,4522,3
5778,2290,2356,2323,-66,4646,3
5781,2214,2379,2296,-165,4593,3
5782,2051,2254,2152,-203,4305,3
5784,2233,2381,2307,-148,4614,3
5789,2222,2457,2339,-235,4679,3
5800,2152,2342,2247,-190,4494,3
5803,2079,2262,2170,-183,4341,3
5809,2025,2192,2108,-167,4217,3
5815,1965,2349,2157,-384,4314,3
5816,2022,2156,2089,-134,4178,3
5824,1944,2303,2123,-359,4247,3
5836,2091,2153,2122,-62,4244,3
5839,2005,2711,2358,-706,4716,3
5851,2062,2545,2303,-483,4607,3
5852,2076,2337,2206,-261,4413,3
5854,2218,2323,2270,-105,4541,3
5862,2170,2173,2171,-3,4343,3
5863,1993,2406,2199,-413,4399,3
5868,2128,2249,2188,-121,4377,3
5873,2090,2274,2182,-184,4364,3
5876,2238,2449,2343,-211,4687,3
5881,2033,2291,2162,-258,4324,3
5883,2281,2302,2291,-21,4583,3
5889,2238,2448,2343,-210,4686,3
5891,2052,2226,2139,-174,4278,3
5893,1554,2619,2086,-1065,4173,3
5898,2148,2256,2202,-108,4404,3
5907,1975,2111,2043,-136,4086,3
5908,1932,2359,2145,-427,4291,3
5914,2074,2430,2252,-356,4504,3
5917,2027,2081,2054,-54,4108,3
5918,1952,2213,2082,-261,4165,3
5919,1987,2102,2044,-115,4089,3
5920,1912,2345,2128,-433,4257,3
5921,1781,2318,2049,-537,4099,3
5930,2263,2262,2262,1,4525,3
5931,2139,2215,2177,-76,4354,3
5933,2062,2394,2228,-332,4456,3
5938,2182,2599,2390,-417,4781,3
5947,2185,2568,2376,-383,4753,3
5952,2017,2188,2102,-171,4205,3
5955,2092,2501,2296,-409,4593,3
5962,1848,2225,2036,-377,4073,3
5971,2046,2398,2222,-352,4444,3
5979,2254,2453,2353,-199,4707,3
5986,1992,2403,2197,-411,4395,3
5987,2237,2471,2354,-234,4708,3
5988,1949,2120,2034,-171,4069,3
5995,2028,2582,2305,-554,4610,3
5997,2082,2353,2217,-271,4435,3
5998,1819,2385,2102,-566,4204,3
6001,2206,2358,2282,-152,4564,3
6007,1990,2195,2092,-205,4185,3
6011,2331,2339,2335,-8,4670,3
6019,1951,2310,2130,-359,4261,3
6021,1887,2272,2079,-385,4159,3
6026,1904,2458,2181,-554,4362,3
6033,2107,2206,2156,-99,4313,3
6037,2138,2314,2226,-176,4452,3
6038,2181,2357,2269,-176,4538,3
6041,2003,2209,2106,-206,4212,3
6049,2049,2206,2127,-157,4255,3
6063,1954,2324,2139,-370,4278,3
6066,2190,2487,2338,-297,4677,3
6072,2237,2484,2360,-247,4721,3
6079,2027,2270,2148,-243,4297,3
6082,2024,2139,2081,-115,4163,3
6085,2293,2292,2292,1,4585,3
6088,2253,2303,2278,-50,4556,3
6089,2149,2260,2204,-111,4409,3
6091,2023,2270,2146,-247,4293,3
6093,1648,2459,2053,-811,4107,3
6096,1933,2248,2090,-315,4181,3
6104,2241,2358,2299,-117,4599,3
6105,1988,2188,2088,-200,4176,3
6106,2236,2337,2286,-101,4573,3
6110,2256,2386,2321,-130,4642,3
6111,2217,2363,2290,-146,4580,3
6113,2123,2486,2304,-363,4609,3
6114,2053,2325,2189,-272,4378,3
6117,1943,2221,2082,-278,4164,3
6121,2010,2191,2100,-181,4201,3
6122,2285,2364,2324,-79,4649,3
6125,1997,2100,2048,-103,4097,3
6127,2059,2185,2122,-126,4244,3
6128,1936,2124,2030,-188,4060,3
6129,1969,2107,2038,-138,4076,3
6130,2246,2458,2352,-212,4704,3
6131,2307,2295,2301,12,4602,3
6133,2016,2430,2223,-414,4446,3
6134,2031,2254,2142,-223,4285,3
6136,1958,2388,2173,-430,4346,3
6137,1856,2411,2133,-555,4267,3
6142,2202,2255,2228,-53,4457,3
6143,2197,2371,2284,-174,4568,3
6149,1961,2322,2141,-361,4283,3
6150,1940,2285,2112,-345,4225,3
6155,2313,2374,2343,-61,4687,3
6159,1919,2181,2050,-262,4100,3
6166,2204,2245,2224,-41,4449,3
6168,1920,2473,2196,-553,4393,3
6181,2188,2314,2251,-126,4502,3
6182,1974,2167,2070,-193,4141,3
6187,2143,2229,2186,-86,4372,3
6188,2051,2261,2156,-210,4312,3
6190,2022,2168,2095,-146,4190,3
6193,1981,2426,2203,-445,4407,3
6198,1958,2319,2138,-361,4277,3
6204,2312,2360,2336,-48,4672,3
6209,2217,2435,2326,-218,4652,3
6210,2088,2526,2307,-438,4614,3
6220,2195,2368,2281,-173,4563,3
6224,2044,2155,2099,-111,4199,3
6225,1782,2270,2026,-488,4052,3
6226,1951,2371,2161,-420,4322,3
6233,2249,2410,2329,-161,4659,3
6235,2060,2331,2195,-271,4391,3
6237,2309,2307,2308,2,4616,3
6240,2116,2239,2177,-123,4355,3
6250,2100,2230,2165,-130,4330,3
6251,2214,2497,2355,-283,4711,3
6255,2150,2449,2299,-299,4599,3
6260,2177,2205,2191,-28,4382,3
6262,2191,2415,2303,-224,4606,3
6263,2206,2361,2283,-155,4567,3
6267,2025,2418,2221,-393,4443,3
6280,2236,2458,2347,-222,4694,3
6282,2253,2284,2268,-31,4537,3
6284,1899,2217,2058,-318,4116,3
6285,1957,2530,2243,-573,4487,3
6287,2187,2281,2234,-94,4468,3
6289,2269,2378,2323,-109,4647,3
6296,2241,2263,2252,-22,4504,3
6304,2009,2202,2105,-193,4211,3
6306,2217,2510,2363,-293,4727,3
6308,2196,2574,2385,-378,4770,3
6309,2179,2266,2222,-87,4445,3
6310,2011,2319,2165,-308,4330,3
6315,2107,2380,2243,-273,4487,3
6316,2210,2406,2308,-196,4616,3
6319,2172,2526,2349,-354,4698,3
6334,1819,2432,2125,-613,4251,3
6339,2102,2428,2265,-326,4530,3
6346,1979,2147,2063,-168,4126,3
6347,1800,2339,2069,-539,4139,3
6353,2034,2069,2051,-35,4103,3
6356,1981,2262,2121,-281,4243,3
6365,1929,2334,2131,-405,4263,3
6370,2144,2340,2242,-196,4484,3
6371,2198,2322,2260,-124,4520,3
6373,2301,2324,2312,-23,4625,3
6378,2274,2420,2347,-146,4694,3
6380,2129,2299,2214,-170,4428,3
6382,2077,2244,2160,-167,4321,3
6385,2235,2473,2354,-238,4708,3
6387,2282,2366,2324,-84,4648,3
6388,1782,2371,2076,-589,4153,3
6391,2262,2365,2313,-103,4627,3
6393,2270,2394,2332,-124,4664,3
6395,2140,2167,2153,-27,4307,3
6402,2260,2399,2329,-139,4659,3
6404,2113,2227,2170,-114,4340,3
6410,2217,2404,2310,-187,4621,3
6411,2116,2166,2141,-50,4282,3
6412,2245,2483,2364,-238,4728,3
6417,2221,2412,2316,-191,4633,3
6418,2143,2486,2314,-343,4629,3
6424,1920,2487,2203,-567,4407,3
6426,2224,2464,2344,-240,4688,3
6427,2203,2314,2258,-111,4517,3
6442,1927,2272,2099,-345,4199,3
6445,2025,2216,2120,-191,4241,3
6449,2027,2324,2175,-297,4351,3
6451,2261,2439,2350,-178,4700,3
6455,1929,2348,2138,-419,4277,3
6470,1832,2502,2167,-670,4334,3
6474,2170,2475,2322,-305,4645,3
6478,2210,2428,2319,-218,4638,3
6485,1968,2213,2090,-245,4181,3
6487,2045,2428,2236,-383,4473,3
6491,2033,2368,2200,-335,4401,3
6495,2167,2354,2260,-187,4521,3
6500,2004,2407,2205,-403,4411,3
6501,2061,2430,2245,-369,4491,3
6504,2102,2289,2195,-187,4391,3
6507,2218,2275,2246,-57,4493,3
6514,2095,2170,2132,-75,4265,3
6516,2206,2522,2364,-316,4728,3
6517,2071,2136,2103,-65,4207,3
6520,2100,2314,2207,-214,4414,3
6526,2284,2306,2295,-22,4590,3
6527,2198,2337,2267,-139,4535,3
6540,2331,2340,2335,-9,4671,3
6543,2150,2360,2255,-210,4510,3
6546,2198,2317,2257,-119,4515,3
6549,1983,2149,2066,-166,4132,3
6553,2216,2473,2344,-257,4689,3
6557,2123,2363,2243,-240,4486,3
6561,2107,2449,2278,-342,4556,3
6563,2027,2630,2328,-603,4657,3
6565,2259,2395,2327,-136,4654,3
6572,2134,2312,2223,-178,4446,3
6575,1845,2330,2087,-485,4175,3
6577,2170,2388,2279,-218,4558,3
6579,2002,2217,2109,-215,4219,3
6582,2021,2297,2159,-276,4318,3
6591,1859,2181,2020,-322,4040,3
6593,1977,2386,2181,-409,4363,3
6598,2153,2230,2191,-77,4383,3
6600,1792,2229,2010,-437,4021,3
6604,2102,2342,2222,-240,4444,3
6606,2210,2510,2360,-300,4720,3
6614,2259,2446,2352,-187,4705,3
6616,2252,2494,2373,-242,4746,3
6627,2004,2097,2050,-93,4101,3
6631,2200,2389,2294,-189,4589,3
6636,1985,2383,2184,-398,4368,3
6639,2171,2446,2308,-275,4617,3
6643,1949,2152,2050,-203,4101,3
6645,2167,2520,2343,-353,4687,3
6656,2128,2386,2257,-258,4514,3
6667,2149,2515,2332,-366,4664,3
6676,1890,2145,2017,-255,4035,3
6681,2163,2322,2242,-159,4485,3
6682,2024,2254,2139,-230,4278,3
6683,2218,2432,2325,-214,4650,3
6688,2000,2536,2268,-536,4536,3
6691,1955,2198,2076,-243,4153,3
6695,2267,2383,2325,-116,4650,3
6697,2163,2500,2331,-337,4663,3
6707,2123,2147,2135,-24,4270,3
6708,2074,2255,2164,-181,4329,3
6712,2042,2442,2242,-400,4484,3
6730,2161,2410,2285,-249,4571,3
6732,2211,2305,2258,-94,4516,3
6733,1552,2446,1999,-894,3998,3
6736,2064,2259,2161,-195,4323,3
6741,2159,2338,2248,-179,4497,3
6742,2295,2398,2346,-103,4693,3
6744,2167,2387,2277,-220,4554,3
6745,2230,2320,2275,-90,4550,3
6750,2209,2316,2262,-107,4525,3
6755,2151,2235,2193,-84,4386,3
6763,2178,2516,2347,-338,4694,3
6777,2138,2250,2194,-112,4388,3
6778,2160,2262,2211,-102,4422,3
6779,2228,2266,2247,-38,4494,3
6801,2196,2385,2290,-189,4581,3
6804,2238,2350,2294,-112,4588,3
6808,2062,2180,2121,-118,4242,3
6809,2279,2393,2336,-114,4672,3
6811,2221,2306,2263,-85,4527,3
6813,1988,2229,2108,-241,4217,3
6822,2178,2471,2324,-293,4649,3
6823,1934,2236,2085,-302,4170,3
6824,2249,2248,2248,1,4497,3
6831,2082,2237,2159,-155,4319,3
6833,2044,2086,2065,-42,4130,3
6836,2194,2444,2319,-250,4638,3
6852,2085,2502,2293,-417,4587,3
6855,2078,2436,2257,-358,4514,3
6856,2147,2385,2266,-238,4532,3
6857,1945,2170,2057,-225,4115,3
6858,2298,2338,2318,-40,4636,3
6864,2237,2231,2234,6,4468,3
6866,1812,2285,2048,-473,4097,3
6868,2158,2228,2193,-70,4386,3
6872,2178,2412,2295,-234,4590,3
6873,2068,2161,2114,-93,4229,3
6875,2074,2235,2154,-161,4309,3
6880,1999,2239,2119,-240,4238,3
6881,2092,2345,2218,-253,4437,3
6892,2071,2308,2189,-237,4379,3
6895,2121,2307,2214,-186,4428,3
6904,1976,2138,2057,-162,4114,3
6905,2058,2235,2146,-177,4293,3
6909,2186,2430,2308,-244,4616,3
6919,2234,2298,2266,-64,4532,3
6921,1948,2140,2044,-192,4088,3
6923,1986,2131,2058,-145,4117,3
6924,1896,2140,2018,-244,4036,3
6929,2255,2476,2365,-221,4731,3
6931,2180,2261,2220,-81,4441,3
6941,1976,2454,2215,-478,4430,3
6943,2187,2244,2215,-57,4431,3
6945,2257,2486,2371,-229,4743,3
6960,2092,2292,2192,-200,4384,3
6965,2108,2685,2396,-577,4793,3
6968,1876,2320,2098,-444,4196,3
6971,1952,2479,2215,-527,4431,3
6972,2157,2439,2298,-282,4596,3
6975,2114,2312,2213,-198,4426,3
6983,2025,2081,2053,-56,4106,3
6985,2254,2445,2349,-191,4699,3
6986,2300,2377,2338,-77,4677,3
6990,2211,2306,2258,-95,4517,3
6996,1974,2384,2179,-410,4358,3
7000,2016,2335,2175,-319,4351,3
7017,2124,2229,2176,-105,4353,3
7019,2254,2380,2317,-126,4634,3
7023,2058,2361,2209,-303,4419,3
7024,1939,2141,2040,-202,4080,3
7027,2013,2311,2162,-298,4324,3
7034,2296,2296,2296,0,4592,3
7036,2329,2330,2329,-1,4659,3
7037,1887,2509,2198,-622,4396,3
7042,1905,2249,2077,-344,4154,3
7043,1974,2113,2043,-139,4087,3
7049,2254,2275,2264,-21,4529,3
7054,2275,2275,2275,0,4550,3
7055,2049,2229,2139,-180,4278,3
7058,2061,2354,2207,-293,4415,3
7061,2152,2301,2226,-149,4453,3
7070,2120,2518,2319,-398,4638,3
7076,1970,2360,2165,-390,4330,3
7077,2093,2208,2150,-115,4301,3
7079,2138,2250,2194,-112,4388,3
7081,2133,2300,2216,-167,4433,3
7099,2268,2436,2352,-168,4704,3
7106,2100,2459,2279,-359,4559,3
7108,2062,2211,2136,-149,4273,3
7111,1991,2499,2245,-508,4490,3
7117,2029,2302,2165,-273,4331,3
7118,2186,2455,2320,-269,4641,3
7119,2054,2145,2099,-91,4199,3
7120,2069,2402,2235,-333,4471,3
7124,2266,2470,2368,-204,4736,3
7127,1945,2216,2080,-271,4161,3
7139,1989,2161,2075,-172,4150,3
7148,2322,2329,2325,-7,4651,3
7152,2078,2478,2278,-400,4556,3
7156,2041,2275,2158,-234,4316,3
7157,2131,2141,2136,-10,4272,3
7158,2281,2402,2341,-121,4683,3
7160,2211,2461,2336,-250,4672,3
7164,2132,2333,2232,-201,4465,3
7171,2188,2243,2215,-55,4431,3
7175,1844,2237,2040,-393,4081,3
7178,2170,2327,2248,-157,4497,3
7185,2192,2245,2218,-53,4437,3
7197,2106,2295,2200,-189,4401,3
7198,2167,2540,2353,-373,4707,3
7200,2061,2243,2152,-182,4304,3
7202,2289,2416,2352,-127,4705,3
7203,2134,2255,2194,-121,4389,3
7205,1972,2447,2209,-475,4419,3
7208,2143,2607,2375,-464,4750,3
7214,1922,2235,2078,-313,4157,3
7218,2033,2270,2151,-237,4303,3
7221,2145,2303,2224,-158,4448,3
7228,1892,2410,2151,-518,4302,3
7230,2170,2250,2210,-80,4420,3
7234,1858,2408,2133,-550,4266,3
7235,1909,2445,2177,-536,4354,3
7236,2254,2377,2315,-123,4631,3
7241,2042,2390,2216,-348,4432,3
7248,2200,2508,2354,-308,4708,3
7251,2184,2388,2286,-204,4572,3
7256,2113,2386,2249,-273,4499,3
7258,2221,2340,2280,-119,4561,3
7263,2235,2278,2256,-43,4513,3
7266,2132,2517,2324,-385,4649,3
7267,2122,2438,2280,-316,4560,3
7268,2266,2343,2304,-77,4609,3
7270,2241,2413,2327,-172,4654,3
7274,1996,2219,2107,-223,4215,3
7284,2206,2342,2274,-136,4548,3
7289,2200,2278,2239,-78,4478,3
7291,2165,2170,2167,-5,4335,3
7293,1953,2178,2065,-225,4131,3
7295,2049,2064,2056,-15,4113,3
7301,2178,2351,2264,-173,4529,3
7304,2023,2298,2160,-275,4321,3
7305,2050,2368,2209,-318,4418,3
7314,2214,2423,2318,-209,4637,3
7316,1989,2270,2129,-281,4259,3
7318,2065,2271,2168,-206,4336,3
7319,2046,2075,2060,-29,4121,3
7322,1794,2377,2085,-583,4171,3
7329,2043,2306,2174,-263,4349,3
7345,2140,2549,2344,-409,4689,3
7350,2121,2409,2265,-288,4530,3
7351,2178,2350,2264,-172,4528,3
7353,2101,2224,2162,-123,4325,3
7355,2073,2139,2106,-66,4212,3
7357,2066,2099,2082,-33,4165,3
7370,2248,2378,2313,-130,4626,3
7372,2063,2371,2217,-308,4434,3
7373,2168,2251,2209,-83,4419,3
7384,2088,2215,2151,-127,4303,3
7390,2253,2420,2336,-167,4673,3
7392,2215,2361,2288,-146,4576,3
7395,2237,2250,2243,-13,4487,3
7407,2260,2460,2360,-200,4720,3
7409,2036,2240,2138,-204,4276,3
7421,2285,2416,2350,-131,4701,3
7425,2137,2361,2249,-224,4498,3
7427,2154,2308,2231,-154,4462,3
7433,2304,2352,2328,-48,4656,3
7440,2008,2304,2156,-296,4312,3
7441,1648,2422,2035,-774,4070,3
7442,1939,2338,2138,-399,4277,3
7458,2258,2461,2359,-203,4719,3
7460,1921,2169,2045,-248,4090,3
7467,2131,2351,2241,-220,4482,3
7476,2234,2453,2343,-219,4687,3
7478,2123,2358,2240,-235,4481,3
7480,2067,2311,2189,-244,4378,3
7482,1892,2310,2101,-418,4202,3
7486,2251,2307,2279,-56,4558,3
7505,2146,2322,2234,-176,4468,3
7513,2117,2266,2191,-149,4383,3
7514,2140,2360,2250,-220,4500,3
7516,2141,2282,2211,-141,4423,3
7521,2161,2284,2222,-123,4445,3
7522,2184,2469,2326,-285,4653,3
7524,2163,2424,2293,-261,4587,3
7525,2123,2341,2232,-218,4464,3
7527,2284,2377,2330,-93,4661,3
7529,2029,2189,2109,-160,4218,3
7531,2133,2328,2230,-195,4461,3
7532,1836,2233,2034,-397,4069,3
7545,1927,2448,2187,-521,4375,3
7547,2113,2296,2204,-183,4409,3
7548,2233,2344,2288,-111,4577,3
7552,2046,2678,2362,-632,4724,3
7553,2166,2383,2274,-217,4549,3
7559,2084,2306,2195,-222,4390,3
7560,1935,2133,2034,-198,4068,3
7563,2087,2369,2228,-282,4456,3
7566,2147,2456,2301,-309,4603,3
7567,2136,2188,2162,-52,4324,3
7569,2051,2418,2234,-367,4469,3
7573,2227,2547,2387,-320,4774,3
7574,2172,2416,2294,-244,4588,3
7578,2104,2365,2234,-261,4469,3
7579,2034,2139,2086,-105,4173,3
7582,2269,2263,2266,6,4532,3
7583,1967,2284,2125,-317,4251,3
7592,2178,2259,2218,-81,4437,3
7594,2025,2196,2110,-171,4221,3
7596,2068,2206,2137,-138,4274,3
7597,1925,2268,2096,-343,4193,3
7601,2038,2237,2137,-199,4275,3
7602,2263,2347,2305,-84,4610,3
7607,1979,2177,2078,-198,4156,3
7609,2051,2403,2227,-352,4454,3
7613,1942,2117,2029,-175,4059,3
7615,2099,2278,2188,-179,4377,3
7616,2050,2450,2250,-400,4500,3
7623,2118,2348,2233,-230,4466,3
7627,1983,2153,2068,-170,4136,3
7629,1827,2181,2004,-354,4008,3
7634,1772,2392,2082,-620,4164,3
7636,2241,2402,2321,-161,4643,3
7644,2224,2402,2313,-178,4626,3
7650,2190,2434,2312,-244,4624,3
7659,1817,2199,2008,-382,4016,3
7661,2000,2177,2088,-177,4177,3
7662,2211,2255,2233,-44,4466,3
7666,2147,2293,2220,-146,4440,3
7668,1795,2459,2127,-664,4254,3
7675,2192,2253,2222,-61,4445,3
7676,2266,2462,2364,-196,4728,3
7687,2132,2287,2209,-155,4419,3
7688,2230,2451,2340,-221,4681,3
7690,2092,2334,2213,-242,4426,3
7691,2040,2184,2112,-144,4224,3
7693,2160,2375,2267,-215,4535,3
7694,2071,2350,2210,-279,4421,3
7695,2059,2099,2079,-40,4158,3
7696,1919,2352,2135,-433,4271,3
7712,2118,2485,2301,-367,4603,3
7714,2045,2460,2252,-415,4505,3
7718,2098,2245,2171,-147,4343,3
7723,2097,2261,2179,-164,4358,3
7730,2210,2343,2276,-133,4553,3
7734,2024,2250,2137,-226,4274,3
7736,2078,2361,2219,-283,4439,3
7737,2223,2371,2297,-148,4594,3
7756,2058,2198,2128,-140,4256,3
7757,1886,2252,2069,-366,4138,3
7759,2189,2261,2225,-72,4450,3
7766,2287,2376,2331,-89,4663,3
7767,2288,2350,2319,-62,4638,3
7773,2204,2334,2269,-130,4538,3
7774,1946,2350,2148,-404,4296,3
7781,2123,2481,2302,-358,4604,3
7786,2061,2260,2160,-199,4321,3
7789,1944,2166,2055,-222,4110,3
7791,2118,2228,2173,-110,4346,3
7794,2284,2320,2302,-36,4604,3
7798,1997,2144,2070,-147,4141,3
7805,2224,2420,2322,-196,4644,3
7808,2140,2271,2205,-131,4411,3
7811,2029,2214,2121,-185,4243,3
7813,1861,2477,2169,-616,4338,3
7819,2085,2228,2156,-143,4313,3
7820,2018,2517,2267,-499,4535,3
7827,1823,2244,2033,-421,4067,3
7830,2073,2218,2145,-145,4291,3
7832,2157,2177,2167,-20,4334,3
7845,2108,2244,2176,-136,4352,3
7857,1932,2452,2192,-520,4384,3
7865,2015,2113,2064,-98,4128,3
7866,2058,2103,2080,-45,4161,3
7867,2172,2383,2277,-211,4555,3
7873,1973,2144,2058,-171,4117,3
7876,2174,2522,2348,-348,4696,3
7878,1904,2179,2041,-275,4083,3
7879,2247,2301,2274,-54,4548,3
7881,2186,2236,2211,-50,4422,3
7887,2185,2464,2324,-279,4649,3
7888,2113,2458,2285,-345,4571,3
7889,2109,2417,2263,-308,4526,3
7891,2243,2262,2252,-19,4505,3
7895,1904,2164,2034,-260,4068,3
7896,2142,2269,2205,-127,4411,3
7899,2004,2278,2141,-274,4282,3
7900,2321,2319,2320,2,4640,3
7901,2135,2168,2151,-33,4303,3
7905,2118,2501,2309,-383,4619,3
7908,2164,2372,2268,-208,4536,3
7911,2223,2481,2352,-258,4704,3
7917,2263,2347,2305,-84,4610,3
7918,2254,2407,2330,-153,4661,3
7919,2199,2260,2229,-61,4459,3
7923,1925,2274,2099,-349,4199,3
7929,1966,2118,2042,-152,4084,3
7936,2142,2210,2176,-68,4352,3
7938,2192,2419,2305,-227,4611,3
7939,2058,2309,2183,-251,4367,3
7950,2238,2302,2270,-64,4540,3
7951,2208,2342,2275,-134,4550,3
7954,2053,2148,2100,-95,4201,3
7957,2249,2459,2354,-210,4708,3
7958,1988,2127,2057,-139,4115,3
7968,2060,2466,2263,-406,4526,3
7970,1961,2399,2180,-438,4360,3
7971,1895,2205,2050,-310,4100,3
7976,2068,2298,2183,-230,4366,3
7980,2085,2202,2143,-117,4287,3
7985,1931,2199,2065,-268,4130,3
7986,2333,2320,2326,13,4653,3
7987,2239,2472,2355,-233,4711,3
7989,1963,2212,2087,-249,4175,3
7996,2143,2574,2358,-431,4717,3
8001,2106,2440,2273,-334,4546,3
8003,2000,2152,2076,-152,4152,3
8005,1984,2209,2096,-225,4193,3
8008,2103,2521,2312,-418,4624,3
8009,1837,2197,2017,-360,4034,3
8010,2140,2301,2220,-161,4441,3
8018,2163,2168,2165,-5,4331,3
8024,2115,2322,2218,-207,4437,3
8032,1999,2123,2061,-124,4122,3
8033,2108,2357,2232,-249,4465,3
8037,2075,2377,2226,-302,4452,3
8039,2119,2289,2204,-170,4408,3
8042,1941,2214,2077,-273,4155,3
8047,2022,2326,2174,-304,4348,3
8048,2266,2386,2326,-120,4652,3
8049,2303,2391,2347,-88,4694,3
8051,2065,2224,2144,-159,4289,3
8056,2155,2274,2214,-119,4429,3
8063,2072,2373,2222,-301,4445,3
8071,2223,2316,2269,-93,4539,3
8075,1823,2246,2034,-423,4069,3
8083,1936,2338,2137,-402,4274,3
8084,1971,2245,2108,-274,4216,3
8095,2063,2311,2187,-248,4374,3
8099,1918,2227,2072,-309,4145,3
8101,2040,2231,2135,-191,4271,3
8105,2255,2252,2253,3,4507,3
8107,2295,2291,2293,4,4586,3
8112,2245,2305,2275,-60,4550,3
8114,2063,2108,2085,-45,4171,3
8115,2164,2257,2210,-93,4421,3
8119,2003,2167,2085,-164,4170,3
8124,1998,2210,2104,-212,4208,3
8128,1812,2209,2010,-397,4021,3
8132,2287,2425,2356,-138,4712,3
8133,2168,2245,2206,-77,4413,3
8135,2276,2375,2325,-99,4651,3
8152,2024,2409,2216,-385,4433,3
8168,1985,2231,2108,-246,4216,3
8173,2081,2512,2296,-431,4593,3
8174,2204,2415,2309,-211,4619,3
8179,2268,2379,2323,-111,4647,3
8181,1966,2156,2061,-190,4122,3
8183,2060,2362,2211,-302,4422,3
8184,2080,2240,2160,-160,4320,3
8189,1870,2195,2032,-325,4065,3
8192,2166,2248,2207,-82,4414,3
8201,2003,2158,2080,-155,4161,3
8207,2198,2401,2299,-203,4599,3
8211,2173,2300,2236,-127,4473,3
8212,1978,2292,2135,-314,4270,3
8215,2026,2104,2065,-78,4130,3
8216,2143,2152,2147,-9,4295,3
8218,2205,2331,2268,-126,4536,3
8220,2023,2166,2094,-143,4189,3
8228,2269,2278,2273,-9,4547,3
8230,2209,2255,2232,-46,4464,3
8231,2284,2336,2310,-52,4620,3
8232,2082,2247,2164,-165,4329,3
8258,2143,2179,2161,-36,4322,3
8267,2234,2294,2264,-60,4528,3
8271,2051,2320,2185,-269,4371,3
8277,2067,2268,2167,-201,4335,3
8280,2065,2093,2079,-28,4158,3
8287,2143,2301,2222,-158,4444,3
8289,2116,2345,2230,-229,4461,3
8292,2203,2364,2283,-161,4567,3
8293,2055,2428,2241,-373,4483,3
8295,2179,2433,2306,-254,4612,3
8299,2051,2272,2161,-221,4323,3
8300,2006,2208,2107,-202,4214,3
8301,2234,2501,2367,-267,4735,3
8302,2144,2327,2235,-183,4471,3
8305,2314,2314,2314,0,4628,3
8310,2053,2184,2118,-131,4237,3
8312,1921,2132,2026,-211,4053,3
8314,2226,2498,2362,-272,4724,3
8325,2226,2373,2299,-147,4599,3
8327,2066,2205,2135,-139,4271,3
8334,2283,2362,2322,-79,4645,3
8338,2249,2490,2369,-241,4739,3
8348,2131,2415,2273,-284,4546,3
8350,2286,2366,2326,-80,4652,3
8357,2250,2320,2285,-70,4570,3
8363,2076,2205,2140,-129,4281,3
8364,2082,2221,2151,-139,4303,3
8374,2081,2182,2131,-101,4263,3
8375,2223,2327,2275,-104,4550,3
8381,2153,2385,2269,-232,4538,3
8385,2219,2283,2251,-64,4502,3
8386,1889,2362,2125,-473,4251,3
8395,2130,2639,2384,-509,4769,3
8397,2132,2269,2200,-137,4401,3
8403,2010,2085,2047,-75,4095,3
8414,1991,2463,2227,-472,4454,3
8415,2132,2290,2211,-158,4422,3
8434,2027,2324,2175,-297,4351,3
8436,2210,2327,2268,-117,4537,3
8439,1954,2592,2273,-638,4546,3
8441,2048,2188,2118,-140,4236,3
8444,2086,2427,2256,-341,4513,3
8445,1993,2177,2085,-184,4170,3
8447,2198,2455,2326,-257,4653,3
8455,2166,2516,2341,-350,4682,3
8456,1970,2109,2039,-139,4079,3
8465,2070,2237,2153,-167,4307,3
8469,1988,2133,2060,-145,4121,3
8477,2040,2068,2054,-28,4108,3
8478,2131,2488,2309,-357,4619,3
8483,2043,2187,2115,-144,4230,3
8486,2244,2257,2250,-13,4501,3
8494,2306,2380,2343,-74,4686,3
8496,2038,2288,2163,-250,4326,3
8497,1933,2157,2045,-224,4090,3
8501,2201,2367,2284,-166,4568,3
8504,2068,2333,2200,-265,4401,3
8508,2179,2560,2369,-381,4739,3
8513,2061,2534,2297,-473,4595,3
8514,1996,2187,2091,-191,4183,3
8516,2273,2434,2353,-161,4707,3
8522,1838,2422,2130,-584,4260,3
8525,2053,2268,2160,-215,4321,3
8528,2121,2291,2206,-170,4412,3
8542,2013,2253,2133,-240,4266,3
8554,1605,2436,2020,-831,4041,3
8562,2017,2172,2094,-155,4189,3
8565,2212,2373,2292,-161,4585,3
8566,2097,2226,2161,-129,4323,3
8567,2024,2192,2108,-168,4216,3
8574,2082,2438,2260,-356,4520,3
8580,2215,2449,2332,-234,4664,3
8581,2101,2196,2148,-95,4297,3
8582,2052,2306,2179,-254,4358,3
8591,2053,2270,2161,-217,4323,3
8593,2138,2211,2174,-73,4349,3
8596,2320,2357,2338,-37,4677,3
8597,1932,2223,2077,-291,4155,3
8601,2015,2350,2182,-335,4365,3
8602,2199,2457,2328,-258,4656,3
8604,2180,2527,2353,-347,4707,3
8605,2242,2325,2283,-83,4567,3
8606,2234,2354,2294,-120,4588,3
8610,1887,2170,2028,-283,4057,3
8630,2123,2523,2323,-400,4646,3
8633,2236,2310,2273,-74,4546,3
8636,2225,2328,2276,-103,4553,3
8637,2109,2278,2193,-169,4387,3
8639,2127,2405,2266,-278,4532,3
8645,2237,2442,2339,-205,4679,3
8646,2216,2455,2335,-239,4671,3
8651,1984,2529,2256,-545,4513,3
8652,2274,2348,2311,-74,4622,3
8660,2076,2288,2182,-212,4364,3
8667,2271,2292,2281,-21,4563,3
8668,2187,2192,2189,-5,4379,3
8686,1950,2126,2038,-176,4076,3
8687,2213,2341,2277,-128,4554,3
8690,2073,2261,2167,-188,4334,3
8695,2100,2498,2299,-398,4598,3
8699,2171,2441,2306,-270,4612,3
8700,1925,2201,2063,-276,4126,3
8702,2113,2381,2247,-268,4494,3
8705,2297,2298,2297,-1,4595,3
8711,2213,2462,2337,-249,4675,3
8712,2100,2302,2201,-202,4402,3
8714,2260,2396,2328,-136,4656,3
8720,2000,2108,2054,-108,4108,3
8722,2136,2485,2310,-349,4621,3
8725,1816,2218,2017,-402,4034,3
8740,2119,2132,2125,-13,4251,3
8742,2170,2316,2243,-146,4486,3
8744,2175,2487,2331,-312,4662,3
8749,2076,2278,2177,-202,4354,3
8760,2107,2459,2283,-352,4566,3
8764,2160,2477,2318,-317,4637,3
8765,1916,2402,2159,-486,4318,3
8774,2071,2463,2267,-392,4534,3
8778,2074,2150,2112,-76,4224,3
8783,2176,2468,2322,-292,4644,3
8793,2244,2288,2266,-44,4532,3
8801,2039,2273,2156,-234,4312,3
8814,2230,2243,2236,-13,4473,3
8815,2052,2385,2218,-333,4437,3
8820,1986,2459,2222,-473,4445,3
8825,2116,2168,2142,-52,4284,3
8828,2276,2274,2275,2,4550,3
8829,2320,2336,2328,-16,4656,3
8831,2212,2387,2299,-175,4599,3
8834,2180,2499,2339,-319,4679,3
8855,1965,2126,2045,-161,4091,3
8856,2023,2440,2231,-417,4463,3
8861,2011,2294,2152,-283,4305,3
8864,2165,2255,2210,-90,4420,3
8867,1989,2271,2130,-282,4260,3
8868,1901,2201,2051,-300,4102,3
8869,2132,2310,2221,-178,4442,3
8878,2086,2565,2325,-479,4651,3
8885,2002,2358,2180,-356,4360,3
8898,2300,2315,2307,-15,4615,3
8904,2012,2324,2168,-312,4336,3
8906,2167,2573,2370,-406,4740,3
8908,2194,2439,2316,-245,4633,3
8911,2164,2282,2223,-118,4446,3
8919,2047,2263,2155,-216,4310,3
8920,2102,2431,2266,-329,4533,3
8926,2277,2303,2290,-26,4580,3
8931,2140,2283,2211,-143,4423,3
8933,1805,2412,2108,-607,4217,3
8938,2015,2150,2082,-135,4165,3
8940,2068,2227,2147,-159,4295,3
8945,2327,2347,2337,-20,4674,3
8950,2259,2417,2338,-158,4676,3
8952,2151,2237,2194,-86,4388,3
8959,2188,2399,2293,-211,4587,3
8971,2028,2163,2095,-135,4191,3
8972,1920,2141,2030,-221,4061,3
8974,2172,2304,2238,-132,4476,3
8976,2081,2414,2247,-333,4495,3
8977,2099,2258,2178,-159,4357,3
8978,1996,2107,2051,-111,4103,3
8986,2086,2280,2183,-194,4366,3
8991,2286,2278,2282,8,4564,3
8992,2159,2208,2183,-49,4367,3
9000,1954,2290,2122,-336,4244,3
9004,2029,2457,2243,-428,4486,3
9009,2237,2293,2265,-56,4530,3
9012,2174,2284,2229,-110,4458,3
9019,2259,2363,2311,-104,4622,3
9026,2215,2352,2283,-137,4567,3
9032,2129,2280,2204,-151,4409,3
9034,2263,2300,2281,-37,4563,3
9035,2078,2374,2226,-296,4452,3
9042,1910,2511,2210,-601,4421,3
9043,2243,2290,2266,-47,4533,3
9045,2229,2374,2301,-145,4603,3
9054,2129,2446,2287,-317,4575,3
9055,2180,2364,2272,-184,4544,3
9062,2029,2200,2114,-171,4229,3
9067,2125,2149,2137,-24,4274,3
9068,2064,2405,2234,-341,4469,3
9082,2272,2266,2269,6,4538,3
9097,2270,2391,2330,-121,4661,3
9100,2173,2203,2188,-30,4376,3
9112,2234,2465,2349,-231,4699,3
9114,1952,2539,2245,-587,4491,3
9119,2252,2308,2280,-56,4560,3
9134,1927,2145,2036,-218,4072,3
9137,2255,2437,2346,-182,4692,3
9140,2118,2550,2334,-432,4668,3
9142,2010,2229,2119,-219,4239,3
9143,2281,2276,2278,5,4557,3
9145,2227,2400,2313,-173,4627,3
9147,2283,2336,2309,-53,4619,3
9148,2208,2537,2372,-329,4745,3
9150,2091,2243,2167,-152,4334,3
9152,2131,2346,2238,-215,4477,3
9157,2132,2351,2241,-219,4483,3
9158,2080,2178,2129,-98,4258,3
9159,1847,2188,2017,-341,4035,3
9167,2109,2274,2191,-165,4383,3
9168,2135,2359,2247,-224,4494,3
9171,1971,2393,2182,-422,4364,3
9174,2156,2211,2183,-55,4367,3
9179,2066,2364,2215,-298,4430,3
9183,2202,2434,2318,-232,4636,3
9187,2125,2305,2215,-180,4430,3
9188,2227,2266,2246,-39,4493,3
9194,2114,2303,2208,-189,4417,3
9195,2193,2449,2321,-256,4642,3
9198,2301,2339,2320,-38,4640,3
9201,2112,2314,2213,-202,4426,3
9204,2245,2294,2269,-49,4539,3
9207,1993,2158,2075,-165,4151,3
9220,2146,2282,2214,-136,4428,3
9221,2032,2282,2157,-250,4314,3
9222,2026,2097,2061,-71,4123,3
9223,2157,2308,2232,-151,4465,3
9228,2253,2265,2259,-12,4518,3
9229,2030,2415,2222,-385,4445,3
9235,1880,2575,2227,-695,4455,3
9236,2034,2397,2215,-363,4431,3
9239,1824,2444,2134,-620,4268,3
9242,2203,2459,2331,-256,4662,3
9251,2169,2433,2301,-264,4602,3
9255,1922,2178,2050,-256,4100,3
9278,2197,2414,2305,-217,4611,3
9279,2207,2584,2395,-377,4791,3
9281,2074,2173,2123,-99,4247,3
9285,2049,2335,2192,-286,4384,3
9286,2046,2439,2242,-393,4485,3
9287,2233,2340,2286,-107,4573,3
9296,2307,2357,2332,-50,4664,3
9298,2067,2453,2260,-386,4520,3
9299,2030,2396,2213,-366,4426,3
9303,1992,2101,2046,-109,4093,3
9304,2107,2287,2197,-180,4394,3
9305,2231,2366,2298,-135,4597,3
9308,2121,2270,2195,-149,4391,3
9315,2210,2389,2299,-179,4599,3
9321,2205,2362,2283,-157,4567,3
9323,1988,2139,2063,-151,4127,3
9331,2029,2533,2281,-504,4562,3
9346,2136,2413,2274,-277,4549,3
9350,2153,2260,2206,-107,4413,3
9351,1867,2214,2040,-347,4081,3
9362,2002,2098,2050,-96,4100,3
9363,1807,2221,2014,-414,4028,3
9364,1852,2175,2013,-323,4027,3
9367,2288,2338,2313,-50,4626,3
9372,1965,2318,2141,-353,4283,3
9375,2210,2417,2313,-207,4627,3
9379,2101,2411,2256,-310,4512,3
9380,2043,2341,2192,-298,4384,3
9384,2128,2476,2302,-348,4604,3
9388,2163,2270,2216,-107,4433,3
9389,1931,2201,2066,-270,4132,3
9392,2132,2233,2182,-101,4365,3
9394,2085,2213,2149,-128,4298,3
9395,2055,2163,2109,-108,4218,3
9405,1984,2095,2039,-111,4079,3
9406,2231,2493,2362,-262,4724,3
9419,2054,2372,2213,-318,4426,3
9422,2278,2322,2300,-44,4600,3
9423,1883,2255,2069,-372,4138,3
9429,1943,2549,2246,-606,4492,3
9447,2237,2263,2250,-26,4500,3
9448,1999,2283,2141,-284,4282,3
9457,1935,2188,2061,-253,4123,3
9461,2241,2320,2280,-79,4561,3
9462,2131,2166,2148,-35,4297,3
9463,2075,2271,2173,-196,4346,3
9464,2061,2132,2096,-71,4193,3
9482,2252,2311,2281,-59,4563,3
9483,2062,2253,2157,-191,4315,3
9489,2082,2269,2175,-187,4351,3
9492,2028,2238,2133,-210,4266,3
9496,2035,2331,2183,-296,4366,3
9501,2052,2121,2086,-69,4173,3
9502,2136,2396,2266,-260,4532,3
9505,1984,2211,2097,-227,4195,3
9506,2190,2246,2218,-56,4436,3
9508,1926,2145,2035,-219,4071,3
9509,2012,2270,2141,-258,4282,3
9516,2022,2095,2058,-73,4117,3
9519,1779,2239,2009,-460,4018,3
9521,1988,2237,2112,-249,4225,3
9527,2069,2122,2095,-53,4191,3
9529,2002,2540,2271,-538,4542,3
9538,1976,2180,2078,-204,4156,3
9540,2118,2357,2237,-239,4475,3
9546,2232,2380,2306,-148,4612,3
9547,2102,2238,2170,-136,4340,3
9553,2227,2343,2285,-116,4570,3
9555,2055,2314,2184,-259,4369,3
9556,2137,2709,2423,-572,4846,3
9557,2159,2330,2244,-171,4489,3
9563,2185,2405,2295,-220,4590,3
9570,1824,2545,2184,-721,4369,3
9577,2146,2208,2177,-62,4354,3
9578,2142,2162,2152,-20,4304,3
9588,1781,2394,2087,-613,4175,3
9589,2161,2458,2309,-297,4619,3
9597,2102,2358,2230,-256,4460,3
9598,2306,2333,2319,-27,4639,3
9601,2206,2505,2355,-299,4711,3
9602,2012,2424,2218,-412,4436,3
9603,2023,2273,2148,-250,4296,3
9610,1916,2154,2035,-238,4070,3
9619,2233,2398,2315,-165,4631,3
9620,2152,2225,2188,-73,4377,3
9626,1961,2421,2191,-460,4382,3
9628,2104,2331,2217,-227,4435,3
9636,2230,2399,2314,-169,4629,3
9642,2323,2357,2340,-34,4680,3
9643,2262,2475,2368,-213,4737,3
9646,2020,2103,2061,-83,4123,3
9647,2017,2302,2159,-285,4319,3
9648,2168,2467,2317,-299,4635,3
9649,2156,2360,2258,-204,4516,3
9653,2164,2302,2233,-138,4466,3
9657,2027,2309,2168,-282,4336,3
9659,1875,2150,2012,-275,4025,3
9664,2014,2404,2209,-390,4418,3
9669,2204,2375,2289,-171,4579,3
9673,2089,2396,2242,-307,4485,3
9674,2147,2287,2217,-140,4434,3
9676,2211,2364,2287,-153,4575,3
9678,2207,2341,2274,-134,4548,3
9682,2118,2553,2335,-435,4671,3
9691,2313,2375,2344,-62,4688,3
9692,1999,2111,2055,-112,4110,3
9693,2146,2330,2238,-184,4476,3
9694,2107,2219,2163,-112,4326,3
9698,2020,2148,2084,-128,4168,3
9700,1921,2176,2048,-255,4097,3
9704,2168,2319,2243,-151,4487,3
9705,2193,2257,2225,-64,4450,3
9706,2017,2190,2103,-173,4207,3
9708,2026,2244,2135,-218,4270,3
9718,2178,2205,2191,-27,4383,3
9720,2134,2216,2175,-82,4350,3
9721,1974,2115,2044,-141,4089,3
9727,1922,2225,2073,-303,4147,3
9728,2269,2425,2347,-156,4694,3
9731,2088,2569,2328,-481,4657,3
9733,2295,2335,2315,-40,4630,3
9736,2148,2297,2222,-149,4445,3
9744,2086,2277,2181,-191,4363,3
9746,2191,2260,2225,-69,4451,3
9748,1978,2412,2195,-434,4390,3
9750,1714,2257,1985,-543,3971,3
9753,1936,2135,2035,-199,4071,3
9754,2090,2107,2098,-17,4197,3
9757,1989,2400,2194,-411,4389,3
9758,1966,2118,2042,-152,4084,3
9764,2262,2276,2269,-14,4538,3
9766,2138,2393,2265,-255,4531,3
9776,1989,2216,2102,-227,4205,3
9782,2327,2343,2335,-16,4670,3
9784,2212,2283,2247,-71,4495,3
9787,2254,2342,2298,-88,4596,3
9789,2030,2331,2180,-301,4361,3
9802,2084,2256,2170,-172,4340,3
9811,2036,2234,2135,-198,4270,3
9814,2170,2244,2207,-74,4414,3
9818,2289,2336,2312,-47,4625,3
9820,2077,2346,2211,-269,4423,3
9823,1966,2141,2053,-175,4107,3
9842,2098,2365,2231,-267,4463,3
9844,2114,2219,2166,-105,4333,3
9853,2164,2537,2350,-373,4701,3
9854,2172,2297,2234,-125,4469,3
9860,2188,2265,2226,-77,4453,3
9861,2282,2278,2280,4,4560,3
9865,1985,2296,2140,-311,4281,3
9866,2174,2401,2287,-227,4575,3
9871,2137,2256,2196,-119,4393,3
9885,1975,2208,2091,-233,4183,3
9888,2214,2394,2304,-180,4608,3
9890,2069,2176,2122,-107,4245,3
9895,2088,2177,2132,-89,4265,3
9898,2147,2336,2241,-189,4483,3
9901,2043,2302,2172,-259,4345,3
9903,2022,2185,2103,-163,4207,3
9906,2136,2464,2300,-328,4600,3
9909,2233,2539,2386,-306,4772,3
9913,2124,2414,2269,-290,4538,3
9916,2021,2301,2161,-280,4322,3
9918,2124,2155,2139,-31,4279,3
9930,2024,2172,2098,-148,4196,3
9934,2216,2359,2287,-143,4575,3
9944,2218,2222,2220,-4,4440,3
9949,1890,2163,2026,-273,4053,3
9950,1965,2318,2141,-353,4283,3
9952,2239,2454,2346,-215,4693,3
9957,2036,2209,2122,-173,4245,3
9958,2145,2342,2243,-197,4487,3
9961,2251,2438,2344,-187,4689,3
9963,2024,2298,2161,-274,4322,3
9969,2099,2411,2255,-312,4510,3
9975,2182,2518,2350,-336,4700,3
9976,2052,2524,2288,-472,4576,3
9984,1991,2152,2071,-161,4143,3
9986,2240,2262,2251,-22,4502,3
9987,2056,2147,2101,-91,4203,3
9995,2184,2358,2271,-174,4542,3
9999,1980,2116,2048,-136,4096,3
10000,2149,2345,2247,-196,4494,3
10001,1890,2249,2069,-359,4139,3
10004,2247,2442,2344,-195,4689,3
10005,2206,2417,2311,-211,4623,3
10007,2108,2554,2331,-446,4662,3
10009,2138,2153,2145,-15,4291,3
10013,2057,2285,2171,-228,4342,3
10020,2131,2470,2300,-339,4601,3
10021,2062,2133,2097,-71,4195,3
10024,2174,2561,2367,-387,4735,3
10025,2187,2495,2341,-308,4682,3
10026,2133,2432,2282,-299,4565,3
10035,2291,2319,2305,-28,4610,3
10043,2075,2366,2220,-291,4441,3
10049,1918,2481,2199,-563,4399,3
10061,2067,2135,2101,-68,4202,3
10062,2169,2298,2233,-129,4467,3
10066,2052,2211,2131,-159,4263,3
10074,1889,2282,2085,-393,4171,3
10075,2109,2400,2254,-291,4509,3
10076,2121,2331,2226,-210,4452,3
10078,2237,2326,2281,-89,4563,3
10079,2269,2446,2357,-177,4715,3
10080,2279,2360,2319,-81,4639,3
10083,1844,2468,2156,-624,4312,3
10085,2116,2423,2269,-307,4539,3
10086,2145,2401,2273,-256,4546,3
10088,1884,2151,2017,-267,4035,3
10092,2203,2454,2328,-251,4657,3
10099,2089,2217,2153,-128,4306,3
10106,1747,2379,2063,-632,4126,3
10114,1897,2292,2094,-395,4189,3
10116,2213,2476,2344,-263,4689,3
10119,2235,2341,2288,-106,4576,3
10120,2049,2101,2075,-52,4150,3
10127,2030,2284,2157,-254,4314,3
10135,2239,2424,2331,-185,4663,3
10143,2204,2272,2238,-68,4476,3
10156,2163,2204,2183,-41,4367,3
10159,2158,2253,2205,-95,4411,3
10166,2130,2156,2143,-26,4286,3
10167,2155,2321,2238,-166,4476,3
10168,2037,2250,2143,-213,4287,3
10170,2250,2356,2303,-106,4606,3
10171,2045,2457,2251,-412,4502,3
10175,2183,2408,2295,-225,4591,3
10176,1940,2156,2048,-216,4096,3
10177,2124,2581,2352,-457,4705,3
10179,2224,2407,2315,-183,4631,3
10192,2090,2121,2105,-31,4211,3
10201,2150,2629,2389,-479,4779,3
10207,1873,2250,2061,-377,4123,3
10215,2239,2426,2332,-187,4665,3
10224,1970,2578,2274,-608,4548,3
10226,1757,2436,2096,-679,4193,3
10230,1951,2424,2187,-473,4375,3
10232,2045,2419,2232,-374,4464,3
10234,2246,2434,2340,-188,4680,3
10238,2207,2299,2253,-92,4506,3
10243,2187,2328,2257,-141,4515,3
10259,2194,2208,2201,-14,4402,3
10260,1771,2327,2049,-556,4098,3
10268,2212,2295,2253,-83,4507,3
10273,2210,2573,2391,-363,4783,3
10275,2232,2409,2320,-177,4641,3
10279,2232,2519,2375,-287,4751,3
10290,2114,2400,2257,-286,4514,3
10297,2198,2488,2343,-290,4686,3
10299,2046,2285,2165,-239,4331,3
10300,1767,2637,2202,-870,4404,3
10303,2022,2464,2243,-442,4486,3
10307,2221,2421,2321,-200,4642,3
10309,2210,2397,2303,-187,4607,3
10310,2185,2535,2360,-350,4720,3
10318,2279,2397,2338,-118,4676,3
10321,1979,2449,2214,-470,4428,3
10325,2141,2338,2239,-197,4479,3
10326,2120,2246,2183,-126,4366,3
10330,1828,2434,2131,-606,4262,3
10334,2151,2371,2261,-220,4522,3
10338,2322,2324,2323,-2,4646,3
10340,2195,2343,2269,-148,4538,3
10345,2311,2333,2322,-22,4644,3
10348,2102,2502,2302,-400,4604,3
10352,1956,2205,2080,-249,4161,3
10356,1967,2360,2163,-393,4327,3
10361,2100,2364,2232,-264,4464,3
10362,2141,2471,2306,-330,4612,3
10364,2232,2274,2253,-42,4506,3
10367,2209,2218,2213,-9,4427,3
10371,2310,2349,2329,-39,4659,3
10374,2261,2471,2366,-210,4732,3
10378,2186,2336,2261,-150,4522,3
10382,2187,2274,2230,-87,4461,3
10391,1952,2189,2070,-237,4141,3
10393,2274,2360,2317,-86,4634,3
10414,2285,2411,2348,-126,4696,3
10416,1976,2503,2239,-527,4479,3
10417,2117,2306,2211,-189,4423,3
10419,2268,2443,2355,-175,4711,3
10422,2178,2530,2354,-352,4708,3
10423,2174,2343,2258,-169,4517,3
10436,2105,2507,2306,-402,4612,3
10439,2025,2564,2294,-539,4589,3
10448,2123,2426,2274,-303,4549,3
10452,2189,2441,2315,-252,4630,3
10457,2324,2327,2325,-3,4651,3
10458,1936,2411,2173,-475,4347,3
10463,2250,2297,2273,-47,4547,3
10464,2198,2282,2240,-84,4480,3
10465,2145,2258,2201,-113,4403,3
10471,2007,2115,2061,-108,4122,3
10475,2101,2290,2195,-189,4391,3
10476,2073,2396,2234,-323,4469,3
10477,2295,2300,2297,-5,4595,3
10484,1908,2168,2038,-260,4076,3
10489,2265,2404,2334,-139,4669,3
10491,2243,2290,2266,-47,4533,3
10494,2167,2316,2241,-149,4483,3
10495,2152,2478,2315,-326,4630,3
10501,1824,2428,2126,-604,4252,3
10505,1962,2164,2063,-202,4126,3
10507,1714,2281,1997,-567,3995,3
10508,2272,2402,2337,-130,4674,3
10511,2156,2368,2262,-212,4524,3
10512,2153,2447,2300,-294,4600,3
10519,2050,2339,2194,-289,4389,3
10524,2159,2538,2348,-379,4697,3
10526,1626,2368,1997,-742,3994,3
10527,2009,2257,2133,-248,4266,3
10536,2106,2399,2252,-293,4505,3
10544,2171,2323,2247,-152,4494,3
10545,2198,2214,2206,-16,4412,3
10546,2110,2395,2252,-285,4505,3
10547,2037,2098,2067,-61,4135,3
10548,2175,2454,2314,-279,4629,3
10550,1817,2418,2117,-601,4235,3
10555,2098,2416,2257,-318,4514,3
10560,2124,2434,2279,-310,4558,3
10562,2246,2483,2364,-237,4729,3
10564,2078,2574,2326,-496,4652,3
10566,2034,2553,2293,-519,4587,3
10567,1866,2471,2168,-605,4337,3
10571,1971,2102,2036,-131,4073,3
10575,2018,2354,2186,-336,4372,3
10584,2084,2218,2151,-134,4302,3
10594,2003,2222,2112,-219,4225,3
10597,2283,2412,2347,-129,4695,3
10602,2206,2214,2210,-8,4420,3
10610,1988,2197,2092,-209,4185,3
10627,2114,2335,2224,-221,4449,3
10629,1710,2289,1999,-579,3999,3
10636,2203,2326,2264,-123,4529,3
10641,1949,2182,2065,-233,4131,3
10656,2003,2242,2122,-239,4245,3
10658,2042,2359,2200,-317,4401,3
10659,1861,2286,2073,-425,4147,3
10663,2186,2189,2187,-3,4375,3
10668,1960,2124,2042,-164,4084,3
10679,2215,2368,2291,-153,4583,3
10698,2070,2234,2152,-164,4304,3
10704,2064,2202,2133,-138,4266,3
10713,2284,2325,2304,-41,4609,3
10719,2164,2402,2283,-238,4566,3
10723,1997,2173,2085,-176,4170,3
10730,2202,2347,2274,-145,4549,3
10732,2252,2449,2350,-197,4701,3
10747,2263,2437,2350,-174,4700,3
10748,1956,2295,2125,-339,4251,3
10752,2010,2215,2112,-205,4225,3
10753,1921,2493,2207,-572,4414,3
10762,1931,2211,2071,-280,4142,3
10763,2051,2175,2113,-124,4226,3
10776,2216,2398,2307,-182,4614,3
10779,2079,2178,2128,-99,4257,3
10783,2232,2430,2331,-198,4662,3
10788,2070,2477,2273,-407,4547,3
10790,2157,2257,2207,-100,4414,3
10791,2168,2298,2233,-130,4466,3
10792,1932,2309,2120,-377,4241,3
10802,1995,2200,2097,-205,4195,3
10812,2284,2409,2346,-125,4693,3
10819,2081,2457,2269,-376,4538,3
10825,2307,2352,2329,-45,4659,3
10826,2242,2304,2273,-62,4546,3
10828,2104,2249,2176,-145,4353,3
10829,1873,2167,2020,-294,4040,3
10832,2129,2159,2144,-30,4288,3
10836,2124,2254,2189,-130,4378,3
10841,2277,2414,2345,-137,4691,3
10845,2107,2250,2178,-143,4357,3
10854,1753,2222,1987,-469,3975,3
10861,2170,2353,2261,-183,4523,3
10865,2028,2524,2276,-496,4552,3
10870,2233,2349,2291,-116,4582,3
10875,2159,2547,2353,-388,4706,3
10879,1774,2321,2047,-547,4095,3
10880,2141,2275,2208,-134,4416,3
10881,2023,2152,2087,-129,4175,3
10883,1885,2440,2162,-555,4325,3
10891,2065,2303,2184,-238,4368,3
10898,1942,2209,2075,-267,4151,3
10905,2113,2251,2182,-138,4364,3
10906,2040,2259,2149,-219,4299,3
10909,2013,2228,2120,-215,4241,3
10925,2183,2214,2198,-31,4397,3
10926,2051,2180,2115,-129,4231,3
10927,1925,2302,2113,-377,4227,3
10932,2077,2321,2199,-244,4398,3
10939,2097,2400,2248,-303,4497,3
10941,2252,2494,2373,-242,4746,3
10942,2185,2301,2243,-116,4486,3
10946,2286,2352,2319,-66,4638,3
10958,2103,2602,2352,-499,4705,3
10964,2091,2379,2235,-288,4470,3
10966,2085,2368,2226,-283,4453,3
10969,2178,2499,2338,-321,4677,3
10971,1907,2276,2091,-369,4183,3
10979,2120,2249,2184,-129,4369,3
10981,2238,2419,2328,-181,4657,3
10983,2306,2361,2333,-55,4667,3
10984,1980,2215,2097,-235,4195,3
10986,2165,2275,2220,-110,4440,3
10988,1869,2182,2025,-313,4051,3
10999,2188,2290,2239,-102,4478,3
11011,2270,2274,2272,-4,4544,3
11013,2196,2292,2244,-96,4488,3
11015,1956,2239,2097,-283,4195,3
11017,1995,2298,2146,-303,4293,3
11020,2156,2484,2320,-328,4640,3
11024,1931,2143,2037,-212,4074,3
11036,1771,2225,1998,-454,3996,3
11037,2235,2287,2261,-52,4522,3
11041,2162,2381,2271,-219,4543,3
11051,2237,2238,2237,-1,4475,3
11056,2235,2408,2321,-173,4643,3
11057,1953,2284,2118,-331,4237,3
11059,2267,2265,2266,2,4532,3
11063,2262,2479,2370,-217,4741,3
11066,2247,2378,2312,-131,4625,3
11069,2034,2308,2171,-274,4342,3
11072,1900,2320,2110,-420,4220,3
11077,2117,2479,2298,-362,4596,3
11078,2316,2344,2330,-28,4660,3
11081,2254,2346,2300,-92,4600,3
11082,2148,2163,2155,-15,4311,3
11083,1978,2228,2103,-250,4206,3
11084,2012,2127,2069,-115,4139,3
11093,1895,2533,2214,-638,4428,3
11097,1982,2116,2049,-134,4098,3
11098,2106,2468,2287,-362,4574,3
11104,1948,2324,2136,-376,4272,3
11110,2068,2308,2188,-240,4376,3
11113,2197,2412,2304,-215,4609,3
11115,2146,2339,2242,-193,4485,3
11116,1975,2159,2067,-184,4134,3
11123,2157,2364,2260,-207,4521,3
11127,2074,2141,2107,-67,4215,3
11128,1941,2232,2086,-291,4173,3
11133,2129,2213,2171,-84,4342,3
11136,2282,2400,2341,-118,4682,3
11137,2157,2601,2379,-444,4758,3
11138,2048,2328,2188,-280,4376,3
11152,2289,2315,2302,-26,4604,3
11156,2039,2591,2315,-552,4630,3
11163,2107,2250,2178,-143,4357,3
11167,1983,2119,2051,-136,4102,3
11172,2046,2392,2219,-346,4438,3
11183,2229,2295,2262,-66,4524,3
11185,2248,2418,2333,-170,4666,3
11187,2104,2239,2171,-135,4343,3
11195,1984,2263,2123,-279,4247,3
11198,1960,2380,2170,-420,4340,3
11207,2134,2306,2220,-172,4440,3
11218,2179,2198,2188,-19,4377,3
11222,2197,2530,2363,-333,4727,3
11240,2190,2334,2262,-144,4524,3
11242,2010,2141,2075,-131,4151,3
11244,2218,2477,2347,-259,4695,3
11245,2179,2394,2286,-215,4573,3
11247,2115,2399,2257,-284,4514,3
11266,2209,2338,2273,-129,4547,3
11271,2106,2283,2194,-177,4389,3
11274,2185,2420,2302,-235,4605,3
11278,2198,2377,2287,-179,4575,3
11279,2125,2533,2329,-408,4658,3
11282,2083,2301,2192,-218,4384,3
11283,2235,2386,2310,-151,4621,3
11290,2020,2224,2122,-204,4244,3
11293,2187,2263,2225,-76,4450,3
11295,2200,2479,2339,-279,4679,3
11299,2126,2249,2187,-123,4375,3
11306,2145,2388,2266,-243,4533,3
11308,2072,2147,2109,-75,4219,3
11309,2192,2441,2316,-249,4633,3
11313,2189,2377,2283,-188,4566,3
11315,2106,2178,2142,-72,4284,3
11317,2072,2207,2139,-135,4279,3
11323,1966,2340,2153,-374,4306,3
11337,2115,2284,2199,-169,4399,3
11340,2245,2460,2352,-215,4705,3
11344,2174,2353,2263,-179,4527,3
11345,2218,2424,2321,-206,4642,3
11348,2035,2396,2215,-361,4431,3
11349,2228,2540,2384,-312,4768,3
11355,2180,2369,2274,-189,4549,3
11367,2166,2376,2271,-210,4542,3
11372,2199,2286,2242,-87,4485,3
11377,1924,2175,2049,-251,4099,3
11390,1870,2226,2048,-356,4096,3
11394,2107,2406,2256,-299,4513,3
11396,2229,2386,2307,-157,4615,3
11404,2186,2261,2223,-75,4447,3
11408,2275,2404,2339,-129,4679,3
11410,2003,2345,2174,-342,4348,3
11414,1981,2103,2042,-122,4084,3
11415,2146,2399,2272,-253,4545,3
11419,2073,2510,2291,-437,4583,3
11424,1932,2384,2158,-452,4316,3
11432,2206,2498,2352,-292,4704,3
11433,2035,2203,2119,-168,4238,3
11435,2011,2269,2140,-258,4280,3
11448,2140,2272,2206,-132,4412,3
11450,2022,2093,2057,-71,4115,3
11455,2236,2250,2243,-14,4486,3
11462,2151,2445,2298,-294,4596,3
11475,2147,2397,2272,-250,4544,3
11478,2126,2170,2148,-44,4296,3
11479,2090,2611,2350,-521,4701,3
11487,2218,2369,2293,-151,4587,3
11489,2113,2303,2208,-190,4416,3
11491,1952,2191,2071,-239,4143,3
11493,2235,2249,2242,-14,4484,3
11496,1941,2405,2173,-464,4346,3
11505,2100,2181,2140,-81,4281,3
11507,1992,2375,2183,-383,4367,3
11510,1844,2463,2153,-619,4307,3
11520,2239,2254,2246,-15,4493,3
11533,2273,2318,2295,-45,4591,3
11536,2217,2405,2311,-188,4622,3
11537,2199,2411,2305,-212,4610,3
11549,1939,2473,2206,-534,4412,3
11551,2161,2367,2264,-206,4528,3
11552,2085,2255,2170,-170,4340,3
11553,2113,2201,2157,-88,4314,3
11557,2210,2403,2306,-193,4613,3
11558,2072,2330,2201,-258,4402,3
11560,1848,2269,2058,-421,4117,3
11561,2164,2392,2278,-228,4556,3
11568,1966,2121,2043,-155,4087,3
11572,2095,2286,2190,-191,4381,3
11574,2205,2302,2253,-97,4507,3
11577,2025,2198,2111,-173,4223,3
11580,2315,2329,2322,-14,4644,3
11581,2230,2252,2241,-22,4482,3
11585,2188,2342,2265,-154,4530,3
11594,2216,2389,2302,-173,4605,3
11601,2204,2244,2224,-40,4448,3
11608,1871,2196,2033,-325,4067,3
11613,1638,2408,2023,-770,4046,3
11614,1971,2141,2056,-170,4112,3
11616,2216,2518,2367,-302,4734,3
11617,2312,2347,2329,-35,4659,3
11618,2282,2388,2335,-106,4670,3
11620,1964,2132,2048,-168,4096,3
11624,2129,2205,2167,-76,4334,3
11630,2161,2265,2213,-104,4426,3
11638,2013,2369,2191,-356,4382,3
11649,2156,2327,2241,-171,4483,3
11652,2225,2412,2318,-187,4637,3
11655,1973,2489,2231,-516,4462,3
11659,2205,2330,2267,-125,4535,3
11662,2170,2401,2285,-231,4571,3
11675,2212,2519,2365,-307,4731,3
11676,1914,2162,2038,-248,4076,3
11677,2220,2344,2282,-124,4564,3
11687,2011,2174,2092,-163,4185,3
11688,2098,2296,2197,-198,4394,3
11691,2270,2424,2347,-154,4694,3
11693,1948,2389,2168,-441,4337,3
11707,2176,2477,2326,-301,4653,3
11718,1832,2330,2081,-498,4162,3
11726,2243,2519,2381,-276,4762,3
11731,2161,2247,2204,-86,4408,3
11734,2181,2243,2212,-62,4424,3
11743,1873,2223,2048,-350,4096,3
11746,2241,2265,2253,-24,4506,3
11747,2238,2349,2293,-111,4587,3
11749,1951,2311,2131,-360,4262,3
11753,2306,2317,2311,-11,4623,3
11755,2161,2231,2196,-70,4392,3
11764,1951,2252,2101,-301,4203,3
11765,2203,2408,2305,-205,4611,3
11768,2219,2375,2297,-156,4594,3
11774,2129,2391,2260,-262,4520,3
11783,2304,2370,2337,-66,4674,3
11784,2302,2291,2296,11,4593,3
11785,2214,2451,2332,-237,4665,3
11786,2256,2368,2312,-112,4624,3
11801,2181,2206,2193,-25,4387,3
11804,2007,2310,2158,-303,4317,3
11806,1941,2364,2152,-423,4305,3
11808,2033,2216,2124,-183,4249,3
11809,2012,2310,2161,-298,4322,3
11815,1969,2172,2070,-203,4141,3
11816,2142,2354,2248,-212,4496,3
11819,2065,2514,2289,-449,4579,3
11825,1888,2278,2083,-390,4166,3
11830,1982,2149,2065,-167,4131,3
11834,2256,2365,2310,-109,4621,3
11841,2230,2503,2366,-273,4733,3
11842,2062,2177,2119,-115,4239,3
11845,1959,2256,2107,-297,4215,3
11857,2060,2108,2084,-48,4168,3
11861,2033,2384,2208,-351,4417,3
11863,2105,2511,2308,-406,4616,3
11874,1981,2114,2047,-133,4095,3
11876,2067,2373,2220,-306,4440,3
11877,1950,2244,2097,-294,4194,3
11883,1931,2257,2094,-326,4188,3
11889,2133,2340,2236,-207,4473,3
11892,2207,2409,2308,-202,4616,3
11894,2100,2523,2311,-423,4623,3
11895,2239,2259,2249,-20,4498,3
11899,2201,2435,2318,-234,4636,3
11904,2177,2394,2285,-217,4571,3
11906,1999,2191,2095,-192,4190,3
11908,2024,2589,2306,-565,4613,3
11910,2246,2397,2321,-151,4643,3
11916,2170,2338,2254,-168,4508,3
11919,1919,2145,2032,-226,4064,3
11924,2092,2141,2116,-49,4233,3
11928,1983,2130,2056,-147,4113,3
11932,1955,2355,2155,-400,4310,3
11935,2044,2120,2082,-76,4164,3
11943,2292,2304,2298,-12,4596,3
11952,2083,2301,2192,-218,4384,3
11955,2083,2469,2276,-386,4552,3
11957,2270,2459,2364,-189,4729,3
11961,2053,2263,2158,-210,4316,3
11973,2241,2427,2334,-186,4668,3
11984,2100,2283,2191,-183,4383,3
11994,2072,2291,2181,-219,4363,3
12003,1968,2220,2094,-252,4188,3
12011,2295,2374,2334,-79,4669,3
12013,1906,2292,2099,-386,4198,3
12017,2168,2545,2356,-377,4713,3
12020,2121,2137,2129,-16,4258,3
12026,2137,2259,2198,-122,4396,3
12038,2259,2471,2365,-212,4730,3
12053,2007,2203,2105,-196,4210,3
12062,2104,2391,2247,-287,4495,3
12066,1975,2152,2063,-177,4127,3
12087,2250,2373,2311,-123,4623,3
12090,2301,2294,2297,7,4595,3
12093,2017,2169,2093,-152,4186,3
12101,2126,2267,2196,-141,4393,3
12104,2123,2345,2234,-222,4468,3
12118,1984,2419,2201,-435,4403,3
12137,2100,2479,2289,-379,4579,3
12140,2064,2456,2260,-392,4520,3
12144,2201,2590,2395,-389,4791,3
12151,2091,2244,2167,-153,4335,3
12152,2153,2226,2189,-73,4379,3
12153,2280,2368,2324,-88,4648,3
12154,1997,2151,2074,-154,4148,3
12164,1927,2142,2034,-215,4069,3
12166,2050,2192,2121,-142,4242,3
12167,2169,2327,2248,-158,4496,3
12169,1988,2242,2115,-254,4230,3
12171,2276,2381,2328,-105,4657,3
12176,2024,2162,2093,-138,4186,3
12177,2057,2187,2122,-130,4244,3
12185,2287,2316,2301,-29,4603,3
12193,2065,2260,2162,-195,4325,3
12197,2011,2208,2109,-197,4219,3
12199,1996,2136,2066,-140,4132,3
12201,2200,2382,2291,-182,4582,3
12207,2016,2393,2204,-377,4409,3
12211,2098,2219,2158,-121,4317,3
12214,2160,2353,2256,-193,4513,3
12216,2257,2262,2259,-5,4519,3
12221,2234,2260,2247,-26,4494,3
12222,2279,2440,2359,-161,4719,3
12238,1850,2491,2170,-641,4341,3
12240,2001,2170,2085,-169,4171,3
12242,1927,2352,2139,-425,4279,3
12244,2155,2362,2258,-207,4517,3
12245,2167,2365,2266,-198,4532,3
12253,1959,2412,2185,-453,4371,3
12256,1939,2168,2053,-229,4107,3
12261,2072,2162,2117,-90,4234,3
12264,2112,2493,2302,-381,4605,3
12269,2189,2426,2307,-237,4615,3
12272,2052,2295,2173,-243,4347,3
12273,2194,2582,2388,-388,4776,3
12286,2282,2377,2329,-95,4659,3
12287,2090,2290,2190,-200,4380,3
12309,1862,2340,2101,-478,4202,3
12311,2055,2389,2222,-334,4444,3
12314,2021,2414,2217,-393,4435,3
12322,2126,2207,2166,-81,4333,3
12323,2034,2137,2085,-103,4171,3
12325,2313,2362,2337,-49,4675,3
12327,1879,2219,2049,-340,4098,3
12328,2045,2169,2107,-124,4214,3
12329,2255,2408,2331,-153,4663,3
12330,2201,2561,2381,-360,4762,3
12337,2230,2269,2249,-39,4499,3
12341,1916,2362,2139,-446,4278,3
12342,2201,2335,2268,-134,4536,3
12345,2068,2312,2190,-244,4380,3
12346,2086,2199,2142,-113,4285,3
12347,2165,2318,2241,-153,4483,3
12348,1817,2326,2071,-509,4143,3
12350,2188,2566,2377,-378,4754,3
12354,2177,2241,2209,-64,4418,3
12361,2162,2321,2241,-159,4483,3
12367,2153,2266,2209,-113,4419,3
12368,2046,2288,2167,-242,4334,3
12371,2100,2397,2248,-297,4497,3
12375,2075,2305,2190,-230,4380,3
12380,2157,2338,2247,-181,4495,3
12384,1977,2232,2104,-255,4209,3
12385,1865,2461,2163,-596,4326,3
12389,1967,2243,2105,-276,4210,3
12391,2145,2529,2337,-384,4674,3
12399,2004,2211,2107,-207,4215,3
12400,2123,2408,2265,-285,4531,3
12402,2183,2239,2211,-56,4422,3
12412,2147,2226,2186,-79,4373,3
12414,2153,2396,2274,-243,4549,3
12419,2074,2308,2191,-234,4382,3
12420,1938,2251,2094,-313,4189,3
12423,2091,2587,2339,-496,4678,3
12425,2222,2310,2266,-88,4532,3
12429,2215,2482,2348,-267,4697,3
12433,2039,2066,2052,-27,4105,3
12436,2316,2310,2313,6,4626,3
12437,1946,2260,2103,-314,4206,3
12444,2225,2464,2344,-239,4689,3
12447,2282,2327,2304,-45,4609,3
12450,2197,2353,2275,-156,4550,3
12453,2222,2365,2293,-143,4587,3
12455,2232,2449,2340,-217,4681,3
12461,1979,2180,2079,-201,4159,3
12465,1924,2208,2066,-284,4132,3
12471,1931,2237,2084,-306,4168,3
12473,1740,2414,2077,-674,4154,3
12475,2155,2292,2223,-137,4447,3
12479,2249,2316,2282,-67,4565,3
12490,2303,2315,2309,-12,4618,3
12495,2168,2187,2177,-19,4355,3
12501,1997,2087,2042,-90,4084,3
12502,1846,2222,2034,-376,4068,3
12504,2296,2344,2320,-48,4640,3
12507,2068,2166,2117,-98,4234,3
12512,1986,2299,2142,-313,4285,3
12524,1978,2164,2071,-186,4142,3
12532,2066,2100,2083,-34,4166,3
12533,2188,2511,2349,-323,4699,3
12539,2016,2156,2086,-140,4172,3
12540,2260,2447,2353,-187,4707,3
12543,2303,2390,2346,-87,4693,3
12546,2061,2174,2117,-113,4235,3
12553,2221,2392,2306,-171,4613,3
12562,1999,2233,2116,-234,4232,3
12563,2135,2434,2284,-299,4569,3
12569,2217,2293,2255,-76,4510,3
12575,2187,2343,2265,-156,4530,3
12576,1938,2120,2029,-182,4058,3
12581,2148,2493,2320,-345,4641,3
12582,2066,2208,2137,-142,4274,3
12583,2005,2091,2048,-86,4096,3
12585,2134,2177,2155,-43,4311,3
12587,1822,2243,2032,-421,4065,3
12588,2113,2509,2311,-396,4622,3
12590,2140,2144,2142,-4,4284,3
12595,2113,2379,2246,-266,4492,3
12599,1983,2146,2064,-163,4129,3
12605,1672,2329,2000,-657,4001,3
12608,2295,2307,2301,-12,4602,3
12616,2172,2306,2239,-134,4478,3
12626,2134,2328,2231,-194,4462,3
12627,2318,2352,2335,-34,4670,3
12631,2268,2416,2342,-148,4684,3
12633,2213,2282,2247,-69,4495,3
12635,2133,2553,2343,-420,4686,3
12645,2095,2368,2231,-273,4463,3
12646,2081,2270,2175,-189,4351,3
12648,2229,2281,2255,-52,4510,3
12652,1937,2291,2114,-354,4228,3
12653,2107,2216,2161,-109,4323,3
12657,2062,2148,2105,-86,4210,3
12659,2110,2298,2204,-188,4408,3
12662,2193,2370,2281,-177,4563,3
12663,1950,2162,2056,-212,4112,3
12668,2053,2253,2153,-200,4306,3
12675,1791,2280,2035,-489,4071,3
12686,2109,2332,2220,-223,4441,3
12687,2321,2321,2321,0,4642,3
12690,2325,2333,2329,-8,4658,3
12691,2181,2487,2334,-306,4668,3
12700,2203,2372,2287,-169,4575,3
12707,2024,2239,2131,-215,4263,3
12708,2005,2593,2299,-588,4598,3
12712,1956,2130,2043,-174,4086,3
12715,2214,2509,2361,-295,4723,3
12721,1996,2312,2154,-316,4308,3
12734,2214,2333,2273,-119,4547,3
12737,2100,2230,2165,-130,4330,3
12738,2190,2227,2208,-37,4417,3
12749,2165,2258,2211,-93,4423,3
12757,2113,2300,2206,-187,4413,3
12758,2009,2377,2193,-368,4386,3
12761,2056,2285,2170,-229,4341,3
12766,2087,2426,2256,-339,4513,3
12769,2254,2494,2374,-240,4748,3
12776,2037,2190,2113,-153,4227,3
12778,1879,2211,2045,-332,4090,3
12779,1917,2133,2025,-216,4050,3
12782,2273,2432,2352,-159,4705,3
12786,2210,2211,2210,-1,4421,3
12792,2123,2272,2197,-149,4395,3
12794,2273,2350,2311,-77,4623,3
12797,2155,2344,2249,-189,4499,3
12799,2118,2283,2200,-165,4401,3
12801,2130,2508,2319,-378,4638,3
12802,1965,2133,2049,-168,4098,3
12805,2228,2315,2271,-87,4543,3
12814,2132,2186,2159,-54,4318,3
12819,2193,2442,2317,-249,4635,3
12821,2054,2242,2148,-188,4296,3
12824,1882,2158,2020,-276,4040,3
12825,1948,2316,2132,-368,4264,3
12835,2151,2579,2365,-428,4730,3
12836,2200,2550,2375,-350,4750,3
12841,2014,2472,2243,-458,4486,3
12859,2321,2351,2336,-30,4672,3
12862,1986,2400,2193,-414,4386,3
12863,1950,2118,2034,-168,4068,3
12865,1986,2172,2079,-186,4158,3
12869,2230,2320,2275,-90,4550,3
12870,1935,2280,2107,-345,4215,3
12877,2134,2509,2321,-375,4643,3
12878,2193,2299,2246,-106,4492,3
12879,2277,2423,2350,-146,4700,3
12881,1717,2423,2070,-706,4140,3
12885,1996,2125,2060,-129,4121,3
12886,2181,2376,2278,-195,4557,3
12890,2163,2579,2371,-416,4742,3
12892,2287,2354,2320,-67,4641,3
12896,2102,2158,2130,-56,4260,3
12906,1975,2163,2069,-188,4138,3
12907,2000,2329,2164,-329,4329,3
12909,2023,2098,2060,-75,4121,3
12912,2094,2274,2184,-180,4368,3
12913,2089,2222,2155,-133,4311,3
12916,2115,2517,2316,-402,4632,3
12923,2138,2567,2352,-429,4705,3
12924,1962,2153,2057,-191,4115,3
12935,2222,2397,2309,-175,4619,3
12940,2222,2293,2257,-71,4515,3
12949,2116,2443,2279,-327,4559,3
12954,2005,2503,2254,-498,4508,3
12958,1941,2517,2229,-576,4458,3
12961,1861,2281,2071,-420,4142,3
12965,1967,2190,2078,-223,4157,3
12972,1793,2224,2008,-431,4017,3
12973,1981,2163,2072,-182,4144,3
12975,2095,2308,2201,-213,4403,3
12978,1814,2270,2042,-456,4084,3
12979,1896,2229,2062,-333,4125,3
12980,2031,2079,2055,-48,4110,3
12987,2016,2118,2067,-102,4134,3
12993,2166,2174,2170,-8,4340,3
13001,2241,2403,2322,-162,4644,3
13005,2082,2281,2181,-199,4363,3
13010,2240,2315,2277,-75,4555,3
13011,2106,2298,2202,-192,4404,3
13020,2229,2330,2279,-101,4559,3
13022,1937,2167,2052,-230,4104,3
13025,1993,2495,2244,-502,4488,3
13030,2075,2400,2237,-325,4475,3
13036,1970,2428,2199,-458,4398,3
13037,1967,2161,2064,-194,4128,3
13039,2072,2336,2204,-264,4408,3
13044,2057,2260,2158,-203,4317,3
13045,1974,2106,2040,-132,4080,3
13054,2064,2346,2205,-282,4410,3
13060,1964,2213,2088,-249,4177,3
13061,2223,2255,2239,-32,4478,3
13068,2002,2112,2057,-110,4114,3
13070,2063,2449,2256,-386,4512,3
13071,2235,2308,2271,-73,4543,3
13075,2124,2186,2155,-62,4310,3
13077,2182,2483,2332,-301,4665,3
13080,2065,2347,2206,-282,4412,3
13091,2106,2216,2161,-110,4322,3
13092,2007,2206,2106,-199,4213,3
13093,1919,2391,2155,-472,4310,3
13095,2152,2220,2186,-68,4372,3
13098,2253,2298,2275,-45,4551,3
13101,1622,2425,2023,-803,4047,3
13103,2197,2232,2214,-35,4429,3
13106,2027,2226,2126,-199,4253,3
13107,2280,2318,2299,-38,4598,3
13113,1789,2392,2090,-603,4181,3
13114,1604,2540,2072,-936,4144,3
13115,1811,2221,2016,-410,4032,3
13134,2317,2316,2316,1,4633,3
13149,2040,2243,2141,-203,4283,3
13150,2227,2477,2352,-250,4704,3
13155,1747,2561,2154,-814,4308,3
13157,1921,2172,2046,-251,4093,3
13158,2133,2589,2361,-456,4722,3
13166,2014,2256,2135,-242,4270,3
13172,2005,2280,2142,-275,4285,3
13173,1912,2363,2137,-451,4275,3
13180,2253,2443,2348,-190,4696,3
13181,2102,2201,2151,-99,4303,3
13182,2006,2204,2105,-198,4210,3
13188,2015,2337,2176,-322,4352,3
13191,2047,2477,2262,-430,4524,3
13199,2204,2283,2243,-79,4487,3
13213,2111,2312,2211,-201,4423,3
13217,2093,2367,2230,-274,4460,3
13222,2200,2480,2340,-280,4680,3
13223,2066,2263,2164,-197,4329,3
13224,2036,2283,2159,-247,4319,3
13225,1953,2178,2065,-225,4131,3
13232,2084,2485,2284,-401,4569,3
13236,2243,2300,2271,-57,4543,3
13239,1973,2177,2075,-204,4150,3
13249,2017,2237,2127,-220,4254,3
13251,2200,2562,2381,-362,4762,3
13252,2258,2391,2324,-133,4649,3
13253,2111,2161,2136,-50,4272,3
13260,1906,2476,2191,-570,4382,3
13264,1982,2092,2037,-110,4074,3
13266,2214,2258,2236,-44,4472,3
13268,2211,2528,2369,-317,4739,3
13269,2182,2308,2245,-126,4490,3
13271,2267,2369,2318,-102,4636,3
13273,2192,2560,2376,-368,4752,3
13281,2099,2233,2166,-134,4332,3
13290,1984,2297,2140,-313,4281,3
13294,1937,2118,2027,-181,4055,3
13296,2185,2229,2207,-44,4414,3
13299,2099,2283,2191,-184,4382,3
13300,2187,2384,2285,-197,4571,3
13305,2203,2261,2232,-58,4464,3
13308,2145,2163,2154,-18,4308,3
13312,2037,2213,2125,-176,4250,3
13316,2070,2249,2159,-179,4319,3
13319,2249,2443,2346,-194,4692,3
13337,2036,2281,2158,-245,4317,3
13338,1968,2117,2042,-149,4085,3
13339,2270,2436,2353,-166,4706,3
13340,2260,2417,2338,-157,4677,3
13341,1994,2088,2041,-94,4082,3
13342,2052,2125,2088,-73,4177,3
13344,2179,2403,2291,-224,4582,3
13345,2177,2373,2275,-196,4550,3
13350,1885,2194,2039,-309,4079,3
13352,2139,2510,2324,-371,4649,3
13357,2059,2324,2191,-265,4383,3
13361,2130,2301,2215,-171,4431,3
13362,1885,2187,2036,-302,4072,3
13364,2079,2389,2234,-310,4468,3
13366,2210,2266,2238,-56,4476,3
13367,2056,2355,2205,-299,4411,3
13368,2255,2472,2363,-217,4727,3
13372,2159,2322,2240,-163,4481,3
13373,2147,2601,2374,-454,4748,3
13399,2158,2529,2343,-371,4687,3
13403,2040,2623,2331,-583,4663,3
13405,2253,2350,2301,-97,4603,3
13412,2180,2382,2281,-202,4562,3
13421,1978,2503,2240,-525,4481,3
13426,2118,2587,2352,-469,4705,3
13429,2226,2392,2309,-166,4618,3
13434,1787,2310,2048,-523,4097,3
13437,2172,2308,2240,-136,4480,3
13438,2118,2230,2174,-112,4348,3
13439,2220,2240,2230,-20,4460,3
13440,2059,2266,2162,-207,4325,3
13444,1978,2107,2042,-129,4085,3
13448,2237,2463,2350,-226,4700,3
13451,2059,2287,2173,-228,4346,3
13452,2092,2366,2229,-274,4458,3
13455,2212,2403,2307,-191,4615,3
13457,1699,2365,2032,-666,4064,3
13463,2092,2137,2114,-45,4229,3
13464,2019,2074,2046,-55,4093,3
13473,1870,2158,2014,-288,4028,3
13474,2035,2209,2122,-174,4244,3
13478,2008,2248,2128,-240,4256,3
13479,2040,2183,2111,-143,4223,3
13483,2029,2105,2067,-76,4134,3
13489,2205,2412,2308,-207,4617,3
13500,2210,2396,2303,-186,4606,3
13508,2093,2300,2196,-207,4393,3
13509,2226,2233,2229,-7,4459,3
13517,1993,2291,2142,-298,4284,3
13518,2069,2195,2132,-126,4264,3
13522,1951,2224,2087,-273,4175,3
13524,2249,2377,2313,-128,4626,3
13527,2071,2242,2156,-171,4313,3
13530,2037,2172,2104,-135,4209,3
13531,1961,2107,2034,-146,4068,3
13534,2117,2226,2171,-109,4343,3
13537,2246,2312,2279,-66,4558,3
13541,2298,2319,2308,-21,4617,3
13543,2139,2263,2201,-124,4402,3
13548,1926,2278,2102,-352,4204,3
13549,2233,2248,2240,-15,4481,3
13551,2298,2320,2309,-22,4618,3
13554,2099,2370,2234,-271,4469,3
13561,2020,2141,2080,-121,4161,3
13566,2203,2480,2341,-277,4683,3
13569,1949,2334,2141,-385,4283,3
13570,2250,2329,2289,-79,4579,3
13576,2188,2439,2313,-251,4627,3
13583,1886,2205,2045,-319,4091,3
13586,1857,2398,2127,-541,4255,3
13591,2196,2385,2290,-189,4581,3
13592,2144,2553,2348,-409,4697,3
13598,2153,2557,2355,-404,4710,3
13599,1982,2263,2122,-281,4245,3
13601,2206,2311,2258,-105,4517,3
13608,2019,2271,2145,-252,4290,3
13615,2080,2484,2282,-404,4564,3
13616,2093,2401,2247,-308,4494,3
13624,2148,2473,2310,-325,4621,3
13626,2135,2475,2305,-340,4610,3
13636,2069,2211,2140,-142,4280,3
13654,2186,2237,2211,-51,4423,3
13660,2045,2076,2060,-31,4121,3
13661,2114,2186,2150,-72,4300,3
13665,2269,2369,2319,-100,4638,3
13676,2037,2163,2100,-126,4200,3
13694,2059,2274,2166,-215,4333,3
13708,1939,2209,2074,-270,4148,3
13709,2036,2160,2098,-124,4196,3
13711,1959,2107,2033,-148,4066,3
13715,2083,2158,2120,-75,4241,3
13718,2196,2296,2246,-100,4492,3
13719,1999,2227,2113,-228,4226,3
13720,2132,2453,2292,-321,4585,3
13730,2192,2277,2234,-85,4469,3
13731,2084,2195,2139,-111,4279,3
13736,1913,2479,2196,-566,4392,3
13740,2247,2443,2345,-196,4690,3
13742,2112,2393,2252,-281,4505,3
13749,2105,2386,2245,-281,4491,3
13751,2053,2204,2128,-151,4257,3
13755,2103,2219,2161,-116,4322,3
13757,2029,2403,2216,-374,4432,3
13765,1973,2151,2062,-178,4124,3
13770,2113,2254,2183,-141,4367,3
13771,2242,2277,2259,-35,4519,3
13774,2160,2186,2173,-26,4346,3
13778,2261,2323,2292,-62,4584,3
13780,2200,2397,2298,-197,4597,3
13788,2198,2264,2231,-66,4462,3
13796,2108,2231,2169,-123,4339,3
13798,2162,2670,2416,-508,4832,3
13799,1963,2137,2050,-174,4100,3
13801,2279,2409,2344,-130,4688,3
13811,1977,2370,2173,-393,4347,3
13812,2191,2421,2306,-230,4612,3
13814,2086,2236,2161,-150,4322,3
13818,2259,2320,2289,-61,4579,3
13820,2200,2501,2350,-301,4701,3
13821,2239,2235,2237,4,4474,3
13822,2210,2353,2281,-143,4563,3
13823,1977,2123,2050,-146,4100,3
13824,1848,2290,2069,-442,4138,3
13825,2288,2313,2300,-25,4601,3
13829,2215,2441,2328,-226,4656,3
13838,2024,2218,2121,-194,4242,3
13845,2180,2195,2187,-15,4375,3
13848,1778,2226,2002,-448,4004,3
13851,2090,2460,2275,-370,4550,3
13853,1957,2119,2038,-162,4076,3
13856,2052,2364,2208,-312,4416,3
13857,2169,2288,2228,-119,4457,3
13858,2112,2507,2309,-395,4619,3
13861,2105,2249,2177,-144,4354,3
13863,2258,2440,2349,-182,4698,3
13865,2249,2412,2330,-163,4661,3
13866,2112,2445,2278,-333,4557,3
13873,2094,2168,2131,-74,4262,3
13874,2104,2335,2219,-231,4439,3
13877,2069,2350,2209,-281,4419,3
13884,1999,2365,2182,-366,4364,3
13889,1950,2273,2111,-323,4223,3
13892,2130,2320,2225,-190,4450,3
13899,2236,2390,2313,-154,4626,3
13900,2275,2402,2338,-127,4677,3
13907,2150,2358,2254,-208,4508,3
13910,2224,2334,2279,-110,4558,3
13912,1912,2227,2069,-315,4139,3
13914,2207,2330,2268,-123,4537,3
13915,2287,2373,2330,-86,4660,3
13916,1785,2243,2014,-458,4028,3
13919,2007,2356,2181,-349,4363,3
13922,2249,2489,2369,-240,4738,3
13924,2131,2162,2146,-31,4293,3
13925,2276,2399,2337,-123,4675,3
13931,2120,2335,2227,-215,4455,3
13935,1910,2412,2161,-502,4322,3
13936,2056,2154,2105,-98,4210,3
13937,1951,2179,2065,-228,4130,3
13945,2253,2482,2367,-229,4735,3
13948,2054,2532,2293,-478,4586,3
13951,2071,2158,2114,-87,4229,3
13955,2086,2280,2183,-194,4366,3
13960,2231,2309,2270,-78,4540,3
13968,2146,2512,2329,-366,4658,3
13976,1940,2453,2196,-513,4393,3
13984,2014,2125,2069,-111,4139,3
13987,1948,2123,2035,-175,4071,3
13990,2060,2242,2151,-182,4302,3
13991,2137,2292,2214,-155,4429,3
13993,2026,2132,2079,-106,4158,3
13995,1908,2166,2037,-258,4074,3
13999,2103,2474,2288,-371,4577,3
14000,1873,2376,2124,-503,4249,3
14001,2253,2322,2287,-69,4575,3
14005,2250,2493,2371,-243,4743,3
14010,1772,2649,2210,-877,4421,3
14020,2293,2400,2346,-107,4693,3
14021,2247,2450,2348,-203,4697,3
14025,1917,2385,2151,-468,4302,3
14026,2106,2404,2255,-298,4510,3
14044,2227,2411,2319,-184,4638,3
14045,2047,2094,2070,-47,4141,3
14046,1987,2438,2212,-451,4425,3
14048,2178,2386,2282,-208,4564,3
14050,2150,2381,2265,-231,4531,3
14055,2283,2430,2356,-147,4713,3
14064,2164,2303,2233,-139,4467,3
14072,2018,2341,2179,-323,4359,3
14081,1913,2142,2027,-229,4055,3
14084,2037,2164,2100,-127,4201,3
14086,2278,2325,2301,-47,4603,3
14088,1893,2453,2173,-560,4346,3
14091,2104,2332,2218,-228,4436,3
14093,2174,2235,2204,-61,4409,3
14101,1716,2306,2011,-590,4022,3
14106,1907,2327,2117,-420,4234,3
14118,1993,2268,2130,-275,4261,3
14119,2166,2229,2197,-63,4395,3
14120,2213,2480,2346,-267,4693,3
14123,2085,2392,2238,-307,4477,3
14129,2197,2396,2296,-199,4593,3
14130,2154,2440,2297,-286,4594,3
14133,2020,2257,2138,-237,4277,3
14134,2040,2118,2079,-78,4158,3
14135,2267,2440,2353,-173,4707,3
14139,2259,2410,2334,-151,4669,3
14145,2056,2420,2238,-364,4476,3
14155,2018,2301,2159,-283,4319,3
14157,2023,2337,2180,-314,4360,3
14160,2307,2303,2305,4,4610,3
14161,2116,2292,2204,-176,4408,3
14165,2187,2276,2231,-89,4463,3
14179,2029,2267,2148,-238,4296,3
14185,2137,2291,2214,-154,4428,3
14191,2180,2475,2327,-295,4655,3
14195,2178,2464,2321,-286,4642,3
14198,2020,2287,2153,-267,4307,3
14199,2125,2318,2221,-193,4443,3
14207,1993,2129,2061,-136,4122,3
14210,1949,2355,2152,-406,4304,3
14213,2061,2130,2095,-69,4191,3
14218,2070,2134,2102,-64,4204,3
14220,1992,2455,2223,-463,4447,3
14224,2051,2183,2117,-132,4234,3
14231,2083,2308,2195,-225,4391,3
14237,2132,2252,2192,-120,4384,3
14241,2206,2356,2281,-150,4562,3
14243,1956,2213,2084,-257,4169,3
14251,2049,2336,2192,-287,4385,3
14252,2291,2286,2288,5,4577,3
14262,2300,2362,2331,-62,4662,3
14266,2026,2353,2189,-327,4379,3
14270,2101,2287,2194,-186,4388,3
14273,2257,2281,2269,-24,4538,3
14288,2143,2217,2180,-74,4360,3
14289,1978,2254,2116,-276,4232,3
14293,2039,2197,2118,-158,4236,3
14300,2243,2441,2342,-198,4684,3
14305,2152,2306,2229,-154,4458,3
14309,1942,2214,2078,-272,4156,3
14317,2223,2450,2336,-227,4673,3
14318,2046,2408,2227,-362,4454,3
14322,2258,2472,2365,-214,4730,3
14324,2177,2188,2182,-11,4365,3
14325,2048,2526,2287,-478,4574,3
14331,1960,2350,2155,-390,4310,3
14335,2081,2171,2126,-90,4252,3
14341,2004,2310,2157,-306,4314,3
14342,2221,2449,2335,-228,4670,3
14348,2244,2401,2322,-157,4645,3
14349,2030,2370,2200,-340,4400,3
14350,1919,2175,2047,-256,4094,3
14360,2205,2329,2267,-124,4534,3
14362,2218,2252,2235,-34,4470,3
14373,2099,2460,2279,-361,4559,3
14375,2043,2067,2055,-24,4110,3
14376,2073,2296,2184,-223,4369,3
14378,2210,2451,2330,-241,4661,3
14379,2242,2488,2365,-246,4730,3
14387,2177,2325,2251,-148,4502,3
14388,2126,2200,2163,-74,4326,3
14393,2082,2218,2150,-136,4300,3
14398,2062,2281,2171,-219,4343,3
14399,2205,2415,2310,-210,4620,3
14414,2174,2292,2233,-118,4466,3
14425,2156,2545,2350,-389,4701,3
14426,2146,2208,2177,-62,4354,3
14429,2140,2326,2233,-186,4466,3
14433,2145,2215,2180,-70,4360,3
14434,2121,2256,2188,-135,4377,3
14435,1899,2508,2203,-609,4407,3
14439,2223,2293,2258,-70,4516,3
14440,2270,2301,2285,-31,4571,3
14447,2071,2090,2080,-19,4161,3
14449,2159,2374,2266,-215,4533,3
14450,2264,2346,2305,-82,4610,3
14451,2011,2228,2119,-217,4239,3
14453,2122,2506,2314,-384,4628,3
14459,1948,2187,2067,-239,4135,3
14461,2133,2304,2218,-171,4437,3
14465,1996,2615,2305,-619,4611,3
14473,2037,2170,2103,-133,4207,3
14476,2213,2325,2269,-112,4538,3
14477,2242,2406,2324,-164,4648,3
14478,2198,2437,2317,-239,4635,3
14479,2071,2438,2254,-367,4509,3
14480,2196,2263,2229,-67,4459,3
14481,2256,2469,2362,-213,4725,3
14483,2279,2410,2344,-131,4689,3
14486,2215,2343,2279,-128,4558,3
14487,2211,2365,2288,-154,4576,3
14496,1992,2196,2094,-204,4188,3
14500,2286,2337,2311,-51,4623,3
14510,2240,2325,2282,-85,4565,3
14516,2208,2305,2256,-97,4513,3
14519,1945,2117,2031,-172,4062,3
14521,2209,2501,2355,-292,4710,3
14524,2288,2335,2311,-47,4623,3
14525,2018,2165,2091,-147,4183,3
14526,2084,2211,2147,-127,4295,3
14529,2080,2210,2145,-130,4290,3
14535,2141,2312,2226,-171,4453,3
14539,2122,2479,2300,-357,4601,3
14542,2109,2431,2270,-322,4540,3
14548,2178,2188,2183,-10,4366,3
14564,2047,2234,2140,-187,4281,3
14570,2260,2399,2329,-139,4659,3
14582,2241,2255,2248,-14,4496,3
14590,1999,2274,2136,-275,4273,3
14595,2131,2359,2245,-228,4490,3
14599,2086,2302,2194,-216,4388,3
14601,1987,2433,2210,-446,4420,3
14602,2007,2323,2165,-316,4330,3
14604,2199,2437,2318,-238,4636,3
14605,2235,2437,2336,-202,4672,3
14606,2182,2491,2336,-309,4673,3
14609,2217,2439,2328,-222,4656,3
14611,2285,2414,2349,-129,4699,3
14623,1938,2291,2114,-353,4229,3
14629,1958,2499,2228,-541,4457,3
14645,1982,2227,2104,-245,4209,3
14646,2097,2222,2159,-125,4319,3
14647,1958,2103,2030,-145,4061,3
14648,2110,2300,2205,-190,4410,3
14660,2194,2579,2386,-385,4773,3
14661,2114,2268,2191,-154,4382,3
14662,2119,2457,2288,-338,4576,3
14665,2004,2437,2220,-433,4441,3
14667,2205,2573,2389,-368,4778,3
14671,2100,2412,2256,-312,4512,3
14675,1971,2384,2177,-413,4355,3
14676,1986,2182,2084,-196,4168,3
14678,2062,2104,2083,-42,4166,3
14681,1796,2308,2052,-512,4104,3
14685,2044,2167,2105,-123,4211,3
14691,1948,2240,2094,-292,4188,3
14692,2251,2490,2370,-239,4741,3
14696,2081,2181,2131,-100,4262,3
14699,2270,2311,2290,-41,4581,3
14700,2230,2258,2244,-28,4488,3
14706,2135,2261,2198,-126,4396,3
14708,2088,2170,2129,-82,4258,3
14709,2092,2340,2216,-248,4432,3
14711,2237,2240,2238,-3,4477,3
14728,2226,2404,2315,-178,4630,3
14730,2131,2521,2326,-390,4652,3
14731,2050,2291,2170,-241,4341,3
14733,2224,2394,2309,-170,4618,3
14745,2196,2299,2247,-103,4495,3
14746,2260,2304,2282,-44,4564,3
14747,2165,2470,2317,-305,4635,3
14755,2202,2296,2249,-94,4498,3
14761,2029,2229,2129,-200,4258,3
14767,2211,2377,2294,-166,4588,3
14776,2108,2344,2226,-236,4452,3
14778,1975,2170,2072,-195,4145,3
14779,2046,2292,2169,-246,4338,3
14780,1927,2250,2088,-323,4177,3
14788,1978,2326,2152,-348,4304,3
14794,2220,2328,2274,-108,4548,3
14796,2224,2305,2264,-81,4529,3
14797,2032,2474,2253,-442,4506,3
14803,2059,2209,2134,-150,4268,3
14814,1966,2361,2163,-395,4327,3
14816,2235,2353,2294,-118,4588,3
14821,2126,2359,2242,-233,4485,3
14827,1934,2180,2057,-246,4114,3
14833,2280,2390,2335,-110,4670,3
14834,1952,2210,2081,-258,4162,3
14844,2195,2586,2390,-391,4781,3
14851,2145,2216,2180,-71,4361,3
14856,1951,2182,2066,-231,4133,3
14861,1982,2148,2065,-166,4130,3
14873,1995,2161,2078,-166,4156,3
14876,2221,2557,2389,-336,4778,3
14877,2165,2489,2327,-324,4654,3
14885,2291,2412,2351,-121,4703,3
14887,2125,2475,2300,-350,4600,3
14892,2171,2362,2266,-191,4533,3
14895,2179,2484,2331,-305,4663,3
14896,2034,2246,2140,-212,4280,3
14902,2120,2245,2182,-125,4365,3
14908,1923,2408,2165,-485,4331,3
14910,1847,2300,2073,-453,4147,3
14915,1949,2182,2065,-233,4131,3
14920,2048,2271,2159,-223,4319,3
14922,2079,2354,2216,-275,4433,3
14927,2051,2488,2269,-437,4539,3
14928,2052,2319,2185,-267,4371,3
14929,1929,2254,2091,-325,4183,3
14931,2209,2458,2333,-249,4667,3
14937,2108,2315,2211,-207,4423,3
14942,2197,2268,2232,-71,4465,3
14948,2036,2177,2106,-141,4213,3
14953,1979,2238,2108,-259,4217,3
14955,2151,2252,2201,-101,4403,3
14956,1810,2242,2026,-432,4052,3
14958,2209,2337,2273,-128,4546,3
14960,2125,2460,2292,-335,4585,3
14961,2271,2386,2328,-115,4657,3
14964,2180,2539,2359,-359,4719,3
14966,2195,2261,2228,-66,4456,3
14968,1977,2140,2058,-163,4117,3
14977,2092,2193,2142,-101,4285,3
14979,2168,2221,2194,-53,4389,3
14983,2182,2291,2236,-109,4473,3
14989,2216,2412,2314,-196,4628,3
14991,2027,2162,2094,-135,4189,3
14993,1963,2139,2051,-176,4102,3
14997,2091,2262,2176,-171,4353,3
15003,2289,2290,2289,-1,4579,3
15004,2026,2138,2082,-112,4164,3
15006,1943,2449,2196,-506,4392,3
15011,2176,2273,2224,-97,4449,3
15013,2060,2195,2127,-135,4255,3
15014,2184,2328,2256,-144,4512,3
15017,1723,2348,2035,-625,4071,3
15021,1965,2120,2042,-155,4085,3
15022,2124,2277,2200,-153,4401,3
15027,2163,2309,2236,-146,4472,3
15029,2171,2225,2198,-54,4396,3
15031,2303,2376,2339,-73,4679,3
15036,1981,2187,2084,-206,4168,3
15043,1855,2379,2117,-524,4234,3
15044,1862,2236,2049,-374,4098,3
15050,2030,2225,2127,-195,4255,3
15051,1976,2163,2069,-187,4139,3
15056,2205,2401,2303,-196,4606,3
15066,2056,2200,2128,-144,4256,3
15069,2117,2316,2216,-199,4433,3
15078,2142,2245,2193,-103,4387,3
15079,1965,2170,2067,-205,4135,3
15080,2109,2174,2141,-65,4283,3
15083,2197,2337,2267,-140,4534,3
15090,2033,2711,2372,-678,4744,3
15093,2077,2101,2089,-24,4178,3
15095,2187,2206,2196,-19,4393,3
15097,1905,2292,2098,-387,4197,3
15098,1684,2523,2103,-839,4207,3
15100,2264,2425,2344,-161,4689,3
15110,2237,2263,2250,-26,4500,3
15114,1998,2093,2045,-95,4091,3
15116,2195,2204,2199,-9,4399,3
15117,2194,2327,2260,-133,4521,3
15119,1934,2238,2086,-304,4172,3
15130,2239,2398,2318,-159,4637,3
15131,2073,2234,2153,-161,4307,3
15141,1920,2513,2216,-593,4433,3
15144,2139,2217,2178,-78,4356,3
15146,1910,2134,2022,-224,4044,3
15151,2261,2256,2258,5,4517,3
15153,2129,2275,2202,-146,4404,3
15165,2107,2300,2203,-193,4407,3
15166,2230,2375,2302,-145,4605,3
15167,2094,2346,2220,-252,4440,3
15168,2171,2364,2267,-193,4535,3
15171,2178,2366,2272,-188,4544,3
15180,2224,2456,2340,-232,4680,3
15182,2257,2367,2312,-110,4624,3
15183,2255,2451,2353,-196,4706,3
15186,2056,2284,2170,-228,4340,3
15198,2064,2202,2133,-138,4266,3
15199,2130,2184,2157,-54,4314,3
15202,2063,2522,2292,-459,4585,3
15212,2102,2181,2141,-79,4283,3
15214,2222,2402,2312,-180,4624,3
15217,2205,2275,2240,-70,4480,3
15220,2235,2390,2312,-155,4625,3
15221,2233,2295,2264,-62,4528,3
15224,2202,2359,2280,-157,4561,3
15233,2203,2534,2368,-331,4737,3
15237,2223,2246,2234,-23,4469,3
15243,1996,2166,2081,-170,4162,3
15249,2089,2262,2175,-173,4351,3
15256,1942,2271,2106,-329,4213,3
15263,2094,2369,2231,-275,4463,3
15264,1607,2367,1987,-760,3974,3
15268,1819,2509,2164,-690,4328,3
15273,2308,2352,2330,-44,4660,3
15274,2235,2275,2255,-40,4510,3
15278,2131,2610,2370,-479,4741,3
15283,2308,2349,2328,-41,4657,3
15284,2034,2158,2096,-124,4192,3
15286,2054,2206,2130,-152,4260,3
15293,2005,2232,2118,-227,4237,3
15296,1992,2120,2056,-128,4112,3
15297,1899,2461,2180,-562,4360,3
15298,1908,2483,2195,-575,4391,3
15300,2073,2376,2224,-303,4449,3
15307,2086,2571,2328,-485,4657,3
15314,2108,2383,2245,-275,4491,3
15321,2148,2300,2224,-152,4448,3
15333,2141,2284,2212,-143,4425,3
15340,2007,2271,2139,-264,4278,3
15342,2056,2521,2288,-465,4577,3
15348,2133,2318,2225,-185,4451,3
15349,1941,2131,2036,-190,4072,3
15351,2074,2277,2175,-203,4351,3
15362,2047,2316,2181,-269,4363,3
15364,2135,2295,2215,-160,4430,3
15374,2223,2439,2331,-216,4662,3
15376,2034,2061,2047,-27,4095,3
15379,2287,2411,2349,-124,4698,3
15384,1910,2150,2030,-240,4060,3
15385,2176,2435,2305,-259,4611,3
15387,1976,2201,2088,-225,4177,3
15389,2074,2489,2281,-415,4563,3
15391,1880,2427,2153,-547,4307,3
15397,1944,2143,2043,-199,4087,3
15398,2216,2414,2315,-198,4630,3
15403,2250,2392,2321,-142,4642,3
15404,1772,2375,2073,-603,4147,3
15408,2169,2387,2278,-218,4556,3
15410,2236,2236,2236,0,4472,3
15416,2231,2373,2302,-142,4604,3
15422,2300,2293,2296,7,4593,3
15424,2153,2255,2204,-102,4408,3
15428,2095,2175,2135,-80,4270,3
15435,2063,2234,2148,-171,4297,3
15437,2186,2447,2316,-261,4633,3
15440,1990,2208,2099,-218,4198,3
15445,2117,2235,2176,-118,4352,3
15455,2255,2436,2345,-181,4691,3
15463,1942,2254,2098,-312,4196,3
15464,2026,2224,2125,-198,4250,3
15470,2004,2309,2156,-305,4313,3
15472,2159,2210,2184,-51,4369,3
15480,2064,2442,2253,-378,4506,3
15482,1655,2289,1972,-634,3944,3
15484,2000,2151,2075,-151,4151,3
15487,2277,2397,2337,-120,4674,3
15490,2189,2350,2269,-161,4539,3
15503,2037,2290,2163,-253,4327,3
15511,2051,2171,2111,-120,4222,3
15513,1808,2265,2036,-457,4073,3
15514,2181,2326,2253,-145,4507,3
15516,2067,2487,2277,-420,4554,3
15521,2197,2287,2242,-90,4484,3
15522,1994,2298,2146,-304,4292,3
15523,2186,2600,2393,-414,4786,3
15543,2203,2258,2230,-55,4461,3
15546,2053,2281,2167,-228,4334,3
15550,2196,2511,2353,-315,4707,3
15552,2012,2169,2090,-157,4181,3
15557,2183,2347,2265,-164,4530,3
15562,2110,2253,2181,-143,4363,3
15573,2289,2278,2283,11,4567,3
15577,2122,2265,2193,-143,4387,3
15582,2011,2165,2088,-154,4176,3
15587,2103,2208,2155,-105,4311,3
15591,2291,2421,2356,-130,4712,3
15595,1962,2638,2300,-676,4600,3
15597,2115,2441,2278,-326,4556,3
15601,2002,2366,2184,-364,4368,3
15603,2217,2557,2387,-340,4774,3
15605,1899,2189,2044,-290,4088,3
15607,2068,2596,2332,-528,4664,3
15609,2066,2278,2172,-212,4344,3
15611,1778,2455,2116,-677,4233,3
15612,2224,2254,2239,-30,4478,3
15613,2254,2410,2332,-156,4664,3
15616,2056,2326,2191,-270,4382,3
15622,2032,2287,2159,-255,4319,3
15623,2080,2267,2173,-187,4347,3
15627,2263,2404,2333,-141,4667,3
15632,2132,2322,2227,-190,4454,3
15633,2249,2272,2260,-23,4521,3
15637,1892,2297,2094,-405,4189,3
15643,2146,2390,2268,-244,4536,3
15644,2164,2401,2282,-237,4565,3
15647,2120,2258,2189,-138,4378,3
15650,2158,2385,2271,-227,4543,3
15657,1956,2230,2093,-274,4186,3
15659,2124,2417,2270,-293,4541,3
15660,1982,2182,2082,-200,4164,3
15662,2108,2286,2197,-178,4394,3
15664,2155,2441,2298,-286,4596,3
15665,2298,2318,2308,-20,4616,3
15667,2234,2500,2367,-266,4734,3
15671,2273,2435,2354,-162,4708,3
15673,2101,2117,2109,-16,4218,3
15682,2122,2305,2213,-183,4427,3
15687,1973,2184,2078,-211,4157,3
15689,2113,2535,2324,-422,4648,3
15695,1904,2315,2109,-411,4219,3
15699,2171,2492,2331,-321,4663,3
15700,1944,2188,2066,-244,4132,3
15701,1978,2251,2114,-273,4229,3
15703,2191,2275,2233,-84,4466,3
15710,2123,2303,2213,-180,4426,3
15723,2149,2202,2175,-53,4351,3
15726,2190,2406,2298,-216,4596,3
15728,2235,2368,2301,-133,4603,3
15730,2207,2428,2317,-221,4635,3
15731,1899,2527,2213,-628,4426,3
15735,2036,2190,2113,-154,4226,3
15737,1980,2155,2067,-175,4135,3
15739,2153,2478,2315,-325,4631,3
15741,1950,2218,2084,-268,4168,3
15745,2086,2116,2101,-30,4202,3
15748,2119,2229,2174,-110,4348,3
15749,2094,2390,2242,-296,4484,3
15754,2118,2299,2208,-181,4417,3
15755,2125,2258,2191,-133,4383,3
15761,1954,2157,2055,-203,4111,3
15768,2149,2344,2246,-195,4493,3
15777,2212,2489,2350,-277,4701,3
15781,2241,2367,2304,-126,4608,3
15783,2155,2438,2296,-283,4593,3
15789,2045,2208,2126,-163,4253,3
15790,2216,2252,2234,-36,4468,3
15792,2193,2396,2294,-203,4589,3
15794,1913,2252,2082,-339,4165,3
15795,2215,2470,2342,-255,4685,3
15799,2133,2343,2238,-210,4476,3
15801,2222,2270,2246,-48,4492,3
15802,2271,2348,2309,-77,4619,3
15803,2229,2320,2274,-91,4549,3
15808,2256,2429,2342,-173,4685,3
15811,2199,2518,2358,-319,4717,3
15814,2100,2211,2155,-111,4311,3
15819,2246,2401,2323,-155,4647,3
15824,1861,2171,2016,-310,4032,3
15825,1981,2458,2219,-477,4439,3
15826,1863,2362,2112,-499,4225,3
15835,2032,2474,2253,-442,4506,3
15837,2159,2422,2290,-263,4581,3
15838,2073,2389,2231,-316,4462,3
15842,2064,2253,2158,-189,4317,3
15844,2029,2385,2207,-356,4414,3
15854,1892,2335,2113,-443,4227,3
15859,2168,2249,2208,-81,4417,3
15866,2281,2423,2352,-142,4704,3
15873,2253,2274,2263,-21,4527,3
15875,2121,2215,2168,-94,4336,3
15883,2180,2219,2199,-39,4399,3
15886,2006,2420,2213,-414,4426,3
15891,2013,2128,2070,-115,4141,3
15892,2112,2340,2226,-228,4452,3
15894,2244,2268,2256,-24,4512,3
15896,1783,2247,2015,-464,4030,3
15901,2291,2409,2350,-118,4700,3
15903,2161,2215,2188,-54,4376,3
15904,1893,2297,2095,-404,4190,3
15905,2207,2386,2296,-179,4593,3
15907,2070,2319,2194,-249,4389,3
15909,2232,2278,2255,-46,4510,3
15920,2098,2269,2183,-171,4367,3
15921,2234,2237,2235,-3,4471,3
15925,2045,2382,2213,-337,4427,3
15927,1962,2131,2046,-169,4093,3
15930,2107,2376,2241,-269,4483,3
15934,1969,2369,2169,-400,4338,3
15936,2247,2345,2296,-98,4592,3
15938,2211,2350,2280,-139,4561,3
15940,2270,2375,2322,-105,4645,3
15943,2160,2308,2234,-148,4468,3
15945,2036,2197,2116,-161,4233,3
15946,2104,2220,2162,-116,4324,3
15950,2002,2126,2064,-124,4128,3
15953,2157,2271,2214,-114,4428,3
15954,2215,2445,2330,-230,4660,3
15957,2156,2266,2211,-110,4422,3
15965,2126,2457,2291,-331,4583,3
15966,2033,2132,2082,-99,4165,3
15969,2229,2406,2317,-177,4635,3
15970,2189,2447,2318,-258,4636,3
15976,2230,2300,2265,-70,4530,3
15983,2206,2495,2350,-289,4701,3
15987,2250,2265,2257,-15,4515,3
15989,2159,2342,2250,-183,4501,3
15993,2211,2272,2241,-61,4483,3
15995,2017,2459,2238,-442,4476,3
15996,1849,2267,2058,-418,4116,3
15997,2147,2350,2248,-203,4497,3
15999,2099,2281,2190,-182,4380,3
16001,2030,2293,2161,-263,4323,3
16007,1953,2134,2043,-181,4087,3
16009,2225,2274,2249,-49,4499,3
16011,2172,2617,2394,-445,4789,3
16015,1793,2522,2157,-729,4315,3
16023,1987,2198,2092,-211,4185,3
16024,2118,2351,2234,-233,4469,3
16026,2240,2250,2245,-10,4490,3
16030,2146,2195,2170,-49,4341,3
16033,2274,2284,2279,-10,4558,3
16039,2186,2335,2260,-149,4521,3
16040,1842,2583,2212,-741,4425,3
16046,2073,2226,2149,-153,4299,3
16060,2065,2203,2134,-138,4268,3
16061,1846,2244,2045,-398,4090,3
16062,1917,2467,2192,-550,4384,3
16063,2087,2377,2232,-290,4464,3
16065,2073,2292,2182,-219,4365,3
16067,2003,2138,2070,-135,4141,3
16071,2227,2388,2307,-161,4615,3
16072,1993,2390,2191,-397,4383,3
16073,1961,2531,2246,-570,4492,3
16076,2117,2201,2159,-84,4318,3
16078,2258,2275,2266,-17,4533,3
16081,2096,2403,2249,-307,4499,3
16093,1995,2110,2052,-115,4105,3
16100,2317,2365,2341,-48,4682,3
16101,1948,2364,2156,-416,4312,3
16102,2059,2235,2147,-176,4294,3
16104,2081,2216,2148,-135,4297,3
16105,2161,2250,2205,-89,4411,3
16109,1926,2308,2117,-382,4234,3
16110,2244,2404,2324,-160,4648,3
16117,2089,2422,2255,-333,4511,3
16128,2189,2451,2320,-262,4640,3
16135,2071,2269,2170,-198,4340,3
16144,1776,2234,2005,-458,4010,3
16149,2206,2364,2285,-158,4570,3
16152,2188,2399,2293,-211,4587,3
16155,2060,2208,2134,-148,4268,3
16168,2242,2280,2261,-38,4522,3
16173,1986,2441,2213,-455,4427,3
16178,2013,2305,2159,-292,4318,3
16183,1957,2126,2041,-169,4083,3
16185,1932,2452,2192,-520,4384,3
16186,2276,2395,2335,-119,4671,3
16190,2002,2232,2117,-230,4234,3
16191,2082,2351,2216,-269,4433,3
16197,2127,2377,2252,-250,4504,3
16203,2201,2342,2271,-141,4543,3
16205,2002,2205,2103,-203,4207,3
16206,2151,2383,2267,-232,4534,3
16207,1888,2267,2077,-379,4155,3
16208,1825,2203,2014,-378,4028,3
16214,2007,2146,2076,-139,4153,3
16219,2061,2359,2210,-298,4420,3
16221,1961,2162,2061,-201,4123,3
16224,1849,2229,2039,-380,4078,3
16235,2140,2351,2245,-211,4491,3
16241,2257,2364,2310,-107,4621,3
16245,2144,2153,2148,-9,4297,3
16268,2206,2470,2338,-264,4676,3
16278,2075,2457,2266,-382,4532,3
16279,2205,2415,2310,-210,4620,3
16284,2147,2198,2172,-51,4345,3
16285,2124,2285,2204,-161,4409,3
16287,1732,2374,2053,-642,4106,3
16290,2182,2406,2294,-224,4588,3
16298,2156,2267,2211,-111,4423,3
16303,1934,2247,2090,-313,4181,3
16306,2023,2217,2120,-194,4240,3
16310,2040,2272,2156,-232,4312,3
16313,2230,2303,2266,-73,4533,3
16315,2135,2394,2264,-259,4529,3
16316,2126,2225,2175,-99,4351,3
16325,1967,2121,2044,-154,4088,3
16326,1999,2222,2110,-223,4221,3
16331,2313,2313,2313,0,4626,3
16337,2146,2238,2192,-92,4384,3
16338,2136,2272,2204,-136,4408,3
16340,2030,2416,2223,-386,4446,3
16348,2190,2465,2327,-275,4655,3
16349,2262,2450,2356,-188,4712,3
16356,2028,2635,2331,-607,4663,3
16358,2024,2280,2152,-256,4304,3
16361,2062,2476,2269,-414,4538,3
16367,2135,2170,2152,-35,4305,3
16369,2097,2190,2143,-93,4287,3
16371,1962,2189,2075,-227,4151,3
16380,2225,2280,2252,-55,4505,3
16388,2055,2365,2210,-310,4420,3
16389,1983,2176,2079,-193,4159,3
16390,2227,2487,2357,-260,4714,3
16391,2096,2504,2300,-408,4600,3
16396,2209,2411,2310,-202,4620,3
16398,2134,2243,2188,-109,4377,3
16399,2058,2201,2129,-143,4259,3
16400,2083,2197,2140,-114,4280,3
16402,2049,2174,2111,-125,4223,3
16403,2067,2266,2166,-199,4333,3
16404,2147,2233,2190,-86,4380,3
16405,1908,2267,2087,-359,4175,3
16410,1944,2303,2123,-359,4247,3
16416,2209,2308,2258,-99,4517,3
16421,1869,2190,2029,-321,4059,3
16423,2122,2405,2263,-283,4527,3
16424,2010,2278,2144,-268,4288,3
16426,2121,2192,2156,-71,4313,3
16427,2193,2364,2278,-171,4557,3
16428,2091,2489,2290,-398,4580,3
16439,2058,2381,2219,-323,4439,3
16446,2285,2422,2353,-137,4707,3
16453,2215,2460,2337,-245,4675,3
16466,2060,2487,2273,-427,4547,3
16476,2000,2235,2117,-235,4235,3
16478,2069,2319,2194,-250,4388,3
16480,2023,2112,2067,-89,4135,3
16483,2100,2498,2299,-398,4598,3
16486,1935,2135,2035,-200,4070,3
16488,2183,2318,2250,-135,4501,3
16499,2191,2300,2245,-109,4491,3
16513,2261,2370,2315,-109,4631,3
16515,2261,2392,2326,-131,4653,3
16516,2122,2265,2193,-143,4387,3
16518,1961,2109,2035,-148,4070,3
16521,2101,2373,2237,-272,4474,3
16522,2064,2262,2163,-198,4326,3
16526,2258,2329,2293,-71,4587,3
16536,1910,2157,2033,-247,4067,3
16537,2121,2218,2169,-97,4339,3
16544,2216,2505,2360,-289,4721,3
16550,2243,2386,2314,-143,4629,3
16561,2008,2226,2117,-218,4234,3
16569,2141,2198,2169,-57,4339,3
16570,2226,2433,2329,-207,4659,3
16571,2231,2352,2291,-121,4583,3
16575,2187,2362,2274,-175,4549,3
16576,2105,2313,2209,-208,4418,3
16582,1899,2489,2194,-590,4388,3
16595,2113,2198,2155,-85,4311,3
16596,2295,2392,2343,-97,4687,3
16603,1964,2324,2144,-360,4288,3
16607,1891,2313,2102,-422,4204,3
16608,2212,2350,2281,-138,4562,3
16619,2173,2190,2181,-17,4363,3
16620,1725,2361,2043,-636,4086,3
16627,2255,2432,2343,-177,4687,3
16630,2003,2165,2084,-162,4168,3
16638,2025,2551,2288,-526,4576,3
16642,2222,2406,2314,-184,4628,3
16655,1938,2399,2168,-461,4337,3
16660,2004,2251,2127,-247,4255,3
16663,1977,2214,2095,-237,4191,3
16664,2194,2294,2244,-100,4488,3
16673,2188,2315,2251,-127,4503,3
16685,2005,2137,2071,-132,4142,3
16686,2121,2399,2260,-278,4520,3
16687,2029,2148,2088,-119,4177,3
16694,2043,2219,2131,-176,4262,3
16699,1890,2145,2017,-255,4035,3
16700,2139,2399,2269,-260,4538,3
16706,2043,2092,2067,-49,4135,3
16720,2105,2135,2120,-30,4240,3
16722,2124,2507,2315,-383,4631,3
16725,2109,2551,2330,-442,4660,3
16726,2239,2505,2372,-266,4744,3
16727,1971,2099,2035,-128,4070,3
16730,2048,2272,2160,-224,4320,3
16733,2049,2147,2098,-98,4196,3
16743,2061,2341,2201,-280,4402,3
16756,2267,2373,2320,-106,4640,3
16757,2254,2389,2321,-135,4643,3
16767,2010,2597,2303,-587,4607,3
16771,2096,2116,2106,-20,4212,3
16775,1990,2196,2093,-206,4186,3
16783,2170,2321,2245,-151,4491,3
16784,1743,2377,2060,-634,4120,3
16790,1914,2139,2026,-225,4053,3
16791,1948,2189,2068,-241,4137,3
16794,2049,2298,2173,-249,4347,3
16807,2231,2385,2308,-154,4616,3
16817,2214,2443,2328,-229,4657,3
16828,2206,2370,2288,-164,4576,3
16832,2046,2517,2281,-471,4563,3
16841,2117,2464,2290,-347,4581,3
16847,2277,2410,2343,-133,4687,3
16851,2190,2449,2319,-259,4639,3
16853,2081,2478,2279,-397,4559,3
16854,2073,2325,2199,-252,4398,3
16858,2275,2268,2271,7,4543,3
16861,2109,2148,2128,-39,4257,3
16865,2075,2133,2104,-58,4208,3
16866,2000,2206,2103,-206,4206,3
16873,2183,2255,2219,-72,4438,3
16879,2202,2309,2255,-107,4511,3
16882,2200,2283,2241,-83,4483,3
16889,1807,2287,2047,-480,4094,3
16890,2222,2378,2300,-156,4600,3
16893,2011,2101,2056,-90,4112,3
16894,1870,2259,2064,-389,4129,3
16907,2259,2261,2260,-2,4520,3
16908,2076,2437,2256,-361,4513,3
16910,2172,2405,2288,-233,4577,3
16924,2122,2133,2127,-11,4255,3
16925,1812,2413,2112,-601,4225,3
16926,2136,2361,2248,-225,4497,3
16928,2123,2200,2161,-77,4323,3
16930,2184,2261,2222,-77,4445,3
16937,1983,2244,2113,-261,4227,3
16939,2078,2573,2325,-495,4651,3
16943,2057,2227,2142,-170,4284,3
16953,2133,2589,2361,-456,4722,3
16955,1855,2258,2056,-403,4113,3
16960,2154,2209,2181,-55,4363,3
16961,2081,2505,2293,-424,4586,3
16962,2076,2289,2182,-213,4365,3
16973,1901,2171,2036,-270,4072,3
16974,1982,2132,2057,-150,4114,3
16975,2249,2379,2314,-130,4628,3
16978,2152,2329,2240,-177,4481,3
16981,2211,2305,2258,-94,4516,3
16983,2171,2190,2180,-19,4361,3
16986,1980,2148,2064,-168,4128,3
16988,2009,2273,2141,-264,4282,3
16990,2203,2265,2234,-62,4468,3
16999,2219,2317,2268,-98,4536,3
17003,2222,2531,2376,-309,4753,3
17004,2224,2523,2373,-299,4747,3
17006,2043,2363,2203,-320,4406,3
17007,2177,2304,2240,-127,4481,3
17012,2157,2666,2411,-509,4823,3
17021,2002,2289,2145,-287,4291,3
17023,2078,2157,2117,-79,4235,3
17027,1988,2257,2122,-269,4245,3
17029,2212,2325,2268,-113,4537,3
17031,2082,2219,2150,-137,4301,3
17034,2271,2343,2307,-72,4614,3
17036,2167,2360,2263,-193,4527,3
17037,1937,2342,2139,-405,4279,3
17038,2247,2418,2332,-171,4665,3
17040,1973,2099,2036,-126,4072,3
17044,1986,2103,2044,-117,4089,3
17045,2084,2243,2163,-159,4327,3
17046,2181,2275,2228,-94,4456,3
17047,2223,2291,2257,-68,4514,3
17052,2118,2283,2200,-165,4401,3
17055,2112,2288,2200,-176,4400,3
17057,2284,2289,2286,-5,4573,3
17061,2074,2656,2365,-582,4730,3
17062,2131,2303,2217,-172,4434,3
17064,2087,2347,2217,-260,4434,3
17065,2107,2365,2236,-258,4472,3
17066,2186,2382,2284,-196,4568,3
17069,2211,2241,2226,-30,4452,3
17073,2238,2355,2296,-117,4593,3
17078,2176,2406,2291,-230,4582,3
17087,2025,2142,2083,-117,4167,3
17090,2191,2408,2299,-217,4599,3
17095,2136,2221,2178,-85,4357,3
17101,1958,2354,2156,-396,4312,3
17108,2167,2344,2255,-177,4511,3
17110,2048,2212,2130,-164,4260,3
17114,2205,2448,2326,-243,4653,3
17118,2084,2187,2135,-103,4271,3
17123,1883,2282,2082,-399,4165,3
17124,2239,2469,2354,-230,4708,3
17129,2236,2434,2335,-198,4670,3
17130,2252,2475,2363,-223,4727,3
17149,2207,2588,2397,-381,4795,3
17157,2251,2317,2284,-66,4568,3
17160,2169,2305,2237,-136,4474,3
17162,2226,2411,2318,-185,4637,3
17163,2113,2354,2233,-241,4467,3
17165,2079,2533,2306,-454,4612,3
17166,2158,2254,2206,-96,4412,3
17168,2083,2228,2155,-145,4311,3
17176,2239,2287,2263,-48,4526,3
17180,2172,2557,2364,-385,4729,3
17183,2152,2520,2336,-368,4672,3
17187,1991,2401,2196,-410,4392,3
17191,2175,2360,2267,-185,4535,3
17192,2106,2437,2271,-331,4543,3
17197,2065,2268,2166,-203,4333,3
17201,2266,2302,2284,-36,4568,3
17203,2056,2244,2150,-188,4300,3
17204,2176,2426,2301,-250,4602,3
17207,1971,2427,2199,-456,4398,3
17208,2302,2320,2311,-18,4622,3
17209,2173,2283,2228,-110,4456,3
17213,2075,2184,2129,-109,4259,3
17214,2285,2428,2356,-143,4713,3
17215,2188,2277,2232,-89,4465,3
17217,2221,2353,2287,-132,4574,3
17224,1854,2257,2055,-403,4111,3
17230,1936,2496,2216,-560,4432,3
17232,1881,2408,2144,-527,4289,3
17237,2070,2256,2163,-186,4326,3
17250,2265,2330,2297,-65,4595,3
17252,2202,2270,2236,-68,4472,3
17253,2077,2322,2199,-245,4399,3
17254,2239,2416,2327,-177,4655,3
17276,2268,2336,2302,-68,4604,3
17277,2220,2260,2240,-40,4480,3
17280,2164,2453,2308,-289,4617,3
17283,2263,2261,2262,2,4524,3
17285,1907,2165,2036,-258,4072,3
17288,2081,2359,2220,-278,4440,3
17308,2247,2489,2368,-242,4736,3
17310,2024,2189,2106,-165,4213,3
17313,2112,2471,2291,-359,4583,3
17314,2015,2574,2294,-559,4589,3
17317,2170,2379,2274,-209,4549,3
17319,2046,2595,2320,-549,4641,3
17321,2003,2531,2267,-528,4534,3
17323,2006,2225,2115,-219,4231,3
17326,2181,2280,2230,-99,4461,3
17329,2048,2342,2195,-294,4390,3
17337,2166,2273,2219,-107,4439,3
17340,2279,2365,2322,-86,4644,3
17341,1957,2323,2140,-366,4280,3
17353,2244,2459,2351,-215,4703,3
17354,1976,2291,2133,-315,4267,3
17358,2227,2373,2300,-146,4600,3
17368,2048,2286,2167,-238,4334,3
17374,1855,2407,2131,-552,4262,3
17375,2239,2409,2324,-170,4648,3
17381,2245,2262,2253,-17,4507,3
17388,2284,2424,2354,-140,4708,3
17391,2053,2234,2143,-181,4287,3
17410,2073,2250,2161,-177,4323,3
17412,1998,2334,2166,-336,4332,3
17413,1940,2379,2159,-439,4319,3
17416,2085,2262,2173,-177,4347,3
17418,2251,2493,2372,-242,4744,3
17421,2091,2502,2296,-411,4593,3
17427,2231,2448,2339,-217,4679,3
17428,2035,2337,2186,-302,4372,3
17431,2315,2344,2329,-29,4659,3
17433,2190,2227,2208,-37,4417,3
17434,2187,2602,2394,-415,4789,3
17436,2041,2239,2140,-198,4280,3
17442,1925,2131,2028,-206,4056,3
17444,2005,2167,2086,-162,4172,3
17446,2085,2527,2306,-442,4612,3
17449,2272,2379,2325,-107,4651,3
17453,2060,2218,2139,-158,4278,3
17458,2070,2226,2148,-156,4296,3
17459,2223,2478,2350,-255,4701,3
17463,1951,2144,2047,-193,4095,3
17465,2151,2192,2171,-41,4343,3
17467,1774,2300,2037,-526,4074,3
17474,1971,2178,2074,-207,4149,3
17475,2104,2233,2168,-129,4337,3
17481,2081,2260,2170,-179,4341,3
17484,1939,2532,2235,-593,4471,3
17491,2143,2267,2205,-124,4410,3
17492,2075,2298,2186,-223,4373,3
17496,2204,2368,2286,-164,4572,3
17499,1820,2251,2035,-431,4071,3
17500,2070,2234,2152,-164,4304,3
17502,2199,2331,2265,-132,4530,3
17503,1969,2177,2073,-208,4146,3
17504,1974,2149,2061,-175,4123,3
17506,2236,2499,2367,-263,4735,3
17508,2139,2169,2154,-30,4308,3
17518,2245,2501,2373,-256,4746,3
17520,1985,2156,2070,-171,4141,3
17521,2191,2202,2196,-11,4393,3
17527,1870,2239,2054,-369,4109,3
17537,2230,2504,2367,-274,4734,3
17540,2045,2148,2096,-103,4193,3
17548,2067,2293,2180,-226,4360,3
17550,2199,2325,2262,-126,4524,3
17553,2216,2478,2347,-262,4694,3
17555,2157,2319,2238,-162,4476,3
17558,2059,2340,2199,-281,4399,3
17559,1854,2198,2026,-344,4052,3
17560,2298,2357,2327,-59,4655,3
17562,2017,2215,2116,-198,4232,3
17563,2258,2376,2317,-118,4634,3
17565,2116,2208,2162,-92,4324,3
17578,1856,2344,2100,-488,4200,3
17579,2132,2384,2258,-252,4516,3
17592,1995,2355,2175,-360,4350,3
17593,2274,2394,2334,-120,4668,3
17597,1737,2240,1988,-503,3977,3
17598,2255,2357,2306,-102,4612,3
17601,2013,2302,2157,-289,4315,3
17604,1904,2203,2053,-299,4107,3
17607,2080,2209,2144,-129,4289,3
17611,1980,2223,2101,-243,4203,3
17615,2201,2409,2305,-208,4610,3
17616,2169,2561,2365,-392,4730,3
17619,2261,2274,2267,-13,4535,3
17620,2155,2220,2187,-65,4375,3
17624,2168,2420,2294,-252,4588,3
17627,2189,2350,2269,-161,4539,3
17642,2102,2427,2264,-325,4529,3
17643,2002,2147,2074,-145,4149,3
17647,2201,2299,2250,-98,4500,3
17648,1803,2350,2076,-547,4153,3
17649,2111,2249,2180,-138,4360,3
17654,2208,2216,2212,-8,4424,3
17662,1854,2229,2041,-375,4083,3
17667,1799,2260,2029,-461,4059,3
17668,1852,2292,2072,-440,4144,3
17669,1928,2351,2139,-423,4279,3
17673,2261,2468,2364,-207,4729,3
17675,2259,2383,2321,-124,4642,3
17676,2119,2132,2125,-13,4251,3
17679,2218,2297,2257,-79,4515,3
17681,1923,2125,2024,-202,4048,3
17682,2210,2365,2287,-155,4575,3
17686,2071,2248,2159,-177,4319,3
17690,2146,2346,2246,-200,4492,3
17691,2132,2363,2247,-231,4495,3
17697,2025,2213,2119,-188,4238,3
17703,1985,2451,2218,-466,4436,3
17705,1717,2271,1994,-554,3988,3
17713,2248,2478,2363,-230,4726,3
17714,2153,2280,2216,-127,4433,3
17718,2145,2283,2214,-138,4428,3
17720,2036,2276,2156,-240,4312,3
17727,2140,2493,2316,-353,4633,3
17728,2088,2319,2203,-231,4407,3
17739,2079,2580,2329,-501,4659,3
17740,1923,2429,2176,-506,4352,3
17742,2060,2574,2317,-514,4634,3
17745,2081,2218,2149,-137,4299,3
17748,2088,2211,2149,-123,4299,3
17750,2216,2306,2261,-90,4522,3
17756,2307,2381,2344,-74,4688,3
17757,2113,2234,2173,-121,4347,3
17759,2169,2403,2286,-234,4572,3
17763,2161,2281,2221,-120,4442,3
17765,2114,2281,2197,-167,4395,3
17778,2256,2307,2281,-51,4563,3
17785,2159,2596,2377,-437,4755,3
17787,1863,2283,2073,-420,4146,3
17804,2011,2226,2118,-215,4237,3
17807,2214,2397,2305,-183,4611,3
17808,2071,2316,2193,-245,4387,3
17814,2103,2288,2195,-185,4391,3
17820,2195,2381,2288,-186,4576,3
17834,2195,2219,2207,-24,4414,3
17835,1984,2123,2053,-139,4107,3
17837,2184,2276,2230,-92,4460,3
17838,2125,2252,2188,-127,4377,3
17839,2182,2266,2224,-84,4448,3
17841,1954,2362,2158,-408,4316,3
17842,2104,2475,2289,-371,4579,3
17843,2092,2277,2184,-185,4369,3
17844,2086,2148,2117,-62,4234,3
17846,2279,2277,2278,2,4556,3
17854,1916,2239,2077,-323,4155,3
17857,2038,2290,2164,-252,4328,3
17861,2149,2268,2208,-119,4417,3
17862,2100,2217,2158,-117,4317,3
17865,2025,2326,2175,-301,4351,3
17872,2193,2409,2301,-216,4602,3
17882,2037,2216,2126,-179,4253,3
17889,2123,2298,2210,-175,4421,3
17892,2182,2328,2255,-146,4510,3
17893,1883,2349,2116,-466,4232,3
17902,1893,2530,2211,-637,4423,3
17905,2147,2522,2334,-375,4669,3
17910,2188,2393,2290,-205,4581,3
17921,1821,2181,2001,-360,4002,3
17924,2018,2293,2155,-275,4311,3
17928,2120,2349,2234,-229,4469,3
17933,2150,2361,2255,-211,4511,3
17938,2141,2220,2180,-79,4361,3
17941,2147,2279,2213,-132,4426,3
17945,2062,2238,2150,-176,4300,3
17946,2113,2403,2258,-290,4516,3
17970,1827,2598,2212,-771,4425,3
17973,2065,2291,2178,-226,4356,3
17983,2012,2170,2091,-158,4182,3
17986,1780,2246,2013,-466,4026,3
17987,1902,2290,2096,-388,4192,3
17989,2212,2559,2385,-347,4771,3
17991,2055,2288,2171,-233,4343,3
17994,2170,2500,2335,-330,4670,3
17996,1747,2266,2006,-519,4013,3
18001,2015,2415,2215,-400,4430,3
18007,1984,2275,2129,-291,4259,3
18016,2050,2110,2080,-60,4160,3
18017,1955,2119,2037,-164,4074,3
18023,1916,2157,2036,-241,4073,3
18028,2122,2310,2216,-188,4432,3
18032,2307,2359,2333,-52,4666,3
18033,2149,2282,2215,-133,4431,3
18034,1978,2121,2049,-143,4099,3
18039,2030,2175,2102,-145,4205,3
18042,2106,2377,2241,-271,4483,3
18044,2118,2487,2302,-369,4605,3
18052,2325,2330,2327,-5,4655,3
18059,2077,2167,2122,-90,4244,3
18065,2194,2580,2387,-386,4774,3
18069,2029,2442,2235,-413,4471,3
18081,1885,2345,2115,-460,4230,3
18084,1868,2246,2057,-378,4114,3
18085,1659,2276,1967,-617,3935,3
18089,2062,2157,2109,-95,4219,3
18090,2086,2366,2226,-280,4452,3
18092,2167,2263,2215,-96,4430,3
18094,2044,2420,2232,-376,4464,3
18096,2201,2413,2307,-212,4614,3
18097,2233,2398,2315,-165,4631,3
18098,2030,2375,2202,-345,4405,3
18102,2275,2337,2306,-62,4612,3
18105,2243,2450,2346,-207,4693,3
18106,2137,2147,2142,-10,4284,3
18109,2044,2254,2149,-210,4298,3
18111,2105,2351,2228,-246,4456,3
18114,1806,2262,2034,-456,4068,3
18116,2000,2189,2094,-189,4189,3
18117,1905,2303,2104,-398,4208,3
18122,2136,2376,2256,-240,4512,3
18129,2182,2254,2218,-72,4436,3
18136,2064,2205,2134,-141,4269,3
18138,2167,2319,2243,-152,4486,3
18139,1871,2282,2076,-411,4153,3
18141,1770,2249,2009,-479,4019,3
18143,2309,2299,2304,10,4608,3
18156,2074,2403,2238,-329,4477,3
18158,2045,2079,2062,-34,4124,3
18160,1914,2223,2068,-309,4137,3
18161,2213,2476,2344,-263,4689,3
18163,2248,2321,2284,-73,4569,3
18168,2286,2328,2307,-42,4614,3
18171,2292,2374,2333,-82,4666,3
18174,2056,2250,2153,-194,4306,3
18177,1882,2225,2053,-343,4107,3
18182,2287,2389,2338,-102,4676,3
18186,1992,2305,2148,-313,4297,3
18190,2085,2325,2205,-240,4410,3
18195,2057,2256,2156,-199,4313,3
18198,2000,2081,2040,-81,4081,3
18199,2142,2349,2245,-207,4491,3
18201,2021,2263,2142,-242,4284,3
18206,1879,2169,2024,-290,4048,3
18208,2063,2281,2172,-218,4344,3
18215,2045,2369,2207,-324,4414,3
18217,1809,2360,2084,-551,4169,3
18222,2190,2445,2317,-255,4635,3
18223,1892,2294,2093,-402,4186,3
18226,1921,2294,2107,-373,4215,3
18245,2298,2380,2339,-82,4678,3
18252,2039,2378,2208,-339,4417,3
18265,2203,2323,2263,-120,4526,3
18273,1950,2171,2060,-221,4121,3
18275,2080,2220,2150,-140,4300,3
18276,2217,2316,2266,-99,4533,3
18286,2216,2336,2276,-120,4552,3
18287,2103,2445,2274,-342,4548,3
18294,1808,2296,2052,-488,4104,3
18296,2196,2371,2283,-175,4567,3
18300,2280,2387,2333,-107,4667,3
18302,2069,2462,2265,-393,4531,3
18303,2234,2467,2350,-233,4701,3
18307,2142,2220,2181,-78,4362,3
18308,2167,2540,2353,-373,4707,3
18317,2086,2222,2154,-136,4308,3
18319,2165,2229,2197,-64,4394,3
18327,2063,2128,2095,-65,4191,3
18330,1889,2172,2030,-283,4061,3
18332,2086,2175,2130,-89,4261,3
18339,2162,2256,2209,-94,4418,3
18342,2188,2306,2247,-118,4494,3
18345,2097,2236,2166,-139,4333,3
18354,2084,2247,2165,-163,4331,3
18373,2085,2306,2195,-221,4391,3
18380,2097,2394,2245,-297,4491,3
18390,2173,2491,2332,-318,4664,3
18396,1964,2333,2148,-369,4297,3
18399,2057,2376,2216,-319,4433,3
18401,2079,2218,2148,-139,4297,3
18407,2130,2217,2173,-87,4347,3
18410,2104,2364,2234,-260,4468,3
18416,2149,2399,2274,-250,4548,3
18424,2201,2300,2250,-99,4501,3
18427,2128,2368,2248,-240,4496,3
18432,2249,2473,2361,-224,4722,3
18438,2187,2237,2212,-50,4424,3
18445,1971,2289,2130,-318,4260,3
18451,2040,2329,2184,-289,4369,3
18458,2167,2351,2259,-184,4518,3
18464,1900,2290,2095,-390,4190,3
18466,2277,2270,2273,7,4547,3
18470,2134,2337,2235,-203,4471,3
18472,2209,2245,2227,-36,4454,3
18473,2073,2355,2214,-282,4428,3
18483,1914,2168,2041,-254,4082,3
18487,2129,2166,2147,-37,4295,3
18489,2115,2287,2201,-172,4402,3
18494,2268,2371,2319,-103,4639,3
18496,2176,2277,2226,-101,4453,3
18501,1952,2260,2106,-308,4212,3
18503,1983,2130,2056,-147,4113,3
18506,2314,2313,2313,1,4627,3
18507,1880,2346,2113,-466,4226,3
18510,2135,2194,2164,-59,4329,3
18512,2169,2329,2249,-160,4498,3
18514,2122,2311,2216,-189,4433,3
18516,2311,2299,2305,12,4610,3
18530,2083,2261,2172,-178,4344,3
18535,2256,2403,2329,-147,4659,3
18538,2232,2242,2237,-10,4474,3
18539,2093,2247,2170,-154,4340,3
18540,1786,2332,2059,-546,4118,3
18544,2154,2257,2205,-103,4411,3
18547,2293,2352,2322,-59,4645,3
18548,2158,2414,2286,-256,4572,3
18556,2087,2205,2146,-118,4292,3
18558,1891,2175,2033,-284,4066,3
18567,2119,2173,2146,-54,4292,3
18569,2120,2211,2165,-91,4331,3
18575,1859,2319,2089,-460,4178,3
18579,2070,2303,2186,-233,4373,3
18587,2233,2397,2315,-164,4630,3
18590,2236,2388,2312,-152,4624,3
18591,2256,2469,2362,-213,4725,3
18595,2104,2505,2304,-401,4609,3
18597,2025,2468,2246,-443,4493,3
18600,2080,2252,2166,-172,4332,3
18609,2128,2323,2225,-195,4451,3
18610,2064,2529,2296,-465,4593,3
18616,2053,2474,2263,-421,4527,3
18625,2056,2088,2072,-32,4144,3
18626,2194,2246,2220,-52,4440,3
18633,2045,2369,2207,-324,4414,3
18646,2096,2270,2183,-174,4366,3
18648,1944,2152,2048,-208,4096,3
18649,2205,2282,2243,-77,4487,3
18652,2094,2470,2282,-376,4564,3
18657,2036,2256,2146,-220,4292,3
18658,2022,2101,2061,-79,4123,3
18660,2201,2220,2210,-19,4421,3
18661,1827,2424,2125,-597,4251,3
18662,1903,2260,2081,-357,4163,3
18666,2090,2429,2259,-339,4519,3
18670,2243,2463,2353,-220,4706,3
18689,2162,2380,2271,-218,4542,3
18694,2036,2251,2143,-215,4287,3
18696,2005,2128,2066,-123,4133,3
18700,1888,2555,2221,-667,4443,3
18701,2148,2195,2171,-47,4343,3
18702,1893,2368,2130,-475,4261,3
18704,2014,2318,2166,-304,4332,3
18705,1970,2211,2090,-241,4181,3
18708,2269,2302,2285,-33,4571,3
18714,2221,2475,2348,-254,4696,3
18715,2113,2181,2147,-68,4294,3
18716,2050,2084,2067,-34,4134,3
18717,1931,2140,2035,-209,4071,3
18723,1982,2096,2039,-114,4078,3
18728,2055,2158,2106,-103,4213,3
18731,2179,2323,2251,-144,4502,3
18732,2288,2384,2336,-96,4672,3
18735,2195,2485,2340,-290,4680,3
18736,2045,2179,2112,-134,4224,3
18743,2265,2462,2363,-197,4727,3
18746,2022,2097,2059,-75,4119,3
18755,2052,2399,2225,-347,4451,3
18759,2034,2129,2081,-95,4163,3
18760,1904,2148,2026,-244,4052,3
18764,2040,2238,2139,-198,4278,3
18774,2050,2124,2087,-74,4174,3
18786,2069,2185,2127,-116,4254,3
18790,2055,2381,2218,-326,4436,3
18795,2228,2355,2291,-127,4583,3
18796,2174,2274,2224,-100,4448,3
18806,2153,2294,2223,-141,4447,3
18811,2138,2174,2156,-36,4312,3
18823,2191,2397,2294,-206,4588,3
18824,2108,2184,2146,-76,4292,3
18826,2171,2340,2255,-169,4511,3
18830,2123,2372,2247,-249,4495,3
18834,2206,2427,2316,-221,4633,3
18836,1995,2226,2110,-231,4221,3
18844,2097,2308,2202,-211,4405,3
18848,2006,2129,2067,-123,4135,3
18850,2154,2215,2184,-61,4369,3
18851,2238,2460,2349,-222,4698,3
18853,2024,2505,2264,-481,4529,3
18858,2117,2232,2174,-115,4349,3
18864,1996,2182,2089,-186,4178,3
18867,2191,2562,2376,-371,4753,3
18872,2001,2236,2118,-235,4237,3
18874,2168,2289,2228,-121,4457,3
18876,2085,2203,2144,-118,4288,3
18881,2179,2402,2290,-223,4581,3
18889,1921,2431,2176,-510,4352,3
18902,2097,2481,2289,-384,4578,3
18903,2134,2165,2149,-31,4299,3
18908,2073,2326,2199,-253,4399,3
18923,2215,2403,2309,-188,4618,3
18924,2195,2418,2306,-223,4613,3
18927,2169,2348,2258,-179,4517,3
18935,1941,2161,2051,-220,4102,3
18936,2287,2337,2312,-50,4624,3
18938,2074,2157,2115,-83,4231,3
18947,2125,2270,2197,-145,4395,3
18950,2080,2309,2194,-229,4389,3
18957,2203,2241,2222,-38,4444,3
18958,2075,2377,2226,-302,4452,3
18961,2215,2501,2358,-286,4716,3
18962,2126,2285,2205,-159,4411,3
18964,2157,2256,2206,-99,4413,3
18966,2055,2520,2287,-465,4575,3
18973,2064,2198,2131,-134,4262,3
18975,2082,2220,2151,-138,4302,3
18983,2228,2325,2276,-97,4553,3
18984,2244,2422,2333,-178,4666,3
18994,2179,2282,2230,-103,4461,3
18995,2190,2377,2283,-187,4567,3
19001,2183,2322,2252,-139,4505,3
19002,2291,2386,2338,-95,4677,3
19009,2149,2512,2330,-363,4661,3
19011,1903,2172,2037,-269,4075,3
19014,2089,2147,2118,-58,4236,3
19018,2082,2192,2137,-110,4274,3
19024,2191,2324,2257,-133,4515,3
19028,2134,2302,2218,-168,4436,3
19044,2182,2301,2241,-119,4483,3
19048,2199,2426,2312,-227,4625,3
19049,2256,2460,2358,-204,4716,3
19050,2180,2393,2286,-213,4573,3
19053,2186,2604,2395,-418,4790,3
19059,2279,2374,2326,-95,4653,3
19063,2020,2527,2273,-507,4547,3
19073,2324,2346,2335,-22,4670,3
19079,1745,2282,2013,-537,4027,3
19080,2277,2375,2326,-98,4652,3
19087,1946,2263,2104,-317,4209,3
19089,2291,2285,2288,6,4576,3
19092,1983,2146,2064,-163,4129,3
19093,2086,2387,2236,-301,4473,3
19097,2240,2486,2363,-246,4726,3
19098,1995,2127,2061,-132,4122,3
19104,1784,2245,2014,-461,4029,3
19106,2163,2215,2189,-52,4378,3
19108,2236,2338,2287,-102,4574,3
19109,2191,2523,2357,-332,4714,3
19110,2291,2421,2356,-130,4712,3
19113,2291,2386,2338,-95,4677,3
19115,2072,2384,2228,-312,4456,3
19118,2181,2552,2366,-371,4733,3
19126,2220,2451,2335,-231,4671,3
19127,1960,2144,2052,-184,4104,3
19133,2238,2443,2340,-205,4681,3
19135,1890,2257,2073,-367,4147,3
19136,2098,2276,2187,-178,4374,3
19138,2206,2301,2253,-95,4507,3
19142,2239,2312,2275,-73,4551,3
19157,2027,2313,2170,-286,4340,3
19163,1983,2141,2062,-158,4124,3
19170,1922,2151,2036,-229,4073,3
19174,2083,2492,2287,-409,4575,3
19178,2258,2321,2289,-63,4579,3
19185,2010,2121,2065,-111,4131,3
19187,1891,2326,2108,-435,4217,3
19193,2023,2348,2185,-325,4371,3
19197,2147,2340,2243,-193,4487,3
19199,2271,2277,2274,-6,4548,3
19202,2152,2188,2170,-36,4340,3
19206,2123,2267,2195,-144,4390,3
19213,2168,2448,2308,-280,4616,3
19218,2267,2338,2302,-71,4605,3
19227,1994,2564,2279,-570,4558,3
19230,2264,2422,2343,-158,4686,3
19236,2137,2322,2229,-185,4459,3
19237,2108,2460,2284,-352,4568,3
19240,1962,2323,2142,-361,4285,3
19247,2005,2353,2179,-348,4358,3
19250,1858,2219,2038,-361,4077,3
19254,1970,2483,2226,-513,4453,3
19258,1764,2424,2094,-660,4188,3
19261,2227,2405,2316,-178,4632,3
19269,2243,2245,2244,-2,4488,3
19270,1961,2172,2066,-211,4133,3
19271,2074,2368,2221,-294,4442,3
19285,2227,2402,2314,-175,4629,3
19288,2177,2520,2348,-343,4697,3
19293,1954,2424,2189,-470,4378,3
19294,2181,2265,2223,-84,4446,3
19297,2252,2448,2350,-196,4700,3
19299,2043,2486,2264,-443,4529,3
19314,1857,2245,2051,-388,4102,3
19320,2066,2263,2164,-197,4329,3
19321,1738,2288,2013,-550,4026,3
19323,2230,2503,2366,-273,4733,3
19338,2069,2287,2178,-218,4356,3
19341,2005,2108,2056,-103,4113,3
19344,1996,2109,2052,-113,4105,3
19352,2178,2292,2235,-114,4470,3
19356,1880,2177,2028,-297,4057,3
19362,2252,2335,2293,-83,4587,3
19365,1975,2214,2094,-239,4189,3
19375,2238,2465,2351,-227,4703,3
19377,1945,2245,2095,-300,4190,3
19380,2231,2347,2289,-116,4578,3
19381,2227,2227,2227,0,4454,3
19391,1909,2211,2060,-302,4120,3
19392,2198,2369,2283,-171,4567,3
19393,1789,2213,2001,-424,4002,3
19395,1981,2298,2139,-317,4279,3
19409,1803,2215,2009,-412,4018,3
19410,2107,2388,2247,-281,4495,3
19415,2198,2521,2359,-323,4719,3
19423,2024,2269,2146,-245,4293,3
19438,2130,2327,2228,-197,4457,3
19439,2163,2520,2341,-357,4683,3
19446,1941,2215,2078,-274,4156,3
19448,2254,2387,2320,-133,4641,3
19455,2241,2312,2276,-71,4553,3
19458,2274,2352,2313,-78,4626,3
19460,2269,2439,2354,-170,4708,3
19472,2097,2442,2269,-345,4539,3
19473,2128,2335,2231,-207,4463,3
19479,2088,2426,2257,-338,4514,3
19485,2226,2489,2357,-263,4715,3
19500,1884,2228,2056,-344,4112,3
19509,2098,2222,2160,-124,4320,3
19516,2170,2364,2267,-194,4534,3
19517,2209,2435,2322,-226,4644,3
19520,2093,2257,2175,-164,4350,3
19523,2188,2384,2286,-196,4572,3
19524,1893,2457,2175,-564,4350,3
19525,2092,2186,2139,-94,4278,3
19533,2318,2304,2311,14,4622,3
19538,2022,2163,2092,-141,4185,3
19542,1998,2102,2050,-104,4100,3
19548,2103,2186,2144,-83,4289,3
19555,2093,2347,2220,-254,4440,3
19556,2103,2170,2136,-67,4273,3
19559,2065,2266,2165,-201,4331,3
19562,2248,2303,2275,-55,4551,3
19564,2190,2573,2381,-383,4763,3
19566,2000,2438,2219,-438,4438,3
19568,1839,2276,2057,-437,4115,3
19576,2072,2437,2254,-365,4509,3
19578,2037,2352,2194,-315,4389,3
19582,1949,2315,2132,-366,4264,3
19584,2274,2358,2316,-84,4632,3
19585,1928,2164,2046,-236,4092,3
19588,1971,2242,2106,-271,4213,3
19595,2159,2307,2233,-148,4466,3
19599,2157,2305,2231,-148,4462,3
19601,2101,2238,2169,-137,4339,3
19606,2054,2126,2090,-72,4180,3
19616,2222,2355,2288,-133,4577,3
19620,2297,2363,2330,-66,4660,3
19625,2243,2256,2249,-13,4499,3
19639,1828,2195,2011,-367,4023,3
19649,2191,2360,2275,-169,4551,3
19650,2237,2306,2271,-69,4543,3
19651,2201,2327,2264,-126,4528,3
19656,2297,2400,2348,-103,4697,3
19659,1979,2251,2115,-272,4230,3
19660,2074,2433,2253,-359,4507,3
19670,2025,2200,2112,-175,4225,3
19672,1959,2345,2152,-386,4304,3
19683,2198,2537,2367,-339,4735,3
19684,1928,2191,2059,-263,4119,3
19695,2077,2293,2185,-216,4370,3
19697,2003,2150,2076,-147,4153,3
19707,1934,2517,2225,-583,4451,3
19712,1978,2505,2241,-527,4483,3
19713,2248,2438,2343,-190,4686,3
19717,2154,2338,2246,-184,4492,3
19719,1989,2166,2077,-177,4155,3
19721,2210,2504,2357,-294,4714,3
19725,2276,2434,2355,-158,4710,3
19734,1916,2304,2110,-388,4220,3
19736,2003,2126,2064,-123,4129,3
19738,2083,2325,2204,-242,4408,3
19741,2083,2405,2244,-322,4488,3
19753,2272,2267,2269,5,4539,3
19760,2016,2261,2138,-245,4277,3
19761,2304,2292,2298,12,4596,3
19766,2020,2078,2049,-58,4098,3
19769,2028,2438,2233,-410,4466,3
19776,2155,2158,2156,-3,4313,3
19782,1909,2210,2059,-301,4119,3
19783,1999,2272,2135,-273,4271,3
19784,2238,2448,2343,-210,4686,3
19786,1961,2172,2066,-211,4133,3
19791,2176,2331,2253,-155,4507,3
19795,2128,2306,2217,-178,4434,3
19810,2203,2428,2315,-225,4631,3
19813,2246,2480,2363,-234,4726,3
19818,2282,2368,2325,-86,4650,3
19819,2011,2197,2104,-186,4208,3
19821,1642,2339,1990,-697,3981,3
19825,2184,2292,2238,-108,4476,3
19828,2117,2273,2195,-156,4390,3
19830,2051,2369,2210,-318,4420,3
19837,2240,2256,2248,-16,4496,3
19841,2201,2406,2303,-205,4607,3
19851,2251,2466,2358,-215,4717,3
19855,2136,2353,2244,-217,4489,3
19856,2157,2205,2181,-48,4362,3
19894,1878,2331,2104,-453,4209,3
19897,2221,2309,2265,-88,4530,3
19901,2282,2388,2335,-106,4670,3
19909,1986,2432,2209,-446,4418,3
19922,2277,2272,2274,5,4549,3
19923,2081,2257,2169,-176,4338,3
19924,2004,2160,2082,-156,4164,3
19927,2136,2455,2295,-319,4591,3
19929,1946,2401,2173,-455,4347,3
19930,2214,2507,2360,-293,4721,3
19931,2227,2330,2278,-103,4557,3
19935,2107,2134,2120,-27,4241,3
19942,1815,2460,2137,-645,4275,3
19943,2300,2392,2346,-92,4692,3
19944,2240,2389,2314,-149,4629,3
19946,2161,2423,2292,-262,4584,3
19951,2118,2336,2227,-218,4454,3
19958,2129,2498,2313,-369,4627,3
19964,2152,2385,2268,-233,4537,3
19974,2079,2099,2089,-20,4178,3
19980,2133,2481,2307,-348,4614,3
19981,2102,2237,2169,-135,4339,3
19982,1964,2203,2083,-239,4167,3
19984,2200,2482,2341,-282,4682,3
19990,2148,2371,2259,-223,4519,3
19993,2188,2312,2250,-124,4500,3
19996,1998,2291,2144,-293,4289,3
19999,2166,2296,2231,-130,4462,3
20005,2209,2212,2210,-3,4421,3
20006,2176,2264,2220,-88,4440,3
20007,2201,2293,2247,-92,4494,3
20008,2284,2421,2352,-137,4705,3
20011,2059,2354,2206,-295,4413,3
20012,2084,2332,2208,-248,4416,3
20014,2198,2214,2206,-16,4412,3
20018,2268,2278,2273,-10,4546,3
20019,2196,2322,2259,-126,4518,3
20023,2245,2415,2330,-170,4660,3
20029,1704,2364,2034,-660,4068,3
20031,2168,2564,2366,-396,4732,3
20036,2202,2347,2274,-145,4549,3
20045,2093,2287,2190,-194,4380,3
20055,1965,2298,2131,-333,4263,3
20059,2076,2252,2164,-176,4328,3
20063,2141,2249,2195,-108,4390,3
20071,2248,2438,2343,-190,4686,3
20073,2220,2299,2259,-79,4519,3
20076,1910,2161,2035,-251,4071,3
20080,2257,2250,2253,7,4507,3
20084,2282,2300,2291,-18,4582,3
20087,2104,2350,2227,-246,4454,3
20089,2066,2495,2280,-429,4561,3
20094,2035,2276,2155,-241,4311,3
20095,2169,2363,2266,-194,4532,3
20099,1985,2318,2151,-333,4303,3
20101,2258,2385,2321,-127,4643,3
20102,2213,2487,2350,-274,4700,3
20104,2218,2400,2309,-182,4618,3
20109,2002,2429,2215,-427,4431,3
20133,1984,2198,2091,-214,4182,3
20140,2101,2546,2323,-445,4647,3
20147,2002,2563,2282,-561,4565,3
20149,1968,2130,2049,-162,4098,3
20150,2007,2281,2144,-274,4288,3
20159,2125,2305,2215,-180,4430,3
20163,2166,2322,2244,-156,4488,3
20164,2230,2340,2285,-110,4570,3
20172,2286,2337,2311,-51,4623,3
20177,2256,2458,2357,-202,4714,3
20180,2262,2258,2260,4,4520,3
20185,2205,2374,2289,-169,4579,3
20187,2179,2417,2298,-238,4596,3
20188,2113,2225,2169,-112,4338,3
20191,2254,2459,2356,-205,4713,3
20192,2190,2304,2247,-114,4494,3
20200,2200,2363,2281,-163,4563,3
20201,2053,2260,2156,-207,4313,3
20204,2127,2238,2182,-111,4365,3
20205,2028,2091,2059,-63,4119,3
20215,2250,2342,2296,-92,4592,3
20216,2025,2195,2110,-170,4220,3
20220,2094,2446,2270,-352,4540,3
20221,2222,2249,2235,-27,4471,3
20232,2039,2132,2085,-93,4171,3
20233,1926,2463,2194,-537,4389,3
20234,2153,2287,2220,-134,4440,3
20235,2039,2435,2237,-396,4474,3
20236,2242,2307,2274,-65,4549,3
20241,2178,2366,2272,-188,4544,3
20254,2282,2380,2331,-98,4662,3
20258,2037,2391,2214,-354,4428,3
20262,2002,2433,2217,-431,4435,3
20270,2062,2396,2229,-334,4458,3
20271,2238,2400,2319,-162,4638,3
20273,2011,2181,2096,-170,4192,3
20282,2023,2423,2223,-400,4446,3
20283,2121,2342,2231,-221,4463,3
20284,1943,2123,2033,-180,4066,3
20285,1964,2171,2067,-207,4135,3
20286,2119,2166,2142,-47,4285,3
20294,2171,2328,2249,-157,4499,3
20295,2174,2206,2190,-32,4380,3
20297,2111,2412,2261,-301,4523,3
20298,2015,2231,2123,-216,4246,3
20300,2112,2129,2120,-17,4241,3
20315,2217,2401,2309,-184,4618,3
20320,2289,2395,2342,-106,4684,3
20323,2038,2241,2139,-203,4279,3
20326,2282,2285,2283,-3,4567,3
20328,2194,2269,2231,-75,4463,3
20329,1964,2174,2069,-210,4138,3
20333,2064,2318,2191,-254,4382,3
20335,2112,2326,2219,-214,4438,3
20338,2281,2375,2328,-94,4656,3
20340,2191,2465,2328,-274,4656,3
20343,2298,2390,2344,-92,4688,3
20345,2130,2186,2158,-56,4316,3
20361,2016,2087,2051,-71,4103,3
20365,2156,2206,2181,-50,4362,3
20368,2006,2519,2262,-513,4525,3
20369,2273,2396,2334,-123,4669,3
20376,1994,2228,2111,-234,4222,3
20386,2002,2365,2183,-363,4367,3
20387,2082,2206,2144,-124,4288,3
20388,2048,2265,2156,-217,4313,3
20390,2153,2402,2277,-249,4555,3
20391,2041,2269,2155,-228,4310,3
20398,2026,2314,2170,-288,4340,3
20402,1988,2291,2139,-303,4279,3
20407,2248,2435,2341,-187,4683,3
20409,2223,2233,2228,-10,4456,3
20413,2224,2378,2301,-154,4602,3
20415,2329,2334,2331,-5,4663,3
20419,2124,2180,2152,-56,4304,3
20423,2100,2305,2202,-205,4405,3
20429,1722,2460,2091,-738,4182,3
20433,2250,2275,2262,-25,4525,3
20434,2157,2369,2263,-212,4526,3
20435,2280,2373,2326,-93,4653,3
20436,2024,2275,2149,-251,4299,3
20438,1942,2509,2225,-567,4451,3
20440,2138,2182,2160,-44,4320,3
20444,1778,2360,2069,-582,4138,3
20450,2173,2292,2232,-119,4465,3
20457,2214,2368,2291,-154,4582,3
20466,1991,2275,2133,-284,4266,3
20477,1982,2185,2083,-203,4167,3
20483,2224,2466,2345,-242,4690,3
20489,2134,2539,2336,-405,4673,3
20490,2030,2280,2155,-250,4310,3
20494,2225,2351,2288,-126,4576,3
20505,2016,2103,2059,-87,4119,3
20509,2164,2398,2281,-234,4562,3
20510,2174,2371,2272,-197,4545,3
20514,2155,2558,2356,-403,4713,3
20515,2178,2347,2262,-169,4525,3
20518,2066,2226,2146,-160,4292,3
20521,1952,2190,2071,-238,4142,3
20525,1931,2210,2070,-279,4141,3
20531,2172,2251,2211,-79,4423,3
20532,2044,2298,2171,-254,4342,3
20534,2095,2220,2157,-125,4315,3
20535,2098,2414,2256,-316,4512,3
20536,2184,2363,2273,-179,4547,3
20537,2262,2438,2350,-176,4700,3
20538,2082,2251,2166,-169,4333,3
20541,2025,2370,2197,-345,4395,3
20549,2119,2304,2211,-185,4423,3
20555,1641,2439,2040,-798,4080,3
20558,2002,2167,2084,-165,4169,3
20560,2008,2285,2146,-277,4293,3
20562,1851,2363,2107,-512,4214,3
20563,2059,2171,2115,-112,4230,3
20564,2038,2399,2218,-361,4437,3
20569,2217,2507,2362,-290,4724,3
20571,2076,2291,2183,-215,4367,3
20574,2136,2177,2156,-41,4313,3
20576,1923,2133,2028,-210,4056,3
20578,2174,2194,2184,-20,4368,3
20582,1791,2251,2021,-460,4042,3
20583,2108,2301,2204,-193,4409,3
20584,2104,2197,2150,-93,4301,3
20587,2071,2582,2326,-511,4653,3
20595,2140,2374,2257,-234,4514,3
20597,2029,2351,2190,-322,4380,3
20598,1796,2446,2121,-650,4242,3
20601,2119,2533,2326,-414,4652,3
20602,1908,2148,2028,-240,4056,3
20604,2115,2277,2196,-162,4392,3
20608,1985,2213,2099,-228,4198,3
20609,2204,2315,2259,-111,4519,3
20613,2009,2552,2280,-543,4561,3
20614,2232,2406,2319,-174,4638,3
20615,2274,2382,2328,-108,4656,3
20616,2155,2370,2262,-215,4525,3
20617,1917,2308,2112,-391,4225,3
20624,2121,2559,2340,-438,4680,3
20627,2009,2257,2133,-248,4266,3
20628,1981,2325,2153,-344,4306,3
20631,2052,2150,2101,-98,4202,3
20635,2030,2115,2072,-85,4145,3
20638,1992,2210,2101,-218,4202,3
20641,2199,2405,2302,-206,4604,3
20662,1851,2245,2048,-394,4096,3
20674,2276,2369,2322,-93,4645,3
20675,2262,2434,2348,-172,4696,3
20679,1913,2291,2102,-378,4204,3
20680,2214,2492,2353,-278,4706,3
20683,2171,2419,2295,-248,4590,3
20684,1947,2448,2197,-501,4395,3
20687,2079,2380,2229,-301,4459,3
20688,2204,2442,2323,-238,4646,3
20693,2096,2337,2216,-241,4433,3
20695,1985,2264,2124,-279,4249,3
20701,2210,2338,2274,-128,4548,3
20703,2228,2539,2383,-311,4767,3
20704,2100,2381,2240,-281,4481,3
20710,2203,2295,2249,-92,4498,3
20711,1735,2447,2091,-712,4182,3
20713,2190,2271,2230,-81,4461,3
20715,2054,2268,2161,-214,4322,3
20723,2164,2279,2221,-115,4443,3
20728,2240,2427,2333,-187,4667,3
20734,2128,2217,2172,-89,4345,3
20737,2299,2400,2349,-101,4699,3
20744,2209,2368,2288,-159,4577,3
20748,2011,2203,2107,-192,4214,3
20750,2304,2380,2342,-76,4684,3
20759,2108,2328,2218,-220,4436,3
20762,2237,2449,2343,-212,4686,3
20763,2145,2207,2176,-62,4352,3
20764,2041,2167,2104,-126,4208,3
20770,2260,2354,2307,-94,4614,3
20777,2069,2118,2093,-49,4187,3
20781,2274,2455,2364,-181,4729,3
20782,2036,2180,2108,-144,4216,3
20789,2246,2393,2319,-147,4639,3
20794,2101,2242,2171,-141,4343,3
20796,2184,2250,2217,-66,4434,3
20797,2042,2290,2166,-248,4332,3
20799,1828,2453,2140,-625,4281,3
20803,2114,2342,2228,-228,4456,3
20806,2037,2167,2102,-130,4204,3
20811,1828,2354,2091,-526,4182,3
20814,2184,2450,2317,-266,4634,3
20816,1943,2238,2090,-295,4181,3
20817,2226,2259,2242,-33,4485,3
20826,2207,2406,2306,-199,4613,3
20831,2139,2246,2192,-107,4385,3
20832,1955,2213,2084,-258,4168,3
20834,2285,2363,2324,-78,4648,3
20842,2221,2451,2336,-230,4672,3
20843,2094,2257,2175,-163,4351,3
20844,2147,2280,2213,-133,4427,3
20850,2129,2403,2266,-274,4532,3
20855,2042,2156,2099,-114,4198,3
20861,2227,2279,2253,-52,4506,3
20866,2153,2421,2287,-268,4574,3
20874,2215,2382,2298,-167,4597,3
20877,2064,2368,2216,-304,4432,3
20878,1981,2279,2130,-298,4260,3
20882,2150,2211,2180,-61,4361,3
20888,2225,2428,2326,-203,4653,3
20889,2160,2368,2264,-208,4528,3
20890,2006,2315,2160,-309,4321,3
20893,2182,2307,2244,-125,4489,3
20895,2173,2275,2224,-102,4448,3
20902,2195,2610,2402,-415,4805,3
20903,2023,2172,2097,-149,4195,3
20906,2213,2246,2229,-33,4459,3
20910,2180,2449,2314,-269,4629,3
20912,2213,2303,2258,-90,4516,3
20919,2257,2252,2254,5,4509,3
20926,1944,2128,2036,-184,4072,3
20929,2044,2477,2260,-433,4521,3
20934,2139,2160,2149,-21,4299,3
20935,2050,2224,2137,-174,4274,3
20937,2158,2167,2162,-9,4325,3
20940,2146,2285,2215,-139,4431,3
20943,2097,2334,2215,-237,4431,3
20945,1947,2147,2047,-200,4094,3
20950,2171,2516,2343,-345,4687,3
20956,1976,2498,2237,-522,4474,3
20957,2157,2367,2262,-210,4524,3
20959,2044,2125,2084,-81,4169,3
20963,2218,2267,2242,-49,4485,3
20964,2211,2262,2236,-51,4473,3
20968,2137,2261,2199,-124,4398,3
20974,2045,2274,2159,-229,4319,3
20985,2248,2377,2312,-129,4625,3
20993,2271,2374,2322,-103,4645,3
20995,1982,2279,2130,-297,4261,3
20996,2022,2119,2070,-97,4141,3
20997,2272,2416,2344,-144,4688,3
20998,2111,2703,2407,-592,4814,3
21002,2195,2520,2357,-325,4715,3
21008,2239,2404,2321,-165,4643,3
21020,2135,2352,2243,-217,4487,3
21025,1942,2152,2047,-210,4094,3
21026,2288,2307,2297,-19,4595,3
21027,2112,2177,2144,-65,4289,3
21030,2267,2420,2343,-153,4687,3
21031,1914,2188,2051,-274,4102,3
21032,1843,2278,2060,-435,4121,3
21033,2268,2311,2289,-43,4579,3
21034,1883,2370,2126,-487,4253,3
21036,2185,2252,2218,-67,4437,3
21044,2239,2408,2323,-169,4647,3
21046,2165,2282,2223,-117,4447,3
21047,2052,2428,2240,-376,4480,3
21048,2220,2435,2327,-215,4655,3
21051,1994,2323,2158,-329,4317,3
21052,1774,2321,2047,-547,4095,3
21053,2243,2241,2242,2,4484,3
21057,2178,2380,2279,-202,4558,3
21063,2159,2338,2248,-179,4497,3
21064,2172,2389,2280,-217,4561,3
21067,2255,2461,2358,-206,4716,3
21082,2098,2229,2163,-131,4327,3
21083,2218,2375,2296,-157,4593,3
21086,2305,2387,2346,-82,4692,3
21090,2082,2165,2123,-83,4247,3
21092,2102,2332,2217,-230,4434,3
21097,2201,2242,2221,-41,4443,3
21100,2232,2300,2266,-68,4532,3
21103,2284,2406,2345,-122,4690,3
21104,2006,2174,2090,-168,4180,3
21105,2253,2285,2269,-32,4538,3
21108,2138,2182,2160,-44,4320,3
21116,1884,2342,2113,-458,4226,3
21122,1995,2313,2154,-318,4308,3
21123,2123,2344,2233,-221,4467,3
21124,2244,2391,2317,-147,4635,3
21134,2227,2545,2386,-318,4772,3
21135,1962,2242,2102,-280,4204,3
21136,2180,2442,2311,-262,4622,3
21149,2191,2390,2290,-199,4581,3
21152,2284,2379,2331,-95,4663,3
21157,2237,2347,2292,-110,4584,3
21159,2093,2257,2175,-164,4350,3
21161,2009,2331,2170,-322,4340,3
21167,2076,2163,2119,-87,4239,3
21171,2104,2130,2117,-26,4234,3
21173,2079,2510,2294,-431,4589,3
21175,1829,2442,2135,-613,4271,3
21183,2237,2270,2253,-33,4507,3
21184,2228,2367,2297,-139,4595,3
21186,2239,2428,2333,-189,4667,3
21189,2215,2415,2315,-200,4630,3
21193,2305,2390,2347,-85,4695,3
21198,2074,2284,2179,-210,4358,3
21202,2066,2247,2156,-181,4313,3
21220,2172,2495,2333,-323,4667,3
21226,2287,2354,2320,-67,4641,3
21227,2097,2638,2367,-541,4735,3
21231,2032,2226,2129,-194,4258,3
21236,2249,2270,2259,-21,4519,3
21237,2003,2443,2223,-440,4446,3
21240,1809,2269,2039,-460,4078,3
21243,2216,2275,2245,-59,4491,3
21252,2035,2225,2130,-190,4260,3
21253,2208,2390,2299,-182,4598,3
21258,2112,2686,2399,-574,4798,3
21261,1856,2243,2049,-387,4099,3
21262,2201,2345,2273,-144,4546,3
21268,2221,2219,2220,2,4440,3
21276,2229,2416,2322,-187,4645,3
21277,2120,2128,2124,-8,4248,3
21278,1970,2247,2108,-277,4217,3
21284,2162,2301,2231,-139,4463,3
21285,2081,2249,2165,-168,4330,3
21286,2192,2217,2204,-25,4409,3
21289,2296,2380,2338,-84,4676,3
21291,1931,2197,2064,-266,4128,3
21292,2151,2346,2248,-195,4497,3
21303,2253,2310,2281,-57,4563,3
21305,2118,2323,2220,-205,4441,3
21306,2133,2570,2351,-437,4703,3
21307,2179,2255,2217,-76,4434,3
21312,2116,2222,2169,-106,4338,3
21313,2021,2292,2156,-271,4313,3
21315,2156,2470,2313,-314,4626,3
21316,2148,2567,2357,-419,4715,3
21325,2053,2200,2126,-147,4253,3
21326,2311,2371,2341,-60,4682,3
21330,1996,2176,2086,-180,4172,3
21334,2051,2358,2204,-307,4409,3
21336,2183,2427,2305,-244,4610,3
21337,2054,2320,2187,-266,4374,3
21338,2173,2397,2285,-224,4570,3
21344,2046,2595,2320,-549,4641,3
21356,1977,2502,2239,-525,4479,3
21358,2282,2314,2298,-32,4596,3
21362,1890,2412,2151,-522,4302,3
21365,2200,2352,2276,-152,4552,3
21367,2054,2126,2090,-72,4180,3
21373,1996,2184,2090,-188,4180,3
21374,2125,2135,2130,-10,4260,3
21384,2139,2375,2257,-236,4514,3
21385,1850,2265,2057,-415,4115,3
21386,1884,2367,2125,-483,4251,3
21391,2072,2126,2099,-54,4198,3
21405,2112,2188,2150,-76,4300,3
21411,2251,2303,2277,-52,4554,3
21416,2028,2316,2172,-288,4344,3
21429,2195,2463,2329,-268,4658,3
21431,1799,2434,2116,-635,4233,3
21435,2273,2448,2360,-175,4721,3
21439,1941,2228,2084,-287,4169,3
21444,2086,2405,2245,-319,4491,3
21448,2088,2276,2182,-188,4364,3
21452,1950,2139,2044,-189,4089,3
21453,1947,2160,2053,-213,4107,3
21459,2136,2336,2236,-200,4472,3
21468,2150,2556,2353,-406,4706,3
21473,2073,2313,2193,-240,4386,3
21475,2249,2458,2353,-209,4707,3
21479,2135,2418,2276,-283,4553,3
21482,2051,2408,2229,-357,4459,3
21485,2174,2366,2270,-192,4540,3
21492,2160,2316,2238,-156,4476,3
21497,2145,2462,2303,-317,4607,3
21500,2053,2195,2124,-142,4248,3
21504,2296,2286,2291,10,4582,3
21513,2243,2263,2253,-20,4506,3
21514,2215,2441,2328,-226,4656,3
21527,2203,2463,2333,-260,4666,3
21528,1924,2126,2025,-202,4050,3
21533,2105,2296,2200,-191,4401,3
21536,2147,2339,2243,-192,4486,3
21537,2222,2496,2359,-274,4718,3
21543,2054,2421,2237,-367,4475,3
21544,1920,2427,2173,-507,4347,3
21550,2039,2144,2091,-105,4183,3
21557,2117,2241,2179,-124,4358,3
21558,2033,2213,2123,-180,4246,3
21570,2217,2462,2339,-245,4679,3
21571,2184,2277,2230,-93,4461,3
21575,2038,2329,2183,-291,4367,3
21576,2056,2095,2075,-39,4151,3
21578,2284,2411,2347,-127,4695,3
21579,2285,2306,2295,-21,4591,3
21581,2024,2376,2200,-352,4400,3
21582,2071,2328,2199,-257,4399,3
21587,2087,2221,2154,-134,4308,3
21589,2171,2338,2254,-167,4509,3
21591,2010,2091,2050,-81,4101,3
21593,2270,2356,2313,-86,4626,3
21595,2046,2273,2159,-227,4319,3
21599,2004,2380,2192,-376,4384,3
21600,1963,2375,2169,-412,4338,3
21601,2147,2643,2395,-496,4790,3
21609,2291,2285,2288,6,4576,3
21613,2001,2247,2124,-246,4248,3
21619,2046,2170,2108,-124,4216,3
21622,2121,2346,2233,-225,4467,3
21626,2143,2362,2252,-219,4505,3
21631,2241,2310,2275,-69,4551,3
21635,2139,2185,2162,-46,4324,3
21638,1994,2445,2219,-451,4439,3
21639,2234,2311,2272,-77,4545,3
21641,2030,2363,2196,-333,4393,3
21646,2072,2247,2159,-175,4319,3
21652,2141,2404,2272,-263,4545,3
21659,2205,2275,2240,-70,4480,3
21665,2274,2309,2291,-35,4583,3
21671,2198,2411,2304,-213,4609,3
21678,2053,2151,2102,-98,4204,3
21679,1864,2210,2037,-346,4074,3
21683,2278,2386,2332,-108,4664,3
21685,2064,2370,2217,-306,4434,3
21689,2130,2245,2187,-115,4375,3
21690,2188,2612,2400,-424,4800,3
21702,2263,2427,2345,-164,4690,3
21706,2104,2374,2239,-270,4478,3
21707,2280,2338,2309,-58,4618,3
21714,2147,2441,2294,-294,4588,3
21717,2168,2423,2295,-255,4591,3
21732,2081,2351,2216,-270,4432,3
21735,2245,2340,2292,-95,4585,3
21737,1904,2312,2108,-408,4216,3
21740,2089,2533,2311,-444,4622,3
21747,2189,2393,2291,-204,4582,3
21749,1978,2154,2066,-176,4132,3
21757,2103,2146,2124,-43,4249,3
21759,2005,2172,2088,-167,4177,3
21760,2031,2154,2092,-123,4185,3
21764,1965,2412,2188,-447,4377,3
21766,2256,2317,2286,-61,4573,3
21768,2198,2203,2200,-5,4401,3
21769,2225,2438,2331,-213,4663,3
21771,2091,2216,2153,-125,4307,3
21772,2218,2285,2251,-67,4503,3
21773,2152,2371,2261,-219,4523,3
21774,2036,2355,2195,-319,4391,3
21775,2103,2201,2152,-98,4304,3
21776,1995,2108,2051,-113,4103,3
21780,2170,2531,2350,-361,4701,3
21782,2153,2392,2272,-239,4545,3
21788,2133,2517,2325,-384,4650,3
21810,2023,2107,2065,-84,4130,3
21811,2090,2157,2123,-67,4247,3
21817,2193,2270,2231,-77,4463,3
21819,2084,2195,2139,-111,4279,3
21822,2227,2381,2304,-154,4608,3
21834,2000,2128,2064,-128,4128,3
21847,2292,2291,2291,1,4583,3
21850,2147,2267,2207,-120,4414,3
21858,2232,2433,2332,-201,4665,3
21860,2124,2188,2156,-64,4312,3
21866,2092,2416,2254,-324,4508,3
21868,2250,2307,2278,-57,4557,3
21872,1991,2323,2157,-332,4314,3
21873,2246,2508,2377,-262,4754,3
21874,2138,2574,2356,-436,4712,3
21875,2223,2478,2350,-255,4701,3
21881,2230,2479,2354,-249,4709,3
21890,2186,2347,2266,-161,4533,3
21892,1966,2313,2139,-347,4279,3
21894,2235,2503,2369,-268,4738,3
21900,2196,2462,2329,-266,4658,3
21903,2073,2188,2130,-115,4261,3
21904,2272,2410,2341,-138,4682,3
21910,2098,2248,2173,-150,4346,3
21918,2258,2411,2334,-153,4669,3
21920,2133,2622,2377,-489,4755,3
21921,2133,2475,2304,-342,4608,3
21924,2008,2244,2126,-236,4252,3
21925,2010,2204,2107,-194,4214,3
21926,2008,2103,2055,-95,4111,3
21928,2107,2504,2305,-397,4611,3
21930,2242,2402,2322,-160,4644,3
21931,2095,2344,2219,-249,4439,3
21934,2318,2310,2314,8,4628,3
21935,2164,2257,2210,-93,4421,3
21936,2108,2638,2373,-530,4746,3
21942,2130,2295,2212,-165,4425,3
21962,2239,2370,2304,-131,4609,3
21966,2098,2164,2131,-66,4262,3
21972,1965,2224,2094,-259,4189,3
21973,2284,2382,2333,-98,4666,3
21983,2095,2357,2226,-262,4452,3
21988,2234,2534,2384,-300,4768,3
21991,2003,2148,2075,-145,4151,3
21998,2102,2415,2258,-313,4517,3
22004,1749,2380,2064,-631,4129,3
22005,2277,2387,2332,-110,4664,3
22017,2204,2428,2316,-224,4632,3
22021,2242,2281,2261,-39,4523,3
22027,2206,2226,2216,-20,4432,3
22034,1934,2123,2028,-189,4057,3
22039,2036,2150,2093,-114,4186,3
22044,2137,2398,2267,-261,4535,3
22053,2271,2393,2332,-122,4664,3
22056,2115,2217,2166,-102,4332,3
22057,1933,2273,2103,-340,4206,3
22058,2162,2394,2278,-232,4556,3
22065,2223,2343,2283,-120,4566,3
22079,2267,2278,2272,-11,4545,3
22085,2084,2310,2197,-226,4394,3
22088,2146,2398,2272,-252,4544,3
22093,2195,2325,2260,-130,4520,3
22098,2259,2328,2293,-69,4587,3
22099,2188,2417,2302,-229,4605,3
22103,2251,2459,2355,-208,4710,3
22109,2167,2480,2323,-313,4647,3
22111,1920,2392,2156,-472,4312,3
22113,2307,2360,2333,-53,4667,3
22116,2241,2285,2263,-44,4526,3
22121,2006,2230,2118,-224,4236,3
22122,2246,2397,2321,-151,4643,3
22125,2216,2381,2298,-165,4597,3
22127,2165,2267,2216,-102,4432,3
22138,1921,2162,2041,-241,4083,3
22148,2039,2194,2116,-155,4233,3
22150,2203,2387,2295,-184,4590,3
22153,2150,2254,2202,-104,4404,3
22154,1830,2177,2003,-347,4007,3
22157,1934,2358,2146,-424,4292,3
22159,2167,2235,2201,-68,4402,3
22160,2257,2361,2309,-104,4618,3
22168,2104,2119,2111,-15,4223,3
22169,2186,2312,2249,-126,4498,3
22170,2220,2497,2358,-277,4717,3
22173,2205,2255,2230,-50,4460,3
22175,2198,2582,2390,-384,4780,3
22176,2046,2076,2061,-30,4122,3
22180,1958,2214,2086,-256,4172,3
22181,1982,2237,2109,-255,4219,3
22189,2198,2397,2297,-199,4595,3
22197,1911,2137,2024,-226,4048,3
22211,1977,2112,2044,-135,4089,3
22215,2114,2446,2280,-332,4560,3
22219,2058,2120,2089,-62,4178,3
22221,2102,2268,2185,-166,4370,3
22224,2178,2548,2363,-370,4726,3
22228,2002,2089,2045,-87,4091,3
22230,2168,2255,2211,-87,4423,3
22237,1994,2501,2247,-507,4495,3
22240,2196,2528,2362,-332,4724,3
22242,2031,2300,2165,-269,4331,3
22247,2266,2437,2351,-171,4703,3
22253,2206,2346,2276,-140,4552,3
22256,2164,2349,2256,-185,4513,3
22257,2252,2419,2335,-167,4671,3
22267,2204,2292,2248,-88,4496,3
22271,2074,2338,2206,-264,4412,3
22273,2064,2196,2130,-132,4260,3
22274,2124,2240,2182,-116,4364,3
22281,1956,2258,2107,-302,4214,3
22286,2106,2404,2255,-298,4510,3
22287,2268,2322,2295,-54,4590,3
22292,1983,2251,2117,-268,4234,3
22294,1959,2174,2066,-215,4133,3
22295,2150,2376,2263,-226,4526,3
22301,1949,2114,2031,-165,4063,3
22302,2052,2353,2202,-301,4405,3
22307,1874,2326,2100,-452,4200,3
22308,2216,2487,2351,-271,4703,3
22310,2280,2416,2348,-136,4696,3
22313,1974,2198,2086,-224,4172,3
22316,2002,2089,2045,-87,4091,3
22318,2055,2135,2095,-80,4190,3
22319,1994,2184,2089,-190,4178,3
22334,2023,2206,2114,-183,4229,3
22335,1855,2414,2134,-559,4269,3
22341,2126,2352,2239,-226,4478,3
22344,2129,2243,2186,-114,4372,3
22346,2130,2487,2308,-357,4617,3
22347,2006,2126,2066,-120,4132,3
22350,1893,2193,2043,-300,4086,3
22357,2095,2211,2153,-116,4306,3
22365,2162,2281,2221,-119,4443,3
22366,2140,2184,2162,-44,4324,3
22367,2258,2458,2358,-200,4716,3
22368,2177,2301,2239,-124,4478,3
22370,2163,2321,2242,-158,4484,3
22372,1965,2203,2084,-238,4168,3
22375,1713,2339,2026,-626,4052,3
22376,2151,2289,2220,-138,4440,3
22383,2291,2285,2288,6,4576,3
22384,2043,2427,2235,-384,4470,3
22385,2257,2258,2257,-1,4515,3
22388,2084,2527,2305,-443,4611,3
22389,2195,2346,2270,-151,4541,3
22392,2194,2388,2291,-194,4582,3
22394,2054,2115,2084,-61,4169,3
22401,2090,2197,2143,-107,4287,3
22402,2053,2381,2217,-328,4434,3
22410,2054,2327,2190,-273,4381,3
22411,2154,2448,2301,-294,4602,3
22426,2170,2511,2340,-341,4681,3
22428,2202,2424,2313,-222,4626,3
22433,2047,2256,2151,-209,4303,3
22434,2019,2253,2136,-234,4272,3
22436,2018,2176,2097,-158,4194,3
22443,2021,2153,2087,-132,4174,3
22449,2236,2417,2326,-181,4653,3
22455,1746,2311,2028,-565,4057,3
22473,2061,2096,2078,-35,4157,3
22475,2137,2504,2320,-367,4641,3
22476,1943,2305,2124,-362,4248,3
22484,2186,2334,2260,-148,4520,3
22486,2120,2589,2354,-469,4709,3
22487,2045,2354,2199,-309,4399,3
22492,2257,2464,2360,-207,4721,3
22494,1973,2236,2104,-263,4209,3
22496,2038,2378,2208,-340,4416,3
22499,1963,2202,2082,-239,4165,3
22503,2321,2330,2325,-9,4651,3
22507,2205,2433,2319,-228,4638,3
22525,2250,2354,2302,-104,4604,3
22549,2230,2349,2289,-119,4579,3
22551,2332,2336,2334,-4,4668,3
22559,2034,2387,2210,-353,4421,3
22562,2035,2352,2193,-317,4387,3
22563,1937,2215,2076,-278,4152,3
22564,2108,2331,2219,-223,4439,3
22565,1950,2250,2100,-300,4200,3
22570,2059,2272,2165,-213,4331,3
22572,2213,2286,2249,-73,4499,3
22573,1850,2320,2085,-470,4170,3
22578,2016,2243,2129,-227,4259,3
22579,2210,2304,2257,-94,4514,3
22581,1791,2233,2012,-442,4024,3
22588,2218,2335,2276,-117,4553,3
22591,2187,2559,2373,-372,4746,3
22601,2124,2231,2177,-107,4355,3
22607,2077,2288,2182,-211,4365,3
22609,2263,2434,2348,-171,4697,3
22610,2124,2160,2142,-36,4284,3
22615,1889,2249,2069,-360,4138,3
22617,1989,2134,2061,-145,4123,3
22618,2249,2482,2365,-233,4731,3
22620,2232,2338,2285,-106,4570,3
22621,1994,2172,2083,-178,4166,3
22625,2158,2345,2251,-187,4503,3
22626,1991,2320,2155,-329,4311,3
22627,1938,2150,2044,-212,4088,3
22630,2183,2190,2186,-7,4373,3
22631,2085,2219,2152,-134,4304,3
22638,2283,2395,2339,-112,4678,3
22646,2194,2527,2360,-333,4721,3
22651,2273,2272,2272,1,4545,3
22652,1680,2475,2077,-795,4155,3
22653,2027,2216,2121,-189,4243,3
22658,2150,2225,2187,-75,4375,3
22659,2061,2246,2153,-185,4307,3
22660,2252,2471,2361,-219,4723,3
22661,2165,2427,2296,-262,4592,3
22672,2169,2271,2220,-102,4440,3
22675,2072,2510,2291,-438,4582,3
22676,1999,2151,2075,-152,4150,3
22677,2006,2220,2113,-214,4226,3
22688,2155,2399,2277,-244,4554,3
22691,2244,2500,2372,-256,4744,3
22692,1994,2156,2075,-162,4150,3
22693,2086,2318,2202,-232,4404,3
22701,2212,2301,2256,-89,4513,3
22704,2106,2491,2298,-385,4597,3
22708,2134,2358,2246,-224,4492,3
22713,2066,2485,2275,-419,4551,3
22716,2114,2227,2170,-113,4341,3
22720,2074,2250,2162,-176,4324,3
22721,2166,2443,2304,-277,4609,3
22722,2210,2256,2233,-46,4466,3
22724,2160,2449,2304,-289,4609,3
22725,2131,2244,2187,-113,4375,3
22726,2277,2426,2351,-149,4703,3
22728,2059,2098,2078,-39,4157,3
22733,2087,2304,2195,-217,4391,3
22737,2198,2500,2349,-302,4698,3
22740,2152,2265,2208,-113,4417,3
22744,2025,2286,2155,-261,4311,3
22747,2230,2393,2311,-163,4623,3
22755,1987,2285,2136,-298,4272,3
22759,1999,2172,2085,-173,4171,3
22760,2110,2145,2127,-35,4255,3
22761,1985,2378,2181,-393,4363,3
22764,1894,2189,2041,-295,4083,3
22765,1723,2365,2044,-642,4088,3
22768,2190,2243,2216,-53,4433,3
22771,1932,2237,2084,-305,4169,3
22773,2252,2399,2325,-147,4651,3
22775,1707,2435,2071,-728,4142,3
22776,1879,2374,2126,-495,4253,3
22778,2026,2655,2340,-629,4681,3
22783,1896,2191,2043,-295,4087,3
22788,2038,2278,2158,-240,4316,3
22790,2077,2340,2208,-263,4417,3
22792,2271,2428,2349,-157,4699,3
22794,2282,2423,2352,-141,4705,3
22801,2216,2399,2307,-183,4615,3
22804,2231,2404,2317,-173,4635,3
22807,2033,2226,2129,-193,4259,3
22810,2043,2371,2207,-328,4414,3
22813,2000,2083,2041,-83,4083,3
22815,2165,2174,2169,-9,4339,3
22820,2116,2603,2359,-487,4719,3
22835,2044,2483,2263,-439,4527,3
22840,2113,2224,2168,-111,4337,3
22843,2127,2362,2244,-235,4489,3
22845,2293,2291,2292,2,4584,3
22846,2198,2334,2266,-136,4532,3
22847,2235,2268,2251,-33,4503,3
22851,2105,2119,2112,-14,4224,3
22853,1966,2227,2096,-261,4193,3
22855,2170,2457,2313,-287,4627,3
22860,1727,2484,2105,-757,4211,3
22874,2127,2232,2179,-105,4359,3
22879,2066,2412,2239,-346,4478,3
22881,2127,2410,2268,-283,4537,3
22891,2176,2269,2222,-93,4445,3
22894,1848,2317,2082,-469,4165,3
22896,2087,2293,2190,-206,4380,3
22898,1873,2399,2136,-526,4272,3
22903,2025,2217,2121,-192,4242,3
22904,2051,2100,2075,-49,4151,3
22906,1972,2407,2189,-435,4379,3
22907,2102,2503,2302,-401,4605,3
22909,2074,2303,2188,-229,4377,3
22920,1946,2260,2103,-314,4206,3
22921,2253,2426,2339,-173,4679,3
22923,2200,2226,2213,-26,4426,3
22924,2140,2283,2211,-143,4423,3
22925,2251,2260,2255,-9,4511,3
22926,2087,2309,2198,-222,4396,3
22927,2048,2250,2149,-202,4298,3
22928,2041,2133,2087,-92,4174,3
22930,2095,2267,2181,-172,4362,3
22941,2150,2404,2277,-254,4554,3
22946,2285,2332,2308,-47,4617,3
22950,2205,2211,2208,-6,4416,3
22953,2201,2428,2314,-227,4629,3
22956,2271,2287,2279,-16,4558,3
22960,2203,2226,2214,-23,4429,3
22962,2073,2301,2187,-228,4374,3
22963,1901,2149,2025,-248,4050,3
22966,1981,2289,2135,-308,4270,3
22968,2165,2247,2206,-82,4412,3
22969,1994,2373,2183,-379,4367,3
22970,1972,2235,2103,-263,4207,3
22976,2200,2287,2243,-87,4487,3
22979,2200,2252,2226,-52,4452,3
22984,2240,2465,2352,-225,4705,3
22991,2044,2319,2181,-275,4363,3
22993,1946,2278,2112,-332,4224,3
22997,2266,2316,2291,-50,4582,3
22999,2024,2112,2068,-88,4136,3
23004,1909,2503,2206,-594,4412,3
23006,2060,2111,2085,-51,4171,3
23009,1995,2200,2097,-205,4195,3
23011,2158,2359,2258,-201,4517,3
23015,2238,2422,2330,-184,4660,3
23018,2239,2295,2267,-56,4534,3
23019,2274,2278,2276,-4,4552,3
23025,2150,2246,2198,-96,4396,3
23038,2283,2303,2293,-20,4586,3
23039,2231,2320,2275,-89,4551,3
23045,2173,2303,2238,-130,4476,3
23048,2201,2320,2260,-119,4521,3
23052,2127,2524,2325,-397,4651,3
23055,2211,2306,2258,-95,4517,3
23062,1913,2214,2063,-301,4127,3
23065,2133,2261,2197,-128,4394,3
23078,2157,2492,2324,-335,4649,3
23079,2276,2385,2330,-109,4661,3
23083,2126,2229,2177,-103,4355,3
23092,2093,2349,2221,-256,4442,3
23093,2021,2174,2097,-153,4195,3
23094,2228,2419,2323,-191,4647,3
23098,2278,2442,2360,-164,4720,3
23099,2069,2197,2133,-128,4266,3
23100,2042,2210,2126,-168,4252,3
23101,2144,2250,2197,-106,4394,3
23104,2285,2434,2359,-149,4719,3
23107,1937,2137,2037,-200,4074,3
23111,1912,2192,2052,-280,4104,3
23122,1915,2420,2167,-505,4335,3
23124,2214,2547,2380,-333,4761,3
23125,2128,2290,2209,-162,4418,3
23127,2140,2422,2281,-282,4562,3
23135,1982,2100,2041,-118,4082,3
23141,2316,2343,2329,-27,4659,3
23144,2244,2263,2253,-19,4507,3
23146,1940,2123,2031,-183,4063,3
23148,2060,2271,2165,-211,4331,3
23159,2032,2244,2138,-212,4276,3
23164,2257,2407,2332,-150,4664,3
23166,2100,2154,2127,-54,4254,3
23167,2215,2384,2299,-169,4599,3
23169,2212,2429,2320,-217,4641,3
23175,1756,2234,1995,-478,3990,3
23178,2217,2417,2317,-200,4634,3
23179,1964,2433,2198,-469,4397,3
23185,1999,2215,2107,-216,4214,3
23189,2162,2447,2304,-285,4609,3
23192,2083,2269,2176,-186,4352,3
23203,2027,2194,2110,-167,4221,3
23205,1915,2172,2043,-257,4087,3
23209,2195,2386,2290,-191,4581,3
23211,2019,2347,2183,-328,4366,3
23213,2162,2551,2356,-389,4713,3
23214,2151,2330,2240,-179,4481,3
23216,1698,2273,1985,-575,3971,3
23217,2103,2291,2197,-188,4394,3
23219,2225,2336,2280,-111,4561,3
23230,1984,2103,2043,-119,4087,3
23231,2024,2174,2099,-150,4198,3
23239,1784,2468,2126,-684,4252,3
23244,2224,2409,2316,-185,4633,3
23245,2027,2152,2089,-125,4179,3
23251,2162,2378,2270,-216,4540,3
23270,1889,2298,2093,-409,4187,3
23271,1934,2450,2192,-516,4384,3
23278,2240,2253,2246,-13,4493,3
23280,2139,2262,2200,-123,4401,3
23287,2131,2137,2134,-6,4268,3
23290,2026,2090,2058,-64,4116,3
23294,2093,2265,2179,-172,4358,3
23296,2175,2524,2349,-349,4699,3
23300,2249,2272,2260,-23,4521,3
23303,2138,2493,2315,-355,4631,3
23305,2058,2229,2143,-171,4287,3
23308,2144,2369,2256,-225,4513,3
23309,1786,2403,2094,-617,4189,3
23310,1930,2340,2135,-410,4270,3
23314,1760,2336,2048,-576,4096,3
23318,2005,2191,2098,-186,4196,3
23323,2238,2392,2315,-154,4630,3
23325,2153,2345,2249,-192,4498,3
23326,2114,2357,2235,-243,4471,3
23328,2231,2410,2320,-179,4641,3
23336,2037,2137,2087,-100,4174,3
23342,2116,2231,2173,-115,4347,3
23344,1990,2198,2094,-208,4188,3
23345,2285,2433,2359,-148,4718,3
23346,2124,2315,2219,-191,4439,3
23352,2109,2290,2199,-181,4399,3
23356,2012,2120,2066,-108,4132,3
23359,2104,2181,2142,-77,4285,3
23364,1980,2319,2149,-339,4299,3
23380,2047,2227,2137,-180,4274,3
23382,2075,2475,2275,-400,4550,3
23385,2161,2314,2237,-153,4475,3
23392,2207,2238,2222,-31,4445,3
23396,1955,2307,2131,-352,4262,3
23412,2100,2142,2121,-42,4242,3
23414,2015,2333,2174,-318,4348,3
23415,2278,2430,2354,-152,4708,3
23426,2238,2236,2237,2,4474,3
23432,2106,2124,2115,-18,4230,3
23435,1996,2471,2233,-475,4467,3
23446,2198,2418,2308,-220,4616,3
23454,2225,2358,2291,-133,4583,3
23455,1835,2175,2005,-340,4010,3
23459,2250,2393,2321,-143,4643,3
23462,2055,2144,2099,-89,4199,3
23468,1943,2182,2062,-239,4125,3
23476,2255,2378,2316,-123,4633,3
23478,2131,2255,2193,-124,4386,3
23487,2094,2202,2148,-108,4296,3
23492,2183,2487,2335,-304,4670,3
23500,2084,2152,2118,-68,4236,3
23502,2041,2186,2113,-145,4227,3
23516,2289,2320,2304,-31,4609,3
23518,2179,2377,2278,-198,4556,3
23529,2189,2441,2315,-252,4630,3
23533,2011,2494,2252,-483,4505,3
23534,1922,2227,2074,-305,4149,3
23536,2259,2257,2258,2,4516,3
23537,2136,2452,2294,-316,4588,3
23538,2063,2282,2172,-219,4345,3
23540,2119,2518,2318,-399,4637,3
23553,2261,2367,2314,-106,4628,3
23554,2041,2499,2270,-458,4540,3
23558,2213,2299,2256,-86,4512,3
23560,2278,2378,2328,-100,4656,3
23563,2048,2218,2133,-170,4266,3
23564,1949,2169,2059,-220,4118,3
23569,2005,2298,2151,-293,4303,3
23572,2304,2371,2337,-67,4675,3
23573,2165,2204,2184,-39,4369,3
23580,2088,2175,2131,-87,4263,3
23584,2088,2362,2225,-274,4450,3
23587,2277,2306,2291,-29,4583,3
23589,2044,2142,2093,-98,4186,3
23595,2203,2553,2378,-350,4756,3
23597,2110,2438,2274,-328,4548,3
23604,1989,2630,2309,-641,4619,3
23606,2249,2341,2295,-92,4590,3
23608,2296,2296,2296,0,4592,3
23612,2167,2469,2318,-302,4636,3
23620,2146,2436,2291,-290,4582,3
23625,2157,2462,2309,-305,4619,3
23627,2090,2286,2188,-196,4376,3
23629,2211,2277,2244,-66,4488,3
23630,2012,2100,2056,-88,4112,3
23648,2024,2598,2311,-574,4622,3
23664,2192,2416,2304,-224,4608,3
23665,1842,2456,2149,-614,4298,3
23674,2016,2263,2139,-247,4279,3
23675,1991,2185,2088,-194,4176,3
23676,2101,2188,2144,-87,4289,3
23679,2147,2153,2150,-6,4300,3
23690,2067,2492,2279,-425,4559,3
23695,2189,2590,2389,-401,4779,3
23707,1925,2185,2055,-260,4110,3
23708,2068,2487,2277,-419,4555,3
23709,2211,2242,2226,-31,4453,3
23711,2165,2419,2292,-254,4584,3
23718,1965,2656,2310,-691,4621,3
23722,2207,2413,2310,-206,4620,3
23730,2181,2407,2294,-226,4588,3
23738,1785,2429,2107,-644,4214,3
23742,2305,2369,2337,-64,4674,3
23746,1974,2152,2063,-178,4126,3
23747,2227,2468,2347,-241,4695,3
23749,1961,2159,2060,-198,4120,3
23750,2205,2287,2246,-82,4492,3
23756,2091,2240,2165,-149,4331,3
23761,2125,2426,2275,-301,4551,3
23763,1988,2385,2186,-397,4373,3
23764,2239,2383,2311,-144,4622,3
23767,2273,2398,2335,-125,4671,3
23769,1864,2287,2075,-423,4151,3
23772,1886,2263,2074,-377,4149,3
23776,1895,2346,2120,-451,4241,3
23791,2115,2406,2260,-291,4521,3
23792,2020,2267,2143,-247,4287,3
23801,1949,2276,2112,-327,4225,3
23802,2020,2089,2054,-69,4109,3
23811,2055,2268,2161,-213,4323,3
23821,2242,2475,2358,-233,4717,3
23824,2007,2491,2249,-484,4498,3
23827,2099,2283,2191,-184,4382,3
23830,1885,2205,2045,-320,4090,3
23833,2043,2218,2130,-175,4261,3
23837,2172,2525,2348,-353,4697,3
23842,2176,2351,2263,-175,4527,3
23843,2039,2392,2215,-353,4431,3
23851,2323,2329,2326,-6,4652,3
23852,2013,2122,2067,-109,4135,3
23854,2130,2199,2164,-69,4329,3
23856,2041,2238,2139,-197,4279,3
23858,2148,2360,2254,-212,4508,3
23859,2040,2199,2119,-159,4239,3
23861,2227,2247,2237,-20,4474,3
23870,2090,2467,2278,-377,4557,3
23880,2297,2337,2317,-40,4634,3
23886,2209,2228,2218,-19,4437,3
23891,2157,2481,2319,-324,4638,3
23895,2077,2242,2159,-165,4319,3
23899,2029,2372,2200,-343,4401,3
23903,2112,2348,2230,-236,4460,3
23908,1969,2298,2133,-329,4267,3
23913,1898,2256,2077,-358,4154,3
23917,2141,2423,2282,-282,4564,3
23918,1927,2141,2034,-214,4068,3
23923,2259,2361,2310,-102,4620,3
23925,1842,2263,2052,-421,4105,3
23928,2095,2336,2215,-241,4431,3
23931,2188,2249,2218,-61,4437,3
23941,2227,2456,2341,-229,4683,3
23944,2232,2252,2242,-20,4484,3
23947,2045,2365,2205,-320,4410,3
23955,2028,2301,2164,-273,4329,3
23956,2207,2267,2237,-60,4474,3
23961,2100,2356,2228,-256,4456,3
23966,2238,2397,2317,-159,4635,3
23968,2108,2521,2314,-413,4629,3
23979,2087,2263,2175,-176,4350,3
23980,2238,2379,2308,-141,4617,3
23983,2132,2266,2199,-134,4398,3
23986,2066,2388,2227,-322,4454,3
24004,2286,2284,2285,2,4570,3
24011,2241,2335,2288,-94,4576,3
24012,2049,2100,2074,-51,4149,3
24017,2108,2147,2127,-39,4255,3
24019,1932,2398,2165,-466,4330,3
24023,2143,2261,2202,-118,4404,3
24026,2156,2313,2234,-157,4469,3
24031,2111,2557,2334,-446,4668,3
24033,2192,2461,2326,-269,4653,3
24037,2164,2503,2333,-339,4667,3
24038,1935,2472,2203,-537,4407,3
24047,2179,2356,2267,-177,4535,3
24052,2207,2221,2214,-14,4428,3
24054,2037,2211,2124,-174,4248,3
24055,2213,2530,2371,-317,4743,3
24056,1877,2381,2129,-504,4258,3
24058,1916,2261,2088,-345,4177,3
24061,2113,2314,2213,-201,4427,3
24066,2143,2362,2252,-219,4505,3
24071,2002,2318,2160,-316,4320,3
24077,1916,2219,2067,-303,4135,3
24079,2121,2402,2261,-281,4523,3
24083,1748,2562,2155,-814,4310,3
24097,1838,2474,2156,-636,4312,3
24101,1939,2205,2072,-266,4144,3
24103,1764,2271,2017,-507,4035,3
24110,2243,2280,2261,-37,4523,3
24114,2265,2434,2349,-169,4699,3
24117,2159,2271,2215,-112,4430,3
24118,2035,2225,2130,-190,4260,3
24122,2070,2295,2182,-225,4365,3
24127,2213,2455,2334,-242,4668,3
24130,2209,2403,2306,-194,4612,3
24131,1937,2169,2053,-232,4106,3
24136,1969,2208,2088,-239,4177,3
24147,2262,2349,2305,-87,4611,3
24150,2161,2310,2235,-149,4471,3
24159,1882,2148,2015,-266,4030,3
24160,2053,2069,2061,-16,4122,3
24163,2225,2406,2315,-181,4631,3
24165,2069,2113,2091,-44,4182,3
24172,1967,2254,2110,-287,4221,3
24175,1899,2390,2144,-491,4289,3
24178,2185,2494,2339,-309,4679,3
24180,1995,2548,2271,-553,4543,3
24184,2282,2339,2310,-57,4621,3
24187,2112,2322,2217,-210,4434,3
24188,2039,2103,2071,-64,4142,3
24194,2267,2359,2313,-92,4626,3
24196,2252,2365,2308,-113,4617,3
24199,2086,2151,2118,-65,4237,3
24203,2091,2223,2157,-132,4314,3
24207,2167,2321,2244,-154,4488,3
24214,2211,2374,2292,-163,4585,3
24215,2073,2134,2103,-61,4207,3
24216,2126,2488,2307,-362,4614,3
24217,2243,2504,2373,-261,4747,3
24219,1952,2223,2087,-271,4175,3
24221,2230,2336,2283,-106,4566,3
24224,2179,2335,2257,-156,4514,3
24226,2317,2337,2327,-20,4654,3
24234,2090,2147,2118,-57,4237,3
24239,1632,2301,1966,-669,3933,3
24241,2249,2376,2312,-127,4625,3
24242,2214,2254,2234,-40,4468,3
24248,2308,2348,2328,-40,4656,3
