WhiteElo,BlackElo,MeanElos,DiffElos,SumElos,Class
2354,2411,2382,-57,4765,master
1915,1999,1957,-84,3914,novice
2446,2191,2318,255,4637,master
2168,2075,2121,93,4243,average
2306,2093,2199,213,4399,average
1877,1851,1864,26,3728,novice
1860,2464,2162,-604,4324,average
1979,2263,2121,-284,4242,average
2522,2285,2403,237,4807,master
2224,2008,2116,216,4232,average
2369,2394,2381,-25,4763,master
1992,2119,2055,-127,4111,novice
2376,2591,2483,-215,4967,master
1870,2086,1978,-216,3956,novice
2024,2517,2270,-493,4541,average
2101,2330,2215,-229,4431,average
2281,2524,2402,-243,4805,master
2124,2392,2258,-268,4516,average
2246,2426,2336,-180,4672,master
2613,2742,2677,-129,5355,grandmaster
2269,2106,2187,163,4375,average
2700,2753,2726,-53,5453,grandmaster
2360,1924,2142,436,4284,average
2271,2211,2241,60,4482,average
2353,2327,2340,26,4680,master
2359,2064,2211,295,4423,average
2056,2265,2160,-209,4321,average
2103,1870,1986,233,3973,novice
2380,2192,2286,188,4572,average
2051,2185,2118,-134,4236,average
2443,2407,2425,36,4850,master
2172,1880,2026,292,4052,novice
2119,2199,2159,-80,4318,average
2583,2461,2522,122,5044,grandmaster
2171,2040,2105,131,4211,average
2183,1931,2057,252,4114,novice
1890,2498,2194,-608,4388,average
2220,2122,2171,98,4342,average
2668,2390,2529,278,5058,grandmaster
2467,2109,2288,358,4576,average
2371,1822,2096,549,4193,novice
2432,2120,2276,312,4552,average
1935,2210,2072,-275,4145,novice
2523,1960,2241,563,4483,average
2391,2170,2280,221,4561,average
2706,2739,2722,-33,5445,grandmaster
2392,2295,2343,97,4687,master
2072,2251,2161,-179,4323,average
2451,2655,2553,-204,5106,grandmaster
2409,1936,2172,473,4345,average
2275,2422,2348,-147,4697,master
2319,2107,2213,212,4426,average
2556,2693,2624,-137,5249,grandmaster
2512,2571,2541,-59,5083,grandmaster
2253,2046,2149,207,4299,average
2554,2607,2580,-53,5161,grandmaster
2030,2232,2131,-202,4262,average
2316,2242,2279,74,4558,average
2160,2047,2103,113,4207,average
2017,1958,1987,59,3975,novice
2119,2363,2241,-244,4482,average
1956,1945,1950,11,3901,novice
2154,2307,2230,-153,4461,average
1922,2363,2142,-441,4285,average
2585,2546,2565,39,5131,grandmaster
2160,2275,2217,-115,4435,average
2359,2353,2356,6,4712,master
2260,2204,2232,56,4464,average
1778,1959,1868,-181,3737,novice
2205,2310,2257,-105,4515,average
2194,2024,2109,170,4218,average
2264,1692,1978,572,3956,novice
2257,2101,2179,156,4358,average
2045,2387,2216,-342,4432,average
2026,2447,2236,-421,4473,average
1972,2356,2164,-384,4328,average
2517,2053,2285,464,4570,average
2531,2017,2274,514,4548,average
2540,2662,2601,-122,5202,grandmaster
2328,2318,2323,10,4646,master
2044,2181,2112,-137,4225,average
2187,2029,2108,158,4216,average
2061,2145,2103,-84,4206,average
2255,2159,2207,96,4414,average
2030,2183,2106,-153,4213,average
2174,2261,2217,-87,4435,average
2368,2125,2246,243,4493,average
2368,1811,2089,557,4179,novice
2223,1912,2067,311,4135,novice
2515,2007,2261,508,4522,average
2037,1582,1809,455,3619,novice
2437,2387,2412,50,4824,master
2064,2174,2119,-110,4238,average
2302,2042,2172,260,4344,average
2552,2511,2531,41,5063,grandmaster
2484,2349,2416,135,4833,master
2651,2477,2564,174,5128,grandmaster
1745,2011,1878,-266,3756,novice
2309,2608,2458,-299,4917,master
2348,1881,2114,467,4229,average
2525,2138,2331,387,4663,master
2577,2466,2521,111,5043,grandmaster
2528,2190,2359,338,4718,master
2556,2302,2429,254,4858,master
2066,1763,1914,303,3829,novice
1921,2308,2114,-387,4229,average
2136,2243,2189,-107,4379,average
2009,2293,2151,-284,4302,average
2166,2416,2291,-250,4582,average
2312,2067,2189,245,4379,average
2210,1971,2090,239,4181,novice
2209,2338,2273,-129,4547,average
2015,2507,2261,-492,4522,average
2224,2356,2290,-132,4580,average
1959,2095,2027,-136,4054,novice
2249,2011,2130,238,4260,average
2350,2521,2435,-171,4871,master
2184,2473,2328,-289,4657,master
2488,2531,2509,-43,5019,grandmaster
2095,2193,2144,-98,4288,average
2006,1835,1920,171,3841,novice
2375,2249,2312,126,4624,master
2255,2235,2245,20,4490,average
2173,2400,2286,-227,4573,average
1767,2455,2111,-688,4222,average
2453,2510,2481,-57,4963,master
2240,2223,2231,17,4463,average
1982,2324,2153,-342,4306,average
2370,2601,2485,-231,4971,master
2312,2596,2454,-284,4908,master
1553,1694,1623,-141,3247,novice
1880,2032,1956,-152,3912,novice
2429,2049,2239,380,4478,average
1895,2347,2121,-452,4242,average
2395,2060,2227,335,4455,average
1896,2077,1986,-181,3973,novice
1747,2262,2004,-515,4009,novice
2349,2597,2473,-248,4946,master
2001,1818,1909,183,3819,novice
2039,2248,2143,-209,4287,average
2153,2294,2223,-141,4447,average
2430,2126,2278,304,4556,average
2167,1922,2044,245,4089,novice
2070,2156,2113,-86,4226,average
1712,2011,1861,-299,3723,novice
2272,2153,2212,119,4425,average
2050,2084,2067,-34,4134,novice
2130,1890,2010,240,4020,novice
2607,2269,2438,338,4876,master
2132,2264,2198,-132,4396,average
1669,2023,1846,-354,3692,novice
2053,2340,2196,-287,4393,average
2257,2308,2282,-51,4565,average
2254,2646,2450,-392,4900,master
2344,2407,2375,-63,4751,master
2035,2145,2090,-110,4180,novice
2114,2113,2113,1,4227,average
2195,2094,2144,101,4289,average
2506,2238,2372,268,4744,master
2496,2458,2477,38,4954,master
2578,2491,2534,87,5069,grandmaster
2503,2610,2556,-107,5113,grandmaster
2269,2023,2146,246,4292,average
2393,2171,2282,222,4564,average
2098,2135,2116,-37,4233,average
1914,2054,1984,-140,3968,novice
2418,2180,2299,238,4598,average
2441,1967,2204,474,4408,average
2567,2283,2425,284,4850,master
2117,1664,1890,453,3781,novice
2277,2273,2275,4,4550,average
2026,1787,1906,239,3813,novice
2246,2261,2253,-15,4507,average
2497,2312,2404,185,4809,master
2369,2207,2288,162,4576,average
2411,2673,2542,-262,5084,grandmaster
2693,2529,2611,164,5222,grandmaster
2241,2031,2136,210,4272,average
2246,2325,2285,-79,4571,average
2350,2414,2382,-64,4764,master
2251,2212,2231,39,4463,average
1716,1845,1780,-129,3561,novice
2302,2014,2158,288,4316,average
1647,1753,1700,-106,3400,novice
1933,1797,1865,136,3730,novice
1781,2034,1907,-253,3815,novice
2068,2208,2138,-140,4276,average
2483,2321,2402,162,4804,master
2366,2569,2467,-203,4935,master
1901,2201,2051,-300,4102,novice
1976,2273,2124,-297,4249,average
2405,2274,2339,131,4679,master
1598,2319,1958,-721,3917,novice
2100,2224,2162,-124,4324,average
2411,2432,2421,-21,4843,master
2595,2653,2624,-58,5248,grandmaster
2251,2059,2155,192,4310,average
2375,2139,2257,236,4514,average
2110,2288,2199,-178,4398,average
2380,2199,2289,181,4579,average
2378,2177,2277,201,4555,average
2605,2575,2590,30,5180,grandmaster
2344,2101,2222,243,4445,average
2154,2108,2131,46,4262,average
2575,2498,2536,77,5073,grandmaster
2295,2307,2301,-12,4602,master
2239,2094,2166,145,4333,average
2580,2463,2521,117,5043,grandmaster
2261,2527,2394,-266,4788,master
1987,2321,2154,-334,4308,average
1806,1546,1676,260,3352,novice
2069,1934,2001,135,4003,novice
1676,2046,1861,-370,3722,novice
1973,2248,2110,-275,4221,average
1852,2083,1967,-231,3935,novice
2136,2051,2093,85,4187,novice
2281,2377,2329,-96,4658,master
2566,2501,2533,65,5067,grandmaster
1909,1824,1866,85,3733,novice
2442,2437,2439,5,4879,master
2384,2350,2367,34,4734,master
1508,1844,1676,-336,3352,novice
2308,2131,2219,177,4439,average
2388,2529,2458,-141,4917,master
1714,1949,1831,-235,3663,novice
2532,2234,2383,298,4766,master
2157,2050,2103,107,4207,average
2460,2139,2299,321,4599,average
1849,2223,2036,-374,4072,novice
2051,2380,2215,-329,4431,average
2437,2533,2485,-96,4970,master
2404,2444,2424,-40,4848,master
2275,2098,2186,177,4373,average
2111,2301,2206,-190,4412,average
2029,1471,1750,558,3500,novice
1972,1921,1946,51,3893,novice
1944,2152,2048,-208,4096,novice
2330,2206,2268,124,4536,average
2296,2496,2396,-200,4792,master
2352,2474,2413,-122,4826,master
2194,2068,2131,126,4262,average
2333,2138,2235,195,4471,average
2009,2437,2223,-428,4446,average
2291,2423,2357,-132,4714,master
2457,2226,2341,231,4683,master
2107,2006,2056,101,4113,novice
2515,2414,2464,101,4929,master
2517,2379,2448,138,4896,master
2199,2395,2297,-196,4594,average
2327,2637,2482,-310,4964,master
2058,1767,1912,291,3825,novice
2012,2313,2162,-301,4325,average
2286,2314,2300,-28,4600,average
2560,2682,2621,-122,5242,grandmaster
2635,2611,2623,24,5246,grandmaster
2036,2425,2230,-389,4461,average
2156,1610,1883,546,3766,novice
1588,1987,1787,-399,3575,novice
2604,2399,2501,205,5003,grandmaster
2607,2452,2529,155,5059,grandmaster
2440,2325,2382,115,4765,master
2409,2537,2473,-128,4946,master
2291,2605,2448,-314,4896,master
2005,2057,2031,-52,4062,novice
2159,2329,2244,-170,4488,average
2193,2421,2307,-228,4614,master
2247,2412,2329,-165,4659,master
1989,1848,1918,141,3837,novice
2270,2031,2150,239,4301,average
2056,2240,2148,-184,4296,average
2208,2328,2268,-120,4536,average
2309,2290,2299,19,4599,average
2354,2640,2497,-286,4994,master
2083,2449,2266,-366,4532,average
2375,2204,2289,171,4579,average
2343,2014,2178,329,4357,average
2010,2523,2266,-513,4533,average
2298,1890,2094,408,4188,novice
2210,2078,2144,132,4288,average
2086,2359,2222,-273,4445,average
1768,2145,1956,-377,3913,novice
2552,2116,2334,436,4668,master
2290,2357,2323,-67,4647,master
2049,2285,2167,-236,4334,average
2524,2496,2510,28,5020,grandmaster
1927,1658,1792,269,3585,novice
2253,2137,2195,116,4390,average
2347,2107,2227,240,4454,average
2277,2286,2281,-9,4563,average
2581,2698,2639,-117,5279,grandmaster
2238,1958,2098,280,4196,novice
2001,2530,2265,-529,4531,average
2331,2677,2504,-346,5008,grandmaster
2381,2295,2338,86,4676,master
2090,1729,1909,361,3819,novice
1945,1940,1942,5,3885,novice
2227,2306,2266,-79,4533,average
2484,2284,2384,200,4768,master
1967,1794,1880,173,3761,novice
2342,2328,2335,14,4670,master
2150,2115,2132,35,4265,average
2442,2278,2360,164,4720,master
2075,1905,1990,170,3980,novice
2094,2423,2258,-329,4517,average
1999,2258,2128,-259,4257,average
2506,2457,2481,49,4963,master
2242,2137,2189,105,4379,average
2262,2046,2154,216,4308,average
1620,1990,1805,-370,3610,novice
1999,2254,2126,-255,4253,average
2116,2225,2170,-109,4341,average
1941,1778,1859,163,3719,novice
2374,2253,2313,121,4627,master
2008,2223,2115,-215,4231,average
2250,2209,2229,41,4459,average
2095,2368,2231,-273,4463,average
2090,2188,2139,-98,4278,average
1907,2196,2051,-289,4103,novice
2529,2654,2591,-125,5183,grandmaster
1696,2054,1875,-358,3750,novice
2331,2486,2408,-155,4817,master
2558,2655,2606,-97,5213,grandmaster
2187,2062,2124,125,4249,average
2653,2546,2599,107,5199,grandmaster
1988,2059,2023,-71,4047,novice
2167,2360,2263,-193,4527,average
2159,2418,2288,-259,4577,average
2481,1945,2213,536,4426,average
2392,2642,2517,-250,5034,grandmaster
2050,2235,2142,-185,4285,average
2439,2235,2337,204,4674,master
2344,2324,2334,20,4668,master
2234,2181,2207,53,4415,average
2111,2342,2226,-231,4453,average
2509,2458,2483,51,4967,master
2479,2639,2559,-160,5118,grandmaster
2185,2415,2300,-230,4600,average
2529,2362,2445,167,4891,master
2413,2112,2262,301,4525,average
2282,2272,2277,10,4554,average
2396,2549,2472,-153,4945,master
1987,2148,2067,-161,4135,novice
2009,2253,2131,-244,4262,average
2406,2252,2329,154,4658,master
2235,2297,2266,-62,4532,average
2303,2124,2213,179,4427,average
2466,2498,2482,-32,4964,master
2132,2006,2069,126,4138,novice
2105,2103,2104,2,4208,average
2310,2088,2199,222,4398,average
2558,2696,2627,-138,5254,grandmaster
2682,2641,2661,41,5323,grandmaster
2503,2070,2286,433,4573,average
2556,2042,2299,514,4598,average
2081,2529,2305,-448,4610,master
2184,1998,2091,186,4182,novice
2568,2679,2623,-111,5247,grandmaster
2431,2313,2372,118,4744,master
1961,2175,2068,-214,4136,novice
2209,2381,2295,-172,4590,average
2157,2396,2276,-239,4553,average
2094,2292,2193,-198,4386,average
1985,2222,2103,-237,4207,average
2225,2184,2204,41,4409,average
2199,2293,2246,-94,4492,average
2470,2663,2566,-193,5133,grandmaster
2286,2274,2280,12,4560,average
2203,2094,2148,109,4297,average
2017,2222,2119,-205,4239,average
2547,1813,2180,734,4360,average
2553,2340,2446,213,4893,master
2245,2274,2259,-29,4519,average
2522,2625,2573,-103,5147,grandmaster
2082,2343,2212,-261,4425,average
1837,1643,1740,194,3480,novice
2545,2191,2368,354,4736,master
2188,2636,2412,-448,4824,master
2000,1946,1973,54,3946,novice
2004,2104,2054,-100,4108,novice
2330,2157,2243,173,4487,average
2102,2379,2240,-277,4481,average
2451,2148,2299,303,4599,average
2211,1999,2105,212,4210,average
2345,2133,2239,212,4478,average
2204,2069,2136,135,4273,average
2541,2218,2379,323,4759,master
2593,2560,2576,33,5153,grandmaster
2445,2149,2297,296,4594,average
1999,1827,1913,172,3826,novice
1219,1803,1511,-584,3022,novice
2320,2416,2368,-96,4736,master
2206,2451,2328,-245,4657,master
2107,2238,2172,-131,4345,average
1996,2473,2234,-477,4469,average
1837,2266,2051,-429,4103,novice
2126,2158,2142,-32,4284,average
2093,2161,2127,-68,4254,average
2558,2529,2543,29,5087,grandmaster
2480,2363,2421,117,4843,master
2417,2322,2369,95,4739,master
2062,2364,2213,-302,4426,average
2255,2254,2254,1,4509,average
2318,2317,2317,1,4635,master
2220,1993,2106,227,4213,average
2402,2664,2533,-262,5066,grandmaster
2205,1738,1971,467,3943,novice
2440,2267,2353,173,4707,master
2648,2502,2575,146,5150,grandmaster
2443,2226,2334,217,4669,master
2225,2282,2253,-57,4507,average
2284,2364,2324,-80,4648,master
2102,2107,2104,-5,4209,average
2482,2076,2279,406,4558,average
2331,2011,2171,320,4342,average
2118,2022,2070,96,4140,novice
2488,2245,2366,243,4733,master
2613,2132,2372,481,4745,master
2813,2648,2730,165,5461,grandmaster
2384,2389,2386,-5,4773,master
2552,2440,2496,112,4992,master
2280,2300,2290,-20,4580,average
2191,2161,2176,30,4352,average
2232,2316,2274,-84,4548,average
2219,2193,2206,26,4412,average
2108,2237,2172,-129,4345,average
2426,2303,2364,123,4729,master
2027,2488,2257,-461,4515,average
2179,2413,2296,-234,4592,average
1993,2512,2252,-519,4505,average
2586,2476,2531,110,5062,grandmaster
1682,1604,1643,78,3286,novice
1801,2326,2063,-525,4127,novice
2558,2375,2466,183,4933,master
2281,2100,2190,181,4381,average
2266,2047,2156,219,4313,average
2256,2212,2234,44,4468,average
1917,2097,2007,-180,4014,novice
2500,2289,2394,211,4789,master
2125,2331,2228,-206,4456,average
1852,2216,2034,-364,4068,novice
1879,2204,2041,-325,4083,novice
2130,2480,2305,-350,4610,master
2682,2249,2465,433,4931,master
2494,2470,2482,24,4964,master
2159,2104,2131,55,4263,average
2234,2308,2271,-74,4542,average
2256,2012,2134,244,4268,average
2651,2358,2504,293,5009,grandmaster
2559,2430,2494,129,4989,master
2201,1909,2055,292,4110,novice
2090,2228,2159,-138,4318,average
2367,2365,2366,2,4732,master
2518,2503,2510,15,5021,grandmaster
2282,1915,2098,367,4197,novice
2236,2086,2161,150,4322,average
2386,2480,2433,-94,4866,master
2270,2203,2236,67,4473,average
2479,2586,2532,-107,5065,grandmaster
2239,1820,2029,419,4059,novice
1929,2341,2135,-412,4270,average
2583,2460,2521,123,5043,grandmaster
2181,2403,2292,-222,4584,average
1995,2417,2206,-422,4412,average
2067,2203,2135,-136,4270,average
2313,2584,2448,-271,4897,master
2403,2253,2328,150,4656,master
2159,2308,2233,-149,4467,average
2446,2487,2466,-41,4933,master
2135,2089,2112,46,4224,average
2257,2045,2151,212,4302,average
2105,2114,2109,-9,4219,average
2547,2567,2557,-20,5114,grandmaster
2473,2330,2401,143,4803,master
2054,1997,2025,57,4051,novice
2011,2230,2120,-219,4241,average
1590,1658,1624,-68,3248,novice
2062,2318,2190,-256,4380,average
2114,2337,2225,-223,4451,average
2314,2369,2341,-55,4683,master
2675,2753,2714,-78,5428,grandmaster
2205,2391,2298,-186,4596,average
2075,2218,2146,-143,4293,average
2086,2243,2164,-157,4329,average
2228,2308,2268,-80,4536,average
2331,2215,2273,116,4546,average
2081,1702,1891,379,3783,novice
2000,2331,2165,-331,4331,average
2335,2435,2385,-100,4770,master
2109,2204,2156,-95,4313,average
2178,2362,2270,-184,4540,average
2422,2583,2502,-161,5005,grandmaster
2414,2299,2356,115,4713,master
1876,2428,2152,-552,4304,average
2262,2200,2231,62,4462,average
2283,2004,2143,279,4287,average
2554,2381,2467,173,4935,master
2228,2151,2189,77,4379,average
2439,2607,2523,-168,5046,grandmaster
2731,2703,2717,28,5434,grandmaster
2470,2558,2514,-88,5028,grandmaster
2332,2311,2321,21,4643,master
2106,2391,2248,-285,4497,average
1659,2428,2043,-769,4087,novice
1795,1939,1867,-144,3734,novice
2108,1959,2033,149,4067,novice
1903,2291,2097,-388,4194,novice
1976,1749,1862,227,3725,novice
1985,2268,2126,-283,4253,average
2158,2100,2129,58,4258,average
2042,2395,2218,-353,4437,average
2327,1824,2075,503,4151,novice
2071,2629,2350,-558,4700,master
2603,2548,2575,55,5151,grandmaster
1808,2045,1926,-237,3853,novice
2208,2632,2420,-424,4840,master
2296,2291,2293,5,4587,average
2393,2069,2231,324,4462,average
1822,2025,1923,-203,3847,novice
1952,2189,2070,-237,4141,novice
2259,2417,2338,-158,4676,master
2770,2769,2769,1,5539,grandmaster
2129,2465,2297,-336,4594,average
2103,2337,2220,-234,4440,average
2099,1982,2040,117,4081,novice
2080,2213,2146,-133,4293,average
2041,2471,2256,-430,4512,average
2280,2093,2186,187,4373,average
1992,2103,2047,-111,4095,novice
2110,2337,2223,-227,4447,average
2283,2288,2285,-5,4571,average
2190,2179,2184,11,4369,average
2258,2031,2144,227,4289,average
2026,2354,2190,-328,4380,average
2264,2042,2153,222,4306,average
2128,2423,2275,-295,4551,average
2430,2214,2322,216,4644,master
2056,2147,2101,-91,4203,average
2263,2150,2206,113,4413,average
2652,2412,2532,240,5064,grandmaster
2271,2119,2195,152,4390,average
2203,2130,2166,73,4333,average
2144,1938,2041,206,4082,novice
2462,2106,2284,356,4568,average
1907,2209,2058,-302,4116,novice
1952,2279,2115,-327,4231,average
2565,2517,2541,48,5082,grandmaster
2161,2482,2321,-321,4643,master
2281,2309,2295,-28,4590,average
1927,2177,2052,-250,4104,novice
1887,1621,1754,266,3508,novice
1998,2004,2001,-6,4002,novice
2023,2255,2139,-232,4278,average
2047,2326,2186,-279,4373,average
2081,2339,2210,-258,4420,average
2389,1870,2129,519,4259,average
2401,1808,2104,593,4209,average
2290,2233,2261,57,4523,average
2698,2572,2635,126,5270,grandmaster
2135,2002,2068,133,4137,novice
1786,2136,1961,-350,3922,novice
2429,2197,2313,232,4626,master
2324,2199,2261,125,4523,average
2226,2427,2326,-201,4653,master
2133,2217,2175,-84,4350,average
2097,2137,2117,-40,4234,average
2313,2501,2407,-188,4814,master
2335,1930,2132,405,4265,average
2034,2235,2134,-201,4269,average
2268,2274,2271,-6,4542,average
2468,2180,2324,288,4648,master
2175,2014,2094,161,4189,novice
2214,2378,2296,-164,4592,average
2204,1761,1982,443,3965,novice
1891,1671,1781,220,3562,novice
1899,2069,1984,-170,3968,novice
2030,2224,2127,-194,4254,average
2285,2246,2265,39,4531,average
2042,2213,2127,-171,4255,average
2227,2322,2274,-95,4549,average
2655,2331,2493,324,4986,master
2000,2294,2147,-294,4294,average
2211,2218,2214,-7,4429,average
2313,2217,2265,96,4530,average
2081,2272,2176,-191,4353,average
2180,2419,2299,-239,4599,average
2170,2083,2126,87,4253,average
2437,2292,2364,145,4729,master
2307,1909,2108,398,4216,average
2282,1977,2129,305,4259,average
2362,2039,2200,323,4401,average
2443,2636,2539,-193,5079,grandmaster
2381,2103,2242,278,4484,average
2263,2011,2137,252,4274,average
2349,2154,2251,195,4503,average
2391,2187,2289,204,4578,average
2205,2320,2262,-115,4525,average
2597,2374,2485,223,4971,master
2389,2017,2203,372,4406,average
1570,1851,1710,-281,3421,novice
1982,2330,2156,-348,4312,average
2344,1988,2166,356,4332,average
1791,1938,1864,-147,3729,novice
2443,2416,2429,27,4859,master
1835,1945,1890,-110,3780,novice
2253,2137,2195,116,4390,average
2397,2190,2293,207,4587,average
2222,2099,2160,123,4321,average
2089,2323,2206,-234,4412,average
2037,2047,2042,-10,4084,novice
2024,2082,2053,-58,4106,novice
2276,2065,2170,211,4341,average
2367,2332,2349,35,4699,master
2061,2081,2071,-20,4142,novice
1940,2162,2051,-222,4102,novice
1976,1719,1847,257,3695,novice
1813,2000,1906,-187,3813,novice
2059,1808,1933,251,3867,novice
2177,2166,2171,11,4343,average
2422,2125,2273,297,4547,average
2162,2365,2263,-203,4527,average
2288,2248,2268,40,4536,average
2253,2120,2186,133,4373,average
2420,2128,2274,292,4548,average
2119,2107,2113,12,4226,average
2168,2310,2239,-142,4478,average
1855,2090,1972,-235,3945,novice
2228,2316,2272,-88,4544,average
1941,1957,1949,-16,3898,novice
2101,1950,2025,151,4051,novice
2372,2204,2288,168,4576,average
2501,2069,2285,432,4570,average
2397,2294,2345,103,4691,master
2132,2090,2111,42,4222,average
2446,2154,2300,292,4600,average
2439,1952,2195,487,4391,average
2530,2649,2589,-119,5179,grandmaster
2053,2453,2253,-400,4506,average
2611,2535,2573,76,5146,grandmaster
2244,2078,2161,166,4322,average
2420,2589,2504,-169,5009,grandmaster
2054,2367,2210,-313,4421,average
1842,1584,1713,258,3426,novice
2350,2020,2185,330,4370,average
2522,2615,2568,-93,5137,grandmaster
2092,2211,2151,-119,4303,average
2289,2373,2331,-84,4662,master
2481,2216,2348,265,4697,master
2015,2191,2103,-176,4206,average
2187,2290,2238,-103,4477,average
2632,2547,2589,85,5179,grandmaster
2375,2231,2303,144,4606,master
2149,2165,2157,-16,4314,average
2096,2321,2208,-225,4417,average
2560,2431,2495,129,4991,master
2246,2036,2141,210,4282,average
2412,2100,2256,312,4512,average
1936,1404,1670,532,3340,novice
2251,2485,2368,-234,4736,master
2183,2469,2326,-286,4652,master
2244,2063,2153,181,4307,average
2111,2243,2177,-132,4354,average
2274,2332,2303,-58,4606,master
2222,2425,2323,-203,4647,master
2345,2139,2242,206,4484,average
2109,2274,2191,-165,4383,average
2436,2224,2330,212,4660,master
2171,2186,2178,-15,4357,average
2002,2262,2132,-260,4264,average
1981,2073,2027,-92,4054,novice
2156,2380,2268,-224,4536,average
2089,2346,2217,-257,4435,average
2107,2001,2054,106,4108,novice
2803,2774,2788,29,5577,grandmaster
2337,2176,2256,161,4513,average
1817,2121,1969,-304,3938,novice
2782,2683,2732,99,5465,grandmaster
2707,2338,2522,369,5045,grandmaster
1928,2002,1965,-74,3930,novice
1768,2078,1923,-310,3846,novice
1959,2426,2192,-467,4385,average
2087,1954,2020,133,4041,novice
2266,2101,2183,165,4367,average
2351,2074,2212,277,4425,average
1805,2025,1915,-220,3830,novice
1925,2422,2173,-497,4347,average
2192,2367,2279,-175,4559,average
2384,2573,2478,-189,4957,master
2186,2125,2155,61,4311,average
2555,2449,2502,106,5004,grandmaster
2200,2321,2260,-121,4521,average
2116,2356,2236,-240,4472,average
1888,1611,1749,277,3499,novice
2025,2228,2126,-203,4253,average
2722,2331,2526,391,5053,grandmaster
2657,2680,2668,-23,5337,grandmaster
2472,2521,2496,-49,4993,master
1769,2620,2194,-851,4389,average
2251,2086,2168,165,4337,average
2219,2163,2191,56,4382,average
2354,2556,2455,-202,4910,master
2336,2205,2270,131,4541,average
2034,1852,1943,182,3886,novice
1848,1573,1710,275,3421,novice
2215,2227,2221,-12,4442,average
2255,2087,2171,168,4342,average
2240,2179,2209,61,4419,average
2249,2420,2334,-171,4669,master
2438,2255,2346,183,4693,master
2150,2051,2100,99,4201,novice
2185,2092,2138,93,4277,average
2179,2600,2389,-421,4779,master
2600,2498,2549,102,5098,grandmaster
1857,2273,2065,-416,4130,novice
2080,2285,2182,-205,4365,average
1701,1846,1773,-145,3547,novice
2290,2088,2189,202,4378,average
1939,2218,2078,-279,4157,novice
2111,1903,2007,208,4014,novice
2036,2261,2148,-225,4297,average
2358,2048,2203,310,4406,average
1920,1687,1803,233,3607,novice
2159,2236,2197,-77,4395,average
2219,2471,2345,-252,4690,master
2006,2356,2181,-350,4362,average
2044,2348,2196,-304,4392,average
2278,2279,2278,-1,4557,average
2018,1918,1968,100,3936,novice
2255,2203,2229,52,4458,average
1878,2520,2199,-642,4398,average
2021,2273,2147,-252,4294,average
2410,2394,2402,16,4804,master
1633,1921,1777,-288,3554,novice
2008,2098,2053,-90,4106,novice
2481,2085,2283,396,4566,average
2458,2485,2471,-27,4943,master
2341,2565,2453,-224,4906,master
2298,2023,2160,275,4321,average
2335,1957,2146,378,4292,average
2406,2667,2536,-261,5073,grandmaster
2723,2510,2616,213,5233,grandmaster
2361,2147,2254,214,4508,average
2482,2253,2367,229,4735,master
2120,2209,2164,-89,4329,average
2267,2327,2297,-60,4594,average
2431,2303,2367,128,4734,master
2223,2234,2228,-11,4457,average
2288,2600,2444,-312,4888,master
2066,2264,2165,-198,4330,average
2459,2170,2314,289,4629,master
1975,2244,2109,-269,4219,average
2273,2528,2400,-255,4801,master
2051,2273,2162,-222,4324,average
2159,2078,2118,81,4237,average
2461,2575,2518,-114,5036,grandmaster
2635,2527,2581,108,5162,grandmaster
2394,2296,2345,98,4690,master
2462,1995,2228,467,4457,average
1744,2081,1912,-337,3825,novice
2556,2348,2452,208,4904,master
2076,2199,2137,-123,4275,average
2607,2579,2593,28,5186,grandmaster
2172,1986,2079,186,4158,novice
2548,2641,2594,-93,5189,grandmaster
1626,2368,1997,-742,3994,novice
2593,2588,2590,5,5181,grandmaster
1990,2349,2169,-359,4339,average
1741,2071,1906,-330,3812,novice
2087,2470,2278,-383,4557,average
2616,2366,2491,250,4982,master
2397,2495,2446,-98,4892,master
2132,2599,2365,-467,4731,master
2319,2404,2361,-85,4723,master
2231,2310,2270,-79,4541,average
2329,2101,2215,228,4430,average
2169,2271,2220,-102,4440,average
2094,2284,2189,-190,4378,average
2233,2121,2177,112,4354,average
2036,2245,2140,-209,4281,average
2262,2120,2191,142,4382,average
2124,1746,1935,378,3870,novice
2117,2450,2283,-333,4567,average
2630,2546,2588,84,5176,grandmaster
2533,2123,2328,410,4656,master
2298,2544,2421,-246,4842,master
2058,2232,2145,-174,4290,average
2532,2309,2420,223,4841,master
2374,2567,2470,-193,4941,master
2221,2047,2134,174,4268,average
1870,2186,2028,-316,4056,novice
2503,2398,2450,105,4901,master
2584,2428,2506,156,5012,grandmaster
1899,2283,2091,-384,4182,novice
2330,2069,2199,261,4399,average
1646,1763,1704,-117,3409,novice
2568,2453,2510,115,5021,grandmaster
2220,2231,2225,-11,4451,average
2414,2164,2289,250,4578,average
2505,2031,2268,474,4536,average
2403,2353,2378,50,4756,master
2200,2373,2286,-173,4573,average
2399,1985,2192,414,4384,average
2243,2161,2202,82,4404,average
2166,2251,2208,-85,4417,average
2174,2297,2235,-123,4471,average
2202,2000,2101,202,4202,average
2086,1926,2006,160,4012,novice
2508,2739,2623,-231,5247,grandmaster
1638,1771,1704,-133,3409,novice
2399,2257,2328,142,4656,master
2285,2367,2326,-82,4652,master
2341,2086,2213,255,4427,average
2338,2549,2443,-211,4887,master
2102,2385,2243,-283,4487,average
1922,1927,1924,-5,3849,novice
2669,2624,2646,45,5293,grandmaster
1867,2566,2216,-699,4433,average
2272,2135,2203,137,4407,average
2241,2281,2261,-40,4522,average
2394,2125,2259,269,4519,average
2258,2255,2256,3,4513,average
1924,2140,2032,-216,4064,novice
1779,2123,1951,-344,3902,novice
2629,2038,2333,591,4667,master
2502,1927,2214,575,4429,average
2287,2481,2384,-194,4768,master
1723,1583,1653,140,3306,novice
2221,2379,2300,-158,4600,average
2156,2581,2368,-425,4737,master
2148,2496,2322,-348,4644,master
1938,2173,2055,-235,4111,novice
2165,2432,2298,-267,4597,average
2126,2158,2142,-32,4284,average
2173,2373,2273,-200,4546,average
2467,2542,2504,-75,5009,grandmaster
2349,2481,2415,-132,4830,master
2354,2198,2276,156,4552,average
2015,2211,2113,-196,4226,average
2583,2881,2732,-298,5464,grandmaster
1883,2090,1986,-207,3973,novice
2349,2210,2279,139,4559,average
2437,2077,2257,360,4514,average
2312,2543,2427,-231,4855,master
2371,2167,2269,204,4538,average
2655,2473,2564,182,5128,grandmaster
2119,1831,1975,288,3950,novice
2445,2630,2537,-185,5075,grandmaster
2323,2278,2300,45,4601,average
2144,2289,2216,-145,4433,average
2230,2336,2283,-106,4566,average
2327,2672,2499,-345,4999,master
2346,2030,2188,316,4376,average
2002,2341,2171,-339,4343,average
2403,2310,2356,93,4713,master
2135,2361,2248,-226,4496,average
1929,2330,2129,-401,4259,average
2473,2373,2423,100,4846,master
2190,2054,2122,136,4244,average
1998,2147,2072,-149,4145,novice
1780,2210,1995,-430,3990,novice
2558,2227,2392,331,4785,master
2251,1951,2101,300,4202,average
2263,2373,2318,-110,4636,master
2167,1910,2038,257,4077,novice
2256,2451,2353,-195,4707,master
2379,2331,2355,48,4710,master
1847,1596,1721,251,3443,novice
1929,2149,2039,-220,4078,novice
2202,2225,2213,-23,4427,average
2155,2277,2216,-122,4432,average
1973,2208,2090,-235,4181,novice
1949,1771,1860,178,3720,novice
2564,2576,2570,-12,5140,grandmaster
2356,2313,2334,43,4669,master
2468,2054,2261,414,4522,average
2234,2013,2123,221,4247,average
2287,2427,2357,-140,4714,master
2062,2450,2256,-388,4512,average
2099,1981,2040,118,4080,novice
2367,2109,2238,258,4476,average
2095,2123,2109,-28,4218,average
2633,2620,2626,13,5253,grandmaster
2193,2238,2215,-45,4431,average
2334,2411,2372,-77,4745,master
2594,2390,2492,204,4984,master
2363,1917,2140,446,4280,average
2710,2715,2712,-5,5425,grandmaster
2100,1600,1850,500,3700,novice
2402,2357,2379,45,4759,master
2283,2191,2237,92,4474,average
1982,2250,2116,-268,4232,average
1839,2072,1955,-233,3911,novice
2096,2427,2261,-331,4523,average
2350,2161,2255,189,4511,average
2179,2531,2355,-352,4710,master
2044,1895,1969,149,3939,novice
2459,2389,2424,70,4848,master
2420,2284,2352,136,4704,master
2662,2638,2650,24,5300,grandmaster
2417,2163,2290,254,4580,average
2534,2053,2293,481,4587,average
2304,1808,2056,496,4112,novice
2535,2427,2481,108,4962,master
1486,1733,1609,-247,3219,novice
1743,1325,1534,418,3068,novice
2723,2426,2574,297,5149,grandmaster
2249,2045,2147,204,4294,average
2116,2190,2153,-74,4306,average
2269,2119,2194,150,4388,average
2431,2354,2392,77,4785,master
2526,2558,2542,-32,5084,grandmaster
2059,2203,2131,-144,4262,average
2434,2571,2502,-137,5005,grandmaster
2582,2638,2610,-56,5220,grandmaster
2050,2166,2108,-116,4216,average
2275,2483,2379,-208,4758,master
2448,1954,2201,494,4402,average
2204,2078,2141,126,4282,average
2207,2409,2308,-202,4616,master
2288,2339,2313,-51,4627,master
1717,2067,1892,-350,3784,novice
2404,2466,2435,-62,4870,master
2244,1913,2078,331,4157,novice
2190,2029,2109,161,4219,average
2678,2359,2518,319,5037,grandmaster
2032,1963,1997,69,3995,novice
2450,2502,2476,-52,4952,master
2250,2331,2290,-81,4581,average
2219,2531,2375,-312,4750,master
1668,2160,1914,-492,3828,novice
2619,2317,2468,302,4936,master
2192,2538,2365,-346,4730,master
1755,2372,2063,-617,4127,novice
1794,1788,1791,6,3582,novice
2004,2138,2071,-134,4142,novice
2753,2651,2702,102,5404,grandmaster
2326,1994,2160,332,4320,average
2370,2193,2281,177,4563,average
2361,2278,2319,83,4639,master
2320,1805,2062,515,4125,novice
2263,2337,2300,-74,4600,average
2660,2381,2520,279,5041,grandmaster
2311,2453,2382,-142,4764,master
2158,2318,2238,-160,4476,average
2439,2241,2340,198,4680,master
2151,2084,2117,67,4235,average
2283,2643,2463,-360,4926,master
2552,2412,2482,140,4964,master
1838,2035,1936,-197,3873,novice
2310,2554,2432,-244,4864,master
1724,2229,1976,-505,3953,novice
2268,2005,2136,263,4273,average
2453,2545,2499,-92,4998,master
1923,2080,2001,-157,4003,novice
2445,2130,2287,315,4575,average
2475,2118,2296,357,4593,average
2528,2289,2408,239,4817,master
2442,2655,2548,-213,5097,grandmaster
2299,2254,2276,45,4553,average
1995,2368,2181,-373,4363,average
2135,2214,2174,-79,4349,average
2115,2087,2101,28,4202,average
2178,2006,2092,172,4184,novice
1972,2458,2215,-486,4430,average
2034,2265,2149,-231,4299,average
2520,2607,2563,-87,5127,grandmaster
2304,2117,2210,187,4421,average
2342,1973,2157,369,4315,average
2029,1702,1865,327,3731,novice
2389,2405,2397,-16,4794,master
2254,2086,2170,168,4340,average
2357,2292,2324,65,4649,master
2364,2319,2341,45,4683,master
2058,2213,2135,-155,4271,average
2220,2097,2158,123,4317,average
2354,2637,2495,-283,4991,master
2099,2269,2184,-170,4368,average
2200,2101,2150,99,4301,average
2580,2221,2400,359,4801,master
2209,2069,2139,140,4278,average
2600,2493,2546,107,5093,grandmaster
2584,2557,2570,27,5141,grandmaster
2453,2709,2581,-256,5162,grandmaster
2256,2330,2293,-74,4586,average
2228,2156,2192,72,4384,average
2244,2179,2211,65,4423,average
2237,2238,2237,-1,4475,average
2129,2348,2238,-219,4477,average
2229,2294,2261,-65,4523,average
2525,2726,2625,-201,5251,grandmaster
2436,2014,2225,422,4450,average
1676,1893,1784,-217,3569,novice
1824,2253,2038,-429,4077,novice
1965,2403,2184,-438,4368,average
2442,2250,2346,192,4692,master
2072,1982,2027,90,4054,novice
2260,2317,2288,-57,4577,average
2469,2458,2463,11,4927,master
2630,2331,2480,299,4961,master
2442,1995,2218,447,4437,average
2276,2470,2373,-194,4746,master
2578,2067,2322,511,4645,master
2004,2343,2173,-339,4347,average
1984,2214,2099,-230,4198,novice
2653,2288,2470,365,4941,master
2253,1969,2111,284,4222,average
2323,1923,2123,400,4246,average
2207,2206,2206,1,4413,average
2420,2164,2292,256,4584,average
2363,2083,2223,280,4446,average
2441,2054,2247,387,4495,average
2165,2419,2292,-254,4584,average
2597,2700,2648,-103,5297,grandmaster
2233,2011,2122,222,4244,average
2125,2008,2066,117,4133,novice
2303,2216,2259,87,4519,average
2281,2460,2370,-179,4741,master
2503,2246,2374,257,4749,master
2107,1977,2042,130,4084,novice
2350,2069,2209,281,4419,average
2202,2256,2229,-54,4458,average
2248,2123,2185,125,4371,average
2360,2280,2320,80,4640,master
2333,2153,2243,180,4486,average
2341,2428,2384,-87,4769,master
2056,2317,2186,-261,4373,average
2127,2137,2132,-10,4264,average
1994,1796,1895,198,3790,novice
2311,2031,2171,280,4342,average
2141,2227,2184,-86,4368,average
2111,1912,2011,199,4023,novice
2535,2333,2434,202,4868,master
2290,2086,2188,204,4376,average
2361,2237,2299,124,4598,average
2603,2448,2525,155,5051,grandmaster
2206,2166,2186,40,4372,average
1945,2297,2121,-352,4242,average
2186,2282,2234,-96,4468,average
2574,2422,2498,152,4996,master
2228,2412,2320,-184,4640,master
1916,1655,1785,261,3571,novice
2441,1957,2199,484,4398,average
2538,2520,2529,18,5058,grandmaster
2306,2276,2291,30,4582,average
2284,1982,2133,302,4266,average
2423,2136,2279,287,4559,average
2119,2221,2170,-102,4340,average
2545,2276,2410,269,4821,master
2527,2088,2307,439,4615,master
2544,2498,2521,46,5042,grandmaster
2385,2017,2201,368,4402,average
2061,2289,2175,-228,4350,average
2375,2068,2221,307,4443,average
2311,2024,2167,287,4335,average
2288,1849,2068,439,4137,novice
2201,2313,2257,-112,4514,average
1767,1999,1883,-232,3766,novice
2411,2113,2262,298,4524,average
2236,2352,2294,-116,4588,average
1992,1660,1826,332,3652,novice
2272,2194,2233,78,4466,average
2242,2346,2294,-104,4588,average
2311,1925,2118,386,4236,average
2579,2358,2468,221,4937,master
2060,2261,2160,-201,4321,average
2310,2083,2196,227,4393,average
2011,2116,2063,-105,4127,novice
2181,2157,2169,24,4338,average
2437,2034,2235,403,4471,average
2175,1869,2022,306,4044,novice
2187,2425,2306,-238,4612,master
2156,1739,1947,417,3895,novice
2539,2411,2475,128,4950,master
2433,2025,2229,408,4458,average
2505,2247,2376,258,4752,master
2230,2434,2332,-204,4664,master
2260,1866,2063,394,4126,novice
2220,2054,2137,166,4274,average
2363,2209,2286,154,4572,average
2324,2690,2507,-366,5014,grandmaster
2084,2219,2151,-135,4303,average
2511,2518,2514,-7,5029,grandmaster
2302,2151,2226,151,4453,average
2359,2237,2298,122,4596,average
2375,2186,2280,189,4561,average
1969,2305,2137,-336,4274,average
2008,2515,2261,-507,4523,average
2275,2044,2159,231,4319,average
2698,2583,2640,115,5281,grandmaster
2218,2299,2258,-81,4517,average
2121,2324,2222,-203,4445,average
2360,2209,2284,151,4569,average
2144,2290,2217,-146,4434,average
2183,2223,2203,-40,4406,average
2443,2255,2349,188,4698,master
2157,2356,2256,-199,4513,average
2415,2303,2359,112,4718,master
2155,2257,2206,-102,4412,average
2128,2012,2070,116,4140,novice
2056,2192,2124,-136,4248,average
2367,1892,2129,475,4259,average
2568,2558,2563,10,5126,grandmaster
1952,2274,2113,-322,4226,average
2242,2513,2377,-271,4755,master
1929,2070,1999,-141,3999,novice
2551,2512,2531,39,5063,grandmaster
2304,2423,2363,-119,4727,master
2411,2152,2281,259,4563,average
2341,2460,2400,-119,4801,master
2658,2599,2628,59,5257,grandmaster
2667,2551,2609,116,5218,grandmaster
2320,2455,2387,-135,4775,master
1888,2243,2065,-355,4131,novice
2313,2475,2394,-162,4788,master
2077,2162,2119,-85,4239,average
2361,2362,2361,-1,4723,master
1994,2440,2217,-446,4434,average
2181,2263,2222,-82,4444,average
2342,2078,2210,264,4420,average
2039,2269,2154,-230,4308,average
2261,2246,2253,15,4507,average
2074,1966,2020,108,4040,novice
2222,2381,2301,-159,4603,master
2338,2243,2290,95,4581,average
2457,2049,2253,408,4506,average
2060,1852,1956,208,3912,novice
2368,2494,2431,-126,4862,master
2418,2324,2371,94,4742,master
2230,2368,2299,-138,4598,average
2240,2300,2270,-60,4540,average
2316,2025,2170,291,4341,average
2148,1599,1873,549,3747,novice
2153,2365,2259,-212,4518,average
2263,2136,2199,127,4399,average
2571,2525,2548,46,5096,grandmaster
1878,2337,2107,-459,4215,average
2088,2331,2209,-243,4419,average
2151,1967,2059,184,4118,novice
2116,2289,2202,-173,4405,average
2180,2133,2156,47,4313,average
2208,2036,2122,172,4244,average
2254,2008,2131,246,4262,average
2320,2392,2356,-72,4712,master
2187,2030,2108,157,4217,average
2142,1970,2056,172,4112,novice
2659,2729,2694,-70,5388,grandmaster
2416,2119,2267,297,4535,average
2156,1792,1974,364,3948,novice
2016,2240,2128,-224,4256,average
2720,2748,2734,-28,5468,grandmaster
2500,2442,2471,58,4942,master
1922,2443,2182,-521,4365,average
2416,2674,2545,-258,5090,grandmaster
2543,2714,2628,-171,5257,grandmaster
2180,2117,2148,63,4297,average
2164,2392,2278,-228,4556,average
2564,2195,2379,369,4759,master
1982,2239,2110,-257,4221,average
1923,2251,2087,-328,4174,novice
2030,2454,2242,-424,4484,average
2354,2256,2305,98,4610,master
2067,2260,2163,-193,4327,average
2322,2276,2299,46,4598,average
2025,2185,2105,-160,4210,average
2319,2222,2270,97,4541,average
2606,2475,2540,131,5081,grandmaster
2011,2197,2104,-186,4208,average
2504,2301,2402,203,4805,master
2028,2125,2076,-97,4153,novice
2140,2339,2239,-199,4479,average
2116,2180,2148,-64,4296,average
2363,2226,2294,137,4589,average
2340,2519,2429,-179,4859,master
2271,2051,2161,220,4322,average
2546,2495,2520,51,5041,grandmaster
2278,2395,2336,-117,4673,master
2487,2570,2528,-83,5057,grandmaster
2262,1990,2126,272,4252,average
2272,2061,2166,211,4333,average
2272,1886,2079,386,4158,novice
2154,2310,2232,-156,4464,average
2395,2258,2326,137,4653,master
2533,2085,2309,448,4618,master
2367,2060,2213,307,4427,average
2286,1905,2095,381,4191,novice
2105,2146,2125,-41,4251,average
2098,2280,2189,-182,4378,average
2015,2156,2085,-141,4171,novice
2132,2320,2226,-188,4452,average
2360,2394,2377,-34,4754,master
2407,2257,2332,150,4664,master
2283,2197,2240,86,4480,average
1910,2099,2004,-189,4009,novice
2517,2298,2407,219,4815,master
2299,2488,2393,-189,4787,master
2221,2089,2155,132,4310,average
2354,1878,2116,476,4232,average
1878,2012,1945,-134,3890,novice
1955,2438,2196,-483,4393,average
2124,2337,2230,-213,4461,average
2053,2403,2228,-350,4456,average
2025,2430,2227,-405,4455,average
2140,1561,1850,579,3701,novice
2511,2331,2421,180,4842,master
2382,2206,2294,176,4588,average
1775,2196,1985,-421,3971,novice
2381,1953,2167,428,4334,average
2530,2488,2509,42,5018,grandmaster
1990,2506,2248,-516,4496,average
1691,1388,1539,303,3079,novice
2279,2393,2336,-114,4672,master
2196,2314,2255,-118,4510,average
2035,2144,2089,-109,4179,novice
2644,2508,2576,136,5152,grandmaster
2274,2195,2234,79,4469,average
1976,2283,2129,-307,4259,average
2310,2180,2245,130,4490,average
2189,2307,2248,-118,4496,average
2081,2307,2194,-226,4388,average
2127,2596,2361,-469,4723,master
2447,2040,2243,407,4487,average
2283,2310,2296,-27,4593,average
1942,2299,2120,-357,4241,average
2504,2441,2472,63,4945,master
2440,2324,2382,116,4764,master
2147,2108,2127,39,4255,average
2421,2029,2225,392,4450,average
2251,2173,2212,78,4424,average
2503,2457,2480,46,4960,master
2276,2112,2194,164,4388,average
2245,2408,2326,-163,4653,master
2630,2556,2593,74,5186,grandmaster
2524,2450,2487,74,4974,master
2243,2331,2287,-88,4574,average
2275,2172,2223,103,4447,average
2109,2431,2270,-322,4540,average
2190,2355,2272,-165,4545,average
2333,2648,2490,-315,4981,master
2502,2185,2343,317,4687,master
2514,2529,2521,-15,5043,grandmaster
1648,2021,1834,-373,3669,novice
2281,2471,2376,-190,4752,master
2334,2170,2252,164,4504,average
2051,2380,2215,-329,4431,average
2293,2242,2267,51,4535,average
2125,2079,2102,46,4204,average
2220,2273,2246,-53,4493,average
2289,2176,2232,113,4465,average
2705,2654,2679,51,5359,grandmaster
2310,2107,2208,203,4417,average
2263,2048,2155,215,4311,average
2283,2086,2184,197,4369,average
2458,2588,2523,-130,5046,grandmaster
1995,2306,2150,-311,4301,average
2622,2489,2555,133,5111,grandmaster
2077,1922,1999,155,3999,novice
1920,1664,1792,256,3584,novice
2020,2316,2168,-296,4336,average
2426,2164,2295,262,4590,average
2293,2159,2226,134,4452,average
2438,2067,2252,371,4505,average
2242,2037,2139,205,4279,average
1907,2158,2032,-251,4065,novice
2131,2438,2284,-307,4569,average
2682,2495,2588,187,5177,grandmaster
2412,2484,2448,-72,4896,master
1958,2462,2210,-504,4420,average
2099,1909,2004,190,4008,novice
2367,2126,2246,241,4493,average
1691,1946,1818,-255,3637,novice
2044,2510,2277,-466,4554,average
2204,2147,2175,57,4351,average
2475,2362,2418,113,4837,master
1920,2228,2074,-308,4148,novice
1832,1477,1654,355,3309,novice
2371,2376,2373,-5,4747,master
2160,2331,2245,-171,4491,average
2267,2193,2230,74,4460,average
2283,2394,2338,-111,4677,master
2474,2312,2393,162,4786,master
1815,1553,1684,262,3368,novice
2209,2352,2280,-143,4561,average
1673,1969,1821,-296,3642,novice
2625,2345,2485,280,4970,master
2034,2152,2093,-118,4186,novice
1470,1804,1637,-334,3274,novice
2123,1594,1858,529,3717,novice
2071,2483,2277,-412,4554,average
2084,2209,2146,-125,4293,average
2107,2129,2118,-22,4236,average
2301,2195,2248,106,4496,average
1959,2251,2105,-292,4210,average
2177,2420,2298,-243,4597,average
2237,2181,2209,56,4418,average
2019,2121,2070,-102,4140,novice
2208,2040,2124,168,4248,average
2533,1937,2235,596,4470,average
2061,2352,2206,-291,4413,average
1920,1712,1816,208,3632,novice
2365,2004,2184,361,4369,average
2455,2349,2402,106,4804,master
2650,2368,2509,282,5018,grandmaster
2343,2455,2399,-112,4798,master
2155,2056,2105,99,4211,average
2269,2172,2220,97,4441,average
2456,1938,2197,518,4394,average
2161,1808,1984,353,3969,novice
2479,2183,2331,296,4662,master
2197,2147,2172,50,4344,average
2350,2538,2444,-188,4888,master
2205,2077,2141,128,4282,average
2398,2279,2338,119,4677,master
2240,2158,2199,82,4398,average
2417,2587,2502,-170,5004,grandmaster
1830,1771,1800,59,3601,novice
2340,2101,2220,239,4441,average
1954,2308,2131,-354,4262,average
2018,2255,2136,-237,4273,average
1683,1716,1699,-33,3399,novice
1694,1909,1801,-215,3603,novice
2363,2227,2295,136,4590,average
2596,2592,2594,4,5188,grandmaster
2474,2479,2476,-5,4953,master
2707,2503,2605,204,5210,grandmaster
2578,2399,2488,179,4977,master
2211,2500,2355,-289,4711,master
2022,2040,2031,-18,4062,novice
2401,2177,2289,224,4578,average
2453,2019,2236,434,4472,average
2176,2417,2296,-241,4593,average
1988,1854,1921,134,3842,novice
2688,2418,2553,270,5106,grandmaster
2045,2372,2208,-327,4417,average
1728,2095,1911,-367,3823,novice
2114,2052,2083,62,4166,novice
2335,2201,2268,134,4536,average
2476,2580,2528,-104,5056,grandmaster
1610,1554,1582,56,3164,novice
2223,2367,2295,-144,4590,average
1953,2170,2061,-217,4123,novice
2319,2077,2198,242,4396,average
2129,2231,2180,-102,4360,average
1992,1856,1924,136,3848,novice
2001,2248,2124,-247,4249,average
2201,1936,2068,265,4137,novice
2446,2588,2517,-142,5034,grandmaster
2190,2423,2306,-233,4613,master
2234,2558,2396,-324,4792,master
2597,2382,2489,215,4979,master
2145,2202,2173,-57,4347,average
2512,2008,2260,504,4520,average
2506,2290,2398,216,4796,master
1930,2087,2008,-157,4017,novice
2351,2396,2373,-45,4747,master
2235,2093,2164,142,4328,average
2244,2405,2324,-161,4649,master
2726,2653,2689,73,5379,grandmaster
2619,2419,2519,200,5038,grandmaster
2193,1920,2056,273,4113,novice
2510,2434,2472,76,4944,master
1997,2120,2058,-123,4117,novice
1984,2396,2190,-412,4380,average
1891,2383,2137,-492,4274,average
2371,2315,2343,56,4686,master
2002,2328,2165,-326,4330,average
2057,2147,2102,-90,4204,average
2177,2211,2194,-34,4388,average
2285,2256,2270,29,4541,average
2199,2505,2352,-306,4704,master
2678,2631,2654,47,5309,grandmaster
2535,2556,2545,-21,5091,grandmaster
2446,2096,2271,350,4542,average
2407,2225,2316,182,4632,master
2459,1802,2130,657,4261,average
2245,2152,2198,93,4397,average
2308,2429,2368,-121,4737,master
2040,2130,2085,-90,4170,novice
1938,2092,2015,-154,4030,novice
2423,2619,2521,-196,5042,grandmaster
2270,1952,2111,318,4222,average
2357,2082,2219,275,4439,average
2510,2614,2562,-104,5124,grandmaster
2096,2224,2160,-128,4320,average
2258,2414,2336,-156,4672,master
2492,2516,2504,-24,5008,grandmaster
2544,2510,2527,34,5054,grandmaster
1970,2530,2250,-560,4500,average
2471,1892,2181,579,4363,average
2186,2078,2132,108,4264,average
2667,2660,2663,7,5327,grandmaster
1952,2385,2168,-433,4337,average
2154,2310,2232,-156,4464,average
2138,2069,2103,69,4207,average
2533,2484,2508,49,5017,grandmaster
2069,2425,2247,-356,4494,average
2505,2456,2480,49,4961,master
2631,2336,2483,295,4967,master
1945,1801,1873,144,3746,novice
2622,2257,2439,365,4879,master
2285,2291,2288,-6,4576,average
2561,2481,2521,80,5042,grandmaster
2487,2104,2295,383,4591,average
2274,2526,2400,-252,4800,master
1792,2670,2231,-878,4462,average
2043,2223,2133,-180,4266,average
2203,2191,2197,12,4394,average
2532,2472,2502,60,5004,grandmaster
2106,1844,1975,262,3950,novice
2219,2029,2124,190,4248,average
2627,2385,2506,242,5012,grandmaster
2047,1855,1951,192,3902,novice
2469,1946,2207,523,4415,average
2200,2488,2344,-288,4688,master
2156,2395,2275,-239,4551,average
2303,2087,2195,216,4390,average
2472,2263,2367,209,4735,master
2587,2321,2454,266,4908,master
2161,2023,2092,138,4184,novice
1984,2237,2110,-253,4221,average
2393,2180,2286,213,4573,average
1590,2157,1873,-567,3747,novice
1836,2253,2044,-417,4089,novice
2331,2189,2260,142,4520,average
2154,2380,2267,-226,4534,average
2225,2277,2251,-52,4502,average
2043,1719,1881,324,3762,novice
2366,2123,2244,243,4489,average
2328,2069,2198,259,4397,average
2418,2175,2296,243,4593,average
2246,2357,2301,-111,4603,master
2352,2572,2462,-220,4924,master
2540,2521,2530,19,5061,grandmaster
2129,2437,2283,-308,4566,average
2247,2225,2236,22,4472,average
2206,2359,2282,-153,4565,average
2392,2227,2309,165,4619,master
2508,1808,2158,700,4316,average
2179,2337,2258,-158,4516,average
2268,2471,2369,-203,4739,master
2627,2490,2558,137,5117,grandmaster
2237,2044,2140,193,4281,average
2333,2383,2358,-50,4716,master
1763,2599,2181,-836,4362,average
2153,2624,2388,-471,4777,master
2229,2027,2128,202,4256,average
2501,2423,2462,78,4924,master
2025,2072,2048,-47,4097,novice
2051,2358,2204,-307,4409,average
2255,2433,2344,-178,4688,master
2283,1981,2132,302,4264,average
1873,1658,1765,215,3531,novice
2125,1872,1998,253,3997,novice
1778,1526,1652,252,3304,novice
2517,2376,2446,141,4893,master
2115,2282,2198,-167,4397,average
2465,2545,2505,-80,5010,grandmaster
2050,1847,1948,203,3897,novice
2489,2476,2482,13,4965,master
2289,2614,2451,-325,4903,master
1963,2494,2228,-531,4457,average
2057,2182,2119,-125,4239,average
2704,2564,2634,140,5268,grandmaster
2193,2591,2392,-398,4784,master
2175,2325,2250,-150,4500,average
2157,2113,2135,44,4270,average
2352,2141,2246,211,4493,average
2375,2171,2273,204,4546,average
2249,2047,2148,202,4296,average
2357,2302,2329,55,4659,master
2447,2151,2299,296,4598,average
2026,2098,2062,-72,4124,novice
2418,2062,2240,356,4480,average
1863,2470,2166,-607,4333,average
2287,2048,2167,239,4335,average
2221,2260,2240,-39,4481,average
2191,2269,2230,-78,4460,average
2387,2466,2426,-79,4853,master
2267,2441,2354,-174,4708,master
1682,1806,1744,-124,3488,novice
2150,1764,1957,386,3914,novice
2399,2062,2230,337,4461,average
2194,2318,2256,-124,4512,average
2205,2361,2283,-156,4566,average
2317,2386,2351,-69,4703,master
2710,2727,2718,-17,5437,grandmaster
2173,1785,1979,388,3958,novice
2259,1975,2117,284,4234,average
2752,2543,2647,209,5295,grandmaster
2544,2388,2466,156,4932,master
2046,2259,2152,-213,4305,average
2590,2705,2647,-115,5295,grandmaster
2382,2094,2238,288,4476,average
1953,2321,2137,-368,4274,average
2050,1996,2023,54,4046,novice
2478,2509,2493,-31,4987,master
2711,2815,2763,-104,5526,grandmaster
2156,2487,2321,-331,4643,master
1884,1878,1881,6,3762,novice
1908,2163,2035,-255,4071,novice
2437,2095,2266,342,4532,average
2338,2293,2315,45,4631,master
1609,2019,1814,-410,3628,novice
2384,2523,2453,-139,4907,master
2281,1973,2127,308,4254,average
1815,1695,1755,120,3510,novice
2210,2138,2174,72,4348,average
2123,2391,2257,-268,4514,average
2545,2419,2482,126,4964,master
2051,2315,2183,-264,4366,average
2185,1968,2076,217,4153,novice
2201,1950,2075,251,4151,novice
2210,2227,2218,-17,4437,average
2549,2293,2421,256,4842,master
2335,1929,2132,406,4264,average
1935,2510,2222,-575,4445,average
2264,2319,2291,-55,4583,average
2059,2226,2142,-167,4285,average
2588,2508,2548,80,5096,grandmaster
1845,1768,1806,77,3613,novice
2321,2245,2283,76,4566,average
2324,2121,2222,203,4445,average
2211,2290,2250,-79,4501,average
2100,2412,2256,-312,4512,average
1769,1980,1874,-211,3749,novice
2622,2026,2324,596,4648,master
2240,2221,2230,19,4461,average
2288,2085,2186,203,4373,average
2560,2402,2481,158,4962,master
2152,2390,2271,-238,4542,average
1751,1421,1586,330,3172,novice
2667,2474,2570,193,5141,grandmaster
2196,1778,1987,418,3974,novice
1949,2160,2054,-211,4109,novice
2062,2261,2161,-199,4323,average
2432,2570,2501,-138,5002,grandmaster
2314,1814,2064,500,4128,novice
2028,2050,2039,-22,4078,novice
2106,1962,2034,144,4068,novice
2248,2499,2373,-251,4747,master
2418,2560,2489,-142,4978,master
2306,2293,2299,13,4599,average
2438,2346,2392,92,4784,master
2282,1946,2114,336,4228,average
2405,2524,2464,-119,4929,master
1759,2092,1925,-333,3851,novice
2199,2325,2262,-126,4524,average
2553,2317,2435,236,4870,master
2414,2186,2300,228,4600,average
2413,2175,2294,238,4588,average
1713,2210,1961,-497,3923,novice
1817,2137,1977,-320,3954,novice
2150,2068,2109,82,4218,average
2211,1965,2088,246,4176,novice
1941,2190,2065,-249,4131,novice
2073,1958,2015,115,4031,novice
2201,2401,2301,-200,4602,master
2392,2228,2310,164,4620,master
2012,1982,1997,30,3994,novice
2287,2361,2324,-74,4648,master
2032,1952,1992,80,3984,novice
1894,2175,2034,-281,4069,novice
1962,2321,2141,-359,4283,average
2342,2541,2441,-199,4883,master
2550,2449,2499,101,4999,master
2607,2036,2321,571,4643,master
2157,2396,2276,-239,4553,average
2179,1971,2075,208,4150,novice
1906,2329,2117,-423,4235,average
2126,1937,2031,189,4063,novice
2178,2058,2118,120,4236,average
2235,2506,2370,-271,4741,master
1955,2255,2105,-300,4210,average
2474,2302,2388,172,4776,master
2545,2011,2278,534,4556,average
2449,2396,2422,53,4845,master
2126,2320,2223,-194,4446,average
2397,2457,2427,-60,4854,master
1955,1591,1773,364,3546,novice
1800,1911,1855,-111,3711,novice
1932,2422,2177,-490,4354,average
2617,2675,2646,-58,5292,grandmaster
2365,2689,2527,-324,5054,grandmaster
2465,2616,2540,-151,5081,grandmaster
2337,1947,2142,390,4284,average
2068,1788,1928,280,3856,novice
1928,2033,1980,-105,3961,novice
2428,2566,2497,-138,4994,master
2205,2157,2181,48,4362,average
2244,1960,2102,284,4204,average
1944,2070,2007,-126,4014,novice
2182,2487,2334,-305,4669,master
2164,2376,2270,-212,4540,average
2079,2286,2182,-207,4365,average
1556,1830,1693,-274,3386,novice
2407,2040,2223,367,4447,average
2016,2176,2096,-160,4192,novice
2331,2142,2236,189,4473,average
2331,2361,2346,-30,4692,master
2176,2300,2238,-124,4476,average
2433,2359,2396,74,4792,master
2614,2815,2714,-201,5429,grandmaster
2506,2323,2414,183,4829,master
2099,2224,2161,-125,4323,average
1964,1618,1791,346,3582,novice
2254,2389,2321,-135,4643,master
2447,2248,2347,199,4695,master
2261,2251,2256,10,4512,average
2412,2592,2502,-180,5004,grandmaster
2473,2134,2303,339,4607,master
2700,2644,2672,56,5344,grandmaster
2263,2278,2270,-15,4541,average
2107,1913,2010,194,4020,novice
2576,2095,2335,481,4671,master
2237,1927,2082,310,4164,novice
2627,2662,2644,-35,5289,grandmaster
2086,2500,2293,-414,4586,average
2200,2497,2348,-297,4697,master
1991,2501,2246,-510,4492,average
2093,2564,2328,-471,4657,master
2347,2644,2495,-297,4991,master
1888,2229,2058,-341,4117,novice
2769,2738,2753,31,5507,grandmaster
2049,1847,1948,202,3896,novice
2379,2698,2538,-319,5077,grandmaster
1866,2263,2064,-397,4129,novice
2506,2207,2356,299,4713,master
2358,2426,2392,-68,4784,master
2614,2455,2534,159,5069,grandmaster
2313,2274,2293,39,4587,average
2176,2028,2102,148,4204,average
2125,1714,1919,411,3839,novice
1859,1604,1731,255,3463,novice
2398,2442,2420,-44,4840,master
1990,2368,2179,-378,4358,average
1570,2024,1797,-454,3594,novice
2259,2163,2211,96,4422,average
2694,2438,2566,256,5132,grandmaster
2230,2164,2197,66,4394,average
2183,2026,2104,157,4209,average
2230,2235,2232,-5,4465,average
2005,2268,2136,-263,4273,average
2594,2491,2542,103,5085,grandmaster
2259,2139,2199,120,4398,average
2619,2680,2649,-61,5299,grandmaster
2019,1807,1913,212,3826,novice
2476,2124,2300,352,4600,average
2236,2067,2151,169,4303,average
2322,2140,2231,182,4462,average
2011,1859,1935,152,3870,novice
2248,2498,2373,-250,4746,master
2543,2328,2435,215,4871,master
2501,2017,2259,484,4518,average
2328,1973,2150,355,4301,average
2505,2239,2372,266,4744,master
2175,2242,2208,-67,4417,average
2302,2238,2270,64,4540,average
2171,2578,2374,-407,4749,master
2162,1979,2070,183,4141,novice
2613,2369,2491,244,4982,master
2177,2459,2318,-282,4636,master
2382,2210,2296,172,4592,average
2329,2083,2206,246,4412,average
2390,2646,2518,-256,5036,grandmaster
2145,2454,2299,-309,4599,average
2209,2279,2244,-70,4488,average
2054,2106,2080,-52,4160,novice
2070,2515,2292,-445,4585,average
2229,2377,2303,-148,4606,master
2216,1927,2071,289,4143,novice
2244,2285,2264,-41,4529,average
1872,2341,2106,-469,4213,average
2426,1958,2192,468,4384,average
2064,2085,2074,-21,4149,novice
2387,2307,2347,80,4694,master
2394,2465,2429,-71,4859,master
2385,2515,2450,-130,4900,master
2491,2708,2599,-217,5199,grandmaster
2126,2476,2301,-350,4602,master
1971,1795,1883,176,3766,novice
2250,2126,2188,124,4376,average
2186,2319,2252,-133,4505,average
2189,2041,2115,148,4230,average
2194,2068,2131,126,4262,average
2285,2022,2153,263,4307,average
2174,2081,2127,93,4255,average
2267,2080,2173,187,4347,average
2232,2118,2175,114,4350,average
2311,2093,2202,218,4404,average
2283,2533,2408,-250,4816,master
1532,1850,1691,-318,3382,novice
2290,2356,2323,-66,4646,master
2607,2474,2540,133,5081,grandmaster
2051,2254,2152,-203,4305,average
2367,2541,2454,-174,4908,master
2484,2432,2458,52,4916,master
1796,2073,1934,-277,3869,novice
2471,2224,2347,247,4695,master
2152,2342,2247,-190,4494,average
1812,2006,1909,-194,3818,novice
2022,2156,2089,-134,4178,novice
2417,2104,2260,313,4521,average
2572,2471,2521,101,5043,grandmaster
2523,2226,2374,297,4749,master
2393,1999,2196,394,4392,average
1970,2034,2002,-64,4004,novice
2005,2055,2030,-50,4060,novice
2294,2492,2393,-198,4786,master
2539,2381,2460,158,4920,master
2277,2218,2247,59,4495,average
2248,2095,2171,153,4343,average
2626,2576,2601,50,5202,grandmaster
2711,2503,2607,208,5214,grandmaster
2170,2173,2171,-3,4343,average
2128,2249,2188,-121,4377,average
2090,2274,2182,-184,4364,average
2430,2241,2335,189,4671,master
2722,2477,2599,245,5199,grandmaster
2560,2364,2462,196,4924,master
2033,2291,2162,-258,4324,average
2617,2453,2535,164,5070,grandmaster
1554,2619,2086,-1065,4173,novice
2460,2107,2283,353,4567,average
1975,2111,2043,-136,4086,novice
1932,2359,2145,-427,4291,average
1912,2345,2128,-433,4257,average
2527,2653,2590,-126,5180,grandmaster
2466,2556,2511,-90,5022,grandmaster
2265,2217,2241,48,4482,average
2272,2194,2233,78,4466,average
2311,2079,2195,232,4390,average
2139,2215,2177,-76,4354,average
2162,2113,2137,49,4275,average
2354,2249,2301,105,4603,master
2534,2475,2504,59,5009,grandmaster
2423,2547,2485,-124,4970,master
2644,2546,2595,98,5190,grandmaster
2509,1792,2150,717,4301,average
2017,2188,2102,-171,4205,average
2422,2634,2528,-212,5056,grandmaster
2162,2093,2127,69,4255,average
2628,2454,2541,174,5082,grandmaster
2607,2454,2530,153,5061,grandmaster
2362,2085,2223,277,4447,average
2065,1926,1995,139,3991,novice
2533,2211,2372,322,4744,master
2028,2582,2305,-554,4610,master
2082,2353,2217,-271,4435,average
1819,2385,2102,-566,4204,average
2180,2155,2167,25,4335,average
2257,1896,2076,361,4153,novice
2206,2358,2282,-152,4564,average
2555,2329,2442,226,4884,master
2011,1903,1957,108,3914,novice
2326,2171,2248,155,4497,average
2555,2449,2502,106,5004,grandmaster
2536,2477,2506,59,5013,grandmaster
1367,1789,1578,-422,3156,novice
2573,2507,2540,66,5080,grandmaster
2138,2314,2226,-176,4452,average
2003,2209,2106,-206,4212,average
2126,1957,2041,169,4083,novice
2352,1990,2171,362,4342,average
2421,2090,2255,331,4511,average
2620,2688,2654,-68,5308,grandmaster
2635,2549,2592,86,5184,grandmaster
2068,1924,1996,144,3992,novice
2688,2135,2411,553,4823,master
1954,2324,2139,-370,4278,average
2095,2038,2066,57,4133,novice
2586,2055,2320,531,4641,master
2377,2178,2277,199,4555,average
2237,2484,2360,-247,4721,master
2259,2184,2221,75,4443,average
2331,2069,2200,262,4400,average
2304,1935,2119,369,4239,average
2024,2139,2081,-115,4163,novice
2361,1756,2058,605,4117,novice
2253,2303,2278,-50,4556,average
2023,2270,2146,-247,4293,average
1648,2459,2053,-811,4107,novice
1673,1840,1756,-167,3513,novice
1933,2248,2090,-315,4181,novice
2371,2032,2201,339,4403,average
2286,2103,2194,183,4389,average
2241,2358,2299,-117,4599,average
2217,2363,2290,-146,4580,average
1943,2221,2082,-278,4164,novice
2010,2191,2100,-181,4201,novice
2201,2155,2178,46,4356,average
1997,2100,2048,-103,4097,novice
2059,2185,2122,-126,4244,average
2246,2458,2352,-212,4704,master
2016,2430,2223,-414,4446,average
1958,2388,2173,-430,4346,average
2202,2255,2228,-53,4457,average
2459,2264,2361,195,4723,master
1961,2322,2141,-361,4283,average
1940,2285,2112,-345,4225,average
2538,2697,2617,-159,5235,grandmaster
2230,2128,2179,102,4358,average
2348,2122,2235,226,4470,average
1735,1683,1709,52,3418,novice
2431,2147,2289,284,4578,average
2247,1856,2051,391,4103,novice
2204,2245,2224,-41,4449,average
1920,2473,2196,-553,4393,average
2256,2003,2129,253,4259,average
2580,2450,2515,130,5030,grandmaster
2218,2089,2153,129,4307,average
1974,2167,2070,-193,4141,novice
2242,2052,2147,190,4294,average
2167,2086,2126,81,4253,average
2143,2229,2186,-86,4372,average
2051,2261,2156,-210,4312,average
2775,2748,2761,27,5523,grandmaster
2022,2168,2095,-146,4190,novice
2726,2623,2674,103,5349,grandmaster
1958,2319,2138,-361,4277,average
1760,2212,1986,-452,3972,novice
2182,1994,2088,188,4176,novice
2380,2069,2224,311,4449,average
2312,2360,2336,-48,4672,master
2217,2435,2326,-218,4652,master
1856,2033,1944,-177,3889,novice
2256,2226,2241,30,4482,average
1951,2371,2161,-420,4322,average
2422,2441,2431,-19,4863,master
2388,2175,2281,213,4563,average
2060,2331,2195,-271,4391,average
2649,2358,2503,291,5007,grandmaster
2282,2232,2257,50,4514,average
2480,2248,2364,232,4728,master
1840,1385,1612,455,3225,novice
2206,2361,2283,-155,4567,average
2025,2418,2221,-393,4443,average
2371,2197,2284,174,4568,average
2253,2284,2268,-31,4537,average
1957,2530,2243,-573,4487,average
2367,2457,2412,-90,4824,master
2187,2281,2234,-94,4468,average
2315,2017,2166,298,4332,average
2261,2236,2248,25,4497,average
2312,2231,2271,81,4543,average
2484,1874,2179,610,4358,average
2011,2319,2165,-308,4330,average
2243,1978,2110,265,4221,average
2305,2513,2409,-208,4818,master
1862,2029,1945,-167,3891,novice
2717,2663,2690,54,5380,grandmaster
2561,2562,2561,-1,5123,grandmaster
2447,2132,2289,315,4579,average
2475,2387,2431,88,4862,master
2159,1989,2074,170,4148,novice
1918,1950,1934,-32,3868,novice
1819,2432,2125,-613,4251,average
2586,2484,2535,102,5070,grandmaster
2299,1969,2134,330,4268,average
2614,2600,2607,14,5214,grandmaster
1633,1813,1723,-180,3446,novice
1979,2147,2063,-168,4126,novice
1800,2339,2069,-539,4139,novice
2232,2135,2183,97,4367,average
2475,2544,2509,-69,5019,grandmaster
2293,1927,2110,366,4220,average
1981,2262,2121,-281,4243,average
2373,2598,2485,-225,4971,master
2185,2048,2116,137,4233,average
2172,1909,2040,263,4081,novice
2144,2340,2242,-196,4484,average
2298,2200,2249,98,4498,average
2760,2711,2735,49,5471,grandmaster
2707,2530,2618,177,5237,grandmaster
2159,2064,2111,95,4223,average
2129,2299,2214,-170,4428,average
2545,1957,2251,588,4502,average
1959,2059,2009,-100,4018,novice
1782,2371,2076,-589,4153,novice
2551,2688,2619,-137,5239,grandmaster
2270,2394,2332,-124,4664,master
2599,2450,2524,149,5049,grandmaster
2140,2167,2153,-27,4307,average
2135,2007,2071,128,4142,novice
2272,2229,2250,43,4501,average
2242,1851,2046,391,4093,novice
2221,2412,2316,-191,4633,master
2515,2511,2513,4,5026,grandmaster
2448,2392,2420,56,4840,master
2208,2043,2125,165,4251,average
1920,2487,2203,-567,4407,average
2203,2314,2258,-111,4517,average
1958,1703,1830,255,3661,novice
2345,2180,2262,165,4525,average
2270,2680,2475,-410,4950,master
2252,2099,2175,153,4351,average
2734,2691,2712,43,5425,grandmaster
2272,2204,2238,68,4476,average
2267,2620,2443,-353,4887,master
1927,2272,2099,-345,4199,novice
2296,2282,2289,14,4578,average
1895,1647,1771,248,3542,novice
1929,2348,2138,-419,4277,average
2361,2149,2255,212,4510,average
2614,2606,2610,8,5220,grandmaster
1656,2162,1909,-506,3818,novice
1832,2502,2167,-670,4334,average
2362,2244,2303,118,4606,master
2045,2428,2236,-383,4473,average
2142,1916,2029,226,4058,novice
2061,2430,2245,-369,4491,average
2102,2289,2195,-187,4391,average
2648,2463,2555,185,5111,grandmaster
2326,2447,2386,-121,4773,master
2407,2302,2354,105,4709,master
2100,2314,2207,-214,4414,average
2239,2063,2151,176,4302,average
2557,2597,2577,-40,5154,grandmaster
2556,2546,2551,10,5102,grandmaster
2198,2337,2267,-139,4535,average
2357,2256,2306,101,4613,master
2301,2203,2252,98,4504,average
2150,2360,2255,-210,4510,average
2628,2679,2653,-51,5307,grandmaster
2216,2473,2344,-257,4689,master
2507,2246,2376,261,4753,master
2213,1865,2039,348,4078,novice
2107,2449,2278,-342,4556,average
2469,2564,2516,-95,5033,grandmaster
1793,1975,1884,-182,3768,novice
2055,1917,1986,138,3972,novice
2393,1999,2196,394,4392,average
2002,2217,2109,-215,4219,average
1828,2074,1951,-246,3902,novice
2429,2532,2480,-103,4961,master
1704,1892,1798,-188,3596,novice
2708,1800,2254,908,4508,average
1977,2386,2181,-409,4363,average
1792,2229,2010,-437,4021,novice
2102,2342,2222,-240,4444,average
2408,2161,2284,247,4569,average
2382,2194,2288,188,4576,average
2252,2494,2373,-242,4746,master
1960,1863,1911,97,3823,novice
1976,1626,1801,350,3602,novice
2705,2465,2585,240,5170,grandmaster
2421,2257,2339,164,4678,master
1985,2383,2184,-398,4368,average
2171,2446,2308,-275,4617,master
2305,2395,2350,-90,4700,master
2167,2520,2343,-353,4687,master
1696,1863,1779,-167,3559,novice
2149,1902,2025,247,4051,novice
2303,2185,2244,118,4488,average
2446,2294,2370,152,4740,master
2201,1799,2000,402,4000,novice
2120,2103,2111,17,4223,average
2421,2136,2278,285,4557,average
2149,2515,2332,-366,4664,master
2302,1959,2130,343,4261,average
2478,2596,2537,-118,5074,grandmaster
2500,1933,2216,567,4433,average
1890,2145,2017,-255,4035,novice
2163,2322,2242,-159,4485,average
2000,2536,2268,-536,4536,average
2423,2140,2281,283,4563,average
2149,2045,2097,104,4194,novice
1936,1688,1812,248,3624,novice
2131,1949,2040,182,4080,novice
2042,2442,2242,-400,4484,average
2209,2120,2164,89,4329,average
2683,2550,2616,133,5233,grandmaster
2702,2377,2539,325,5079,grandmaster
2431,2055,2243,376,4486,average
2680,2543,2611,137,5223,grandmaster
2473,2377,2425,96,4850,master
2159,2338,2248,-179,4497,average
2167,2387,2277,-220,4554,average
1846,1981,1913,-135,3827,novice
2250,2119,2184,131,4369,average
2497,2276,2386,221,4773,master
2316,2009,2162,307,4325,average
2589,2526,2557,63,5115,grandmaster
2261,2143,2202,118,4404,average
2567,2353,2460,214,4920,master
2374,2423,2398,-49,4797,master
2063,1804,1933,259,3867,novice
2379,2504,2441,-125,4883,master
2593,2204,2398,389,4797,master
2350,2304,2327,46,4654,master
2343,2540,2441,-197,4883,master
2402,2095,2248,307,4497,average
2393,2364,2378,29,4757,master
2238,2350,2294,-112,4588,average
2498,2548,2523,-50,5046,grandmaster
2062,2180,2121,-118,4242,average
2279,1729,2004,550,4008,novice
2221,2306,2263,-85,4527,average
1988,2229,2108,-241,4217,average
2590,2708,2649,-118,5298,grandmaster
2036,1802,1919,234,3838,novice
2265,2135,2200,130,4400,average
2178,2471,2324,-293,4649,master
2241,2029,2135,212,4270,average
2232,2639,2435,-407,4871,master
2252,2215,2233,37,4467,average
1930,2058,1994,-128,3988,novice
1897,2015,1956,-118,3912,novice
2200,2037,2118,163,4237,average
2147,2385,2266,-238,4532,average
2298,2338,2318,-40,4636,master
1929,1916,1922,13,3845,novice
2602,2495,2548,107,5097,grandmaster
2178,2412,2295,-234,4590,average
2332,2136,2234,196,4468,average
2072,2002,2037,70,4074,novice
2092,2345,2218,-253,4437,average
2309,2102,2205,207,4411,average
2405,1977,2191,428,4382,average
2663,2467,2565,196,5130,grandmaster
2242,1790,2016,452,4032,novice
2363,2494,2428,-131,4857,master
2121,2307,2214,-186,4428,average
2053,1980,2016,73,4033,novice
2331,2115,2223,216,4446,average
2305,2213,2259,92,4518,average
2387,2030,2208,357,4417,average
2411,2218,2314,193,4629,master
1976,2138,2057,-162,4114,novice
2337,2255,2296,82,4592,average
2285,2063,2174,222,4348,average
2102,2073,2087,29,4175,novice
2196,1883,2039,313,4079,novice
2133,2090,2111,43,4223,average
2483,2469,2476,14,4952,master
2234,2298,2266,-64,4532,average
2180,2261,2220,-81,4441,average
2553,1805,2179,748,4358,average
2211,2120,2165,91,4331,average
2187,2244,2215,-57,4431,average
2295,2505,2400,-210,4800,master
2145,2104,2124,41,4249,average
2258,2210,2234,48,4468,average
2586,2470,2528,116,5056,grandmaster
1595,1555,1575,40,3150,novice
2108,2685,2396,-577,4793,master
2482,2274,2378,208,4756,master
1952,2479,2215,-527,4431,average
2114,2312,2213,-198,4426,average
2651,2680,2665,-29,5331,grandmaster
2672,2475,2573,197,5147,grandmaster
2435,2530,2482,-95,4965,master
2211,2306,2258,-95,4517,average
2468,2569,2518,-101,5037,grandmaster
2261,2132,2196,129,4393,average
2637,2580,2608,57,5217,grandmaster
2188,2170,2179,18,4358,average
2306,2064,2185,242,4370,average
2232,2166,2199,66,4398,average
2222,2185,2203,37,4407,average
2363,2330,2346,33,4693,master
2121,1984,2052,137,4105,novice
1650,1407,1528,243,3057,novice
2254,2275,2264,-21,4529,average
2544,2613,2578,-69,5157,grandmaster
2170,2032,2101,138,4202,average
2061,2354,2207,-293,4415,average
2164,2134,2149,30,4298,average
2145,2008,2076,137,4153,novice
2368,2213,2290,155,4581,average
2501,2568,2534,-67,5069,grandmaster
2301,2161,2231,140,4462,average
1464,1768,1616,-304,3232,novice
2266,2238,2252,28,4504,average
2100,2459,2279,-359,4559,average
2417,2459,2438,-42,4876,master
2545,2279,2412,266,4824,master
1991,2499,2245,-508,4490,average
1436,1814,1625,-378,3250,novice
2517,2250,2383,267,4767,master
2069,2402,2235,-333,4471,average
2266,2470,2368,-204,4736,master
2052,1909,1980,143,3961,novice
2259,2027,2143,232,4286,average
2100,1844,1972,256,3944,novice
2837,2763,2800,74,5600,grandmaster
1976,1929,1952,47,3905,novice
2246,2224,2235,22,4470,average
2242,2157,2199,85,4399,average
2058,1904,1981,154,3962,novice
2078,2478,2278,-400,4556,average
2211,2461,2336,-250,4672,master
2132,2333,2232,-201,4465,average
2416,2119,2267,297,4535,average
1564,1837,1700,-273,3401,novice
2188,2243,2215,-55,4431,average
1844,2237,2040,-393,4081,novice
2170,2327,2248,-157,4497,average
2362,2182,2272,180,4544,average
2192,2245,2218,-53,4437,average
2698,2670,2684,28,5368,grandmaster
2692,2641,2666,51,5333,grandmaster
2737,2762,2749,-25,5499,grandmaster
2388,2613,2500,-225,5001,master
2369,2054,2211,315,4423,average
2106,2295,2200,-189,4401,average
2143,2607,2375,-464,4750,master
2127,2107,2117,20,4234,average
2664,2671,2667,-7,5335,grandmaster
1922,2235,2078,-313,4157,novice
2307,2167,2237,140,4474,average
2603,2442,2522,161,5045,grandmaster
2564,2631,2597,-67,5195,grandmaster
1892,2410,2151,-518,4302,average
1909,2445,2177,-536,4354,average
2254,2377,2315,-123,4631,master
2270,1970,2120,300,4240,average
2184,2388,2286,-204,4572,average
2557,2655,2606,-98,5212,grandmaster
2353,2157,2255,196,4510,average
2260,2549,2404,-289,4809,master
2113,2386,2249,-273,4499,average
2076,2074,2075,2,4150,novice
2432,2231,2331,201,4663,master
2122,2438,2280,-316,4560,average
2484,1906,2195,578,4390,average
2213,2604,2408,-391,4817,master
1996,2219,2107,-223,4215,average
2330,2044,2187,286,4374,average
2486,2037,2261,449,4523,average
2598,2215,2406,383,4813,master
2200,2278,2239,-78,4478,average
2529,2328,2428,201,4857,master
2165,2170,2167,-5,4335,average
2178,2351,2264,-173,4529,average
2050,2368,2209,-318,4418,average
2120,2087,2103,33,4207,average
2065,2271,2168,-206,4336,average
2046,2075,2060,-29,4121,novice
2220,1836,2028,384,4056,novice
1794,2377,2085,-583,4171,novice
2345,2564,2454,-219,4909,master
2043,2306,2174,-263,4349,average
2102,2005,2053,97,4107,novice
2043,1820,1931,223,3863,novice
2538,2311,2424,227,4849,master
2102,2032,2067,70,4134,novice
2257,2137,2197,120,4394,average
2544,2463,2503,81,5007,grandmaster
2610,2657,2633,-47,5267,grandmaster
2625,2571,2598,54,5196,grandmaster
2564,2416,2490,148,4980,master
2264,2146,2205,118,4410,average
2279,2450,2364,-171,4729,master
2507,2640,2573,-133,5147,grandmaster
2063,2371,2217,-308,4434,average
2168,2251,2209,-83,4419,average
2204,2003,2103,201,4207,average
2550,2524,2537,26,5074,grandmaster
2386,2359,2372,27,4745,master
2088,2215,2151,-127,4303,average
2318,2247,2282,71,4565,average
2222,2033,2127,189,4255,average
2387,2716,2551,-329,5103,grandmaster
2292,2197,2244,95,4489,average
2455,2178,2316,277,4633,master
2486,2482,2484,4,4968,master
2152,1775,1963,377,3927,novice
2036,2240,2138,-204,4276,average
2420,2638,2529,-218,5058,grandmaster
2322,2121,2221,201,4443,average
2270,2240,2255,30,4510,average
2388,2104,2246,284,4492,average
2686,2344,2515,342,5030,grandmaster
1939,2338,2138,-399,4277,average
2212,2184,2198,28,4396,average
2601,2350,2475,251,4951,master
2346,2076,2211,270,4422,average
2050,2029,2039,21,4079,novice
2216,1977,2096,239,4193,novice
2632,2730,2681,-98,5362,grandmaster
2362,2562,2462,-200,4924,master
2478,2328,2403,150,4806,master
1892,2310,2101,-418,4202,average
2251,2307,2279,-56,4558,average
2472,2240,2356,232,4712,master
2603,2405,2504,198,5008,grandmaster
2521,2037,2279,484,4558,average
2536,1881,2208,655,4417,average
1869,2011,1940,-142,3880,novice
2328,2098,2213,230,4426,average
2476,2587,2531,-111,5063,grandmaster
2420,2386,2403,34,4806,master
2141,2282,2211,-141,4423,average
1853,2120,1986,-267,3973,novice
2460,2224,2342,236,4684,master
2330,2204,2267,126,4534,average
2599,2391,2495,208,4990,master
2468,2199,2333,269,4667,master
2133,2328,2230,-195,4461,average
2393,2182,2287,211,4575,average
2294,2067,2180,227,4361,average
2472,2260,2366,212,4732,master
2397,2404,2400,-7,4801,master
2669,2572,2620,97,5241,grandmaster
2113,2296,2204,-183,4409,average
2185,2152,2168,33,4337,average
1935,2133,2034,-198,4068,novice
2087,2369,2228,-282,4456,average
2289,1992,2140,297,4281,average
1598,2288,1943,-690,3886,novice
1998,2074,2036,-76,4072,novice
2196,1935,2065,261,4131,novice
1967,2284,2125,-317,4251,average
2081,1459,1770,622,3540,novice
2076,1832,1954,244,3908,novice
2025,2196,2110,-171,4221,average
2317,2505,2411,-188,4822,master
1925,2268,2096,-343,4193,novice
2238,2030,2134,208,4268,average
1798,2032,1915,-234,3830,novice
1979,2177,2078,-198,4156,novice
1737,1982,1859,-245,3719,novice
2041,1650,1845,391,3691,novice
2291,2445,2368,-154,4736,master
1942,2117,2029,-175,4059,novice
2712,2384,2548,328,5096,grandmaster
2050,2450,2250,-400,4500,average
2599,2616,2607,-17,5215,grandmaster
2510,2182,2346,328,4692,master
2118,2348,2233,-230,4466,average
2135,2033,2084,102,4168,novice
2587,2442,2514,145,5029,grandmaster
2594,2707,2650,-113,5301,grandmaster
2284,2138,2211,146,4422,average
2190,2434,2312,-244,4624,master
2430,2499,2464,-69,4929,master
2556,2174,2365,382,4730,master
2400,2244,2322,156,4644,master
2327,2209,2268,118,4536,average
2655,2735,2695,-80,5390,grandmaster
1959,2041,2000,-82,4000,novice
2119,1971,2045,148,4090,novice
1795,2459,2127,-664,4254,average
1889,1981,1935,-92,3870,novice
2400,2250,2325,150,4650,master
2713,2636,2674,77,5349,grandmaster
2305,1920,2112,385,4225,average
2425,2250,2337,175,4675,master
2230,2451,2340,-221,4681,master
2268,2154,2211,114,4422,average
2040,2184,2112,-144,4224,average
2059,2099,2079,-40,4158,novice
2389,2160,2274,229,4549,average
2462,2117,2289,345,4579,average
2342,2116,2229,226,4458,average
2295,2027,2161,268,4322,average
2118,2485,2301,-367,4603,master
2045,2460,2252,-415,4505,average
2346,2479,2412,-133,4825,master
2513,2253,2383,260,4766,master
2098,2245,2171,-147,4343,average
2441,2364,2402,77,4805,master
2097,2261,2179,-164,4358,average
2660,2680,2670,-20,5340,grandmaster
2389,2437,2413,-48,4826,master
2223,2371,2297,-148,4594,average
2228,2212,2220,16,4440,average
1734,1868,1801,-134,3602,novice
2282,2166,2224,116,4448,average
2472,2389,2430,83,4861,master
2036,1965,2000,71,4001,novice
2189,2261,2225,-72,4450,average
2471,2143,2307,328,4614,master
1946,2350,2148,-404,4296,average
2627,2462,2544,165,5089,grandmaster
2123,2481,2302,-358,4604,master
2146,1723,1934,423,3869,novice
2061,2260,2160,-199,4321,average
2329,2696,2512,-367,5025,grandmaster
1935,2009,1972,-74,3944,novice
2284,2320,2302,-36,4604,master
2262,2237,2249,25,4499,average
2295,2153,2224,142,4448,average
1997,2144,2070,-147,4141,novice
2670,2571,2620,99,5241,grandmaster
1604,1868,1736,-264,3472,novice
2224,2420,2322,-196,4644,master
2327,2509,2418,-182,4836,master
2250,2076,2163,174,4326,average
2140,2271,2205,-131,4411,average
2029,2214,2121,-185,4243,average
1861,2477,2169,-616,4338,average
2282,2106,2194,176,4388,average
2520,2506,2513,14,5026,grandmaster
2343,2039,2191,304,4382,average
2073,2218,2145,-145,4291,average
1574,1771,1672,-197,3345,novice
2218,2091,2154,127,4309,average
2244,1852,2048,392,4096,novice
2231,2037,2134,194,4268,average
2470,2223,2346,247,4693,master
2523,2635,2579,-112,5158,grandmaster
1932,2452,2192,-520,4384,average
2308,1881,2094,427,4189,novice
2353,2160,2256,193,4513,average
2015,2113,2064,-98,4128,novice
2058,2103,2080,-45,4161,novice
2370,2106,2238,264,4476,average
2285,2001,2143,284,4286,average
2603,2422,2512,181,5025,grandmaster
2005,1977,1991,28,3982,novice
2186,2236,2211,-50,4422,average
1823,1663,1743,160,3486,novice
2118,1846,1982,272,3964,novice
1936,1893,1914,43,3829,novice
1904,2164,2034,-260,4068,novice
2142,2269,2205,-127,4411,average
2164,2372,2268,-208,4536,average
2365,2533,2449,-168,4898,master
2407,2144,2275,263,4551,average
2430,2208,2319,222,4638,master
2263,2347,2305,-84,4610,master
1925,2274,2099,-349,4199,novice
2246,1981,2113,265,4227,average
2508,2513,2510,-5,5021,grandmaster
2202,2171,2186,31,4373,average
2456,2386,2421,70,4842,master
2192,2419,2305,-227,4611,master
2425,2350,2387,75,4775,master
2528,2221,2374,307,4749,master
2279,2112,2195,167,4391,average
2241,2562,2401,-321,4803,master
2249,2459,2354,-210,4708,master
2269,2547,2408,-278,4816,master
2581,2467,2524,114,5048,grandmaster
2509,2614,2561,-105,5123,grandmaster
2060,2466,2263,-406,4526,average
1895,2205,2050,-310,4100,novice
2068,2298,2183,-230,4366,average
1945,1653,1799,292,3598,novice
1745,1988,1866,-243,3733,novice
2143,2574,2358,-431,4717,master
1959,2092,2025,-133,4051,novice
2441,2085,2263,356,4526,average
1837,2197,2017,-360,4034,novice
2270,2234,2252,36,4504,average
2115,2322,2218,-207,4437,average
2252,2100,2176,152,4352,average
2217,2053,2135,164,4270,average
2108,2357,2232,-249,4465,average
1917,2061,1989,-144,3978,novice
2338,2564,2451,-226,4902,master
2119,2289,2204,-170,4408,average
2619,2481,2550,138,5100,grandmaster
2254,2079,2166,175,4333,average
2022,2326,2174,-304,4348,average
2266,2386,2326,-120,4652,master
2343,2217,2280,126,4560,average
2065,2224,2144,-159,4289,average
1501,1923,1712,-422,3424,novice
2155,2274,2214,-119,4429,average
2397,1986,2191,411,4383,average
2223,2316,2269,-93,4539,average
1882,1714,1798,168,3596,novice
2597,2606,2601,-9,5203,grandmaster
2274,2059,2166,215,4333,average
2488,2569,2528,-81,5057,grandmaster
2407,2114,2260,293,4521,average
1936,2338,2137,-402,4274,average
2261,2117,2189,144,4378,average
2512,2447,2479,65,4959,master
2490,2686,2588,-196,5176,grandmaster
2168,2133,2150,35,4301,average
2063,2311,2187,-248,4374,average
1971,2071,2021,-100,4042,novice
2040,2231,2135,-191,4271,average
2225,2114,2169,111,4339,average
2239,2027,2133,212,4266,average
2245,2006,2125,239,4251,average
2255,2252,2253,3,4507,average
2256,1805,2030,451,4061,novice
2164,2257,2210,-93,4421,average
2198,2101,2149,97,4299,average
2003,2167,2085,-164,4170,novice
2318,2101,2209,217,4419,average
2148,2102,2125,46,4250,average
2477,2235,2356,242,4712,master
2006,1634,1820,372,3640,novice
1689,1817,1753,-128,3506,novice
2287,2425,2356,-138,4712,master
2413,2006,2209,407,4419,average
2643,2591,2617,52,5234,grandmaster
2396,2446,2421,-50,4842,master
2204,2079,2141,125,4283,average
2024,2409,2216,-385,4433,average
1933,1857,1895,76,3790,novice
2299,2276,2287,23,4575,average
2643,2558,2600,85,5201,grandmaster
2128,2002,2065,126,4130,novice
2562,2089,2325,473,4651,master
2504,2162,2333,342,4666,master
2081,2512,2296,-431,4593,average
2204,2415,2309,-211,4619,master
1839,2119,1979,-280,3958,novice
2262,2198,2230,64,4460,average
2502,2116,2309,386,4618,master
1966,2156,2061,-190,4122,novice
2060,2362,2211,-302,4422,average
2080,2240,2160,-160,4320,average
2166,2248,2207,-82,4414,average
2437,2055,2246,382,4492,average
2202,2110,2156,92,4312,average
2198,2401,2299,-203,4599,average
2382,2108,2245,274,4490,average
2409,1961,2185,448,4370,average
2023,2166,2094,-143,4189,novice
2097,2104,2100,-7,4201,novice
2566,2705,2635,-139,5271,grandmaster
2569,2447,2508,122,5016,grandmaster
2269,2278,2273,-9,4547,average
2613,2363,2488,250,4976,master
2082,2247,2164,-165,4329,average
2731,2731,2731,0,5462,grandmaster
2674,2584,2629,90,5258,grandmaster
2434,2018,2226,416,4452,average
2095,1977,2036,118,4072,novice
2602,2353,2477,249,4955,master
2337,2042,2189,295,4379,average
2783,2706,2744,77,5489,grandmaster
2641,2675,2658,-34,5316,grandmaster
2479,2670,2574,-191,5149,grandmaster
2456,2042,2249,414,4498,average
1839,1897,1868,-58,3736,novice
2445,2230,2337,215,4675,master
2383,2225,2304,158,4608,master
2051,2320,2185,-269,4371,average
2381,2187,2284,194,4568,average
2211,2057,2134,154,4268,average
2307,2532,2419,-225,4839,master
2067,2268,2167,-201,4335,average
2225,2118,2171,107,4343,average
2472,2080,2276,392,4552,average
2249,2130,2189,119,4379,average
2116,2345,2230,-229,4461,average
2677,2526,2601,151,5203,grandmaster
2055,2428,2241,-373,4483,average
2646,2495,2570,151,5141,grandmaster
2006,2208,2107,-202,4214,average
2204,2089,2146,115,4293,average
2314,2314,2314,0,4628,master
2190,2130,2160,60,4320,average
2053,2184,2118,-131,4237,average
2270,2038,2154,232,4308,average
2366,2454,2410,-88,4820,master
2370,2001,2185,369,4371,average
1886,2047,1966,-161,3933,novice
2489,2507,2498,-18,4996,master
2219,1920,2069,299,4139,novice
2538,2522,2530,16,5060,grandmaster
2286,2366,2326,-80,4652,master
2365,2321,2343,44,4686,master
2255,2073,2164,182,4328,average
2081,2182,2131,-101,4263,average
2451,2586,2518,-135,5037,grandmaster
2469,2651,2560,-182,5120,grandmaster
2153,2385,2269,-232,4538,average
2226,2045,2135,181,4271,average
2441,2023,2232,418,4464,average
1889,2362,2125,-473,4251,average
2512,2440,2476,72,4952,master
2130,2639,2384,-509,4769,master
2230,1750,1990,480,3980,novice
1628,1709,1668,-81,3337,novice
2235,2075,2155,160,4310,average
1788,2107,1947,-319,3895,novice
2294,2513,2403,-219,4807,master
1991,2463,2227,-472,4454,average
2310,2502,2406,-192,4812,master
2406,2564,2485,-158,4970,master
2389,2380,2384,9,4769,master
1736,1492,1614,244,3228,novice
1987,2005,1996,-18,3992,novice
2027,2324,2175,-297,4351,average
2467,2606,2536,-139,5073,grandmaster
1993,2177,2085,-184,4170,novice
2198,2455,2326,-257,4653,master
2535,2696,2615,-161,5231,grandmaster
2362,2578,2470,-216,4940,master
2178,2122,2150,56,4300,average
2316,2101,2208,215,4417,average
2488,2379,2433,109,4867,master
1909,2089,1999,-180,3998,novice
1945,2008,1976,-63,3953,novice
2330,2211,2270,119,4541,average
2422,2210,2316,212,4632,master
2038,2288,2163,-250,4326,average
2491,2659,2575,-168,5150,grandmaster
2417,2172,2294,245,4589,average
2165,2081,2123,84,4246,average
2338,1904,2121,434,4242,average
2191,1940,2065,251,4131,novice
2467,2619,2543,-152,5086,grandmaster
2349,2226,2287,123,4575,average
2318,1931,2124,387,4249,average
2286,2000,2143,286,4286,average
2183,2150,2166,33,4333,average
2550,2507,2528,43,5057,grandmaster
2639,2706,2672,-67,5345,grandmaster
2437,2488,2462,-51,4925,master
2013,2253,2133,-240,4266,average
2448,2563,2505,-115,5011,grandmaster
2076,1713,1894,363,3789,novice
2626,2647,2636,-21,5273,grandmaster
2606,2651,2628,-45,5257,grandmaster
2338,2041,2189,297,4379,average
2396,2318,2357,78,4714,master
2097,2226,2161,-129,4323,average
2392,2080,2236,312,4472,average
2333,2183,2258,150,4516,average
1862,2000,1931,-138,3862,novice
2052,2306,2179,-254,4358,average
2123,1964,2043,159,4087,novice
2320,2357,2338,-37,4677,master
2419,2111,2265,308,4530,average
2234,2354,2294,-120,4588,average
2493,2058,2275,435,4551,average
2549,2645,2597,-96,5194,grandmaster
2517,2551,2534,-34,5068,grandmaster
2123,2523,2323,-400,4646,master
2565,2409,2487,156,4974,master
2236,2310,2273,-74,4546,average
2225,2328,2276,-103,4553,average
2127,2405,2266,-278,4532,average
2318,1958,2138,360,4276,average
2274,2348,2311,-74,4622,master
2226,1854,2040,372,4080,novice
2396,2322,2359,74,4718,master
2348,2166,2257,182,4514,average
2187,2192,2189,-5,4379,average
2240,2217,2228,23,4457,average
2076,1750,1913,326,3826,novice
2355,2554,2454,-199,4909,master
2288,2039,2163,249,4327,average
1936,1805,1870,131,3741,novice
2213,2341,2277,-128,4554,average
2359,2157,2258,202,4516,average
2171,2441,2306,-270,4612,master
1925,2201,2063,-276,4126,novice
2407,2325,2366,82,4732,master
2113,2381,2247,-268,4494,average
2667,2426,2546,241,5093,grandmaster
2213,2462,2337,-249,4675,master
2482,1968,2225,514,4450,average
2403,2539,2471,-136,4942,master
2165,1909,2037,256,4074,novice
2393,2605,2499,-212,4998,master
2276,1951,2113,325,4227,average
2489,2434,2461,55,4923,master
2592,2447,2519,145,5039,grandmaster
2069,1982,2025,87,4051,novice
2113,1773,1943,340,3886,novice
2560,2540,2550,20,5100,grandmaster
2107,2459,2283,-352,4566,average
2383,2158,2270,225,4541,average
2434,2569,2501,-135,5003,grandmaster
1916,2402,2159,-486,4318,average
1969,2071,2020,-102,4040,novice
2406,2471,2438,-65,4877,master
2271,2059,2165,212,4330,average
2074,2150,2112,-76,4224,average
2214,2174,2194,40,4388,average
2152,2002,2077,150,4154,novice
2039,2273,2156,-234,4312,average
2350,2261,2305,89,4611,master
2141,1878,2009,263,4019,novice
1986,2459,2222,-473,4445,average
2213,2068,2140,145,4281,average
2116,2168,2142,-52,4284,average
2089,1936,2012,153,4025,novice
2329,2089,2209,240,4418,average
2067,1983,2025,84,4050,novice
2132,1895,2013,237,4027,novice
2023,2440,2231,-417,4463,average
2224,2016,2120,208,4240,average
2165,2255,2210,-90,4420,average
1989,2271,2130,-282,4260,average
2132,2310,2221,-178,4442,average
2256,2123,2189,133,4379,average
2494,2449,2471,45,4943,master
2606,2290,2448,316,4896,master
1720,1378,1549,342,3098,novice
2226,2131,2178,95,4357,average
2319,2236,2277,83,4555,average
2479,2686,2582,-207,5165,grandmaster
2580,2312,2446,268,4892,master
2568,2514,2541,54,5082,grandmaster
2012,2324,2168,-312,4336,average
2167,2573,2370,-406,4740,master
2194,2439,2316,-245,4633,master
2342,2109,2225,233,4451,average
2393,2055,2224,338,4448,average
2102,2431,2266,-329,4533,average
1747,2160,1953,-413,3907,novice
2565,2603,2584,-38,5168,grandmaster
2230,2076,2153,154,4306,average
2140,2283,2211,-143,4423,average
1805,2412,2108,-607,4217,average
2015,2150,2082,-135,4165,novice
2700,2600,2650,100,5300,grandmaster
2287,2076,2181,211,4363,average
2511,2263,2387,248,4774,master
2536,2364,2450,172,4900,master
2627,2374,2500,253,5001,master
2365,1975,2170,390,4340,average
2244,2142,2193,102,4386,average
2373,2500,2436,-127,4873,master
2688,2693,2690,-5,5381,grandmaster
2028,2163,2095,-135,4191,novice
1920,2141,2030,-221,4061,novice
2172,2304,2238,-132,4476,average
2081,2414,2247,-333,4495,average
2394,2287,2340,107,4681,master
2159,2208,2183,-49,4367,average
2426,2621,2523,-195,5047,grandmaster
2029,2457,2243,-428,4486,average
2302,2020,2161,282,4322,average
2237,2293,2265,-56,4530,average
1687,2019,1853,-332,3706,novice
2092,1887,1989,205,3979,novice
2259,2363,2311,-104,4622,master
1948,1715,1831,233,3663,novice
2201,2048,2124,153,4249,average
2215,2352,2283,-137,4567,average
2129,2280,2204,-151,4409,average
2078,2374,2226,-296,4452,average
2014,1861,1937,153,3875,novice
1910,2511,2210,-601,4421,average
2243,2290,2266,-47,4533,average
2490,2603,2546,-113,5093,grandmaster
2289,2456,2372,-167,4745,master
1464,1835,1649,-371,3299,novice
2283,1909,2096,374,4192,novice
2129,2446,2287,-317,4575,average
2280,2079,2179,201,4359,average
2362,2132,2247,230,4494,average
2064,2405,2234,-341,4469,average
2045,1842,1943,203,3887,novice
2333,2455,2394,-122,4788,master
2399,2133,2266,266,4532,average
1818,1618,1718,200,3436,novice
2611,2522,2566,89,5133,grandmaster
1544,2057,1800,-513,3601,novice
2173,2203,2188,-30,4376,average
2476,2338,2407,138,4814,master
2416,2051,2233,365,4467,average
2293,2023,2158,270,4316,average
2259,1790,2024,469,4049,novice
1764,2078,1921,-314,3842,novice
2401,2195,2298,206,4596,average
2055,1726,1890,329,3781,novice
2417,2174,2295,243,4591,average
2283,1999,2141,284,4282,average
2406,2253,2329,153,4659,master
2255,2437,2346,-182,4692,master
2695,2548,2621,147,5243,grandmaster
2281,2276,2278,5,4557,average
2227,2400,2313,-173,4627,master
2132,2351,2241,-219,4483,average
2391,2359,2375,32,4750,master
2721,2721,2721,0,5442,grandmaster
2699,2714,2706,-15,5413,grandmaster
2135,2359,2247,-224,4494,average
2657,2622,2639,35,5279,grandmaster
2369,2249,2309,120,4618,master
2156,2211,2183,-55,4367,average
2317,1933,2125,384,4250,average
2066,2364,2215,-298,4430,average
1678,1653,1665,25,3331,novice
2202,2434,2318,-232,4636,master
2551,1940,2245,611,4491,average
2227,2266,2246,-39,4493,average
1884,1930,1907,-46,3814,novice
2412,2600,2506,-188,5012,grandmaster
2505,2354,2429,151,4859,master
2112,2314,2213,-202,4426,average
2282,2075,2178,207,4357,average
2654,2577,2615,77,5231,grandmaster
2154,2056,2105,98,4210,average
2026,2097,2061,-71,4123,novice
2192,2095,2143,97,4287,average
1899,1983,1941,-84,3882,novice
2253,2265,2259,-12,4518,average
2481,2384,2432,97,4865,master
2223,2087,2155,136,4310,average
1880,2575,2227,-695,4455,average
2509,2322,2415,187,4831,master
1922,2178,2050,-256,4100,novice
2320,2262,2291,58,4582,average
1576,1526,1551,50,3102,novice
2070,1807,1938,263,3877,novice
2459,2202,2330,257,4661,master
2261,2008,2134,253,4269,average
2207,2584,2395,-377,4791,master
2463,2537,2500,-74,5000,master
2049,2335,2192,-286,4384,average
2156,2116,2136,40,4272,average
2391,2229,2310,162,4620,master
2067,2453,2260,-386,4520,average
1915,1548,1731,367,3463,novice
2231,2366,2298,-135,4597,average
2482,2170,2326,312,4652,master
2583,2439,2511,144,5022,grandmaster
2210,2389,2299,-179,4599,average
2619,2317,2468,302,4936,master
2009,1834,1921,175,3843,novice
2029,2533,2281,-504,4562,average
2423,1961,2192,462,4384,average
2405,2113,2259,292,4518,average
2250,2022,2136,228,4272,average
2136,2413,2274,-277,4549,average
1769,2185,1977,-416,3954,novice
2690,2694,2692,-4,5384,grandmaster
2197,2004,2100,193,4201,novice
2347,2378,2362,-31,4725,master
1852,2175,2013,-323,4027,novice
2225,2605,2415,-380,4830,master
2043,2341,2192,-298,4384,average
1931,2076,2003,-145,4007,novice
2234,2130,2182,104,4364,average
2132,2233,2182,-101,4365,average
2191,2050,2120,141,4241,average
2085,2213,2149,-128,4298,average
2055,2163,2109,-108,4218,average
2621,2401,2511,220,5022,grandmaster
2386,2247,2316,139,4633,master
2382,2157,2269,225,4539,average
2231,2493,2362,-262,4724,master
1733,1949,1841,-216,3682,novice
2430,2247,2338,183,4677,master
2054,2372,2213,-318,4426,average
2449,1836,2142,613,4285,average
1883,2255,2069,-372,4138,novice
1876,2117,1996,-241,3993,novice
2742,2446,2594,296,5188,grandmaster
1943,2549,2246,-606,4492,average
2237,2575,2406,-338,4812,master
2683,2416,2549,267,5099,grandmaster
2133,2058,2095,75,4191,novice
2237,2263,2250,-26,4500,average
2335,2219,2277,116,4554,average
2327,2165,2246,162,4492,average
2688,2608,2648,80,5296,grandmaster
1935,2188,2061,-253,4123,novice
2241,2320,2280,-79,4561,average
2061,2132,2096,-71,4193,novice
1727,1485,1606,242,3212,novice
2538,1881,2209,657,4419,average
2415,2422,2418,-7,4837,master
2355,2150,2252,205,4505,average
2283,1955,2119,328,4238,average
2082,2269,2175,-187,4351,average
1801,1684,1742,117,3485,novice
2028,2238,2133,-210,4266,average
2052,2121,2086,-69,4173,novice
2136,2396,2266,-260,4532,average
1984,2211,2097,-227,4195,novice
1926,2145,2035,-219,4071,novice
2012,2270,2141,-258,4282,average
2583,2348,2465,235,4931,master
2330,2374,2352,-44,4704,master
2530,2666,2598,-136,5196,grandmaster
2002,2540,2271,-538,4542,average
2473,2050,2261,423,4523,average
2206,2040,2123,166,4246,average
2102,2238,2170,-136,4340,average
2279,2207,2243,72,4486,average
2400,2181,2290,219,4581,average
2352,2272,2312,80,4624,master
2159,2330,2244,-171,4489,average
2479,2081,2280,398,4560,average
2053,1727,1890,326,3780,novice
2185,2405,2295,-220,4590,average
1962,1887,1924,75,3849,novice
2029,1882,1955,147,3911,novice
2613,2513,2563,100,5126,grandmaster
2146,2208,2177,-62,4354,average
2229,1944,2086,285,4173,novice
2209,1981,2095,228,4190,novice
2327,2246,2286,81,4573,average
2161,2458,2309,-297,4619,master
2786,2762,2774,24,5548,grandmaster
2102,2358,2230,-256,4460,average
2591,2239,2415,352,4830,master
2012,2424,2218,-412,4436,average
2087,1972,2029,115,4059,novice
1992,1646,1819,346,3638,novice
2434,1997,2215,437,4431,average
2281,2091,2186,190,4372,average
2648,2428,2538,220,5076,grandmaster
2734,2454,2594,280,5188,grandmaster
2216,2211,2213,5,4427,average
2233,2398,2315,-165,4631,master
2152,2225,2188,-73,4377,average
1730,2187,1958,-457,3917,novice
2258,2501,2379,-243,4759,master
1961,2421,2191,-460,4382,average
2230,2399,2314,-169,4629,master
2512,2504,2508,8,5016,grandmaster
1945,1744,1844,201,3689,novice
2020,2103,2061,-83,4123,novice
2231,2544,2387,-313,4775,master
2164,2302,2233,-138,4466,average
1875,2150,2012,-275,4025,novice
2014,2404,2209,-390,4418,average
1812,1893,1852,-81,3705,novice
2204,2375,2289,-171,4579,average
1892,1810,1851,82,3702,novice
2569,2684,2626,-115,5253,grandmaster
2468,2648,2558,-180,5116,grandmaster
2089,2396,2242,-307,4485,average
2488,2576,2532,-88,5064,grandmaster
2118,2553,2335,-435,4671,master
2162,2129,2145,33,4291,average
2307,2460,2383,-153,4767,master
2313,2375,2344,-62,4688,master
1999,2111,2055,-112,4110,novice
2146,2330,2238,-184,4476,average
2352,2248,2300,104,4600,average
2245,2147,2196,98,4392,average
2168,2319,2243,-151,4487,average
2193,2257,2225,-64,4450,average
2026,2244,2135,-218,4270,average
2250,2618,2434,-368,4868,master
2438,2104,2271,334,4542,average
2360,2316,2338,44,4676,master
2413,2236,2324,177,4649,master
1922,2225,2073,-303,4147,novice
2148,2297,2222,-149,4445,average
1674,2019,1846,-345,3693,novice
2086,2277,2181,-191,4363,average
2615,2478,2546,137,5093,grandmaster
1989,2400,2194,-411,4389,average
2262,2276,2269,-14,4538,average
2340,1985,2162,355,4325,average
2138,2393,2265,-255,4531,average
2483,2423,2453,60,4906,master
2289,2034,2161,255,4323,average
2215,2009,2112,206,4224,average
1989,2216,2102,-227,4205,average
2526,2607,2566,-81,5133,grandmaster
2218,2193,2205,25,4411,average
2254,2342,2298,-88,4596,average
2261,2229,2245,32,4490,average
2587,2246,2416,341,4833,master
2424,1885,2154,539,4309,average
2377,1970,2173,407,4347,average
2438,2044,2241,394,4482,average
2461,2320,2390,141,4781,master
2271,2493,2382,-222,4764,master
2567,2507,2537,60,5074,grandmaster
2402,2178,2290,224,4580,average
2299,2560,2429,-261,4859,master
2700,2753,2726,-53,5453,grandmaster
2114,2219,2166,-105,4333,average
1760,2041,1900,-281,3801,novice
2172,2297,2234,-125,4469,average
2209,2180,2194,29,4389,average
2188,2265,2226,-77,4453,average
1985,2296,2140,-311,4281,average
2556,2405,2480,151,4961,master
2400,2368,2384,32,4768,master
2327,1804,2065,523,4131,novice
1958,1821,1889,137,3779,novice
2327,2057,2192,270,4384,average
1953,2052,2002,-99,4005,novice
2428,2177,2302,251,4605,master
2069,2176,2122,-107,4245,average
2147,2336,2241,-189,4483,average
2427,1821,2124,606,4248,average
2316,2505,2410,-189,4821,master
2616,2389,2502,227,5005,grandmaster
2124,2414,2269,-290,4538,average
2400,2624,2512,-224,5024,grandmaster
2285,2165,2225,120,4450,average
2574,2213,2393,361,4787,master
2082,1998,2040,84,4080,novice
2024,2172,2098,-148,4196,novice
2269,2039,2154,230,4308,average
2441,2177,2309,264,4618,master
2446,2390,2418,56,4836,master
2685,2438,2561,247,5123,grandmaster
2102,2103,2102,-1,4205,average
2218,2222,2220,-4,4440,average
2326,2487,2406,-161,4813,master
1890,2163,2026,-273,4053,novice
1965,2318,2141,-353,4283,average
2289,2184,2236,105,4473,average
2036,2209,2122,-173,4245,average
2216,2119,2167,97,4335,average
2024,2298,2161,-274,4322,average
2298,2115,2206,183,4413,average
2249,2160,2204,89,4409,average
2308,2173,2240,135,4481,average
1871,2098,1984,-227,3969,novice
2368,2207,2287,161,4575,average
2499,2375,2437,124,4874,master
2566,2404,2485,162,4970,master
2184,2358,2271,-174,4542,average
2224,1911,2067,313,4135,novice
1980,2116,2048,-136,4096,novice
2339,2271,2305,68,4610,master
2247,2442,2344,-195,4689,master
2206,2417,2311,-211,4623,master
2138,2153,2145,-15,4291,average
2527,2560,2543,-33,5087,grandmaster
2417,2555,2486,-138,4972,master
2174,2561,2367,-387,4735,master
2133,2432,2282,-299,4565,average
2189,2035,2112,154,4224,average
2367,2225,2296,142,4592,average
2075,2366,2220,-291,4441,average
2126,1768,1947,358,3894,novice
1660,1676,1668,-16,3336,novice
2458,1971,2214,487,4429,average
1980,1948,1964,32,3928,novice
2580,2414,2497,166,4994,master
2449,2251,2350,198,4700,master
2297,2075,2186,222,4372,average
2697,2565,2631,132,5262,grandmaster
2121,2331,2226,-210,4452,average
2285,2260,2272,25,4545,average
2564,2269,2416,295,4833,master
2145,2401,2273,-256,4546,average
2630,2272,2451,358,4902,master
2600,2173,2386,427,4773,master
2447,2486,2466,-39,4933,master
2623,2630,2626,-7,5253,grandmaster
2397,2210,2303,187,4607,master
2304,2026,2165,278,4330,average
2336,2482,2409,-146,4818,master
2312,2064,2188,248,4376,average
2345,2241,2293,104,4586,average
2508,2554,2531,-46,5062,grandmaster
2333,2342,2337,-9,4675,master
2364,2546,2455,-182,4910,master
2427,2060,2243,367,4487,average
2297,2471,2384,-174,4768,master
2158,2253,2205,-95,4411,average
2289,1806,2047,483,4095,novice
2484,2362,2423,122,4846,master
2045,2457,2251,-412,4502,average
1940,2156,2048,-216,4096,novice
2124,2581,2352,-457,4705,master
2207,2067,2137,140,4274,average
2520,2220,2370,300,4740,master
2478,1775,2126,703,4253,average
2090,2121,2105,-31,4211,average
2375,2107,2241,268,4482,average
2150,2629,2389,-479,4779,master
2561,2335,2448,226,4896,master
2539,2354,2446,185,4893,master
2101,1966,2033,135,4067,novice
2743,2621,2682,122,5364,grandmaster
2543,2454,2498,89,4997,master
1970,2578,2274,-608,4548,average
1845,2081,1963,-236,3926,novice
1757,2436,2096,-679,4193,novice
1951,2424,2187,-473,4375,average
2399,2084,2241,315,4483,average
2064,1880,1972,184,3944,novice
2207,2299,2253,-92,4506,average
2325,2510,2417,-185,4835,master
2187,2328,2257,-141,4515,average
2328,2089,2208,239,4417,average
2291,2498,2394,-207,4789,master
1835,2056,1945,-221,3891,novice
2334,2210,2272,124,4544,average
2427,2302,2364,125,4729,master
2212,2295,2253,-83,4507,average
2210,2573,2391,-363,4783,master
2455,2608,2531,-153,5063,grandmaster
2517,2389,2453,128,4906,master
2693,2428,2560,265,5121,grandmaster
2232,2519,2375,-287,4751,master
2543,2482,2512,61,5025,grandmaster
2306,2408,2357,-102,4714,master
2361,2614,2487,-253,4975,master
2166,2152,2159,14,4318,average
2415,2055,2235,360,4470,average
2537,1751,2144,786,4288,average
2022,2464,2243,-442,4486,average
2226,2126,2176,100,4352,average
2210,2397,2303,-187,4607,master
2185,2535,2360,-350,4720,master
2487,2157,2322,330,4644,master
2292,2587,2439,-295,4879,master
2230,2215,2222,15,4445,average
2589,2402,2495,187,4991,master
1836,1936,1886,-100,3772,novice
2348,2213,2280,135,4561,average
2494,2298,2396,196,4792,master
2311,2333,2322,-22,4644,master
1483,2101,1792,-618,3584,novice
2300,2531,2415,-231,4831,master
2195,2157,2176,38,4352,average
1904,2041,1972,-137,3945,novice
1967,2360,2163,-393,4327,average
2249,1979,2114,270,4228,average
2140,2078,2109,62,4218,average
2254,2131,2192,123,4385,average
2100,2364,2232,-264,4464,average
2312,2485,2398,-173,4797,master
2194,2043,2118,151,4237,average
2312,1806,2059,506,4118,novice
2155,1876,2015,279,4031,novice
2441,2460,2450,-19,4901,master
2274,2360,2317,-86,4634,master
2211,2089,2150,122,4300,average
2276,2215,2245,61,4491,average
2707,2494,2600,213,5201,grandmaster
2616,2531,2573,85,5147,grandmaster
2291,1982,2136,309,4273,average
2285,2411,2348,-126,4696,master
2241,2178,2209,63,4419,average
1976,2503,2239,-527,4479,average
2268,2443,2355,-175,4711,master
2691,2552,2621,139,5243,grandmaster
2617,2442,2529,175,5059,grandmaster
2192,2023,2107,169,4215,average
2123,2426,2274,-303,4549,average
2189,2441,2315,-252,4630,master
2772,2709,2740,63,5481,grandmaster
2560,2111,2335,449,4671,master
2250,2297,2273,-47,4547,average
2145,2258,2201,-113,4403,average
1799,1806,1802,-7,3605,novice
2414,2567,2490,-153,4981,master
2610,2544,2577,66,5154,grandmaster
2402,2036,2219,366,4438,average
2167,2316,2241,-149,4483,average
2152,2478,2315,-326,4630,master
1625,1684,1654,-59,3309,novice
2333,2186,2259,147,4519,average
2189,1951,2070,238,4140,novice
2156,2368,2262,-212,4524,average
2153,2447,2300,-294,4600,average
2288,2077,2182,211,4365,average
1877,2067,1972,-190,3944,novice
1626,2368,1997,-742,3994,novice
1787,2177,1982,-390,3964,novice
2569,2386,2477,183,4955,master
2315,2173,2244,142,4488,average
2171,2323,2247,-152,4494,average
2622,2308,2465,314,4930,master
2631,2247,2439,384,4878,master
2154,1991,2072,163,4145,novice
2124,2434,2279,-310,4558,average
2321,2404,2362,-83,4725,master
2298,2059,2178,239,4357,average
1866,2471,2168,-605,4337,average
2018,2354,2186,-336,4372,average
2123,1873,1998,250,3996,novice
2414,2062,2238,352,4476,average
1879,1905,1892,-26,3784,novice
2406,2261,2333,145,4667,master
2396,2384,2390,12,4780,master
2152,1820,1986,332,3972,novice
2003,2222,2112,-219,4225,average
2449,1915,2182,534,4364,average
2235,2199,2217,36,4434,average
2206,2214,2210,-8,4420,average
2546,2613,2579,-67,5159,grandmaster
2215,1821,2018,394,4036,novice
2277,2730,2503,-453,5007,grandmaster
2631,2408,2519,223,5039,grandmaster
2252,2034,2143,218,4286,average
2431,2313,2372,118,4744,master
2345,2173,2259,172,4518,average
2541,1978,2259,563,4519,average
2214,2048,2131,166,4262,average
2559,2402,2480,157,4961,master
2203,2326,2264,-123,4529,average
2338,2102,2220,236,4440,average
2410,2549,2479,-139,4959,master
2364,2151,2257,213,4515,average
2147,2134,2140,13,4281,average
2003,2242,2122,-239,4245,average
2042,2359,2200,-317,4401,average
1606,1822,1714,-216,3428,novice
2322,2113,2217,209,4435,average
2680,2623,2651,57,5303,grandmaster
1960,2124,2042,-164,4084,novice
2292,2076,2184,216,4368,average
2628,2427,2527,201,5055,grandmaster
2261,2120,2190,141,4381,average
2215,2368,2291,-153,4583,average
2490,2604,2547,-114,5094,grandmaster
2320,1984,2152,336,4304,average
2065,1975,2020,90,4040,novice
1881,2061,1971,-180,3942,novice
2216,1997,2106,219,4213,average
2475,2286,2380,189,4761,master
2289,1963,2126,326,4252,average
2064,2202,2133,-138,4266,average
2219,2067,2143,152,4286,average
2282,2024,2153,258,4306,average
2392,2690,2541,-298,5082,grandmaster
2437,1881,2159,556,4318,average
2164,2402,2283,-238,4566,average
2236,2167,2201,69,4403,average
2202,2347,2274,-145,4549,average
2529,2026,2277,503,4555,average
1618,1603,1610,15,3221,novice
2188,2177,2182,11,4365,average
2262,2102,2182,160,4364,average
1956,2295,2125,-339,4251,average
2334,2032,2183,302,4366,average
1921,2493,2207,-572,4414,average
2336,2418,2377,-82,4754,master
2051,2175,2113,-124,4226,average
2643,2504,2573,139,5147,grandmaster
2666,2711,2688,-45,5377,grandmaster
2089,1781,1935,308,3870,novice
2085,1945,2015,140,4030,novice
2079,2178,2128,-99,4257,average
2290,1958,2124,332,4248,average
2070,2477,2273,-407,4547,average
2157,2257,2207,-100,4414,average
2168,2298,2233,-130,4466,average
1932,2309,2120,-377,4241,average
2460,2471,2465,-11,4931,master
2528,2461,2494,67,4989,master
2720,2700,2710,20,5420,grandmaster
1641,2200,1920,-559,3841,novice
2663,2732,2697,-69,5395,grandmaster
2497,2017,2257,480,4514,average
1919,2034,1976,-115,3953,novice
2535,2203,2369,332,4738,master
2291,2178,2234,113,4469,average
1873,2167,2020,-294,4040,novice
2129,2159,2144,-30,4288,average
2288,2464,2376,-176,4752,master
2124,2254,2189,-130,4378,average
2110,1863,1986,247,3973,novice
2486,2734,2610,-248,5220,grandmaster
2277,2414,2345,-137,4691,master
2340,2200,2270,140,4540,average
2107,2250,2178,-143,4357,average
2455,2160,2307,295,4615,master
2286,2146,2216,140,4432,average
2285,2536,2410,-251,4821,master
2614,2435,2524,179,5049,grandmaster
2028,2524,2276,-496,4552,average
2597,2526,2561,71,5123,grandmaster
2233,2349,2291,-116,4582,average
1776,1541,1658,235,3317,novice
2216,2127,2171,89,4343,average
2411,2161,2286,250,4572,average
2255,2196,2225,59,4451,average
1850,2045,1947,-195,3895,novice
2185,1911,2048,274,4096,novice
2327,2044,2185,283,4371,average
2290,2130,2210,160,4420,average
2040,2259,2149,-219,4299,average
2677,2549,2613,128,5226,grandmaster
2652,2402,2527,250,5054,grandmaster
2273,2163,2218,110,4436,average
2438,2543,2490,-105,4981,master
2504,2558,2531,-54,5062,grandmaster
1925,2302,2113,-377,4227,average
2652,1708,2180,944,4360,average
2077,2321,2199,-244,4398,average
2372,2141,2256,231,4513,average
2343,2460,2401,-117,4803,master
2493,2551,2522,-58,5044,grandmaster
2407,2588,2497,-181,4995,master
2225,2038,2131,187,4263,average
2335,2071,2203,264,4406,average
2165,1888,2026,277,4053,novice
2570,2360,2465,210,4930,master
2085,2368,2226,-283,4453,average
2607,2477,2542,130,5084,grandmaster
2178,2499,2338,-321,4677,master
1907,2276,2091,-369,4183,novice
2428,2486,2457,-58,4914,master
2479,2321,2400,158,4800,master
2290,2045,2167,245,4335,average
2692,2438,2565,254,5130,grandmaster
2226,2072,2149,154,4298,average
2476,2514,2495,-38,4990,master
2196,2292,2244,-96,4488,average
2412,2440,2426,-28,4852,master
1956,2239,2097,-283,4195,novice
1995,2298,2146,-303,4293,average
2241,2153,2197,88,4394,average
2519,2434,2476,85,4953,master
2151,1993,2072,158,4144,novice
2295,2074,2184,221,4369,average
1903,1996,1949,-93,3899,novice
1707,2110,1908,-403,3817,novice
2140,1902,2021,238,4042,novice
2307,2141,2224,166,4448,average
1915,1692,1803,223,3607,novice
2494,2431,2462,63,4925,master
1954,1594,1774,360,3548,novice
2247,2378,2312,-131,4625,master
2274,2112,2193,162,4386,average
2034,2308,2171,-274,4342,average
1900,2320,2110,-420,4220,average
2593,2431,2512,162,5024,grandmaster
2316,2344,2330,-28,4660,master
2254,2346,2300,-92,4600,average
1978,2228,2103,-250,4206,average
1973,2065,2019,-92,4038,novice
2429,2081,2255,348,4510,average
2388,2209,2298,179,4597,average
1451,1417,1434,34,2868,novice
2433,2066,2249,367,4499,average
2396,2156,2276,240,4552,average
2388,2037,2212,351,4425,average
2466,2678,2572,-212,5144,grandmaster
1975,2159,2067,-184,4134,novice
1718,2157,1937,-439,3875,novice
2368,2079,2223,289,4447,average
2646,2474,2560,172,5120,grandmaster
2743,2482,2612,261,5225,grandmaster
2074,2141,2107,-67,4215,average
2693,2617,2655,76,5310,grandmaster
2308,2261,2284,47,4569,average
2129,2213,2171,-84,4342,average
2157,2601,2379,-444,4758,master
2697,2568,2632,129,5265,grandmaster
2039,2591,2315,-552,4630,master
1468,1879,1673,-411,3347,novice
2525,2556,2540,-31,5081,grandmaster
2057,1884,1970,173,3941,novice
2318,2147,2232,171,4465,average
2046,2392,2219,-346,4438,average
2229,2295,2262,-66,4524,average
2173,1987,2080,186,4160,novice
2418,2153,2285,265,4571,average
2534,2647,2590,-113,5181,grandmaster
2496,2432,2464,64,4928,master
2354,2098,2226,256,4452,average
2134,2306,2220,-172,4440,average
2508,2225,2366,283,4733,master
2303,2123,2213,180,4426,average
2603,2471,2537,132,5074,grandmaster
2179,2198,2188,-19,4377,average
2070,1896,1983,174,3966,novice
2328,2254,2291,74,4582,average
2517,2711,2614,-194,5228,grandmaster
2415,2190,2302,225,4605,master
1985,1850,1917,135,3835,novice
1848,1992,1920,-144,3840,novice
2115,2399,2257,-284,4514,average
2636,2365,2500,271,5001,master
2223,2199,2211,24,4422,average
2208,2104,2156,104,4312,average
2325,2141,2233,184,4466,average
2106,2283,2194,-177,4389,average
1985,1647,1816,338,3632,novice
2198,2377,2287,-179,4575,average
2083,2301,2192,-218,4384,average
2428,2273,2350,155,4701,master
2565,2437,2501,128,5002,grandmaster
2491,2438,2464,53,4929,master
2532,2553,2542,-21,5085,grandmaster
2187,2263,2225,-76,4450,average
2469,2320,2394,149,4789,master
2473,2554,2513,-81,5027,grandmaster
1993,1834,1913,159,3827,novice
2262,2073,2167,189,4335,average
2295,1764,2029,531,4059,novice
2189,2377,2283,-188,4566,average
2072,2207,2139,-135,4279,average
2580,2769,2674,-189,5349,grandmaster
1966,2340,2153,-374,4306,average
2169,1536,1852,633,3705,novice
2270,2200,2235,70,4470,average
2337,2426,2381,-89,4763,master
2115,2284,2199,-169,4399,average
2174,2353,2263,-179,4527,average
2441,2262,2351,179,4703,master
2271,2121,2196,150,4392,average
2444,1904,2174,540,4348,average
2397,2671,2534,-274,5068,grandmaster
2166,2376,2271,-210,4542,average
2594,2451,2522,143,5045,grandmaster
2019,1782,1900,237,3801,novice
2261,1730,1995,531,3991,novice
2328,2521,2424,-193,4849,master
2342,2102,2222,240,4444,average
2547,2542,2544,5,5089,grandmaster
2107,2406,2256,-299,4513,average
1829,2039,1934,-210,3868,novice
1808,2049,1928,-241,3857,novice
2552,2434,2493,118,4986,master
2073,2510,2291,-437,4583,average
2282,2198,2240,84,4480,average
2334,2304,2319,30,4638,master
2011,2269,2140,-258,4280,average
2523,2459,2491,64,4982,master
2471,2087,2279,384,4558,average
2270,2516,2393,-246,4786,master
2236,2250,2243,-14,4486,average
2141,2111,2126,30,4252,average
2552,2513,2532,39,5065,grandmaster
2158,1984,2071,174,4142,novice
2147,2397,2272,-250,4544,average
2126,2170,2148,-44,4296,average
2653,2720,2686,-67,5373,grandmaster
2113,2303,2208,-190,4416,average
2100,2181,2140,-81,4281,average
2154,1983,2068,171,4137,novice
1844,2463,2153,-619,4307,average
2364,2058,2211,306,4422,average
2427,2033,2230,394,4460,average
2142,2090,2116,52,4232,average
2316,2196,2256,120,4512,average
2459,2361,2410,98,4820,master
2239,2254,2246,-15,4493,average
2285,2101,2193,184,4386,average
2307,2098,2202,209,4405,average
2273,2318,2295,-45,4591,average
2505,2349,2427,156,4854,master
2217,2405,2311,-188,4622,master
2199,2411,2305,-212,4610,master
1939,2473,2206,-534,4412,average
2161,2367,2264,-206,4528,average
2358,2134,2246,224,4492,average
2183,2080,2131,103,4263,average
2164,2392,2278,-228,4556,average
2362,2089,2225,273,4451,average
2275,1505,1890,770,3780,novice
1571,2135,1853,-564,3706,novice
2025,2198,2111,-173,4223,average
2230,2252,2241,-22,4482,average
2283,2447,2365,-164,4730,master
2053,1783,1918,270,3836,novice
1885,2132,2008,-247,4017,novice
2416,2519,2467,-103,4935,master
2311,2295,2303,16,4606,master
2304,2208,2256,96,4512,average
2204,2244,2224,-40,4448,average
2000,1788,1894,212,3788,novice
2182,1911,2046,271,4093,novice
2427,2066,2246,361,4493,average
2326,2170,2248,156,4496,average
1638,2408,2023,-770,4046,novice
2541,2471,2506,70,5012,grandmaster
2129,2205,2167,-76,4334,average
2572,2033,2302,539,4605,master
2013,2369,2191,-356,4382,average
2287,2011,2149,276,4298,average
2297,2112,2204,185,4409,average
1914,1721,1817,193,3635,novice
2205,2330,2267,-125,4535,average
2294,2209,2251,85,4503,average
2593,2532,2562,61,5125,grandmaster
2616,2446,2531,170,5062,grandmaster
1812,2117,1964,-305,3929,novice
2237,2166,2201,71,4403,average
2220,2344,2282,-124,4564,average
2476,1801,2138,675,4277,average
2332,2679,2505,-347,5011,grandmaster
2011,2174,2092,-163,4185,novice
2098,2296,2197,-198,4394,average
2314,2250,2282,64,4564,average
1948,2389,2168,-441,4337,average
2317,2256,2286,61,4573,average
2504,2229,2366,275,4733,master
2676,2518,2597,158,5194,grandmaster
2121,1833,1977,288,3954,novice
2319,2255,2287,64,4574,average
2182,2079,2130,103,4261,average
2287,2196,2241,91,4483,average
2181,2243,2212,-62,4424,average
2590,2365,2477,225,4955,master
1928,1836,1882,92,3764,novice
2475,2299,2387,176,4774,master
2501,2416,2458,85,4917,master
2481,2551,2516,-70,5032,grandmaster
2352,2224,2288,128,4576,average
2259,2111,2185,148,4370,average
2219,2375,2297,-156,4594,average
1866,1600,1733,266,3466,novice
2094,1907,2000,187,4001,novice
2097,1959,2028,138,4056,novice
2391,1960,2175,431,4351,average
2302,2018,2160,284,4320,average
2585,2485,2535,100,5070,grandmaster
2576,2164,2370,412,4740,master
2386,2523,2454,-137,4909,master
2181,2206,2193,-25,4387,average
2186,1866,2026,320,4052,novice
2007,2310,2158,-303,4317,average
1941,2364,2152,-423,4305,average
2033,2216,2124,-183,4249,average
2566,2464,2515,102,5030,grandmaster
2757,2754,2755,3,5511,grandmaster
2431,2673,2552,-242,5104,grandmaster
2520,2393,2456,127,4913,master
2815,2748,2781,67,5563,grandmaster
2313,2149,2231,164,4462,average
1844,1976,1910,-132,3820,novice
1982,2149,2065,-167,4131,novice
2559,2141,2350,418,4700,master
2483,2197,2340,286,4680,master
2256,2365,2310,-109,4621,master
2241,2199,2220,42,4440,average
2681,2397,2539,284,5078,grandmaster
2062,2177,2119,-115,4239,average
2423,2296,2359,127,4719,master
1959,2256,2107,-297,4215,average
2181,2167,2174,14,4348,average
2398,2082,2240,316,4480,average
1927,1824,1875,103,3751,novice
2242,2125,2183,117,4367,average
2574,2295,2434,279,4869,master
2424,2032,2228,392,4456,average
2174,1782,1978,392,3956,novice
2067,2373,2220,-306,4440,average
2612,2212,2412,400,4824,master
2185,1856,2020,329,4041,novice
2133,2340,2236,-207,4473,average
2213,2079,2146,134,4292,average
2100,2523,2311,-423,4623,master
2232,2071,2151,161,4303,average
2177,2394,2285,-217,4571,average
2175,1914,2044,261,4089,novice
2246,2397,2321,-151,4643,master
2508,2074,2291,434,4582,average
2092,2141,2116,-49,4233,average
2275,2028,2151,247,4303,average
1955,2355,2155,-400,4310,average
2321,2242,2281,79,4563,average
2348,2176,2262,172,4524,average
2394,2448,2421,-54,4842,master
2313,2087,2200,226,4400,average
2300,2450,2375,-150,4750,master
2372,1904,2138,468,4276,average
2083,2469,2276,-386,4552,average
2360,1988,2174,372,4348,average
2246,2112,2179,134,4358,average
2053,2263,2158,-210,4316,average
2331,2486,2408,-155,4817,master
2534,2200,2367,334,4734,master
2595,2628,2611,-33,5223,grandmaster
2224,1971,2097,253,4195,novice
2308,2278,2293,30,4586,average
2581,2239,2410,342,4820,master
2475,2571,2523,-96,5046,grandmaster
2120,2063,2091,57,4183,novice
2374,2248,2311,126,4622,master
2420,2269,2344,151,4689,master
2072,2291,2181,-219,4363,average
2205,2157,2181,48,4362,average
1968,2220,2094,-252,4188,novice
2487,2196,2341,291,4683,master
2168,2545,2356,-377,4713,master
2121,2137,2129,-16,4258,average
2360,1989,2174,371,4349,average
2337,2545,2441,-208,4882,master
2402,2387,2394,15,4789,master
2285,2022,2153,263,4307,average
2727,2709,2718,18,5436,grandmaster
1667,1973,1820,-306,3640,novice
1867,1829,1848,38,3696,novice
2238,2169,2203,69,4407,average
2029,1989,2009,40,4018,novice
2052,1862,1957,190,3914,novice
1607,1432,1519,175,3039,novice
1887,2037,1962,-150,3924,novice
2220,2114,2167,106,4334,average
2073,1716,1894,357,3789,novice
2417,2075,2246,342,4492,average
2166,2111,2138,55,4277,average
1975,2152,2063,-177,4127,novice
2311,2554,2432,-243,4865,master
2417,2362,2389,55,4779,master
2201,2088,2144,113,4289,average
2657,2695,2676,-38,5352,grandmaster
2428,2144,2286,284,4572,average
1755,1959,1857,-204,3714,novice
2017,2169,2093,-152,4186,novice
2091,1935,2013,156,4026,novice
2521,2664,2592,-143,5185,grandmaster
2530,1969,2249,561,4499,average
2172,1984,2078,188,4156,novice
2392,2529,2460,-137,4921,master
2321,2112,2216,209,4433,average
2277,2468,2372,-191,4745,master
2107,2075,2091,32,4182,novice
1984,2419,2201,-435,4403,average
2340,2531,2435,-191,4871,master
2368,2143,2255,225,4511,average
2344,1998,2171,346,4342,average
2401,2282,2341,119,4683,master
2002,1733,1867,269,3735,novice
1642,2077,1859,-435,3719,novice
2183,2108,2145,75,4291,average
2363,2515,2439,-152,4878,master
2064,2456,2260,-392,4520,average
2599,2437,2518,162,5036,grandmaster
2220,2024,2122,196,4244,average
2201,2590,2395,-389,4791,master
2153,2226,2189,-73,4379,average
2301,2501,2401,-200,4802,master
2370,2222,2296,148,4592,average
2359,2506,2432,-147,4865,master
2305,2482,2393,-177,4787,master
2050,2192,2121,-142,4242,average
2169,2327,2248,-158,4496,average
2136,2099,2117,37,4235,average
2276,2381,2328,-105,4657,master
2050,2007,2028,43,4057,novice
2262,2202,2232,60,4464,average
2545,2734,2639,-189,5279,grandmaster
2255,2166,2210,89,4421,average
2286,2217,2251,69,4503,average
2065,2260,2162,-195,4325,average
2172,1917,2044,255,4089,novice
1996,2136,2066,-140,4132,novice
2034,1531,1782,503,3565,novice
2200,2382,2291,-182,4582,average
2470,2456,2463,14,4926,master
2016,2393,2204,-377,4409,average
2098,2219,2158,-121,4317,average
2491,2474,2482,17,4965,master
2318,2211,2264,107,4529,average
2234,2260,2247,-26,4494,average
2279,2440,2359,-161,4719,master
2447,2259,2353,188,4706,master
2478,2203,2340,275,4681,master
2339,2132,2235,207,4471,average
2539,2596,2567,-57,5135,grandmaster
2278,2265,2271,13,4543,average
2167,2365,2266,-198,4532,average
2697,2676,2686,21,5373,grandmaster
2098,1901,1999,197,3999,novice
2647,2549,2598,98,5196,grandmaster
2286,2134,2210,152,4420,average
1959,2412,2185,-453,4371,average
2432,2339,2385,93,4771,master
2072,2162,2117,-90,4234,average
2133,2117,2125,16,4250,average
2052,2295,2173,-243,4347,average
2194,2582,2388,-388,4776,master
2328,2215,2271,113,4543,average
2224,2114,2169,110,4338,average
2363,2458,2410,-95,4821,master
2307,2452,2379,-145,4759,master
2180,2061,2120,119,4241,average
2414,2183,2298,231,4597,average
2350,1926,2138,424,4276,average
2757,2721,2739,36,5478,grandmaster
2217,2650,2433,-433,4867,master
2623,2524,2573,99,5147,grandmaster
1756,2161,1958,-405,3917,novice
2313,2362,2337,-49,4675,master
1879,2219,2049,-340,4098,novice
2045,2169,2107,-124,4214,average
2201,2561,2381,-360,4762,master
2039,1849,1944,190,3888,novice
2230,2269,2249,-39,4499,average
1878,2079,1978,-201,3957,novice
2190,2028,2109,162,4218,average
2553,2524,2538,29,5077,grandmaster
2201,2335,2268,-134,4536,average
2165,2318,2241,-153,4483,average
1817,2326,2071,-509,4143,novice
2177,2241,2209,-64,4418,average
2351,2228,2289,123,4579,average
1732,2128,1930,-396,3860,novice
2046,2288,2167,-242,4334,average
2440,2031,2235,409,4471,average
2100,2397,2248,-297,4497,average
2654,2366,2510,288,5020,grandmaster
1977,2232,2104,-255,4209,average
1572,1815,1693,-243,3387,novice
2231,2120,2175,111,4351,average
2145,2529,2337,-384,4674,master
2370,2307,2338,63,4677,master
2147,2226,2186,-79,4373,average
1728,1807,1767,-79,3535,novice
2153,2396,2274,-243,4549,average
2374,1945,2159,429,4319,average
2264,2034,2149,230,4298,average
2074,2308,2191,-234,4382,average
1938,2251,2094,-313,4189,novice
2091,2587,2339,-496,4678,master
1794,1916,1855,-122,3710,novice
2276,2020,2148,256,4296,average
2752,2792,2772,-40,5544,grandmaster
2430,1987,2208,443,4417,average
1946,2260,2103,-314,4206,average
2291,2189,2240,102,4480,average
2620,2499,2559,121,5119,grandmaster
2225,2464,2344,-239,4689,master
2269,2001,2135,268,4270,average
2197,2353,2275,-156,4550,average
2222,2365,2293,-143,4587,average
2484,1882,2183,602,4366,average
2439,2327,2383,112,4766,master
2561,2506,2533,55,5067,grandmaster
1979,2180,2079,-201,4159,novice
2482,2147,2314,335,4629,master
2281,2235,2258,46,4516,average
2548,2541,2544,7,5089,grandmaster
2301,2157,2229,144,4458,average
1740,2414,2077,-674,4154,novice
2155,2292,2223,-137,4447,average
2172,2090,2131,82,4262,average
2312,2038,2175,274,4350,average
2462,2444,2453,18,4906,master
2199,1846,2022,353,4045,novice
2462,2219,2340,243,4681,master
2303,2315,2309,-12,4618,master
2356,2082,2219,274,4438,average
2355,1992,2173,363,4347,average
2259,2055,2157,204,4314,average
1846,2222,2034,-376,4068,novice
2068,2166,2117,-98,4234,average
2711,2393,2552,318,5104,grandmaster
2628,2639,2633,-11,5267,grandmaster
1986,2299,2142,-313,4285,average
2449,2314,2381,135,4763,master
1955,1634,1794,321,3589,novice
2143,2124,2133,19,4267,average
2355,2555,2455,-200,4910,master
2606,2439,2522,167,5045,grandmaster
2577,2596,2586,-19,5173,grandmaster
2220,1934,2077,286,4154,novice
2505,2333,2419,172,4838,master
2135,2434,2284,-299,4569,average
2077,2074,2075,3,4151,novice
2186,2052,2119,134,4238,average
2217,2293,2255,-76,4510,average
1805,1973,1889,-168,3778,novice
2402,2408,2405,-6,4810,master
1938,2120,2029,-182,4058,novice
2259,1984,2121,275,4243,average
2553,1916,2234,637,4469,average
2572,2293,2432,279,4865,master
1983,2146,2064,-163,4129,novice
2671,2343,2507,328,5014,grandmaster
2301,2526,2413,-225,4827,master
1672,2329,2000,-657,4001,novice
2633,2474,2553,159,5107,grandmaster
2382,2156,2269,226,4538,average
2172,2306,2239,-134,4478,average
2497,2653,2575,-156,5150,grandmaster
2213,2282,2247,-69,4495,average
2222,2172,2197,50,4394,average
2410,2232,2321,178,4642,master
2255,2147,2201,108,4402,average
2095,2368,2231,-273,4463,average
2081,2270,2175,-189,4351,average
2244,2138,2191,106,4382,average
1937,2291,2114,-354,4228,average
2107,2216,2161,-109,4323,average
2097,1935,2016,162,4032,novice
1728,1774,1751,-46,3502,novice
2511,1958,2234,553,4469,average
2520,2255,2387,265,4775,master
2053,2253,2153,-200,4306,average
2629,2566,2597,63,5195,grandmaster
2393,2536,2464,-143,4929,master
2562,2485,2523,77,5047,grandmaster
2284,2160,2222,124,4444,average
2358,2176,2267,182,4534,average
2505,2472,2488,33,4977,master
2109,2332,2220,-223,4441,average
2483,2463,2473,20,4946,master
2634,2698,2666,-64,5332,grandmaster
2367,2109,2238,258,4476,average
2203,2372,2287,-169,4575,average
1675,1880,1777,-205,3555,novice
2005,2593,2299,-588,4598,average
2496,2029,2262,467,4525,average
2491,2338,2414,153,4829,master
2570,2625,2597,-55,5195,grandmaster
1890,2094,1992,-204,3984,novice
2492,2201,2346,291,4693,master
2020,1817,1918,203,3837,novice
2190,2227,2208,-37,4417,average
2281,2512,2396,-231,4793,master
1759,2152,1955,-393,3911,novice
2489,2100,2294,389,4589,average
2554,2542,2548,12,5096,grandmaster
2588,2501,2544,87,5089,grandmaster
2631,2647,2639,-16,5278,grandmaster
2426,2034,2230,392,4460,average
1966,1767,1866,199,3733,novice
2009,2377,2193,-368,4386,average
2484,2549,2516,-65,5033,grandmaster
2056,2285,2170,-229,4341,average
2375,2678,2526,-303,5053,grandmaster
2580,2563,2571,17,5143,grandmaster
2087,2426,2256,-339,4513,average
2037,2190,2113,-153,4227,average
1879,2211,2045,-332,4090,novice
2411,2211,2311,200,4622,master
2523,2121,2322,402,4644,master
2345,2195,2270,150,4540,average
2597,2407,2502,190,5004,grandmaster
2470,2248,2359,222,4718,master
2130,2508,2319,-378,4638,master
1965,2133,2049,-168,4098,novice
2228,2315,2271,-87,4543,average
2132,2186,2159,-54,4318,average
2514,2410,2462,104,4924,master
2345,2542,2443,-197,4887,master
1948,2316,2132,-368,4264,average
2401,2246,2323,155,4647,master
2607,2455,2531,152,5062,grandmaster
2553,2586,2569,-33,5139,grandmaster
1964,2016,1990,-52,3980,novice
2140,1702,1921,438,3842,novice
2436,2377,2406,59,4813,master
1899,1789,1844,110,3688,novice
2634,1884,2259,750,4518,average
2635,2444,2539,191,5079,grandmaster
2053,1792,1922,261,3845,novice
2369,2197,2283,172,4566,average
2306,2068,2187,238,4374,average
1986,2400,2193,-414,4386,average
2129,2002,2065,127,4131,novice
2230,2320,2275,-90,4550,average
2524,2484,2504,40,5008,grandmaster
2744,2263,2503,481,5007,grandmaster
2181,2376,2278,-195,4557,average
2524,2631,2577,-107,5155,grandmaster
2163,2579,2371,-416,4742,master
2287,2354,2320,-67,4641,master
2106,1786,1946,320,3892,novice
2103,2105,2104,-2,4208,average
2508,2371,2439,137,4879,master
2000,2329,2164,-329,4329,average
2633,2456,2544,177,5089,grandmaster
2332,2060,2196,272,4392,average
2409,2391,2400,18,4800,master
2628,2791,2709,-163,5419,grandmaster
2483,2040,2261,443,4523,average
2222,2293,2257,-71,4515,average
2267,1996,2131,271,4263,average
2295,2505,2400,-210,4800,master
2186,2100,2143,86,4286,average
2472,2611,2541,-139,5083,grandmaster
2005,2503,2254,-498,4508,average
2295,2454,2374,-159,4749,master
2486,2182,2334,304,4668,master
2385,2130,2257,255,4515,average
2571,2063,2317,508,4634,master
1793,2224,2008,-431,4017,novice
1981,2163,2072,-182,4144,novice
2332,2523,2427,-191,4855,master
2246,1985,2115,261,4231,average
2300,1973,2136,327,4273,average
2564,2674,2619,-110,5238,grandmaster
2287,2214,2250,73,4501,average
2523,1742,2132,781,4265,average
2403,2559,2481,-156,4962,master
2336,1991,2163,345,4327,average
1788,1904,1846,-116,3692,novice
2419,2157,2288,262,4576,average
2241,2403,2322,-162,4644,master
1880,2033,1956,-153,3913,novice
2259,2060,2159,199,4319,average
2240,2315,2277,-75,4555,average
2024,1835,1929,189,3859,novice
2370,1959,2164,411,4329,average
2437,2620,2528,-183,5057,grandmaster
2468,2603,2535,-135,5071,grandmaster
2229,2330,2279,-101,4559,average
2411,2251,2331,160,4662,master
2075,2400,2237,-325,4475,average
2182,2048,2115,134,4230,average
2304,2102,2203,202,4406,average
2072,2336,2204,-264,4408,average
2529,2422,2475,107,4951,master
2057,2260,2158,-203,4317,average
2539,2343,2441,196,4882,master
2427,2074,2250,353,4501,average
2291,2118,2204,173,4409,average
2223,2255,2239,-32,4478,average
2095,2004,2049,91,4099,novice
2174,1889,2031,285,4063,novice
2063,2449,2256,-386,4512,average
2235,2308,2271,-73,4543,average
2447,2498,2472,-51,4945,master
2182,2483,2332,-301,4665,master
1656,2064,1860,-408,3720,novice
2156,1946,2051,210,4102,novice
2610,2784,2697,-174,5394,grandmaster
2244,2087,2165,157,4331,average
2148,2127,2137,21,4275,average
2106,2216,2161,-110,4322,average
1919,2391,2155,-472,4310,average
1622,2425,2023,-803,4047,novice
2366,2308,2337,58,4674,master
1748,2167,1957,-419,3915,novice
1789,2392,2090,-603,4181,novice
1921,1675,1798,246,3596,novice
2618,2709,2663,-91,5327,grandmaster
2120,1830,1975,290,3950,novice
2296,1979,2137,317,4275,average
2273,1942,2107,331,4215,average
2378,2203,2290,175,4581,average
2389,2127,2258,262,4516,average
2606,2341,2473,265,4947,master
2282,2614,2448,-332,4896,master
2180,1908,2044,272,4088,novice
2108,1784,1946,324,3892,novice
2288,2190,2239,98,4478,average
2171,2100,2135,71,4271,average
2040,2243,2141,-203,4283,average
2227,2477,2352,-250,4704,master
1747,2561,2154,-814,4308,average
1928,1629,1778,299,3557,novice
2371,2115,2243,256,4486,average
2330,2598,2464,-268,4928,master
2253,2443,2348,-190,4696,master
2006,2204,2105,-198,4210,average
2015,2337,2176,-322,4352,average
2367,2114,2240,253,4481,average
2047,2477,2262,-430,4524,average
2308,1980,2144,328,4288,average
2229,2155,2192,74,4384,average
2204,2283,2243,-79,4487,average
2479,1991,2235,488,4470,average
2125,1970,2047,155,4095,novice
2380,2707,2543,-327,5087,grandmaster
2244,2232,2238,12,4476,average
2227,2117,2172,110,4344,average
2427,2487,2457,-60,4914,master
2654,2631,2642,23,5285,grandmaster
2173,1983,2078,190,4156,novice
2510,2425,2467,85,4935,master
2066,2263,2164,-197,4329,average
2036,2283,2159,-247,4319,average
1646,1684,1665,-38,3330,novice
2084,2485,2284,-401,4569,average
1582,2203,1892,-621,3785,novice
2364,2053,2208,311,4417,average
2434,2510,2472,-76,4944,master
2200,2562,2381,-362,4762,master
2111,2161,2136,-50,4272,average
2649,2592,2620,57,5241,grandmaster
1906,2476,2191,-570,4382,average
1982,2092,2037,-110,4074,novice
2326,2365,2345,-39,4691,master
2214,2258,2236,-44,4472,average
2182,2308,2245,-126,4490,average
2546,2617,2581,-71,5163,grandmaster
2192,2560,2376,-368,4752,master
2378,2177,2277,201,4555,average
2099,2233,2166,-134,4332,average
2427,1913,2170,514,4340,average
2293,1959,2126,334,4252,average
2272,2105,2188,167,4377,average
2528,2528,2528,0,5056,grandmaster
2185,2229,2207,-44,4414,average
2611,2582,2596,29,5193,grandmaster
2222,2118,2170,104,4340,average
2099,2283,2191,-184,4382,average
2245,1960,2102,285,4205,average
1869,2086,1977,-217,3955,novice
1849,2002,1925,-153,3851,novice
2145,2163,2154,-18,4308,average
2070,2249,2159,-179,4319,average
2205,2112,2158,93,4317,average
2415,2292,2353,123,4707,master
2330,2571,2450,-241,4901,master
2339,2482,2410,-143,4821,master
1932,2099,2015,-167,4031,novice
2179,2403,2291,-224,4582,average
2651,2554,2602,97,5205,grandmaster
2059,2324,2191,-265,4383,average
2130,2301,2215,-171,4431,average
2079,2389,2234,-310,4468,average
2056,2355,2205,-299,4411,average
2255,2472,2363,-217,4727,master
2147,2601,2374,-454,4748,master
2359,2375,2367,-16,4734,master
2365,2222,2293,143,4587,average
1890,1917,1903,-27,3807,novice
2523,2424,2473,99,4947,master
2266,2001,2133,265,4267,average
2040,2623,2331,-583,4663,master
2201,2088,2144,113,4289,average
2180,2382,2281,-202,4562,average
2223,2028,2125,195,4251,average
2423,2000,2211,423,4423,average
2344,2484,2414,-140,4828,master
1978,2503,2240,-525,4481,average
2335,2007,2171,328,4342,average
2192,1945,2068,247,4137,novice
1787,2310,2048,-523,4097,novice
2498,2604,2551,-106,5102,grandmaster
2118,2230,2174,-112,4348,average
2059,2266,2162,-207,4325,average
2349,2086,2217,263,4435,average
1978,2107,2042,-129,4085,novice
2335,2226,2280,109,4561,average
2221,2169,2195,52,4390,average
2237,2463,2350,-226,4700,master
2421,2054,2237,367,4475,average
2059,2287,2173,-228,4346,average
2357,2435,2396,-78,4792,master
2212,2403,2307,-191,4615,master
2317,2649,2483,-332,4966,master
2368,2114,2241,254,4482,average
2265,2087,2176,178,4352,average
2469,2304,2386,165,4773,master
2522,2602,2562,-80,5124,grandmaster
2035,2209,2122,-174,4244,average
2299,2102,2200,197,4401,average
2195,1753,1974,442,3948,novice
2029,2105,2067,-76,4134,novice
2776,2767,2771,9,5543,grandmaster
2741,2775,2758,-34,5516,grandmaster
2378,2313,2345,65,4691,master
2282,1544,1913,738,3826,novice
2173,1595,1884,578,3768,novice
2403,2086,2244,317,4489,average
2221,1954,2087,267,4175,novice
2213,2029,2121,184,4242,average
2341,2384,2362,-43,4725,master
2607,2483,2545,124,5090,grandmaster
2354,2347,2350,7,4701,master
2226,2233,2229,-7,4459,average
2280,2060,2170,220,4340,average
2237,2086,2161,151,4323,average
2412,2052,2232,360,4464,average
2071,2242,2156,-171,4313,average
2298,2320,2309,-22,4618,master
2237,2166,2201,71,4403,average
2020,2141,2080,-121,4161,novice
2519,2437,2478,82,4956,master
2344,2190,2267,154,4534,average
2476,2495,2485,-19,4971,master
2414,2183,2298,231,4597,average
1886,2205,2045,-319,4091,novice
2196,2385,2290,-189,4581,average
1982,2263,2122,-281,4245,average
2485,2602,2543,-117,5087,grandmaster
1992,1797,1894,195,3789,novice
2239,2016,2127,223,4255,average
2080,2484,2282,-404,4564,average
2093,2401,2247,-308,4494,average
2489,2342,2415,147,4831,master
2791,2753,2772,38,5544,grandmaster
2511,2641,2576,-130,5152,grandmaster
2148,2473,2310,-325,4621,master
2338,2346,2342,-8,4684,master
2274,2177,2225,97,4451,average
2387,1977,2182,410,4364,average
2405,2242,2323,163,4647,master
2241,2104,2172,137,4345,average
1717,2110,1913,-393,3827,novice
2455,2371,2413,84,4826,master
2186,2237,2211,-51,4423,average
2269,2369,2319,-100,4638,master
2310,1884,2097,426,4194,novice
2254,2200,2227,54,4454,average
2298,2100,2199,198,4398,average
2050,2013,2031,37,4063,novice
2311,2248,2279,63,4559,average
2200,2070,2135,130,4270,average
1939,2209,2074,-270,4148,novice
2333,2415,2374,-82,4748,master
2489,2282,2385,207,4771,master
2426,2299,2362,127,4725,master
2132,2453,2292,-321,4585,average
2357,2520,2438,-163,4877,master
1910,2100,2005,-190,4010,novice
1913,2479,2196,-566,4392,average
2356,1937,2146,419,4293,average
2247,2443,2345,-196,4690,master
2287,2121,2204,166,4408,average
2435,2316,2375,119,4751,master
2029,2403,2216,-374,4432,average
2353,2411,2382,-58,4764,master
2320,2526,2423,-206,4846,master
2293,2069,2181,224,4362,average
2387,1894,2140,493,4281,average
2731,2785,2758,-54,5516,grandmaster
2200,2397,2298,-197,4597,average
2512,2501,2506,11,5013,grandmaster
2122,1980,2051,142,4102,novice
2702,2705,2703,-3,5407,grandmaster
2198,2264,2231,-66,4462,average
2162,2670,2416,-508,4832,master
1963,2137,2050,-174,4100,novice
2638,2665,2651,-27,5303,grandmaster
2150,1864,2007,286,4014,novice
2086,2236,2161,-150,4322,average
2256,2511,2383,-255,4767,master
2239,2235,2237,4,4474,average
2210,2353,2281,-143,4563,average
1977,2123,2050,-146,4100,novice
1848,2290,2069,-442,4138,novice
1773,2036,1904,-263,3809,novice
2303,2049,2176,254,4352,average
2024,2218,2121,-194,4242,average
2561,2335,2448,226,4896,master
2180,2195,2187,-15,4375,average
2353,1857,2105,496,4210,average
2105,2249,2177,-144,4354,average
2258,2440,2349,-182,4698,master
2353,2178,2265,175,4531,average
2320,2188,2254,132,4508,average
2094,2168,2131,-74,4262,average
1372,1785,1578,-413,3157,novice
2456,2367,2411,89,4823,master
1950,2273,2111,-323,4223,average
2130,2320,2225,-190,4450,average
2265,2190,2227,75,4455,average
2347,2655,2501,-308,5002,grandmaster
2440,2707,2573,-267,5147,grandmaster
1912,2227,2069,-315,4139,novice
2207,2330,2268,-123,4537,average
2007,2356,2181,-349,4363,average
2429,2546,2487,-117,4975,master
2393,2200,2296,193,4593,average
2117,1904,2010,213,4021,novice
2120,2335,2227,-215,4455,average
2457,2113,2285,344,4570,average
2451,2215,2333,236,4666,master
2071,2158,2114,-87,4229,average
2086,2280,2183,-194,4366,average
2105,2105,2105,0,4210,average
2427,2642,2534,-215,5069,grandmaster
1904,1966,1935,-62,3870,novice
2146,2512,2329,-366,4658,master
2390,2055,2222,335,4445,average
2214,2111,2162,103,4325,average
2428,2554,2491,-126,4982,master
1940,2453,2196,-513,4393,average
2014,2125,2069,-111,4139,novice
2607,2590,2598,17,5197,grandmaster
2137,2292,2214,-155,4429,average
1628,2098,1863,-470,3726,novice
1908,2166,2037,-258,4074,novice
2103,2474,2288,-371,4577,average
1873,2376,2124,-503,4249,average
2253,2322,2287,-69,4575,average
2250,2493,2371,-243,4743,master
2595,2460,2527,135,5055,grandmaster
2265,2238,2251,27,4503,average
1772,2649,2210,-877,4421,average
2249,2131,2190,118,4380,average
2603,2591,2597,12,5194,grandmaster
1843,2138,1990,-295,3981,novice
2396,2089,2242,307,4485,average
2404,2543,2473,-139,4947,master
2106,2404,2255,-298,4510,average
2268,2108,2188,160,4376,average
2380,2092,2236,288,4472,average
2293,2116,2204,177,4409,average
2211,2080,2145,131,4291,average
2178,2386,2282,-208,4564,average
2283,2430,2356,-147,4713,master
2338,2249,2293,89,4587,average
2246,2092,2169,154,4338,average
2037,2164,2100,-127,4201,novice
2325,2248,2286,77,4573,average
1893,2453,2173,-560,4346,average
2104,2332,2218,-228,4436,average
2213,1994,2103,219,4207,average
1640,1598,1619,42,3238,novice
2300,2528,2414,-228,4828,master
2196,2039,2117,157,4235,average
1716,2306,2011,-590,4022,novice
1654,1919,1786,-265,3573,novice
1907,2327,2117,-420,4234,average
2234,2107,2170,127,4341,average
2271,2102,2186,169,4373,average
2322,2223,2272,99,4545,average
1732,2222,1977,-490,3954,novice
2618,2503,2560,115,5121,grandmaster
2549,2549,2549,0,5098,grandmaster
2197,2396,2296,-199,4593,average
2001,1883,1942,118,3884,novice
2259,2410,2334,-151,4669,master
2311,2185,2248,126,4496,average
1944,1927,1935,17,3871,novice
2275,1928,2101,347,4203,average
2433,2131,2282,302,4564,average
2499,2569,2534,-70,5068,grandmaster
2109,2058,2083,51,4167,novice
2117,1797,1957,320,3914,novice
2116,2292,2204,-176,4408,average
2448,2143,2295,305,4591,average
2187,2276,2231,-89,4463,average
2166,1525,1845,641,3691,novice
2208,2050,2129,158,4258,average
2309,2079,2194,230,4388,average
2285,2008,2146,277,4293,average
2029,2267,2148,-238,4296,average
2455,2638,2546,-183,5093,grandmaster
2137,2291,2214,-154,4428,average
2317,2010,2163,307,4327,average
2430,2073,2251,357,4503,average
2422,2247,2334,175,4669,master
2178,2464,2321,-286,4642,master
1812,1859,1835,-47,3671,novice
2125,2318,2221,-193,4443,average
2410,1931,2170,479,4341,average
2061,2130,2095,-69,4191,novice
2212,1973,2092,239,4185,novice
2070,2134,2102,-64,4204,average
2270,2051,2160,219,4321,average
2391,2245,2318,146,4636,master
2639,2496,2567,143,5135,grandmaster
2163,2143,2153,20,4306,average
2083,2308,2195,-225,4391,average
2306,2039,2172,267,4345,average
2060,1841,1950,219,3901,novice
2132,2252,2192,-120,4384,average
1926,2116,2021,-190,4042,novice
2206,2356,2281,-150,4562,average
2592,2512,2552,80,5104,grandmaster
2261,2153,2207,108,4414,average
2454,2376,2415,78,4830,master
2049,2336,2192,-287,4385,average
2703,2783,2743,-80,5486,grandmaster
2341,2214,2277,127,4555,average
2619,2430,2524,189,5049,grandmaster
2026,2353,2189,-327,4379,average
2101,2287,2194,-186,4388,average
2360,2327,2343,33,4687,master
1609,1785,1697,-176,3394,novice
2495,2439,2467,56,4934,master
2380,2223,2301,157,4603,master
2143,2217,2180,-74,4360,average
2426,2614,2520,-188,5040,grandmaster
2198,2036,2117,162,4234,average
2377,2293,2335,84,4670,master
2695,2580,2637,115,5275,grandmaster
2123,1569,1846,554,3692,novice
2500,2459,2479,41,4959,master
1960,2350,2155,-390,4310,average
2304,2145,2224,159,4449,average
2004,2310,2157,-306,4314,average
2333,2263,2298,70,4596,average
2244,2401,2322,-157,4645,master
2185,1808,1996,377,3993,novice
2567,2179,2373,388,4746,master
2357,2160,2258,197,4517,average
2218,2252,2235,-34,4470,average
2266,1997,2131,269,4263,average
2363,2451,2407,-88,4814,master
2343,2081,2212,262,4424,average
2099,2460,2279,-361,4559,average
1936,2050,1993,-114,3986,novice
2177,2325,2251,-148,4502,average
2126,2200,2163,-74,4326,average
2346,2285,2315,61,4631,master
2716,2335,2525,381,5051,grandmaster
2062,2281,2171,-219,4343,average
2452,2537,2494,-85,4989,master
2449,2399,2424,50,4848,master
2413,2415,2414,-2,4828,master
1793,2131,1962,-338,3924,novice
1676,1928,1802,-252,3604,novice
2375,2201,2288,174,4576,average
2174,2292,2233,-118,4466,average
2347,2288,2317,59,4635,master
2402,2482,2442,-80,4884,master
2471,2661,2566,-190,5132,grandmaster
2360,2356,2358,4,4716,master
2327,2073,2200,254,4400,average
2264,2346,2305,-82,4610,master
2011,2228,2119,-217,4239,average
2191,1972,2081,219,4163,novice
2122,2506,2314,-384,4628,master
2655,2428,2541,227,5083,grandmaster
2095,1757,1926,338,3852,novice
2204,2044,2124,160,4248,average
2317,2236,2276,81,4553,average
1996,2615,2305,-619,4611,master
2598,2581,2589,17,5179,grandmaster
1974,1784,1879,190,3758,novice
1559,2145,1852,-586,3704,novice
2071,2438,2254,-367,4509,average
2256,2469,2362,-213,4725,master
2211,2365,2288,-154,4576,average
2485,2271,2378,214,4756,master
2555,2472,2513,83,5027,grandmaster
2131,1988,2059,143,4119,novice
2286,2337,2311,-51,4623,master
2665,2637,2651,28,5302,grandmaster
2116,2001,2058,115,4117,novice
1791,2083,1937,-292,3874,novice
2240,2325,2282,-85,4565,average
1529,1901,1715,-372,3430,novice
2490,2420,2455,70,4910,master
2384,2352,2368,32,4736,master
2184,2156,2170,28,4340,average
2080,2210,2145,-130,4290,average
2219,2129,2174,90,4348,average
2141,2312,2226,-171,4453,average
2221,1941,2081,280,4162,novice
2122,2479,2300,-357,4601,average
2248,2082,2165,166,4330,average
2178,2188,2183,-10,4366,average
2527,2006,2266,521,4533,average
2462,2586,2524,-124,5048,grandmaster
2138,1903,2020,235,4041,novice
2141,2039,2090,102,4180,novice
2047,2234,2140,-187,4281,average
2177,2137,2157,40,4314,average
2217,2060,2138,157,4277,average
2477,2461,2469,16,4938,master
2469,2685,2577,-216,5154,grandmaster
2569,2590,2579,-21,5159,grandmaster
1987,2433,2210,-446,4420,average
2007,2323,2165,-316,4330,average
2182,2491,2336,-309,4673,master
2368,2506,2437,-138,4874,master
2668,2747,2707,-79,5415,grandmaster
1958,2499,2228,-541,4457,average
2460,2595,2527,-135,5055,grandmaster
1982,2227,2104,-245,4209,average
2097,2222,2159,-125,4319,average
2204,2113,2158,91,4317,average
2582,2614,2598,-32,5196,grandmaster
2205,2573,2389,-368,4778,master
2179,2128,2153,51,4307,average
2227,2118,2172,109,4345,average
2731,2731,2731,0,5462,grandmaster
1971,2384,2177,-413,4355,average
2283,1886,2084,397,4169,novice
2317,2285,2301,32,4602,master
2347,2455,2401,-108,4802,master
2163,2031,2097,132,4194,novice
2298,2262,2280,36,4560,average
2163,1935,2049,228,4098,novice
1929,1546,1737,383,3475,novice
2245,1854,2049,391,4099,novice
2081,2181,2131,-100,4262,average
2270,2311,2290,-41,4581,average
2607,2753,2680,-146,5360,grandmaster
2135,2261,2198,-126,4396,average
2088,2170,2129,-82,4258,average
2092,2340,2216,-248,4432,average
2426,2458,2442,-32,4884,master
2610,2542,2576,68,5152,grandmaster
2491,2528,2509,-37,5019,grandmaster
2426,2543,2484,-117,4969,master
2310,2495,2402,-185,4805,master
2281,2479,2380,-198,4760,master
2050,2291,2170,-241,4341,average
2368,2096,2232,272,4464,average
2385,2094,2239,291,4479,average
2536,2049,2292,487,4585,average
2496,2535,2515,-39,5031,grandmaster
2196,2299,2247,-103,4495,average
2349,2461,2405,-112,4810,master
2679,2490,2584,189,5169,grandmaster
2301,2498,2399,-197,4799,master
2046,1933,1989,113,3979,novice
2211,2377,2294,-166,4588,average
2485,1775,2130,710,4260,average
2362,2149,2255,213,4511,average
2281,1924,2102,357,4205,average
2108,2344,2226,-236,4452,average
1927,2250,2088,-323,4177,novice
2358,2036,2197,322,4394,average
2372,2182,2277,190,4554,average
2224,2305,2264,-81,4529,average
2032,2474,2253,-442,4506,average
2280,2264,2272,16,4544,average
2426,2697,2561,-271,5123,grandmaster
2204,2107,2155,97,4311,average
2429,2289,2359,140,4718,master
2235,2353,2294,-118,4588,average
2544,2469,2506,75,5013,grandmaster
2128,1995,2061,133,4123,novice
2664,2631,2647,33,5295,grandmaster
2300,2256,2278,44,4556,average
2280,2390,2335,-110,4670,master
2305,2053,2179,252,4358,average
2637,2538,2587,99,5175,grandmaster
2487,2252,2369,235,4739,master
2030,1828,1929,202,3858,novice
2470,1968,2219,502,4438,average
2230,2112,2171,118,4342,average
2326,2197,2261,129,4523,average
2275,2133,2204,142,4408,average
2472,2582,2527,-110,5054,grandmaster
1995,2161,2078,-166,4156,novice
2413,2249,2331,164,4662,master
2275,2204,2239,71,4479,average
2242,2071,2156,171,4313,average
2125,2475,2300,-350,4600,average
2006,1923,1964,83,3929,novice
2171,2362,2266,-191,4533,average
1961,2005,1983,-44,3966,novice
2055,1786,1920,269,3841,novice
1949,2182,2065,-233,4131,novice
2048,2271,2159,-223,4319,average
2079,2354,2216,-275,4433,average
2391,2231,2311,160,4622,master
2378,2579,2478,-201,4957,master
2051,2488,2269,-437,4539,average
2052,2319,2185,-267,4371,average
2209,2458,2333,-249,4667,master
2236,2143,2189,93,4379,average
2170,2110,2140,60,4280,average
2197,2268,2232,-71,4465,average
2269,1860,2064,409,4129,novice
1915,2076,1995,-161,3991,novice
2125,2460,2292,-335,4585,average
2195,2261,2228,-66,4456,average
2579,2063,2321,516,4642,master
2399,2069,2234,330,4468,average
2359,2498,2428,-139,4857,master
2168,2221,2194,-53,4389,average
2417,2363,2390,54,4780,master
2182,2291,2236,-109,4473,average
1908,1598,1753,310,3506,novice
2553,2431,2492,122,4984,master
2444,2258,2351,186,4702,master
2091,2262,2176,-171,4353,average
2474,2621,2547,-147,5095,grandmaster
2218,1967,2092,251,4185,novice
2222,2215,2218,7,4437,average
2026,2138,2082,-112,4164,novice
2279,2638,2458,-359,4917,master
2176,2273,2224,-97,4449,average
2673,2541,2607,132,5214,grandmaster
2060,2195,2127,-135,4255,average
2544,2380,2462,164,4924,master
1772,1853,1812,-81,3625,novice
2363,2162,2262,201,4525,average
1659,1987,1823,-328,3646,novice
1962,1909,1935,53,3871,novice
2163,2309,2236,-146,4472,average
2171,2225,2198,-54,4396,average
2235,1967,2101,268,4202,average
2220,2620,2420,-400,4840,master
2686,2562,2624,124,5248,grandmaster
2105,2080,2092,25,4185,novice
2345,2195,2270,150,4540,average
1855,2379,2117,-524,4234,average
1842,2077,1959,-235,3919,novice
2030,2225,2127,-195,4255,average
1976,2163,2069,-187,4139,novice
2404,2114,2259,290,4518,average
2225,2047,2136,178,4272,average
1917,2108,2012,-191,4025,novice
2298,2136,2217,162,4434,average
2226,1990,2108,236,4216,average
2456,2390,2423,66,4846,master
2228,2211,2219,17,4439,average
2056,2200,2128,-144,4256,average
2465,2684,2574,-219,5149,grandmaster
2109,2174,2141,-65,4283,average
1909,1717,1813,192,3626,novice
2618,2574,2596,44,5192,grandmaster
2033,2711,2372,-678,4744,master
2451,2278,2364,173,4729,master
2187,2206,2196,-19,4393,average
1684,2523,2103,-839,4207,average
2264,2425,2344,-161,4689,master
2196,1958,2077,238,4154,novice
2213,2007,2110,206,4220,average
2237,2263,2250,-26,4500,average
2482,2277,2379,205,4759,master
2195,2204,2199,-9,4399,average
2194,2327,2260,-133,4521,average
2414,2267,2340,147,4681,master
1934,2238,2086,-304,4172,novice
2563,2683,2623,-120,5246,grandmaster
2434,2193,2313,241,4627,master
2413,2099,2256,314,4512,average
2405,1653,2029,752,4058,novice
2064,1795,1929,269,3859,novice
2718,2494,2606,224,5212,grandmaster
2163,2060,2111,103,4223,average
1989,1787,1888,202,3776,novice
2214,2057,2135,157,4271,average
2261,1987,2124,274,4248,average
2339,2051,2195,288,4390,average
2363,2448,2405,-85,4811,master
2589,2458,2523,131,5047,grandmaster
2291,2129,2210,162,4420,average
2230,2375,2302,-145,4605,master
2094,2346,2220,-252,4440,average
2308,2088,2198,220,4396,average
1978,1996,1987,-18,3974,novice
2186,1798,1992,388,3984,novice
1968,1873,1920,95,3841,novice
2250,1972,2111,278,4222,average
2364,2029,2196,335,4393,average
2512,2477,2494,35,4989,master
2166,2090,2128,76,4256,average
2490,2624,2557,-134,5114,grandmaster
2327,2217,2272,110,4544,average
2380,2564,2472,-184,4944,master
2638,2518,2578,120,5156,grandmaster
2477,2207,2342,270,4684,master
2230,2169,2199,61,4399,average
2390,2370,2380,20,4760,master
2420,2343,2381,77,4763,master
2416,2449,2432,-33,4865,master
2203,2534,2368,-331,4737,master
2172,2113,2142,59,4285,average
1651,1892,1771,-241,3543,novice
2674,2572,2623,102,5246,grandmaster
2028,1977,2002,51,4005,novice
2020,2011,2015,9,4031,novice
2089,2262,2175,-173,4351,average
2293,2114,2203,179,4407,average
2282,1677,1979,605,3959,novice
2269,2060,2164,209,4329,average
2235,2275,2255,-40,4510,average
2131,2610,2370,-479,4741,master
2462,2528,2495,-66,4990,master
2005,2232,2118,-227,4237,average
1899,2461,2180,-562,4360,average
2073,2376,2224,-303,4449,average
2362,2125,2243,237,4487,average
2397,2616,2506,-219,5013,grandmaster
2562,2185,2373,377,4747,master
2357,2122,2239,235,4479,average
2483,2480,2481,3,4963,master
2684,2366,2525,318,5050,grandmaster
2387,2219,2303,168,4606,master
2374,2521,2447,-147,4895,master
2341,2321,2331,20,4662,master
2383,2710,2546,-327,5093,grandmaster
2237,2117,2177,120,4354,average
2577,2191,2384,386,4768,master
2007,2271,2139,-264,4278,average
2056,2521,2288,-465,4577,average
1861,1705,1783,156,3566,novice
1941,2131,2036,-190,4072,novice
2074,2277,2175,-203,4351,average
2310,2209,2259,101,4519,average
2047,2316,2181,-269,4363,average
1988,1683,1835,305,3671,novice
2138,1954,2046,184,4092,novice
2223,2439,2331,-216,4662,master
2298,2212,2255,86,4510,average
2595,2418,2506,177,5013,grandmaster
2311,1984,2147,327,4295,average
2504,2710,2607,-206,5214,grandmaster
2709,2581,2645,128,5290,grandmaster
1910,2150,2030,-240,4060,novice
2176,2435,2305,-259,4611,master
2074,2489,2281,-415,4563,average
1880,2427,2153,-547,4307,average
1738,2011,1874,-273,3749,novice
1944,2143,2043,-199,4087,novice
2356,2036,2196,320,4392,average
1828,1640,1734,188,3468,novice
2551,2401,2476,150,4952,master
1772,2375,2073,-603,4147,novice
2571,2702,2636,-131,5273,grandmaster
2229,2138,2183,91,4367,average
2169,2387,2278,-218,4556,average
2236,2236,2236,0,4472,average
2551,2437,2494,114,4988,master
2461,2125,2293,336,4586,average
2231,2373,2302,-142,4604,master
2471,2312,2391,159,4783,master
2265,2079,2172,186,4344,average
2524,2501,2512,23,5025,grandmaster
2384,2265,2324,119,4649,master
2538,2660,2599,-122,5198,grandmaster
2442,2309,2375,133,4751,master
2399,2227,2313,172,4626,master
2063,2234,2148,-171,4297,average
2186,2447,2316,-261,4633,master
2657,2717,2687,-60,5374,grandmaster
2378,2592,2485,-214,4970,master
2307,2216,2261,91,4523,average
2214,1879,2046,335,4093,novice
2117,2235,2176,-118,4352,average
2479,2712,2595,-233,5191,grandmaster
2649,2438,2543,211,5087,grandmaster
2460,2172,2316,288,4632,master
2255,2436,2345,-181,4691,master
2345,2154,2249,191,4499,average
2249,2095,2172,154,4344,average
2319,2115,2217,204,4434,average
2419,2488,2453,-69,4907,master
2064,2442,2253,-378,4506,average
1932,1730,1831,202,3662,novice
2520,2392,2456,128,4912,master
2317,2257,2287,60,4574,average
2277,2397,2337,-120,4674,master
2362,2205,2283,157,4567,average
2189,2350,2269,-161,4539,average
2425,2603,2514,-178,5028,grandmaster
2345,2175,2260,170,4520,average
2305,2545,2425,-240,4850,master
2037,2290,2163,-253,4327,average
2181,2326,2253,-145,4507,average
2067,2487,2277,-420,4554,average
1994,2298,2146,-304,4292,average
2466,2072,2269,394,4538,average
2489,1977,2233,512,4466,average
2495,2416,2455,79,4911,master
2056,1883,1969,173,3939,novice
2196,2511,2353,-315,4707,master
2625,2562,2593,63,5187,grandmaster
2460,2494,2477,-34,4954,master
2347,2189,2268,158,4536,average
1769,2043,1906,-274,3812,novice
1962,1853,1907,109,3815,novice
2552,2342,2447,210,4894,master
2289,2278,2283,11,4567,average
2122,2265,2193,-143,4387,average
2394,2106,2250,288,4500,average
2226,2057,2141,169,4283,average
2237,1952,2094,285,4189,novice
2621,2150,2385,471,4771,master
1962,2638,2300,-676,4600,average
1965,1994,1979,-29,3959,novice
2215,1960,2087,255,4175,novice
1899,2189,2044,-290,4088,novice
2068,2596,2332,-528,4664,master
2066,2278,2172,-212,4344,average
1778,2455,2116,-677,4233,average
2224,2254,2239,-30,4478,average
2525,2122,2323,403,4647,master
2056,2326,2191,-270,4382,average
2664,2229,2446,435,4893,master
2097,2017,2057,80,4114,novice
2426,2233,2329,193,4659,master
2032,2287,2159,-255,4319,average
2249,2272,2260,-23,4521,average
2708,2524,2616,184,5232,grandmaster
2297,2213,2255,84,4510,average
2355,2072,2213,283,4427,average
1926,2070,1998,-144,3996,novice
2164,2401,2282,-237,4565,average
2506,2356,2431,150,4862,master
2335,2002,2168,333,4337,average
1956,2230,2093,-274,4186,novice
2298,2318,2308,-20,4616,master
2363,2149,2256,214,4512,average
2487,2248,2367,239,4735,master
2101,2117,2109,-16,4218,average
2512,2368,2440,144,4880,master
2237,1956,2096,281,4193,novice
2200,1964,2082,236,4164,novice
2221,2016,2118,205,4237,average
2122,2305,2213,-183,4427,average
2529,2001,2265,528,4530,average
2434,2200,2317,234,4634,master
1904,2315,2109,-411,4219,average
1978,2251,2114,-273,4229,average
2357,2239,2298,118,4596,average
2245,2036,2140,209,4281,average
2252,1965,2108,287,4217,average
2070,1957,2013,113,4027,novice
2123,2303,2213,-180,4426,average
2328,2148,2238,180,4476,average
2646,2443,2544,203,5089,grandmaster
2263,2109,2186,154,4372,average
2016,1557,1786,459,3573,novice
2149,2202,2175,-53,4351,average
2263,2227,2245,36,4490,average
2235,2368,2301,-133,4603,master
2329,2104,2216,225,4433,average
1950,2218,2084,-268,4168,novice
2119,2229,2174,-110,4348,average
2376,2396,2386,-20,4772,master
2118,2299,2208,-181,4417,average
2679,2196,2437,483,4875,master
2362,2026,2194,336,4388,average
2490,2007,2248,483,4497,average
2149,2344,2246,-195,4493,average
2102,1832,1967,270,3934,novice
2274,1839,2056,435,4113,novice
2004,1848,1926,156,3852,novice
2216,2252,2234,-36,4468,average
2193,2396,2294,-203,4589,average
1945,2073,2009,-128,4018,novice
2321,2264,2292,57,4585,average
2133,2343,2238,-210,4476,average
2222,2270,2246,-48,4492,average
2229,2320,2274,-91,4549,average
2256,2429,2342,-173,4685,master
2199,2518,2358,-319,4717,master
2336,2579,2457,-243,4915,master
1981,2458,2219,-477,4439,average
2386,2682,2534,-296,5068,grandmaster
2263,2002,2132,261,4265,average
2604,2611,2607,-7,5215,grandmaster
2032,2474,2253,-442,4506,average
1709,1589,1649,120,3298,novice
2064,2253,2158,-189,4317,average
1951,1598,1774,353,3549,novice
2029,2385,2207,-356,4414,average
2289,2242,2265,47,4531,average
2421,2268,2344,153,4689,master
2026,1958,1992,68,3984,novice
1892,2335,2113,-443,4227,average
2073,1997,2035,76,4070,novice
2117,2069,2093,48,4186,novice
2281,2423,2352,-142,4704,master
2503,1826,2164,677,4329,average
1985,1892,1938,93,3877,novice
2188,2006,2097,182,4194,novice
2321,1985,2153,336,4306,average
2253,2274,2263,-21,4527,average
2121,2215,2168,-94,4336,average
2323,2415,2369,-92,4738,master
2425,2477,2451,-52,4902,master
2244,2268,2256,-24,4512,average
2089,1929,2009,160,4018,novice
2291,2086,2188,205,4377,average
2291,2409,2350,-118,4700,master
1893,2297,2095,-404,4190,novice
2256,2014,2135,242,4270,average
2232,2278,2255,-46,4510,average
2285,2208,2246,77,4493,average
2541,2456,2498,85,4997,master
2234,2237,2235,-3,4471,average
2045,2382,2213,-337,4427,average
1969,2369,2169,-400,4338,average
2211,2350,2280,-139,4561,average
2632,2484,2558,148,5116,grandmaster
2036,2197,2116,-161,4233,average
2002,2126,2064,-124,4128,novice
2027,1978,2002,49,4005,novice
2157,2271,2214,-114,4428,average
2215,2445,2330,-230,4660,master
2156,2266,2211,-110,4422,average
2439,1952,2195,487,4391,average
2126,2457,2291,-331,4583,average
2602,2486,2544,116,5088,grandmaster
2484,2594,2539,-110,5078,grandmaster
1611,1286,1448,325,2897,novice
2206,2495,2350,-289,4701,master
2366,2164,2265,202,4530,average
2259,1993,2126,266,4252,average
2423,1932,2177,491,4355,average
2017,2459,2238,-442,4476,average
2323,2461,2392,-138,4784,master
2030,2293,2161,-263,4323,average
2216,2096,2156,120,4312,average
2497,2447,2472,50,4944,master
2225,2274,2249,-49,4499,average
1793,2522,2157,-729,4315,average
2543,2527,2535,16,5070,grandmaster
1658,1849,1753,-191,3507,novice
2118,2351,2234,-233,4469,average
2214,1929,2071,285,4143,novice
2146,2195,2170,-49,4341,average
2416,2382,2399,34,4798,master
2307,2039,2173,268,4346,average
2645,2318,2481,327,4963,master
2073,2226,2149,-153,4299,average
2557,2629,2593,-72,5186,grandmaster
2243,2216,2229,27,4459,average
1856,1700,1778,156,3556,novice
2216,2179,2197,37,4395,average
2087,2377,2232,-290,4464,average
2189,1978,2083,211,4167,novice
2377,2176,2276,201,4553,average
2404,2159,2281,245,4563,average
2164,2135,2149,29,4299,average
2523,2644,2583,-121,5167,grandmaster
2096,2403,2249,-307,4499,average
2512,2570,2541,-58,5082,grandmaster
2354,2419,2386,-65,4773,master
2361,2360,2360,1,4721,master
2282,2135,2208,147,4417,average
2193,1820,2006,373,4013,novice
2059,2235,2147,-176,4294,average
2161,2250,2205,-89,4411,average
2408,2281,2344,127,4689,master
1596,2046,1821,-450,3642,novice
2089,2422,2255,-333,4511,average
2075,1880,1977,195,3955,novice
2187,2116,2151,71,4303,average
2686,2546,2616,140,5232,grandmaster
2189,2451,2320,-262,4640,master
2303,2509,2406,-206,4812,master
2306,2210,2258,96,4516,average
2213,1835,2024,378,4048,novice
2254,2049,2151,205,4303,average
2257,2496,2376,-239,4753,master
2406,2260,2333,146,4666,master
2455,2021,2238,434,4476,average
2302,2211,2256,91,4513,average
2188,2399,2293,-211,4587,average
2415,2203,2309,212,4618,master
2369,2453,2411,-84,4822,master
2261,2003,2132,258,4264,average
2242,2280,2261,-38,4522,average
2298,1783,2040,515,4081,novice
2337,2034,2185,303,4371,average
2232,1951,2091,281,4183,novice
2267,2003,2135,264,4270,average
2386,2456,2421,-70,4842,master
1932,2452,2192,-520,4384,average
2002,2232,2117,-230,4234,average
2082,2351,2216,-269,4433,average
2427,2511,2469,-84,4938,master
2127,2377,2252,-250,4504,average
2243,2059,2151,184,4302,average
2339,2536,2437,-197,4875,master
2201,2342,2271,-141,4543,average
2406,2108,2257,298,4514,average
2002,2205,2103,-203,4207,average
1825,2203,2014,-378,4028,novice
2616,2472,2544,144,5088,grandmaster
1688,1828,1758,-140,3516,novice
2007,2146,2076,-139,4153,novice
2586,2242,2414,344,4828,master
2061,2359,2210,-298,4420,average
2498,2271,2384,227,4769,master
2668,2578,2623,90,5246,grandmaster
2257,2364,2310,-107,4621,master
2144,2153,2148,-9,4297,average
2373,1963,2168,410,4336,average
2646,2543,2594,103,5189,grandmaster
2422,2583,2502,-161,5005,grandmaster
2368,2099,2233,269,4467,average
1803,2116,1959,-313,3919,novice
1982,1879,1930,103,3861,novice
2401,2165,2283,236,4566,average
2467,2561,2514,-94,5028,grandmaster
1820,1860,1840,-40,3680,novice
2700,2485,2592,215,5185,grandmaster
2746,2500,2623,246,5246,grandmaster
2635,2130,2382,505,4765,master
2075,2457,2266,-382,4532,average
2035,1863,1949,172,3898,novice
2343,2396,2369,-53,4739,master
2426,2463,2444,-37,4889,master
1817,1993,1905,-176,3810,novice
2023,2217,2120,-194,4240,average
2433,2638,2535,-205,5071,grandmaster
2126,2225,2175,-99,4351,average
1967,2121,2044,-154,4088,novice
1999,2222,2110,-223,4221,average
2521,2629,2575,-108,5150,grandmaster
2313,2313,2313,0,4626,master
2136,2272,2204,-136,4408,average
2169,2168,2168,1,4337,average
2133,2070,2101,63,4203,average
2324,2049,2186,275,4373,average
2571,2384,2477,187,4955,master
2028,2635,2331,-607,4663,master
2332,2369,2350,-37,4701,master
2135,2170,2152,-35,4305,average
2097,2190,2143,-93,4287,average
2506,2681,2593,-175,5187,grandmaster
2285,2222,2253,63,4507,average
2225,2280,2252,-55,4505,average
1819,1723,1771,96,3542,novice
2134,2055,2094,79,4189,novice
2219,2027,2123,192,4246,average
2147,2233,2190,-86,4380,average
1908,2267,2087,-359,4175,novice
2371,2451,2411,-80,4822,master
2263,2535,2399,-272,4798,master
2563,2013,2288,550,4576,average
2311,2225,2268,86,4536,average
2351,2195,2273,156,4546,average
1869,2190,2029,-321,4059,novice
2647,2570,2608,77,5217,grandmaster
2121,2192,2156,-71,4313,average
2091,2489,2290,-398,4580,average
2661,1972,2316,689,4633,master
2472,2166,2319,306,4638,master
2678,2721,2699,-43,5399,grandmaster
2603,2651,2627,-48,5254,grandmaster
1345,1952,1648,-607,3297,novice
2058,2381,2219,-323,4439,average
2391,2161,2276,230,4552,average
2329,2209,2269,120,4538,average
2711,2775,2743,-64,5486,grandmaster
2295,2211,2253,84,4506,average
2342,2043,2192,299,4385,average
2506,2575,2540,-69,5081,grandmaster
2212,2025,2118,187,4237,average
2023,2112,2067,-89,4135,novice
2082,1790,1936,292,3872,novice
2100,2498,2299,-398,4598,average
1935,2135,2035,-200,4070,novice
2183,2318,2250,-135,4501,average
2293,2062,2177,231,4355,average
2359,2074,2216,285,4433,average
2430,2435,2432,-5,4865,master
1848,1996,1922,-148,3844,novice
2619,2370,2494,249,4989,master
2191,2300,2245,-109,4491,average
2625,2520,2572,105,5145,grandmaster
2488,2222,2355,266,4710,master
2616,2446,2531,170,5062,grandmaster
2377,2114,2245,263,4491,average
2372,1998,2185,374,4370,average
2244,2093,2168,151,4337,average
2639,2598,2618,41,5237,grandmaster
2326,2481,2403,-155,4807,master
2394,2135,2264,259,4529,average
2064,2262,2163,-198,4326,average
2415,2133,2274,282,4548,average
2317,2244,2280,73,4561,average
2306,2025,2165,281,4331,average
2512,2188,2350,324,4700,master
2300,2442,2371,-142,4742,master
2554,1875,2214,679,4429,average
1801,1973,1887,-172,3774,novice
2196,1852,2024,344,4048,novice
2149,1898,2023,251,4047,novice
2279,1878,2078,401,4157,novice
2482,2343,2412,139,4825,master
2105,2313,2209,-208,4418,average
2315,2261,2288,54,4576,average
1899,2489,2194,-590,4388,average
2543,2355,2449,188,4898,master
2349,2120,2234,229,4469,average
2334,2156,2245,178,4490,average
1964,2324,2144,-360,4288,average
2111,1857,1984,254,3968,novice
2330,2239,2284,91,4569,average
2572,2429,2500,143,5001,master
2173,2190,2181,-17,4363,average
2255,2432,2343,-177,4687,master
2140,2051,2095,89,4191,novice
2025,2551,2288,-526,4576,average
2519,2282,2400,237,4801,master
2440,2085,2262,355,4525,average
2391,2547,2469,-156,4938,master
2201,2145,2173,56,4346,average
1430,1544,1487,-114,2974,novice
2004,2251,2127,-247,4255,average
1977,2214,2095,-237,4191,novice
2483,2618,2550,-135,5101,grandmaster
1706,1516,1611,190,3222,novice
2211,2040,2125,171,4251,average
2215,1925,2070,290,4140,novice
2330,2424,2377,-94,4754,master
2276,2059,2167,217,4335,average
2242,2180,2211,62,4422,average
2332,2086,2209,246,4418,average
2340,2033,2186,307,4373,average
2491,2335,2413,156,4826,master
2506,2009,2257,497,4515,average
2105,2135,2120,-30,4240,average
2239,2505,2372,-266,4744,master
1971,2099,2035,-128,4070,novice
2219,2038,2128,181,4257,average
2048,2272,2160,-224,4320,average
2049,2147,2098,-98,4196,novice
2264,1937,2100,327,4201,novice
1498,1790,1644,-292,3288,novice
2282,2582,2432,-300,4864,master
2422,2247,2334,175,4669,master
2195,2080,2137,115,4275,average
2433,1796,2114,637,4229,average
2307,2221,2264,86,4528,average
2340,2470,2405,-130,4810,master
2652,2420,2536,232,5072,grandmaster
2096,2116,2106,-20,4212,average
2643,2678,2660,-35,5321,grandmaster
2211,1927,2069,284,4138,novice
2170,2321,2245,-151,4491,average
1529,1897,1713,-368,3426,novice
2620,2488,2554,132,5108,grandmaster
2785,2338,2561,447,5123,grandmaster
2360,2212,2286,148,4572,average
2505,2269,2387,236,4774,master
2157,1848,2002,309,4005,novice
2545,2495,2520,50,5040,grandmaster
2250,2063,2156,187,4313,average
2214,2443,2328,-229,4657,master
2312,2285,2298,27,4597,average
2580,2470,2525,110,5050,grandmaster
2357,2354,2355,3,4711,master
2046,2517,2281,-471,4563,average
2040,2009,2024,31,4049,novice
2117,2464,2290,-347,4581,average
2090,1918,2004,172,4008,novice
1970,2072,2021,-102,4042,novice
2431,2380,2405,51,4811,master
2109,2148,2128,-39,4257,average
2000,2206,2103,-206,4206,average
2348,2119,2233,229,4467,average
2659,2712,2685,-53,5371,grandmaster
1830,2119,1974,-289,3949,novice
2200,2283,2241,-83,4483,average
2442,2469,2455,-27,4911,master
2222,2378,2300,-156,4600,average
1870,2259,2064,-389,4129,novice
1886,2041,1963,-155,3927,novice
2573,2250,2411,323,4823,master
2315,2081,2198,234,4396,average
2076,2437,2256,-361,4513,average
2172,2405,2288,-233,4577,average
2398,2119,2258,279,4517,average
2115,2096,2105,19,4211,average
1812,2413,2112,-601,4225,average
2384,2180,2282,204,4564,average
2123,2200,2161,-77,4323,average
1890,1639,1764,251,3529,novice
2184,2261,2222,-77,4445,average
2268,2064,2166,204,4332,average
2078,2573,2325,-495,4651,master
1796,1792,1794,4,3588,novice
2411,2336,2373,75,4747,master
2428,2282,2355,146,4710,master
2429,2319,2374,110,4748,master
2237,2016,2126,221,4253,average
2133,2589,2361,-456,4722,master
2515,2638,2576,-123,5153,grandmaster
2200,2017,2108,183,4217,average
2076,2289,2182,-213,4365,average
2463,1997,2230,466,4460,average
2031,1747,1889,284,3778,novice
2113,1941,2027,172,4054,novice
1901,2171,2036,-270,4072,novice
1982,2132,2057,-150,4114,novice
2007,1766,1886,241,3773,novice
2211,2305,2258,-94,4516,average
2429,2198,2313,231,4627,master
2171,2190,2180,-19,4361,average
2526,2422,2474,104,4948,master
2009,2273,2141,-264,4282,average
2203,2265,2234,-62,4468,average
2219,2317,2268,-98,4536,average
2474,1937,2205,537,4411,average
1803,2071,1937,-268,3874,novice
2043,2363,2203,-320,4406,average
2177,2304,2240,-127,4481,average
2378,2598,2488,-220,4976,master
2172,2042,2107,130,4214,average
2619,2561,2590,58,5180,grandmaster
2348,2340,2344,8,4688,master
2002,2289,2145,-287,4291,average
2078,2157,2117,-79,4235,average
2454,2409,2431,45,4863,master
2212,2325,2268,-113,4537,average
2167,2360,2263,-193,4527,average
1973,2099,2036,-126,4072,novice
2181,2275,2228,-94,4456,average
1814,1993,1903,-179,3807,novice
2118,2283,2200,-165,4401,average
1402,1742,1572,-340,3144,novice
2112,2288,2200,-176,4400,average
2284,2289,2286,-5,4573,average
2100,2068,2084,32,4168,novice
2087,2347,2217,-260,4434,average
1902,2118,2010,-216,4020,novice
2281,2118,2199,163,4399,average
2353,2220,2286,133,4573,average
2643,2494,2568,149,5137,grandmaster
2248,2111,2179,137,4359,average
2355,2087,2221,268,4442,average
2189,2107,2148,82,4296,average
2191,2408,2299,-217,4599,average
2495,2471,2483,24,4966,master
2693,2769,2731,-76,5462,grandmaster
2502,2573,2537,-71,5075,grandmaster
1958,2354,2156,-396,4312,average
2122,1881,2001,241,4003,novice
2410,2000,2205,410,4410,average
2048,2212,2130,-164,4260,average
2717,2549,2633,168,5266,grandmaster
2239,2469,2354,-230,4708,master
2203,2078,2140,125,4281,average
2647,2531,2589,116,5178,grandmaster
2259,1983,2121,276,4242,average
2313,2292,2302,21,4605,master
2232,2201,2216,31,4433,average
2256,2150,2203,106,4406,average
2352,2303,2327,49,4655,master
2227,2052,2139,175,4279,average
2226,2411,2318,-185,4637,master
2113,2354,2233,-241,4467,average
2061,2057,2059,4,4118,novice
2083,2228,2155,-145,4311,average
2567,2602,2584,-35,5169,grandmaster
2676,2534,2605,142,5210,grandmaster
2143,1997,2070,146,4140,novice
1991,2401,2196,-410,4392,average
2106,2437,2271,-331,4543,average
2329,2132,2230,197,4461,average
2450,1787,2118,663,4237,average
2469,2575,2522,-106,5044,grandmaster
2266,2302,2284,-36,4568,average
2056,2244,2150,-188,4300,average
2176,2426,2301,-250,4602,master
2171,1862,2016,309,4033,novice
2278,2027,2152,251,4305,average
2075,2184,2129,-109,4259,average
2285,2428,2356,-143,4713,master
1854,2257,2055,-403,4111,novice
2543,2491,2517,52,5034,grandmaster
2343,2268,2305,75,4611,master
2318,2231,2274,87,4549,average
1936,2496,2216,-560,4432,average
1881,2408,2144,-527,4289,average
2200,2042,2121,158,4242,average
2070,2256,2163,-186,4326,average
2395,2517,2456,-122,4912,master
1747,1992,1869,-245,3739,novice
2314,2204,2259,110,4518,average
2008,1749,1878,259,3757,novice
2077,2322,2199,-245,4399,average
2462,2302,2382,160,4764,master
2361,1879,2120,482,4240,average
2157,2081,2119,76,4238,average
2263,2261,2262,2,4524,average
2483,2514,2498,-31,4997,master
2081,2359,2220,-278,4440,average
1945,1954,1949,-9,3899,novice
1613,1707,1660,-94,3320,novice
2272,2041,2156,231,4313,average
2262,1997,2129,265,4259,average
2328,1991,2159,337,4319,average
2170,2379,2274,-209,4549,average
2003,2531,2267,-528,4534,average
2450,2250,2350,200,4700,master
2535,2320,2427,215,4855,master
2048,2342,2195,-294,4390,average
1651,2053,1852,-402,3704,novice
2166,2273,2219,-107,4439,average
1957,2323,2140,-366,4280,average
2434,2123,2278,311,4557,average
2454,2123,2288,331,4577,average
2244,2459,2351,-215,4703,master
1854,1885,1869,-31,3739,novice
2227,2373,2300,-146,4600,average
2334,1912,2123,422,4246,average
2462,2148,2305,314,4610,master
2245,2262,2253,-17,4507,average
2405,2179,2292,226,4584,average
2053,2234,2143,-181,4287,average
2221,2182,2201,39,4403,average
2369,2146,2257,223,4515,average
2691,2227,2459,464,4918,master
2456,2170,2313,286,4626,master
2504,2489,2496,15,4993,master
2085,2262,2173,-177,4347,average
2251,2493,2372,-242,4744,master
2231,2448,2339,-217,4679,master
2035,2337,2186,-302,4372,average
2263,2209,2236,54,4472,average
2350,2099,2224,251,4449,average
2315,2344,2329,-29,4659,master
2367,2311,2339,56,4678,master
2190,2227,2208,-37,4417,average
2288,2084,2186,204,4372,average
2060,2218,2139,-158,4278,average
1711,1938,1824,-227,3649,novice
2213,2159,2186,54,4372,average
2070,2226,2148,-156,4296,average
2406,2522,2464,-116,4928,master
2151,2192,2171,-41,4343,average
1774,2300,2037,-526,4074,novice
1850,2130,1990,-280,3980,novice
2434,2005,2219,429,4439,average
1971,2178,2074,-207,4149,novice
2459,1943,2201,516,4402,average
2469,2126,2297,343,4595,average
2075,2298,2186,-223,4373,average
2339,2074,2206,265,4413,average
2204,2368,2286,-164,4572,average
2700,1710,2205,990,4410,average
2184,2083,2133,101,4267,average
1969,2177,2073,-208,4146,novice
2139,2169,2154,-30,4308,average
2489,2585,2537,-96,5074,grandmaster
2204,2003,2103,201,4207,average
2245,2501,2373,-256,4746,master
2191,2202,2196,-11,4393,average
2240,2006,2123,234,4246,average
1400,1256,1328,144,2656,novice
2313,2505,2409,-192,4818,master
2230,2504,2367,-274,4734,master
1702,1925,1813,-223,3627,novice
2415,2469,2442,-54,4884,master
2349,1978,2163,371,4327,average
2067,2293,2180,-226,4360,average
2199,2325,2262,-126,4524,average
2157,2319,2238,-162,4476,average
2151,2017,2084,134,4168,novice
2059,2340,2199,-281,4399,average
1854,2198,2026,-344,4052,novice
2017,2215,2116,-198,4232,average
2341,2506,2423,-165,4847,master
2190,2135,2162,55,4325,average
2180,1992,2086,188,4172,novice
2315,2513,2414,-198,4828,master
2623,2482,2552,141,5105,grandmaster
2132,2384,2258,-252,4516,average
2043,1891,1967,152,3934,novice
2223,2091,2157,132,4314,average
2563,2550,2556,13,5113,grandmaster
2112,2018,2065,94,4130,novice
1995,2355,2175,-360,4350,average
2354,2034,2194,320,4388,average
2013,2302,2157,-289,4315,average
2360,2553,2456,-193,4913,master
1904,2203,2053,-299,4107,novice
2106,1630,1868,476,3736,novice
2372,2156,2264,216,4528,average
2080,2209,2144,-129,4289,average
2515,2026,2270,489,4541,average
1980,2223,2101,-243,4203,average
2275,2129,2202,146,4404,average
2484,1950,2217,534,4434,average
2168,2420,2294,-252,4588,average
2448,2253,2350,195,4701,master
2387,2593,2490,-206,4980,master
2316,2460,2388,-144,4776,master
2289,1939,2114,350,4228,average
2102,2427,2264,-325,4529,average
2229,2191,2210,38,4420,average
2201,2299,2250,-98,4500,average
1803,2350,2076,-547,4153,novice
2111,2249,2180,-138,4360,average
1902,2092,1997,-190,3994,novice
2540,2635,2587,-95,5175,grandmaster
1598,1881,1739,-283,3479,novice
2008,1891,1949,117,3899,novice
2071,2248,2159,-177,4319,average
2469,2334,2401,135,4803,master
2132,2363,2247,-231,4495,average
2255,2242,2248,13,4497,average
2399,1901,2150,498,4300,average
2337,2220,2278,117,4557,average
1717,2271,1994,-554,3988,novice
2310,2239,2274,71,4549,average
2476,2604,2540,-128,5080,grandmaster
2423,2672,2547,-249,5095,grandmaster
2616,2152,2384,464,4768,master
2145,2283,2214,-138,4428,average
2036,2276,2156,-240,4312,average
2304,2175,2239,129,4479,average
2330,2480,2405,-150,4810,master
2088,2319,2203,-231,4407,average
1788,1585,1686,203,3373,novice
2096,2097,2096,-1,4193,novice
2125,1753,1939,372,3878,novice
2249,2222,2235,27,4471,average
1923,2429,2176,-506,4352,average
2307,2135,2221,172,4442,average
2060,2574,2317,-514,4634,master
2517,2313,2415,204,4830,master
2113,2234,2173,-121,4347,average
2169,2403,2286,-234,4572,average
2240,1970,2105,270,4210,average
2114,2281,2197,-167,4395,average
1747,2196,1971,-449,3943,novice
2029,1805,1917,224,3834,novice
2404,2164,2284,240,4568,average
2501,2458,2479,43,4959,master
2001,2007,2004,-6,4008,novice
2159,2596,2377,-437,4755,master
1863,2283,2073,-420,4146,novice
2564,2553,2558,11,5117,grandmaster
2623,2264,2443,359,4887,master
2446,2458,2452,-12,4904,master
2011,2226,2118,-215,4237,average
1953,1747,1850,206,3700,novice
2302,2091,2196,211,4393,average
2569,2758,2663,-189,5327,grandmaster
2558,2281,2419,277,4839,master
2195,2381,2288,-186,4576,average
2463,2494,2478,-31,4957,master
2009,1769,1889,240,3778,novice
2403,2497,2450,-94,4900,master
2621,2514,2567,107,5135,grandmaster
2225,2014,2119,211,4239,average
2401,2001,2201,400,4402,average
2184,2276,2230,-92,4460,average
1954,2362,2158,-408,4316,average
2104,2475,2289,-371,4579,average
2092,2277,2184,-185,4369,average
2380,2734,2557,-354,5114,grandmaster
2279,2277,2278,2,4556,average
2245,1986,2115,259,4231,average
2551,2528,2539,23,5079,grandmaster
2378,1935,2156,443,4313,average
1916,2239,2077,-323,4155,novice
2716,2215,2465,501,4931,master
2247,2001,2124,246,4248,average
2149,2268,2208,-119,4417,average
2025,2326,2175,-301,4351,average
2708,2470,2589,238,5178,grandmaster
2193,2409,2301,-216,4602,master
2686,2340,2513,346,5026,grandmaster
2177,1829,2003,348,4006,novice
2251,2219,2235,32,4470,average
2154,1896,2025,258,4050,novice
2123,2298,2210,-175,4421,average
2452,2243,2347,209,4695,master
2182,2328,2255,-146,4510,average
2375,2129,2252,246,4504,average
2455,2280,2367,175,4735,master
2636,2738,2687,-102,5374,grandmaster
2393,2361,2377,32,4754,master
2486,2527,2506,-41,5013,grandmaster
2478,2628,2553,-150,5106,grandmaster
2315,1942,2128,373,4257,average
2135,1735,1935,400,3870,novice
2510,2354,2432,156,4864,master
1796,2097,1946,-301,3893,novice
2316,2503,2409,-187,4819,master
2182,2081,2131,101,4263,average
2387,2442,2414,-55,4829,master
2297,1869,2083,428,4166,novice
2319,2108,2213,211,4427,average
2113,2403,2258,-290,4516,average
2283,2690,2486,-407,4973,master
2520,2493,2506,27,5013,grandmaster
2263,2249,2256,14,4512,average
2696,2573,2634,123,5269,grandmaster
1827,2598,2212,-771,4425,average
2556,2262,2409,294,4818,master
2283,2001,2142,282,4284,average
2309,2120,2214,189,4429,average
2165,1923,2044,242,4088,novice
2700,2653,2676,47,5353,grandmaster
2012,2170,2091,-158,4182,novice
1707,2032,1869,-325,3739,novice
2256,2181,2218,75,4437,average
1936,1758,1847,178,3694,novice
2371,2020,2195,351,4391,average
2170,2500,2335,-330,4670,master
2361,2021,2191,340,4382,average
1920,1713,1816,207,3633,novice
2274,2131,2202,143,4405,average
1706,2100,1903,-394,3806,novice
2328,2645,2486,-317,4973,master
2050,2110,2080,-60,4160,novice
2268,2049,2158,219,4317,average
2122,2310,2216,-188,4432,average
2266,1994,2130,272,4260,average
1978,2121,2049,-143,4099,novice
2085,1931,2008,154,4016,novice
2030,2175,2102,-145,4205,average
2106,2377,2241,-271,4483,average
1811,1981,1896,-170,3792,novice
2374,2183,2278,191,4557,average
1839,1592,1715,247,3431,novice
2194,2580,2387,-386,4774,master
2324,2070,2197,254,4394,average
2478,2351,2414,127,4829,master
2387,2103,2245,284,4490,average
2113,1970,2041,143,4083,novice
2574,2292,2433,282,4866,master
2512,2553,2532,-41,5065,grandmaster
2062,2157,2109,-95,4219,average
1956,1716,1836,240,3672,novice
2167,2263,2215,-96,4430,average
2267,2473,2370,-206,4740,master
2044,2420,2232,-376,4464,average
2201,2413,2307,-212,4614,master
2233,2398,2315,-165,4631,master
2274,2169,2221,105,4443,average
2136,2004,2070,132,4140,novice
2137,2147,2142,-10,4284,average
2541,2552,2546,-11,5093,grandmaster
1806,2262,2034,-456,4068,novice
2136,2376,2256,-240,4512,average
2469,2253,2361,216,4722,master
2788,2770,2779,18,5558,grandmaster
2182,2254,2218,-72,4436,average
2167,2319,2243,-152,4486,average
1871,2282,2076,-411,4153,novice
1770,2249,2009,-479,4019,novice
1911,2106,2008,-195,4017,novice
2366,2602,2484,-236,4968,master
1916,1865,1890,51,3781,novice
2469,1981,2225,488,4450,average
2074,2403,2238,-329,4477,average
2045,2079,2062,-34,4124,novice
2213,2476,2344,-263,4689,master
2440,2592,2516,-152,5032,grandmaster
2380,2365,2372,15,4745,master
2056,2250,2153,-194,4306,average
2463,2580,2521,-117,5043,grandmaster
2319,2076,2197,243,4395,average
2397,1874,2135,523,4271,average
2661,2417,2539,244,5078,grandmaster
1992,2305,2148,-313,4297,average
2360,1883,2121,477,4243,average
2085,2325,2205,-240,4410,average
2227,2211,2219,16,4438,average
2643,2250,2446,393,4893,master
2057,2256,2156,-199,4313,average
2369,2262,2315,107,4631,master
2277,1992,2134,285,4269,average
1933,2091,2012,-158,4024,novice
2315,2263,2289,52,4578,average
2045,2369,2207,-324,4414,average
1809,2360,2084,-551,4169,novice
2653,2501,2577,152,5154,grandmaster
2268,2090,2179,178,4358,average
2145,1936,2040,209,4081,novice
2556,2505,2530,51,5061,grandmaster
2280,2025,2152,255,4305,average
2716,2605,2660,111,5321,grandmaster
2089,1944,2016,145,4033,novice
2157,2132,2144,25,4289,average
2631,2416,2523,215,5047,grandmaster
2518,2227,2372,291,4745,master
2563,2590,2576,-27,5153,grandmaster
1727,1957,1842,-230,3684,novice
2025,2033,2029,-8,4058,novice
2076,1972,2024,104,4048,novice
2536,2362,2449,174,4898,master
2217,2316,2266,-99,4533,average
1786,1654,1720,132,3440,novice
2105,1792,1948,313,3897,novice
2281,2240,2260,41,4521,average
2258,1982,2120,276,4240,average
2196,2371,2283,-175,4567,average
2280,2387,2333,-107,4667,master
2154,2097,2125,57,4251,average
2272,1855,2063,417,4127,novice
2167,2540,2353,-373,4707,master
2457,2530,2493,-73,4987,master
2348,2427,2387,-79,4775,master
2276,1971,2123,305,4247,average
2560,2152,2356,408,4712,master
2248,2212,2230,36,4460,average
2086,2175,2130,-89,4261,average
2265,2032,2148,233,4297,average
2334,2183,2258,151,4517,average
2224,2198,2211,26,4422,average
2272,2047,2159,225,4319,average
2188,2306,2247,-118,4494,average
1863,1682,1772,181,3545,novice
2097,2236,2166,-139,4333,average
2062,1887,1974,175,3949,novice
2128,1993,2060,135,4121,novice
2229,1988,2108,241,4217,average
2084,2247,2165,-163,4331,average
2460,2584,2522,-124,5044,grandmaster
2349,2318,2333,31,4667,master
2269,2203,2236,66,4472,average
2085,2306,2195,-221,4391,average
2237,2161,2199,76,4398,average
2256,2240,2248,16,4496,average
2489,1977,2233,512,4466,average
2097,2394,2245,-297,4491,average
1931,1903,1917,28,3834,novice
2200,2186,2193,14,4386,average
2277,1973,2125,304,4250,average
2368,2424,2396,-56,4792,master
2568,2201,2384,367,4769,master
2529,2258,2393,271,4787,master
1964,2333,2148,-369,4297,average
2057,2376,2216,-319,4433,average
2079,2218,2148,-139,4297,average
1574,1431,1502,143,3005,novice
2452,2148,2300,304,4600,average
2262,2067,2164,195,4329,average
2335,2097,2216,238,4432,average
2232,2097,2164,135,4329,average
2286,1885,2085,401,4171,novice
2201,2300,2250,-99,4501,average
2128,2368,2248,-240,4496,average
2509,2062,2285,447,4571,average
2187,2237,2212,-50,4424,average
2601,2482,2541,119,5083,grandmaster
1971,2289,2130,-318,4260,average
2471,2663,2567,-192,5134,grandmaster
2423,2072,2247,351,4495,average
2711,2816,2763,-105,5527,grandmaster
2530,2194,2362,336,4724,master
1705,1949,1827,-244,3654,novice
2273,2259,2266,14,4532,average
2586,2357,2471,229,4943,master
2412,2322,2367,90,4734,master
2134,2337,2235,-203,4471,average
2073,2355,2214,-282,4428,average
2298,2057,2177,241,4355,average
2528,2413,2470,115,4941,master
2233,1903,2068,330,4136,novice
2197,2019,2108,178,4216,average
2220,2196,2208,24,4416,average
2236,1985,2110,251,4221,average
2395,1970,2182,425,4365,average
1594,1903,1748,-309,3497,novice
2115,2287,2201,-172,4402,average
2268,2371,2319,-103,4639,master
2322,2565,2443,-243,4887,master
1835,1680,1757,155,3515,novice
2521,2174,2347,347,4695,master
2414,2183,2298,231,4597,average
1880,2346,2113,-466,4226,average
2269,2060,2164,209,4329,average
2509,2546,2527,-37,5055,grandmaster
2401,2332,2366,69,4733,master
2323,2391,2357,-68,4714,master
2265,2247,2256,18,4512,average
2499,2379,2439,120,4878,master
2232,2242,2237,-10,4474,average
1498,1886,1692,-388,3384,novice
2408,2275,2341,133,4683,master
2354,2213,2283,141,4567,average
2158,2414,2286,-256,4572,average
2346,2176,2261,170,4522,average
2334,2250,2292,84,4584,average
2087,2205,2146,-118,4292,average
2400,2402,2401,-2,4802,master
2271,1894,2082,377,4165,novice
2353,1909,2131,444,4262,average
2369,2252,2310,117,4621,master
2405,2429,2417,-24,4834,master
1859,2319,2089,-460,4178,novice
2353,2066,2209,287,4419,average
2447,2286,2366,161,4733,master
2069,1822,1945,247,3891,novice
2233,2397,2315,-164,4630,master
2233,2122,2177,111,4355,average
2240,1988,2114,252,4228,average
2080,2252,2166,-172,4332,average
2602,2416,2509,186,5018,grandmaster
2128,2323,2225,-195,4451,average
2064,2529,2296,-465,4593,average
2053,2474,2263,-421,4527,average
2342,2201,2271,141,4543,average
2001,2077,2039,-76,4078,novice
2056,2088,2072,-32,4144,novice
2194,2246,2220,-52,4440,average
2292,2256,2274,36,4548,average
1597,1862,1729,-265,3459,novice
2205,2282,2243,-77,4487,average
2094,2470,2282,-376,4564,average
2230,2038,2134,192,4268,average
2351,2042,2196,309,4393,average
2688,2530,2609,158,5218,grandmaster
2294,2226,2260,68,4520,average
2651,2577,2614,74,5228,grandmaster
2238,2064,2151,174,4302,average
2404,2644,2524,-240,5048,grandmaster
2109,1938,2023,171,4047,novice
2162,2380,2271,-218,4542,average
2322,2401,2361,-79,4723,master
2135,2098,2116,37,4233,average
2148,2195,2171,-47,4343,average
2014,2318,2166,-304,4332,average
2269,2302,2285,-33,4571,average
2261,2202,2231,59,4463,average
2556,2630,2593,-74,5186,grandmaster
2221,2475,2348,-254,4696,master
2362,2082,2222,280,4444,average
2026,1614,1820,412,3640,novice
2178,2161,2169,17,4339,average
2760,2713,2736,47,5473,grandmaster
2195,2485,2340,-290,4680,master
2045,2179,2112,-134,4224,average
2276,2103,2189,173,4379,average
1914,1680,1797,234,3594,novice
2349,2485,2417,-136,4834,master
2265,2462,2363,-197,4727,master
2022,2097,2059,-75,4119,novice
2502,2031,2266,471,4533,average
2504,2214,2359,290,4718,master
2671,2779,2725,-108,5450,grandmaster
1904,2148,2026,-244,4052,novice
2505,2666,2585,-161,5171,grandmaster
1750,2056,1903,-306,3806,novice
2397,2109,2253,288,4506,average
2473,2353,2413,120,4826,master
2265,2018,2141,247,4283,average
2448,2354,2401,94,4802,master
2168,2140,2154,28,4308,average
2387,2416,2401,-29,4803,master
2055,2381,2218,-326,4436,average
2291,1903,2097,388,4194,novice
2228,2355,2291,-127,4583,average
2174,2274,2224,-100,4448,average
2153,2294,2223,-141,4447,average
2475,2312,2393,163,4787,master
2203,2046,2124,157,4249,average
2138,2174,2156,-36,4312,average
1999,1778,1888,221,3777,novice
2272,2056,2164,216,4328,average
1838,2075,1956,-237,3913,novice
2373,1951,2162,422,4324,average
2368,2561,2464,-193,4929,master
2436,2405,2420,31,4841,master
2191,2397,2294,-206,4588,average
2171,2340,2255,-169,4511,average
2672,2666,2669,6,5338,grandmaster
2123,2372,2247,-249,4495,average
2206,2427,2316,-221,4633,master
2665,2560,2612,105,5225,grandmaster
2190,2051,2120,139,4241,average
2341,2401,2371,-60,4742,master
2364,2295,2329,69,4659,master
2154,2215,2184,-61,4369,average
2323,2196,2259,127,4519,average
2436,2382,2409,54,4818,master
2638,2734,2686,-96,5372,grandmaster
2206,2108,2157,98,4314,average
1747,1518,1632,229,3265,novice
2116,1979,2047,137,4095,novice
2001,2236,2118,-235,4237,average
2383,2317,2350,66,4700,master
2168,2289,2228,-121,4457,average
2085,2203,2144,-118,4288,average
2179,2402,2290,-223,4581,average
1919,1691,1805,228,3610,novice
1921,2431,2176,-510,4352,average
2407,2551,2479,-144,4958,master
2465,2513,2489,-48,4978,master
2130,2037,2083,93,4167,novice
2358,2524,2441,-166,4882,master
2542,2639,2590,-97,5181,grandmaster
2285,2210,2247,75,4495,average
2394,1963,2178,431,4357,average
2215,2403,2309,-188,4618,master
2300,2028,2164,272,4328,average
1904,1625,1764,279,3529,novice
2334,2527,2430,-193,4861,master
2392,2181,2286,211,4573,average
2074,2157,2115,-83,4231,average
2267,2245,2256,22,4512,average
2125,2270,2197,-145,4395,average
2215,2501,2358,-286,4716,master
2126,2285,2205,-159,4411,average
2344,2213,2278,131,4557,average
2055,2520,2287,-465,4575,average
2408,2135,2271,273,4543,average
2559,2556,2557,3,5115,grandmaster
2243,2109,2176,134,4352,average
2496,2339,2417,157,4835,master
2267,2110,2188,157,4377,average
2324,2231,2277,93,4555,average
2228,2325,2276,-97,4553,average
1647,2232,1939,-585,3879,novice
2179,2282,2230,-103,4461,average
2217,2205,2211,12,4422,average
2205,2053,2129,152,4258,average
2613,2698,2655,-85,5311,grandmaster
1848,1478,1663,370,3326,novice
2089,2147,2118,-58,4236,average
2082,2192,2137,-110,4274,average
1926,1735,1830,191,3661,novice
2578,2397,2487,181,4975,master
2191,2324,2257,-133,4515,average
2322,1878,2100,444,4200,novice
2584,2630,2607,-46,5214,grandmaster
2143,1937,2040,206,4080,novice
2489,2543,2516,-54,5032,grandmaster
2182,2301,2241,-119,4483,average
2340,2192,2266,148,4532,average
2186,2604,2395,-418,4790,master
2413,2650,2531,-237,5063,grandmaster
2279,2374,2326,-95,4653,master
2706,2056,2381,650,4762,master
2020,2527,2273,-507,4547,average
2208,2139,2173,69,4347,average
2188,2134,2161,54,4322,average
1745,2282,2013,-537,4027,novice
2663,2501,2582,162,5164,grandmaster
2529,2445,2487,84,4974,master
2519,2296,2407,223,4815,master
2086,2387,2236,-301,4473,average
2137,1979,2058,158,4116,novice
2333,2007,2170,326,4340,average
2520,2321,2420,199,4841,master
2240,2486,2363,-246,4726,master
2161,2052,2106,109,4213,average
2236,2338,2287,-102,4574,average
1923,1625,1774,298,3548,novice
2072,2384,2228,-312,4456,average
2389,2548,2468,-159,4937,master
2288,2013,2150,275,4301,average
2301,2130,2215,171,4431,average
2677,2459,2568,218,5136,grandmaster
2296,1994,2145,302,4290,average
2505,2196,2350,309,4701,master
2355,2115,2235,240,4470,average
2239,2035,2137,204,4274,average
2625,2484,2554,141,5109,grandmaster
2466,2213,2339,253,4679,master
2429,2379,2404,50,4808,master
2166,1929,2047,237,4095,novice
2027,2313,2170,-286,4340,average
2622,2406,2514,216,5028,grandmaster
1394,1537,1465,-143,2931,novice
2229,1841,2035,388,4070,novice
2083,2492,2287,-409,4575,average
2144,2072,2108,72,4216,average
2247,2098,2172,149,4345,average
2269,2081,2175,188,4350,average
2147,2340,2243,-193,4487,average
2271,2277,2274,-6,4548,average
2152,2188,2170,-36,4340,average
2282,1984,2133,298,4266,average
2168,2448,2308,-280,4616,master
2422,1880,2151,542,4302,average
2162,1861,2011,301,4023,novice
2302,2006,2154,296,4308,average
1994,2564,2279,-570,4558,average
2359,2227,2293,132,4586,average
1780,2021,1900,-241,3801,novice
2572,2383,2477,189,4955,master
2661,2383,2522,278,5044,grandmaster
2137,2322,2229,-185,4459,average
2108,2460,2284,-352,4568,average
2501,2507,2504,-6,5008,grandmaster
2471,2237,2354,234,4708,master
1962,2323,2142,-361,4285,average
2731,2757,2744,-26,5488,grandmaster
2705,1856,2280,849,4561,average
2534,2316,2425,218,4850,master
1952,2060,2006,-108,4012,novice
1970,2483,2226,-513,4453,average
1882,2111,1996,-229,3993,novice
2492,2619,2555,-127,5111,grandmaster
2227,2405,2316,-178,4632,master
2284,2100,2192,184,4384,average
1961,2172,2066,-211,4133,novice
2317,2047,2182,270,4364,average
2409,2357,2383,52,4766,master
2607,2078,2342,529,4685,master
2261,2204,2232,57,4465,average
2374,1916,2145,458,4290,average
2670,2183,2426,487,4853,master
2439,2187,2313,252,4626,master
2130,1894,2012,236,4024,novice
1954,2424,2189,-470,4378,average
2480,2310,2395,170,4790,master
2043,2486,2264,-443,4529,average
2526,2237,2381,289,4763,master
2308,2161,2234,147,4469,average
1706,1575,1640,131,3281,novice
2561,2520,2540,41,5081,grandmaster
2539,2645,2592,-106,5184,grandmaster
2158,2113,2135,45,4271,average
2773,2734,2753,39,5507,grandmaster
2334,2244,2289,90,4578,average
2431,2151,2291,280,4582,average
2560,2459,2509,101,5019,grandmaster
2555,2240,2397,315,4795,master
2367,2037,2202,330,4404,average
2686,2313,2499,373,4999,master
2178,2292,2235,-114,4470,average
2220,1941,2080,279,4161,novice
2405,2279,2342,126,4684,master
1880,2177,2028,-297,4057,novice
2639,2606,2622,33,5245,grandmaster
2038,1649,1843,389,3687,novice
2006,1882,1944,124,3888,novice
2091,1761,1926,330,3852,novice
2417,2104,2260,313,4521,average
2256,2130,2193,126,4386,average
2238,2465,2351,-227,4703,master
2662,2363,2512,299,5025,grandmaster
2696,2607,2651,89,5303,grandmaster
2227,2227,2227,0,4454,average
2168,1992,2080,176,4160,novice
2430,1889,2159,541,4319,average
2700,2245,2472,455,4945,master
2355,2218,2286,137,4573,average
2198,2369,2283,-171,4567,average
1789,2213,2001,-424,4002,novice
2042,1571,1806,471,3613,novice
2335,2436,2385,-101,4771,master
2320,2423,2371,-103,4743,master
2198,2117,2157,81,4315,average
2024,2269,2146,-245,4293,average
2308,1979,2143,329,4287,average
2399,2025,2212,374,4424,average
2341,2097,2219,244,4438,average
2030,2027,2028,3,4057,novice
2201,2183,2192,18,4384,average
2577,2711,2644,-134,5288,grandmaster
1941,2215,2078,-274,4156,novice
2572,2384,2478,188,4956,master
2012,1908,1960,104,3920,novice
2637,1782,2209,855,4419,average
2563,2620,2591,-57,5183,grandmaster
2340,2212,2276,128,4552,average
1812,2043,1927,-231,3855,novice
2330,2131,2230,199,4461,average
2317,2228,2272,89,4545,average
2375,1940,2157,435,4315,average
2097,2442,2269,-345,4539,average
2128,2335,2231,-207,4463,average
2212,1950,2081,262,4162,novice
2185,2021,2103,164,4206,average
2379,2303,2341,76,4682,master
2274,2077,2175,197,4351,average
2445,1841,2143,604,4286,average
1749,1514,1631,235,3263,novice
1537,1860,1698,-323,3397,novice
2399,2559,2479,-160,4958,master
2349,2213,2281,136,4562,average
2170,2364,2267,-194,4534,average
2209,2435,2322,-226,4644,master
2093,2257,2175,-164,4350,average
1893,2457,2175,-564,4350,average
2092,2186,2139,-94,4278,average
2632,2656,2644,-24,5288,grandmaster
2168,1713,1940,455,3881,novice
2501,2606,2553,-105,5107,grandmaster
2432,2440,2436,-8,4872,master
2281,2115,2198,166,4396,average
2103,2186,2144,-83,4289,average
2299,2254,2276,45,4553,average
2065,2266,2165,-201,4331,average
2248,2303,2275,-55,4551,average
2077,1903,1990,174,3980,novice
2072,2437,2254,-365,4509,average
2112,1808,1960,304,3920,novice
1949,2315,2132,-366,4264,average
2274,2358,2316,-84,4632,master
1928,2164,2046,-236,4092,novice
2502,2524,2513,-22,5026,grandmaster
1971,2242,2106,-271,4213,average
2101,1922,2011,179,4023,novice
2410,2140,2275,270,4550,average
2222,2149,2185,73,4371,average
2157,2305,2231,-148,4462,average
2408,2106,2257,302,4514,average
1806,1845,1825,-39,3651,novice
2524,2340,2432,184,4864,master
2222,2355,2288,-133,4577,average
2567,2359,2463,208,4926,master
2083,1645,1864,438,3728,novice
2352,1982,2167,370,4334,average
2444,2034,2239,410,4478,average
2388,2521,2454,-133,4909,master
2405,2592,2498,-187,4997,master
1966,2053,2009,-87,4019,novice
1990,1661,1825,329,3651,novice
1737,1797,1767,-60,3534,novice
2025,2200,2112,-175,4225,average
2255,2118,2186,137,4373,average
2460,2402,2431,58,4862,master
2456,2132,2294,324,4588,average
2361,2143,2252,218,4504,average
2077,2293,2185,-216,4370,average
2410,2171,2290,239,4581,average
1823,1699,1761,124,3522,novice
1934,2517,2225,-583,4451,average
1717,2174,1945,-457,3891,novice
2250,1991,2120,259,4241,average
2349,2104,2226,245,4453,average
2642,2589,2615,53,5231,grandmaster
2499,2483,2491,16,4982,master
2319,1999,2159,320,4318,average
2098,1901,1999,197,3999,novice
1916,2304,2110,-388,4220,average
2003,2126,2064,-123,4129,novice
2115,1834,1974,281,3949,novice
2274,2579,2426,-305,4853,master
2285,2168,2226,117,4453,average
2234,2115,2174,119,4349,average
2554,2557,2555,-3,5111,grandmaster
2326,2062,2194,264,4388,average
2016,2261,2138,-245,4277,average
2525,2565,2545,-40,5090,grandmaster
2727,2577,2652,150,5304,grandmaster
2020,2078,2049,-58,4098,novice
2209,1752,1980,457,3961,novice
2439,2582,2510,-143,5021,grandmaster
2028,2438,2233,-410,4466,average
2129,1803,1966,326,3932,novice
2155,2158,2156,-3,4313,average
1999,2272,2135,-273,4271,average
2273,1970,2121,303,4243,average
2176,2331,2253,-155,4507,average
2128,2306,2217,-178,4434,average
2267,2123,2195,144,4390,average
1831,2115,1973,-284,3946,novice
2451,2072,2261,379,4523,average
2246,2480,2363,-234,4726,master
1848,2128,1988,-280,3976,novice
2011,2197,2104,-186,4208,average
2586,2435,2510,151,5021,grandmaster
2184,2292,2238,-108,4476,average
2394,2466,2430,-72,4860,master
2117,2273,2195,-156,4390,average
1789,1928,1858,-139,3717,novice
2170,2131,2150,39,4301,average
2179,1744,1961,435,3923,novice
2240,2256,2248,-16,4496,average
2277,2195,2236,82,4472,average
2338,2489,2413,-151,4827,master
2313,2406,2359,-93,4719,master
2204,1915,2059,289,4119,novice
2497,2017,2257,480,4514,average
2320,2460,2390,-140,4780,master
2157,2205,2181,-48,4362,average
2463,2245,2354,218,4708,master
2614,2305,2459,309,4919,master
2552,2461,2506,91,5013,grandmaster
2677,2580,2628,97,5257,grandmaster
2314,2220,2267,94,4534,average
2497,2375,2436,122,4872,master
2373,2591,2482,-218,4964,master
2571,1988,2279,583,4559,average
1878,2331,2104,-453,4209,average
2221,2309,2265,-88,4530,average
2297,2248,2272,49,4545,average
2300,2578,2439,-278,4878,master
2337,1937,2137,400,4274,average
2539,2422,2480,117,4961,master
2332,2056,2194,276,4388,average
1986,2432,2209,-446,4418,average
2470,2139,2304,331,4609,master
2565,2610,2587,-45,5175,grandmaster
2466,2742,2604,-276,5208,grandmaster
2277,2272,2274,5,4549,average
2081,2257,2169,-176,4338,average
2300,2013,2156,287,4313,average
2214,2507,2360,-293,4721,master
2227,2330,2278,-103,4557,average
2311,2582,2446,-271,4893,master
2496,2499,2497,-3,4995,master
2268,2171,2219,97,4439,average
1815,2460,2137,-645,4275,average
2526,2011,2268,515,4537,average
2209,2181,2195,28,4390,average
2344,1858,2101,486,4202,average
2369,2042,2205,327,4411,average
2396,2026,2211,370,4422,average
2167,2057,2112,110,4224,average
2024,1716,1870,308,3740,novice
2102,2237,2169,-135,4339,average
2337,2235,2286,102,4572,average
2148,2371,2259,-223,4519,average
2394,2414,2404,-20,4808,master
2166,2296,2231,-130,4462,average
2209,2212,2210,-3,4421,average
2201,2293,2247,-92,4494,average
2284,2421,2352,-137,4705,master
2361,2084,2222,277,4445,average
1937,2064,2000,-127,4001,novice
2059,2354,2206,-295,4413,average
2084,2332,2208,-248,4416,average
2498,2306,2402,192,4804,master
2198,2214,2206,-16,4412,average
2305,2162,2233,143,4467,average
2268,2278,2273,-10,4546,average
2662,2114,2388,548,4776,master
2247,1910,2078,337,4157,novice
2531,2250,2390,281,4781,master
2302,2483,2392,-181,4785,master
2093,2287,2190,-194,4380,average
2181,2121,2151,60,4302,average
2481,2410,2445,71,4891,master
2076,2252,2164,-176,4328,average
2288,1743,2015,545,4031,novice
2098,2082,2090,16,4180,novice
2674,2488,2581,186,5162,grandmaster
2205,2137,2171,68,4342,average
2257,2250,2253,7,4507,average
2282,2300,2291,-18,4582,average
2104,2350,2227,-246,4454,average
2539,2410,2474,129,4949,master
2035,2276,2155,-241,4311,average
2466,2316,2391,150,4782,master
2488,2089,2288,399,4577,average
2464,2380,2422,84,4844,master
2002,2429,2215,-427,4431,average
2231,2089,2160,142,4320,average
2287,2159,2223,128,4446,average
2723,2745,2734,-22,5468,grandmaster
2403,2138,2270,265,4541,average
2552,2354,2453,198,4906,master
2101,2546,2323,-445,4647,master
2174,2032,2103,142,4206,average
2379,2116,2247,263,4495,average
2691,2570,2630,121,5261,grandmaster
1664,1909,1786,-245,3573,novice
2324,2080,2202,244,4404,average
1906,2043,1974,-137,3949,novice
2548,2003,2275,545,4551,average
2375,2123,2249,252,4498,average
2658,2486,2572,172,5144,grandmaster
2324,2042,2183,282,4366,average
2125,2305,2215,-180,4430,average
2230,2340,2285,-110,4570,average
2234,2109,2171,125,4343,average
2170,2082,2126,88,4252,average
2262,2233,2247,29,4495,average
1970,2054,2012,-84,4024,novice
2339,1885,2112,454,4224,average
2240,2045,2142,195,4285,average
2205,2374,2289,-169,4579,average
2113,2225,2169,-112,4338,average
2125,2116,2120,9,4241,average
2200,2363,2281,-163,4563,average
2127,2238,2182,-111,4365,average
2460,1946,2203,514,4406,average
2245,2114,2179,131,4359,average
2337,2105,2221,232,4442,average
2400,2527,2463,-127,4927,master
2312,2261,2286,51,4573,average
2253,2037,2145,216,4290,average
2094,2446,2270,-352,4540,average
2635,2594,2614,41,5229,grandmaster
2389,2412,2400,-23,4801,master
2094,2081,2087,13,4175,novice
1926,2463,2194,-537,4389,average
2153,2287,2220,-134,4440,average
2039,2435,2237,-396,4474,average
2210,2144,2177,66,4354,average
2178,2366,2272,-188,4544,average
1818,1916,1867,-98,3734,novice
2390,2171,2280,219,4561,average
2387,1942,2164,445,4329,average
2414,2131,2272,283,4545,average
2037,2391,2214,-354,4428,average
2305,2025,2165,280,4330,average
2002,2433,2217,-431,4435,average
2363,2567,2465,-204,4930,master
2403,1800,2101,603,4203,average
2313,2495,2404,-182,4808,master
2011,2181,2096,-170,4192,novice
2132,2103,2117,29,4235,average
1641,1778,1709,-137,3419,novice
2196,2035,2115,161,4231,average
2121,2342,2231,-221,4463,average
1943,2123,2033,-180,4066,novice
2171,2328,2249,-157,4499,average
2367,2460,2413,-93,4827,master
2112,2129,2120,-17,4241,average
2402,1946,2174,456,4348,average
2547,2487,2517,60,5034,grandmaster
1730,1875,1802,-145,3605,novice
2638,2502,2570,136,5140,grandmaster
2572,2568,2570,4,5140,grandmaster
2282,2285,2283,-3,4567,average
1964,2174,2069,-210,4138,novice
2064,2318,2191,-254,4382,average
2368,2622,2495,-254,4990,master
2112,2326,2219,-214,4438,average
2296,2458,2377,-162,4754,master
2085,1911,1998,174,3996,novice
2191,2465,2328,-274,4656,master
2442,2389,2415,53,4831,master
2298,2390,2344,-92,4688,master
2140,1881,2010,259,4021,novice
2225,2118,2171,107,4343,average
2293,2264,2278,29,4557,average
2322,2139,2230,183,4461,average
2006,2519,2262,-513,4525,average
1961,1658,1809,303,3619,novice
2082,2206,2144,-124,4288,average
2048,2265,2156,-217,4313,average
2526,2246,2386,280,4772,master
1988,2291,2139,-303,4279,average
2504,2452,2478,52,4956,master
2224,2378,2301,-154,4602,master
2619,2312,2465,307,4931,master
2258,2094,2176,164,4352,average
2014,2061,2037,-47,4075,novice
2190,2156,2173,34,4346,average
2167,1855,2011,312,4022,novice
2368,1851,2109,517,4219,average
1722,2460,2091,-738,4182,novice
2779,2548,2663,231,5327,grandmaster
2387,1983,2185,404,4370,average
2250,2275,2262,-25,4525,average
2157,2369,2263,-212,4526,average
2024,2275,2149,-251,4299,average
1942,2509,2225,-567,4451,average
2138,2182,2160,-44,4320,average
2370,2786,2578,-416,5156,grandmaster
2173,2292,2232,-119,4465,average
2389,2286,2337,103,4675,master
2511,2377,2444,134,4888,master
1887,2120,2003,-233,4007,novice
1991,2275,2133,-284,4266,average
2314,1971,2142,343,4285,average
1521,1881,1701,-360,3402,novice
2352,2252,2302,100,4604,master
2383,2569,2476,-186,4952,master
2479,2240,2359,239,4719,master
2336,2235,2285,101,4571,average
2046,1961,2003,85,4007,novice
2224,2466,2345,-242,4690,master
1512,1843,1677,-331,3355,novice
2658,2680,2669,-22,5338,grandmaster
2133,1818,1975,315,3951,novice
2225,2351,2288,-126,4576,average
2306,2291,2298,15,4597,average
2408,2145,2276,263,4553,average
2327,2367,2347,-40,4694,master
2155,2558,2356,-403,4713,master
2417,2235,2326,182,4652,master
2066,2226,2146,-160,4292,average
2323,1959,2141,364,4282,average
2250,2235,2242,15,4485,average
2262,2199,2230,63,4461,average
2587,2630,2608,-43,5217,grandmaster
2172,2251,2211,-79,4423,average
2044,2298,2171,-254,4342,average
2316,2052,2184,264,4368,average
2184,2363,2273,-179,4547,average
2278,2015,2146,263,4293,average
2349,2055,2202,294,4404,average
2338,2480,2409,-142,4818,master
2400,2594,2497,-194,4994,master
2002,2167,2084,-165,4169,novice
2008,2285,2146,-277,4293,average
1851,2363,2107,-512,4214,average
2038,2399,2218,-361,4437,average
2650,2542,2596,108,5192,grandmaster
1706,2060,1883,-354,3766,novice
2076,2291,2183,-215,4367,average
2354,2576,2465,-222,4930,master
1923,2133,2028,-210,4056,novice
2174,2194,2184,-20,4368,average
2108,2301,2204,-193,4409,average
2551,2414,2482,137,4965,master
2319,2280,2299,39,4599,average
2530,2333,2431,197,4863,master
2500,2402,2451,98,4902,master
2552,2206,2379,346,4758,master
2200,1990,2095,210,4190,novice
2115,2277,2196,-162,4392,average
2312,2194,2253,118,4506,average
2226,2055,2140,171,4281,average
1985,2213,2099,-228,4198,novice
2204,2315,2259,-111,4519,average
1917,2308,2112,-391,4225,average
2353,2251,2302,102,4604,master
2321,2019,2170,302,4340,average
2286,2252,2269,34,4538,average
2413,2170,2291,243,4583,average
2386,2598,2492,-212,4984,master
1992,2210,2101,-218,4202,average
2064,1885,1974,179,3949,novice
2522,2481,2501,41,5003,grandmaster
2716,2564,2640,152,5280,grandmaster
1991,2066,2028,-75,4057,novice
1851,2245,2048,-394,4096,novice
2398,2435,2416,-37,4833,master
2392,2011,2201,381,4403,average
2792,2771,2781,21,5563,grandmaster
2262,2434,2348,-172,4696,master
2243,2065,2154,178,4308,average
1913,2291,2102,-378,4204,average
1947,2448,2197,-501,4395,average
2096,2337,2216,-241,4433,average
2712,2661,2686,51,5373,grandmaster
2383,2277,2330,106,4660,master
2307,2016,2161,291,4323,average
2100,2381,2240,-281,4481,average
2299,2201,2250,98,4500,average
2367,2037,2202,330,4404,average
2564,2027,2295,537,4591,average
1768,1966,1867,-198,3734,novice
2190,2271,2230,-81,4461,average
2240,2427,2333,-187,4667,master
2345,2231,2288,114,4576,average
2128,2217,2172,-89,4345,average
1754,2123,1938,-369,3877,novice
2169,1921,2045,248,4090,novice
2399,2331,2365,68,4730,master
2065,1871,1968,194,3936,novice
2274,2123,2198,151,4397,average
2397,2447,2422,-50,4844,master
2069,2118,2093,-49,4187,novice
2036,2180,2108,-144,4216,average
2246,2393,2319,-147,4639,master
2042,2290,2166,-248,4332,average
1828,2453,2140,-625,4281,average
1863,1729,1796,134,3592,novice
2421,2119,2270,302,4540,average
2037,2167,2102,-130,4204,average
2102,2095,2098,7,4197,novice
2184,2450,2317,-266,4634,master
2226,2259,2242,-33,4485,average
2397,2347,2372,50,4744,master
2292,2082,2187,210,4374,average
2295,2107,2201,188,4402,average
2273,2056,2164,217,4329,average
1789,1694,1741,95,3483,novice
1955,2213,2084,-258,4168,novice
2227,2163,2195,64,4390,average
2471,2509,2490,-38,4980,master
2717,2662,2689,55,5379,grandmaster
2094,2257,2175,-163,4351,average
2147,2280,2213,-133,4427,average
2129,2403,2266,-274,4532,average
2262,2201,2231,61,4463,average
2480,2220,2350,260,4700,master
2227,2279,2253,-52,4506,average
2454,2054,2254,400,4508,average
2153,2421,2287,-268,4574,average
2545,2391,2468,154,4936,master
2442,2366,2404,76,4808,master
2235,2064,2149,171,4299,average
2215,2382,2298,-167,4597,average
2451,2655,2553,-204,5106,grandmaster
2150,2211,2180,-61,4361,average
2474,2342,2408,132,4816,master
2249,2240,2244,9,4489,average
2160,2368,2264,-208,4528,average
2006,2315,2160,-309,4321,average
2182,2307,2244,-125,4489,average
2173,2275,2224,-102,4448,average
2355,2511,2433,-156,4866,master
2150,2013,2081,137,4163,novice
2239,2188,2213,51,4427,average
2202,1832,2017,370,4034,novice
2352,2231,2291,121,4583,average
2630,2215,2422,415,4845,master
2380,2150,2265,230,4530,average
2407,2173,2290,234,4580,average
2215,2590,2402,-375,4805,master
2028,2020,2024,8,4048,novice
2584,2567,2575,17,5151,grandmaster
2421,2072,2246,349,4493,average
2139,2160,2149,-21,4299,average
2050,2224,2137,-174,4274,average
2158,2167,2162,-9,4325,average
2146,2285,2215,-139,4431,average
2326,2055,2190,271,4381,average
2319,2218,2268,101,4537,average
1976,2498,2237,-522,4474,average
2157,2367,2262,-210,4524,average
2044,2125,2084,-81,4169,novice
2598,2265,2431,333,4863,master
2211,2262,2236,-51,4473,average
2339,2120,2229,219,4459,average
2303,2138,2220,165,4441,average
2352,2021,2186,331,4373,average
1836,1935,1885,-99,3771,novice
2248,2377,2312,-129,4625,master
2521,2488,2504,33,5009,grandmaster
2271,2374,2322,-103,4645,master
1982,2279,2130,-297,4261,average
2272,2416,2344,-144,4688,master
2111,2703,2407,-592,4814,master
2501,2297,2399,204,4798,master
2264,2078,2171,186,4342,average
2426,1994,2210,432,4420,average
2369,2014,2191,355,4383,average
2301,2447,2374,-146,4748,master
2135,2352,2243,-217,4487,average
2348,1969,2158,379,4317,average
1942,2152,2047,-210,4094,novice
2112,2177,2144,-65,4289,average
2267,2420,2343,-153,4687,master
1883,2370,2126,-487,4253,average
2358,2409,2383,-51,4767,master
2431,2271,2351,160,4702,master
2165,2282,2223,-117,4447,average
2052,2428,2240,-376,4480,average
2178,2380,2279,-202,4558,average
2159,2338,2248,-179,4497,average
2255,2461,2358,-206,4716,master
2317,2115,2216,202,4432,average
2262,2078,2170,184,4340,average
2239,2131,2185,108,4370,average
2098,2229,2163,-131,4327,average
2218,2375,2296,-157,4593,average
2416,2244,2330,172,4660,master
2353,2159,2256,194,4512,average
1918,1751,1834,167,3669,novice
2082,2165,2123,-83,4247,average
2362,1930,2146,432,4292,average
2201,2242,2221,-41,4443,average
2296,2586,2441,-290,4882,master
2232,2300,2266,-68,4532,average
2317,2021,2169,296,4338,average
2698,2733,2715,-35,5431,grandmaster
2006,2174,2090,-168,4180,novice
2253,2285,2269,-32,4538,average
2497,2126,2311,371,4623,master
2668,2106,2387,562,4774,master
2327,2482,2404,-155,4809,master
2231,1949,2090,282,4180,novice
1995,2313,2154,-318,4308,average
2417,2339,2378,78,4756,master
2384,2333,2358,51,4717,master
2408,2484,2446,-76,4892,master
2612,2499,2555,113,5111,grandmaster
2805,2768,2786,37,5573,grandmaster
2093,2257,2175,-164,4350,average
2285,2040,2162,245,4325,average
2076,2163,2119,-87,4239,average
2236,2062,2149,174,4298,average
2104,2130,2117,-26,4234,average
2079,2510,2294,-431,4589,average
2236,2081,2158,155,4317,average
2228,2367,2297,-139,4595,average
1852,2121,1986,-269,3973,novice
2295,2115,2205,180,4410,average
2311,2091,2201,220,4402,average
2497,2444,2470,53,4941,master
2237,2759,2498,-522,4996,master
2066,2247,2156,-181,4313,average
2319,1975,2147,344,4294,average
2344,2074,2209,270,4418,average
1953,1645,1799,308,3598,novice
1897,2073,1985,-176,3970,novice
2250,2124,2187,126,4374,average
2003,2443,2223,-440,4446,average
2244,2527,2385,-283,4771,master
2341,2121,2231,220,4462,average
2533,2355,2444,178,4888,master
2332,2471,2401,-139,4803,master
2035,2225,2130,-190,4260,average
2125,1950,2037,175,4075,novice
2320,2262,2291,58,4582,average
2195,2051,2123,144,4246,average
2508,2655,2581,-147,5163,grandmaster
2336,2134,2235,202,4470,average
2221,2219,2220,2,4440,average
1861,2086,1973,-225,3947,novice
2054,1533,1793,521,3587,novice
2475,2408,2441,67,4883,master
2620,2087,2353,533,4707,master
2162,2301,2231,-139,4463,average
2081,2249,2165,-168,4330,average
2296,2380,2338,-84,4676,master
2151,2346,2248,-195,4497,average
2145,1944,2044,201,4089,novice
2209,1895,2052,314,4104,novice
2135,2062,2098,73,4197,novice
2208,2009,2108,199,4217,average
2118,2323,2220,-205,4441,average
2133,2570,2351,-437,4703,master
2572,2526,2549,46,5098,grandmaster
1956,1704,1830,252,3660,novice
2147,2006,2076,141,4153,novice
2156,2470,2313,-314,4626,master
2301,2230,2265,71,4531,average
2312,2494,2403,-182,4806,master
2051,2358,2204,-307,4409,average
2054,2320,2187,-266,4374,average
2173,2397,2285,-224,4570,average
2522,2386,2454,136,4908,master
2046,2595,2320,-549,4641,master
1977,2502,2239,-525,4479,average
2282,2314,2298,-32,4596,average
1890,2412,2151,-522,4302,average
2253,2075,2164,178,4328,average
2109,2105,2107,4,4214,average
1996,2184,2090,-188,4180,novice
2141,1987,2064,154,4128,novice
2370,2573,2471,-203,4943,master
2139,2375,2257,-236,4514,average
1850,2265,2057,-415,4115,novice
2072,2126,2099,-54,4198,novice
1811,2081,1946,-270,3892,novice
2326,1905,2115,421,4231,average
2656,2628,2642,28,5284,grandmaster
2496,2507,2501,-11,5003,grandmaster
2312,2454,2383,-142,4766,master
1666,1436,1551,230,3102,novice
2028,2316,2172,-288,4344,average
2387,2119,2253,268,4506,average
2289,2040,2164,249,4329,average
2264,2547,2405,-283,4811,master
1799,2434,2116,-635,4233,average
2354,2195,2274,159,4549,average
2086,2405,2245,-319,4491,average
2770,2599,2684,171,5369,grandmaster
2179,2016,2097,163,4195,novice
2088,2276,2182,-188,4364,average
2426,2660,2543,-234,5086,grandmaster
2413,2584,2498,-171,4997,master
2285,2115,2200,170,4400,average
2590,2375,2482,215,4965,master
2688,2482,2585,206,5170,grandmaster
2421,2136,2278,285,4557,average
1988,1895,1941,93,3883,novice
2455,2430,2442,25,4885,master
2496,2550,2523,-54,5046,grandmaster
2051,2408,2229,-357,4459,average
2416,2183,2299,233,4599,average
2474,2248,2361,226,4722,master
2174,2366,2270,-192,4540,average
2414,1886,2150,528,4300,average
2424,2450,2437,-26,4874,master
2296,2286,2291,10,4582,average
1790,2055,1922,-265,3845,novice
2544,2551,2547,-7,5095,grandmaster
2286,2537,2411,-251,4823,master
2048,1802,1925,246,3850,novice
2292,2013,2152,279,4305,average
2243,2263,2253,-20,4506,average
2215,2441,2328,-226,4656,master
2565,2514,2539,51,5079,grandmaster
2184,1964,2074,220,4148,novice
2262,2244,2253,18,4506,average
2582,2548,2565,34,5130,grandmaster
1924,2126,2025,-202,4050,novice
2430,2445,2437,-15,4875,master
2299,2158,2228,141,4457,average
2054,2421,2237,-367,4475,average
1920,2427,2173,-507,4347,average
2724,2631,2677,93,5355,grandmaster
2039,2144,2091,-105,4183,novice
2176,1967,2071,209,4143,novice
2117,2241,2179,-124,4358,average
1984,1581,1782,403,3565,novice
2496,2363,2429,133,4859,master
2330,2157,2243,173,4487,average
2167,1892,2029,275,4059,novice
2184,2277,2230,-93,4461,average
2646,2524,2585,122,5170,grandmaster
2038,2329,2183,-291,4367,average
2284,2411,2347,-127,4695,master
2285,2306,2295,-21,4591,average
2071,2328,2199,-257,4399,average
2432,2704,2568,-272,5136,grandmaster
1885,1971,1928,-86,3856,novice
2494,2194,2344,300,4688,master
2087,2221,2154,-134,4308,average
2080,1902,1991,178,3982,novice
2472,1912,2192,560,4384,average
2282,2105,2193,177,4387,average
2460,2191,2325,269,4651,master
2046,2170,2108,-124,4216,average
2121,2346,2233,-225,4467,average
2321,2560,2440,-239,4881,master
2237,1956,2096,281,4193,novice
2143,2362,2252,-219,4505,average
1926,2003,1964,-77,3929,novice
2139,2185,2162,-46,4324,average
2384,2128,2256,256,4512,average
2522,2454,2488,68,4976,master
2611,2531,2571,80,5142,grandmaster
2651,2734,2692,-83,5385,grandmaster
2072,2247,2159,-175,4319,average
2165,2036,2100,129,4201,novice
1821,1990,1905,-169,3811,novice
2141,2404,2272,-263,4545,average
2423,1939,2181,484,4362,average
2223,2058,2140,165,4281,average
2205,2130,2167,75,4335,average
2229,1985,2107,244,4214,average
2274,2309,2291,-35,4583,average
2198,2411,2304,-213,4609,master
2053,2151,2102,-98,4204,average
2385,2503,2444,-118,4888,master
2302,2176,2239,126,4478,average
1807,2025,1916,-218,3832,novice
2147,2032,2089,115,4179,novice
2282,2064,2173,218,4346,average
2354,2531,2442,-177,4885,master
2104,2374,2239,-270,4478,average
2001,1713,1857,288,3714,novice
2545,2489,2517,56,5034,grandmaster
2147,2441,2294,-294,4588,average
2270,2166,2218,104,4436,average
2285,2533,2409,-248,4818,master
2245,2340,2292,-95,4585,average
1904,2312,2108,-408,4216,average
2089,2533,2311,-444,4622,master
2484,2373,2428,111,4857,master
1622,2202,1912,-580,3824,novice
2613,2692,2652,-79,5305,grandmaster
2189,2393,2291,-204,4582,average
2216,2077,2146,139,4293,average
2459,2615,2537,-156,5074,grandmaster
2103,2146,2124,-43,4249,average
1965,2412,2188,-447,4377,average
2198,2203,2200,-5,4401,average
2225,2438,2331,-213,4663,master
2036,2355,2195,-319,4391,average
2103,2201,2152,-98,4304,average
1921,1786,1853,135,3707,novice
2137,2091,2114,46,4228,average
2153,2392,2272,-239,4545,average
2225,1864,2044,361,4089,novice
2133,2517,2325,-384,4650,master
2159,1989,2074,170,4148,novice
2367,1927,2147,440,4294,average
2376,2337,2356,39,4713,master
2321,2371,2346,-50,4692,master
2550,2304,2427,246,4854,master
1984,2009,1996,-25,3993,novice
1644,1921,1782,-277,3565,novice
2293,2068,2180,225,4361,average
2000,2128,2064,-128,4128,novice
2546,2025,2285,521,4571,average
2639,2469,2554,170,5108,grandmaster
2614,2524,2569,90,5138,grandmaster
2680,2112,2396,568,4792,master
2412,2219,2315,193,4631,master
2240,1997,2118,243,4237,average
2231,2121,2176,110,4352,average
2292,2291,2291,1,4583,average
2147,2267,2207,-120,4414,average
2166,2044,2105,122,4210,average
2243,2068,2155,175,4311,average
2528,1853,2190,675,4381,average
2219,2029,2124,190,4248,average
2545,1981,2263,564,4526,average
2441,2286,2363,155,4727,master
2092,2416,2254,-324,4508,average
2629,2733,2681,-104,5362,grandmaster
2246,2508,2377,-262,4754,master
2138,2574,2356,-436,4712,master
2373,1923,2148,450,4296,average
2364,2311,2337,53,4675,master
2080,1688,1884,392,3768,novice
2378,1846,2112,532,4224,average
2186,2347,2266,-161,4533,average
1966,2313,2139,-347,4279,average
2734,2718,2726,16,5452,grandmaster
2562,2242,2402,320,4804,master
2098,2248,2173,-150,4346,average
2377,2469,2423,-92,4846,master
2628,2471,2549,157,5099,grandmaster
2008,2244,2126,-236,4252,average
2108,2638,2373,-530,4746,master
1772,2165,1968,-393,3937,novice
2232,2047,2139,185,4279,average
2239,2370,2304,-131,4609,master
1531,1655,1593,-124,3186,novice
2564,2491,2527,73,5055,grandmaster
2129,2107,2118,22,4236,average
2262,2068,2165,194,4330,average
2401,2136,2268,265,4537,average
2095,2357,2226,-262,4452,average
2234,2534,2384,-300,4768,master
2003,2148,2075,-145,4151,novice
2108,1803,1955,305,3911,novice
2102,2415,2258,-313,4517,average
1749,2380,2064,-631,4129,novice
2470,2271,2370,199,4741,master
2272,2026,2149,246,4298,average
2430,2273,2351,157,4703,master
2569,2571,2570,-2,5140,grandmaster
2206,2226,2216,-20,4432,average
2128,2015,2071,113,4143,novice
2381,2157,2269,224,4538,average
1846,1980,1913,-134,3826,novice
1971,2081,2026,-110,4052,novice
2191,2075,2133,116,4266,average
2115,2217,2166,-102,4332,average
1933,2273,2103,-340,4206,average
2162,2394,2278,-232,4556,average
2223,2343,2283,-120,4566,average
2358,2131,2244,227,4489,average
2508,2581,2544,-73,5089,grandmaster
2315,2519,2417,-204,4834,master
2259,2328,2293,-69,4587,average
2280,2508,2394,-228,4788,master
2483,2508,2495,-25,4991,master
2317,2220,2268,97,4537,average
2136,1851,1993,285,3987,novice
2379,1915,2147,464,4294,average
2298,1940,2119,358,4238,average
1920,2392,2156,-472,4312,average
2271,2073,2172,198,4344,average
2447,2206,2326,241,4653,master
2361,1912,2136,449,4273,average
2246,2397,2321,-151,4643,master
2283,1953,2118,330,4236,average
2331,2212,2271,119,4543,average
2508,2610,2559,-102,5118,grandmaster
2150,2254,2202,-104,4404,average
1934,2358,2146,-424,4292,average
2117,2061,2089,56,4178,novice
2403,2241,2322,162,4644,master
2637,2524,2580,113,5161,grandmaster
2104,2119,2111,-15,4223,average
2498,2453,2475,45,4951,master
1856,2033,1944,-177,3889,novice
1982,2237,2109,-255,4219,average
2292,2160,2226,132,4452,average
2241,2003,2122,238,4244,average
2137,1933,2035,204,4070,novice
2324,2443,2383,-119,4767,master
2022,2012,2017,10,4034,novice
2092,1866,1979,226,3958,novice
2142,2004,2073,138,4146,novice
2269,2196,2232,73,4465,average
2591,2466,2528,125,5057,grandmaster
2248,2094,2171,154,4342,average
2114,2446,2280,-332,4560,average
2198,1802,2000,396,4000,novice
2407,2520,2463,-113,4927,master
2176,1844,2010,332,4020,novice
2178,2548,2363,-370,4726,master
2449,2047,2248,402,4496,average
1994,2501,2247,-507,4495,average
2031,2300,2165,-269,4331,average
2327,2218,2272,109,4545,average
2190,1956,2073,234,4146,novice
2512,2286,2399,226,4798,master
2206,2346,2276,-140,4552,average
2256,2108,2182,148,4364,average
1798,2024,1911,-226,3822,novice
2162,2033,2097,129,4195,novice
2124,2240,2182,-116,4364,average
2101,1891,1996,210,3992,novice
2106,2404,2255,-298,4510,average
2268,2322,2295,-54,4590,average
2426,2153,2289,273,4579,average
2150,2376,2263,-226,4526,average
2253,2208,2230,45,4461,average
2279,2106,2192,173,4385,average
2488,2660,2574,-172,5148,grandmaster
2485,2164,2324,321,4649,master
2225,2191,2208,34,4416,average
2423,2543,2483,-120,4966,master
2630,2102,2366,528,4732,master
2261,2244,2252,17,4505,average
2174,1999,2086,175,4173,novice
2313,2054,2183,259,4367,average
2006,2126,2066,-120,4132,novice
1893,2193,2043,-300,4086,novice
2501,2148,2324,353,4649,master
2200,2009,2104,191,4209,average
2505,2650,2577,-145,5155,grandmaster
2481,2190,2335,291,4671,master
2140,2184,2162,-44,4324,average
2258,2458,2358,-200,4716,master
2219,2202,2210,17,4421,average
2350,2233,2291,117,4583,average
1713,2339,2026,-626,4052,novice
2151,2289,2220,-138,4440,average
2360,1926,2143,434,4286,average
1796,2034,1915,-238,3830,novice
2291,2285,2288,6,4576,average
2084,2527,2305,-443,4611,master
2138,2069,2103,69,4207,average
2194,2388,2291,-194,4582,average
2594,2466,2530,128,5060,grandmaster
2381,2279,2330,102,4660,master
2462,2139,2300,323,4601,average
2172,2093,2132,79,4265,average
2054,2327,2190,-273,4381,average
2591,2492,2541,99,5083,grandmaster
2259,1757,2008,502,4016,novice
2346,2559,2452,-213,4905,master
2300,2412,2356,-112,4712,master
2455,2375,2415,80,4830,master
2613,1923,2268,690,4536,average
2047,2256,2151,-209,4303,average
2019,2253,2136,-234,4272,average
2239,2176,2207,63,4415,average
1897,2107,2002,-210,4004,novice
2128,1899,2013,229,4027,novice
2727,2549,2638,178,5276,grandmaster
2019,1964,1991,55,3983,novice
2338,2242,2290,96,4580,average
2061,2096,2078,-35,4157,novice
2361,2084,2222,277,4445,average
2084,1853,1968,231,3937,novice
2349,2071,2210,278,4420,average
2045,2354,2199,-309,4399,average
2097,2013,2055,84,4110,novice
2385,2334,2359,51,4719,master
2257,2464,2360,-207,4721,master
1973,2236,2104,-263,4209,average
1963,2202,2082,-239,4165,novice
2100,1892,1996,208,3992,novice
2511,2467,2489,44,4978,master
2205,2433,2319,-228,4638,master
2238,1872,2055,366,4110,novice
2422,2027,2224,395,4449,average
2208,2110,2159,98,4318,average
1903,1980,1941,-77,3883,novice
2731,2685,2708,46,5416,grandmaster
1583,2007,1795,-424,3590,novice
2302,2488,2395,-186,4790,master
1819,1843,1831,-24,3662,novice
2391,2285,2338,106,4676,master
1718,2017,1867,-299,3735,novice
1317,1799,1558,-482,3116,novice
2335,1987,2161,348,4322,average
2208,2130,2169,78,4338,average
2384,2476,2430,-92,4860,master
2034,2387,2210,-353,4421,average
2108,2331,2219,-223,4439,average
1950,2250,2100,-300,4200,novice
2059,2272,2165,-213,4331,average
2586,2561,2573,25,5147,grandmaster
2016,2243,2129,-227,4259,average
2210,2304,2257,-94,4514,average
2137,1799,1968,338,3936,novice
2353,2244,2298,109,4597,average
2299,2226,2262,73,4525,average
2555,2459,2507,96,5014,grandmaster
2384,2431,2407,-47,4815,master
1248,1629,1438,-381,2877,novice
2241,2130,2185,111,4371,average
2424,2177,2300,247,4601,average
2485,2730,2607,-245,5215,grandmaster
2085,2219,2152,-134,4304,average
2204,1940,2072,264,4144,novice
2170,2037,2103,133,4207,average
2479,2448,2463,31,4927,master
2216,2211,2213,5,4427,average
2208,2043,2125,165,4251,average
2705,2661,2683,44,5366,grandmaster
2417,2522,2469,-105,4939,master
2252,2471,2361,-219,4723,master
2407,2225,2316,182,4632,master
2035,1845,1940,190,3880,novice
2316,2422,2369,-106,4738,master
2384,2309,2346,75,4693,master
2537,2526,2531,11,5063,grandmaster
2006,2220,2113,-214,4226,average
2310,2212,2261,98,4522,average
2404,2307,2355,97,4711,master
2155,2399,2277,-244,4554,average
2189,2113,2151,76,4302,average
1994,2156,2075,-162,4150,novice
2027,1995,2011,32,4022,novice
2234,2007,2120,227,4241,average
2212,2301,2256,-89,4513,average
2106,2491,2298,-385,4597,average
2134,2358,2246,-224,4492,average
2418,2326,2372,92,4744,master
2114,2227,2170,-113,4341,average
2561,1968,2264,593,4529,average
2074,2250,2162,-176,4324,average
2166,2443,2304,-277,4609,master
2059,2098,2078,-39,4157,novice
2514,2429,2471,85,4943,master
2087,2304,2195,-217,4391,average
1934,1965,1949,-31,3899,novice
1795,2029,1912,-234,3824,novice
2152,2265,2208,-113,4417,average
2025,2286,2155,-261,4311,average
1411,1703,1557,-292,3114,novice
1987,2285,2136,-298,4272,average
2110,2145,2127,-35,4255,average
1985,2378,2181,-393,4363,average
2586,2325,2455,261,4911,master
2203,2161,2182,42,4364,average
1894,2189,2041,-295,4083,novice
2190,2243,2216,-53,4433,average
2318,2189,2253,129,4507,average
1879,2374,2126,-495,4253,average
2396,2175,2285,221,4571,average
1896,2191,2043,-295,4087,novice
2020,1866,1943,154,3886,novice
2785,2506,2645,279,5291,grandmaster
2038,2278,2158,-240,4316,average
2289,1933,2111,356,4222,average
2368,2153,2260,215,4521,average
2511,1898,2204,613,4409,average
2395,2356,2375,39,4751,master
1895,2001,1948,-106,3896,novice
2319,2127,2223,192,4446,average
2116,2603,2359,-487,4719,master
2270,2687,2478,-417,4957,master
2520,2613,2566,-93,5133,grandmaster
2127,2362,2244,-235,4489,average
2546,2416,2481,130,4962,master
2198,2334,2266,-136,4532,average
2235,2268,2251,-33,4503,average
2611,2331,2471,280,4942,master
2105,2119,2112,-14,4224,average
2406,2068,2237,338,4474,average
2341,2140,2240,201,4481,average
1727,2484,2105,-757,4211,average
2378,2638,2508,-260,5016,grandmaster
2233,2029,2131,204,4262,average
2339,2429,2384,-90,4768,master
2423,2595,2509,-172,5018,grandmaster
2553,1982,2267,571,4535,average
2549,2451,2500,98,5000,master
2426,2032,2229,394,4458,average
2087,2293,2190,-206,4380,average
2025,2217,2121,-192,4242,average
1972,2407,2189,-435,4379,average
2102,2503,2302,-401,4605,master
2074,2303,2188,-229,4377,average
2358,2482,2420,-124,4840,master
2379,1905,2142,474,4284,average
2237,2095,2166,142,4332,average
1946,2260,2103,-314,4206,average
2200,2226,2213,-26,4426,average
2048,2250,2149,-202,4298,average
2430,2527,2478,-97,4957,master
2095,2267,2181,-172,4362,average
2348,2249,2298,99,4597,average
2379,2272,2325,107,4651,master
2444,2107,2275,337,4551,average
2216,2142,2179,74,4358,average
1943,1923,1933,20,3866,novice
2276,2048,2162,228,4324,average
2285,2332,2308,-47,4617,master
2430,2374,2402,56,4804,master
2205,2211,2208,-6,4416,average
2426,2192,2309,234,4618,master
2405,2003,2204,402,4408,average
2203,2226,2214,-23,4429,average
2073,2301,2187,-228,4374,average
1901,2149,2025,-248,4050,novice
2563,2220,2391,343,4783,master
2200,2287,2243,-87,4487,average
1715,2031,1873,-316,3746,novice
2200,2252,2226,-52,4452,average
1978,2029,2003,-51,4007,novice
2008,1705,1856,303,3713,novice
2663,2702,2682,-39,5365,grandmaster
2266,2316,2291,-50,4582,average
1909,2503,2206,-594,4412,average
2308,2010,2159,298,4318,average
2002,2055,2028,-53,4057,novice
2342,2533,2437,-191,4875,master
2238,2422,2330,-184,4660,master
2232,2118,2175,114,4350,average
2239,2295,2267,-56,4534,average
2150,2246,2198,-96,4396,average
2196,2035,2115,161,4231,average
2231,2320,2275,-89,4551,average
2511,2366,2438,145,4877,master
2082,1815,1948,267,3897,novice
2002,1688,1845,314,3690,novice
2201,2320,2260,-119,4521,average
2127,2524,2325,-397,4651,master
2211,2306,2258,-95,4517,average
2066,1956,2011,110,4022,novice
2257,2183,2220,74,4440,average
2623,2631,2627,-8,5254,grandmaster
2257,2227,2242,30,4484,average
2479,2187,2333,292,4666,master
2310,2012,2161,298,4322,average
2652,2399,2525,253,5051,grandmaster
2271,1965,2118,306,4236,average
2438,2636,2537,-198,5074,grandmaster
2093,2349,2221,-256,4442,average
2021,2174,2097,-153,4195,novice
2368,2432,2400,-64,4800,master
2069,2197,2133,-128,4266,average
2296,2030,2163,266,4326,average
2411,2400,2405,11,4811,master
1915,2420,2167,-505,4335,average
2428,2278,2353,150,4706,master
1982,2100,2041,-118,4082,novice
2705,2327,2516,378,5032,grandmaster
2390,2208,2299,182,4598,average
2316,2343,2329,-27,4659,master
2699,2658,2678,41,5357,grandmaster
2789,2743,2766,46,5532,grandmaster
2315,2089,2202,226,4404,average
1927,1928,1927,-1,3855,novice
2392,2277,2334,115,4669,master
2383,2217,2300,166,4600,average
2617,2409,2513,208,5026,grandmaster
2301,2099,2200,202,4400,average
2257,2407,2332,-150,4664,master
2100,2154,2127,-54,4254,average
2267,2226,2246,41,4493,average
2320,2207,2263,113,4527,average
1944,2070,2007,-126,4014,novice
2460,2046,2253,414,4506,average
2064,1884,1974,180,3948,novice
2217,2417,2317,-200,4634,master
1999,2215,2107,-216,4214,average
2128,1874,2001,254,4002,novice
2162,2447,2304,-285,4609,master
2404,1785,2094,619,4189,novice
2118,1683,1900,435,3801,novice
2534,2508,2521,26,5042,grandmaster
2557,2309,2433,248,4866,master
2153,2020,2086,133,4173,novice
1915,2172,2043,-257,4087,novice
2122,1934,2028,188,4056,novice
2076,1876,1976,200,3952,novice
2162,2551,2356,-389,4713,master
2151,2330,2240,-179,4481,average
2472,1960,2216,512,4432,average
1698,2273,1985,-575,3971,novice
2103,2291,2197,-188,4394,average
2438,1937,2187,501,4375,average
2301,2125,2213,176,4426,average
1755,1962,1858,-207,3717,novice
2433,2251,2342,182,4684,master
2458,2204,2331,254,4662,master
2313,2237,2275,76,4550,average
1784,2468,2126,-684,4252,average
2367,2228,2297,139,4595,average
2162,2378,2270,-216,4540,average
2231,2210,2220,21,4441,average
2379,2200,2289,179,4579,average
2231,2117,2174,114,4348,average
1934,2450,2192,-516,4384,average
1948,1762,1855,186,3710,novice
2240,2253,2246,-13,4493,average
1752,1884,1818,-132,3636,novice
2213,2009,2111,204,4222,average
2263,2188,2225,75,4451,average
2026,2090,2058,-64,4116,novice
2175,2524,2349,-349,4699,master
2639,2481,2560,158,5120,grandmaster
2249,2272,2260,-23,4521,average
2657,2420,2538,237,5077,grandmaster
2058,2229,2143,-171,4287,average
2469,2105,2287,364,4574,average
2297,2215,2256,82,4512,average
2144,2369,2256,-225,4513,average
1930,2340,2135,-410,4270,average
2437,2568,2502,-131,5005,grandmaster
2005,2191,2098,-186,4196,novice
2562,1969,2265,593,4531,average
2153,2345,2249,-192,4498,average
2114,2357,2235,-243,4471,average
2434,2015,2224,419,4449,average
1732,1762,1747,-30,3494,novice
2237,2063,2150,174,4300,average
1530,1893,1711,-363,3423,novice
2037,2137,2087,-100,4174,novice
2509,2538,2523,-29,5047,grandmaster
2197,2049,2123,148,4246,average
2116,2231,2173,-115,4347,average
2124,2315,2219,-191,4439,average
2533,2424,2478,109,4957,master
2109,2290,2199,-181,4399,average
2057,1882,1969,175,3939,novice
2341,2206,2273,135,4547,average
1672,1877,1774,-205,3549,novice
2598,2123,2360,475,4721,master
1861,1870,1865,-9,3731,novice
2047,2227,2137,-180,4274,average
1806,2073,1939,-267,3879,novice
2161,2314,2237,-153,4475,average
2260,1871,2065,389,4131,novice
2056,1845,1950,211,3901,novice
2207,2238,2222,-31,4445,average
2212,2171,2191,41,4383,average
1955,2307,2131,-352,4262,average
2438,2437,2437,1,4875,master
2495,2509,2502,-14,5004,grandmaster
2216,2077,2146,139,4293,average
2015,2333,2174,-318,4348,average
1868,2002,1935,-134,3870,novice
2183,2033,2108,150,4216,average
2106,2124,2115,-18,4230,average
1969,1772,1870,197,3741,novice
2170,2126,2148,44,4296,average
2526,2296,2411,230,4822,master
2225,2358,2291,-133,4583,average
1835,2175,2005,-340,4010,novice
2661,2470,2565,191,5131,grandmaster
2583,2336,2459,247,4919,master
2250,2393,2321,-143,4643,master
2055,2144,2099,-89,4199,novice
2450,2573,2511,-123,5023,grandmaster
2655,2417,2536,238,5072,grandmaster
2448,2507,2477,-59,4955,master
2255,2378,2316,-123,4633,master
2343,2259,2301,84,4602,master
2165,2067,2116,98,4232,average
2590,2201,2395,389,4791,master
2738,2749,2743,-11,5487,grandmaster
2423,2533,2478,-110,4956,master
2183,2487,2335,-304,4670,master
2393,2172,2282,221,4565,average
2100,1978,2039,122,4078,novice
2405,2463,2434,-58,4868,master
2084,2152,2118,-68,4236,average
1804,1790,1797,14,3594,novice
2041,2186,2113,-145,4227,average
2470,2534,2502,-64,5004,grandmaster
2211,2157,2184,54,4368,average
2488,1938,2213,550,4426,average
2416,2095,2255,321,4511,average
2179,2377,2278,-198,4556,average
2516,2243,2379,273,4759,master
2189,2441,2315,-252,4630,master
1922,2227,2074,-305,4149,novice
2259,2257,2258,2,4516,average
2136,2452,2294,-316,4588,average
2294,1960,2127,334,4254,average
2041,2499,2270,-458,4540,average
2213,2299,2256,-86,4512,average
2278,2378,2328,-100,4656,master
2379,2107,2243,272,4486,average
2364,1974,2169,390,4338,average
2243,2040,2141,203,4283,average
2165,2204,2184,-39,4369,average
2155,1931,2043,224,4086,novice
2182,2124,2153,58,4306,average
2088,2362,2225,-274,4450,average
2437,2044,2240,393,4481,average
2316,2205,2260,111,4521,average
2322,1991,2156,331,4313,average
2580,2788,2684,-208,5368,grandmaster
2149,2089,2119,60,4238,average
2249,2341,2295,-92,4590,average
2167,2469,2318,-302,4636,master
2223,1801,2012,422,4024,novice
2334,2100,2217,234,4434,average
2143,1994,2068,149,4137,novice
2146,2436,2291,-290,4582,average
2322,2219,2270,103,4541,average
2386,2172,2279,214,4558,average
2090,2286,2188,-196,4376,average
2555,2543,2549,12,5098,grandmaster
2211,2277,2244,-66,4488,average
2284,1974,2129,310,4258,average
2276,2541,2408,-265,4817,master
2374,2191,2282,183,4565,average
2605,2683,2644,-78,5288,grandmaster
2356,2177,2266,179,4533,average
2309,2275,2292,34,4584,average
2315,2573,2444,-258,4888,master
2016,2263,2139,-247,4279,average
2101,2188,2144,-87,4289,average
2147,2153,2150,-6,4300,average
2600,2084,2342,516,4684,master
2067,2492,2279,-425,4559,average
2298,2278,2288,20,4576,average
2567,2489,2528,78,5056,grandmaster
2345,2214,2279,131,4559,average
2350,2487,2418,-137,4837,master
2165,2419,2292,-254,4584,average
2356,2082,2219,274,4438,average
2087,1903,1995,184,3990,novice
2207,2413,2310,-206,4620,master
2442,2622,2532,-180,5064,grandmaster
1785,2429,2107,-644,4214,average
1988,1802,1895,186,3790,novice
2305,2369,2337,-64,4674,master
2398,2157,2277,241,4555,average
2205,2287,2246,-82,4492,average
1972,2040,2006,-68,4012,novice
2202,1927,2064,275,4129,novice
2091,2240,2165,-149,4331,average
2554,2543,2548,11,5097,grandmaster
2317,2222,2269,95,4539,average
2469,2601,2535,-132,5070,grandmaster
2402,2101,2251,301,4503,average
2037,1752,1894,285,3789,novice
2426,2230,2328,196,4656,master
2635,2617,2626,18,5252,grandmaster
2525,2371,2448,154,4896,master
1801,2045,1923,-244,3846,novice
2115,2406,2260,-291,4521,average
2448,2137,2292,311,4585,average
2472,2380,2426,92,4852,master
2055,2268,2161,-213,4323,average
2562,2403,2482,159,4965,master
2627,2671,2649,-44,5298,grandmaster
2196,2031,2113,165,4227,average
2439,2587,2513,-148,5026,grandmaster
2626,2474,2550,152,5100,grandmaster
2007,2491,2249,-484,4498,average
2099,2283,2191,-184,4382,average
2043,2218,2130,-175,4261,average
2299,2262,2280,37,4561,average
1995,1690,1842,305,3685,novice
2089,2016,2052,73,4105,novice
2541,2605,2573,-64,5146,grandmaster
2504,2566,2535,-62,5070,grandmaster
2041,2238,2139,-197,4279,average
1673,1817,1745,-144,3490,novice
2040,2199,2119,-159,4239,average
2500,2300,2400,200,4800,master
2471,2659,2565,-188,5130,grandmaster
2228,2010,2119,218,4238,average
2090,2467,2278,-377,4557,average
2661,2687,2674,-26,5348,grandmaster
2282,2006,2144,276,4288,average
2565,2332,2448,233,4897,master
2297,2337,2317,-40,4634,master
1688,1944,1816,-256,3632,novice
2292,2043,2167,249,4335,average
2029,2372,2200,-343,4401,average
2398,2551,2474,-153,4949,master
2442,1876,2159,566,4318,average
2339,2579,2459,-240,4918,master
1898,2256,2077,-358,4154,novice
2361,2409,2385,-48,4770,master
2141,2423,2282,-282,4564,average
2266,2202,2234,64,4468,average
2646,2336,2491,310,4982,master
2375,2073,2224,302,4448,average
2188,2249,2218,-61,4437,average
1690,1888,1789,-198,3578,novice
2227,2456,2341,-229,4683,master
1888,1671,1779,217,3559,novice
2045,2365,2205,-320,4410,average
2770,2580,2675,190,5350,grandmaster
2141,1943,2042,198,4084,novice
2028,2301,2164,-273,4329,average
2550,2323,2436,227,4873,master
2100,2356,2228,-256,4456,average
2092,1871,1981,221,3963,novice
2296,1987,2141,309,4283,average
2072,1988,2030,84,4060,novice
2270,2027,2148,243,4297,average
2292,2046,2169,246,4338,average
2409,2297,2353,112,4706,master
2311,2177,2244,134,4488,average
2375,2211,2293,164,4586,average
2087,2263,2175,-176,4350,average
2132,2266,2199,-134,4398,average
2066,2388,2227,-322,4454,average
2448,2128,2288,320,4576,average
2321,2186,2253,135,4507,average
2259,2201,2230,58,4460,average
2137,1867,2002,270,4004,novice
2263,2099,2181,164,4362,average
2440,2433,2436,7,4873,master
2286,2284,2285,2,4570,average
2292,2654,2473,-362,4946,master
2659,1907,2283,752,4566,average
2442,2621,2531,-179,5063,grandmaster
2318,2101,2209,217,4419,average
1932,2398,2165,-466,4330,average
2423,2593,2508,-170,5016,grandmaster
2323,2061,2192,262,4384,average
2355,2308,2331,47,4663,master
2101,2027,2064,74,4128,novice
2181,1929,2055,252,4110,novice
1935,2472,2203,-537,4407,average
2437,2583,2510,-146,5020,grandmaster
2081,1928,2004,153,4009,novice
2455,2614,2534,-159,5069,grandmaster
2486,2320,2403,166,4806,master
2179,2356,2267,-177,4535,average
2496,2486,2491,10,4982,master
1761,2163,1962,-402,3924,novice
2349,2019,2184,330,4368,average
2546,2543,2544,3,5089,grandmaster
2113,2314,2213,-201,4427,average
2143,2362,2252,-219,4505,average
2604,2470,2537,134,5074,grandmaster
2002,2318,2160,-316,4320,average
2192,2163,2177,29,4355,average
1748,2562,2155,-814,4310,average
2382,2127,2254,255,4509,average
2038,1773,1905,265,3811,novice
1876,2100,1988,-224,3976,novice
2356,2603,2479,-247,4959,master
2595,2417,2506,178,5012,grandmaster
1939,2205,2072,-266,4144,novice
2456,2202,2329,254,4658,master
1764,2271,2017,-507,4035,novice
2726,2575,2650,151,5301,grandmaster
2018,1883,1950,135,3901,novice
2243,2280,2261,-37,4523,average
2265,2434,2349,-169,4699,master
2159,2271,2215,-112,4430,average
2035,2225,2130,-190,4260,average
2461,2556,2508,-95,5017,grandmaster
2070,2295,2182,-225,4365,average
2209,2403,2306,-194,4612,master
1937,2169,2053,-232,4106,novice
2393,2402,2397,-9,4795,master
2499,2663,2581,-164,5162,grandmaster
2314,2219,2266,95,4533,average
2161,2310,2235,-149,4471,average
2176,2043,2109,133,4219,average
1882,2148,2015,-266,4030,novice
1870,1974,1922,-104,3844,novice
2225,2406,2315,-181,4631,master
2067,1731,1899,336,3798,novice
2682,2563,2622,119,5245,grandmaster
2343,2255,2299,88,4598,average
2185,2494,2339,-309,4679,master
1995,2548,2271,-553,4543,average
2154,1774,1964,380,3928,novice
2367,1993,2180,374,4360,average
2271,1948,2109,323,4219,average
2381,2314,2347,67,4695,master
2086,2151,2118,-65,4237,average
2548,2537,2542,11,5085,grandmaster
2187,2018,2102,169,4205,average
1560,1903,1731,-343,3463,novice
2052,2024,2038,28,4076,novice
2243,2504,2373,-261,4747,master
2230,2336,2283,-106,4566,average
2388,2392,2390,-4,4780,master
2179,2335,2257,-156,4514,average
2508,2534,2521,-26,5042,grandmaster
2282,2007,2144,275,4289,average
2632,2531,2581,101,5163,grandmaster
2391,2513,2452,-122,4904,master
