WhiteElo,BlackElo,MeanElos,DiffElos,SumElos
2354,2411,2382,-57,4765
2446,2191,2318,255,4637
2437,2254,2345,183,4691
2449,2201,2325,248,4650
2553,2052,2302,501,4605
2345,2560,2452,-215,4905
2392,2272,2332,120,4664
2413,2315,2364,98,4728
2332,2334,2333,-2,4666
2522,2285,2403,237,4807
2482,2329,2405,153,4811
2345,2291,2318,54,4636
2369,2394,2381,-25,4763
2529,2255,2392,274,4784
2376,2591,2483,-215,4967
2450,2170,2310,280,4620
2281,2524,2402,-243,4805
2246,2426,2336,-180,4672
2485,2293,2389,192,4778
2207,2402,2304,-195,4609
2311,2352,2331,-41,4663
2453,2268,2360,185,4721
2353,2327,2340,26,4680
2248,2512,2380,-264,4760
2368,2248,2308,120,4616
2466,2233,2349,233,4699
2391,2431,2411,-40,4822
2460,2329,2394,131,4789
2443,2407,2425,36,4850
2484,2507,2495,-23,4991
2291,2459,2375,-168,4750
2250,2680,2465,-430,4930
2382,2580,2481,-198,4962
2359,2356,2357,3,4715
2543,2176,2359,367,4719
2552,2331,2441,221,4883
2430,2410,2420,20,4840
2276,2455,2365,-179,4731
2476,2169,2322,307,4645
2427,2322,2374,105,4749
2409,2354,2381,55,4763
2392,2295,2343,97,4687
2484,2463,2473,21,4947
2437,2359,2398,78,4796
2275,2422,2348,-147,4697
2430,2550,2490,-120,4980
2329,2468,2398,-139,4797
2347,2479,2413,-132,4826
2298,2516,2407,-218,4814
2559,2440,2499,119,4999
2091,2581,2336,-490,4672
2229,2457,2343,-228,4686
2538,2394,2466,144,4932
2411,2201,2306,210,4612
2442,2171,2306,271,4613
2287,2496,2391,-209,4783
2549,2185,2367,364,4734
2625,2244,2434,381,4869
2505,2287,2396,218,4792
2525,2150,2337,375,4675
2459,2312,2385,147,4771
2311,2492,2401,-181,4803
2359,2353,2356,6,4712
2379,2297,2338,82,4676
2436,2263,2349,173,4699
2442,2280,2361,162,4722
2411,2493,2452,-82,4904
2408,2399,2403,9,4807
2506,2194,2350,312,4700
2388,2233,2310,155,4621
2449,2303,2376,146,4752
2328,2318,2323,10,4646
2464,2493,2478,-29,4957
2256,2377,2316,-121,4633
2442,2397,2419,45,4839
2161,2532,2346,-371,4693
2224,2428,2326,-204,4652
2414,2404,2409,10,4818
2394,2255,2324,139,4649
2387,2222,2304,165,4609
2466,2270,2368,196,4736
2511,2403,2457,108,4914
2354,2491,2422,-137,4845
2437,2387,2412,50,4824
2191,2520,2355,-329,4711
2265,2381,2323,-116,4646
2078,2639,2358,-561,4717
2364,2398,2381,-34,4762
2241,2439,2340,-198,4680
2479,2310,2394,169,4789
2484,2349,2416,135,4833
2309,2608,2458,-299,4917
2464,2424,2444,40,4888
2427,2202,2314,225,4629
2525,2138,2331,387,4663
2521,2344,2432,177,4865
2528,2190,2359,338,4718
2345,2534,2439,-189,4879
2556,2302,2429,254,4858
2454,2472,2463,-18,4926
2470,2226,2348,244,4696
2374,2554,2464,-180,4928
2596,2291,2443,305,4887
2645,2302,2473,343,4947
2543,2412,2477,131,4955
2457,2309,2383,148,4766
2481,2252,2366,229,4733
2392,2275,2333,117,4667
2250,2507,2378,-257,4757
2144,2534,2339,-390,4678
2350,2521,2435,-171,4871
2497,2351,2424,146,4848
2404,2414,2409,-10,4818
2583,2206,2394,377,4789
2395,2270,2332,125,4665
2184,2473,2328,-289,4657
2521,2475,2498,46,4996
2375,2249,2312,126,4624
2292,2593,2442,-301,4885
2405,2539,2472,-134,4944
2457,2201,2329,256,4658
2409,2573,2491,-164,4982
2127,2498,2312,-371,4625
2453,2510,2481,-57,4963
2313,2366,2339,-53,4679
2398,2370,2384,28,4768
2370,2601,2485,-231,4971
2299,2494,2396,-195,4793
2433,2377,2405,56,4810
2551,2205,2378,346,4756
2460,2226,2343,234,4686
2272,2445,2358,-173,4717
2312,2596,2454,-284,4908
2366,2516,2441,-150,4882
2405,2445,2425,-40,4850
2451,2187,2319,264,4638
2309,2356,2332,-47,4665
2271,2379,2325,-108,4650
2314,2552,2433,-238,4866
2315,2456,2385,-141,4771
2335,2436,2385,-101,4771
2261,2427,2344,-166,4688
2330,2563,2446,-233,4893
2536,2421,2478,115,4957
2349,2597,2473,-248,4946
2490,2422,2456,68,4912
2548,2118,2333,430,4666
2415,2416,2415,-1,4831
2513,2392,2452,121,4905
2312,2417,2364,-105,4729
2543,2399,2471,144,4942
2371,2436,2403,-65,4807
2454,2218,2336,236,4672
2526,2409,2467,117,4935
2465,2474,2469,-9,4939
2285,2356,2320,-71,4641
2607,2269,2438,338,4876
2422,2275,2348,147,4697
2385,2482,2433,-97,4867
2454,2482,2468,-28,4936
2254,2646,2450,-392,4900
2467,2327,2397,140,4794
2344,2407,2375,-63,4751
2315,2480,2397,-165,4795
2322,2315,2318,7,4637
2234,2379,2306,-145,4613
2316,2531,2423,-215,4847
2259,2422,2340,-163,4681
2327,2463,2395,-136,4790
2506,2238,2372,268,4744
2496,2458,2477,38,4954
2524,2124,2324,400,4648
2567,2283,2425,284,4850
2380,2239,2309,141,4619
2497,2312,2404,185,4809
2275,2409,2342,-134,4684
2348,2628,2488,-280,4976
2350,2414,2382,-64,4764
2431,2187,2309,244,4618
2265,2569,2417,-304,4834
2410,2549,2479,-139,4959
2459,2408,2433,51,4867
2481,2445,2463,36,4926
2483,2321,2402,162,4804
2366,2569,2467,-203,4935
2391,2473,2432,-82,4864
2508,2216,2362,292,4724
2403,2232,2317,171,4635
2378,2274,2326,104,4652
2405,2274,2339,131,4679
2411,2432,2421,-21,4843
2375,2339,2357,36,4714
2261,2442,2351,-181,4703
2506,2468,2487,38,4974
2365,2422,2393,-57,4787
2366,2409,2387,-43,4775
2235,2440,2337,-205,4675
2295,2307,2301,-12,4602
2711,2226,2468,485,4937
2391,2312,2351,79,4703
2438,2354,2396,84,4792
2393,2489,2441,-96,4882
2476,2287,2381,189,4763
2261,2527,2394,-266,4788
2288,2475,2381,-187,4763
2318,2349,2333,-31,4667
2350,2547,2448,-197,4897
2281,2377,2329,-96,4658
2153,2463,2308,-310,4616
2442,2437,2439,5,4879
2571,2084,2327,487,4655
2324,2509,2416,-185,4833
2384,2350,2367,34,4734
2436,2468,2452,-32,4904
2399,2404,2401,-5,4803
2486,2366,2426,120,4852
2315,2549,2432,-234,4864
2379,2617,2498,-238,4996
2377,2329,2353,48,4706
2388,2529,2458,-141,4917
2346,2259,2302,87,4605
2461,2178,2319,283,4639
2532,2234,2383,298,4766
2404,2314,2359,90,4718
2324,2376,2350,-52,4700
2238,2366,2302,-128,4604
2547,2353,2450,194,4900
2132,2553,2342,-421,4685
2430,2418,2424,12,4848
2343,2275,2309,68,4618
2437,2533,2485,-96,4970
2404,2444,2424,-40,4848
2406,2498,2452,-92,4904
2425,2533,2479,-108,4958
2296,2496,2396,-200,4792
2293,2580,2436,-287,4873
2512,2453,2482,59,4965
2352,2474,2413,-122,4826
2509,2322,2415,187,4831
2291,2423,2357,-132,4714
2457,2226,2341,231,4683
2515,2414,2464,101,4929
2517,2379,2448,138,4896
2402,2569,2485,-167,4971
2310,2391,2350,-81,4701
2327,2637,2482,-310,4964
2589,2288,2438,301,4877
2397,2297,2347,100,4694
2285,2433,2359,-148,4718
2388,2311,2349,77,4699
2369,2558,2463,-189,4927
2402,2579,2490,-177,4981
2560,2368,2464,192,4928
2337,2267,2302,70,4604
2437,2453,2445,-16,4890
2475,2457,2466,18,4932
2488,2281,2384,207,4769
2217,2436,2326,-219,4653
2440,2325,2382,115,4765
2390,2514,2452,-124,4904
2409,2537,2473,-128,4946
2509,2462,2485,47,4971
2330,2449,2389,-119,4779
2291,2605,2448,-314,4896
2311,2458,2384,-147,4769
2387,2434,2410,-47,4821
2389,2488,2438,-99,4877
2193,2421,2307,-228,4614
2251,2449,2350,-198,4700
2247,2412,2329,-165,4659
2474,2463,2468,11,4937
2443,2482,2462,-39,4925
2357,2407,2382,-50,4764
2205,2436,2320,-231,4641
2357,2447,2402,-90,4804
2269,2369,2319,-100,4638
2462,2161,2311,301,4623
2354,2640,2497,-286,4994
2327,2391,2359,-64,4718
2381,2508,2444,-127,4889
2477,2279,2378,198,4756
2354,2301,2327,53,4655
2552,2116,2334,436,4668
2544,2111,2327,433,4655
2290,2357,2323,-67,4647
2289,2431,2360,-142,4720
2246,2429,2337,-183,4675
2415,2525,2470,-110,4940
2438,2539,2488,-101,4977
2329,2504,2416,-175,4833
2516,2237,2376,279,4753
2377,2540,2458,-163,4917
2391,2505,2448,-114,4896
2560,2176,2368,384,4736
2244,2367,2305,-123,4611
2383,2269,2326,114,4652
2552,2438,2495,114,4990
2365,2499,2432,-134,4864
2548,2412,2480,136,4960
2360,2464,2412,-104,4824
2327,2334,2330,-7,4661
2381,2295,2338,86,4676
2438,2473,2455,-35,4911
2364,2398,2381,-34,4762
2537,2312,2424,225,4849
2484,2284,2384,200,4768
2428,2239,2333,189,4667
2342,2328,2335,14,4670
2442,2278,2360,164,4720
2402,2385,2393,17,4787
2400,2488,2444,-88,4888
2506,2457,2481,49,4963
2441,2510,2475,-69,4951
2396,2242,2319,154,4638
2571,2289,2430,282,4860
2488,2417,2452,71,4905
2476,2226,2351,250,4702
2399,2316,2357,83,4715
2678,2172,2425,506,4850
2330,2455,2392,-125,4785
2129,2489,2309,-360,4618
2374,2253,2313,121,4627
2292,2403,2347,-111,4695
2518,2420,2469,98,4938
2356,2327,2341,29,4683
2563,2288,2425,275,4851
2555,2379,2467,176,4934
2351,2313,2332,38,4664
2331,2486,2408,-155,4817
2487,2449,2468,38,4936
2486,2488,2487,-2,4974
2305,2529,2417,-224,4834
2374,2309,2341,65,4683
2456,2378,2417,78,4834
2444,2207,2325,237,4651
2380,2456,2418,-76,4836
2417,2448,2432,-31,4865
2351,2542,2446,-191,4893
2495,2404,2449,91,4899
2439,2235,2337,204,4674
2462,2508,2485,-46,4970
2344,2324,2334,20,4668
2479,2238,2358,241,4717
2509,2458,2483,51,4967
2377,2374,2375,3,4751
2439,2187,2313,252,4626
2095,2569,2332,-474,4664
2226,2598,2412,-372,4824
2529,2362,2445,167,4891
2358,2422,2390,-64,4780
2455,2546,2500,-91,5001
2396,2549,2472,-153,4945
2230,2417,2323,-187,4647
2243,2578,2410,-335,4821
2386,2510,2448,-124,4896
2272,2598,2435,-326,4870
2406,2252,2329,154,4658
2366,2616,2491,-250,4982
2567,2158,2362,409,4725
2486,2492,2489,-6,4978
2345,2525,2435,-180,4870
2310,2445,2377,-135,4755
2466,2498,2482,-32,4964
2342,2357,2349,-15,4699
2402,2367,2384,35,4769
2368,2253,2310,115,4621
2547,2443,2495,104,4990
2506,2345,2425,161,4851
2399,2369,2384,30,4768
2516,2475,2495,41,4991
2510,2269,2389,241,4779
2551,2421,2486,130,4972
2574,2340,2457,234,4914
2550,2416,2483,134,4966
2081,2529,2305,-448,4610
2418,2358,2388,60,4776
2299,2533,2416,-234,4832
2211,2610,2410,-399,4821
2431,2313,2372,118,4744
2563,2412,2487,151,4975
2552,2326,2439,226,4878
2383,2396,2389,-13,4779
2518,2348,2433,170,4866
2394,2473,2433,-79,4867
2340,2457,2398,-117,4797
2098,2552,2325,-454,4650
2560,2318,2439,242,4878
2527,2421,2474,106,4948
2316,2470,2393,-154,4786
2524,2386,2455,138,4910
2406,2426,2416,-20,4832
2553,2340,2446,213,4893
2503,2418,2460,85,4921
2250,2609,2429,-359,4859
2322,2304,2313,18,4626
2199,2475,2337,-276,4674
2545,2191,2368,354,4736
2188,2636,2412,-448,4824
2263,2461,2362,-198,4724
2288,2579,2433,-291,4867
2484,2432,2458,52,4916
2474,2299,2386,175,4773
2371,2461,2416,-90,4832
2401,2512,2456,-111,4913
2222,2438,2330,-216,4660
2400,2232,2316,168,4632
2428,2549,2488,-121,4977
2539,2269,2404,270,4808
2541,2218,2379,323,4759
2324,2337,2330,-13,4661
2320,2416,2368,-96,4736
2510,2374,2442,136,4884
2429,2563,2496,-134,4992
2206,2451,2328,-245,4657
2484,2446,2465,38,4930
2403,2364,2383,39,4767
2557,2264,2410,293,4821
2500,2425,2462,75,4925
2387,2277,2332,110,4664
2177,2435,2306,-258,4612
2480,2363,2421,117,4843
2417,2322,2369,95,4739
2344,2546,2445,-202,4890
2378,2258,2318,120,4636
2318,2317,2317,1,4635
2253,2386,2319,-133,4639
2442,2274,2358,168,4716
2548,2338,2443,210,4886
2440,2267,2353,173,4707
2422,2373,2397,49,4795
2182,2591,2386,-409,4773
2531,2339,2435,192,4870
2403,2368,2385,35,4771
2443,2226,2334,217,4669
2284,2364,2324,-80,4648
2385,2233,2309,152,4618
2469,2439,2454,30,4908
2379,2556,2467,-177,4935
2496,2314,2405,182,4810
2488,2245,2366,243,4733
2613,2132,2372,481,4745
2315,2466,2390,-151,4781
2384,2389,2386,-5,4773
2438,2398,2418,40,4836
2571,2420,2495,151,4991
2468,2235,2351,233,4703
2552,2440,2496,112,4992
2270,2443,2356,-173,4713
2426,2303,2364,123,4729
2358,2402,2380,-44,4760
2430,2234,2332,196,4664
2241,2510,2375,-269,4751
2291,2410,2350,-119,4701
2448,2490,2469,-42,4938
2558,2375,2466,183,4933
2392,2526,2459,-134,4918
2500,2289,2394,211,4789
2416,2458,2437,-42,4874
2363,2506,2434,-143,4869
2444,2498,2471,-54,4942
2426,2522,2474,-96,4948
2422,2546,2484,-124,4968
2139,2518,2328,-379,4657
2308,2518,2413,-210,4826
2526,2105,2315,421,4631
2130,2480,2305,-350,4610
2682,2249,2465,433,4931
2494,2470,2482,24,4964
2449,2349,2399,100,4798
2402,2270,2336,132,4672
2433,2375,2404,58,4808
2559,2430,2494,129,4989
2367,2365,2366,2,4732
2440,2210,2325,230,4650
2214,2395,2304,-181,4609
2477,2368,2422,109,4845
2284,2619,2451,-335,4903
2341,2316,2328,25,4657
2292,2427,2359,-135,4719
2386,2480,2433,-94,4866
2296,2538,2417,-242,4834
2547,2271,2409,276,4818
2431,2546,2488,-115,4977
2257,2514,2385,-257,4771
2476,2418,2447,58,4894
2516,2242,2379,274,4758
2396,2585,2490,-189,4981
2230,2409,2319,-179,4639
2504,2358,2431,146,4862
2408,2487,2447,-79,4895
2536,2132,2334,404,4668
2375,2496,2435,-121,4871
2267,2548,2407,-281,4815
2505,2408,2456,97,4913
2518,2427,2472,91,4945
2313,2584,2448,-271,4897
2417,2389,2403,28,4806
2403,2253,2328,150,4656
2446,2487,2466,-41,4933
2570,2277,2423,293,4847
2473,2330,2401,143,4803
2380,2325,2352,55,4705
2117,2547,2332,-430,4664
2314,2369,2341,-55,4683
2371,2458,2414,-87,4829
2599,2374,2486,225,4973
2604,2295,2449,309,4899
2489,2281,2385,208,4770
2413,2330,2371,83,4743
2335,2435,2385,-100,4770
2162,2541,2351,-379,4703
2414,2299,2356,115,4713
2570,2410,2490,160,4980
2253,2545,2399,-292,4798
2603,2022,2312,581,4625
2554,2381,2467,173,4935
2556,2411,2483,145,4967
2495,2289,2392,206,4784
2332,2311,2321,21,4643
2485,2281,2383,204,4766
2340,2332,2336,8,4672
2315,2512,2413,-197,4827
2477,2499,2488,-22,4976
2447,2430,2438,17,4877
2400,2261,2330,139,4661
2411,2249,2330,162,4660
2321,2507,2414,-186,4828
2168,2442,2305,-274,4610
2282,2706,2494,-424,4988
2071,2629,2350,-558,4700
2208,2632,2420,-424,4840
2455,2210,2332,245,4665
2423,2426,2424,-3,4849
2472,2311,2391,161,4783
2259,2417,2338,-158,4676
2552,2379,2465,173,4931
2564,2046,2305,518,4610
2507,2294,2400,213,4801
2428,2489,2458,-61,4917
2316,2362,2339,-46,4678
2438,2185,2311,253,4623
2473,2273,2373,200,4746
2528,2428,2478,100,4956
2338,2581,2459,-243,4919
2323,2328,2325,-5,4651
2244,2445,2344,-201,4689
2430,2214,2322,216,4644
2564,2352,2458,212,4916
2331,2328,2329,3,4659
2496,2174,2335,322,4670
2458,2511,2484,-53,4969
2438,2347,2392,91,4785
2525,2464,2494,61,4989
2428,2265,2346,163,4693
2161,2482,2321,-321,4643
2373,2507,2440,-134,4880
2434,2338,2386,96,4772
2450,2482,2466,-32,4932
2416,2481,2448,-65,4897
2431,2412,2421,19,4843
2469,2493,2481,-24,4962
2375,2514,2444,-139,4889
2311,2460,2385,-149,4771
2397,2219,2308,178,4616
2506,2409,2457,97,4915
2136,2484,2310,-348,4620
2429,2197,2313,232,4626
2391,2296,2343,95,4687
2308,2491,2399,-183,4799
2557,2339,2448,218,4896
2226,2427,2326,-201,4653
2480,2234,2357,246,4714
2275,2469,2372,-194,4744
2644,2028,2336,616,4672
2313,2501,2407,-188,4814
2490,2464,2477,26,4954
2361,2493,2427,-132,4854
2574,2286,2430,288,4860
2468,2180,2324,288,4648
2401,2474,2437,-73,4875
2430,2470,2450,-40,4900
2322,2297,2309,25,4619
2332,2300,2316,32,4632
2338,2445,2391,-107,4783
2463,2432,2447,31,4895
2655,2331,2493,324,4986
2441,2512,2476,-71,4953
2568,2329,2448,239,4897
2368,2267,2317,101,4635
2251,2362,2306,-111,4613
2364,2362,2363,2,4726
2499,2254,2376,245,4753
2498,2471,2484,27,4969
2437,2294,2365,143,4731
2437,2292,2364,145,4729
2366,2443,2404,-77,4809
2361,2360,2360,1,4721
2270,2409,2339,-139,4679
2594,2320,2457,274,4914
2363,2426,2394,-63,4789
2505,2196,2350,309,4701
2432,2286,2359,146,4718
2448,2359,2403,89,4807
2597,2374,2485,223,4971
2301,2350,2325,-49,4651
2381,2457,2419,-76,4838
2274,2338,2306,-64,4612
2443,2416,2429,27,4859
2536,2316,2426,220,4852
2503,2385,2444,118,4888
2367,2310,2338,57,4677
2267,2416,2341,-149,4683
2422,2204,2313,218,4626
2363,2479,2421,-116,4842
2372,2427,2399,-55,4799
2346,2444,2395,-98,4790
2397,2298,2347,99,4695
2346,2537,2441,-191,4883
2367,2332,2349,35,4699
2440,2395,2417,45,4835
2361,2383,2372,-22,4744
2491,2358,2424,133,4849
2356,2494,2425,-138,4850
2396,2520,2458,-124,4916
2235,2416,2325,-181,4651
2181,2538,2359,-357,4719
2636,2294,2465,342,4930
2182,2426,2304,-244,4608
2229,2425,2327,-196,4654
2232,2377,2304,-145,4609
2308,2526,2417,-218,4834
2391,2469,2430,-78,4860
2514,2399,2456,115,4913
2506,2489,2497,17,4995
2397,2294,2345,103,4691
2448,2524,2486,-76,4972
2217,2526,2371,-309,4743
2270,2493,2381,-223,4763
2469,2507,2488,-38,4976
2368,2486,2427,-118,4854
2527,2421,2474,106,4948
2417,2580,2498,-163,4997
2669,2141,2405,528,4810
2417,2398,2407,19,4815
2387,2597,2492,-210,4984
2192,2654,2423,-462,4846
2446,2242,2344,204,4688
2328,2308,2318,20,4636
2267,2619,2443,-352,4886
2289,2373,2331,-84,4662
2481,2216,2348,265,4697
2525,2353,2439,172,4878
2237,2540,2388,-303,4777
2470,2221,2345,249,4691
2623,2327,2475,296,4950
2549,2390,2469,159,4939
2422,2327,2374,95,4749
2422,2246,2334,176,4668
2375,2231,2303,144,4606
2302,2532,2417,-230,4834
2608,2345,2476,263,4953
2363,2244,2303,119,4607
2525,2362,2443,163,4887
2469,2358,2413,111,4827
2476,2384,2430,92,4860
2518,2365,2441,153,4883
2560,2431,2495,129,4991
2446,2233,2339,213,4679
2285,2423,2354,-138,4708
2251,2485,2368,-234,4736
2467,2194,2330,273,4661
2410,2472,2441,-62,4882
2531,2462,2496,69,4993
2397,2343,2370,54,4740
2346,2481,2413,-135,4827
2183,2469,2326,-286,4652
2392,2588,2490,-196,4980
2409,2258,2333,151,4667
2483,2457,2470,26,4940
2397,2246,2321,151,4643
2458,2372,2415,86,4830
2274,2332,2303,-58,4606
2469,2454,2461,15,4923
2554,2240,2397,314,4794
2451,2345,2398,106,4796
2222,2425,2323,-203,4647
2326,2652,2489,-326,4978
2599,2388,2493,211,4987
2436,2224,2330,212,4660
2499,2158,2328,341,4657
2296,2396,2346,-100,4692
2242,2453,2347,-211,4695
2398,2310,2354,88,4708
2304,2404,2354,-100,4708
2484,2301,2392,183,4785
2370,2630,2500,-260,5000
2387,2559,2473,-172,4946
2226,2613,2419,-387,4839
2396,2253,2324,143,4649
2208,2545,2376,-337,4753
2344,2320,2332,24,4664
2340,2384,2362,-44,4724
2265,2532,2398,-267,4797
2434,2335,2384,99,4769
2384,2573,2478,-189,4957
2287,2536,2411,-249,4823
2342,2354,2348,-12,4696
2462,2288,2375,174,4750
2518,2449,2483,69,4967
2110,2664,2387,-554,4774
2430,2550,2490,-120,4980
2417,2429,2423,-12,4846
2472,2521,2496,-49,4993
2354,2556,2455,-202,4910
2407,2532,2469,-125,4939
2278,2403,2340,-125,4681
2498,2285,2391,213,4783
2345,2509,2427,-164,4854
2468,2429,2448,39,4897
2557,2406,2481,151,4963
2368,2259,2313,109,4627
2421,2352,2386,69,4773
2472,2410,2441,62,4882
2249,2420,2334,-171,4669
2438,2255,2346,183,4693
2479,2396,2437,83,4875
2179,2600,2389,-421,4779
2296,2519,2407,-223,4815
2214,2486,2350,-272,4700
2393,2407,2400,-14,4800
2451,2416,2433,35,4867
2452,2242,2347,210,4694
2448,2206,2327,242,4654
2403,2471,2437,-68,4874
2438,2313,2375,125,4751
2329,2514,2421,-185,4843
2353,2353,2353,0,4706
2219,2471,2345,-252,4690
2481,2473,2477,8,4954
2487,2312,2399,175,4799
2360,2391,2375,-31,4751
2245,2421,2333,-176,4666
2477,2382,2429,95,4859
2572,2190,2381,382,4762
2320,2443,2381,-123,4763
2429,2455,2442,-26,4884
2259,2462,2360,-203,4721
2377,2244,2310,133,4621
2510,2273,2391,237,4783
2410,2394,2402,16,4804
2236,2460,2348,-224,4696
2553,2418,2485,135,4971
2516,2346,2431,170,4862
2352,2526,2439,-174,4878
2458,2485,2471,-27,4943
2469,2471,2470,-2,4940
2478,2428,2453,50,4906
2341,2565,2453,-224,4906
2368,2279,2323,89,4647
2401,2226,2313,175,4627
2541,2424,2482,117,4965
2070,2543,2306,-473,4613
2567,2343,2455,224,4910
2482,2253,2367,229,4735
2311,2371,2341,-60,4682
2324,2387,2355,-63,4711
2402,2400,2401,2,4802
2398,2371,2384,27,4769
2370,2426,2398,-56,4796
2431,2303,2367,128,4734
2288,2600,2444,-312,4888
2459,2170,2314,289,4629
2372,2405,2388,-33,4777
2423,2277,2350,146,4700
2518,2434,2476,84,4952
2449,2477,2463,-28,4926
2420,2563,2491,-143,4983
2434,2256,2345,178,4690
2413,2208,2310,205,4621
2273,2528,2400,-255,4801
2463,2528,2495,-65,4991
2390,2550,2470,-160,4940
2278,2476,2377,-198,4754
2475,2443,2459,32,4918
2196,2685,2440,-489,4881
2518,2370,2444,148,4888
2419,2468,2443,-49,4887
2394,2296,2345,98,4690
2446,2424,2435,22,4870
2418,2482,2450,-64,4900
2552,2416,2484,136,4968
2297,2487,2392,-190,4784
2556,2348,2452,208,4904
2420,2464,2442,-44,4884
2223,2415,2319,-192,4638
2150,2560,2355,-410,4710
2437,2301,2369,136,4738
2402,2438,2420,-36,4840
2311,2423,2367,-112,4734
2397,2521,2459,-124,4918
2353,2426,2389,-73,4779
2298,2477,2387,-179,4775
2616,2366,2491,250,4982
2591,2297,2444,294,4888
2397,2495,2446,-98,4892
2495,2117,2306,378,4612
2132,2599,2365,-467,4731
2590,2367,2478,223,4957
2319,2404,2361,-85,4723
2347,2366,2356,-19,4713
2617,2295,2456,322,4912
2390,2548,2469,-158,4938
2394,2325,2359,69,4719
2410,2440,2425,-30,4850
2588,2254,2421,334,4842
2322,2396,2359,-74,4718
2344,2464,2404,-120,4808
2547,2419,2483,128,4966
2506,2367,2436,139,4873
2533,2123,2328,410,4656
2474,2180,2327,294,4654
2417,2312,2364,105,4729
2298,2544,2421,-246,4842
2208,2449,2328,-241,4657
2260,2631,2445,-371,4891
2532,2309,2420,223,4841
2374,2567,2470,-193,4941
2575,2426,2500,149,5001
2415,2542,2478,-127,4957
2503,2398,2450,105,4901
2173,2533,2353,-360,4706
2490,2241,2365,249,4731
2429,2443,2436,-14,4872
2355,2438,2396,-83,4793
2623,2370,2496,253,4993
2461,2410,2435,51,4871
2575,2399,2487,176,4974
2403,2353,2378,50,4756
2402,2484,2443,-82,4886
2375,2500,2437,-125,4875
2359,2476,2417,-117,4835
2365,2428,2396,-63,4793
2370,2431,2400,-61,4801
2587,2342,2464,245,4929
2399,2257,2328,142,4656
2285,2367,2326,-82,4652
2338,2549,2443,-211,4887
2304,2356,2330,-52,4660
2284,2458,2371,-174,4742
2230,2512,2371,-282,4742
2419,2252,2335,167,4671
2422,2233,2327,189,4655
2296,2561,2428,-265,4857
2043,2592,2317,-549,4635
2404,2460,2432,-56,4864
2412,2271,2341,141,4683
2457,2176,2316,281,4633
2451,2408,2429,43,4859
2404,2249,2326,155,4653
2629,2038,2333,591,4667
2287,2481,2384,-194,4768
2156,2581,2368,-425,4737
2331,2462,2396,-131,4793
2148,2496,2322,-348,4644
2305,2312,2308,-7,4617
2264,2446,2355,-182,4710
2392,2306,2349,86,4698
2371,2423,2397,-52,4794
2511,2465,2488,46,4976
2349,2440,2394,-91,4789
2349,2481,2415,-132,4830
2383,2296,2339,87,4679
2458,2213,2335,245,4671
2457,2152,2304,305,4609
2439,2211,2325,228,4650
2541,2356,2448,185,4897
2524,2263,2393,261,4787
2438,2355,2396,83,4793
2312,2543,2427,-231,4855
2224,2434,2329,-210,4658
2397,2257,2327,140,4654
2386,2275,2330,111,4661
2368,2242,2305,126,4610
2533,2344,2438,189,4877
2135,2494,2314,-359,4629
2327,2672,2499,-345,4999
2425,2525,2475,-100,4950
2321,2479,2400,-158,4800
2403,2310,2356,93,4713
2388,2512,2450,-124,4900
2269,2430,2349,-161,4699
2457,2348,2402,109,4805
2473,2373,2423,100,4846
2206,2403,2304,-197,4609
2523,2313,2418,210,4836
2358,2590,2474,-232,4948
2410,2416,2413,-6,4826
2616,2294,2455,322,4910
2328,2497,2412,-169,4825
2546,2281,2413,265,4827
2357,2485,2421,-128,4842
2529,2430,2479,99,4959
2558,2227,2392,331,4785
2372,2469,2420,-97,4841
2263,2373,2318,-110,4636
2390,2530,2460,-140,4920
2239,2421,2330,-182,4660
2256,2451,2353,-195,4707
2379,2331,2355,48,4710
2394,2469,2431,-75,4863
2391,2402,2396,-11,4793
2522,2179,2350,343,4701
2356,2313,2334,43,4669
2389,2531,2460,-142,4920
2148,2567,2357,-419,4715
2287,2427,2357,-140,4714
2468,2413,2440,55,4881
2463,2293,2378,170,4756
2334,2411,2372,-77,4745
2487,2257,2372,230,4744
2398,2538,2468,-140,4936
2594,2390,2492,204,4984
2561,2328,2444,233,4889
2257,2453,2355,-196,4710
2402,2357,2379,45,4759
2441,2458,2449,-17,4899
2521,2370,2445,151,4891
2284,2468,2376,-184,4752
2303,2309,2306,-6,4612
2529,2245,2387,284,4774
2554,2372,2463,182,4926
2248,2554,2401,-306,4802
2495,2457,2476,38,4952
2616,2250,2433,366,4866
2215,2533,2374,-318,4748
2529,2218,2373,311,4747
2179,2531,2355,-352,4710
2480,2256,2368,224,4736
2459,2389,2424,70,4848
2549,2328,2438,221,4877
2420,2284,2352,136,4704
2412,2403,2407,9,4815
2332,2352,2342,-20,4684
2535,2427,2481,108,4962
2495,2261,2378,234,4756
2271,2427,2349,-156,4698
2437,2412,2424,25,4849
2542,2453,2497,89,4995
2512,2295,2403,217,4807
2173,2562,2367,-389,4735
2431,2354,2392,77,4785
2170,2464,2317,-294,4634
2275,2483,2379,-208,4758
2485,2343,2414,142,4828
2207,2409,2308,-202,4616
2339,2348,2343,-9,4687
2288,2339,2313,-51,4627
2404,2466,2435,-62,4870
2498,2423,2460,75,4921
2486,2353,2419,133,4839
2387,2576,2481,-189,4963
2413,2445,2429,-32,4858
2390,2445,2417,-55,4835
2368,2246,2307,122,4614
2396,2515,2455,-119,4911
2450,2502,2476,-52,4952
2422,2495,2458,-73,4917
2418,2583,2500,-165,5001
2397,2233,2315,164,4630
2392,2320,2356,72,4712
2540,2434,2487,106,4974
2459,2276,2367,183,4735
2230,2398,2314,-168,4628
2603,2204,2403,399,4807
2302,2485,2393,-183,4787
2423,2421,2422,2,4844
2219,2531,2375,-312,4750
2263,2400,2331,-137,4663
2317,2429,2373,-112,4746
2247,2361,2304,-114,4608
2391,2452,2421,-61,4843
2470,2531,2500,-61,5001
2419,2388,2403,31,4807
2619,2317,2468,302,4936
2192,2538,2365,-346,4730
2344,2334,2339,10,4678
2399,2516,2457,-117,4915
2361,2278,2319,83,4639
2349,2403,2376,-54,4752
2249,2557,2403,-308,4806
2401,2466,2433,-65,4867
2252,2525,2388,-273,4777
2311,2453,2382,-142,4764
2514,2218,2366,296,4732
2520,2409,2464,111,4929
2495,2395,2445,100,4890
2320,2367,2343,-47,4687
2467,2330,2398,137,4797
2439,2241,2340,198,4680
2396,2539,2467,-143,4935
2283,2643,2463,-360,4926
2552,2412,2482,140,4964
2334,2428,2381,-94,4762
2347,2530,2438,-183,4877
2310,2554,2432,-244,4864
2350,2548,2449,-198,4898
2217,2392,2304,-175,4609
2453,2545,2499,-92,4998
2389,2371,2380,18,4760
2405,2463,2434,-58,4868
2528,2289,2408,239,4817
2392,2246,2319,146,4638
2341,2492,2416,-151,4833
2330,2442,2386,-112,4772
2389,2405,2397,-16,4794
2357,2292,2324,65,4649
2413,2418,2415,-5,4831
2364,2319,2341,45,4683
2580,2406,2493,174,4986
2354,2637,2495,-283,4991
2521,2477,2499,44,4998
2580,2221,2400,359,4801
2325,2422,2373,-97,4747
2519,2346,2432,173,4865
2195,2618,2406,-423,4813
2197,2450,2323,-253,4647
2275,2586,2430,-311,4861
2354,2425,2389,-71,4779
2449,2350,2399,99,4799
2421,2485,2453,-64,4906
2374,2562,2468,-188,4936
2506,2338,2422,168,4844
2434,2538,2486,-104,4972
2218,2431,2324,-213,4649
2461,2207,2334,254,4668
2189,2602,2395,-413,4791
2447,2483,2465,-36,4930
2442,2250,2346,192,4692
2055,2550,2302,-495,4605
2469,2458,2463,11,4927
2630,2331,2480,299,4961
2555,2360,2457,195,4915
2312,2572,2442,-260,4884
2331,2301,2316,30,4632
2387,2485,2436,-98,4872
2510,2412,2461,98,4922
2276,2470,2373,-194,4746
2517,2140,2328,377,4657
2578,2067,2322,511,4645
2373,2307,2340,66,4680
2287,2356,2321,-69,4643
2653,2288,2470,365,4941
2143,2650,2396,-507,4793
2562,2370,2466,192,4932
2521,2193,2357,328,4714
2535,2421,2478,114,4956
2410,2495,2452,-85,4905
2539,2248,2393,291,4787
2503,2392,2447,111,4895
2281,2460,2370,-179,4741
2503,2246,2374,257,4749
2368,2449,2408,-81,4817
2381,2429,2405,-48,4810
2461,2508,2484,-47,4969
2549,2436,2492,113,4985
2198,2513,2355,-315,4711
2360,2280,2320,80,4640
2380,2342,2361,38,4722
2314,2321,2317,-7,4635
2460,2511,2485,-51,4971
2559,2348,2453,211,4907
2341,2428,2384,-87,4769
2171,2509,2340,-338,4680
2338,2419,2378,-81,4757
2358,2545,2451,-187,4903
2531,2438,2484,93,4969
2481,2515,2498,-34,4996
2425,2194,2309,231,4619
2532,2331,2431,201,4863
2535,2333,2434,202,4868
2351,2569,2460,-218,4920
2384,2613,2498,-229,4997
2454,2457,2455,-3,4911
2572,2339,2455,233,4911
1985,2655,2320,-670,4640
2574,2422,2498,152,4996
2491,2330,2410,161,4821
2228,2412,2320,-184,4640
2255,2647,2451,-392,4902
2555,2425,2490,130,4980
2561,2234,2397,327,4795
2449,2310,2379,139,4759
2490,2401,2445,89,4891
2391,2470,2430,-79,4861
2545,2276,2410,269,4821
2527,2088,2307,439,4615
2470,2487,2478,-17,4957
2422,2515,2468,-93,4937
2557,2300,2428,257,4857
2573,2297,2435,276,4870
2236,2474,2355,-238,4710
2374,2528,2451,-154,4902
2455,2222,2338,233,4677
2413,2490,2451,-77,4903
2546,2408,2477,138,4954
2296,2622,2459,-326,4918
2509,2269,2389,240,4778
2516,2391,2453,125,4907
2478,2392,2435,86,4870
2579,2358,2468,221,4937
2140,2586,2363,-446,4726
2402,2538,2470,-136,4940
2566,2391,2478,175,4957
2393,2454,2423,-61,4847
2460,2345,2402,115,4805
2468,2296,2382,172,4764
2187,2425,2306,-238,4612
2236,2461,2348,-225,4697
2539,2411,2475,128,4950
2348,2449,2398,-101,4797
2492,2283,2387,209,4775
2172,2581,2376,-409,4753
2505,2247,2376,258,4752
2522,2332,2427,190,4854
2268,2354,2311,-86,4622
2246,2469,2357,-223,4715
2230,2434,2332,-204,4664
2516,2446,2481,70,4962
2274,2464,2369,-190,4738
2426,2459,2442,-33,4885
2273,2472,2372,-199,4745
2480,2273,2376,207,4753
2151,2632,2391,-481,4783
2442,2337,2389,105,4779
2274,2536,2405,-262,4810
2402,2321,2361,81,4723
2443,2255,2349,188,4698
2377,2441,2409,-64,4818
2348,2450,2399,-102,4798
2388,2526,2457,-138,4914
2415,2303,2359,112,4718
2115,2528,2321,-413,4643
2188,2468,2328,-280,4656
2173,2575,2374,-402,4748
2435,2549,2492,-114,4984
2387,2538,2462,-151,4925
2499,2460,2479,39,4959
2242,2513,2377,-271,4755
2244,2451,2347,-207,4695
2304,2423,2363,-119,4727
2320,2481,2400,-161,4801
2429,2458,2443,-29,4887
2341,2460,2400,-119,4801
2396,2308,2352,88,4704
2439,2337,2388,102,4776
2522,2271,2396,251,4793
2320,2455,2387,-135,4775
2439,2284,2361,155,4723
2373,2469,2421,-96,4842
2356,2277,2316,79,4633
2313,2475,2394,-162,4788
2419,2397,2408,22,4816
2304,2519,2411,-215,4823
2361,2362,2361,-1,4723
2644,2328,2486,316,4972
2448,2411,2429,37,4859
2352,2481,2416,-129,4833
2349,2269,2309,80,4618
2281,2464,2372,-183,4745
2222,2381,2301,-159,4603
2397,2442,2419,-45,4839
2284,2555,2419,-271,4839
2186,2419,2302,-233,4605
2377,2362,2369,15,4739
2457,2313,2385,144,4770
2476,2453,2464,23,4929
2409,2315,2362,94,4724
2368,2494,2431,-126,4862
2418,2324,2371,94,4742
2220,2519,2369,-299,4739
2511,2381,2446,130,4892
2434,2328,2381,106,4762
2417,2188,2302,229,4605
2637,2069,2353,568,4706
2569,2218,2393,351,4787
2320,2392,2356,-72,4712
2253,2391,2322,-138,4644
2425,2575,2500,-150,5000
2304,2599,2451,-295,4903
2530,2243,2386,287,4773
2408,2382,2395,26,4790
2429,2301,2365,128,4730
2455,2293,2374,162,4748
2316,2413,2364,-97,4729
2120,2567,2343,-447,4687
2431,2478,2454,-47,4909
2500,2442,2471,58,4942
2325,2610,2467,-285,4935
2476,2255,2365,221,4731
2474,2441,2457,33,4915
2505,2253,2379,252,4758
2606,2283,2444,323,4889
2564,2195,2379,369,4759
2488,2231,2359,257,4719
2577,2261,2419,316,4838
2354,2256,2305,98,4610
2410,2583,2496,-173,4993
2323,2567,2445,-244,4890
2362,2527,2444,-165,4889
2339,2475,2407,-136,4814
2460,2447,2453,13,4907
2281,2392,2336,-111,4673
2412,2294,2353,118,4706
2389,2360,2374,29,4749
2423,2251,2337,172,4674
2276,2466,2371,-190,4742
2541,2445,2493,96,4986
2152,2571,2361,-419,4723
2504,2301,2402,203,4805
2579,2249,2414,330,4828
2434,2246,2340,188,4680
2414,2439,2426,-25,4853
2475,2430,2452,45,4905
2522,2450,2486,72,4972
2419,2422,2420,-3,4841
2411,2521,2466,-110,4932
2228,2378,2303,-150,4606
2340,2519,2429,-179,4859
2278,2395,2336,-117,4673
2462,2174,2318,288,4636
2418,2291,2354,127,4709
2408,2387,2397,21,4795
2395,2258,2326,137,4653
2393,2514,2453,-121,4907
2533,2085,2309,448,4618
2335,2507,2421,-172,4842
2385,2333,2359,52,4718
2464,2317,2390,147,4781
2444,2399,2421,45,4843
2436,2167,2301,269,4603
2360,2394,2377,-34,4754
2407,2257,2332,150,4664
2288,2366,2327,-78,4654
2484,2402,2443,82,4886
2517,2298,2407,219,4815
2299,2488,2393,-189,4787
2526,2200,2363,326,4726
2455,2405,2430,50,4860
2314,2423,2368,-109,4737
2204,2503,2353,-299,4707
2511,2331,2421,180,4842
2456,2268,2362,188,4724
2055,2700,2377,-645,4755
2541,2359,2450,182,4900
2480,2387,2433,93,4867
2239,2431,2335,-192,4670
2279,2393,2336,-114,4672
2365,2395,2380,-30,4760
2516,2104,2310,412,4620
2127,2596,2361,-469,4723
2075,2541,2308,-466,4616
2511,2490,2500,21,5001
2174,2603,2388,-429,4777
2513,2316,2414,197,4829
2261,2400,2330,-139,4661
2498,2471,2484,27,4969
2504,2441,2472,63,4945
2440,2324,2382,116,4764
2300,2425,2362,-125,4725
2126,2559,2342,-433,4685
2503,2457,2480,46,4960
2368,2282,2325,86,4650
2245,2408,2326,-163,4653
2546,2253,2399,293,4799
2514,2273,2393,241,4787
2524,2450,2487,74,4974
2411,2220,2315,191,4631
2261,2407,2334,-146,4668
2354,2262,2308,92,4616
2333,2648,2490,-315,4981
2470,2356,2413,114,4826
2502,2185,2343,317,4687
2460,2345,2402,115,4805
2367,2628,2497,-261,4995
2487,2326,2406,161,4813
2482,2182,2332,300,4664
2281,2471,2376,-190,4752
2331,2275,2303,56,4606
2377,2282,2329,95,4659
2365,2305,2335,60,4670
2481,2460,2470,21,4941
2362,2269,2315,93,4631
2519,2372,2445,147,4891
2183,2549,2366,-366,4732
2294,2318,2306,-24,4612
2432,2449,2440,-17,4881
2498,2266,2382,232,4764
2345,2363,2354,-18,4708
2578,2419,2498,159,4997
2454,2241,2347,213,4695
2486,2328,2407,158,4814
2545,2186,2365,359,4731
2410,2524,2467,-114,4934
2539,2424,2481,115,4963
2292,2616,2454,-324,4908
2265,2482,2373,-217,4747
2394,2447,2420,-53,4841
2354,2602,2478,-248,4956
2450,2440,2445,10,4890
2412,2484,2448,-72,4896
2529,2132,2330,397,4661
2525,2379,2452,146,4904
2369,2555,2462,-186,4924
2284,2576,2430,-292,4860
2624,2299,2461,325,4923
2421,2194,2307,227,4615
2568,2413,2490,155,4981
2200,2452,2326,-252,4652
2459,2201,2330,258,4660
2387,2385,2386,2,4772
2495,2226,2360,269,4721
2154,2516,2335,-362,4670
2112,2580,2346,-468,4692
2489,2480,2484,9,4969
2388,2302,2345,86,4690
2475,2362,2418,113,4837
2248,2377,2312,-129,4625
2433,2568,2500,-135,5001
2371,2376,2373,-5,4747
2460,2421,2440,39,4881
2399,2289,2344,110,4688
2269,2529,2399,-260,4798
2283,2394,2338,-111,4677
2474,2312,2393,162,4786
2394,2358,2376,36,4752
2265,2362,2313,-97,4627
2321,2411,2366,-90,4732
2650,2286,2468,364,4936
2368,2300,2334,68,4668
2625,2345,2485,280,4970
2446,2420,2433,26,4866
2398,2508,2453,-110,4906
2350,2399,2374,-49,4749
2468,2327,2397,141,4795
2514,2322,2418,192,4836
2368,2444,2406,-76,4812
2410,2444,2427,-34,4854
2405,2307,2356,98,4712
2217,2585,2401,-368,4802
2285,2380,2332,-95,4665
2559,2396,2477,163,4955
2477,2503,2490,-26,4980
2419,2303,2361,116,4722
2459,2239,2349,220,4698
2389,2540,2464,-151,4929
2437,2522,2479,-85,4959
2455,2349,2402,106,4804
2423,2559,2491,-136,4982
2316,2449,2382,-133,4765
2343,2455,2399,-112,4798
2380,2316,2348,64,4696
2479,2183,2331,296,4662
2368,2553,2460,-185,4921
2350,2538,2444,-188,4888
2460,2259,2359,201,4719
2398,2279,2338,119,4677
2463,2380,2421,83,4843
2377,2286,2331,91,4663
2197,2469,2333,-272,4666
2511,2405,2458,106,4916
2376,2405,2390,-29,4781
2560,2136,2348,424,4696
2472,2328,2400,144,4800
2439,2496,2467,-57,4935
2046,2570,2308,-524,4616
2325,2384,2354,-59,4709
2425,2349,2387,76,4774
2428,2449,2438,-21,4877
2400,2370,2385,30,4770
2474,2479,2476,-5,4953
2440,2400,2420,40,4840
2578,2399,2488,179,4977
2299,2379,2339,-80,4678
2211,2500,2355,-289,4711
2320,2452,2386,-132,4772
2280,2355,2317,-75,4635
2314,2381,2347,-67,4695
2252,2372,2312,-120,4624
2335,2414,2374,-79,4749
2498,2282,2390,216,4780
2388,2474,2431,-86,4862
2480,2361,2420,119,4841
2391,2511,2451,-120,4902
2473,2450,2461,23,4923
2491,2501,2496,-10,4992
2382,2428,2405,-46,4810
2443,2413,2428,30,4856
2567,2421,2494,146,4988
2387,2292,2339,95,4679
2471,2437,2454,34,4908
2525,2352,2438,173,4877
2190,2423,2306,-233,4613
2234,2558,2396,-324,4792
2597,2382,2489,215,4979
2329,2319,2324,10,4648
2340,2452,2396,-112,4792
2506,2290,2398,216,4796
2376,2272,2324,104,4648
2351,2396,2373,-45,4747
2244,2405,2324,-161,4649
2139,2533,2336,-394,4672
2411,2200,2305,211,4611
2432,2207,2319,225,4639
2510,2434,2472,76,4944
2615,2293,2454,322,4908
2523,2186,2354,337,4709
2371,2315,2343,56,4686
2427,2543,2485,-116,4970
2444,2164,2304,280,4608
2338,2479,2408,-141,4817
2368,2405,2386,-37,4773
2533,2164,2348,369,4697
2585,2392,2488,193,4977
2351,2422,2386,-71,4773
2501,2452,2476,49,4953
2559,2300,2429,259,4859
2199,2505,2352,-306,4704
2299,2577,2438,-278,4876
2407,2225,2316,182,4632
2461,2276,2368,185,4737
2213,2682,2447,-469,4895
2527,2414,2470,113,4941
2418,2367,2392,51,4785
2470,2417,2443,53,4887
2493,2112,2302,381,4605
2271,2345,2308,-74,4616
2442,2256,2349,186,4698
2586,2393,2489,193,4979
2418,2248,2333,170,4666
2343,2386,2364,-43,4729
2365,2250,2307,115,4615
2466,2424,2445,42,4890
2308,2429,2368,-121,4737
2489,2332,2410,157,4821
2236,2434,2335,-198,4670
2263,2595,2429,-332,4858
2480,2502,2491,-22,4982
2186,2427,2306,-241,4613
2258,2414,2336,-156,4672
2379,2534,2456,-155,4913
2188,2650,2419,-462,4838
2402,2376,2389,26,4778
2413,2572,2492,-159,4985
2420,2347,2383,73,4767
2434,2227,2330,207,4661
2284,2531,2407,-247,4815
2292,2330,2311,-38,4622
2252,2539,2395,-287,4791
2368,2319,2343,49,4687
2326,2332,2329,-6,4658
2255,2482,2368,-227,4737
2387,2246,2316,141,4633
2489,2377,2433,112,4866
2505,2456,2480,49,4961
2631,2336,2483,295,4967
2301,2421,2361,-120,4722
2622,2257,2439,365,4879
2213,2456,2334,-243,4669
2417,2375,2396,42,4792
2274,2526,2400,-252,4800
2536,2422,2479,114,4958
2249,2417,2333,-168,4666
2446,2187,2316,259,4633
2334,2415,2374,-81,4749
2084,2534,2309,-450,4618
2547,2202,2374,345,4749
2468,2254,2361,214,4722
2200,2488,2344,-288,4688
2399,2387,2393,12,4786
2472,2263,2367,209,4735
2354,2420,2387,-66,4774
2256,2543,2399,-287,4799
2587,2321,2454,266,4908
2383,2566,2474,-183,4949
2432,2252,2342,180,4684
2180,2572,2376,-392,4752
2337,2304,2320,33,4641
2406,2510,2458,-104,4916
2324,2439,2381,-115,4763
2481,2379,2430,102,4860
2162,2554,2358,-392,4716
2242,2371,2306,-129,4613
2246,2357,2301,-111,4603
2371,2237,2304,134,4608
2352,2572,2462,-220,4924
2431,2524,2477,-93,4955
2392,2227,2309,165,4619
2513,2446,2479,67,4959
2515,2381,2448,134,4896
2482,2446,2464,36,4928
2494,2331,2412,163,4825
2268,2471,2369,-203,4739
2447,2284,2365,163,4731
2396,2310,2353,86,4706
2472,2364,2418,108,4836
2437,2300,2368,137,4737
2465,2166,2315,299,4631
2333,2383,2358,-50,4716
2510,2491,2500,19,5001
2153,2624,2388,-471,4777
2574,2411,2492,163,4985
2202,2427,2314,-225,4629
2501,2423,2462,78,4924
2255,2433,2344,-178,4688
2238,2424,2331,-186,4662
2268,2528,2398,-260,4796
2404,2199,2301,205,4603
2375,2409,2392,-34,4784
2517,2376,2446,141,4893
2256,2386,2321,-130,4642
2516,2330,2423,186,4846
2185,2564,2374,-379,4749
2489,2476,2482,13,4965
2548,2444,2496,104,4992
2289,2614,2451,-325,4903
2458,2168,2313,290,4626
2424,2261,2342,163,4685
2193,2591,2392,-398,4784
2378,2518,2448,-140,4896
2215,2561,2388,-346,4776
2273,2506,2389,-233,4779
2430,2561,2495,-131,4991
2357,2302,2329,55,4659
2141,2523,2332,-382,4664
2356,2584,2470,-228,4940
2286,2440,2363,-154,4726
2480,2437,2458,43,4917
2551,2381,2466,170,4932
2387,2466,2426,-79,4853
2267,2441,2354,-174,4708
2357,2485,2421,-128,4842
2463,2382,2422,81,4845
2435,2217,2326,218,4652
2352,2407,2379,-55,4759
2245,2409,2327,-164,4654
2552,2434,2493,118,4986
2317,2386,2351,-69,4703
2304,2394,2349,-90,4698
2531,2302,2416,229,4833
2534,2118,2326,416,4652
2133,2470,2301,-337,4603
2544,2388,2466,156,4932
2515,2473,2494,42,4988
2176,2432,2304,-256,4608
2317,2585,2451,-268,4902
2256,2428,2342,-172,4684
2478,2509,2493,-31,4987
2286,2406,2346,-120,4692
2314,2338,2326,-24,4652
2414,2449,2431,-35,4863
2432,2194,2313,238,4626
2467,2321,2394,146,4788
2476,2303,2389,173,4779
2156,2487,2321,-331,4643
2538,2325,2431,213,4863
2338,2293,2315,45,4631
2348,2545,2446,-197,4893
2384,2523,2453,-139,4907
2276,2381,2328,-105,4657
2314,2296,2305,18,4610
2598,2172,2385,426,4770
2243,2461,2352,-218,4704
2276,2487,2381,-211,4763
2545,2419,2482,126,4964
2227,2381,2304,-154,4608
2475,2249,2362,226,4724
2549,2293,2421,256,4842
2430,2429,2429,1,4859
2340,2371,2355,-31,4711
2481,2265,2373,216,4746
2419,2204,2311,215,4623
2385,2253,2319,132,4638
2543,2201,2372,342,4744
2540,2312,2426,228,4852
2571,2051,2311,520,4622
2409,2193,2301,216,4602
2475,2429,2452,46,4904
2622,2026,2324,596,4648
2460,2238,2349,222,4698
2176,2562,2369,-386,4738
2395,2260,2327,135,4655
2560,2402,2481,158,4962
2429,2550,2489,-121,4979
2477,2423,2450,54,4900
2204,2632,2418,-428,4836
2239,2423,2331,-184,4662
2592,2345,2468,247,4937
2241,2394,2317,-153,4635
2455,2335,2395,120,4790
2485,2410,2447,75,4895
2279,2517,2398,-238,4796
2491,2390,2440,101,4881
2579,2367,2473,212,4946
2294,2482,2388,-188,4776
2321,2501,2411,-180,4822
2541,2326,2433,215,4867
2248,2499,2373,-251,4747
2418,2560,2489,-142,4978
2329,2407,2368,-78,4736
2584,2393,2488,191,4977
2296,2556,2426,-260,4852
2194,2526,2360,-332,4720
2269,2556,2412,-287,4825
2438,2346,2392,92,4784
2496,2407,2451,89,4903
2405,2524,2464,-119,4929
2553,2317,2435,236,4870
2352,2572,2462,-220,4924
2405,2311,2358,94,4716
2244,2436,2340,-192,4680
2269,2346,2307,-77,4615
2585,2259,2422,326,4844
2405,2517,2461,-112,4922
2318,2471,2394,-153,4789
2201,2401,2301,-200,4602
2531,2226,2378,305,4757
2392,2228,2310,164,4620
2459,2523,2491,-64,4982
2287,2361,2324,-74,4648
2326,2495,2410,-169,4821
2250,2504,2377,-254,4754
2424,2191,2307,233,4615
2342,2541,2441,-199,4883
2336,2313,2324,23,4649
2406,2398,2402,8,4804
2550,2449,2499,101,4999
2607,2036,2321,571,4643
2507,2240,2373,267,4747
2422,2383,2402,39,4805
2526,2405,2465,121,4931
2640,2292,2466,348,4932
2439,2292,2365,147,4731
2235,2506,2370,-271,4741
2048,2558,2303,-510,4606
2474,2302,2388,172,4776
2409,2238,2323,171,4647
2191,2445,2318,-254,4636
2483,2337,2410,146,4820
2449,2396,2422,53,4845
2397,2457,2427,-60,4854
2256,2439,2347,-183,4695
2290,2420,2355,-130,4710
2209,2410,2309,-201,4619
2515,2440,2477,75,4955
2421,2301,2361,120,4722
2292,2401,2346,-109,4693
2574,2313,2443,261,4887
2451,2326,2388,125,4777
2458,2299,2378,159,4757
2207,2542,2374,-335,4749
2557,2275,2416,282,4832
2387,2514,2450,-127,4901
2360,2301,2330,59,4661
2428,2566,2497,-138,4994
2529,2416,2472,113,4945
2182,2487,2334,-305,4669
2377,2284,2330,93,4661
2338,2518,2428,-180,4856
2344,2327,2335,17,4671
2331,2361,2346,-30,4692
2405,2423,2414,-18,4828
2273,2410,2341,-137,4683
2339,2390,2364,-51,4729
2634,2247,2440,387,4881
2513,2419,2466,94,4932
2204,2425,2314,-221,4629
2433,2359,2396,74,4792
2320,2415,2367,-95,4735
2506,2323,2414,183,4829
2428,2229,2328,199,4657
2287,2369,2328,-82,4656
2388,2221,2304,167,4609
2425,2536,2480,-111,4961
2254,2389,2321,-135,4643
2267,2407,2337,-140,4674
2447,2248,2347,199,4695
2392,2226,2309,166,4618
2445,2318,2381,127,4763
2473,2134,2303,339,4607
2172,2505,2338,-333,4677
2252,2412,2332,-160,4664
2432,2267,2349,165,4699
2576,2095,2335,481,4671
2368,2246,2307,122,4614
2385,2436,2410,-51,4821
2599,2290,2444,309,4889
2212,2442,2327,-230,4654
2347,2500,2423,-153,4847
2200,2497,2348,-297,4697
2093,2564,2328,-471,4657
2347,2644,2495,-297,4991
2281,2365,2323,-84,4646
2210,2563,2386,-353,4773
2477,2412,2444,65,4889
2427,2567,2497,-140,4994
2313,2550,2431,-237,4863
2574,2108,2341,466,4682
2484,2503,2493,-19,4987
2506,2207,2356,299,4713
2358,2426,2392,-68,4784
2495,2336,2415,159,4831
2484,2293,2388,191,4777
2476,2203,2339,273,4679
2365,2499,2432,-134,4864
2398,2442,2420,-44,4840
2383,2515,2449,-132,4898
2359,2353,2356,6,4712
2522,2247,2384,275,4769
2536,2398,2467,138,4934
2561,2331,2446,230,4892
2477,2130,2303,347,4607
2393,2292,2342,101,4685
2398,2344,2371,54,4742
2384,2577,2480,-193,4961
2262,2423,2342,-161,4685
2248,2498,2373,-250,4746
2543,2328,2435,215,4871
2428,2264,2346,164,4692
2536,2421,2478,115,4957
2168,2569,2368,-401,4737
2384,2224,2304,160,4608
2505,2239,2372,266,4744
2445,2544,2494,-99,4989
2168,2482,2325,-314,4650
2532,2445,2488,87,4977
2328,2397,2362,-69,4725
2171,2578,2374,-407,4749
2257,2380,2318,-123,4637
2361,2636,2498,-275,4997
2460,2316,2388,144,4776
2524,2358,2441,166,4882
2408,2501,2454,-93,4909
2528,2419,2473,109,4947
2200,2448,2324,-248,4648
2380,2459,2419,-79,4839
2613,2369,2491,244,4982
2259,2460,2359,-201,4719
2520,2241,2380,279,4761
2177,2459,2318,-282,4636
2437,2562,2499,-125,4999
2246,2428,2337,-182,4674
2457,2505,2481,-48,4962
2399,2203,2301,196,4602
2513,2414,2463,99,4927
2362,2423,2392,-61,4785
2229,2377,2303,-148,4606
2447,2445,2446,2,4892
2368,2610,2489,-242,4978
2436,2326,2381,110,4762
2173,2433,2303,-260,4606
2199,2442,2320,-243,4641
2375,2582,2478,-207,4957
2387,2307,2347,80,4694
2374,2441,2407,-67,4815
2336,2590,2463,-254,4926
2565,2272,2418,293,4837
2360,2344,2352,16,4704
2394,2465,2429,-71,4859
2345,2458,2401,-113,4803
2273,2649,2461,-376,4922
2385,2515,2450,-130,4900
2126,2476,2301,-350,4602
2475,2339,2407,136,4814
2261,2411,2336,-150,4672
2550,2393,2471,157,4943
2494,2421,2457,73,4915
2313,2368,2340,-55,4681
2447,2419,2433,28,4866
2461,2441,2451,20,4902
2351,2417,2384,-66,4768
2319,2320,2319,-1,4639
2374,2572,2473,-198,4946
2405,2282,2343,123,4687
2283,2533,2408,-250,4816
2304,2493,2398,-189,4797
2177,2489,2333,-312,4666
2290,2356,2323,-66,4646
2233,2381,2307,-148,4614
2367,2541,2454,-174,4908
2529,2427,2478,102,4956
2222,2457,2339,-235,4679
2484,2432,2458,52,4916
2667,2184,2425,483,4851
2552,2415,2483,137,4967
2484,2368,2426,116,4852
2471,2224,2347,247,4695
2596,2382,2489,214,4978
2535,2253,2394,282,4788
2404,2537,2470,-133,4941
2523,2226,2374,297,4749
2565,2286,2425,279,4851
2377,2240,2308,137,4617
2624,2301,2462,323,4925
2005,2711,2358,-706,4716
2468,2239,2353,229,4707
2477,2259,2368,218,4736
2294,2492,2393,-198,4786
2539,2381,2460,158,4920
2062,2545,2303,-483,4607
2673,2106,2389,567,4779
2377,2241,2309,136,4618
2419,2249,2334,170,4668
2291,2423,2357,-132,4714
2461,2317,2389,144,4778
2325,2557,2441,-232,4882
2430,2241,2335,189,4671
2238,2449,2343,-211,4687
2560,2364,2462,196,4924
2556,2412,2484,144,4968
2345,2598,2471,-253,4943
2238,2448,2343,-210,4686
2521,2379,2450,142,4900
2460,2218,2339,242,4678
2329,2564,2446,-235,4893
2396,2547,2471,-151,4943
2378,2601,2489,-223,4979
2441,2168,2304,273,4609
2484,2490,2487,-6,4974
2493,2452,2472,41,4945
2499,2262,2380,237,4761
2354,2249,2301,105,4603
2182,2599,2390,-417,4781
2290,2472,2381,-182,4762
2423,2547,2485,-124,4970
2340,2618,2479,-278,4958
2408,2563,2485,-155,4971
2185,2568,2376,-383,4753
2492,2494,2493,-2,4986
2477,2247,2362,230,4724
2368,2529,2448,-161,4897
2365,2456,2410,-91,4821
2360,2248,2304,112,4608
2254,2453,2353,-199,4707
2237,2471,2354,-234,4708
2533,2211,2372,322,4744
2532,2431,2481,101,4963
2462,2174,2318,288,4636
2028,2582,2305,-554,4610
2500,2356,2428,144,4856
2555,2329,2442,226,4884
2349,2562,2455,-213,4911
2327,2394,2360,-67,4721
2459,2399,2429,60,4858
2477,2343,2410,134,4820
2331,2339,2335,-8,4670
2389,2511,2450,-122,4900
2539,2458,2498,81,4997
2582,2372,2477,210,4954
2491,2234,2362,257,4725
2590,2256,2423,334,4846
2688,2135,2411,553,4823
2476,2499,2487,-23,4975
2190,2487,2338,-297,4677
2586,2055,2320,531,4641
2387,2303,2345,84,4690
2381,2401,2391,-20,4782
2237,2484,2360,-247,4721
2564,2417,2490,147,4981
2336,2533,2434,-197,4869
2309,2425,2367,-116,4734
2321,2416,2368,-95,4737
2244,2595,2419,-351,4839
2495,2422,2458,73,4917
2347,2552,2449,-205,4899
2513,2338,2425,175,4851
2584,2333,2458,251,4917
2480,2304,2392,176,4784
2391,2233,2312,158,4624
2256,2386,2321,-130,4642
2380,2347,2363,33,4727
2123,2486,2304,-363,4609
2285,2364,2324,-79,4649
2246,2458,2352,-212,4704
2307,2295,2301,12,4602
2318,2286,2302,32,4604
2425,2286,2355,139,4711
2534,2239,2386,295,4773
2459,2264,2361,195,4723
2374,2566,2470,-192,4940
2344,2580,2462,-236,4924
2313,2374,2343,-61,4687
2401,2491,2446,-90,4892
2464,2388,2426,76,4852
2439,2253,2346,186,4692
2719,2051,2385,668,4770
2396,2534,2465,-138,4930
2476,2324,2400,152,4800
2317,2505,2411,-188,4822
2486,2267,2376,219,4753
2410,2463,2436,-53,4873
2312,2360,2336,-48,4672
2526,2401,2463,125,4927
2569,2430,2499,139,4999
2217,2435,2326,-218,4652
2088,2526,2307,-438,4614
2511,2269,2390,242,4780
2344,2420,2382,-76,4764
2340,2501,2420,-161,4841
2422,2498,2460,-76,4920
2442,2393,2417,49,4835
2422,2441,2431,-19,4863
2249,2410,2329,-161,4659
2309,2307,2308,2,4616
2480,2248,2364,232,4728
2378,2611,2494,-233,4989
2508,2407,2457,101,4915
2409,2500,2454,-91,4909
2404,2556,2480,-152,4960
2214,2497,2355,-283,4711
2191,2415,2303,-224,4606
2483,2428,2455,55,4911
2543,2340,2441,203,4883
2572,2343,2457,229,4915
2385,2414,2399,-29,4799
2426,2358,2392,68,4784
2314,2417,2365,-103,4731
2500,2189,2344,311,4689
2236,2458,2347,-222,4694
2367,2457,2412,-90,4824
2269,2378,2323,-109,4647
2353,2289,2321,64,4642
2451,2353,2402,98,4804
2476,2382,2429,94,4858
2367,2362,2364,5,4729
2217,2510,2363,-293,4727
2196,2574,2385,-378,4770
2361,2374,2367,-13,4735
2210,2406,2308,-196,4616
2305,2513,2409,-208,4818
2172,2526,2349,-354,4698
2480,2338,2409,142,4818
2475,2387,2431,88,4862
2406,2210,2308,196,4616
2486,2242,2364,244,4728
2499,2344,2421,155,4843
2397,2541,2469,-144,4938
2373,2598,2485,-225,4971
2301,2324,2312,-23,4625
2375,2364,2369,11,4739
2274,2420,2347,-146,4694
2235,2473,2354,-238,4708
2282,2366,2324,-84,4648
2460,2354,2407,106,4814
2262,2365,2313,-103,4627
2277,2547,2412,-270,4824
2270,2394,2332,-124,4664
2291,2449,2370,-158,4740
2412,2530,2471,-118,4942
2260,2399,2329,-139,4659
2217,2404,2310,-187,4621
2245,2483,2364,-238,4728
2442,2346,2394,96,4788
2362,2476,2419,-114,4838
2420,2447,2433,-27,4867
2221,2412,2316,-191,4633
2143,2486,2314,-343,4629
2427,2203,2315,224,4630
2448,2392,2420,56,4840
2597,2390,2493,207,4987
2224,2464,2344,-240,4688
2378,2582,2480,-204,4960
2270,2680,2475,-410,4950
2267,2620,2443,-353,4887
2522,2242,2382,280,4764
2403,2282,2342,121,4685
2261,2439,2350,-178,4700
2449,2313,2381,136,4762
2401,2454,2427,-53,4855
2431,2567,2499,-136,4998
2550,2278,2414,272,4828
2170,2475,2322,-305,4645
2474,2426,2450,48,4900
2396,2208,2302,188,4604
2362,2244,2303,118,4606
2210,2428,2319,-218,4638
2363,2241,2302,122,4604
2363,2494,2428,-131,4857
2376,2291,2333,85,4667
2494,2423,2458,71,4917
2428,2249,2338,179,4677
2286,2443,2364,-157,4729
2326,2447,2386,-121,4773
2542,2228,2385,314,4770
2206,2522,2364,-316,4728
2407,2302,2354,105,4709
2357,2256,2306,101,4613
2331,2340,2335,-9,4671
2516,2275,2395,241,4791
2451,2250,2350,201,4701
2216,2473,2344,-257,4689
2430,2513,2471,-83,4943
2507,2246,2376,261,4753
2027,2630,2328,-603,4657
2438,2197,2317,241,4635
2259,2395,2327,-136,4654
2417,2388,2402,29,4805
2454,2330,2392,124,4784
2371,2382,2376,-11,4753
2429,2532,2480,-103,4961
2482,2437,2459,45,4919
2398,2427,2412,-29,4825
2518,2406,2462,112,4924
2449,2336,2392,113,4785
2572,2406,2489,166,4978
2354,2417,2385,-63,4771
2302,2553,2427,-251,4855
2210,2510,2360,-300,4720
2436,2469,2452,-33,4905
2579,2232,2405,347,4811
2259,2446,2352,-187,4705
2252,2494,2373,-242,4746
2413,2556,2484,-143,4969
2472,2270,2371,202,4742
2336,2441,2388,-105,4777
2421,2257,2339,164,4678
2643,2247,2445,396,4890
2171,2446,2308,-275,4617
2431,2462,2446,-31,4893
2510,2274,2392,236,4784
2305,2395,2350,-90,4700
2167,2520,2343,-353,4687
2580,2234,2407,346,4814
2253,2655,2454,-402,4908
2568,2410,2489,158,4978
2446,2294,2370,152,4740
2419,2484,2451,-65,4903
2235,2634,2434,-399,4869
2434,2550,2492,-116,4984
2313,2481,2397,-168,4794
2453,2402,2427,51,4855
2149,2515,2332,-366,4664
2283,2594,2438,-311,4877
2470,2531,2500,-61,5001
2343,2294,2318,49,4637
2218,2432,2325,-214,4650
2438,2287,2362,151,4725
2267,2383,2325,-116,4650
2163,2500,2331,-337,4663
2417,2404,2410,13,4821
2402,2582,2492,-180,4984
2303,2430,2366,-127,4733
2427,2400,2413,27,4827
2294,2572,2433,-278,4866
2562,2308,2435,254,4870
2376,2255,2315,121,4631
2284,2534,2409,-250,4818
2385,2267,2326,118,4652
2337,2543,2440,-206,4880
2473,2377,2425,96,4850
2295,2398,2346,-103,4693
2572,2126,2349,446,4698
2497,2276,2386,221,4773
2444,2424,2434,20,4868
2178,2516,2347,-338,4694
2567,2353,2460,214,4920
2374,2423,2398,-49,4797
2206,2670,2438,-464,4876
2418,2526,2472,-108,4944
2436,2410,2423,26,4846
2426,2303,2364,123,4729
2379,2504,2441,-125,4883
2593,2204,2398,389,4797
2441,2502,2471,-61,4943
2412,2317,2364,95,4729
2517,2389,2453,128,4906
2376,2323,2349,53,4699
2350,2304,2327,46,4654
2408,2534,2471,-126,4942
2343,2540,2441,-197,4883
2530,2407,2468,123,4937
2401,2355,2378,46,4756
2393,2364,2378,29,4757
2279,2393,2336,-114,4672
2393,2561,2477,-168,4954
2178,2471,2324,-293,4649
2232,2639,2435,-407,4871
2609,2183,2396,426,4792
2423,2539,2481,-116,4962
2194,2444,2319,-250,4638
2414,2390,2402,24,4804
2292,2533,2412,-241,4825
2431,2468,2449,-37,4899
2298,2338,2318,-40,4636
2389,2359,2374,30,4748
2423,2197,2310,226,4620
2321,2545,2433,-224,4866
2267,2545,2406,-278,4812
2308,2475,2391,-167,4783
2367,2414,2390,-47,4781
2339,2387,2363,-48,4726
2363,2494,2428,-131,4857
2411,2218,2314,193,4629
2412,2223,2317,189,4635
2293,2436,2364,-143,4729
2186,2430,2308,-244,4616
2446,2242,2344,204,4688
2517,2308,2412,209,4825
2503,2498,2500,5,5001
2483,2469,2476,14,4952
2473,2265,2369,208,4738
2255,2476,2365,-221,4731
2547,2354,2450,193,4901
2356,2390,2373,-34,4746
2257,2486,2371,-229,4743
2454,2276,2365,178,4730
2285,2575,2430,-290,4860
2295,2505,2400,-210,4800
2359,2415,2387,-56,4774
2296,2616,2456,-320,4912
2108,2685,2396,-577,4793
2271,2635,2453,-364,4906
2482,2274,2378,208,4756
2380,2570,2475,-190,4950
2321,2447,2384,-126,4768
2404,2593,2498,-189,4997
2517,2298,2407,219,4815
2254,2445,2349,-191,4699
2300,2377,2338,-77,4677
2435,2530,2482,-95,4965
2434,2556,2495,-122,4990
2585,2173,2379,412,4758
2384,2347,2365,37,4731
2257,2680,2468,-423,4937
2363,2330,2346,33,4693
2527,2427,2477,100,4954
2422,2535,2478,-113,4957
2577,2365,2471,212,4942
2641,2315,2478,326,4956
2254,2380,2317,-126,4634
2506,2295,2400,211,4801
2244,2574,2409,-330,4818
2358,2505,2431,-147,4863
2315,2446,2380,-131,4761
2431,2516,2473,-85,4947
2329,2330,2329,-1,4659
2478,2331,2404,147,4809
2441,2512,2476,-71,4953
2436,2214,2325,222,4650
2273,2521,2397,-248,4794
2377,2467,2422,-90,4844
2605,2375,2490,230,4980
2336,2274,2305,62,4610
2320,2398,2359,-78,4718
2473,2319,2396,154,4792
2292,2458,2375,-166,4750
2120,2518,2319,-398,4638
2592,2325,2458,267,4917
2388,2446,2417,-58,4834
2486,2427,2456,59,4913
2474,2239,2356,235,4713
2268,2436,2352,-168,4704
2342,2369,2355,-27,4711
2560,2375,2467,185,4935
2520,2229,2374,291,4749
2417,2459,2438,-42,4876
2545,2279,2412,266,4824
2484,2390,2437,94,4874
2483,2417,2450,66,4900
2517,2250,2383,267,4767
2186,2455,2320,-269,4641
2609,2274,2441,335,4883
2410,2405,2407,5,4815
2266,2470,2368,-204,4736
2404,2519,2461,-115,4923
2538,2449,2493,89,4987
2545,2312,2428,233,4857
2338,2332,2335,6,4670
2373,2463,2418,-90,4836
2302,2506,2404,-204,4808
2322,2329,2325,-7,4651
2476,2524,2500,-48,5000
2281,2402,2341,-121,4683
2211,2461,2336,-250,4672
2399,2571,2485,-172,4970
2331,2380,2355,-49,4711
2302,2524,2413,-222,4826
2248,2566,2407,-318,4814
2445,2249,2347,196,4694
2388,2613,2500,-225,5001
2167,2540,2353,-373,4707
2289,2416,2352,-127,4705
2489,2340,2414,149,4829
2143,2607,2375,-464,4750
2610,2181,2395,429,4791
2530,2350,2440,180,4880
2388,2240,2314,148,4628
2393,2529,2461,-136,4922
2432,2506,2469,-74,4938
2320,2533,2426,-213,4853
2433,2233,2333,200,4666
2355,2512,2433,-157,4867
2254,2377,2315,-123,4631
2393,2356,2374,37,4749
2437,2348,2392,89,4785
2200,2508,2354,-308,4708
2371,2540,2455,-169,4911
2585,2389,2487,196,4974
2260,2549,2404,-289,4809
2432,2231,2331,201,4663
2132,2517,2324,-385,4649
2266,2343,2304,-77,4609
2241,2413,2327,-172,4654
2213,2604,2408,-391,4817
2503,2417,2460,86,4920
2280,2467,2373,-187,4747
2598,2215,2406,383,4813
2529,2328,2428,201,4857
2384,2333,2358,51,4717
2371,2273,2322,98,4644
2429,2523,2476,-94,4952
2492,2348,2420,144,4840
2598,2375,2486,223,4973
2503,2409,2456,94,4912
2500,2281,2390,219,4781
2442,2201,2321,241,4643
2324,2458,2391,-134,4782
2214,2423,2318,-209,4637
2633,2359,2496,274,4992
2559,2427,2493,132,4986
2445,2509,2477,-64,4954
2410,2218,2314,192,4628
2500,2106,2303,394,4606
2345,2564,2454,-219,4909
2411,2256,2333,155,4667
2346,2399,2372,-53,4745
2326,2534,2430,-208,4860
2305,2532,2418,-227,4837
2538,2311,2424,227,4849
2140,2549,2344,-409,4689
2279,2566,2422,-287,4845
2276,2467,2371,-191,4743
2661,2200,2430,461,4861
2564,2416,2490,148,4980
2622,2297,2459,325,4919
2507,2392,2449,115,4899
2562,2175,2368,387,4737
2457,2463,2460,-6,4920
2279,2450,2364,-171,4729
2502,2331,2416,171,4833
2248,2378,2313,-130,4626
2386,2359,2372,27,4745
2412,2346,2379,66,4758
2253,2420,2336,-167,4673
2474,2471,2472,3,4945
2336,2564,2450,-228,4900
2418,2285,2351,133,4703
2305,2518,2411,-213,4823
2414,2546,2480,-132,4960
2455,2178,2316,277,4633
2486,2482,2484,4,4968
2260,2460,2360,-200,4720
2557,2324,2440,233,4881
2322,2303,2312,19,4625
2285,2416,2350,-131,4701
2520,2096,2308,424,4616
2436,2436,2436,0,4872
2548,2296,2422,252,4844
2368,2491,2429,-123,4859
2304,2352,2328,-48,4656
2586,2253,2419,333,4839
2513,2308,2410,205,4821
2601,2350,2475,251,4951
2428,2433,2430,-5,4861
2538,2257,2397,281,4795
2258,2461,2359,-203,4719
2521,2294,2407,227,4815
2272,2622,2447,-350,4894
2412,2520,2466,-108,4932
2366,2522,2444,-156,4888
2362,2562,2462,-200,4924
2234,2453,2343,-219,4687
2293,2471,2382,-178,4764
2478,2328,2403,150,4806
2468,2437,2452,31,4905
2345,2473,2409,-128,4818
2308,2586,2447,-278,4894
2472,2240,2356,232,4712
2297,2430,2363,-133,4727
2363,2374,2368,-11,4737
2372,2496,2434,-124,4868
2520,2278,2399,242,4798
2420,2386,2403,34,4806
2460,2224,2342,236,4684
2396,2513,2454,-117,4909
2184,2469,2326,-285,4653
2284,2377,2330,-93,4661
2599,2391,2495,208,4990
2468,2199,2333,269,4667
2472,2260,2366,212,4732
2602,2231,2416,371,4833
2512,2192,2352,320,4704
2372,2239,2305,133,4611
2397,2404,2400,-7,4801
2352,2642,2497,-290,4994
2046,2678,2362,-632,4724
2408,2468,2438,-60,4876
2399,2570,2484,-171,4969
2411,2372,2391,39,4783
2427,2554,2490,-127,4981
2147,2456,2301,-309,4603
2559,2176,2367,383,4735
2227,2547,2387,-320,4774
2589,2240,2414,349,4829
2433,2338,2385,95,4771
2317,2505,2411,-188,4822
2330,2439,2384,-109,4769
2263,2347,2305,-84,4610
2530,2437,2483,93,4967
2291,2445,2368,-154,4736
2433,2353,2393,80,4786
2510,2182,2346,328,4692
2386,2226,2306,160,4612
2403,2521,2462,-118,4924
2375,2308,2341,67,4683
2304,2515,2409,-211,4819
2241,2402,2321,-161,4643
2457,2318,2387,139,4775
2532,2412,2472,120,4944
2224,2402,2313,-178,4626
2190,2434,2312,-244,4624
2430,2499,2464,-69,4929
2556,2174,2365,382,4730
2400,2244,2322,156,4644
2381,2571,2476,-190,4952
2550,2313,2431,237,4863
2400,2250,2325,150,4650
2266,2462,2364,-196,4728
2218,2572,2395,-354,4790
2447,2367,2407,80,4814
2425,2250,2337,175,4675
2230,2451,2340,-221,4681
2533,2332,2432,201,4865
2222,2596,2409,-374,4818
2345,2521,2433,-176,4866
2535,2273,2404,262,4808
2118,2485,2301,-367,4603
2346,2479,2412,-133,4825
2513,2253,2383,260,4766
2441,2364,2402,77,4805
2419,2371,2395,48,4790
2519,2320,2419,199,4839
2434,2330,2382,104,4764
2389,2437,2413,-48,4826
2521,2455,2488,66,4976
2328,2546,2437,-218,4874
2303,2468,2385,-165,4771
2472,2389,2430,83,4861
2508,2271,2389,237,4779
2560,2153,2356,407,4713
2491,2212,2351,279,4703
2420,2504,2462,-84,4924
2471,2143,2307,328,4614
2504,2146,2325,358,4650
2287,2376,2331,-89,4663
2288,2350,2319,-62,4638
2375,2388,2381,-13,4763
2475,2319,2397,156,4794
2387,2503,2445,-116,4890
2390,2563,2476,-173,4953
2455,2226,2340,229,4681
2499,2362,2430,137,4861
2123,2481,2302,-358,4604
2425,2576,2500,-151,5001
2412,2210,2311,202,4622
2465,2246,2355,219,4711
2284,2320,2302,-36,4604
2483,2222,2352,261,4705
2224,2420,2322,-196,4644
2327,2509,2418,-182,4836
2551,2278,2414,273,4829
2461,2406,2433,55,4867
2433,2552,2492,-119,4985
2414,2274,2344,140,4688
2286,2459,2372,-173,4745
2419,2554,2486,-135,4973
2539,2448,2493,91,4987
2340,2591,2465,-251,4931
2515,2470,2492,45,4985
2363,2447,2405,-84,4810
2470,2223,2346,247,4693
2429,2237,2333,192,4666
2454,2544,2499,-90,4998
2392,2311,2351,81,4703
2174,2522,2348,-348,4696
2583,2212,2397,371,4795
2185,2464,2324,-279,4649
2546,2339,2442,207,4885
2389,2477,2433,-88,4866
2321,2319,2320,2,4640
2430,2538,2484,-108,4968
2118,2501,2309,-383,4619
2365,2533,2449,-168,4898
2223,2481,2352,-258,4704
2533,2373,2453,160,4906
2430,2208,2319,222,4638
2263,2347,2305,-84,4610
2254,2407,2330,-153,4661
2334,2533,2433,-199,4867
2317,2574,2445,-257,4891
2449,2179,2314,270,4628
2456,2386,2421,70,4842
2279,2636,2457,-357,4915
2192,2419,2305,-227,4611
2425,2350,2387,75,4775
2528,2221,2374,307,4749
2711,2119,2415,592,4830
2484,2272,2378,212,4756
2241,2562,2401,-321,4803
2523,2322,2422,201,4845
2306,2505,2405,-199,4811
2391,2441,2416,-50,4832
2249,2459,2354,-210,4708
2568,2286,2427,282,4854
2269,2547,2408,-278,4816
2505,2380,2442,125,4885
2600,2327,2463,273,4927
2553,2230,2391,323,4783
2274,2459,2366,-185,4733
2489,2501,2495,-12,4990
2432,2281,2356,151,4713
2398,2295,2346,103,4693
2333,2320,2326,13,4653
2239,2472,2355,-233,4711
2375,2230,2302,145,4605
2522,2361,2441,161,4883
2455,2335,2395,120,4790
2143,2574,2358,-431,4717
2628,2201,2414,427,4829
2537,2417,2477,120,4954
2103,2521,2312,-418,4624
2477,2343,2410,134,4820
2393,2560,2476,-167,4953
2432,2533,2482,-101,4965
2409,2250,2329,159,4659
2338,2564,2451,-226,4902
2541,2171,2356,370,4712
2484,2481,2482,3,4965
2266,2386,2326,-120,4652
2303,2391,2347,-88,4694
2511,2391,2451,120,4902
2475,2502,2488,-27,4977
2452,2475,2463,-23,4927
2594,2335,2464,259,4929
2606,2322,2464,284,4928
2411,2264,2337,147,4675
2351,2277,2314,74,4628
2350,2409,2379,-59,4759
2383,2438,2410,-55,4821
2512,2447,2479,65,4959
2379,2542,2460,-163,4921
2408,2484,2446,-76,4892
2507,2461,2484,46,4968
2401,2481,2441,-80,4882
2569,2128,2348,441,4697
2477,2235,2356,242,4712
2330,2448,2389,-118,4778
2287,2425,2356,-138,4712
2276,2375,2325,-99,4651
2520,2290,2405,230,4810
2316,2391,2353,-75,4707
2327,2499,2413,-172,4826
2396,2446,2421,-50,4842
2500,2107,2303,393,4607
2284,2623,2453,-339,4907
2379,2511,2445,-132,4890
2533,2162,2347,371,4695
2562,2089,2325,473,4651
2504,2162,2333,342,4666
2204,2415,2309,-211,4619
2546,2312,2429,234,4858
2268,2379,2323,-111,4647
2502,2116,2309,386,4618
2446,2356,2401,90,4802
2386,2401,2393,-15,4787
2433,2418,2425,15,4851
2404,2198,2301,206,4602
2528,2225,2376,303,4753
2469,2310,2389,159,4779
2449,2377,2413,72,4826
2598,2215,2406,383,4813
2425,2412,2418,13,4837
2516,2302,2409,214,4818
2613,2363,2488,250,4976
2284,2336,2310,-52,4620
2382,2549,2465,-167,4931
2383,2255,2319,128,4638
2602,2353,2477,249,4955
2412,2413,2412,-1,4825
2415,2538,2476,-123,4953
2409,2546,2477,-137,4955
2379,2502,2440,-123,4881
2445,2230,2337,215,4675
2383,2225,2304,158,4608
2469,2290,2379,179,4759
2422,2298,2360,124,4720
2307,2532,2419,-225,4839
2460,2457,2458,3,4917
2622,2102,2362,520,4724
2313,2442,2377,-129,4755
2474,2353,2413,121,4827
2179,2433,2306,-254,4612
2291,2546,2418,-255,4837
2234,2501,2367,-267,4735
2314,2314,2314,0,4628
2556,2404,2480,152,4960
2524,2147,2335,377,4671
2226,2498,2362,-272,4724
2302,2551,2426,-249,4853
2366,2454,2410,-88,4820
2458,2411,2434,47,4869
2557,2270,2413,287,4827
2368,2444,2406,-76,4812
2283,2362,2322,-79,4645
2428,2478,2453,-50,4906
2489,2507,2498,-18,4996
2249,2490,2369,-241,4739
2418,2336,2377,82,4754
2437,2264,2350,173,4701
2390,2503,2446,-113,4893
2352,2392,2372,-40,4744
2286,2366,2326,-80,4652
2595,2339,2467,256,4934
2470,2395,2432,75,4865
2365,2321,2343,44,4686
2412,2227,2319,185,4639
2353,2415,2384,-62,4768
2519,2143,2331,376,4662
2506,2275,2390,231,4781
2423,2398,2410,25,4821
2417,2434,2425,-17,4851
2558,2274,2416,284,4832
2481,2260,2370,221,4741
2309,2413,2361,-104,4722
2285,2444,2364,-159,4729
2473,2479,2476,-6,4952
2512,2440,2476,72,4952
2375,2279,2327,96,4654
2130,2639,2384,-509,4769
2513,2171,2342,342,4684
2581,2396,2488,185,4977
2294,2513,2403,-219,4807
2391,2271,2331,120,4662
2520,2437,2478,83,4957
2387,2602,2494,-215,4989
2262,2559,2410,-297,4821
2310,2502,2406,-192,4812
2370,2544,2457,-174,4914
2555,2412,2483,143,4967
2327,2580,2453,-253,4907
2406,2564,2485,-158,4970
2404,2382,2393,22,4786
2405,2549,2477,-144,4954
2389,2380,2384,9,4769
2381,2286,2333,95,4667
2336,2303,2319,33,4639
2198,2455,2326,-257,4653
2166,2516,2341,-350,4682
2362,2578,2470,-216,4940
2488,2379,2433,109,4867
2425,2252,2338,173,4677
2457,2325,2391,132,4782
2488,2306,2397,182,4794
2482,2466,2474,16,4948
2369,2593,2481,-224,4962
2131,2488,2309,-357,4619
2528,2336,2432,192,4864
2428,2313,2370,115,4741
2297,2437,2367,-140,4734
2422,2210,2316,212,4632
2497,2484,2490,13,4981
2309,2486,2397,-177,4795
2397,2384,2390,13,4781
2306,2380,2343,-74,4686
2179,2560,2369,-381,4739
2273,2434,2353,-161,4707
2494,2446,2470,48,4940
2438,2259,2348,179,4697
2530,2353,2441,177,4883
2308,2460,2384,-152,4768
2437,2488,2462,-51,4925
2503,2333,2418,170,4836
2449,2180,2314,269,4629
2401,2337,2369,64,4738
2514,2389,2451,125,4903
2453,2324,2388,129,4777
2396,2318,2357,78,4714
2442,2366,2404,76,4808
2215,2449,2332,-234,4664
2428,2563,2495,-135,4991
2545,2193,2369,352,4738
2473,2373,2423,100,4846
2320,2357,2338,-37,4677
2490,2448,2469,42,4938
2199,2457,2328,-258,4656
2180,2527,2353,-347,4707
2363,2274,2318,89,4637
2495,2201,2348,294,4696
2358,2450,2404,-92,4808
2435,2235,2335,200,4670
2581,2361,2471,220,4942
2315,2475,2395,-160,4790
2499,2323,2411,176,4822
2528,2323,2425,205,4851
2418,2481,2449,-63,4899
2123,2523,2323,-400,4646
2565,2409,2487,156,4974
2324,2476,2400,-152,4800
2237,2442,2339,-205,4679
2216,2455,2335,-239,4671
2274,2348,2311,-74,4622
2377,2516,2446,-139,4893
2304,2569,2436,-265,4873
2396,2322,2359,74,4718
2421,2470,2445,-49,4891
2528,2104,2316,424,4632
2355,2554,2454,-199,4909
2368,2523,2445,-155,4891
2405,2233,2319,172,4638
2526,2413,2469,113,4939
2327,2512,2419,-185,4839
2343,2482,2412,-139,4825
2171,2441,2306,-270,4612
2407,2325,2366,82,4732
2448,2466,2457,-18,4914
2496,2478,2487,18,4974
2407,2473,2440,-66,4880
2213,2462,2337,-249,4675
2260,2396,2328,-136,4656
2406,2235,2320,171,4641
2376,2553,2464,-177,4929
2531,2285,2408,246,4816
2136,2485,2310,-349,4621
2403,2539,2471,-136,4942
2591,2363,2477,228,4954
2370,2557,2463,-187,4927
2325,2619,2472,-294,4944
2441,2367,2404,74,4808
2559,2367,2463,192,4926
2393,2605,2499,-212,4998
2489,2434,2461,55,4923
2175,2487,2331,-312,4662
2498,2345,2421,153,4843
2339,2526,2432,-187,4865
2477,2359,2418,118,4836
2160,2477,2318,-317,4637
2406,2471,2438,-65,4877
2252,2549,2400,-297,4801
2489,2508,2498,-19,4997
2176,2468,2322,-292,4644
2518,2473,2495,45,4991
2481,2442,2461,39,4923
2454,2212,2333,242,4666
2428,2418,2423,10,4846
2450,2493,2471,-43,4943
2423,2547,2485,-124,4970
2350,2261,2305,89,4611
2418,2580,2499,-162,4998
2363,2609,2486,-246,4972
2397,2591,2494,-194,4988
2461,2397,2429,64,4858
2320,2336,2328,-16,4656
2180,2499,2339,-319,4679
2557,2252,2404,305,4809
2582,2118,2350,464,4700
2431,2510,2470,-79,4941
2562,2319,2440,243,4881
2408,2318,2363,90,4726
2298,2589,2443,-291,4887
2319,2548,2433,-229,4867
2276,2540,2408,-264,4816
2592,2370,2481,222,4962
2494,2449,2471,45,4943
2086,2565,2325,-479,4651
2606,2290,2448,316,4896
2492,2436,2464,56,4928
2369,2293,2331,76,4662
2486,2344,2415,142,4830
2258,2550,2404,-292,4808
2300,2315,2307,-15,4615
2482,2358,2420,124,4840
2580,2312,2446,268,4892
2286,2501,2393,-215,4787
2470,2357,2413,113,4827
2167,2573,2370,-406,4740
2194,2439,2316,-245,4633
2296,2505,2400,-209,4801
2535,2386,2460,149,4921
2391,2312,2351,79,4703
2269,2552,2410,-283,4821
2594,2287,2440,307,4881
2537,2251,2394,286,4788
2434,2200,2317,234,4634
2327,2347,2337,-20,4674
2511,2263,2387,248,4774
2259,2417,2338,-158,4676
2536,2364,2450,172,4900
2522,2422,2472,100,4944
2627,2374,2500,253,5001
2373,2500,2436,-127,4873
2327,2417,2372,-90,4744
2467,2476,2471,-9,4943
2501,2235,2368,266,4736
2394,2287,2340,107,4681
2239,2568,2403,-329,4807
2432,2350,2391,82,4782
2388,2481,2434,-93,4869
2442,2182,2312,260,4624
2486,2304,2395,182,4790
2398,2560,2479,-162,4958
2450,2497,2473,-47,4947
2605,2354,2479,251,4959
2259,2363,2311,-104,4622
2330,2511,2420,-181,4841
2526,2339,2432,187,4865
2328,2426,2377,-98,4754
2298,2530,2414,-232,4828
2401,2389,2395,12,4790
2500,2454,2477,46,4954
2499,2310,2404,189,4809
2229,2374,2301,-145,4603
2454,2295,2374,159,4749
2289,2456,2372,-167,4745
2500,2331,2415,169,4831
2530,2336,2433,194,4866
2372,2552,2462,-180,4924
2335,2270,2302,65,4605
2344,2334,2339,10,4678
2534,2289,2411,245,4823
2472,2482,2477,-10,4954
2372,2405,2388,-33,4777
2333,2455,2394,-122,4788
2400,2591,2495,-191,4991
2523,2326,2424,197,4849
2390,2302,2346,88,4692
2323,2459,2391,-136,4782
2389,2247,2318,142,4636
2336,2290,2313,46,4626
2409,2479,2444,-70,4888
2527,2353,2440,174,4880
2270,2391,2330,-121,4661
2392,2508,2450,-116,4900
2476,2338,2407,138,4814
2447,2161,2304,286,4608
2543,2447,2495,96,4990
2459,2468,2463,-9,4927
2234,2465,2349,-231,4699
2413,2225,2319,188,4638
2442,2449,2445,-7,4891
2388,2362,2375,26,4750
2628,2299,2463,329,4927
2507,2141,2324,366,4648
2406,2253,2329,153,4659
2255,2437,2346,-182,4692
2118,2550,2334,-432,4668
2451,2415,2433,36,4866
2227,2400,2313,-173,4627
2283,2336,2309,-53,4619
2208,2537,2372,-329,4745
2512,2290,2401,222,4802
2549,2341,2445,208,4890
2391,2359,2375,32,4750
2369,2249,2309,120,4618
2405,2490,2447,-85,4895
2433,2489,2461,-56,4922
2412,2220,2316,192,4632
2202,2434,2318,-232,4636
2468,2481,2474,-13,4949
2193,2449,2321,-256,4642
2301,2339,2320,-38,4640
2505,2354,2429,151,4859
2385,2468,2426,-83,4853
2336,2505,2420,-169,4841
2384,2413,2398,-29,4797
2371,2409,2390,-38,4780
2242,2617,2429,-375,4859
2492,2335,2413,157,4827
2481,2384,2432,97,4865
2509,2322,2415,187,4831
2579,2192,2385,387,4771
2445,2300,2372,145,4745
2203,2459,2331,-256,4662
2564,2345,2454,219,4909
2412,2444,2428,-32,4856
2342,2517,2429,-175,4859
2169,2433,2301,-264,4602
2376,2512,2444,-136,4888
2445,2221,2333,224,4666
2524,2404,2464,120,4928
2358,2298,2328,60,4656
2519,2326,2422,193,4845
2379,2505,2442,-126,4884
2511,2440,2475,71,4951
2425,2280,2352,145,4705
2359,2355,2357,4,4714
2316,2536,2426,-220,4852
2459,2202,2330,257,4661
2526,2284,2405,242,4810
2197,2414,2305,-217,4611
2207,2584,2395,-377,4791
2440,2341,2390,99,4781
2463,2537,2500,-74,5000
2462,2427,2444,35,4889
2591,2114,2352,477,4705
2391,2229,2310,162,4620
2307,2357,2332,-50,4664
2482,2170,2326,312,4652
2391,2557,2474,-166,4948
2431,2276,2353,155,4707
2347,2440,2393,-93,4787
2456,2258,2357,198,4714
2432,2320,2376,112,4752
2619,2317,2468,302,4936
2512,2408,2460,104,4920
2517,2286,2401,231,4803
2311,2430,2370,-119,4741
2324,2421,2372,-97,4745
2374,2612,2493,-238,4986
2404,2520,2462,-116,4924
2548,2380,2464,168,4928
2347,2378,2362,-31,4725
2288,2338,2313,-50,4626
2332,2492,2412,-160,4824
2339,2419,2379,-80,4758
2210,2417,2313,-207,4627
2225,2605,2415,-380,4830
2487,2297,2392,190,4784
2128,2476,2302,-348,4604
2546,2380,2463,166,4926
2364,2355,2359,9,4719
2386,2247,2316,139,4633
2231,2493,2362,-262,4724
2456,2267,2361,189,4723
2459,2511,2485,-52,4970
2430,2247,2338,183,4677
2378,2538,2458,-160,4916
2435,2374,2404,61,4809
2457,2309,2383,148,4766
2518,2326,2422,192,4844
2468,2478,2473,-10,4946
2237,2575,2406,-338,4812
2467,2363,2415,104,4830
2597,2073,2335,524,4670
2318,2399,2358,-81,4717
2533,2301,2417,232,4834
2634,2201,2417,433,4835
2517,2250,2383,267,4767
2506,2450,2478,56,4956
2417,2309,2363,108,4726
2424,2453,2438,-29,4877
2490,2351,2420,139,4841
2521,2378,2449,143,4899
2391,2530,2460,-139,4921
2415,2422,2418,-7,4837
2423,2570,2496,-147,4993
2525,2346,2435,179,4871
2550,2450,2500,100,5000
2540,2432,2486,108,4972
2394,2417,2405,-23,4811
2463,2317,2390,146,4780
2583,2348,2465,235,4931
2330,2374,2352,-44,4704
2244,2590,2417,-346,4834
2321,2496,2408,-175,4817
2320,2403,2361,-83,4723
2370,2328,2349,42,4698
2552,2138,2345,414,4690
2316,2552,2434,-236,4868
2569,2397,2483,172,4966
2474,2405,2439,69,4879
2232,2380,2306,-148,4612
2352,2272,2312,80,4624
2137,2709,2423,-572,4846
2450,2387,2418,63,4837
2361,2469,2415,-108,4830
2161,2458,2309,-297,4619
2438,2529,2483,-91,4967
2449,2301,2375,148,4750
2549,2390,2469,159,4939
2306,2333,2319,-27,4639
2591,2239,2415,352,4830
2396,2225,2310,171,4621
2206,2505,2355,-299,4711
2425,2564,2494,-139,4989
2304,2494,2399,-190,4798
2321,2396,2358,-75,4717
2343,2467,2405,-124,4810
2233,2398,2315,-165,4631
2392,2487,2439,-95,4879
2258,2501,2379,-243,4759
2450,2358,2404,92,4808
2230,2399,2314,-169,4629
2323,2357,2340,-34,4680
2262,2475,2368,-213,4737
2168,2467,2317,-299,4635
2231,2544,2387,-313,4775
2602,2363,2482,239,4965
2379,2572,2475,-193,4951
2592,2162,2377,430,4754
2435,2270,2352,165,4705
2351,2304,2327,47,4655
2350,2420,2385,-70,4770
2118,2553,2335,-435,4671
2540,2417,2478,123,4957
2307,2460,2383,-153,4767
2380,2225,2302,155,4605
2473,2431,2452,42,4904
2402,2438,2420,-36,4840
2313,2375,2344,-62,4688
2355,2528,2441,-173,4883
2250,2618,2434,-368,4868
2440,2209,2324,231,4649
2470,2326,2398,144,4796
2369,2236,2302,133,4605
2308,2491,2399,-183,4799
2346,2384,2365,-38,4730
2360,2316,2338,44,4676
2459,2228,2343,231,4687
2413,2236,2324,177,4649
2269,2425,2347,-156,4694
2296,2462,2379,-166,4758
2088,2569,2328,-481,4657
2524,2377,2450,147,4901
2295,2335,2315,-40,4630
2426,2181,2303,245,4607
2364,2249,2306,115,4613
2439,2165,2302,274,4604
2613,2379,2496,234,4992
2483,2423,2453,60,4906
2399,2514,2456,-115,4913
2367,2283,2325,84,4650
2644,2321,2482,323,4965
2365,2516,2440,-151,4881
2426,2393,2409,33,4819
2327,2343,2335,-16,4670
2480,2356,2418,124,4836
2587,2246,2416,341,4833
2432,2292,2362,140,4724
2468,2445,2456,23,4913
2450,2408,2429,42,4858
2461,2320,2390,141,4781
2289,2336,2312,-47,4625
2395,2601,2498,-206,4996
2414,2522,2468,-108,4936
2432,2541,2486,-109,4973
2271,2493,2382,-222,4764
2545,2117,2331,428,4662
2453,2177,2315,276,4630
2343,2279,2311,64,4622
2406,2240,2323,166,4646
2299,2560,2429,-261,4859
2556,2369,2462,187,4925
2460,2148,2304,312,4608
2164,2537,2350,-373,4701
2712,2251,2481,461,4963
2456,2521,2488,-65,4977
2427,2401,2414,26,4828
2615,2044,2329,571,4659
2459,2152,2305,307,4611
2556,2405,2480,151,4961
2400,2368,2384,32,4768
2299,2467,2383,-168,4766
2455,2422,2438,33,4877
2416,2239,2327,177,4655
2428,2177,2302,251,4605
2214,2394,2304,-180,4608
2426,2356,2391,70,4782
2313,2471,2392,-158,4784
2316,2505,2410,-189,4821
2550,2313,2431,237,4863
2233,2539,2386,-306,4772
2337,2490,2413,-153,4827
2569,2327,2448,242,4896
2459,2395,2427,64,4854
2540,2294,2417,246,4834
2342,2504,2423,-162,4846
2511,2283,2397,228,4794
2574,2213,2393,361,4787
2329,2563,2446,-234,4892
2441,2177,2309,264,4618
2446,2390,2418,56,4836
2327,2461,2394,-134,4788
2326,2487,2406,-161,4813
2239,2454,2346,-215,4693
2529,2323,2426,206,4852
2251,2438,2344,-187,4689
2290,2434,2362,-144,4724
2603,2281,2442,322,4884
2182,2518,2350,-336,4700
2387,2506,2446,-119,4893
2497,2351,2424,146,4848
2431,2389,2410,42,4820
2499,2375,2437,124,4874
2332,2492,2412,-160,4824
2566,2404,2485,162,4970
2339,2271,2305,68,4610
2247,2442,2344,-195,4689
2206,2417,2311,-211,4623
2108,2554,2331,-446,4662
2417,2555,2486,-138,4972
2308,2574,2441,-266,4882
2418,2307,2362,111,4725
2174,2561,2367,-387,4735
2187,2495,2341,-308,4682
2621,2156,2388,465,4777
2570,2392,2481,178,4962
2498,2387,2442,111,4885
2389,2403,2396,-14,4792
2291,2319,2305,-28,4610
2419,2336,2377,83,4755
2325,2554,2439,-229,4879
2490,2418,2454,72,4908
2485,2423,2454,62,4908
2449,2332,2390,117,4781
2372,2380,2376,-8,4752
2580,2414,2497,166,4994
2449,2251,2350,198,4700
2520,2357,2438,163,4877
2412,2416,2414,-4,4828
2269,2446,2357,-177,4715
2279,2360,2319,-81,4639
2307,2451,2379,-144,4758
2564,2269,2416,295,4833
2434,2284,2359,150,4718
2630,2272,2451,358,4902
2203,2454,2328,-251,4657
2381,2492,2436,-111,4873
2488,2142,2315,346,4630
2600,2173,2386,427,4773
2447,2486,2466,-39,4933
2417,2404,2410,13,4821
2352,2357,2354,-5,4709
2453,2216,2334,237,4669
2397,2210,2303,187,4607
2213,2476,2344,-263,4689
2406,2294,2350,112,4700
2336,2482,2409,-146,4818
2394,2557,2475,-163,4951
2239,2424,2331,-185,4663
2276,2496,2386,-220,4772
2368,2577,2472,-209,4945
2333,2342,2337,-9,4675
2548,2233,2390,315,4781
2364,2546,2455,-182,4910
2458,2195,2326,263,4653
2297,2471,2384,-174,4768
2629,2319,2474,310,4948
2563,2132,2347,431,4695
2291,2431,2361,-140,4722
2411,2469,2440,-58,4880
2274,2460,2367,-186,4734
2484,2362,2423,122,4846
2250,2356,2303,-106,4606
2124,2581,2352,-457,4705
2224,2407,2315,-183,4631
2573,2297,2435,276,4870
2329,2659,2494,-330,4988
2520,2220,2370,300,4740
2414,2422,2418,-8,4836
2497,2503,2500,-6,5000
2391,2369,2380,22,4760
2601,2268,2434,333,4869
2565,2324,2444,241,4889
2332,2283,2307,49,4615
2150,2629,2389,-479,4779
2641,2169,2405,472,4810
2516,2377,2446,139,4893
2314,2557,2435,-243,4871
2561,2335,2448,226,4896
2539,2354,2446,185,4893
2489,2303,2396,186,4792
2428,2306,2367,122,4734
2239,2426,2332,-187,4665
2489,2223,2356,266,4712
2248,2605,2426,-357,4853
2369,2584,2476,-215,4953
2543,2454,2498,89,4997
2423,2290,2356,133,4713
2487,2200,2343,287,4687
2392,2444,2418,-52,4836
2246,2434,2340,-188,4680
2402,2513,2457,-111,4915
2356,2492,2424,-136,4848
2325,2510,2417,-185,4835
2291,2498,2394,-207,4789
2217,2594,2405,-377,4811
2458,2471,2464,-13,4929
2580,2339,2459,241,4919
2320,2369,2344,-49,4689
2491,2371,2431,120,4862
2427,2302,2364,125,4729
2210,2573,2391,-363,4783
2232,2409,2320,-177,4641
2517,2389,2453,128,4906
2232,2519,2375,-287,4751
2562,2428,2495,134,4990
2306,2408,2357,-102,4714
2361,2614,2487,-253,4975
2307,2436,2371,-129,4743
2218,2576,2397,-358,4794
2436,2259,2347,177,4695
2457,2372,2414,85,4829
2198,2488,2343,-290,4686
2221,2421,2321,-200,4642
2210,2397,2303,-187,4607
2185,2535,2360,-350,4720
2487,2157,2322,330,4644
2306,2505,2405,-199,4811
2404,2575,2489,-171,4979
2292,2587,2439,-295,4879
2279,2397,2338,-118,4676
2407,2320,2363,87,4727
2365,2509,2437,-144,4874
2589,2402,2495,187,4991
2377,2239,2308,138,4616
2319,2525,2422,-206,4844
2494,2298,2396,196,4792
2419,2374,2396,45,4793
2322,2324,2323,-2,4646
2422,2292,2357,130,4714
2311,2333,2322,-22,4644
2300,2531,2415,-231,4831
2102,2502,2302,-400,4604
2536,2421,2478,115,4957
2540,2178,2359,362,4718
2437,2244,2340,193,4681
2387,2601,2494,-214,4988
2141,2471,2306,-330,4612
2540,2269,2404,271,4809
2312,2485,2398,-173,4797
2407,2322,2364,85,4729
2310,2349,2329,-39,4659
2468,2197,2332,271,4665
2261,2471,2366,-210,4732
2288,2429,2358,-141,4717
2379,2367,2373,12,4746
2441,2460,2450,-19,4901
2384,2525,2454,-141,4909
2274,2360,2317,-86,4634
2426,2290,2358,136,4716
2559,2370,2464,189,4929
2602,2298,2450,304,4900
2559,2420,2489,139,4979
2328,2441,2384,-113,4769
2547,2448,2497,99,4995
2324,2370,2347,-46,4694
2285,2411,2348,-126,4696
2268,2443,2355,-175,4711
2178,2530,2354,-352,4708
2340,2516,2428,-176,4856
2369,2339,2354,30,4708
2477,2268,2372,209,4745
2398,2537,2467,-139,4935
2105,2507,2306,-402,4612
2648,2311,2479,337,4959
2402,2339,2370,63,4741
2489,2177,2333,312,4666
2562,2318,2440,244,4880
2389,2454,2421,-65,4843
2189,2441,2315,-252,4630
2400,2358,2379,42,4758
2564,2269,2416,295,4833
2324,2327,2325,-3,4651
2486,2375,2430,111,4861
2560,2111,2335,449,4671
2644,2315,2479,329,4959
2379,2390,2384,-11,4769
2394,2563,2478,-169,4957
2414,2567,2490,-153,4981
2414,2463,2438,-49,4877
2397,2529,2463,-132,4926
2265,2404,2334,-139,4669
2397,2389,2393,8,4786
2152,2478,2315,-326,4630
2459,2463,2461,-4,4922
2537,2437,2487,100,4974
2360,2465,2412,-105,4825
2272,2402,2337,-130,4674
2530,2448,2489,82,4978
2373,2261,2317,112,4634
2473,2401,2437,72,4874
2159,2538,2348,-379,4697
2434,2475,2454,-41,4909
2569,2386,2477,183,4955
2432,2509,2470,-77,4941
2461,2516,2488,-55,4977
2175,2454,2314,-279,4629
2622,2308,2465,314,4930
2631,2247,2439,384,4878
2544,2170,2357,374,4714
2300,2410,2355,-110,4710
2321,2404,2362,-83,4725
2246,2483,2364,-237,4729
2078,2574,2326,-496,4652
2458,2378,2418,80,4836
2406,2261,2333,145,4667
2396,2384,2390,12,4780
2514,2171,2342,343,4685
2283,2412,2347,-129,4695
2534,2367,2450,167,4901
2393,2485,2439,-92,4878
2374,2247,2310,127,4621
2443,2366,2404,77,4809
2488,2227,2357,261,4715
2451,2360,2405,91,4811
2431,2313,2372,118,4744
2538,2380,2459,158,4918
2411,2231,2321,180,4642
2559,2402,2480,157,4961
2355,2360,2357,-5,4715
2410,2549,2479,-139,4959
2460,2238,2349,222,4698
2377,2542,2459,-165,4919
2361,2324,2342,37,4685
2388,2501,2444,-113,4889
2449,2512,2480,-63,4961
2338,2520,2429,-182,4858
2498,2364,2431,134,4862
2554,2441,2497,113,4995
2361,2530,2445,-169,4891
2446,2501,2473,-55,4947
2575,2138,2356,437,4713
2366,2468,2417,-102,4834
2645,2343,2494,302,4988
2267,2547,2407,-280,4814
2330,2492,2411,-162,4822
2409,2270,2339,139,4679
2477,2290,2383,187,4767
2377,2367,2372,10,4744
2475,2286,2380,189,4761
2399,2236,2317,163,4635
2302,2638,2470,-336,4940
2386,2338,2362,48,4724
2290,2496,2393,-206,4786
2284,2325,2304,-41,4609
2637,2218,2427,419,4855
2374,2285,2329,89,4659
2334,2456,2395,-122,4790
2460,2279,2369,181,4739
2252,2449,2350,-197,4701
2351,2325,2338,26,4676
2359,2594,2476,-235,4953
2466,2481,2473,-15,4947
2263,2437,2350,-174,4700
2343,2307,2325,36,4650
2350,2259,2304,91,4609
2584,2057,2320,527,4641
2336,2418,2377,-82,4754
2457,2413,2435,44,4870
2472,2343,2407,129,4815
2507,2382,2444,125,4889
2296,2433,2364,-137,4729
2216,2398,2307,-182,4614
2383,2276,2329,107,4659
2232,2430,2331,-198,4662
2586,2384,2485,202,4970
2297,2478,2387,-181,4775
2438,2269,2353,169,4707
2460,2471,2465,-11,4931
2462,2328,2395,134,4790
2528,2461,2494,67,4989
2609,2291,2450,318,4900
2284,2409,2346,-125,4693
2427,2479,2453,-52,4906
2532,2415,2473,117,4947
2535,2203,2369,332,4738
2644,2343,2493,301,4987
2509,2312,2410,197,4821
2307,2352,2329,-45,4659
2422,2567,2494,-145,4989
2288,2464,2376,-176,4752
2277,2414,2345,-137,4691
2418,2277,2347,141,4695
2508,2488,2498,20,4996
2455,2160,2307,295,4615
2415,2226,2320,189,4641
2631,2324,2477,307,4955
2317,2611,2464,-294,4928
2285,2536,2410,-251,4821
2564,2275,2419,289,4839
2461,2400,2430,61,4861
2376,2282,2329,94,4658
2159,2547,2353,-388,4706
2550,2361,2455,189,4911
2292,2518,2405,-226,4810
2493,2265,2379,228,4758
2411,2509,2460,-98,4920
2473,2481,2477,-8,4954
2505,2477,2491,28,4982
2390,2238,2314,152,4628
2385,2603,2494,-218,4988
2382,2220,2301,162,4602
2339,2541,2440,-202,4880
2298,2563,2430,-265,4861
2582,2095,2338,487,4677
2438,2543,2490,-105,4981
2562,2101,2331,461,4663
2521,2362,2441,159,4883
2269,2519,2394,-250,4788
2374,2281,2327,93,4655
2540,2349,2444,191,4889
2252,2494,2373,-242,4746
2286,2352,2319,-66,4638
2550,2209,2379,341,4759
2343,2460,2401,-117,4803
2407,2588,2497,-181,4995
2582,2347,2464,235,4929
2325,2481,2403,-156,4806
2521,2237,2379,284,4758
2103,2602,2352,-499,4705
2345,2544,2444,-199,4889
2570,2360,2465,210,4930
2178,2499,2338,-321,4677
2428,2486,2457,-58,4914
2462,2179,2320,283,4641
2479,2321,2400,158,4800
2543,2391,2467,152,4934
2238,2419,2328,-181,4657
2483,2189,2336,294,4672
2306,2361,2333,-55,4667
2418,2386,2402,32,4804
2603,2384,2493,219,4987
2490,2395,2442,95,4885
2355,2522,2438,-167,4877
2285,2594,2439,-309,4879
2476,2514,2495,-38,4990
2396,2392,2394,4,4788
2412,2440,2426,-28,4852
2372,2510,2441,-138,4882
2473,2252,2362,221,4725
2156,2484,2320,-328,4640
2309,2604,2456,-295,4913
2295,2563,2429,-268,4858
2519,2434,2476,85,4953
2506,2327,2416,179,4833
2348,2372,2360,-24,4720
2413,2540,2476,-127,4953
2315,2528,2421,-213,4843
2425,2468,2446,-43,4893
2396,2346,2371,50,4742
2420,2566,2493,-146,4986
2570,2421,2495,149,4991
2235,2408,2321,-173,4643
2422,2449,2435,-27,4871
2262,2479,2370,-217,4741
2494,2431,2462,63,4925
2247,2378,2312,-131,4625
2381,2467,2424,-86,4848
2268,2491,2379,-223,4759
2510,2399,2454,111,4909
2316,2344,2330,-28,4660
2461,2527,2494,-66,4988
2249,2571,2410,-322,4820
2336,2599,2467,-263,4935
2481,2320,2400,161,4801
2197,2412,2304,-215,4609
2359,2508,2433,-149,4867
2410,2229,2319,181,4639
2431,2285,2358,146,4716
2334,2425,2379,-91,4759
2282,2400,2341,-118,4682
2157,2601,2379,-444,4758
2532,2106,2319,426,4638
2529,2219,2374,310,4748
2289,2315,2302,-26,4604
2039,2591,2315,-552,4630
2545,2144,2344,401,4689
2386,2485,2435,-99,4871
2297,2454,2375,-157,4751
2354,2634,2494,-280,4988
2516,2421,2468,95,4937
2248,2418,2333,-170,4666
2569,2417,2493,152,4986
2406,2422,2414,-16,4828
2464,2308,2386,156,4772
2496,2432,2464,64,4928
2508,2225,2366,283,4733
2351,2589,2470,-238,4940
2424,2430,2427,-6,4854
2376,2243,2309,133,4619
2197,2530,2363,-333,4727
2480,2269,2374,211,4749
2425,2195,2310,230,4620
2415,2190,2302,225,4605
2458,2390,2424,68,4848
2340,2461,2400,-121,4801
2262,2651,2456,-389,4913
2218,2477,2347,-259,4695
2636,2365,2500,271,5001
2392,2268,2330,124,4660
2533,2206,2369,327,4739
2398,2235,2316,163,4633
2364,2461,2412,-97,4825
2609,2250,2429,359,4859
2546,2220,2383,326,4766
2185,2420,2302,-235,4605
2478,2186,2332,292,4664
2125,2533,2329,-408,4658
2235,2386,2310,-151,4621
2428,2273,2350,155,4701
2491,2438,2464,53,4929
2200,2479,2339,-279,4679
2408,2491,2449,-83,4899
2469,2320,2394,149,4789
2390,2542,2466,-152,4932
2531,2241,2386,290,4772
2643,2204,2423,439,4847
2192,2441,2316,-249,4633
2411,2377,2394,34,4788
2380,2540,2460,-160,4920
2436,2360,2398,76,4796
2334,2577,2455,-243,4911
2340,2314,2327,26,4654
2442,2319,2380,123,4761
2526,2443,2484,83,4969
2481,2423,2452,58,4904
2337,2426,2381,-89,4763
2421,2273,2347,148,4694
2282,2516,2399,-234,4798
2245,2460,2352,-215,4705
2218,2424,2321,-206,4642
2228,2540,2384,-312,4768
2441,2262,2351,179,4703
2530,2350,2440,180,4880
2578,2287,2432,291,4865
2514,2413,2463,101,4927
2508,2310,2409,198,4818
2305,2410,2357,-105,4715
2427,2222,2324,205,4649
2328,2521,2424,-193,4849
2480,2226,2353,254,4706
2486,2132,2309,354,4618
2229,2386,2307,-157,4615
2455,2359,2407,96,4814
2357,2271,2314,86,4628
2275,2404,2339,-129,4679
2414,2259,2336,155,4673
2552,2434,2493,118,4986
2493,2209,2351,284,4702
2462,2250,2356,212,4712
2334,2304,2319,30,4638
2206,2498,2352,-292,4704
2391,2217,2304,174,4608
2409,2348,2378,61,4757
2523,2459,2491,64,4982
2543,2442,2492,101,4985
2597,2326,2461,271,4923
2398,2589,2493,-191,4987
2270,2516,2393,-246,4786
2530,2372,2451,158,4902
2476,2491,2483,-15,4967
2090,2611,2350,-521,4701
2374,2348,2361,26,4722
2430,2236,2333,194,4666
2502,2216,2359,286,4718
2377,2479,2428,-102,4856
2433,2230,2331,203,4663
2435,2420,2427,15,4855
2526,2095,2310,431,4621
2379,2436,2407,-57,4815
2459,2361,2410,98,4820
2598,2240,2419,358,4838
2380,2551,2465,-171,4931
2440,2250,2345,190,4690
2544,2353,2448,191,4897
2538,2423,2480,115,4961
2505,2349,2427,156,4854
2217,2405,2311,-188,4622
2199,2411,2305,-212,4610
2465,2386,2425,79,4851
2582,2331,2456,251,4913
2519,2393,2456,126,4912
2210,2403,2306,-193,4613
2526,2316,2421,210,4842
2421,2346,2383,75,4767
2414,2347,2380,67,4761
2402,2517,2459,-115,4919
2361,2418,2389,-57,4779
2341,2303,2322,38,4644
2315,2329,2322,-14,4644
2283,2447,2365,-164,4730
2667,2194,2430,473,4861
2422,2391,2406,31,4813
2323,2363,2343,-40,4686
2416,2519,2467,-103,4935
2311,2295,2303,16,4606
2216,2389,2302,-173,4605
2410,2585,2497,-175,4995
2453,2513,2483,-60,4966
2216,2518,2367,-302,4734
2312,2347,2329,-35,4659
2282,2388,2335,-106,4670
2599,2348,2473,251,4947
2278,2498,2388,-220,4776
2511,2091,2301,420,4602
2572,2033,2302,539,4605
2379,2483,2431,-104,4862
2415,2263,2339,152,4678
2392,2360,2376,32,4752
2456,2422,2439,34,4878
2435,2205,2320,230,4640
2535,2368,2451,167,4903
2225,2412,2318,-187,4637
2247,2538,2392,-291,4785
2318,2620,2469,-302,4938
2212,2519,2365,-307,4731
2385,2236,2310,149,4621
2259,2637,2448,-378,4896
2270,2424,2347,-154,4694
2294,2549,2421,-255,4843
2441,2301,2371,140,4742
2450,2414,2432,36,4864
2176,2477,2326,-301,4653
2504,2229,2366,275,4733
2462,2380,2421,82,4842
2554,2415,2484,139,4969
2427,2483,2455,-56,4910
2576,2390,2483,186,4966
2554,2232,2393,322,4786
2471,2349,2410,122,4820
2243,2519,2381,-276,4762
2355,2515,2435,-160,4870
2590,2365,2477,225,4955
2475,2299,2387,176,4774
2501,2416,2458,85,4917
2371,2364,2367,7,4735
2506,2436,2471,70,4942
2306,2317,2311,-11,4623
2337,2525,2431,-188,4862
2557,2250,2403,307,4807
2203,2408,2305,-205,4611
2381,2235,2308,146,4616
2580,2367,2473,213,4947
2344,2328,2336,16,4672
2333,2595,2464,-262,4928
2311,2518,2414,-207,4829
2547,2379,2463,168,4926
2344,2547,2445,-203,4891
2304,2370,2337,-66,4674
2214,2451,2332,-237,4665
2256,2368,2312,-112,4624
2471,2343,2407,128,4814
2525,2370,2447,155,4895
2576,2164,2370,412,4740
2342,2522,2432,-180,4864
2352,2542,2447,-190,4894
2386,2523,2454,-137,4909
2399,2319,2359,80,4718
2571,2380,2475,191,4951
2516,2390,2453,126,4906
2535,2302,2418,233,4837
2520,2393,2456,127,4913
2447,2184,2315,263,4631
2309,2533,2421,-224,4842
2437,2482,2459,-45,4919
2559,2141,2350,418,4700
2483,2197,2340,286,4680
2256,2365,2310,-109,4621
2438,2212,2325,226,4650
2567,2423,2495,144,4990
2230,2503,2366,-273,4733
2423,2296,2359,127,4719
2391,2543,2467,-152,4934
2539,2393,2466,146,4932
2344,2469,2406,-125,4813
2356,2406,2381,-50,4762
2377,2309,2343,68,4686
2330,2577,2453,-247,4907
2105,2511,2308,-406,4616
2242,2603,2422,-361,4845
2415,2230,2322,185,4645
2574,2295,2434,279,4869
2467,2185,2326,282,4652
2517,2475,2496,42,4992
2327,2418,2372,-91,4745
2440,2489,2464,-49,4929
2331,2514,2422,-183,4845
2612,2212,2412,400,4824
2393,2239,2316,154,4632
2368,2240,2304,128,4608
2207,2409,2308,-202,4616
2100,2523,2311,-423,4623
2510,2415,2462,95,4925
2201,2435,2318,-234,4636
2554,2412,2483,142,4966
2654,2269,2461,385,4923
2024,2589,2306,-565,4613
2246,2397,2321,-151,4643
2385,2328,2356,57,4713
2473,2499,2486,-26,4972
2286,2467,2376,-181,4753
2439,2362,2400,77,4801
2379,2320,2349,59,4699
2356,2312,2334,44,4668
2394,2448,2421,-54,4842
2493,2441,2467,52,4934
2300,2450,2375,-150,4750
2270,2459,2364,-189,4729
2331,2486,2408,-155,4817
2345,2264,2304,81,4609
2534,2200,2367,334,4734
2241,2427,2334,-186,4668
2450,2423,2436,27,4873
2487,2464,2475,23,4951
2528,2356,2442,172,4884
2581,2239,2410,342,4820
2309,2527,2418,-218,4836
2374,2248,2311,126,4622
2382,2488,2435,-106,4870
2420,2269,2344,151,4689
2496,2483,2489,13,4979
2258,2611,2434,-353,4869
2404,2490,2447,-86,4894
2437,2229,2333,208,4666
2347,2298,2322,49,4645
2391,2471,2431,-80,4862
2328,2455,2391,-127,4783
2375,2469,2422,-94,4844
2295,2374,2334,-79,4669
2487,2196,2341,291,4683
2168,2545,2356,-377,4713
2560,2303,2431,257,4863
2479,2273,2376,206,4752
2337,2545,2441,-208,4882
2402,2387,2394,15,4789
2607,2293,2450,314,4900
2259,2471,2365,-212,4730
2324,2438,2381,-114,4762
2481,2437,2459,44,4918
2311,2554,2432,-243,4865
2611,2313,2462,298,4924
2417,2362,2389,55,4779
2423,2396,2409,27,4819
2386,2296,2341,90,4682
2327,2397,2362,-70,4724
2711,2085,2398,626,4796
2377,2443,2410,-66,4820
2373,2440,2406,-67,4813
2260,2536,2398,-276,4796
2250,2373,2311,-123,4623
2531,2269,2400,262,4800
2392,2529,2460,-137,4921
2460,2363,2411,97,4823
2277,2468,2372,-191,4745
2418,2568,2493,-150,4986
2340,2531,2435,-191,4871
2418,2481,2449,-63,4899
2455,2353,2404,102,4808
2401,2282,2341,119,4683
2368,2442,2405,-74,4810
2423,2285,2354,138,4708
2363,2515,2439,-152,4878
2201,2590,2395,-389,4791
2535,2285,2410,250,4820
2256,2558,2407,-302,4814
2384,2258,2321,126,4642
2280,2368,2324,-88,4648
2412,2447,2429,-35,4859
2301,2501,2401,-200,4802
2359,2506,2432,-147,4865
2305,2482,2393,-177,4787
2383,2534,2458,-151,4917
2276,2381,2328,-105,4657
2359,2481,2420,-122,4840
2371,2498,2434,-127,4869
2287,2316,2301,-29,4603
2517,2429,2473,88,4946
2477,2352,2414,125,4829
2530,2322,2426,208,4852
2449,2540,2494,-91,4989
2500,2298,2399,202,4798
2393,2313,2353,80,4706
2470,2456,2463,14,4926
2474,2509,2491,-35,4983
2491,2474,2482,17,4965
2385,2328,2356,57,4713
2446,2238,2342,208,4684
2413,2287,2350,126,4700
2279,2440,2359,-161,4719
2447,2259,2353,188,4706
2472,2375,2423,97,4847
2308,2589,2448,-281,4897
2339,2417,2378,-78,4756
2478,2203,2340,275,4681
2505,2386,2445,119,4891
2388,2387,2387,1,4775
2535,2404,2469,131,4939
2436,2505,2470,-69,4941
2432,2339,2385,93,4771
2319,2368,2343,-49,4687
2502,2443,2472,59,4945
2112,2493,2302,-381,4605
2462,2498,2480,-36,4960
2512,2279,2395,233,4791
2440,2447,2443,-7,4887
2189,2426,2307,-237,4615
2453,2524,2488,-71,4977
2194,2582,2388,-388,4776
2427,2209,2318,218,4636
2431,2530,2480,-99,4961
2363,2458,2410,-95,4821
2263,2587,2425,-324,4850
2394,2284,2339,110,4678
2282,2377,2329,-95,4659
2440,2248,2344,192,4688
2447,2385,2416,62,4832
2307,2452,2379,-145,4759
2409,2535,2472,-126,4944
2392,2251,2321,141,4643
2521,2256,2388,265,4777
2505,2356,2430,149,4861
2427,2224,2325,203,4651
2216,2580,2398,-364,4796
2217,2650,2433,-433,4867
2313,2362,2337,-49,4675
2411,2376,2393,35,4787
2255,2408,2331,-153,4663
2201,2561,2381,-360,4762
2560,2398,2479,162,4958
2188,2566,2377,-378,4754
2408,2284,2346,124,4692
2526,2409,2467,117,4935
2553,2268,2410,285,4821
2573,2097,2335,476,4670
2361,2501,2431,-140,4862
2485,2263,2374,222,4748
2408,2340,2374,68,4748
2366,2533,2449,-167,4899
2145,2529,2337,-384,4674
2489,2249,2369,240,4738
2430,2538,2484,-108,4968
2370,2307,2338,63,4677
2395,2378,2386,17,4773
2358,2246,2302,112,4604
2343,2498,2420,-155,4841
2555,2377,2466,178,4932
2091,2587,2339,-496,4678
2476,2290,2383,186,4766
2215,2482,2348,-267,4697
2377,2532,2454,-155,4909
2401,2441,2421,-40,4842
2316,2310,2313,6,4626
2403,2277,2340,126,4680
2382,2407,2394,-25,4789
2225,2464,2344,-239,4689
2282,2327,2304,-45,4609
2534,2298,2416,236,4832
2232,2449,2340,-217,4681
2473,2185,2329,288,4658
2439,2327,2383,112,4766
2355,2426,2390,-71,4781
2482,2147,2314,335,4629
2293,2489,2391,-196,4782
2378,2246,2312,132,4624
2551,2328,2439,223,4879
2487,2506,2496,-19,4993
2311,2295,2303,16,4606
2462,2444,2453,18,4906
2351,2348,2349,3,4699
2462,2219,2340,243,4681
2303,2315,2309,-12,4618
2421,2519,2470,-98,4940
2408,2215,2311,193,4623
2296,2344,2320,-48,4640
2438,2291,2364,147,4729
2418,2288,2353,130,4706
2511,2421,2466,90,4932
2449,2314,2381,135,4763
2188,2511,2349,-323,4699
2260,2447,2353,-187,4707
2303,2390,2346,-87,4693
2355,2555,2455,-200,4910
2570,2417,2493,153,4987
2482,2359,2420,123,4841
2221,2392,2306,-171,4613
2392,2495,2443,-103,4887
2404,2477,2440,-73,4881
2505,2333,2419,172,4838
2402,2408,2405,-6,4810
2532,2115,2323,417,4647
2148,2493,2320,-345,4641
2434,2358,2396,76,4792
2113,2509,2311,-396,4622
2332,2381,2356,-49,4713
2355,2558,2456,-203,4913
2638,2245,2441,393,4883
2572,2293,2432,279,4865
2423,2407,2415,16,4830
2375,2243,2309,132,4618
2301,2526,2413,-225,4827
2295,2307,2301,-12,4602
2464,2350,2407,114,4814
2410,2540,2475,-130,4950
2501,2368,2434,133,4869
2434,2239,2336,195,4673
2344,2530,2437,-186,4874
2326,2533,2429,-207,4859
2531,2259,2395,272,4790
2318,2352,2335,-34,4670
2268,2416,2342,-148,4684
2133,2553,2343,-420,4686
2410,2232,2321,178,4642
2327,2409,2368,-82,4736
2713,2243,2478,470,4956
2379,2387,2383,-8,4766
2331,2423,2377,-92,4754
2520,2255,2387,265,4775
2422,2395,2408,27,4817
2393,2536,2464,-143,4929
2447,2282,2364,165,4729
2445,2187,2316,258,4632
2505,2472,2488,33,4977
2448,2227,2337,221,4675
2321,2321,2321,0,4642
2483,2463,2473,20,4946
2325,2333,2329,-8,4658
2181,2487,2334,-306,4668
2383,2507,2445,-124,4890
2323,2425,2374,-102,4748
2526,2361,2443,165,4887
2394,2581,2487,-187,4975
2325,2526,2425,-201,4851
2214,2509,2361,-295,4723
2508,2221,2364,287,4729
2558,2362,2460,196,4920
2491,2338,2414,153,4829
2414,2494,2454,-80,4908
2492,2201,2346,291,4693
2281,2512,2396,-231,4793
2439,2402,2420,37,4841
2391,2501,2446,-110,4892
2492,2429,2460,63,4921
2554,2093,2323,461,4647
2539,2397,2468,142,4936
2254,2494,2374,-240,4748
2479,2225,2352,254,4704
2483,2367,2425,116,4850
2510,2380,2445,130,4890
2411,2211,2311,200,4622
2273,2432,2352,-159,4705
2551,2335,2443,216,4886
2523,2121,2322,402,4644
2273,2350,2311,-77,4623
2470,2248,2359,222,4718
2130,2508,2319,-378,4638
2427,2358,2392,69,4785
2327,2365,2346,-38,4692
2596,2277,2436,319,4873
2514,2410,2462,104,4924
2193,2442,2317,-249,4635
2345,2542,2443,-197,4887
2434,2245,2339,189,4679
2401,2246,2323,155,4647
2442,2244,2343,198,4686
2151,2579,2365,-428,4730
2200,2550,2375,-350,4750
2436,2377,2406,59,4813
2644,2210,2427,434,4854
2368,2532,2450,-164,4900
2644,2154,2399,490,4798
2312,2486,2399,-174,4798
2571,2349,2460,222,4920
2433,2396,2414,37,4829
2321,2351,2336,-30,4672
2221,2587,2404,-366,4808
2298,2625,2461,-327,4923
2404,2201,2302,203,4605
2398,2448,2423,-50,4846
2134,2509,2321,-375,4643
2277,2423,2350,-146,4700
2470,2278,2374,192,4748
2641,2169,2405,472,4810
2163,2579,2371,-416,4742
2287,2354,2320,-67,4641
2494,2207,2350,287,4701
2450,2550,2500,-100,5000
2504,2360,2432,144,4864
2508,2371,2439,137,4879
2115,2517,2316,-402,4632
2138,2567,2352,-429,4705
2379,2239,2309,140,4618
2397,2578,2487,-181,4975
2430,2432,2431,-2,4862
2529,2279,2404,250,4808
2409,2391,2400,18,4800
2222,2397,2309,-175,4619
2355,2273,2314,82,4628
2408,2319,2363,89,4727
2449,2299,2374,150,4748
2295,2505,2400,-210,4800
2313,2476,2394,-163,4789
2409,2304,2356,105,4713
2351,2536,2443,-185,4887
2615,2384,2499,231,4999
2270,2489,2379,-219,4759
2343,2323,2333,20,4666
2295,2454,2374,-159,4749
2486,2182,2334,304,4668
2571,2063,2317,508,4634
2532,2436,2484,96,4968
2394,2256,2325,138,4650
2446,2503,2474,-57,4949
2332,2523,2427,-191,4855
2529,2409,2469,120,4938
2403,2559,2481,-156,4962
2241,2403,2322,-162,4644
2485,2374,2429,111,4859
2517,2477,2497,40,4994
2411,2251,2331,160,4662
2388,2518,2453,-130,4906
2459,2284,2371,175,4743
2506,2396,2451,110,4902
2334,2288,2311,46,4622
2455,2539,2497,-84,4994
2330,2389,2359,-59,4719
2492,2141,2316,351,4633
2386,2297,2341,89,4683
2529,2422,2475,107,4951
2539,2343,2441,196,4882
2536,2358,2447,178,4894
2421,2451,2436,-30,4872
2564,2258,2411,306,4822
2428,2237,2332,191,4665
2353,2468,2410,-115,4821
2323,2565,2444,-242,4888
2447,2498,2472,-51,4945
2182,2483,2332,-301,4665
2558,2324,2441,234,4882
2461,2518,2489,-57,4979
2240,2563,2401,-323,4803
2472,2229,2350,243,4701
2496,2429,2462,67,4925
2366,2308,2337,58,4674
2545,2404,2474,141,4949
2380,2551,2465,-171,4931
2408,2257,2332,151,4665
2606,2341,2473,265,4947
2496,2454,2475,42,4950
2376,2422,2399,-46,4798
2282,2614,2448,-332,4896
2317,2316,2316,1,4633
2577,2215,2396,362,4792
2635,2315,2475,320,4950
2323,2508,2415,-185,4831
2227,2477,2352,-250,4704
2509,2236,2372,273,4745
2428,2346,2387,82,4774
2318,2452,2385,-134,4770
2133,2589,2361,-456,4722
2407,2238,2322,169,4645
2251,2539,2395,-288,4790
2501,2430,2465,71,4931
2423,2257,2340,166,4680
2543,2393,2468,150,4936
2568,2205,2386,363,4773
2330,2598,2464,-268,4928
2346,2493,2419,-147,4839
2253,2443,2348,-190,4696
2557,2373,2465,184,4930
2306,2496,2401,-190,4802
2661,2174,2417,487,4835
2521,2280,2400,241,4801
2427,2487,2457,-60,4914
2466,2356,2411,110,4822
2427,2229,2328,198,4656
2407,2407,2407,0,4814
2510,2425,2467,85,4935
2474,2239,2356,235,4713
2200,2480,2340,-280,4680
2486,2415,2450,71,4901
2439,2282,2360,157,4721
2554,2344,2449,210,4898
2450,2439,2444,11,4889
2365,2273,2319,92,4638
2472,2190,2331,282,4662
2434,2510,2472,-76,4944
2528,2246,2387,282,4774
2200,2562,2381,-362,4762
2258,2391,2324,-133,4649
2469,2310,2389,159,4779
2394,2525,2459,-131,4919
2429,2425,2427,4,4854
2533,2412,2472,121,4945
2326,2365,2345,-39,4691
2211,2528,2369,-317,4739
2267,2369,2318,-102,4636
2192,2560,2376,-368,4752
2481,2351,2416,130,4832
2398,2591,2494,-193,4989
2262,2605,2433,-343,4867
2554,2401,2477,153,4955
2249,2443,2346,-194,4692
2415,2292,2353,123,4707
2361,2565,2463,-204,4926
2330,2571,2450,-241,4901
2349,2554,2451,-205,4903
2588,2175,2381,413,4763
2487,2444,2465,43,4931
2339,2482,2410,-143,4821
2270,2436,2353,-166,4706
2260,2417,2338,-157,4677
2396,2517,2456,-121,4913
2415,2458,2436,-43,4873
2139,2510,2324,-371,4649
2386,2456,2421,-70,4842
2293,2428,2360,-135,4721
2481,2266,2373,215,4747
2255,2472,2363,-217,4727
2147,2601,2374,-454,4748
2359,2375,2367,-16,4734
2520,2229,2374,291,4749
2403,2576,2489,-173,4979
2350,2508,2429,-158,4858
2304,2583,2443,-279,4887
2523,2424,2473,99,4947
2484,2279,2381,205,4763
2158,2529,2343,-371,4687
2567,2407,2487,160,4974
2040,2623,2331,-583,4663
2253,2350,2301,-97,4603
2449,2222,2335,227,4671
2385,2311,2348,74,4696
2536,2093,2314,443,4629
2344,2484,2414,-140,4828
2118,2587,2352,-469,4705
2226,2392,2309,-166,4618
2581,2408,2494,173,4989
2237,2463,2350,-226,4700
2351,2485,2418,-134,4836
2357,2435,2396,-78,4792
2212,2403,2307,-191,4615
2317,2649,2483,-332,4966
2526,2314,2420,212,4840
2549,2375,2462,174,4924
2579,2193,2386,386,4772
2469,2304,2386,165,4773
2448,2552,2500,-104,5000
2436,2559,2497,-123,4995
2425,2422,2423,3,4847
2495,2179,2337,316,4674
2205,2412,2308,-207,4617
2378,2313,2345,65,4691
2431,2401,2416,30,4832
2338,2612,2475,-274,4950
2210,2396,2303,-186,4606
2672,2041,2356,631,4713
2341,2384,2362,-43,4725
2406,2491,2448,-85,4897
2354,2347,2350,7,4701
2521,2288,2404,233,4809
2298,2445,2371,-147,4743
2393,2515,2454,-122,4908
2540,2372,2456,168,4912
2249,2377,2313,-128,4626
2471,2469,2470,2,4940
2392,2402,2397,-10,4794
2215,2637,2426,-422,4852
2298,2319,2308,-21,4617
2404,2273,2338,131,4677
2298,2320,2309,-22,4618
2453,2524,2488,-71,4977
2343,2571,2457,-228,4914
2278,2567,2422,-289,4845
2544,2161,2352,383,4705
2519,2437,2478,82,4956
2203,2480,2341,-277,4683
2561,2304,2432,257,4865
2476,2495,2485,-19,4971
2188,2439,2313,-251,4627
2470,2465,2467,5,4935
2662,1967,2314,695,4629
2334,2488,2411,-154,4822
2486,2200,2343,286,4686
2420,2218,2319,202,4638
2420,2480,2450,-60,4900
2144,2553,2348,-409,4697
2557,2331,2444,226,4888
2153,2557,2355,-404,4710
2340,2359,2349,-19,4699
2226,2619,2422,-393,4845
2182,2715,2448,-533,4897
2358,2250,2304,108,4608
2296,2414,2355,-118,4710
2489,2342,2415,147,4831
2148,2473,2310,-325,4621
2422,2376,2399,46,4798
2135,2475,2305,-340,4610
2338,2346,2342,-8,4684
2473,2157,2315,316,4630
2576,2284,2430,292,4860
2381,2246,2313,135,4627
2419,2335,2377,84,4754
2405,2242,2323,163,4647
2471,2335,2403,136,4806
2521,2294,2407,227,4815
2455,2371,2413,84,4826
2482,2409,2445,73,4891
2383,2356,2369,27,4739
2471,2179,2325,292,4650
2417,2540,2478,-123,4957
2508,2467,2487,41,4975
2269,2369,2319,-100,4638
2418,2454,2436,-36,4872
2312,2436,2374,-124,4748
2426,2232,2329,194,4658
2451,2422,2436,29,4873
2268,2478,2373,-210,4746
2431,2220,2325,211,4651
2414,2274,2344,140,4688
2360,2254,2307,106,4614
2528,2445,2486,83,4973
2406,2445,2425,-39,4851
2672,2165,2418,507,4837
2336,2285,2310,51,4621
2429,2262,2345,167,4691
2333,2415,2374,-82,4748
2489,2282,2385,207,4771
2426,2299,2362,127,4725
2340,2376,2358,-36,4716
2359,2466,2412,-107,4825
2516,2293,2404,223,4809
2357,2520,2438,-163,4877
2445,2362,2403,83,4807
2571,2126,2348,445,4697
2247,2443,2345,-196,4690
2541,2243,2392,298,4784
2574,2311,2442,263,4885
2574,2411,2492,163,4985
2435,2316,2375,119,4751
2499,2407,2453,92,4906
2539,2386,2462,153,4925
2427,2290,2358,137,4717
2353,2411,2382,-58,4764
2320,2526,2423,-206,4846
2462,2482,2472,-20,4944
2575,2235,2405,340,4810
2682,2101,2391,581,4783
2292,2523,2407,-231,4815
2503,2340,2421,163,4843
2558,2067,2312,491,4625
2516,2376,2446,140,4892
2448,2190,2319,258,4638
2162,2670,2416,-508,4832
2451,2376,2413,75,4827
2279,2409,2344,-130,4688
2344,2417,2380,-73,4761
2376,2252,2314,124,4628
2191,2421,2306,-230,4612
2317,2505,2411,-188,4822
2256,2511,2383,-255,4767
2200,2501,2350,-301,4701
2215,2441,2328,-226,4656
2391,2418,2404,-27,4809
2381,2336,2358,45,4717
2565,2432,2498,133,4997
2561,2335,2448,226,4896
2331,2515,2423,-184,4846
2469,2485,2477,-16,4954
2455,2415,2435,40,4870
2399,2231,2315,168,4630
2112,2507,2309,-395,4619
2457,2356,2406,101,4813
2471,2386,2428,85,4857
2258,2440,2349,-182,4698
2249,2412,2330,-163,4661
2345,2577,2461,-232,4922
2530,2225,2377,305,4755
2456,2367,2411,89,4823
2461,2229,2345,232,4690
2545,2090,2317,455,4635
2236,2390,2313,-154,4626
2275,2402,2338,-127,4677
2523,2364,2443,159,4887
2302,2491,2396,-189,4793
2338,2314,2326,24,4652
2287,2373,2330,-86,4660
2542,2107,2324,435,4649
2249,2489,2369,-240,4738
2275,2484,2379,-209,4759
2276,2399,2337,-123,4675
2423,2434,2428,-11,4857
2429,2546,2487,-117,4975
2396,2235,2315,161,4631
2281,2718,2499,-437,4999
2315,2398,2356,-83,4713
2494,2461,2477,33,4955
2253,2482,2367,-229,4735
2539,2326,2432,213,4865
2451,2215,2333,236,4666
2494,2378,2436,116,4872
2439,2180,2309,259,4619
2146,2512,2329,-366,4658
2309,2406,2357,-97,4715
2501,2382,2441,119,4883
2428,2554,2491,-126,4982
2432,2553,2492,-121,4985
2518,2405,2461,113,4923
2526,2369,2447,157,4895
2405,2342,2373,63,4747
2441,2483,2462,-42,4924
2473,2397,2435,76,4870
2423,2227,2325,196,4650
2390,2468,2429,-78,4858
2583,2396,2489,187,4979
2691,2237,2464,454,4928
2250,2493,2371,-243,4743
2407,2549,2478,-142,4956
2293,2400,2346,-107,4693
2247,2450,2348,-203,4697
2404,2543,2473,-139,4947
2608,2060,2334,548,4668
2415,2472,2443,-57,4887
2338,2581,2459,-243,4919
2499,2249,2374,250,4748
2494,2370,2432,124,4864
2495,2401,2448,94,4896
2384,2495,2439,-111,4879
2227,2411,2319,-184,4638
2475,2182,2328,293,4657
2524,2257,2390,267,4781
2310,2443,2376,-133,4753
2283,2430,2356,-147,4713
2416,2254,2335,162,4670
2297,2446,2371,-149,4743
2525,2274,2399,251,4799
2417,2228,2322,189,4645
2345,2569,2457,-224,4914
2385,2312,2348,73,4697
2533,2266,2399,267,4799
2522,2247,2384,275,4769
2349,2366,2357,-17,4715
2278,2325,2301,-47,4603
2600,2359,2479,241,4959
2446,2370,2408,76,4816
2401,2433,2417,-32,4834
2300,2528,2414,-228,4828
2213,2480,2346,-267,4693
2369,2480,2424,-111,4849
2492,2134,2313,358,4626
2267,2440,2353,-173,4707
2491,2291,2391,200,4782
2259,2410,2334,-151,4669
2525,2420,2472,105,4945
2455,2278,2366,177,4733
2433,2242,2337,191,4675
2399,2245,2322,154,4644
2531,2336,2433,195,4867
2307,2303,2305,4,4610
2509,2434,2471,75,4943
2461,2426,2443,35,4887
2268,2537,2402,-269,4805
2445,2433,2439,12,4878
2638,2244,2441,394,4882
2365,2604,2484,-239,4969
2180,2475,2327,-295,4655
2422,2247,2334,175,4669
2178,2464,2321,-286,4642
2304,2505,2404,-201,4809
2573,2320,2446,253,4893
2466,2299,2382,167,4765
2386,2518,2452,-132,4904
2391,2408,2399,-17,4799
2545,2377,2461,168,4922
2391,2245,2318,146,4636
2447,2320,2383,127,4767
2509,2467,2488,42,4976
2557,2092,2324,465,4649
2431,2173,2302,258,4604
2424,2363,2393,61,4787
2454,2376,2415,78,4830
2639,2144,2391,495,4783
2492,2486,2489,6,4978
2361,2455,2408,-94,4816
2365,2558,2461,-193,4923
2497,2447,2472,50,4944
2300,2362,2331,-62,4662
2558,2244,2401,314,4802
2476,2239,2357,237,4715
2555,2378,2466,177,4933
2360,2327,2343,33,4687
2357,2273,2315,84,4630
2432,2279,2355,153,4711
2487,2470,2478,17,4957
2495,2439,2467,56,4934
2380,2223,2301,157,4603
2381,2290,2335,91,4671
2347,2559,2453,-212,4906
2534,2291,2412,243,4825
2549,2424,2486,125,4973
2243,2441,2342,-198,4684
2519,2199,2359,320,4718
2450,2314,2382,136,4764
2360,2381,2370,-21,4741
2377,2293,2335,84,4670
2223,2450,2336,-227,4673
2488,2388,2438,100,4876
2258,2472,2365,-214,4730
2354,2265,2309,89,4619
2500,2459,2479,41,4959
2341,2288,2314,53,4629
2370,2379,2374,-9,4749
2573,2351,2462,222,4924
2387,2434,2410,-47,4821
2221,2449,2335,-228,4670
2470,2384,2427,86,4854
2436,2539,2487,-103,4975
2244,2401,2322,-157,4645
2567,2179,2373,388,4746
2468,2330,2399,138,4798
2563,2429,2496,134,4992
2363,2451,2407,-88,4814
2441,2536,2488,-95,4977
2495,2499,2497,-4,4994
2552,2247,2399,305,4799
2210,2451,2330,-241,4661
2242,2488,2365,-246,4730
2570,2417,2493,153,4987
2423,2300,2361,123,4723
2642,2307,2474,335,4949
2346,2285,2315,61,4631
2325,2520,2422,-195,4845
2568,2398,2483,170,4966
2205,2415,2310,-210,4620
2452,2537,2494,-85,4989
2449,2399,2424,50,4848
2413,2415,2414,-2,4828
2451,2276,2363,175,4727
2382,2377,2379,5,4759
2430,2291,2360,139,4721
2347,2288,2317,59,4635
2345,2418,2381,-73,4763
2156,2545,2350,-389,4701
2402,2482,2442,-80,4884
2481,2395,2438,86,4876
2335,2356,2345,-21,4691
2290,2603,2446,-313,4893
2360,2356,2358,4,4716
2264,2346,2305,-82,4610
2122,2506,2314,-384,4628
2586,2323,2454,263,4909
2388,2410,2399,-22,4798
1996,2615,2305,-619,4611
2537,2404,2470,133,4941
2312,2506,2409,-194,4818
2341,2328,2334,13,4669
2242,2406,2324,-164,4648
2198,2437,2317,-239,4635
2256,2469,2362,-213,4725
2353,2295,2324,58,4648
2279,2410,2344,-131,4689
2485,2271,2378,214,4756
2491,2372,2431,119,4863
2383,2476,2429,-93,4859
2483,2457,2470,26,4940
2286,2337,2311,-51,4623
2618,2097,2357,521,4715
2397,2389,2393,8,4786
2514,2303,2408,211,4817
2467,2421,2444,46,4888
2531,2283,2407,248,4814
2376,2450,2413,-74,4826
2209,2501,2355,-292,4710
2490,2420,2455,70,4910
2288,2335,2311,-47,4623
2384,2352,2368,32,4736
2466,2472,2469,-6,4938
2476,2353,2414,123,4829
2440,2254,2347,186,4694
2437,2421,2429,16,4858
2532,2124,2328,408,4656
2369,2471,2420,-102,4840
2537,2229,2383,308,4766
2431,2481,2456,-50,4912
2260,2399,2329,-139,4659
2337,2414,2375,-77,4751
2273,2478,2375,-205,4751
2477,2461,2469,16,4938
2560,2230,2395,330,4790
2587,2244,2415,343,4831
2358,2384,2371,-26,4742
2305,2477,2391,-172,4782
2401,2504,2452,-103,4905
2332,2299,2315,33,4631
2515,2354,2434,161,4869
2421,2578,2499,-157,4999
2199,2437,2318,-238,4636
2235,2437,2336,-202,4672
2182,2491,2336,-309,4673
2333,2538,2435,-205,4871
2368,2506,2437,-138,4874
2217,2439,2328,-222,4656
2283,2564,2423,-281,4847
2285,2414,2349,-129,4699
2321,2511,2416,-190,4832
2263,2539,2401,-276,4802
2214,2608,2411,-394,4822
2342,2412,2377,-70,4754
2492,2282,2387,210,4774
2572,2257,2414,315,4829
2320,2385,2352,-65,4705
2429,2544,2486,-115,4973
2194,2579,2386,-385,4773
2456,2484,2470,-28,4940
2429,2447,2438,-18,4876
2205,2573,2389,-368,4778
2321,2550,2435,-229,4871
2317,2285,2301,32,4602
2347,2455,2401,-108,4802
2403,2233,2318,170,4636
2526,2313,2419,213,4839
2627,2291,2459,336,4918
2251,2490,2370,-239,4741
2352,2355,2353,-3,4707
2381,2449,2415,-68,4830
2404,2214,2309,190,4618
2426,2458,2442,-32,4884
2450,2535,2492,-85,4985
2549,2411,2480,138,4960
2499,2232,2365,267,4731
2426,2543,2484,-117,4969
2310,2495,2402,-185,4805
2226,2404,2315,-178,4630
2281,2479,2380,-198,4760
2131,2521,2326,-390,4652
2224,2394,2309,-170,4618
2386,2314,2350,72,4700
2441,2470,2455,-29,4911
2657,1988,2322,669,4645
2425,2575,2500,-150,5000
2466,2423,2444,43,4889
2165,2470,2317,-305,4635
2429,2386,2407,43,4815
2419,2562,2490,-143,4981
2349,2461,2405,-112,4810
2301,2498,2399,-197,4799
2399,2305,2352,94,4704
2480,2484,2482,-4,4964
2400,2484,2442,-84,4884
2409,2399,2404,10,4808
2342,2559,2450,-217,4901
2455,2285,2370,170,4740
2486,2242,2364,244,4728
2320,2472,2396,-152,4792
2302,2537,2419,-235,4839
2383,2560,2471,-177,4943
2409,2587,2498,-178,4996
2429,2289,2359,140,4718
2315,2376,2345,-61,4691
2488,2310,2399,178,4798
2354,2530,2442,-176,4884
2458,2521,2489,-63,4979
2326,2387,2356,-61,4713
2280,2390,2335,-110,4670
2361,2377,2369,-16,4738
2602,2068,2335,534,4670
2195,2586,2390,-391,4781
2487,2252,2369,235,4739
2404,2239,2321,165,4643
2440,2174,2307,266,4614
2443,2521,2482,-78,4964
2247,2567,2407,-320,4814
2476,2344,2410,132,4820
2406,2202,2304,204,4608
2368,2418,2393,-50,4786
2221,2557,2389,-336,4778
2165,2489,2327,-324,4654
2413,2249,2331,164,4662
2276,2628,2452,-352,4904
2376,2360,2368,16,4736
2291,2412,2351,-121,4703
2438,2182,2310,256,4620
2179,2484,2331,-305,4663
2366,2313,2339,53,4679
2410,2429,2419,-19,4839
2509,2248,2378,261,4757
2486,2389,2437,97,4875
2365,2249,2307,116,4614
2295,2494,2394,-199,4789
2311,2512,2411,-201,4823
2469,2400,2434,69,4869
2391,2231,2311,160,4622
2378,2579,2478,-201,4957
2348,2318,2333,30,4666
2552,2378,2465,174,4930
2209,2458,2333,-249,4667
2285,2632,2458,-347,4917
2601,2306,2453,295,4907
2330,2545,2437,-215,4875
2457,2396,2426,61,4853
2375,2509,2442,-134,4884
2482,2221,2351,261,4703
2271,2386,2328,-115,4657
2180,2539,2359,-359,4719
2554,2318,2436,236,4872
2579,2063,2321,516,4642
2677,2140,2408,537,4817
2508,2435,2471,73,4943
2416,2379,2397,37,4795
2359,2498,2428,-139,4857
2417,2363,2390,54,4780
2472,2432,2452,40,4904
2392,2362,2377,30,4754
2370,2460,2415,-90,4830
2216,2412,2314,-196,4628
2288,2645,2466,-357,4933
2553,2431,2492,122,4984
2444,2258,2351,186,4702
2404,2454,2429,-50,4858
2279,2638,2458,-359,4917
2474,2307,2390,167,4781
2536,2361,2448,175,4897
2544,2380,2462,164,4924
2602,2029,2315,573,4631
2303,2376,2339,-73,4679
2575,2304,2439,271,4879
2220,2620,2420,-400,4840
2670,2185,2427,485,4855
2505,2263,2384,242,4768
2338,2334,2336,4,4672
2443,2438,2440,5,4881
2205,2401,2303,-196,4606
2456,2390,2423,66,4846
2381,2514,2447,-133,4895
2562,2353,2457,209,4915
2620,2380,2500,240,5000
2387,2435,2411,-48,4822
2391,2471,2431,-80,4862
2433,2199,2316,234,4632
2033,2711,2372,-678,4744
2451,2278,2364,173,4729
2408,2238,2323,170,4646
2518,2342,2430,176,4860
2264,2425,2344,-161,4689
2358,2526,2442,-168,4884
2531,2400,2465,131,4931
2407,2343,2375,64,4750
2532,2373,2452,159,4905
2554,2444,2499,110,4998
2581,2299,2440,282,4880
2482,2277,2379,205,4759
2414,2267,2340,147,4681
2370,2471,2420,-101,4841
2434,2193,2313,241,4627
2389,2366,2377,23,4755
2239,2398,2318,-159,4637
2616,2340,2478,276,4956
2460,2202,2331,258,4662
2509,2174,2341,335,4683
2549,2250,2399,299,4799
2580,2314,2447,266,4894
2372,2559,2465,-187,4931
2363,2448,2405,-85,4811
2506,2239,2372,267,4745
2230,2375,2302,-145,4605
2449,2323,2386,126,4772
2511,2377,2444,134,4888
2468,2491,2479,-23,4959
2351,2571,2461,-220,4922
2348,2359,2353,-11,4707
2224,2456,2340,-232,4680
2257,2367,2312,-110,4624
2255,2451,2353,-196,4706
2485,2507,2496,-22,4992
2512,2477,2494,35,4989
2380,2564,2472,-184,4944
2477,2207,2342,270,4684
2460,2457,2458,3,4917
2222,2402,2312,-180,4624
2235,2390,2312,-155,4625
2390,2370,2380,20,4760
2420,2343,2381,77,4763
2416,2449,2432,-33,4865
2453,2437,2445,16,4890
2326,2523,2424,-197,4849
2473,2172,2322,301,4645
2203,2534,2368,-331,4737
2534,2387,2460,147,4921
2321,2501,2411,-180,4822
2407,2378,2392,29,4785
2508,2202,2355,306,4710
2506,2390,2448,116,4896
2429,2219,2324,210,4648
2308,2352,2330,-44,4660
2520,2213,2366,307,4733
2581,2288,2434,293,4869
2131,2610,2370,-479,4741
2444,2221,2332,223,4665
2386,2255,2320,131,4641
2308,2349,2328,-41,4657
2409,2378,2393,31,4787
2334,2339,2336,-5,4673
2462,2528,2495,-66,4990
2629,2336,2482,293,4965
2562,2185,2373,377,4747
2086,2571,2328,-485,4657
2443,2368,2405,75,4811
2421,2570,2495,-149,4991
2483,2480,2481,3,4963
2387,2219,2303,168,4606
2447,2520,2483,-73,4967
2374,2521,2447,-147,4895
2341,2321,2331,20,4662
2458,2308,2383,150,4766
2577,2191,2384,386,4768
2373,2592,2482,-219,4965
2340,2321,2330,19,4661
2418,2427,2422,-9,4845
2503,2241,2372,262,4744
2406,2207,2306,199,4613
2403,2580,2491,-177,4983
2267,2570,2418,-303,4837
2327,2308,2317,19,4635
2374,2322,2348,52,4696
2528,2438,2483,90,4966
2223,2439,2331,-216,4662
2339,2322,2330,17,4661
2521,2285,2403,236,4806
2287,2411,2349,-124,4698
2176,2435,2305,-259,4611
2525,2394,2459,131,4919
2493,2448,2470,45,4941
2356,2491,2423,-135,4847
2216,2414,2315,-198,4630
2551,2401,2476,150,4952
2294,2434,2364,-140,4728
2250,2392,2321,-142,4642
2564,2424,2494,140,4988
2551,2437,2494,114,4988
2521,2218,2369,303,4739
2231,2373,2302,-142,4604
2471,2312,2391,159,4783
2384,2265,2324,119,4649
2482,2502,2492,-20,4984
2442,2309,2375,133,4751
2399,2227,2313,172,4626
2186,2447,2316,-261,4633
2378,2592,2485,-214,4970
2524,2307,2415,217,4831
2460,2172,2316,288,4632
2557,2178,2367,379,4735
2255,2436,2345,-181,4691
2455,2296,2375,159,4751
2382,2599,2490,-217,4981
2513,2438,2475,75,4951
2304,2454,2379,-150,4758
2448,2377,2412,71,4825
2652,2291,2471,361,4943
2252,2508,2380,-256,4760
2419,2488,2453,-69,4907
2479,2280,2379,199,4759
2559,2326,2442,233,4885
2520,2392,2456,128,4912
2277,2397,2337,-120,4674
2456,2495,2475,-39,4951
2305,2545,2425,-240,4850
2516,2381,2448,135,4897
2525,2367,2446,158,4892
2293,2516,2404,-223,4809
2186,2600,2393,-414,4786
2334,2304,2319,30,4638
2548,2408,2478,140,4956
2368,2345,2356,23,4713
2469,2496,2482,-27,4965
2422,2259,2340,163,4681
2292,2441,2366,-149,4733
2362,2515,2438,-153,4877
2512,2402,2457,110,4914
2308,2460,2384,-152,4768
2495,2416,2455,79,4911
2196,2511,2353,-315,4707
2460,2494,2477,-34,4954
2526,2384,2455,142,4910
2449,2383,2416,66,4832
2320,2471,2395,-151,4791
2552,2342,2447,210,4894
2391,2375,2383,16,4766
2516,2323,2419,193,4839
2386,2462,2424,-76,4848
2346,2431,2388,-85,4777
2364,2350,2357,14,4714
2291,2421,2356,-130,4712
2621,2150,2385,471,4771
2487,2373,2430,114,4860
2217,2557,2387,-340,4774
2068,2596,2332,-528,4664
2539,2268,2403,271,4807
2254,2410,2332,-156,4664
2525,2122,2323,403,4647
2664,2229,2446,435,4893
2426,2233,2329,193,4659
2463,2337,2400,126,4800
2263,2404,2333,-141,4667
2540,2424,2482,116,4964
2446,2288,2367,158,4734
2382,2512,2447,-130,4894
2419,2287,2353,132,4706
2516,2401,2458,115,4917
2586,2415,2500,171,5001
2339,2457,2398,-118,4796
2460,2290,2375,170,4750
2429,2566,2497,-137,4995
2443,2252,2347,191,4695
2506,2356,2431,150,4862
2339,2563,2451,-224,4902
2311,2295,2303,16,4606
2298,2318,2308,-20,4616
2400,2549,2474,-149,4949
2234,2500,2367,-266,4734
2290,2501,2395,-211,4791
2273,2435,2354,-162,4708
2487,2248,2367,239,4735
2512,2368,2440,144,4880
2430,2546,2488,-116,4976
2535,2147,2341,388,4682
2463,2213,2338,250,4676
2501,2245,2373,256,4746
2419,2352,2385,67,4771
2277,2482,2379,-205,4759
2113,2535,2324,-422,4648
2459,2394,2426,65,4853
2434,2200,2317,234,4634
2171,2492,2331,-321,4663
2342,2483,2412,-141,4825
2355,2373,2364,-18,4728
2492,2257,2374,235,4749
2235,2368,2301,-133,4603
2207,2428,2317,-221,4635
2323,2553,2438,-230,4876
2153,2478,2315,-325,4631
2264,2503,2383,-239,4767
2499,2274,2386,225,4773
2400,2315,2357,85,4715
2378,2377,2377,1,4755
2376,2396,2386,-20,4772
2679,2196,2437,483,4875
2362,2354,2358,8,4716
2395,2508,2451,-113,4903
2430,2275,2352,155,4705
2430,2506,2468,-76,4936
2314,2542,2428,-228,4856
2393,2345,2369,48,4738
2496,2142,2319,354,4638
2212,2489,2350,-277,4701
2241,2367,2304,-126,4608
2546,2143,2344,403,4689
2437,2351,2394,86,4788
2215,2470,2342,-255,4685
2410,2216,2313,194,4626
2549,2301,2425,248,4850
2351,2387,2369,-36,4738
2271,2348,2309,-77,4619
2413,2417,2415,-4,4830
2354,2561,2457,-207,4915
2256,2429,2342,-173,4685
2379,2358,2368,21,4737
2557,2382,2469,175,4939
2199,2518,2358,-319,4717
2425,2256,2340,169,4681
2434,2558,2496,-124,4992
2246,2401,2323,-155,4647
2336,2579,2457,-243,4915
2551,2332,2441,219,4883
2351,2363,2357,-12,4714
2366,2239,2302,127,4605
2368,2604,2486,-236,4972
2423,2224,2323,199,4647
2421,2268,2344,153,4689
2422,2351,2386,71,4773
2450,2394,2422,56,4844
2474,2223,2348,251,4697
2538,2307,2422,231,4845
2359,2276,2317,83,4635
2281,2423,2352,-142,4704
2371,2509,2440,-138,4880
2496,2196,2346,300,4692
2323,2415,2369,-92,4738
2425,2477,2451,-52,4902
2368,2304,2336,64,4672
2554,2287,2420,267,4841
2443,2370,2406,73,4813
2395,2392,2393,3,4787
2458,2499,2478,-41,4957
2374,2365,2369,9,4739
2381,2500,2440,-119,4881
2295,2451,2373,-156,4746
2291,2409,2350,-118,4700
2269,2469,2369,-200,4738
2276,2622,2449,-346,4898
2460,2525,2492,-65,4985
2541,2456,2498,85,4997
2463,2495,2479,-32,4958
2471,2336,2403,135,4807
2538,2367,2452,171,4905
2504,2306,2405,198,4810
2514,2318,2416,196,4832
2598,2335,2466,263,4933
2270,2375,2322,-105,4645
2591,2230,2410,361,4821
2215,2445,2330,-230,4660
2449,2315,2382,134,4764
2401,2306,2353,95,4707
2464,2509,2486,-45,4973
2229,2406,2317,-177,4635
2189,2447,2318,-258,4636
2277,2650,2463,-373,4927
2444,2510,2477,-66,4954
2287,2487,2387,-200,4774
2206,2495,2350,-289,4701
2427,2564,2495,-137,4991
2323,2461,2392,-138,4784
2506,2195,2350,311,4701
2380,2314,2347,66,4694
2497,2447,2472,50,4944
2172,2617,2394,-445,4789
2482,2276,2379,206,4758
2473,2407,2440,66,4880
2381,2509,2445,-128,4890
2416,2382,2399,34,4798
2460,2278,2369,182,4738
2645,2318,2481,327,4963
2515,2450,2482,65,4965
2529,2417,2473,112,4946
2508,2408,2458,100,4916
2517,2294,2405,223,4811
2556,2249,2402,307,4805
2443,2416,2429,27,4859
2587,2405,2496,182,4992
2227,2388,2307,-161,4615
2548,2410,2479,138,4958
2354,2419,2386,-65,4773
2454,2183,2318,271,4637
2361,2360,2360,1,4721
2317,2365,2341,-48,4682
2364,2508,2436,-144,4872
2408,2281,2344,127,4689
2486,2452,2469,34,4938
2244,2404,2324,-160,4648
2515,2418,2466,97,4933
2417,2581,2499,-164,4998
2515,2277,2396,238,4792
2303,2503,2403,-200,4806
2355,2465,2410,-110,4820
2189,2451,2320,-262,4640
2303,2509,2406,-206,4812
2683,2248,2465,435,4931
2257,2496,2376,-239,4753
2406,2260,2333,146,4666
2477,2301,2389,176,4778
2527,2218,2372,309,4745
2518,2253,2385,265,4771
2415,2203,2309,212,4618
2369,2453,2411,-84,4822
2490,2209,2349,281,4699
2473,2364,2418,109,4837
2327,2449,2388,-122,4776
2279,2641,2460,-362,4920
2386,2456,2421,-70,4842
2350,2262,2306,88,4612
2340,2330,2335,10,4670
2276,2395,2335,-119,4671
2400,2277,2338,123,4677
2427,2511,2469,-84,4938
2586,2383,2484,203,4969
2339,2536,2437,-197,4875
2511,2104,2307,407,4615
2586,2242,2414,344,4828
2498,2271,2384,227,4769
2608,2391,2499,217,4999
2557,2387,2472,170,4944
2393,2564,2478,-171,4957
2494,2216,2355,278,4710
2448,2388,2418,60,4836
2565,2204,2384,361,4769
2310,2640,2475,-330,4950
2257,2364,2310,-107,4621
2520,2125,2322,395,4645
2491,2427,2459,64,4918
2339,2430,2384,-91,4769
2291,2556,2423,-265,4847
2486,2232,2359,254,4718
2319,2527,2423,-208,4846
2531,2354,2442,177,4885
2206,2470,2338,-264,4676
2375,2375,2375,0,4750
2539,2300,2419,239,4839
2635,2130,2382,505,4765
2205,2415,2310,-210,4620
2413,2198,2305,215,4611
2343,2396,2369,-53,4739
2268,2532,2400,-264,4800
2426,2463,2444,-37,4889
2379,2325,2352,54,4704
2465,2514,2489,-49,4979
2425,2295,2360,130,4720
2469,2364,2416,105,4833
2451,2395,2423,56,4846
2196,2663,2429,-467,4859
2348,2272,2310,76,4620
2350,2583,2466,-233,4933
2313,2313,2313,0,4626
2361,2262,2311,99,4623
2569,2426,2497,143,4995
2264,2502,2383,-238,4766
2412,2457,2434,-45,4869
2190,2465,2327,-275,4655
2262,2450,2356,-188,4712
2571,2384,2477,187,4955
2028,2635,2331,-607,4663
2296,2450,2373,-154,4746
2332,2369,2350,-37,4701
2523,2093,2308,430,4616
2312,2497,2404,-185,4809
2428,2416,2422,12,4844
2326,2296,2311,30,4622
2547,2419,2483,128,4966
2273,2554,2413,-281,4827
2312,2554,2433,-242,4866
2436,2426,2431,10,4862
2354,2381,2367,-27,4735
2334,2425,2379,-91,4759
2577,2339,2458,238,4916
2227,2487,2357,-260,4714
2419,2455,2437,-36,4874
2209,2411,2310,-202,4620
2489,2188,2338,301,4677
2371,2451,2411,-80,4822
2263,2535,2399,-272,4798
2338,2445,2391,-107,4783
2465,2301,2383,164,4766
2358,2260,2309,98,4618
2486,2430,2458,56,4916
2308,2421,2364,-113,4729
2434,2277,2355,157,4711
2661,1972,2316,689,4633
2472,2166,2319,306,4638
2508,2321,2414,187,4829
2365,2409,2387,-44,4774
2285,2422,2353,-137,4707
2287,2448,2367,-161,4735
2215,2460,2337,-245,4675
2626,2371,2498,255,4997
2463,2264,2363,199,4727
2434,2482,2458,-48,4916
2297,2473,2385,-176,4770
2211,2626,2418,-415,4837
2493,2429,2461,64,4922
2262,2483,2372,-221,4745
2356,2468,2412,-112,4824
2560,2295,2427,265,4855
2430,2435,2432,-5,4865
2619,2370,2494,249,4989
2488,2222,2355,266,4710
2261,2370,2315,-109,4631
2326,2481,2403,-155,4807
2261,2392,2326,-131,4653
2590,2168,2379,422,4758
2384,2513,2448,-129,4897
2512,2188,2350,324,4700
2361,2617,2489,-256,4978
2300,2442,2371,-142,4742
2345,2257,2301,88,4602
2408,2236,2322,172,4644
2216,2505,2360,-289,4721
2371,2507,2439,-136,4878
2336,2482,2409,-146,4818
2243,2386,2314,-143,4629
2545,2442,2493,103,4987
2482,2343,2412,139,4825
2226,2433,2329,-207,4659
2424,2328,2376,96,4752
2340,2559,2449,-219,4899
2310,2416,2363,-106,4726
2409,2494,2451,-85,4903
2543,2355,2449,188,4898
2295,2392,2343,-97,4687
2491,2293,2392,198,4784
2450,2199,2324,251,4649
2572,2429,2500,143,5001
2377,2344,2360,33,4721
2585,2374,2479,211,4959
2255,2432,2343,-177,4687
2383,2570,2476,-187,4953
2308,2477,2392,-169,4785
2435,2450,2442,-15,4885
2222,2406,2314,-184,4628
2519,2282,2400,237,4801
2481,2445,2463,36,4926
2476,2447,2461,29,4923
2391,2547,2469,-156,4938
2380,2233,2306,147,4613
2347,2608,2477,-261,4955
2376,2236,2306,140,4612
2512,2414,2463,98,4926
2363,2418,2390,-55,4781
2367,2460,2413,-93,4827
2330,2424,2377,-94,4754
2321,2454,2387,-133,4775
2241,2594,2417,-353,4835
2491,2331,2411,160,4822
2534,2350,2442,184,4884
2378,2437,2407,-59,4815
2575,2270,2422,305,4845
2491,2335,2413,156,4826
2511,2335,2423,176,4846
2358,2361,2359,-3,4719
2544,2059,2301,485,4603
2338,2449,2393,-111,4787
2124,2507,2315,-383,4631
2109,2551,2330,-442,4660
2239,2505,2372,-266,4744
2473,2490,2481,-17,4963
2547,2291,2419,256,4838
2518,2268,2393,250,4786
2283,2441,2362,-158,4724
2282,2582,2432,-300,4864
2518,2456,2487,62,4974
2422,2247,2334,175,4669
2345,2522,2433,-177,4867
2358,2458,2408,-100,4816
2386,2609,2497,-223,4995
2579,2266,2422,313,4845
2267,2373,2320,-106,4640
2254,2389,2321,-135,4643
2543,2264,2403,279,4807
2452,2524,2488,-72,4976
2333,2401,2367,-68,4734
2340,2470,2405,-130,4810
2449,2425,2437,24,4874
2010,2597,2303,-587,4607
2313,2593,2453,-280,4906
2383,2323,2353,60,4706
2475,2325,2400,150,4800
2350,2506,2428,-156,4856
2547,2377,2462,170,4924
2552,2378,2465,174,4930
2487,2208,2347,279,4695
2480,2368,2424,112,4848
2505,2269,2387,236,4774
2313,2547,2430,-234,4860
2670,2132,2401,538,4802
2231,2385,2308,-154,4616
2473,2372,2422,101,4845
2448,2507,2477,-59,4955
2353,2600,2476,-247,4953
2481,2519,2500,-38,5000
2214,2443,2328,-229,4657
2357,2354,2355,3,4711
2477,2347,2412,130,4824
2435,2351,2393,84,4786
2460,2162,2311,298,4622
2493,2251,2372,242,4744
2414,2246,2330,168,4660
2559,2438,2498,121,4997
2277,2410,2343,-133,4687
2415,2224,2319,191,4639
2190,2449,2319,-259,4639
2431,2380,2405,51,4811
2344,2521,2432,-177,4865
2606,2382,2494,224,4988
2554,2174,2364,380,4728
2278,2500,2389,-222,4778
2409,2241,2325,168,4650
2309,2457,2383,-148,4766
2524,2461,2492,63,4985
2568,2357,2462,211,4925
2455,2283,2369,172,4738
2442,2469,2455,-27,4911
2293,2430,2361,-137,4723
2519,2314,2416,205,4833
2628,2105,2366,523,4733
2302,2436,2369,-134,4738
2549,2427,2488,122,4976
2573,2250,2411,323,4823
2453,2503,2478,-50,4956
2296,2443,2369,-147,4739
2503,2446,2474,57,4949
2493,2368,2430,125,4861
2515,2275,2395,240,4790
2480,2225,2352,255,4705
2344,2366,2355,-22,4710
2344,2526,2435,-182,4870
2078,2573,2325,-495,4651
2411,2336,2373,75,4747
2428,2282,2355,146,4710
2429,2319,2374,110,4748
2133,2589,2361,-456,4722
2437,2395,2416,42,4832
2536,2375,2455,161,4911
2484,2241,2362,243,4725
2477,2258,2367,219,4735
2536,2389,2462,147,4925
2510,2198,2354,312,4708
2249,2379,2314,-130,4628
2518,2293,2405,225,4811
2429,2198,2313,231,4627
2526,2422,2474,104,4948
2564,2065,2314,499,4629
2547,2452,2499,95,4999
2320,2405,2362,-85,4725
2387,2253,2320,134,4640
2222,2531,2376,-309,4753
2224,2523,2373,-299,4747
2518,2393,2455,125,4911
2378,2598,2488,-220,4976
2157,2666,2411,-509,4823
2501,2443,2472,58,4944
2289,2490,2389,-201,4779
2301,2525,2413,-224,4826
2348,2340,2344,8,4688
2454,2409,2431,45,4863
2366,2437,2401,-71,4803
2333,2461,2397,-128,4794
2433,2220,2326,213,4653
2271,2343,2307,-72,4614
2247,2418,2332,-171,4665
2635,2072,2353,563,4707
2452,2501,2476,-49,4953
2360,2263,2311,97,4623
2471,2253,2362,218,4724
2538,2366,2452,172,4904
2074,2656,2365,-582,4730
2499,2220,2359,279,4719
2411,2459,2435,-48,4870
2438,2374,2406,64,4812
2572,2393,2482,179,4965
2626,2277,2451,349,4903
2523,2390,2456,133,4913
2514,2405,2459,109,4919
2495,2471,2483,24,4966
2480,2350,2415,130,4830
2351,2360,2355,-9,4711
2350,2462,2406,-112,4812
2535,2447,2491,88,4982
2308,2448,2378,-140,4756
2205,2448,2326,-243,4653
2462,2429,2445,33,4891
2383,2476,2429,-93,4859
2344,2473,2408,-129,4817
2375,2495,2435,-120,4870
2239,2469,2354,-230,4708
2409,2477,2443,-68,4886
2236,2434,2335,-198,4670
2252,2475,2363,-223,4727
2308,2591,2449,-283,4899
2393,2263,2328,130,4656
2595,2268,2431,327,4863
2207,2588,2397,-381,4795
2313,2292,2302,21,4605
2381,2346,2363,35,4727
2352,2303,2327,49,4655
2226,2411,2318,-185,4637
2079,2533,2306,-454,4612
2566,2365,2465,201,4931
2525,2091,2308,434,4616
2312,2414,2363,-102,4726
2368,2429,2398,-61,4797
2455,2487,2471,-32,4942
2172,2557,2364,-385,4729
2468,2345,2406,123,4813
2152,2520,2336,-368,4672
2494,2307,2400,187,4801
2433,2530,2481,-97,4963
2548,2412,2480,136,4960
2410,2572,2491,-162,4982
2176,2426,2301,-250,4602
2315,2534,2424,-219,4849
2302,2320,2311,-18,4622
2322,2414,2368,-92,4736
2285,2428,2356,-143,4713
2590,2390,2490,200,4980
2342,2261,2301,81,4603
2366,2269,2317,97,4635
2343,2268,2305,75,4611
2423,2508,2465,-85,4931
2395,2517,2456,-122,4912
2407,2346,2376,61,4753
2438,2265,2351,173,4703
2294,2581,2437,-287,4875
2406,2474,2440,-68,4880
2425,2353,2389,72,4778
2239,2416,2327,-177,4655
2458,2312,2385,146,4770
2415,2220,2317,195,4635
2462,2302,2382,160,4764
2461,2443,2452,18,4904
2312,2420,2366,-108,4732
2476,2516,2496,-40,4992
2344,2503,2423,-159,4847
2502,2255,2378,247,4757
2268,2336,2302,-68,4604
2164,2453,2308,-289,4617
2353,2394,2373,-41,4747
2607,2377,2492,230,4984
2483,2514,2498,-31,4997
2489,2412,2450,77,4901
2486,2490,2488,-4,4976
2505,2397,2451,108,4902
2536,2449,2492,87,4985
2247,2489,2368,-242,4736
2311,2492,2401,-181,4803
2315,2436,2375,-121,4751
2594,2199,2396,395,4793
2046,2595,2320,-549,4641
2450,2298,2374,152,4748
2450,2250,2350,200,4700
2587,2278,2432,309,4865
2535,2320,2427,215,4855
2430,2511,2470,-81,4941
2251,2599,2425,-348,4850
2480,2191,2335,289,4671
2279,2365,2322,-86,4644
2336,2540,2438,-204,4876
2244,2459,2351,-215,4703
2587,2198,2392,389,4785
2417,2572,2494,-155,4989
2439,2408,2423,31,4847
2462,2148,2305,314,4610
2239,2409,2324,-170,4648
2674,2202,2438,472,4876
2490,2304,2397,186,4794
2385,2297,2341,88,4682
2284,2424,2354,-140,4708
2418,2505,2461,-87,4923
2691,2227,2459,464,4918
2409,2451,2430,-42,4860
2456,2170,2313,286,4626
2469,2511,2490,-42,4980
2504,2489,2496,15,4993
2329,2498,2413,-169,4827
2412,2463,2437,-51,4875
2251,2493,2372,-242,4744
2257,2511,2384,-254,4768
2595,2285,2440,310,4880
2445,2300,2372,145,4745
2231,2448,2339,-217,4679
2315,2344,2329,-29,4659
2367,2311,2339,56,4678
2187,2602,2394,-415,4789
2683,2081,2382,602,4764
2501,2278,2389,223,4779
2359,2312,2335,47,4671
2085,2527,2306,-442,4612
2334,2404,2369,-70,4738
2272,2379,2325,-107,4651
2437,2326,2381,111,4763
2501,2370,2435,131,4871
2223,2478,2350,-255,4701
2625,1997,2311,628,4622
2430,2256,2343,174,4686
2406,2522,2464,-116,4928
2277,2483,2380,-206,4760
2305,2402,2353,-97,4707
2315,2584,2449,-269,4899
2569,2148,2358,421,4717
2293,2465,2379,-172,4758
2612,2304,2458,308,4916
2236,2499,2367,-263,4735
2507,2404,2455,103,4911
2448,2523,2485,-75,4971
2245,2501,2373,-256,4746
2313,2426,2369,-113,4739
2313,2505,2409,-192,4818
2509,2484,2496,25,4993
2337,2286,2311,51,4623
2230,2504,2367,-274,4734
2512,2402,2457,110,4914
2420,2523,2471,-103,4943
2415,2469,2442,-54,4884
2422,2432,2427,-10,4854
2506,2417,2461,89,4923
2216,2478,2347,-262,4694
2298,2357,2327,-59,4655
2350,2520,2435,-170,4870
2258,2376,2317,-118,4634
2341,2506,2423,-165,4847
2599,2368,2483,231,4967
2612,2290,2451,322,4902
2367,2239,2303,128,4606
2315,2513,2414,-198,4828
2419,2570,2494,-151,4989
2376,2480,2428,-104,4856
2319,2536,2427,-217,4855
2549,2440,2494,109,4989
2274,2394,2334,-120,4668
2509,2397,2453,112,4906
2255,2357,2306,-102,4612
2481,2274,2377,207,4755
2360,2553,2456,-193,4913
2556,2364,2460,192,4920
2201,2409,2305,-208,4610
2169,2561,2365,-392,4730
2407,2370,2388,37,4777
2448,2253,2350,195,4701
2387,2593,2490,-206,4980
2316,2460,2388,-144,4776
2492,2468,2480,24,4960
2591,2334,2462,257,4925
2530,2195,2362,335,4725
2363,2550,2456,-187,4913
2511,2180,2345,331,4691
2392,2385,2388,7,4777
2453,2279,2366,174,4732
2419,2500,2459,-81,4919
2261,2468,2364,-207,4729
2379,2586,2482,-207,4965
2259,2383,2321,-124,4642
2469,2334,2401,135,4803
2525,2313,2419,212,4838
2358,2480,2419,-122,4838
2308,2430,2369,-122,4738
2372,2320,2346,52,4692
2350,2285,2317,65,4635
2410,2462,2436,-52,4872
2248,2478,2363,-230,4726
2616,2152,2384,464,4768
2489,2338,2413,151,4827
2573,2291,2432,282,4864
2330,2480,2405,-150,4810
2140,2493,2316,-353,4633
2411,2251,2331,160,4662
2512,2352,2432,160,4864
2079,2580,2329,-501,4659
2060,2574,2317,-514,4634
2477,2308,2392,169,4785
2396,2546,2471,-150,4942
2517,2313,2415,204,4830
2455,2364,2409,91,4819
2307,2381,2344,-74,4688
2536,2382,2459,154,4918
2312,2479,2395,-167,4791
2501,2458,2479,43,4959
2437,2390,2413,47,4827
2159,2596,2377,-437,4755
2258,2496,2377,-238,4754
2623,2264,2443,359,4887
2446,2458,2452,-12,4904
2543,2288,2415,255,4831
2532,2233,2382,299,4765
2214,2397,2305,-183,4611
2362,2562,2462,-200,4924
2558,2281,2419,277,4839
2532,2349,2440,183,4881
2440,2454,2447,-14,4894
2463,2494,2478,-31,4957
2294,2463,2378,-169,4757
2403,2497,2450,-94,4900
2331,2282,2306,49,4613
2345,2299,2322,46,4644
2412,2259,2335,153,4671
2716,2215,2465,501,4931
2390,2459,2424,-69,4849
2422,2296,2359,126,4718
2618,2335,2476,283,4953
2417,2474,2445,-57,4891
2193,2409,2301,-216,4602
2399,2453,2426,-54,4852
2505,2203,2354,302,4708
2285,2494,2389,-209,4779
2452,2243,2347,209,4695
2455,2280,2367,175,4735
2526,2316,2421,210,4842
2387,2466,2426,-79,4853
2356,2310,2333,46,4666
2393,2361,2377,32,4754
2147,2522,2334,-375,4669
2602,2197,2399,405,4799
2428,2418,2423,10,4846
2409,2298,2353,111,4707
2558,2306,2432,252,4864
2510,2354,2432,156,4864
2470,2299,2384,171,4769
2521,2464,2492,57,4985
2316,2503,2409,-187,4819
2387,2442,2414,-55,4829
2500,2291,2395,209,4791
2432,2221,2326,211,4653
2323,2403,2363,-80,4726
2283,2690,2486,-407,4973
2278,2459,2368,-181,4737
2553,2249,2401,304,4802
2557,2439,2498,118,4996
2335,2511,2423,-176,4846
2374,2240,2307,134,4614
2406,2528,2467,-122,4934
2344,2323,2333,21,4667
2556,2262,2409,294,4818
2291,2489,2390,-198,4780
2432,2526,2479,-94,4958
2354,2385,2369,-31,4739
2390,2308,2349,82,4698
2566,2411,2488,155,4977
2212,2559,2385,-347,4771
2170,2500,2335,-330,4670
2430,2368,2399,62,4798
2424,2377,2400,47,4801
2328,2645,2486,-317,4973
2435,2462,2448,-27,4897
2511,2306,2408,205,4817
2307,2359,2333,-52,4666
2414,2544,2479,-130,4958
2118,2487,2302,-369,4605
2367,2280,2323,87,4647
2325,2330,2327,-5,4655
2505,2238,2371,267,4743
2607,2352,2479,255,4959
2423,2513,2468,-90,4936
2525,2204,2364,321,4729
2349,2352,2350,-3,4701
2556,2183,2369,373,4739
2194,2580,2387,-386,4774
2475,2504,2489,-29,4979
2478,2351,2414,127,4829
2382,2475,2428,-93,4857
2574,2292,2433,282,4866
2424,2475,2449,-51,4899
2267,2473,2370,-206,4740
2528,2275,2401,253,4803
2201,2413,2307,-212,4614
2233,2398,2315,-165,4631
2275,2337,2306,-62,4612
2243,2450,2346,-207,4693
2486,2204,2345,282,4690
2391,2521,2456,-130,4912
2513,2437,2475,76,4950
2677,1959,2318,718,4636
2469,2253,2361,216,4722
2387,2506,2446,-119,4893
2468,2326,2397,142,4794
2586,2382,2484,204,4968
2309,2299,2304,10,4608
2462,2480,2471,-18,4942
2459,2330,2394,129,4789
2418,2318,2368,100,4736
2348,2288,2318,60,4636
2366,2602,2484,-236,4968
2295,2463,2379,-168,4758
2519,2261,2390,258,4780
2423,2461,2442,-38,4884
2213,2476,2344,-263,4689
2286,2328,2307,-42,4614
2426,2570,2498,-144,4996
2292,2374,2333,-82,4666
2380,2365,2372,15,4745
2501,2392,2446,109,4893
2287,2389,2338,-102,4676
2379,2447,2413,-68,4826
2478,2331,2404,147,4809
2643,2250,2446,393,4893
2417,2468,2442,-51,4885
2369,2262,2315,107,4631
2306,2553,2429,-247,4859
2365,2341,2353,24,4706
2346,2520,2433,-174,4866
2449,2389,2419,60,4838
2190,2445,2317,-255,4635
2481,2445,2463,36,4926
2466,2369,2417,97,4835
2417,2202,2309,215,4619
2480,2187,2333,293,4667
2446,2450,2448,-4,4896
2298,2380,2339,-82,4678
2358,2581,2469,-223,4939
2518,2227,2372,291,4745
2501,2359,2430,142,4860
2602,2163,2382,439,4765
2449,2488,2468,-39,4937
2536,2362,2449,174,4898
2389,2319,2354,70,4708
2496,2501,2498,-5,4997
2675,2210,2442,465,4885
2280,2387,2333,-107,4667
2234,2467,2350,-233,4701
2167,2540,2353,-373,4707
2371,2558,2464,-187,4929
2457,2530,2493,-73,4987
2391,2390,2390,1,4781
2625,2369,2497,256,4994
2348,2427,2387,-79,4775
2318,2403,2360,-85,4721
2549,2418,2483,131,4967
2560,2152,2356,408,4712
2420,2392,2406,28,4812
2487,2504,2495,-17,4991
2321,2426,2373,-105,4747
2454,2450,2452,4,4904
2416,2320,2368,96,4736
2341,2301,2321,40,4642
2349,2318,2333,31,4667
2357,2409,2383,-52,4766
2384,2352,2368,32,4736
2423,2448,2435,-25,4871
2633,2304,2468,329,4937
2396,2605,2500,-209,5001
2417,2563,2490,-146,4980
2634,2233,2433,401,4867
2368,2424,2396,-56,4792
2173,2491,2332,-318,4664
2516,2418,2467,98,4934
2568,2201,2384,367,4769
2529,2258,2393,271,4787
2390,2328,2359,62,4718
2435,2401,2418,34,4836
2462,2218,2340,244,4680
2462,2537,2499,-75,4999
2536,2298,2417,238,4834
2455,2351,2403,104,4806
2386,2409,2397,-23,4795
2577,2412,2494,165,4989
2249,2473,2361,-224,4722
2556,2371,2463,185,4927
2377,2437,2407,-60,4814
2422,2363,2392,59,4785
2591,2329,2460,262,4920
2382,2545,2463,-163,4927
2411,2219,2315,192,4630
2456,2498,2477,-42,4954
2530,2296,2413,234,4826
2513,2484,2498,29,4997
2530,2194,2362,336,4724
2586,2357,2471,229,4943
2412,2322,2367,90,4734
2330,2518,2424,-188,4848
2528,2413,2470,115,4941
2424,2574,2499,-150,4998
2302,2595,2448,-293,4897
2555,2426,2490,129,4981
2538,2357,2447,181,4895
2268,2371,2319,-103,4639
2322,2565,2443,-243,4887
2521,2174,2347,347,4695
2354,2552,2453,-198,4906
2314,2313,2313,1,4627
2349,2489,2419,-140,4838
2508,2330,2419,178,4838
2311,2299,2305,12,4610
2419,2432,2425,-13,4851
2401,2332,2366,69,4733
2323,2391,2357,-68,4714
2499,2379,2439,120,4878
2506,2216,2361,290,4722
2256,2403,2329,-147,4659
2573,2311,2442,262,4884
2408,2275,2341,133,4683
2293,2352,2322,-59,4645
2458,2151,2304,307,4609
2293,2424,2358,-131,4717
2364,2565,2464,-201,4929
2400,2402,2401,-2,4802
2436,2505,2470,-69,4941
2476,2504,2490,-28,4980
2369,2252,2310,117,4621
2380,2423,2401,-43,4803
2405,2429,2417,-24,4834
2306,2395,2350,-89,4701
2450,2490,2470,-40,4940
2447,2286,2366,161,4733
2580,2165,2372,415,4745
2313,2526,2419,-213,4839
2233,2397,2315,-164,4630
2236,2388,2312,-152,4624
2256,2469,2362,-213,4725
2104,2505,2304,-401,4609
2438,2462,2450,-24,4900
2405,2530,2467,-125,4935
2328,2524,2426,-196,4852
2423,2555,2489,-132,4978
2348,2455,2401,-107,4803
2494,2276,2385,218,4770
2409,2469,2439,-60,4878
2394,2396,2395,-2,4790
2607,2295,2451,312,4902
2568,2120,2344,448,4688
2328,2531,2429,-203,4859
2337,2492,2414,-155,4829
2490,2276,2383,214,4766
2354,2378,2366,-24,4732
2375,2281,2328,94,4656
2642,2282,2462,360,4924
2499,2380,2439,119,4879
2390,2228,2309,162,4618
2371,2491,2431,-120,4862
2452,2329,2390,123,4781
2243,2463,2353,-220,4706
2282,2586,2434,-304,4868
2413,2228,2320,185,4641
2365,2541,2453,-176,4906
2456,2303,2379,153,4759
2533,2284,2408,249,4817
2322,2401,2361,-79,4723
2387,2246,2316,141,4633
2409,2435,2422,-26,4844
2292,2423,2357,-131,4715
2381,2244,2312,137,4625
2435,2508,2471,-73,4943
2221,2475,2348,-254,4696
2556,2339,2447,217,4895
2288,2384,2336,-96,4672
2423,2491,2457,-68,4914
2195,2485,2340,-290,4680
2349,2485,2417,-136,4834
2382,2462,2422,-80,4844
2416,2560,2488,-144,4976
2265,2462,2363,-197,4727
2460,2534,2497,-74,4994
2620,2328,2474,292,4948
2404,2584,2494,-180,4988
2504,2214,2359,290,4718
2547,2408,2477,139,4955
2353,2479,2416,-126,4832
2274,2580,2427,-306,4854
2438,2288,2363,150,4726
2473,2353,2413,120,4826
2347,2440,2393,-93,4787
2448,2354,2401,94,4802
2469,2261,2365,208,4730
2387,2416,2401,-29,4803
2628,2235,2431,393,4863
2345,2290,2317,55,4635
2475,2312,2393,163,4787
2368,2561,2464,-193,4929
2515,2187,2351,328,4702
2436,2405,2420,31,4841
2458,2427,2442,31,4885
2413,2337,2375,76,4750
2324,2386,2355,-62,4710
2206,2427,2316,-221,4633
2302,2430,2366,-128,4732
2338,2351,2344,-13,4689
2547,2179,2363,368,4726
2341,2401,2371,-60,4742
2364,2295,2329,69,4659
2238,2460,2349,-222,4698
2436,2382,2409,54,4818
2305,2560,2432,-255,4865
2358,2455,2406,-97,4813
2191,2562,2376,-371,4753
2383,2317,2350,66,4700
2385,2331,2358,54,4716
2495,2286,2390,209,4781
2416,2563,2489,-147,4979
2394,2563,2478,-169,4957
2437,2336,2386,101,4773
2361,2580,2470,-219,4941
2368,2508,2438,-140,4876
2504,2304,2404,200,4808
2407,2214,2310,193,4621
2407,2551,2479,-144,4958
2594,2154,2374,440,4748
2465,2513,2489,-48,4978
2398,2423,2410,-25,4821
2358,2524,2441,-166,4882
2518,2374,2446,144,4892
2543,2421,2482,122,4964
2215,2403,2309,-188,4618
2195,2418,2306,-223,4613
2334,2527,2430,-193,4861
2330,2378,2354,-48,4708
2482,2272,2377,210,4754
2645,2176,2410,469,4821
2287,2337,2312,-50,4624
2571,2389,2480,182,4960
2436,2363,2399,73,4799
2316,2402,2359,-86,4718
2307,2409,2358,-102,4716
2574,2405,2489,169,4979
2573,2131,2352,442,4704
2215,2501,2358,-286,4716
2510,2353,2431,157,4863
2496,2339,2417,157,4835
2301,2454,2377,-153,4755
2341,2397,2369,-56,4738
2244,2422,2333,-178,4666
2394,2229,2311,165,4623
2490,2170,2330,320,4660
2491,2442,2466,49,4933
2291,2386,2338,-95,4677
2601,2391,2496,210,4992
2348,2280,2314,68,4628
2149,2512,2330,-363,4661
2459,2176,2317,283,4635
2548,2416,2482,132,4964
2578,2397,2487,181,4975
2298,2496,2397,-198,4794
2345,2335,2340,10,4680
2576,2285,2430,291,4861
2501,2408,2454,93,4909
2595,2374,2484,221,4969
2434,2228,2331,206,4662
2414,2501,2457,-87,4915
2446,2485,2465,-39,4931
2469,2502,2485,-33,4971
2199,2426,2312,-227,4625
2256,2460,2358,-204,4716
2588,2302,2445,286,4890
2186,2604,2395,-418,4790
2351,2328,2339,23,4679
2279,2374,2326,-95,4653
2706,2056,2381,650,4762
2413,2553,2483,-140,4966
2402,2224,2313,178,4626
2324,2346,2335,-22,4670
2435,2234,2334,201,4669
2481,2401,2441,80,4882
2476,2248,2362,228,4724
2321,2529,2425,-208,4850
2277,2375,2326,-98,4652
2445,2431,2438,14,4876
2293,2468,2380,-175,4761
2529,2445,2487,84,4974
2519,2296,2407,223,4815
2534,2380,2457,154,4914
2313,2614,2463,-301,4927
2520,2321,2420,199,4841
2240,2486,2363,-246,4726
2191,2523,2357,-332,4714
2291,2421,2356,-130,4712
2417,2378,2397,39,4795
2291,2386,2338,-95,4677
2299,2444,2371,-145,4743
2389,2548,2468,-159,4937
2181,2552,2366,-371,4733
2402,2229,2315,173,4631
2220,2451,2335,-231,4671
2321,2515,2418,-194,4836
2238,2443,2340,-205,4681
2505,2196,2350,309,4701
2332,2370,2351,-38,4702
2326,2509,2417,-183,4835
2466,2213,2339,253,4679
2473,2222,2347,251,4695
2429,2379,2404,50,4808
2462,2182,2322,280,4644
2429,2559,2494,-130,4988
2444,2450,2447,-6,4894
2317,2472,2394,-155,4789
2495,2501,2498,-6,4996
2293,2579,2436,-286,4872
2486,2339,2412,147,4825
2384,2320,2352,64,4704
2568,2268,2418,300,4836
2168,2448,2308,-280,4616
2508,2225,2366,283,4733
2469,2376,2422,93,4845
2267,2338,2302,-71,4605
2498,2392,2445,106,4890
2468,2446,2457,22,4914
2264,2422,2343,-158,4686
2498,2293,2395,205,4791
2572,2383,2477,189,4955
2471,2237,2354,234,4708
2506,2338,2422,168,4844
2338,2548,2443,-210,4886
2497,2498,2497,-1,4995
2534,2316,2425,218,4850
2227,2405,2316,-178,4632
2336,2418,2377,-82,4754
2409,2357,2383,52,4766
2429,2269,2349,160,4698
2607,2078,2342,529,4685
2380,2227,2303,153,4607
2227,2402,2314,-175,4629
2670,2183,2426,487,4853
2562,2276,2419,286,4838
2177,2520,2348,-343,4697
2439,2187,2313,252,4626
2482,2437,2459,45,4919
2351,2456,2403,-105,4807
2480,2310,2395,170,4790
2252,2448,2350,-196,4700
2383,2534,2458,-151,4917
2270,2527,2398,-257,4797
2526,2237,2381,289,4763
2349,2427,2388,-78,4776
2488,2174,2331,314,4662
2480,2297,2388,183,4777
2466,2255,2360,211,4721
2230,2503,2366,-273,4733
2523,2245,2384,278,4768
2555,2240,2397,315,4795
2407,2428,2417,-21,4835
2686,2313,2499,373,4999
2528,2222,2375,306,4750
2389,2464,2426,-75,4853
2405,2279,2342,126,4684
2428,2220,2324,208,4648
2289,2537,2413,-248,4826
2342,2541,2441,-199,4883
2320,2462,2391,-142,4782
2435,2330,2382,105,4765
2238,2465,2351,-227,4703
2700,2245,2472,455,4945
2358,2331,2344,27,4689
2474,2276,2375,198,4750
2503,2335,2419,168,4838
2542,2393,2467,149,4935
2335,2436,2385,-101,4771
2320,2423,2371,-103,4743
2198,2521,2359,-323,4719
2305,2458,2381,-153,4763
2431,2192,2311,239,4623
2608,2277,2442,331,4885
2597,2404,2500,193,5001
2392,2377,2384,15,4769
2163,2520,2341,-357,4683
2491,2491,2491,0,4982
2254,2387,2320,-133,4641
2397,2549,2473,-152,4946
2572,2384,2478,188,4956
2387,2216,2301,171,4603
2376,2293,2334,83,4669
2274,2352,2313,-78,4626
2269,2439,2354,-170,4708
2337,2347,2342,-10,4684
2331,2300,2315,31,4631
2579,2277,2428,302,4856
2457,2446,2451,11,4903
2517,2333,2425,184,4850
2226,2489,2357,-263,4715
2379,2303,2341,76,4682
2442,2425,2433,17,4867
2485,2326,2405,159,4811
2510,2213,2361,297,4723
2399,2559,2479,-160,4958
2560,2315,2437,245,4875
2427,2542,2484,-115,4969
2209,2435,2322,-226,4644
2278,2449,2363,-171,4727
2370,2435,2402,-65,4805
2427,2528,2477,-101,4955
2318,2304,2311,14,4622
2468,2314,2391,154,4782
2411,2461,2436,-50,4872
2432,2440,2436,-8,4872
2359,2421,2390,-62,4780
2509,2456,2482,53,4965
2412,2386,2399,26,4798
2500,2149,2324,351,4649
2490,2453,2471,37,4943
2374,2390,2382,-16,4764
2562,2300,2431,262,4862
2190,2573,2381,-383,4763
2553,2320,2436,233,4873
2457,2362,2409,95,4819
2354,2459,2406,-105,4813
2286,2451,2368,-165,4737
2464,2385,2424,79,4849
2274,2358,2316,-84,4632
2458,2526,2492,-68,4984
2288,2441,2364,-153,4729
2315,2447,2381,-132,4762
2312,2499,2405,-187,4811
2536,2422,2479,114,4958
2332,2663,2497,-331,4995
2524,2340,2432,184,4864
2358,2371,2364,-13,4729
2317,2412,2364,-95,4729
2297,2363,2330,-66,4660
2567,2359,2463,208,4926
2345,2339,2342,6,4684
2379,2618,2498,-239,4997
2406,2304,2355,102,4710
2312,2540,2426,-228,4852
2471,2340,2405,131,4811
2401,2457,2429,-56,4858
2378,2287,2332,91,4665
2388,2521,2454,-133,4909
2433,2470,2451,-37,4903
2405,2592,2498,-187,4997
2527,2282,2404,245,4809
2327,2518,2422,-191,4845
2429,2452,2440,-23,4881
2297,2400,2348,-103,4697
2442,2261,2351,181,4703
2707,2163,2435,544,4870
2566,2412,2489,154,4978
2309,2457,2383,-148,4766
2452,2275,2363,177,4727
2300,2423,2361,-123,4723
2460,2402,2431,58,4862
2433,2559,2496,-126,4992
2287,2565,2426,-278,4852
2198,2537,2367,-339,4735
2430,2363,2396,67,4793
2490,2191,2340,299,4681
2414,2339,2376,75,4753
2496,2358,2427,138,4854
2698,2261,2479,437,4959
2499,2421,2460,78,4920
2248,2438,2343,-190,4686
2210,2504,2357,-294,4714
2326,2352,2339,-26,4678
2276,2434,2355,-158,4710
2387,2260,2323,127,4647
2397,2245,2321,152,4642
2499,2483,2491,16,4982
2274,2579,2426,-305,4853
2338,2468,2403,-130,4806
2284,2523,2403,-239,4807
2514,2405,2459,109,4919
2344,2455,2399,-111,4799
2654,2177,2415,477,4831
2527,2248,2387,279,4775
2555,2389,2472,166,4944
2433,2402,2417,31,4835
2493,2372,2432,121,4865
2562,2276,2419,286,4838
2238,2448,2343,-210,4686
2376,2346,2361,30,4722
2335,2543,2439,-208,4878
2518,2404,2461,114,4922
2379,2510,2444,-131,4889
2528,2434,2481,94,4962
2530,2334,2432,196,4864
2368,2470,2419,-102,4838
2203,2428,2315,-225,4631
2246,2480,2363,-234,4726
2282,2368,2325,-86,4650
2460,2448,2454,12,4908
2281,2550,2415,-269,4831
2394,2466,2430,-72,4860
2439,2314,2376,125,4753
2502,2475,2488,27,4977
2201,2406,2303,-205,4607
2300,2532,2416,-232,4832
2338,2489,2413,-151,4827
2577,2233,2405,344,4810
2313,2406,2359,-93,4719
2546,2247,2396,299,4793
2251,2466,2358,-215,4717
2320,2460,2390,-140,4780
2444,2189,2316,255,4633
2473,2373,2423,100,4846
2391,2443,2417,-52,4834
2557,2336,2446,221,4893
2572,2391,2481,181,4963
2463,2245,2354,218,4708
2516,2216,2366,300,4732
2614,2305,2459,309,4919
2446,2188,2317,258,4634
2497,2375,2436,122,4872
2373,2591,2482,-218,4964
2282,2388,2335,-106,4670
2300,2578,2439,-278,4878
2539,2422,2480,117,4961
2283,2469,2376,-186,4752
2318,2572,2445,-254,4890
2470,2139,2304,331,4609
2394,2506,2450,-112,4900
2322,2547,2434,-225,4869
2534,2325,2429,209,4859
2214,2507,2360,-293,4721
2535,2403,2469,132,4938
2311,2582,2446,-271,4893
2496,2499,2497,-3,4995
2276,2471,2373,-195,4747
2300,2392,2346,-92,4692
2240,2389,2314,-149,4629
2378,2406,2392,-28,4784
2480,2286,2383,194,4766
2477,2437,2457,40,4914
2489,2391,2440,98,4880
2407,2511,2459,-104,4918
2312,2488,2400,-176,4800
2290,2576,2433,-286,4866
2129,2498,2313,-369,4627
2489,2310,2399,179,4799
2405,2341,2373,64,4746
2133,2481,2307,-348,4614
2529,2438,2483,91,4967
2200,2482,2341,-282,4682
2529,2302,2415,227,4831
2437,2188,2312,249,4625
2310,2457,2383,-147,4767
2394,2414,2404,-20,4808
2401,2376,2388,25,4777
2284,2421,2352,-137,4705
2498,2306,2402,192,4804
2442,2299,2370,143,4741
2245,2415,2330,-170,4660
2662,2114,2388,548,4776
2469,2360,2414,109,4829
2531,2250,2390,281,4781
2168,2564,2366,-396,4732
2429,2473,2451,-44,4902
2520,2480,2500,40,5000
2490,2458,2474,32,4948
2413,2270,2341,143,4683
2432,2252,2342,180,4684
2443,2556,2499,-113,4999
2302,2483,2392,-181,4785
2466,2321,2393,145,4787
2481,2410,2445,71,4891
2582,2142,2362,440,4724
2435,2300,2367,135,4735
2335,2606,2470,-271,4941
2248,2438,2343,-190,4686
2499,2385,2442,114,4884
2496,2427,2461,69,4923
2382,2564,2473,-182,4946
2539,2410,2474,129,4949
2466,2316,2391,150,4782
2352,2367,2359,-15,4719
2258,2385,2321,-127,4643
2213,2487,2350,-274,4700
2218,2400,2309,-182,4618
2475,2501,2488,-26,4976
2464,2380,2422,84,4844
2456,2335,2395,121,4791
2464,2363,2413,101,4827
2247,2583,2415,-336,4830
2513,2185,2349,328,4698
2386,2506,2446,-120,4892
2552,2354,2453,198,4906
2452,2537,2494,-85,4989
2454,2412,2433,42,4866
2101,2546,2323,-445,4647
2369,2457,2413,-88,4826
2254,2525,2389,-271,4779
2440,2402,2421,38,4842
2497,2326,2411,171,4823
2438,2164,2301,274,4602
2575,2186,2380,389,4761
2557,2157,2357,400,4714
2474,2416,2445,58,4890
2286,2337,2311,-51,4623
2346,2331,2338,15,4677
2539,2311,2425,228,4850
2256,2458,2357,-202,4714
2487,2167,2327,320,4654
2505,2224,2364,281,4729
2416,2358,2387,58,4774
2254,2459,2356,-205,4713
2434,2189,2311,245,4623
2351,2321,2336,30,4672
2475,2318,2396,157,4793
2392,2601,2496,-209,4993
2364,2330,2347,34,4694
2400,2527,2463,-127,4927
2450,2288,2369,162,4738
2284,2461,2372,-177,4745
2389,2412,2400,-23,4801
2418,2368,2393,50,4786
2365,2485,2425,-120,4850
2427,2326,2376,101,4753
2561,2402,2481,159,4963
2510,2402,2456,108,4912
2540,2258,2399,282,4798
2282,2380,2331,-98,4662
2458,2479,2468,-21,4937
2412,2409,2410,3,4821
2487,2387,2437,100,4874
2554,2389,2471,165,4943
2363,2567,2465,-204,4930
2313,2495,2404,-182,4808
2238,2400,2319,-162,4638
2631,2244,2437,387,4875
2358,2328,2343,30,4686
2441,2165,2303,276,4606
2299,2434,2366,-135,4733
2460,2486,2473,-26,4946
2367,2460,2413,-93,4827
2664,2144,2404,520,4808
2258,2501,2379,-243,4759
2593,2329,2461,264,4922
2531,2136,2333,395,4667
2522,2336,2429,186,4858
2428,2423,2425,5,4851
2525,2376,2450,149,4901
2217,2401,2309,-184,4618
2429,2429,2429,0,4858
2289,2395,2342,-106,4684
2409,2470,2439,-61,4879
2465,2337,2401,128,4802
2409,2209,2309,200,4618
2368,2622,2495,-254,4990
2296,2458,2377,-162,4754
2281,2375,2328,-94,4656
2191,2465,2328,-274,4656
2442,2389,2415,53,4831
2298,2390,2344,-92,4688
2399,2460,2429,-61,4859
2497,2186,2341,311,4683
2417,2195,2306,222,4612
2370,2345,2357,25,4715
2347,2616,2481,-269,4963
2511,2410,2460,101,4921
2273,2396,2334,-123,4669
2451,2369,2410,82,4820
2488,2357,2422,131,4845
2668,2149,2408,519,4817
2526,2246,2386,280,4772
2248,2435,2341,-187,4683
2504,2452,2478,52,4956
2433,2400,2416,33,4833
2224,2378,2301,-154,4602
2619,2312,2465,307,4931
2329,2334,2331,-5,4663
2472,2426,2449,46,4898
2376,2607,2491,-231,4983
2310,2459,2384,-149,4769
2280,2373,2326,-93,4653
2655,2252,2453,403,4907
2478,2358,2418,120,4836
2340,2310,2325,30,4650
2290,2629,2459,-339,4919
2389,2286,2337,103,4675
2511,2377,2444,134,4888
2460,2446,2453,14,4906
2314,2462,2388,-148,4776
2282,2448,2365,-166,4730
2426,2325,2375,101,4751
2352,2252,2302,100,4604
2383,2569,2476,-186,4952
2479,2240,2359,239,4719
2531,2447,2489,84,4978
2402,2331,2366,71,4733
2224,2466,2345,-242,4690
2523,2376,2449,147,4899
2501,2144,2322,357,4645
2134,2539,2336,-405,4673
2383,2603,2493,-220,4986
2580,2293,2436,287,4873
2517,2285,2401,232,4802
2436,2477,2456,-41,4913
2547,2174,2360,373,4721
2347,2591,2469,-244,4938
2327,2367,2347,-40,4694
2531,2362,2446,169,4893
2155,2558,2356,-403,4713
2707,2185,2446,522,4892
2417,2235,2326,182,4652
2262,2438,2350,-176,4700
2578,2359,2468,219,4937
2338,2480,2409,-142,4818
2400,2594,2497,-194,4994
2493,2493,2493,0,4986
2394,2257,2325,137,4651
2217,2507,2362,-290,4724
2328,2517,2422,-189,4845
2354,2576,2465,-222,4930
2446,2503,2474,-57,4949
2551,2414,2482,137,4965
2071,2582,2326,-511,4653
2530,2333,2431,197,4863
2341,2491,2416,-150,4832
2500,2402,2451,98,4902
2552,2206,2379,346,4758
2583,2281,2432,302,4864
2119,2533,2326,-414,4652
2357,2307,2332,50,4664
2528,2358,2443,170,4886
2274,2460,2367,-186,4734
2232,2406,2319,-174,4638
2274,2382,2328,-108,4656
2604,2268,2436,336,4872
2353,2323,2338,30,4676
2353,2251,2302,102,4604
2121,2559,2340,-438,4680
2354,2581,2467,-227,4935
2386,2598,2492,-212,4984
2698,2296,2497,402,4994
2325,2557,2441,-232,4882
2199,2405,2302,-206,4604
2428,2403,2415,25,4831
2483,2246,2364,237,4729
2338,2410,2374,-72,4748
2316,2628,2472,-312,4944
2357,2634,2495,-277,4991
2575,2352,2463,223,4927
2401,2220,2310,181,4621
2478,2341,2409,137,4819
2398,2435,2416,-37,4833
2272,2478,2375,-206,4750
2276,2369,2322,-93,4645
2262,2434,2348,-172,4696
2518,2228,2373,290,4746
2214,2492,2353,-278,4706
2204,2442,2323,-238,4646
2460,2453,2456,7,4913
2495,2430,2462,65,4925
2383,2277,2330,106,4660
2337,2355,2346,-18,4692
2228,2539,2383,-311,4767
2287,2431,2359,-144,4718
2509,2432,2470,77,4941
2551,2172,2361,379,4723
2417,2207,2312,210,4624
2530,2206,2368,324,4736
2425,2370,2397,55,4795
2402,2214,2308,188,4616
2240,2427,2333,-187,4667
2328,2452,2390,-124,4780
2472,2358,2415,114,4830
2500,2501,2500,-1,5001
2299,2400,2349,-101,4699
2399,2331,2365,68,4730
2349,2480,2414,-131,4829
2304,2380,2342,-76,4684
2317,2412,2364,-95,4729
2394,2581,2487,-187,4975
2381,2246,2313,135,4627
2398,2286,2342,112,4684
2418,2218,2318,200,4636
2237,2449,2343,-212,4686
2565,2299,2432,266,4864
2260,2354,2307,-94,4614
2397,2447,2422,-50,4844
2327,2473,2400,-146,4800
2393,2472,2432,-79,4865
2274,2455,2364,-181,4729
2307,2505,2406,-198,4812
2395,2430,2412,-35,4825
2381,2551,2466,-170,4932
2246,2393,2319,-147,4639
2528,2408,2468,120,4936
2517,2233,2375,284,4750
2326,2485,2405,-159,4811
2338,2520,2429,-182,4858
2383,2231,2307,152,4614
2184,2450,2317,-266,4634
2397,2347,2372,50,4744
2379,2394,2386,-15,4773
2495,2282,2388,213,4777
2207,2406,2306,-199,4613
2446,2173,2309,273,4619
2285,2363,2324,-78,4648
2471,2509,2490,-38,4980
2481,2371,2426,110,4852
2406,2249,2327,157,4655
2221,2451,2336,-230,4672
2404,2202,2303,202,4606
2513,2372,2442,141,4885
2531,2329,2430,202,4860
2282,2479,2380,-197,4761
2480,2220,2350,260,4700
2574,2260,2417,314,4834
2545,2391,2468,154,4936
2442,2366,2404,76,4808
2454,2501,2477,-47,4955
2465,2277,2371,188,4742
2408,2256,2332,152,4664
2474,2342,2408,132,4816
2225,2428,2326,-203,4653
2348,2291,2319,57,4639
2417,2321,2369,96,4738
2514,2402,2458,112,4916
2381,2232,2306,149,4613
2309,2424,2366,-115,4733
2355,2511,2433,-156,4866
2195,2610,2402,-415,4805
2396,2294,2345,102,4690
2180,2449,2314,-269,4629
2553,2440,2496,113,4993
2344,2311,2327,33,4655
2338,2661,2499,-323,4999
2410,2470,2440,-60,4880
2630,2215,2422,415,4845
2215,2590,2402,-375,4805
2171,2516,2343,-345,4687
2520,2266,2393,254,4786
2402,2360,2381,42,4762
2346,2378,2362,-32,4724
2598,2265,2431,333,4863
2445,2224,2334,221,4669
2585,2317,2451,268,4902
2408,2258,2333,150,4666
2533,2333,2433,200,4866
2322,2384,2353,-62,4706
2359,2471,2415,-112,4830
2248,2377,2312,-129,4625
2271,2374,2322,-103,4645
2449,2219,2334,230,4668
2272,2416,2344,-144,4688
2111,2703,2407,-592,4814
2371,2433,2402,-62,4804
2379,2288,2333,91,4667
2323,2442,2382,-119,4765
2195,2520,2357,-325,4715
2501,2297,2399,204,4798
2271,2489,2380,-218,4760
2239,2404,2321,-165,4643
2562,2155,2358,407,4717
2301,2447,2374,-146,4748
2617,2295,2456,322,4912
2267,2420,2343,-153,4687
2358,2409,2383,-51,4767
2520,2479,2499,41,4999
2239,2408,2323,-169,4647
2431,2271,2351,160,4702
2220,2435,2327,-215,4655
2438,2441,2439,-3,4879
2367,2485,2426,-118,4852
2360,2450,2405,-90,4810
2469,2159,2314,310,4628
2446,2501,2473,-55,4947
2371,2431,2401,-60,4802
2366,2506,2436,-140,4872
2255,2461,2358,-206,4716
2331,2447,2389,-116,4778
2422,2519,2470,-97,4941
2332,2416,2374,-84,4748
2508,2228,2368,280,4736
2424,2481,2452,-57,4905
2416,2244,2330,172,4660
2305,2387,2346,-82,4692
2392,2537,2464,-145,4929
2501,2380,2440,121,4881
2296,2586,2441,-290,4882
2284,2406,2345,-122,4690
2497,2126,2311,371,4623
2668,2106,2387,562,4774
2596,2252,2424,344,4848
2497,2200,2348,297,4697
2327,2482,2404,-155,4809
2477,2387,2432,90,4864
2379,2376,2377,3,4755
2244,2391,2317,-147,4635
2417,2339,2378,78,4756
2268,2484,2376,-216,4752
2341,2458,2399,-117,4799
2371,2315,2343,56,4686
2227,2545,2386,-318,4772
2180,2442,2311,-262,4622
2351,2561,2456,-210,4912
2384,2333,2358,51,4717
2408,2484,2446,-76,4892
2427,2419,2423,8,4846
2335,2458,2396,-123,4793
2508,2453,2480,55,4961
2280,2506,2393,-226,4786
2284,2379,2331,-95,4663
2416,2234,2325,182,4650
2556,2329,2442,227,4885
2556,2053,2304,503,4609
2460,2520,2490,-60,4980
2338,2397,2367,-59,4735
2362,2407,2384,-45,4769
2239,2428,2333,-189,4667
2215,2415,2315,-200,4630
2279,2461,2370,-182,4740
2305,2390,2347,-85,4695
2497,2444,2470,53,4941
2598,2389,2493,209,4987
2237,2759,2498,-522,4996
2345,2257,2301,88,4602
2406,2202,2304,204,4608
2265,2561,2413,-296,4826
2328,2551,2439,-223,4879
2422,2222,2322,200,4644
2473,2242,2357,231,4715
2172,2495,2333,-323,4667
2287,2354,2320,-67,4641
2097,2638,2367,-541,4735
2467,2206,2336,261,4673
2573,2297,2435,276,4870
2244,2527,2385,-283,4771
2386,2602,2494,-216,4988
2533,2355,2444,178,4888
2332,2471,2401,-139,4803
2516,2434,2475,82,4950
2434,2322,2378,112,4756
2433,2372,2402,61,4805
2112,2686,2399,-574,4798
2442,2381,2411,61,4823
2524,2419,2471,105,4943
2475,2408,2441,67,4883
2229,2416,2322,-187,4645
2620,2087,2353,533,4707
2448,2381,2414,67,4829
2503,2331,2417,172,4834
2330,2541,2435,-211,4871
2296,2380,2338,-84,4676
2377,2498,2437,-121,4875
2359,2423,2391,-64,4782
2133,2570,2351,-437,4703
2588,2393,2490,195,4981
2156,2470,2313,-314,4626
2148,2567,2357,-419,4715
2359,2462,2410,-103,4821
2289,2434,2361,-145,4723
2301,2555,2428,-254,4856
2506,2253,2379,253,4759
2448,2352,2400,96,4800
2311,2371,2341,-60,4682
2554,2101,2327,453,4655
2312,2494,2403,-182,4806
2405,2430,2417,-25,4835
2508,2285,2396,223,4793
2183,2427,2305,-244,4610
2522,2386,2454,136,4908
2323,2287,2305,36,4610
2323,2414,2368,-91,4737
2046,2595,2320,-549,4641
2253,2531,2392,-278,4784
2447,2254,2350,193,4701
2482,2445,2463,37,4927
2421,2547,2484,-126,4968
2630,2344,2487,286,4974
2456,2472,2464,-16,4928
2370,2573,2471,-203,4943
2518,2277,2397,241,4795
2492,2382,2437,110,4874
2254,2580,2417,-326,4834
2543,2436,2489,107,4979
2504,2318,2411,186,4822
2371,2532,2451,-161,4903
2312,2454,2383,-142,4766
2287,2531,2409,-244,4818
2324,2364,2344,-40,4688
2507,2439,2473,68,4946
2522,2282,2402,240,4804
2333,2388,2360,-55,4721
2343,2328,2335,15,4671
2264,2547,2405,-283,4811
2195,2463,2329,-268,4658
2339,2313,2326,26,4652
2273,2448,2360,-175,4721
2395,2435,2415,-40,4830
2381,2296,2338,85,4677
2223,2596,2409,-373,4819
2438,2325,2381,113,4763
2506,2402,2454,104,4908
2423,2492,2457,-69,4915
2341,2367,2354,-26,4708
2306,2601,2453,-295,4907
2586,2224,2405,362,4810
2500,2252,2376,248,4752
2416,2226,2321,190,4642
2378,2614,2496,-236,4992
2413,2584,2498,-171,4997
2150,2556,2353,-406,4706
2590,2375,2482,215,4965
2249,2458,2353,-209,4707
2427,2502,2464,-75,4929
2455,2430,2442,25,4885
2474,2248,2361,226,4722
2438,2275,2356,163,4713
2457,2441,2449,16,4898
2424,2450,2437,-26,4874
2145,2462,2303,-317,4607
2506,2271,2388,235,4777
2343,2428,2385,-85,4771
2286,2537,2411,-251,4823
2481,2508,2494,-27,4989
2355,2408,2381,-53,4763
2215,2441,2328,-226,4656
2590,2133,2361,457,4723
2387,2523,2455,-136,4910
2419,2206,2312,213,4625
2344,2295,2319,49,4639
2203,2463,2333,-260,4666
2430,2445,2437,-15,4875
2323,2583,2453,-260,4906
2222,2496,2359,-274,4718
2434,2455,2444,-21,4889
2369,2488,2428,-119,4857
2561,2133,2347,428,4694
2457,2467,2462,-10,4924
2562,2326,2444,236,4888
2493,2227,2360,266,4720
2496,2363,2429,133,4859
2463,2167,2315,296,4630
2367,2526,2446,-159,4893
2217,2462,2339,-245,4679
2284,2411,2347,-127,4695
2596,2399,2497,197,4995
2494,2194,2344,300,4688
2404,2583,2493,-179,4987
2270,2356,2313,-86,4626
2374,2446,2410,-72,4820
2331,2463,2397,-132,4794
2522,2404,2463,118,4926
2147,2643,2395,-496,4790
2448,2190,2319,258,4638
2460,2191,2325,269,4651
2449,2313,2381,136,4762
2356,2386,2371,-30,4742
2389,2390,2389,-1,4779
2321,2560,2440,-239,4881
2439,2329,2384,110,4768
2504,2112,2308,392,4616
2522,2454,2488,68,4976
2384,2571,2477,-187,4955
2388,2321,2354,67,4709
2412,2244,2328,168,4656
2251,2659,2455,-408,4910
2329,2512,2420,-183,4841
2329,2354,2341,-25,4683
2198,2411,2304,-213,4609
2497,2435,2466,62,4932
2565,2334,2449,231,4899
2385,2503,2444,-118,4888
2409,2564,2486,-155,4973
2278,2386,2332,-108,4664
2188,2612,2400,-424,4800
2459,2443,2451,16,4902
2439,2506,2472,-67,4945
2263,2427,2345,-164,4690
2354,2531,2442,-177,4885
2391,2212,2301,179,4603
2280,2338,2309,-58,4618
2368,2380,2374,-12,4748
2458,2368,2413,90,4826
2494,2269,2381,225,4763
2517,2243,2380,274,4760
2285,2533,2409,-248,4818
2347,2524,2435,-177,4871
2351,2388,2369,-37,4739
2498,2290,2394,208,4788
2474,2320,2397,154,4794
2526,2308,2417,218,4834
2418,2481,2449,-63,4899
2468,2416,2442,52,4884
2089,2533,2311,-444,4622
2484,2373,2428,111,4857
2531,2409,2470,122,4940
2424,2374,2399,50,4798
2225,2438,2331,-213,4663
2474,2143,2308,331,4617
2170,2531,2350,-361,4701
2493,2406,2449,87,4899
2133,2517,2325,-384,4650
2359,2621,2490,-262,4980
2512,2094,2303,418,4606
2376,2337,2356,39,4713
2426,2442,2434,-16,4868
2321,2371,2346,-50,4692
2550,2304,2427,246,4854
2575,2192,2383,383,4767
2490,2401,2445,89,4891
2411,2421,2416,-10,4832
2227,2381,2304,-154,4608
2529,2350,2439,179,4879
2440,2166,2303,274,4606
2338,2270,2304,68,4608
2498,2290,2394,208,4788
2436,2321,2378,115,4757
2680,2112,2396,568,4792
2412,2219,2315,193,4631
2359,2456,2407,-97,4815
2232,2433,2332,-201,4665
2567,2315,2441,252,4882
2441,2286,2363,155,4727
2387,2463,2425,-76,4850
2471,2307,2389,164,4778
2246,2508,2377,-262,4754
2138,2574,2356,-436,4712
2223,2478,2350,-255,4701
2286,2468,2377,-182,4754
2426,2550,2488,-124,4976
2230,2479,2354,-249,4709
2364,2311,2337,53,4675
2374,2476,2425,-102,4850
2494,2431,2462,63,4925
2235,2503,2369,-268,4738
2267,2525,2396,-258,4792
2196,2462,2329,-266,4658
2272,2410,2341,-138,4682
2562,2242,2402,320,4804
2363,2419,2391,-56,4782
2453,2189,2321,264,4642
2377,2469,2423,-92,4846
2531,2238,2384,293,4769
2258,2411,2334,-153,4669
2133,2622,2377,-489,4755
2133,2475,2304,-342,4608
2107,2504,2305,-397,4611
2242,2402,2322,-160,4644
2318,2310,2314,8,4628
2108,2638,2373,-530,4746
2414,2458,2436,-44,4872
2524,2263,2393,261,4787
2525,2267,2396,258,4792
2491,2201,2346,290,4692
2390,2262,2326,128,4652
2431,2293,2362,138,4724
2560,2389,2474,171,4949
2405,2379,2392,26,4784
2272,2560,2416,-288,4832
2491,2306,2398,185,4797
2239,2370,2304,-131,4609
2496,2277,2386,219,4773
2284,2382,2333,-98,4666
2421,2335,2378,86,4756
2366,2279,2322,87,4645
2324,2537,2430,-213,4861
2234,2534,2384,-300,4768
2324,2450,2387,-126,4774
2443,2481,2462,-38,4924
2287,2441,2364,-154,4728
2394,2476,2435,-82,4870
2394,2333,2363,61,4727
2277,2387,2332,-110,4664
2593,2384,2488,209,4977
2323,2300,2311,23,4623
2407,2579,2493,-172,4986
2470,2271,2370,199,4741
2414,2448,2431,-34,4862
2204,2428,2316,-224,4632
2446,2181,2313,265,4627
2369,2491,2430,-122,4860
2430,2273,2351,157,4703
2454,2399,2426,55,4853
2557,2249,2403,308,4806
2386,2602,2494,-216,4988
2524,2251,2387,273,4775
2395,2518,2456,-123,4913
2542,2405,2473,137,4947
2454,2154,2304,300,4608
2506,2449,2477,57,4955
2392,2458,2425,-66,4850
2271,2393,2332,-122,4664
2434,2256,2345,178,4690
2465,2183,2324,282,4648
2452,2310,2381,142,4762
2749,2216,2482,533,4965
2341,2324,2332,17,4665
2399,2493,2446,-94,4892
2528,2277,2402,251,4805
2582,2402,2492,180,4984
2315,2519,2417,-204,4834
2188,2417,2302,-229,4605
2280,2508,2394,-228,4788
2483,2508,2495,-25,4991
2251,2459,2355,-208,4710
2167,2480,2323,-313,4647
2307,2360,2333,-53,4667
2447,2206,2326,241,4653
2425,2473,2449,-48,4898
2246,2397,2321,-151,4643
2328,2480,2404,-152,4808
2349,2495,2422,-146,4844
2380,2375,2377,5,4755
2382,2283,2332,99,4665
2437,2195,2316,242,4632
2532,2440,2486,92,4972
2458,2470,2464,-12,4928
2483,2495,2489,-12,4978
2257,2361,2309,-104,4618
2403,2241,2322,162,4644
2316,2470,2393,-154,4786
2220,2497,2358,-277,4717
2498,2453,2475,45,4951
2198,2582,2390,-384,4780
2401,2548,2474,-147,4949
2456,2153,2304,303,4609
2364,2569,2466,-205,4933
2324,2443,2383,-119,4767
2339,2452,2395,-113,4791
2391,2422,2406,-31,4813
2479,2327,2403,152,4806
2375,2569,2472,-194,4944
2407,2520,2463,-113,4927
2178,2548,2363,-370,4726
2552,2331,2441,221,4883
2532,2406,2469,126,4938
2556,2183,2369,373,4739
2437,2310,2373,127,4747
2196,2528,2362,-332,4724
2398,2439,2418,-41,4837
2512,2286,2399,226,4798
2388,2291,2339,97,4679
2266,2437,2351,-171,4703
2454,2284,2369,170,4738
2389,2441,2415,-52,4830
2252,2419,2335,-167,4671
2313,2459,2386,-146,4772
2513,2120,2316,393,4633
2518,2232,2375,286,4750
2544,2298,2421,246,4842
2559,2383,2471,176,4942
2555,2285,2420,270,4840
2516,2396,2456,120,4912
2408,2505,2456,-97,4913
2493,2188,2340,305,4681
2458,2334,2396,124,4792
2216,2487,2351,-271,4703
2280,2416,2348,-136,4696
2485,2164,2324,321,4649
2281,2525,2403,-244,4806
2423,2543,2483,-120,4966
2345,2368,2356,-23,4713
2437,2281,2359,156,4718
2630,2102,2366,528,4732
2375,2230,2302,145,4605
2345,2426,2385,-81,4771
2375,2559,2467,-184,4934
2305,2417,2361,-112,4722
2301,2599,2450,-298,4900
2130,2487,2308,-357,4617
2501,2148,2324,353,4649
2396,2552,2474,-156,4948
2516,2482,2499,34,4998
2481,2190,2335,291,4671
2321,2457,2389,-136,4778
2258,2458,2358,-200,4716
2450,2197,2323,253,4647
2448,2216,2332,232,4664
2084,2527,2305,-443,4611
2496,2404,2450,92,4900
2483,2491,2487,-8,4974
2381,2279,2330,102,4660
2410,2306,2358,104,4716
2518,2212,2365,306,4730
2154,2448,2301,-294,4602
2521,2458,2489,63,4979
2353,2343,2348,10,4696
2346,2559,2452,-213,4905
2541,2446,2493,95,4987
2300,2412,2356,-112,4712
2170,2511,2340,-341,4681
2202,2424,2313,-222,4626
2484,2132,2308,352,4616
2455,2375,2415,80,4830
2447,2295,2371,152,4742
2591,2186,2388,405,4777
2450,2235,2342,215,4685
2390,2607,2498,-217,4997
2401,2422,2411,-21,4823
2236,2417,2326,-181,4653
2710,2285,2497,425,4995
2546,2422,2484,124,4968
2389,2235,2312,154,4624
2391,2219,2305,172,4610
2340,2526,2433,-186,4866
2302,2476,2389,-174,4778
2454,2450,2452,4,4904
2137,2504,2320,-367,4641
2519,2371,2445,148,4890
2340,2550,2445,-210,4890
2120,2589,2354,-469,4709
2385,2334,2359,51,4719
2285,2459,2372,-174,4744
2257,2464,2360,-207,4721
2410,2348,2379,62,4758
2419,2370,2394,49,4789
2362,2557,2459,-195,4919
2321,2330,2325,-9,4651
2511,2467,2489,44,4978
2205,2433,2319,-228,4638
2450,2260,2355,190,4710
2306,2423,2364,-117,4729
2446,2269,2357,177,4715
2483,2425,2454,58,4908
2423,2556,2489,-133,4979
2250,2354,2302,-104,4604
2302,2488,2395,-186,4790
2391,2285,2338,106,4676
2520,2470,2495,50,4990
2408,2483,2445,-75,4891
2380,2292,2336,88,4672
2663,2150,2406,513,4813
2332,2336,2334,-4,4668
2384,2476,2430,-92,4860
2417,2492,2454,-75,4909
2444,2384,2414,60,4828
2345,2540,2442,-195,4885
2547,2226,2386,321,4773
2459,2473,2466,-14,4932
2430,2198,2314,232,4628
2416,2351,2383,65,4767
2585,2208,2396,377,4793
2398,2452,2425,-54,4850
2351,2440,2395,-89,4791
2187,2559,2373,-372,4746
2433,2543,2488,-110,4976
2295,2563,2429,-268,4858
2458,2321,2389,137,4779
2423,2484,2453,-61,4907
2384,2431,2407,-47,4815
2263,2434,2348,-171,4697
2362,2259,2310,103,4621
2249,2482,2365,-233,4731
2406,2375,2390,31,4781
2235,2571,2403,-336,4806
2283,2395,2339,-112,4678
2497,2131,2314,366,4628
2479,2448,2463,31,4927
2194,2527,2360,-333,4721
2568,2312,2440,256,4880
2314,2567,2440,-253,4881
2417,2522,2469,-105,4939
2252,2471,2361,-219,4723
2407,2225,2316,182,4632
2403,2590,2496,-187,4993
2316,2422,2369,-106,4738
2443,2395,2419,48,4838
2384,2309,2346,75,4693
2330,2464,2397,-134,4794
2389,2576,2482,-187,4965
2447,2263,2355,184,4710
2417,2290,2353,127,4707
2404,2307,2355,97,4711
2244,2500,2372,-256,4744
2471,2334,2402,137,4805
2614,2309,2461,305,4923
2334,2279,2306,55,4613
2236,2638,2437,-402,4874
2485,2141,2313,344,4626
2418,2326,2372,92,4744
2166,2443,2304,-277,4609
2160,2449,2304,-289,4609
2277,2426,2351,-149,4703
2514,2429,2471,85,4943
2198,2500,2349,-302,4698
2462,2536,2499,-74,4998
2230,2393,2311,-163,4623
2511,2374,2442,137,4885
2393,2454,2423,-61,4847
2586,2325,2455,261,4911
2500,2191,2345,309,4691
2252,2399,2325,-147,4651
2026,2655,2340,-629,4681
2302,2470,2386,-168,4772
2320,2440,2380,-120,4760
2480,2495,2487,-15,4975
2381,2236,2308,145,4617
2271,2428,2349,-157,4699
2282,2423,2352,-141,4705
2438,2329,2383,109,4767
2216,2399,2307,-183,4615
2383,2560,2471,-177,4943
2231,2404,2317,-173,4635
2503,2223,2363,280,4726
2395,2356,2375,39,4751
2328,2417,2372,-89,4745
2348,2320,2334,28,4668
2116,2603,2359,-487,4719
2567,2259,2413,308,4826
2270,2687,2478,-417,4957
2520,2172,2346,348,4692
2515,2257,2386,258,4772
2435,2217,2326,218,4652
2510,2376,2443,134,4886
2412,2491,2451,-79,4903
2546,2416,2481,130,4962
2344,2413,2378,-69,4757
2611,2331,2471,280,4942
2315,2568,2441,-253,4883
2442,2422,2432,20,4864
2410,2411,2410,-1,4821
2170,2457,2313,-287,4627
2298,2522,2410,-224,4820
2499,2428,2463,71,4927
2515,2395,2455,120,4910
2339,2429,2384,-90,4768
2240,2568,2404,-328,4808
2441,2511,2476,-70,4952
2442,2174,2308,268,4616
2430,2244,2337,186,4674
2439,2216,2327,223,4655
2549,2451,2500,98,5000
2462,2438,2450,24,4900
2454,2460,2457,-6,4914
2412,2527,2469,-115,4939
2454,2280,2367,174,4734
2572,2316,2444,256,4888
2102,2503,2302,-401,4605
2400,2459,2429,-59,4859
2442,2204,2323,238,4646
2358,2482,2420,-124,4840
2407,2586,2496,-179,4993
2409,2264,2336,145,4673
2498,2303,2400,195,4801
2253,2426,2339,-173,4679
2613,2231,2422,382,4844
2430,2527,2478,-97,4957
2370,2455,2412,-85,4825
2579,2407,2493,172,4986
2379,2272,2325,107,4651
2285,2332,2308,-47,4617
2430,2374,2402,56,4804
2201,2428,2314,-227,4629
2426,2192,2309,234,4618
2375,2465,2420,-90,4840
2563,2220,2391,343,4783
2293,2529,2411,-236,4822
2601,2306,2453,295,4907
2240,2465,2352,-225,4705
2334,2409,2371,-75,4743
2380,2228,2304,152,4608
2628,2336,2482,292,4964
2389,2376,2382,13,4765
2288,2429,2358,-141,4717
2489,2389,2439,100,4878
2342,2533,2437,-191,4875
2238,2422,2330,-184,4660
2445,2553,2499,-108,4998
2451,2206,2328,245,4657
2400,2562,2481,-162,4962
2401,2597,2499,-196,4998
2442,2528,2485,-86,4970
2511,2366,2438,145,4877
2127,2524,2325,-397,4651
2303,2555,2429,-252,4858
2479,2187,2333,292,4666
2482,2361,2421,121,4843
2266,2661,2463,-395,4927
2365,2440,2402,-75,4805
2157,2492,2324,-335,4649
2276,2385,2330,-109,4661
2268,2509,2388,-241,4777
2400,2479,2439,-79,4879
2279,2462,2370,-183,4741
2228,2419,2323,-191,4647
2368,2432,2400,-64,4800
2454,2202,2328,252,4656
2278,2442,2360,-164,4720
2376,2364,2370,12,4740
2285,2434,2359,-149,4719
2454,2292,2373,162,4746
2414,2323,2368,91,4737
2411,2400,2405,11,4811
2395,2438,2416,-43,4833
2379,2324,2351,55,4703
2365,2449,2407,-84,4814
2477,2430,2453,47,4907
2214,2547,2380,-333,4761
2459,2414,2436,45,4873
2363,2577,2470,-214,4940
2413,2452,2432,-39,4865
2428,2278,2353,150,4706
2316,2343,2329,-27,4659
2314,2423,2368,-109,4737
2392,2277,2334,115,4669
2393,2224,2308,169,4617
2257,2407,2332,-150,4664
2566,2357,2461,209,4923
2212,2429,2320,-217,4641
2407,2564,2485,-157,4971
2217,2417,2317,-200,4634
2313,2504,2408,-191,4817
2460,2521,2490,-61,4981
2162,2447,2304,-285,4609
2557,2309,2433,248,4866
2568,2283,2425,285,4851
2418,2266,2342,152,4684
2298,2499,2398,-201,4797
2330,2427,2378,-97,4757
2162,2551,2356,-389,4713
2537,2245,2391,292,4782
2428,2375,2401,53,4803
2398,2530,2464,-132,4928
2433,2251,2342,182,4684
2458,2204,2331,254,4662
2482,2271,2376,211,4753
2224,2409,2316,-185,4633
2527,2335,2431,192,4862
2537,2245,2391,292,4782
2490,2397,2443,93,4887
2384,2320,2352,64,4704
2430,2400,2415,30,4830
2274,2555,2414,-281,4829
2428,2273,2350,155,4701
2427,2256,2341,171,4683
2468,2276,2372,192,4744
2175,2524,2349,-349,4699
2138,2493,2315,-355,4631
2329,2436,2382,-107,4765
2369,2250,2309,119,4619
2372,2464,2418,-92,4836
2321,2434,2377,-113,4755
2673,1970,2321,703,4643
2238,2392,2315,-154,4630
2510,2354,2432,156,4864
2231,2410,2320,-179,4641
2398,2212,2305,186,4610
2285,2433,2359,-148,4718
2533,2424,2478,109,4957
2477,2424,2450,53,4901
2577,2214,2395,363,4791
2466,2465,2465,1,4931
2425,2435,2430,-10,4860
2436,2285,2360,151,4721
2598,2123,2360,475,4721
2280,2572,2426,-292,4852
2529,2115,2322,414,4644
2527,2380,2453,147,4907
2327,2528,2427,-201,4855
2386,2362,2374,24,4748
2404,2557,2480,-153,4961
2370,2263,2316,107,4633
2438,2437,2437,1,4875
2387,2229,2308,158,4616
2508,2242,2375,266,4750
2402,2557,2479,-155,4959
2278,2430,2354,-152,4708
2458,2329,2393,129,4787
2371,2306,2338,65,4677
2495,2289,2392,206,4784
2435,2409,2422,26,4844
2287,2469,2378,-182,4756
2445,2512,2478,-67,4957
2380,2531,2455,-151,4911
2435,2350,2392,85,4785
2526,2296,2411,230,4822
2198,2418,2308,-220,4616
2482,2428,2455,54,4910
2402,2438,2420,-36,4840
2583,2336,2459,247,4919
2321,2547,2434,-226,4868
2250,2393,2321,-143,4643
2427,2213,2320,214,4640
2392,2228,2310,164,4620
2573,2210,2391,363,4783
2448,2507,2477,-59,4955
2255,2378,2316,-123,4633
2332,2490,2411,-158,4822
2366,2532,2449,-166,4898
2386,2461,2423,-75,4847
2343,2259,2301,84,4602
2153,2704,2428,-551,4857
2590,2201,2395,389,4791
2423,2533,2478,-110,4956
2183,2487,2335,-304,4670
2384,2486,2435,-102,4870
2405,2463,2434,-58,4868
2346,2562,2454,-216,4908
2362,2481,2421,-119,4843
2499,2240,2369,259,4739
2647,2341,2494,306,4988
2289,2320,2304,-31,4609
2516,2243,2379,273,4759
2456,2433,2444,23,4889
2423,2371,2397,52,4794
2481,2357,2419,124,4838
2549,2250,2399,299,4799
2502,2488,2495,14,4990
2449,2405,2427,44,4854
2189,2441,2315,-252,4630
2508,2291,2399,217,4799
2418,2549,2483,-131,4967
2119,2518,2318,-399,4637
2343,2397,2370,-54,4740
2462,2254,2358,208,4716
2551,2336,2443,215,4887
2261,2367,2314,-106,4628
2299,2448,2373,-149,4747
2402,2561,2481,-159,4963
2407,2275,2341,132,4682
2493,2228,2360,265,4721
2278,2378,2328,-100,4656
2519,2301,2410,218,4820
2418,2507,2462,-89,4925
2469,2172,2320,297,4641
2304,2371,2337,-67,4675
2203,2553,2378,-350,4756
2435,2266,2350,169,4701
1989,2630,2309,-641,4619
2505,2351,2428,154,4856
2167,2469,2318,-302,4636
2616,2002,2309,614,4618
2157,2462,2309,-305,4619
2403,2385,2394,18,4788
2332,2477,2404,-145,4809
2357,2332,2344,25,4689
2276,2541,2408,-265,4817
2457,2337,2397,120,4794
2311,2639,2475,-328,4950
2024,2598,2311,-574,4622
2225,2586,2405,-361,4811
2502,2289,2395,213,4791
2564,2357,2460,207,4921
2421,2517,2469,-96,4938
2518,2378,2448,140,4896
2551,2179,2365,372,4730
2192,2416,2304,-224,4608
2558,2263,2410,295,4821
2315,2573,2444,-258,4888
2237,2542,2389,-305,4779
2532,2443,2487,89,4975
2365,2593,2479,-228,4958
2334,2355,2344,-21,4689
2320,2565,2442,-245,4885
2346,2276,2311,70,4622
2600,2084,2342,516,4684
2414,2285,2349,129,4699
2459,2347,2403,112,4806
2684,2251,2467,433,4935
2189,2590,2389,-401,4779
2559,2303,2431,256,4862
2436,2249,2342,187,4685
2500,2309,2404,191,4809
2350,2487,2418,-137,4837
2485,2420,2452,65,4905
2473,2400,2436,73,4873
2525,2227,2376,298,4752
2353,2527,2440,-174,4880
1965,2656,2310,-691,4621
2403,2342,2372,61,4745
2207,2413,2310,-206,4620
2313,2513,2413,-200,4826
2286,2440,2363,-154,4726
2495,2448,2471,47,4943
2340,2423,2381,-83,4763
2305,2369,2337,-64,4674
2227,2468,2347,-241,4695
2509,2452,2480,57,4961
2239,2383,2311,-144,4622
2440,2512,2476,-72,4952
2273,2398,2335,-125,4671
2568,2407,2487,161,4975
2363,2244,2303,119,4607
2426,2230,2328,196,4656
2525,2371,2448,154,4896
2359,2473,2416,-114,4832
2472,2380,2426,92,4852
2300,2527,2413,-227,4827
2479,2302,2390,177,4781
2431,2558,2494,-127,4989
2385,2380,2382,5,4765
2562,2403,2482,159,4965
2554,2378,2466,176,4932
2599,2026,2312,573,4625
2242,2475,2358,-233,4717
2432,2303,2367,129,4735
2379,2294,2336,85,4673
2528,2384,2456,144,4912
2366,2500,2433,-134,4866
2172,2525,2348,-353,4697
2246,2516,2381,-270,4762
2323,2329,2326,-6,4652
2359,2307,2333,52,4666
2500,2300,2400,200,4800
2355,2525,2440,-170,4880
2470,2208,2339,262,4678
2338,2365,2351,-27,4703
2448,2371,2409,77,4819
2565,2332,2448,233,4897
2297,2337,2317,-40,4634
2394,2288,2341,106,4682
2300,2458,2379,-158,4758
2526,2294,2410,232,4820
2422,2420,2421,2,4842
2157,2481,2319,-324,4638
2291,2552,2421,-261,4843
2365,2452,2408,-87,4817
2450,2440,2445,10,4890
2398,2551,2474,-153,4949
2339,2579,2459,-240,4918
2361,2409,2385,-48,4770
2461,2513,2487,-52,4974
2355,2324,2339,31,4679
2427,2274,2350,153,4701
2560,2237,2398,323,4797
2259,2361,2310,-102,4620
2435,2419,2427,16,4854
2646,2336,2491,310,4982
2481,2304,2392,177,4785
2253,2508,2380,-255,4761
2470,2375,2422,95,4845
2453,2511,2482,-58,4964
2227,2456,2341,-229,4683
2547,2310,2428,237,4857
2328,2275,2301,53,4603
2376,2368,2372,8,4744
2550,2323,2436,227,4873
2512,2412,2462,100,4924
2475,2341,2408,134,4816
2238,2397,2317,-159,4635
2108,2521,2314,-413,4629
2471,2416,2443,55,4887
2463,2311,2387,152,4774
2409,2297,2353,112,4706
2507,2276,2391,231,4783
2238,2379,2308,-141,4617
2515,2401,2458,114,4916
2619,2270,2444,349,4889
2402,2260,2331,142,4662
2344,2480,2412,-136,4824
2440,2433,2436,7,4873
2412,2322,2367,90,4734
2292,2654,2473,-362,4946
2465,2365,2415,100,4830
2356,2442,2399,-86,4798
2451,2203,2327,248,4654
2355,2308,2331,47,4663
2111,2557,2334,-446,4668
2192,2461,2326,-269,4653
2488,2251,2369,237,4739
2164,2503,2333,-339,4667
2390,2300,2345,90,4690
2486,2320,2403,166,4806
2496,2486,2491,10,4982
2479,2427,2453,52,4906
2213,2530,2371,-317,4743
2474,2254,2364,220,4728
2260,2571,2415,-311,4831
2356,2423,2389,-67,4779
2501,2441,2471,60,4942
2470,2205,2337,265,4675
2595,2156,2375,439,4751
2356,2603,2479,-247,4959
2505,2492,2498,13,4997
2328,2471,2399,-143,4799
2456,2202,2329,254,4658
2520,2306,2413,214,4826
2265,2434,2349,-169,4699
2507,2152,2329,355,4659
2336,2598,2467,-262,4934
2213,2455,2334,-242,4668
2456,2327,2391,129,4783
2209,2403,2306,-194,4612
2393,2402,2397,-9,4795
2560,2285,2422,275,4845
2443,2243,2343,200,4686
2609,2221,2415,388,4830
2262,2349,2305,-87,4611
2438,2499,2468,-61,4937
2543,2354,2448,189,4897
2290,2512,2401,-222,4802
2616,2032,2324,584,4648
2370,2312,2341,58,4682
2316,2520,2418,-204,4836
2225,2406,2315,-181,4631
2412,2475,2443,-63,4887
2373,2511,2442,-138,4884
2185,2494,2339,-309,4679
2504,2256,2380,248,4760
2298,2615,2456,-317,4913
2282,2339,2310,-57,4621
2412,2366,2389,46,4778
2267,2359,2313,-92,4626
2381,2314,2347,67,4695
2252,2365,2308,-113,4617
2427,2325,2376,102,4752
2472,2358,2415,114,4830
2491,2421,2456,70,4912
2718,2235,2476,483,4953
2575,2411,2493,164,4986
2235,2663,2449,-428,4898
2126,2488,2307,-362,4614
2243,2504,2373,-261,4747
2342,2361,2351,-19,4703
2388,2392,2390,-4,4780
2317,2337,2327,-20,4654
2559,2290,2424,269,4849
2412,2369,2390,43,4781
2460,2539,2499,-79,4999
2249,2376,2312,-127,4625
2620,2376,2498,244,4996
2308,2348,2328,-40,4656
2391,2513,2452,-122,4904
