WhiteElo,BlackElo,MeanElos,DiffElos,SumElos,Class
1813,1643,1728,170,3456,novice
2406,2147,2276,259,4553,average
2054,2099,2076,-45,4153,novice
2250,2132,2191,118,4382,average
1942,1663,1802,279,3605,novice
2332,2334,2333,-2,4666,master
1933,2207,2070,-274,4140,novice
2133,2214,2173,-81,4347,average
2207,2402,2304,-195,4609,master
2607,1765,2186,842,4372,average
1962,2057,2009,-95,4019,novice
2311,2352,2331,-41,4663,master
1934,1792,1863,142,3726,novice
1827,1540,1683,287,3367,novice
2706,2713,2709,-7,5419,grandmaster
1381,1735,1558,-354,3116,novice
1945,2171,2058,-226,4116,novice
2548,2475,2511,73,5023,grandmaster
1962,2061,2011,-99,4023,novice
1766,2053,1909,-287,3819,novice
1769,1799,1784,-30,3568,novice
1828,2030,1929,-202,3858,novice
2065,2282,2173,-217,4347,average
1903,1633,1768,270,3536,novice
2552,2331,2441,221,4883,master
2253,2156,2204,97,4409,average
2087,2372,2229,-285,4459,average
1861,1513,1687,348,3374,novice
2577,2574,2575,3,5151,grandmaster
1585,1613,1599,-28,3198,novice
1612,1580,1596,32,3192,novice
2069,2515,2292,-446,4584,average
2090,1658,1874,432,3748,novice
2250,2122,2186,128,4372,average
2013,2245,2129,-232,4258,average
2050,2088,2069,-38,4138,novice
1846,2337,2091,-491,4183,novice
1788,2212,2000,-424,4000,novice
1965,2083,2024,-118,4048,novice
2298,2202,2250,96,4500,average
2330,2151,2240,179,4481,average
1915,1803,1859,112,3718,novice
2398,2053,2225,345,4451,average
2167,1758,1962,409,3925,novice
1818,1837,1827,-19,3655,novice
2172,2351,2261,-179,4523,average
2525,2150,2337,375,4675,master
1641,1543,1592,98,3184,novice
2311,2492,2401,-181,4803,master
2379,2091,2235,288,4470,average
2039,1872,1955,167,3911,novice
2129,2003,2066,126,4132,novice
2190,2306,2248,-116,4496,average
2091,2419,2255,-328,4510,average
1894,2465,2179,-571,4359,average
1683,2086,1884,-403,3769,novice
2231,1858,2044,373,4089,novice
2221,1981,2101,240,4202,average
1640,1464,1552,176,3104,novice
2229,2051,2140,178,4280,average
2142,1858,2000,284,4000,novice
2159,2076,2117,83,4235,average
1649,2188,1918,-539,3837,novice
1978,2186,2082,-208,4164,novice
2312,2011,2161,301,4323,average
1904,2091,1997,-187,3995,novice
1657,2123,1890,-466,3780,novice
1651,1508,1579,143,3159,novice
2666,2548,2607,118,5214,grandmaster
2032,2279,2155,-247,4311,average
2206,1969,2087,237,4175,novice
2603,2417,2510,186,5020,grandmaster
2138,1835,1986,303,3973,novice
2078,2639,2358,-561,4717,master
1989,2174,2081,-185,4163,novice
2084,2461,2272,-377,4545,average
2149,2446,2297,-297,4595,average
1960,2044,2002,-84,4004,novice
1974,2140,2057,-166,4114,novice
1313,1842,1577,-529,3155,novice
1897,1475,1686,422,3372,novice
2427,2202,2314,225,4629,master
1854,1705,1779,149,3559,novice
2645,2464,2554,181,5109,grandmaster
1846,1765,1805,81,3611,novice
2048,1848,1948,200,3896,novice
1915,2105,2010,-190,4020,novice
2250,2507,2378,-257,4757,master
1735,1822,1778,-87,3557,novice
1904,2030,1967,-126,3934,novice
1967,2215,2091,-248,4182,novice
2274,1797,2035,477,4071,novice
1937,2155,2046,-218,4092,novice
2128,1965,2046,163,4093,novice
1848,2074,1961,-226,3922,novice
1814,2042,1928,-228,3856,novice
1872,2288,2080,-416,4160,novice
2292,2593,2442,-301,4885,master
2465,2710,2587,-245,5175,grandmaster
2457,2201,2329,256,4658,master
2177,2024,2100,153,4201,novice
1679,1780,1729,-101,3459,novice
2176,2359,2267,-183,4535,average
1949,1803,1876,146,3752,novice
2272,2445,2358,-173,4717,master
2066,2198,2132,-132,4264,average
1778,2025,1901,-247,3803,novice
2082,1884,1983,198,3966,novice
2314,2552,2433,-238,4866,master
1898,2460,2179,-562,4358,average
2315,2456,2385,-141,4771,master
2286,2255,2270,31,4541,average
1611,1825,1718,-214,3436,novice
2318,1767,2042,551,4085,novice
2269,2058,2163,211,4327,average
1836,2301,2068,-465,4137,novice
2342,2259,2300,83,4601,average
2007,1889,1948,118,3896,novice
1902,2117,2009,-215,4019,novice
2647,2556,2601,91,5203,grandmaster
2285,2356,2320,-71,4641,master
1634,1610,1622,24,3244,novice
1817,1528,1672,289,3345,novice
2376,1871,2123,505,4247,average
1698,1754,1726,-56,3452,novice
2138,2335,2236,-197,4473,average
1950,2083,2016,-133,4033,novice
1772,1753,1762,19,3525,novice
1980,2212,2096,-232,4192,novice
2025,2103,2064,-78,4128,novice
1990,1820,1905,170,3810,novice
2327,2463,2395,-136,4790,master
2480,1931,2205,549,4411,average
1865,1770,1817,95,3635,novice
2108,1867,1987,241,3975,novice
1908,1755,1831,153,3663,novice
2364,1880,2122,484,4244,average
2111,2025,2068,86,4136,novice
1924,1707,1815,217,3631,novice
2380,2239,2309,141,4619,master
1726,1999,1862,-273,3725,novice
1583,1880,1731,-297,3463,novice
2273,2032,2152,241,4305,average
1975,1731,1853,244,3706,novice
1916,2221,2068,-305,4137,novice
2072,1743,1907,329,3815,novice
2202,1941,2071,261,4143,novice
2188,1915,2051,273,4103,novice
1824,1940,1882,-116,3764,novice
2663,2521,2592,142,5184,grandmaster
2391,2473,2432,-82,4864,master
1986,1642,1814,344,3628,novice
2170,2018,2094,152,4188,novice
1836,2096,1966,-260,3932,novice
2200,2139,2169,61,4339,average
1741,2095,1918,-354,3836,novice
2135,2258,2196,-123,4393,average
2121,2207,2164,-86,4328,average
2355,2166,2260,189,4521,average
1790,1727,1758,63,3517,novice
1950,1912,1931,38,3862,novice
1926,2126,2026,-200,4052,novice
2018,1847,1932,171,3865,novice
2006,1998,2002,8,4004,novice
2476,2287,2381,189,4763,master
2598,2461,2529,137,5059,grandmaster
1872,1718,1795,154,3590,novice
2350,2547,2448,-197,4897,master
2571,2084,2327,487,4655,master
2399,2404,2401,-5,4803,master
1616,1483,1549,133,3099,novice
2346,2259,2302,87,4605,master
1829,1532,1680,297,3361,novice
1955,1919,1937,36,3874,novice
1577,1809,1693,-232,3386,novice
1993,1812,1902,181,3805,novice
2221,2336,2278,-115,4557,average
2100,1940,2020,160,4040,novice
2032,1932,1982,100,3964,novice
1731,2063,1897,-332,3794,novice
2194,1905,2049,289,4099,novice
1527,2054,1790,-527,3581,novice
2509,2322,2415,187,4831,master
1828,2102,1965,-274,3930,novice
2108,1962,2035,146,4070,novice
2116,1608,1862,508,3724,novice
1881,2101,1991,-220,3982,novice
1949,2003,1976,-54,3952,novice
2458,2576,2517,-118,5034,grandmaster
2655,2541,2598,114,5196,grandmaster
2147,1768,1957,379,3915,novice
2208,2384,2296,-176,4592,average
1744,2045,1894,-301,3789,novice
2046,2245,2145,-199,4291,average
2333,1803,2068,530,4136,novice
2217,2436,2326,-219,4653,master
2632,2706,2669,-74,5338,grandmaster
2122,2058,2090,64,4180,novice
2390,2514,2452,-124,4904,master
2296,2185,2240,111,4481,average
2305,2143,2224,162,4448,average
1983,1358,1670,625,3341,novice
2474,2463,2468,11,4937,master
2661,2631,2646,30,5292,grandmaster
2130,2002,2066,128,4132,novice
1822,2200,2011,-378,4022,novice
2008,1854,1931,154,3862,novice
1858,1680,1769,178,3538,novice
2076,2324,2200,-248,4400,average
1278,1688,1483,-410,2966,novice
2229,2078,2153,151,4307,average
1952,1597,1774,355,3549,novice
2327,2391,2359,-64,4718,master
2131,1708,1919,423,3839,novice
1957,2142,2049,-185,4099,novice
2507,2552,2529,-45,5059,grandmaster
2354,2301,2327,53,4655,master
1862,1998,1930,-136,3860,novice
2111,1852,1981,259,3963,novice
1862,2119,1990,-257,3981,novice
1972,2096,2034,-124,4068,novice
1966,1800,1883,166,3766,novice
1965,2084,2024,-119,4049,novice
1394,1886,1640,-492,3280,novice
2241,2054,2147,187,4295,average
2063,1833,1948,230,3896,novice
1847,2215,2031,-368,4062,novice
2378,1952,2165,426,4330,average
2412,2063,2237,349,4475,average
1640,1795,1717,-155,3435,novice
2247,2166,2206,81,4413,average
1766,2105,1935,-339,3871,novice
1926,1753,1839,173,3679,novice
2168,2148,2158,20,4316,average
1604,1718,1661,-114,3322,novice
2638,2706,2672,-68,5344,grandmaster
2396,2625,2510,-229,5021,grandmaster
2065,2204,2134,-139,4269,average
1757,1818,1787,-61,3575,novice
2615,2722,2668,-107,5337,grandmaster
1946,1805,1875,141,3751,novice
2067,1893,1980,174,3960,novice
2026,2196,2111,-170,4222,average
2396,2242,2319,154,4638,master
1958,1206,1582,752,3164,novice
1794,2035,1914,-241,3829,novice
2202,2285,2243,-83,4487,average
2347,2095,2221,252,4442,average
1637,1347,1492,290,2984,novice
2129,2489,2309,-360,4618,master
2299,2136,2217,163,4435,average
2120,2145,2132,-25,4265,average
1701,1992,1846,-291,3693,novice
2518,2420,2469,98,4938,master
2019,2399,2209,-380,4418,average
2002,2201,2101,-199,4203,average
2159,2191,2175,-32,4350,average
1918,1618,1768,300,3536,novice
2565,2477,2521,88,5042,grandmaster
2068,1964,2016,104,4032,novice
1656,1791,1723,-135,3447,novice
1647,1318,1482,329,2965,novice
2305,2529,2417,-224,4834,master
1694,2022,1858,-328,3716,novice
1978,1931,1954,47,3909,novice
1634,2121,1877,-487,3755,novice
2265,2151,2208,114,4416,average
1545,1879,1712,-334,3424,novice
2462,2508,2485,-46,4970,master
2470,2625,2547,-155,5095,grandmaster
1987,2147,2067,-160,4134,novice
1718,2150,1934,-432,3868,novice
2226,2598,2412,-372,4824,master
2176,2010,2093,166,4186,novice
2019,1918,1968,101,3937,novice
2013,2132,2072,-119,4145,novice
1585,1941,1763,-356,3526,novice
1611,1765,1688,-154,3376,novice
1999,1956,1977,43,3955,novice
1989,2158,2073,-169,4147,novice
1474,1906,1690,-432,3380,novice
1891,1650,1770,241,3541,novice
2310,2445,2377,-135,4755,master
2342,2357,2349,-15,4699,master
2134,1984,2059,150,4118,novice
2083,2015,2049,68,4098,novice
1796,2189,1992,-393,3985,novice
1633,2014,1823,-381,3647,novice
2708,2779,2743,-71,5487,grandmaster
1981,1740,1860,241,3721,novice
2201,1910,2055,291,4111,novice
2207,1926,2066,281,4133,novice
2123,2001,2062,122,4124,novice
1724,1633,1678,91,3357,novice
1626,1905,1765,-279,3531,novice
2236,2111,2173,125,4347,average
2002,2288,2145,-286,4290,average
2114,1932,2023,182,4046,novice
2092,1961,2026,131,4053,novice
1439,1912,1675,-473,3351,novice
2084,2002,2043,82,4086,novice
2518,2348,2433,170,4866,master
1995,1846,1920,149,3841,novice
2164,2212,2188,-48,4376,average
1952,2245,2098,-293,4197,novice
1972,2140,2056,-168,4112,novice
2189,2086,2137,103,4275,average
2524,2386,2455,138,4910,master
2406,2426,2416,-20,4832,master
2003,1734,1868,269,3737,novice
1791,2118,1954,-327,3909,novice
2486,1738,2112,748,4224,average
2004,1930,1967,74,3934,novice
2008,1770,1889,238,3778,novice
2199,2475,2337,-276,4674,master
1963,1974,1968,-11,3937,novice
1908,1592,1750,316,3500,novice
1655,1936,1795,-281,3591,novice
1587,1949,1768,-362,3536,novice
1859,2102,1980,-243,3961,novice
1820,2058,1939,-238,3878,novice
2371,2461,2416,-90,4832,master
2026,1942,1984,84,3968,novice
2348,2078,2213,270,4426,average
1833,2313,2073,-480,4146,novice
1871,2049,1960,-178,3920,novice
1934,2101,2017,-167,4035,novice
1922,1781,1851,141,3703,novice
1864,2127,1995,-263,3991,novice
2510,2374,2442,136,4884,master
1794,2002,1898,-208,3796,novice
1800,1918,1859,-118,3718,novice
2254,2153,2203,101,4407,average
1673,1944,1808,-271,3617,novice
2403,2364,2383,39,4767,master
2171,2250,2210,-79,4421,average
1847,2143,1995,-296,3990,novice
1969,1768,1868,201,3737,novice
1876,2225,2050,-349,4101,novice
2378,2258,2318,120,4636,master
1772,1922,1847,-150,3694,novice
2442,2274,2358,168,4716,master
1684,1933,1808,-249,3617,novice
1921,2066,1993,-145,3987,novice
1851,2521,2186,-670,4372,average
2356,2186,2271,170,4542,average
2012,1783,1897,229,3795,novice
1833,2042,1937,-209,3875,novice
2072,2271,2171,-199,4343,average
1892,1945,1918,-53,3837,novice
2379,2556,2467,-177,4935,master
2079,1904,1991,175,3983,novice
1613,2529,2071,-916,4142,novice
2046,1885,1965,161,3931,novice
2315,2466,2390,-151,4781,master
2438,2398,2418,40,4836,master
2038,1585,1811,453,3623,novice
1965,2001,1983,-36,3966,novice
2100,1713,1906,387,3813,novice
2046,2405,2225,-359,4451,average
2468,2235,2351,233,4703,master
1927,1937,1932,-10,3864,novice
2007,1718,1862,289,3725,novice
2011,1966,1988,45,3977,novice
2094,1797,1945,297,3891,novice
2241,2510,2375,-269,4751,master
2486,2629,2557,-143,5115,grandmaster
2021,1934,1977,87,3955,novice
2291,2410,2350,-119,4701,master
1934,1897,1915,37,3831,novice
2168,2266,2217,-98,4434,average
2544,2631,2587,-87,5175,grandmaster
2416,2458,2437,-42,4874,master
1989,1792,1890,197,3781,novice
1347,1451,1399,-104,2798,novice
2308,2518,2413,-210,4826,master
2397,2183,2290,214,4580,average
1793,1662,1727,131,3455,novice
2170,2046,2108,124,4216,average
2259,2067,2163,192,4326,average
2059,2135,2097,-76,4194,novice
2477,2368,2422,109,4845,master
1857,1706,1781,151,3563,novice
1954,2421,2187,-467,4375,average
2341,2316,2328,25,4657,master
1963,1966,1964,-3,3929,novice
2138,2200,2169,-62,4338,average
1948,2083,2015,-135,4031,novice
2555,2590,2572,-35,5145,grandmaster
2713,2505,2609,208,5218,grandmaster
2157,2168,2162,-11,4325,average
1570,1859,1714,-289,3429,novice
2109,1981,2045,128,4090,novice
2150,1966,2058,184,4116,novice
1953,2187,2070,-234,4140,novice
2412,2646,2529,-234,5058,grandmaster
2230,2205,2217,25,4435,average
2043,2438,2240,-395,4481,average
1924,2067,1995,-143,3991,novice
2100,1570,1835,530,3670,novice
2505,2408,2456,97,4913,master
2148,1864,2006,284,4012,novice
1600,1940,1770,-340,3540,novice
1740,1963,1851,-223,3703,novice
2026,1890,1958,136,3916,novice
2086,1566,1826,520,3652,novice
2141,2423,2282,-282,4564,average
1875,2044,1959,-169,3919,novice
1969,2073,2021,-104,4042,novice
1965,2194,2079,-229,4159,novice
1714,1890,1802,-176,3604,novice
1800,1647,1723,153,3447,novice
1869,2054,1961,-185,3923,novice
2122,2296,2209,-174,4418,average
1851,1325,1588,526,3176,novice
2227,2021,2124,206,4248,average
2445,1899,2172,546,4344,average
1980,1894,1937,86,3874,novice
2487,2631,2559,-144,5118,grandmaster
2094,2163,2128,-69,4257,average
1830,2042,1936,-212,3872,novice
2360,1987,2173,373,4347,average
1920,2048,1984,-128,3968,novice
2253,2545,2399,-292,4798,master
1578,1960,1769,-382,3538,novice
2603,2022,2312,581,4625,master
1766,2072,1919,-306,3838,novice
2024,2137,2080,-113,4161,novice
2279,2237,2258,42,4516,average
1987,1791,1889,196,3778,novice
2207,2369,2288,-162,4576,average
2084,2103,2093,-19,4187,novice
1458,1836,1647,-378,3294,novice
1851,1285,1568,566,3136,novice
1614,1877,1745,-263,3491,novice
1587,1605,1596,-18,3192,novice
2411,2249,2330,162,4660,master
2168,2442,2305,-274,4610,master
1914,1899,1906,15,3813,novice
1949,2360,2154,-411,4309,average
1471,1654,1562,-183,3125,novice
2250,2250,2250,0,4500,average
2023,2125,2074,-102,4148,novice
1954,1899,1926,55,3853,novice
2328,2184,2256,144,4512,average
1675,1579,1627,96,3254,novice
2231,1976,2103,255,4207,average
2141,1915,2028,226,4056,novice
2060,1994,2027,66,4054,novice
2071,2323,2197,-252,4394,average
2237,2328,2282,-91,4565,average
2115,2446,2280,-331,4561,average
2258,2263,2260,-5,4521,average
2543,2605,2574,-62,5148,grandmaster
2003,1912,1957,91,3915,novice
2121,2003,2062,118,4124,novice
2240,2282,2261,-42,4522,average
1756,2190,1973,-434,3946,novice
1878,2024,1951,-146,3902,novice
1734,2211,1972,-477,3945,novice
1763,2107,1935,-344,3870,novice
2127,1865,1996,262,3992,novice
1790,2073,1931,-283,3863,novice
1956,1608,1782,348,3564,novice
1599,1438,1518,161,3037,novice
2404,2066,2235,338,4470,average
1603,1852,1727,-249,3455,novice
1867,2098,1982,-231,3965,novice
2286,2022,2154,264,4308,average
1896,1689,1792,207,3585,novice
2137,1901,2019,236,4038,novice
2073,2151,2112,-78,4224,average
1796,1899,1847,-103,3695,novice
1940,2123,2031,-183,4063,novice
1640,2003,1821,-363,3643,novice
1496,1774,1635,-278,3270,novice
2151,2218,2184,-67,4369,average
2149,2403,2276,-254,4552,average
2382,2055,2218,327,4437,average
2333,2215,2274,118,4548,average
1846,1421,1633,425,3267,novice
1981,1976,1978,5,3957,novice
2144,2221,2182,-77,4365,average
1920,2088,2004,-168,4008,novice
2001,1765,1883,236,3766,novice
2431,2412,2421,19,4843,master
2139,1573,1856,566,3712,novice
1797,1960,1878,-163,3757,novice
1759,1938,1848,-179,3697,novice
1939,1999,1969,-60,3938,novice
2557,2339,2448,218,4896,master
2378,2170,2274,208,4548,average
2644,2028,2336,616,4672,master
2137,2000,2068,137,4137,novice
1882,2071,1976,-189,3953,novice
2430,2470,2450,-40,4900,master
2261,1829,2045,432,4090,novice
2377,2071,2224,306,4448,average
1909,2083,1996,-174,3992,novice
1798,2006,1902,-208,3804,novice
1905,1666,1785,239,3571,novice
1599,1915,1757,-316,3514,novice
2001,2281,2141,-280,4282,average
2003,1657,1830,346,3660,novice
2270,2409,2339,-139,4679,master
2342,2245,2293,97,4587,average
1552,1487,1519,65,3039,novice
1786,2176,1981,-390,3962,novice
1590,1641,1615,-51,3231,novice
2104,1967,2035,137,4071,novice
2214,2080,2147,134,4294,average
1832,1551,1691,281,3383,novice
1683,2086,1884,-403,3769,novice
2056,2267,2161,-211,4323,average
2248,1738,1993,510,3986,novice
2019,1841,1930,178,3860,novice
2068,1884,1976,184,3952,novice
1886,2204,2045,-318,4090,novice
2598,2558,2578,40,5156,grandmaster
2422,2204,2313,218,4626,master
2017,1792,1904,225,3809,novice
1747,1842,1794,-95,3589,novice
2372,2427,2399,-55,4799,master
1995,1805,1900,190,3800,novice
2187,2307,2247,-120,4494,average
1655,1950,1802,-295,3605,novice
1849,2083,1966,-234,3932,novice
2155,2010,2082,145,4165,novice
1982,1788,1885,194,3770,novice
2017,2082,2049,-65,4099,novice
2361,2383,2372,-22,4744,master
2053,1774,1913,279,3827,novice
2184,1994,2089,190,4178,novice
2095,1898,1996,197,3993,novice
1746,2069,1907,-323,3815,novice
2065,1499,1782,566,3564,novice
2154,2243,2198,-89,4397,average
2004,2069,2036,-65,4073,novice
2113,1990,2051,123,4103,novice
2071,1820,1945,251,3891,novice
1891,2098,1994,-207,3989,novice
2161,1886,2023,275,4047,novice
2267,2619,2443,-352,4886,master
1920,1655,1787,265,3575,novice
2396,2127,2261,269,4523,average
2080,1955,2017,125,4035,novice
2470,2221,2345,249,4691,master
2280,2215,2247,65,4495,average
2155,2442,2298,-287,4597,average
2019,2217,2118,-198,4236,average
2194,2008,2101,186,4202,average
2287,2148,2217,139,4435,average
2014,1826,1920,188,3840,novice
1945,1796,1870,149,3741,novice
2285,2423,2354,-138,4708,master
1651,1435,1543,216,3086,novice
1864,2115,1989,-251,3979,novice
2397,2606,2501,-209,5003,grandmaster
2092,1930,2011,162,4022,novice
2073,1915,1994,158,3988,novice
1287,1484,1385,-197,2771,novice
2174,2026,2100,148,4200,novice
2296,2396,2346,-100,4692,master
2211,2281,2246,-70,4492,average
2123,2234,2178,-111,4357,average
1896,1563,1729,333,3459,novice
2058,2009,2033,49,4067,novice
2485,1693,2089,792,4178,novice
1912,1704,1808,208,3616,novice
1884,1712,1798,172,3596,novice
2396,2253,2324,143,4649,master
1682,2071,1876,-389,3753,novice
2208,2545,2376,-337,4753,master
2340,2384,2362,-44,4724,master
1867,2144,2005,-277,4011,novice
2281,2052,2166,229,4333,average
2434,2335,2384,99,4769,master
2022,2196,2109,-174,4218,average
1595,1446,1520,149,3041,novice
2676,2417,2546,259,5093,grandmaster
2121,2056,2088,65,4177,novice
2300,2270,2285,30,4570,average
1984,1979,1981,5,3963,novice
2216,2378,2297,-162,4594,average
2462,2288,2375,174,4750,master
2091,2441,2266,-350,4532,average
2059,2218,2138,-159,4277,average
2648,2388,2518,260,5036,grandmaster
2110,2664,2387,-554,4774,master
1994,1485,1739,509,3479,novice
2085,1955,2020,130,4040,novice
2193,1792,1992,401,3985,novice
2180,2075,2127,105,4255,average
2345,2509,2427,-164,4854,master
1737,1852,1794,-115,3589,novice
1845,1802,1823,43,3647,novice
2104,1993,2048,111,4097,novice
1733,2223,1978,-490,3956,novice
1573,2064,1818,-491,3637,novice
2421,2352,2386,69,4773,master
1846,1698,1772,148,3544,novice
2152,2419,2285,-267,4571,average
1796,2280,2038,-484,4076,novice
2083,1897,1990,186,3980,novice
2136,2320,2228,-184,4456,average
2186,1994,2090,192,4180,novice
1553,1883,1718,-330,3436,novice
2502,2651,2576,-149,5153,grandmaster
1813,2116,1964,-303,3929,novice
1889,2125,2007,-236,4014,novice
1747,1487,1617,260,3234,novice
2329,2514,2421,-185,4843,master
2053,1879,1966,174,3932,novice
2251,2235,2243,16,4486,average
2026,2306,2166,-280,4332,average
2321,2198,2259,123,4519,average
2316,2075,2195,241,4391,average
2287,2098,2192,189,4385,average
1654,1757,1705,-103,3411,novice
2429,2455,2442,-26,4884,master
1880,1931,1905,-51,3811,novice
2063,2255,2159,-192,4318,average
1970,2517,2243,-547,4487,average
2145,1921,2033,224,4066,novice
1967,2244,2105,-277,4211,average
1941,1892,1916,49,3833,novice
1897,2039,1968,-142,3936,novice
2646,1697,2171,949,4343,average
2242,2098,2170,144,4340,average
2070,2543,2306,-473,4613,master
1467,2119,1793,-652,3586,novice
2311,2371,2341,-60,4682,master
2324,2387,2355,-63,4711,master
1766,1887,1826,-121,3653,novice
2205,1828,2016,377,4033,novice
2370,2426,2398,-56,4796,master
2306,1950,2128,356,4256,average
2158,2411,2284,-253,4569,average
2229,2358,2293,-129,4587,average
1982,2523,2252,-541,4505,average
1875,2133,2004,-258,4008,novice
1991,2040,2015,-49,4031,novice
2025,2181,2103,-156,4206,average
1683,1824,1753,-141,3507,novice
2214,1922,2068,292,4136,novice
1658,1628,1643,30,3286,novice
1841,1534,1687,307,3375,novice
2025,2171,2098,-146,4196,novice
2194,2388,2291,-194,4582,average
2150,2560,2355,-410,4710,master
1738,1806,1772,-68,3544,novice
1659,1896,1777,-237,3555,novice
2402,2438,2420,-36,4840,master
1953,1726,1839,227,3679,novice
1796,1755,1775,41,3551,novice
1787,2257,2022,-470,4044,novice
2290,1791,2040,499,4081,novice
2076,1954,2015,122,4030,novice
2067,1926,1996,141,3993,novice
2063,2092,2077,-29,4155,novice
1737,1743,1740,-6,3480,novice
1279,1813,1546,-534,3092,novice
2158,1955,2056,203,4113,novice
2471,2097,2284,374,4568,average
1831,1969,1900,-138,3800,novice
2390,2548,2469,-158,4938,master
1627,1326,1476,301,2953,novice
1417,1764,1590,-347,3181,novice
2344,2464,2404,-120,4808,master
2056,1945,2000,111,4001,novice
2335,1520,1927,815,3855,novice
1759,1549,1654,210,3308,novice
2277,2216,2246,61,4493,average
2176,2214,2195,-38,4390,average
1935,2183,2059,-248,4118,novice
1931,2024,1977,-93,3955,novice
2225,2263,2244,-38,4488,average
2297,2154,2225,143,4451,average
1896,2006,1951,-110,3902,novice
1937,2174,2055,-237,4111,novice
1286,1367,1326,-81,2653,novice
2141,2035,2088,106,4176,novice
1629,1909,1769,-280,3538,novice
2155,2011,2083,144,4166,novice
2527,2019,2273,508,4546,average
1784,1588,1686,196,3372,novice
2052,2508,2280,-456,4560,average
2045,1931,1988,114,3976,novice
2017,2310,2163,-293,4327,average
2284,2458,2371,-174,4742,master
2230,2512,2371,-282,4742,master
1957,1987,1972,-30,3944,novice
2060,2512,2286,-452,4572,average
1946,1836,1891,110,3782,novice
2016,2048,2032,-32,4064,novice
2007,2054,2030,-47,4061,novice
2055,1692,1873,363,3747,novice
2296,2561,2428,-265,4857,master
2043,2592,2317,-549,4635,master
1761,1443,1602,318,3204,novice
2007,2186,2096,-179,4193,novice
2029,1601,1815,428,3630,novice
1951,1953,1952,-2,3904,novice
2110,2168,2139,-58,4278,average
2090,1905,1997,185,3995,novice
2058,2250,2154,-192,4308,average
1639,1834,1736,-195,3473,novice
2052,1881,1966,171,3933,novice
1683,2015,1849,-332,3698,novice
2349,2440,2394,-91,4789,master
2383,2296,2339,87,4679,master
1947,1833,1890,114,3780,novice
2068,2012,2040,56,4080,novice
2079,2213,2146,-134,4292,average
1906,2265,2085,-359,4171,novice
2022,2212,2117,-190,4234,average
1960,2238,2099,-278,4198,novice
1768,1673,1720,95,3441,novice
2189,2177,2183,12,4366,average
1620,2063,1841,-443,3683,novice
2275,1892,2083,383,4167,novice
1936,1710,1823,226,3646,novice
2010,1830,1920,180,3840,novice
1950,1839,1894,111,3789,novice
1586,2045,1815,-459,3631,novice
2247,2118,2182,129,4365,average
1938,1778,1858,160,3716,novice
2349,2157,2253,192,4506,average
2135,2494,2314,-359,4629,master
2324,2191,2257,133,4515,average
1915,1708,1811,207,3623,novice
2080,2030,2055,50,4110,novice
2271,2058,2164,213,4329,average
1902,2148,2025,-246,4050,novice
2122,1842,1982,280,3964,novice
2206,2403,2304,-197,4609,master
2011,2309,2160,-298,4320,average
2114,2216,2165,-102,4330,average
2047,2108,2077,-61,4155,novice
2115,1987,2051,128,4102,novice
1953,2140,2046,-187,4093,novice
2141,1920,2030,221,4061,novice
2616,2294,2455,322,4910,master
1868,1931,1899,-63,3799,novice
2165,2002,2083,163,4167,novice
2372,2469,2420,-97,4841,master
1933,2149,2041,-216,4082,novice
2072,2138,2105,-66,4210,average
2482,2660,2571,-178,5142,grandmaster
2239,2421,2330,-182,4660,master
1965,1637,1801,328,3602,novice
1559,1806,1682,-247,3365,novice
2019,1985,2002,34,4004,novice
1868,1808,1838,60,3676,novice
2360,2039,2199,321,4399,average
2148,2220,2184,-72,4368,average
2394,2181,2287,213,4575,average
1630,2047,1838,-417,3677,novice
1626,1795,1710,-169,3421,novice
2211,2082,2146,129,4293,average
1823,2401,2112,-578,4224,average
1918,1504,1711,414,3422,novice
2008,2015,2011,-7,4023,novice
2023,1802,1912,221,3825,novice
1282,1562,1422,-280,2844,novice
2256,2097,2176,159,4353,average
1833,2066,1949,-233,3899,novice
2696,2325,2510,371,5021,grandmaster
2137,2040,2088,97,4177,novice
1595,1888,1741,-293,3483,novice
1867,2048,1957,-181,3915,novice
1627,1621,1624,6,3248,novice
2205,2011,2108,194,4216,average
2122,1905,2013,217,4027,novice
1865,1531,1698,334,3396,novice
1916,2258,2087,-342,4174,novice
1930,1606,1768,324,3536,novice
2058,1962,2010,96,4020,novice
1814,2082,1948,-268,3896,novice
1867,2278,2072,-411,4145,novice
2034,2439,2236,-405,4473,average
1312,1820,1566,-508,3132,novice
2182,1984,2083,198,4166,novice
2242,2299,2270,-57,4541,average
2203,1862,2032,341,4065,novice
2030,1817,1923,213,3847,novice
1906,1628,1767,278,3534,novice
1981,2262,2121,-281,4243,average
2059,2324,2191,-265,4383,average
1726,1954,1840,-228,3680,novice
2240,2024,2132,216,4264,average
1857,2193,2025,-336,4050,novice
2522,2599,2560,-77,5121,grandmaster
1808,1904,1856,-96,3712,novice
2038,1766,1902,272,3804,novice
2040,1843,1941,197,3883,novice
1934,2046,1990,-112,3980,novice
2012,1867,1939,145,3879,novice
2339,2348,2343,-9,4687,master
1575,1906,1740,-331,3481,novice
2026,1950,1988,76,3976,novice
2390,2445,2417,-55,4835,master
2197,1813,2005,384,4010,novice
1883,1871,1877,12,3754,novice
2609,2490,2549,119,5099,grandmaster
2027,1779,1903,248,3806,novice
2423,2421,2422,2,4844,master
2024,2049,2036,-25,4073,novice
1463,2047,1755,-584,3510,novice
1838,1529,1683,309,3367,novice
1912,2050,1981,-138,3962,novice
1847,1762,1804,85,3609,novice
2087,2172,2129,-85,4259,average
1740,2030,1885,-290,3770,novice
2349,2403,2376,-54,4752,master
2252,2525,2388,-273,4777,master
2079,2348,2213,-269,4427,average
1486,1755,1620,-269,3241,novice
2072,2383,2227,-311,4455,average
2141,1970,2055,171,4111,novice
2095,1816,1955,279,3911,novice
1498,1714,1606,-216,3212,novice
2162,2394,2278,-232,4556,average
2181,1808,1994,373,3989,novice
1741,1325,1533,416,3066,novice
2478,2628,2553,-150,5106,grandmaster
2347,2530,2438,-183,4877,master
2350,2548,2449,-198,4898,master
2338,1752,2045,586,4090,novice
2015,2333,2174,-318,4348,average
1636,1543,1589,93,3179,novice
1964,1557,1760,407,3521,novice
2379,2166,2272,213,4545,average
1857,1955,1906,-98,3812,novice
1978,1981,1979,-3,3959,novice
1978,1754,1866,224,3732,novice
2058,2524,2291,-466,4582,average
2083,1870,1976,213,3953,novice
2256,2129,2192,127,4385,average
2552,2570,2561,-18,5122,grandmaster
1948,2574,2261,-626,4522,average
1660,1592,1626,68,3252,novice
1611,2144,1877,-533,3755,novice
1632,1928,1780,-296,3560,novice
1887,2135,2011,-248,4022,novice
1559,1804,1681,-245,3363,novice
1936,1998,1967,-62,3934,novice
1530,2067,1798,-537,3597,novice
1704,2004,1854,-300,3708,novice
1969,2484,2226,-515,4453,average
2441,2158,2299,283,4599,average
2195,2618,2406,-423,4813,master
2160,1903,2031,257,4063,novice
2414,2133,2273,281,4547,average
2275,2586,2430,-311,4861,master
1868,2156,2012,-288,4024,novice
2162,2011,2086,151,4173,novice
2436,2132,2284,304,4568,average
2310,1984,2147,326,4294,average
1369,1761,1565,-392,3130,novice
2206,1995,2100,211,4201,novice
1797,2016,1906,-219,3813,novice
1889,2001,1945,-112,3890,novice
2055,2550,2302,-495,4605,master
2129,2229,2179,-100,4358,average
2331,2301,2316,30,4632,master
1868,2013,1940,-145,3881,novice
1654,1623,1638,31,3277,novice
2060,2262,2161,-202,4322,average
1430,1291,1360,139,2721,novice
2373,2307,2340,66,4680,master
1335,1546,1440,-211,2881,novice
2219,2014,2116,205,4233,average
1657,2050,1853,-393,3707,novice
1893,2200,2046,-307,4093,novice
1915,2187,2051,-272,4102,novice
2217,1860,2038,357,4077,novice
1929,1688,1808,241,3617,novice
2039,2119,2079,-80,4158,novice
1940,2291,2115,-351,4231,average
1934,2071,2002,-137,4005,novice
2085,1971,2028,114,4056,novice
2626,2550,2588,76,5176,grandmaster
2455,1899,2177,556,4354,average
1983,2447,2215,-464,4430,average
1975,1785,1880,190,3760,novice
1822,1879,1850,-57,3701,novice
1909,2199,2054,-290,4108,novice
1909,1952,1930,-43,3861,novice
1788,2073,1930,-285,3861,novice
2380,2342,2361,38,4722,master
2314,2321,2317,-7,4635,master
2186,2023,2104,163,4209,average
1991,1839,1915,152,3830,novice
2460,2511,2485,-51,4971,master
1491,1504,1497,-13,2995,novice
1990,1872,1931,118,3862,novice
2020,1850,1935,170,3870,novice
2098,1907,2002,191,4005,novice
2425,2194,2309,231,4619,master
1906,2161,2033,-255,4067,novice
2203,1785,1994,418,3988,novice
1943,2070,2006,-127,4013,novice
1981,2247,2114,-266,4228,average
1615,1391,1503,224,3006,novice
1831,1705,1768,126,3536,novice
1964,1689,1826,275,3653,novice
2277,1576,1926,701,3853,novice
1318,1577,1447,-259,2895,novice
2157,2024,2090,133,4181,novice
2264,2037,2150,227,4301,average
2101,1605,1853,496,3706,novice
2455,2222,2338,233,4677,master
2055,1994,2024,61,4049,novice
2064,1873,1968,191,3937,novice
1729,2230,1979,-501,3959,novice
1874,1747,1810,127,3621,novice
2546,2408,2477,138,4954,master
2290,2204,2247,86,4494,average
1890,2121,2005,-231,4011,novice
2023,1726,1874,297,3749,novice
1643,1782,1712,-139,3425,novice
2028,1935,1981,93,3963,novice
1791,1589,1690,202,3380,novice
1796,1630,1713,166,3426,novice
2205,2151,2178,54,4356,average
1719,1891,1805,-172,3610,novice
2460,2345,2402,115,4805,master
2055,1777,1916,278,3832,novice
2236,2461,2348,-225,4697,master
1874,1437,1655,437,3311,novice
2167,2013,2090,154,4180,novice
1912,2124,2018,-212,4036,novice
2492,2283,2387,209,4775,master
2154,2097,2125,57,4251,average
2268,2354,2311,-86,4622,master
1827,2109,1968,-282,3936,novice
2274,2464,2369,-190,4738,master
1744,2285,2014,-541,4029,novice
1859,1509,1684,350,3368,novice
1790,1509,1649,281,3299,novice
2480,2273,2376,207,4753,master
2213,1696,1954,517,3909,novice
2006,1878,1942,128,3884,novice
1657,2037,1847,-380,3694,novice
1821,2140,1980,-319,3961,novice
1884,2059,1971,-175,3943,novice
2274,2536,2405,-262,4810,master
2246,1991,2118,255,4237,average
1876,1772,1824,104,3648,novice
1303,1433,1368,-130,2736,novice
2115,2528,2321,-413,4643,master
1745,1583,1664,162,3328,novice
2032,1538,1785,494,3570,novice
1809,1449,1629,360,3258,novice
1903,2107,2005,-204,4010,novice
2188,2468,2328,-280,4656,master
1960,1761,1860,199,3721,novice
1768,1928,1848,-160,3696,novice
2177,2178,2177,-1,4355,average
1865,1995,1930,-130,3860,novice
2094,1754,1924,340,3848,novice
1714,2128,1921,-414,3842,novice
1910,2142,2026,-232,4052,novice
2036,2128,2082,-92,4164,novice
2179,1997,2088,182,4176,novice
1727,1503,1615,224,3230,novice
1888,2195,2041,-307,4083,novice
2116,1949,2032,167,4065,novice
1827,2025,1926,-198,3852,novice
2439,2284,2361,155,4723,master
2561,2561,2561,0,5122,grandmaster
2356,2277,2316,79,4633,master
2013,2201,2107,-188,4214,average
1677,1473,1575,204,3150,novice
1975,2143,2059,-168,4118,novice
2044,1648,1846,396,3692,novice
2055,2406,2230,-351,4461,average
1857,2137,1997,-280,3994,novice
2141,2430,2285,-289,4571,average
2087,1946,2016,141,4033,novice
2186,2419,2302,-233,4605,master
1673,1244,1458,429,2917,novice
1985,1743,1864,242,3728,novice
1661,1456,1558,205,3117,novice
1967,2066,2016,-99,4033,novice
1957,2058,2007,-101,4015,novice
1797,1941,1869,-144,3738,novice
2060,1931,1995,129,3991,novice
1914,2000,1957,-86,3914,novice
2033,2131,2082,-98,4164,novice
2047,1799,1923,248,3846,novice
2227,1928,2077,299,4155,novice
2203,2139,2171,64,4342,average
1633,1592,1612,41,3225,novice
2102,2290,2196,-188,4392,average
1721,2037,1879,-316,3758,novice
1680,1890,1785,-210,3570,novice
2005,2112,2058,-107,4117,novice
1820,1637,1728,183,3457,novice
2209,1938,2073,271,4147,novice
1878,1750,1814,128,3628,novice
1625,1635,1630,-10,3260,novice
2117,2154,2135,-37,4271,average
1861,2080,1970,-219,3941,novice
1787,1865,1826,-78,3652,novice
2153,1918,2035,235,4071,novice
2606,2283,2444,323,4889,master
2488,2231,2359,257,4719,master
2074,2050,2062,24,4124,novice
2141,2018,2079,123,4159,novice
1812,1979,1895,-167,3791,novice
2038,1883,1960,155,3921,novice
2293,2160,2226,133,4453,average
1897,1754,1825,143,3651,novice
2339,2475,2407,-136,4814,master
2020,1772,1896,248,3792,novice
2276,2466,2371,-190,4742,master
2152,2571,2361,-419,4723,master
1734,1870,1802,-136,3604,novice
1734,1986,1860,-252,3720,novice
1824,1797,1810,27,3621,novice
1488,1915,1701,-427,3403,novice
2149,2450,2299,-301,4599,average
2187,2361,2274,-174,4548,average
2351,2027,2189,324,4378,average
2172,1909,2040,263,4081,novice
2418,2291,2354,127,4709,master
1862,2140,2001,-278,4002,novice
2100,1774,1937,326,3874,novice
2335,2507,2421,-172,4842,master
2070,2278,2174,-208,4348,average
2444,2399,2421,45,4843,master
2248,1699,1973,549,3947,novice
2232,2218,2225,14,4450,average
1995,2142,2068,-147,4137,novice
2115,1734,1924,381,3849,novice
1868,2099,1983,-231,3967,novice
1775,2195,1985,-420,3970,novice
2456,2268,2362,188,4724,master
2158,2325,2241,-167,4483,average
1946,1731,1838,215,3677,novice
1831,1663,1747,168,3494,novice
2303,2216,2259,87,4519,average
1922,1596,1759,326,3518,novice
1817,2254,2035,-437,4071,novice
2213,2068,2140,145,4281,average
1945,1794,1869,151,3739,novice
2174,2603,2388,-429,4777,master
2091,2178,2134,-87,4269,average
1996,1873,1934,123,3869,novice
2070,2077,2073,-7,4147,novice
2368,2282,2325,86,4650,master
2119,1785,1952,334,3904,novice
2514,2273,2393,241,4787,master
2411,2220,2315,191,4631,master
1615,1895,1755,-280,3510,novice
2220,2023,2121,197,4243,average
1812,1998,1905,-186,3810,novice
1969,1680,1824,289,3649,novice
2028,2124,2076,-96,4152,novice
2091,1985,2038,106,4076,novice
2190,1776,1983,414,3966,novice
2109,2331,2220,-222,4440,average
2248,2039,2143,209,4287,average
2180,1902,2041,278,4082,novice
2228,2195,2211,33,4423,average
2150,2268,2209,-118,4418,average
2127,1709,1918,418,3836,novice
1882,1483,1682,399,3365,novice
2432,2449,2440,-17,4881,master
2498,2266,2382,232,4764,master
2524,2498,2511,26,5022,grandmaster
2124,2022,2073,102,4146,novice
2525,2501,2513,24,5026,grandmaster
2388,1783,2085,605,4171,novice
1785,1449,1617,336,3234,novice
2065,1944,2004,121,4009,novice
1769,2115,1942,-346,3884,novice
2292,2616,2454,-324,4908,master
2312,2038,2175,274,4350,average
2318,2255,2286,63,4573,average
2013,2203,2108,-190,4216,average
1965,2223,2094,-258,4188,novice
2002,2112,2057,-110,4114,novice
1977,2006,1991,-29,3983,novice
2300,1846,2073,454,4146,novice
2169,2424,2296,-255,4593,average
1940,2190,2065,-250,4130,novice
2459,2201,2330,258,4660,master
2071,1918,1994,153,3989,novice
1611,1742,1676,-131,3353,novice
1749,1798,1773,-49,3547,novice
2081,1865,1973,216,3946,novice
2246,2091,2168,155,4337,average
2118,1904,2011,214,4022,novice
1841,1945,1893,-104,3786,novice
2378,2145,2261,233,4523,average
1312,2579,1945,-1267,3891,novice
1845,1454,1649,391,3299,novice
2202,2260,2231,-58,4462,average
1892,2219,2055,-327,4111,novice
2705,2391,2548,314,5096,grandmaster
2084,2043,2063,41,4127,novice
2631,1563,2097,1068,4194,novice
2129,2023,2076,106,4152,novice
1553,1793,1673,-240,3346,novice
2112,1990,2051,122,4102,novice
2336,2126,2231,210,4462,average
2001,2376,2188,-375,4377,average
1669,1801,1735,-132,3470,novice
2064,2031,2047,33,4095,novice
2677,1841,2259,836,4518,average
1953,2048,2000,-95,4001,novice
2557,2667,2612,-110,5224,grandmaster
2012,2164,2088,-152,4176,novice
2410,2444,2427,-34,4854,master
1941,1628,1784,313,3569,novice
1627,1731,1679,-104,3358,novice
2110,2164,2137,-54,4274,average
1985,2135,2060,-150,4120,novice
2559,2396,2477,163,4955,master
2065,2007,2036,58,4072,novice
2007,1713,1860,294,3720,novice
1321,1313,1317,8,2634,novice
2368,2553,2460,-185,4921,master
2017,1721,1869,296,3738,novice
1695,1908,1801,-213,3603,novice
1767,1583,1675,184,3350,novice
2177,1999,2088,178,4176,novice
2511,2405,2458,106,4916,master
2170,2269,2219,-99,4439,average
1936,2117,2026,-181,4053,novice
2316,1867,2091,449,4183,novice
1959,1687,1823,272,3646,novice
2152,2148,2150,4,4300,average
2380,2099,2239,281,4479,average
1607,2034,1820,-427,3641,novice
1808,1724,1766,84,3532,novice
2023,2237,2130,-214,4260,average
2104,2032,2068,72,4136,novice
2029,2309,2169,-280,4338,average
2112,2055,2083,57,4167,novice
2758,2709,2733,49,5467,grandmaster
1951,1734,1842,217,3685,novice
2112,1802,1957,310,3914,novice
1694,1814,1754,-120,3508,novice
2225,2285,2255,-60,4510,average
2118,1974,2046,144,4092,novice
2026,1739,1882,287,3765,novice
1331,1926,1628,-595,3257,novice
1808,2123,1965,-315,3931,novice
2391,2511,2451,-120,4902,master
1941,1692,1816,249,3633,novice
2204,2024,2114,180,4228,average
2226,2006,2116,220,4232,average
2698,2582,2640,116,5280,grandmaster
2133,2211,2172,-78,4344,average
2228,1886,2057,342,4114,novice
2471,2437,2454,34,4908,master
2109,1885,1997,224,3994,novice
2383,2209,2296,174,4592,average
2375,1723,2049,652,4098,novice
1922,1548,1735,374,3470,novice
1626,2165,1895,-539,3791,novice
2139,2533,2336,-394,4672,master
2396,2201,2298,195,4597,average
2618,2582,2600,36,5200,grandmaster
2080,2246,2163,-166,4326,average
2522,1981,2251,541,4503,average
2432,2207,2319,225,4639,master
1601,1925,1763,-324,3526,novice
2523,2186,2354,337,4709,master
2085,1981,2033,104,4066,novice
2138,2347,2242,-209,4485,average
2515,1632,2073,883,4147,novice
1914,1750,1832,164,3664,novice
2379,2191,2285,188,4570,average
2078,1848,1963,230,3926,novice
1898,1985,1941,-87,3883,novice
1969,1630,1799,339,3599,novice
1953,2095,2024,-142,4048,novice
2101,1996,2048,105,4097,novice
1456,1820,1638,-364,3276,novice
2527,2414,2470,113,4941,master
2137,2377,2257,-240,4514,average
2531,2753,2642,-222,5284,grandmaster
2271,2345,2308,-74,4616,master
2586,2393,2489,193,4979,master
2406,1830,2118,576,4236,average
2440,1961,2200,479,4401,average
2245,2115,2180,130,4360,average
2466,2424,2445,42,4890,master
2362,1896,2129,466,4258,average
1770,2049,1909,-279,3819,novice
1636,1471,1553,165,3107,novice
1654,1936,1795,-282,3590,novice
1914,2375,2144,-461,4289,average
2246,2351,2298,-105,4597,average
1951,1585,1768,366,3536,novice
2140,2333,2236,-193,4473,average
2367,2141,2254,226,4508,average
2157,1827,1992,330,3984,novice
1755,1981,1868,-226,3736,novice
1991,2092,2041,-101,4083,novice
2060,1904,1982,156,3964,novice
2222,2028,2125,194,4250,average
2201,1948,2074,253,4149,novice
2387,2246,2316,141,4633,master
1818,1474,1646,344,3292,novice
1918,1609,1763,309,3527,novice
2463,2615,2539,-152,5078,grandmaster
2044,1929,1986,115,3973,novice
2086,1852,1969,234,3938,novice
2173,2128,2150,45,4301,average
2151,2297,2224,-146,4448,average
1921,2317,2119,-396,4238,average
2536,2422,2479,114,4958,master
1924,1627,1775,297,3551,novice
2118,2378,2248,-260,4496,average
2314,2260,2287,54,4574,average
2013,2079,2046,-66,4092,novice
2633,2713,2673,-80,5346,grandmaster
1756,1947,1851,-191,3703,novice
2569,2709,2639,-140,5278,grandmaster
2079,1811,1945,268,3890,novice
2133,1986,2059,147,4119,novice
2038,1677,1857,361,3715,novice
2399,2387,2393,12,4786,master
1875,1726,1800,149,3601,novice
1645,1391,1518,254,3036,novice
2096,1846,1971,250,3942,novice
2175,2264,2219,-89,4439,average
2180,2572,2376,-392,4752,master
2038,2074,2056,-36,4112,novice
2398,2153,2275,245,4551,average
1616,1813,1714,-197,3429,novice
2332,1963,2147,369,4295,average
2481,2379,2430,102,4860,master
1514,2036,1775,-522,3550,novice
2097,2246,2171,-149,4343,average
2566,2557,2561,9,5123,grandmaster
2020,2444,2232,-424,4464,average
1468,1733,1600,-265,3201,novice
2313,2081,2197,232,4394,average
1710,2002,1856,-292,3712,novice
2051,2350,2200,-299,4401,average
2524,2527,2525,-3,5051,grandmaster
2053,2117,2085,-64,4170,novice
1381,1987,1684,-606,3368,novice
1935,2030,1982,-95,3965,novice
2041,1816,1928,225,3857,novice
1945,1801,1873,144,3746,novice
2621,2648,2634,-27,5269,grandmaster
2172,2216,2194,-44,4388,average
1424,1553,1488,-129,2977,novice
1677,2072,1874,-395,3749,novice
2095,1605,1850,490,3700,novice
2045,1958,2001,87,4003,novice
2248,1944,2096,304,4192,novice
1835,2043,1939,-208,3878,novice
2268,2528,2398,-260,4796,master
2200,2351,2275,-151,4551,average
2516,2330,2423,186,4846,master
2126,1912,2019,214,4038,novice
2178,2061,2119,117,4239,average
2127,1962,2044,165,4089,novice
2003,1729,1866,274,3732,novice
2142,1683,1912,459,3825,novice
2061,1943,2002,118,4004,novice
2197,1997,2097,200,4194,novice
2078,1921,1999,157,3999,novice
1931,2017,1974,-86,3948,novice
2218,1847,2032,371,4065,novice
1973,2262,2117,-289,4235,average
1716,1722,1719,-6,3438,novice
2277,1997,2137,280,4274,average
2338,2699,2518,-361,5037,grandmaster
2463,2382,2422,81,4845,master
1926,2182,2054,-256,4108,novice
2040,2484,2262,-444,4524,average
1994,1638,1816,356,3632,novice
2276,2078,2177,198,4354,average
1922,2258,2090,-336,4180,novice
1740,2101,1920,-361,3841,novice
2050,1832,1941,218,3882,novice
2040,1748,1894,292,3788,novice
2097,1808,1952,289,3905,novice
1797,1795,1796,2,3592,novice
1934,1735,1834,199,3669,novice
1531,1565,1548,-34,3096,novice
2176,2432,2304,-256,4608,master
1983,2151,2067,-168,4134,novice
2321,2111,2216,210,4432,average
2432,2194,2313,238,4626,master
2310,1850,2080,460,4160,novice
1513,1929,1721,-416,3442,novice
1867,2140,2003,-273,4007,novice
2133,1962,2047,171,4095,novice
2039,2156,2097,-117,4195,novice
1935,1750,1842,185,3685,novice
2054,2366,2210,-312,4420,average
1673,1822,1747,-149,3495,novice
1550,1619,1584,-69,3169,novice
2101,1906,2003,195,4007,novice
2314,2296,2305,18,4610,master
2255,2344,2299,-89,4599,average
1754,1993,1873,-239,3747,novice
2598,2172,2385,426,4770,master
2265,2263,2264,2,4528,average
1814,2271,2042,-457,4085,novice
2090,1700,1895,390,3790,novice
1842,1477,1659,365,3319,novice
2103,2109,2106,-6,4212,average
2430,2429,2429,1,4859,master
2481,2265,2373,216,4746,master
2039,1968,2003,71,4007,novice
1575,1805,1690,-230,3380,novice
1803,2049,1926,-246,3852,novice
2540,2312,2426,228,4852,master
2147,1962,2054,185,4109,novice
2571,2051,2311,520,4622,master
1630,2039,1834,-409,3669,novice
1733,2181,1957,-448,3914,novice
1590,2123,1856,-533,3713,novice
2460,2238,2349,222,4698,master
1768,2059,1913,-291,3827,novice
1770,1644,1707,126,3414,novice
1988,1980,1984,8,3968,novice
1856,2017,1936,-161,3873,novice
2303,2042,2172,261,4345,average
2241,2394,2317,-153,4635,master
2053,2238,2145,-185,4291,average
2055,2042,2048,13,4097,novice
2573,2602,2587,-29,5175,grandmaster
1604,1729,1666,-125,3333,novice
2321,2501,2411,-180,4822,master
2541,2326,2433,215,4867,master
1740,1659,1699,81,3399,novice
1544,1845,1694,-301,3389,novice
2094,1839,1966,255,3933,novice
2018,1880,1949,138,3898,novice
1977,1594,1785,383,3571,novice
2296,2053,2174,243,4349,average
1308,1767,1537,-459,3075,novice
2311,2205,2258,106,4516,average
2160,2431,2295,-271,4591,average
2253,2067,2160,186,4320,average
2243,2205,2224,38,4448,average
2035,2145,2090,-110,4180,novice
2157,2403,2280,-246,4560,average
2131,1854,1992,277,3985,novice
1934,2125,2029,-191,4059,novice
2023,1987,2005,36,4010,novice
2038,2101,2069,-63,4139,novice
2061,1835,1948,226,3896,novice
2195,1832,2013,363,4027,novice
2206,1982,2094,224,4188,novice
2212,2075,2143,137,4287,average
2362,1895,2128,467,4257,average
2318,2471,2394,-153,4789,master
2357,2034,2195,323,4391,average
2133,1331,1732,802,3464,novice
1962,2163,2062,-201,4125,novice
1587,1830,1708,-243,3417,novice
1753,2027,1890,-274,3780,novice
2098,1903,2000,195,4001,novice
2143,1855,1999,288,3998,novice
1945,2069,2007,-124,4014,novice
2287,2148,2217,139,4435,average
1577,1927,1752,-350,3504,novice
2088,2283,2185,-195,4371,average
2195,1947,2071,248,4142,novice
2027,2274,2150,-247,4301,average
2205,2218,2211,-13,4423,average
1732,1971,1851,-239,3703,novice
1382,1889,1635,-507,3271,novice
2092,2008,2050,84,4100,novice
2542,2743,2642,-201,5285,grandmaster
2048,2558,2303,-510,4606,master
2364,2026,2195,338,4390,average
1593,2403,1998,-810,3996,novice
2373,2151,2262,222,4524,average
1998,1812,1905,186,3810,novice
2491,2002,2246,489,4493,average
1973,2404,2188,-431,4377,average
2256,2439,2347,-183,4695,master
2317,2141,2229,176,4458,average
1910,2418,2164,-508,4328,average
2134,2192,2163,-58,4326,average
1772,2323,2047,-551,4095,novice
2421,2301,2361,120,4722,master
2116,2295,2205,-179,4411,average
2451,2326,2388,125,4777,master
1628,1982,1805,-354,3610,novice
2207,2542,2374,-335,4749,master
1991,1670,1830,321,3661,novice
2557,2275,2416,282,4832,master
1759,1709,1734,50,3468,novice
2052,1892,1972,160,3944,novice
2247,1935,2091,312,4182,novice
1847,1490,1668,357,3337,novice
2016,1780,1898,236,3796,novice
2164,2369,2266,-205,4533,average
2634,2247,2440,387,4881,master
1914,1865,1889,49,3779,novice
1999,1974,1986,25,3973,novice
2114,1826,1970,288,3940,novice
1571,1938,1754,-367,3509,novice
1731,1890,1810,-159,3621,novice
2134,1907,2020,227,4041,novice
1428,1926,1677,-498,3354,novice
1933,2179,2056,-246,4112,novice
2052,1733,1892,319,3785,novice
2445,2318,2381,127,4763,master
1893,2122,2007,-229,4015,novice
2055,2016,2035,39,4071,novice
2433,1933,2183,500,4366,average
2252,2412,2332,-160,4664,master
2290,1859,2074,431,4149,novice
2075,1843,1959,232,3918,novice
1880,2074,1977,-194,3954,novice
1803,1781,1792,22,3584,novice
2174,2379,2276,-205,4553,average
2198,2357,2277,-159,4555,average
2282,2181,2231,101,4463,average
2574,2108,2341,466,4682,master
2065,2340,2202,-275,4405,average
1397,1619,1508,-222,3016,novice
2631,2502,2566,129,5133,grandmaster
2495,2336,2415,159,4831,master
2066,1942,2004,124,4008,novice
1977,1731,1854,246,3708,novice
2484,2293,2388,191,4777,master
2101,2151,2126,-50,4252,average
2565,2446,2505,119,5011,grandmaster
2054,1909,1981,145,3963,novice
1471,2069,1770,-598,3540,novice
2189,2225,2207,-36,4414,average
2054,1827,1940,227,3881,novice
2229,1797,2013,432,4026,novice
2282,1863,2072,419,4145,novice
1927,2143,2035,-216,4070,novice
2561,2331,2446,230,4892,master
2393,2292,2342,101,4685,master
1673,1871,1772,-198,3544,novice
2093,2003,2048,90,4096,novice
2262,2423,2342,-161,4685,master
1819,2034,1926,-215,3853,novice
2143,1782,1962,361,3925,novice
2428,2264,2346,164,4692,master
2093,2036,2064,57,4129,novice
1971,2040,2005,-69,4011,novice
2027,1946,1986,81,3973,novice
1406,1607,1506,-201,3013,novice
2121,2310,2215,-189,4431,average
2384,2224,2304,160,4608,master
2038,1773,1905,265,3811,novice
2445,2544,2494,-99,4989,master
2198,1930,2064,268,4128,novice
1413,1691,1552,-278,3104,novice
2359,2160,2259,199,4519,average
2408,2501,2454,-93,4909,master
1705,2402,2053,-697,4107,novice
2079,2189,2134,-110,4268,average
1948,2235,2091,-287,4183,novice
1948,1676,1812,272,3624,novice
2149,2216,2182,-67,4365,average
2274,1882,2078,392,4156,novice
1763,1921,1842,-158,3684,novice
2240,1951,2095,289,4191,novice
2513,2414,2463,99,4927,master
2599,2678,2638,-79,5277,grandmaster
1498,1906,1702,-408,3404,novice
2207,1916,2061,291,4123,novice
2392,2064,2228,328,4456,average
2629,2446,2537,183,5075,grandmaster
2044,1907,1975,137,3951,novice
1949,2042,1995,-93,3991,novice
2436,2326,2381,110,4762,master
2375,2072,2223,303,4447,average
1874,1754,1814,120,3628,novice
1285,1609,1447,-324,2894,novice
2360,2344,2352,16,4704,master
2273,2649,2461,-376,4922,master
1989,1982,1985,7,3971,novice
2555,2001,2278,554,4556,average
2017,2145,2081,-128,4162,novice
2094,2245,2169,-151,4339,average
2144,2214,2179,-70,4358,average
2791,2713,2752,78,5504,grandmaster
1870,2090,1980,-220,3960,novice
1916,2153,2034,-237,4069,novice
2278,1848,2063,430,4126,novice
1701,1736,1718,-35,3437,novice
1561,1857,1709,-296,3418,novice
2164,1921,2042,243,4085,novice
2240,1959,2099,281,4199,novice
1968,2313,2140,-345,4281,average
2177,2489,2333,-312,4666,master
2371,2112,2241,259,4483,average
2471,2034,2252,437,4505,average
2222,2457,2339,-235,4679,master
2596,2382,2489,214,4978,master
2290,2267,2278,23,4557,average
1890,1544,1717,346,3434,novice
2025,2192,2108,-167,4217,average
2535,2253,2394,282,4788,master
2172,1965,2068,207,4137,novice
1965,2349,2157,-384,4314,average
2435,1964,2199,471,4399,average
2353,1843,2098,510,4196,novice
1547,1754,1650,-207,3301,novice
1856,1694,1775,162,3550,novice
2009,1862,1935,147,3871,novice
2091,2153,2122,-62,4244,average
1993,1655,1824,338,3648,novice
2005,2711,2358,-706,4716,master
1789,1621,1705,168,3410,novice
1687,2199,1943,-512,3886,novice
2094,1920,2007,174,4014,novice
1993,2406,2199,-413,4399,average
2161,2106,2133,55,4267,average
1709,2169,1939,-460,3878,novice
1770,1581,1675,189,3351,novice
1952,1474,1713,478,3426,novice
1458,1861,1659,-403,3319,novice
1856,1982,1919,-126,3838,novice
1895,1669,1782,226,3564,novice
1645,1795,1720,-150,3440,novice
1739,2149,1944,-410,3888,novice
1753,2137,1945,-384,3890,novice
2148,2256,2202,-108,4404,average
2385,2638,2511,-253,5023,grandmaster
2242,2083,2162,159,4325,average
1788,1882,1835,-94,3670,novice
2074,2430,2252,-356,4504,average
2265,2124,2194,141,4389,average
2378,2601,2489,-223,4979,master
2027,2081,2054,-54,4108,novice
1987,2102,2044,-115,4089,novice
1781,2318,2049,-537,4099,novice
2263,2262,2262,1,4525,average
2088,1792,1940,296,3880,novice
2152,1572,1862,580,3724,novice
2170,1974,2072,196,4144,novice
1773,2019,1896,-246,3792,novice
2092,2501,2296,-409,4593,average
2492,2494,2493,-2,4986,master
1984,1697,1840,287,3681,novice
2127,1886,2006,241,4013,novice
1848,2225,2036,-377,4073,novice
2250,1945,2097,305,4195,novice
2325,2191,2258,134,4516,average
2094,1854,1974,240,3948,novice
1992,2403,2197,-411,4395,average
1730,1952,1841,-222,3682,novice
1990,2195,2092,-205,4185,novice
1894,2073,1983,-179,3967,novice
1661,1498,1579,163,3159,novice
2331,2339,2335,-8,4670,master
2018,1772,1895,246,3790,novice
1767,1637,1702,130,3404,novice
2631,2628,2629,3,5259,grandmaster
2364,2064,2214,300,4428,average
1951,2310,2130,-359,4261,average
1907,1978,1942,-71,3885,novice
2249,1968,2108,281,4217,average
2539,2458,2498,81,4997,master
1771,1497,1634,274,3268,novice
2113,1998,2055,115,4111,novice
2181,2357,2269,-176,4538,average
1820,1977,1898,-157,3797,novice
1566,1939,1752,-373,3505,novice
1346,1550,1448,-204,2896,novice
1908,1803,1855,105,3711,novice
2049,2206,2127,-157,4255,average
2396,2171,2283,225,4567,average
1838,2056,1947,-218,3894,novice
2102,1848,1975,254,3950,novice
2066,2073,2069,-7,4139,novice
2089,2044,2066,45,4133,novice
1317,1897,1607,-580,3214,novice
2243,2140,2191,103,4383,average
2027,2270,2148,-243,4297,average
2032,1851,1941,181,3883,novice
2149,2260,2204,-111,4409,average
2495,2422,2458,73,4917,master
1705,1924,1814,-219,3629,novice
2143,1976,2059,167,4119,novice
2480,2304,2392,176,4784,master
2225,1862,2043,363,4087,novice
2152,1814,1983,338,3966,novice
2053,2325,2189,-272,4378,average
1707,1873,1790,-166,3580,novice
1680,2029,1854,-349,3709,novice
1381,1515,1448,-134,2896,novice
2338,2259,2298,79,4597,average
1936,2124,2030,-188,4060,novice
1969,2107,2038,-138,4076,novice
2307,2295,2301,12,4602,master
2519,2646,2582,-127,5165,grandmaster
2086,1911,1998,175,3997,novice
1856,2411,2133,-555,4267,average
2340,2216,2278,124,4556,average
1780,2013,1896,-233,3793,novice
2221,2047,2134,174,4268,average
1919,2181,2050,-262,4100,novice
2011,2045,2028,-34,4056,novice
2115,1929,2022,186,4044,novice
2228,1514,1871,714,3742,novice
2055,1872,1963,183,3927,novice
2188,2314,2251,-126,4502,average
1379,1303,1341,76,2682,novice
1981,2426,2203,-445,4407,average
2104,1849,1976,255,3953,novice
1757,2154,1955,-397,3911,novice
2088,2526,2307,-438,4614,master
2564,2450,2507,114,5014,grandmaster
1756,2099,1927,-343,3855,novice
2238,2063,2150,175,4301,average
1997,1746,1871,251,3743,novice
2443,2009,2226,434,4452,average
2344,2420,2382,-76,4764,master
2044,2155,2099,-111,4199,novice
1782,2270,2026,-488,4052,novice
1959,2096,2027,-137,4055,novice
2249,2410,2329,-161,4659,master
2099,1926,2012,173,4025,novice
2116,2239,2177,-123,4355,average
1809,1504,1656,305,3313,novice
2389,2619,2504,-230,5008,grandmaster
2301,1741,2021,560,4042,novice
1939,2080,2009,-141,4019,novice
2150,2449,2299,-299,4599,average
1658,2075,1866,-417,3733,novice
1664,1988,1826,-324,3652,novice
2423,2097,2260,326,4520,average
2141,1956,2048,185,4097,novice
1634,2069,1851,-435,3703,novice
2272,2117,2194,155,4389,average
2500,2189,2344,311,4689,master
1750,1950,1850,-200,3700,novice
1588,1470,1529,118,3058,novice
2252,1919,2085,333,4171,novice
1899,1786,1842,113,3685,novice
1899,2217,2058,-318,4116,novice
1944,1366,1655,578,3310,novice
2237,2086,2161,151,4323,average
2420,2054,2237,366,4474,average
2521,1534,2027,987,4055,novice
2051,1945,1998,106,3996,novice
2476,2382,2429,94,4858,master
2668,2553,2610,115,5221,grandmaster
2009,2202,2105,-193,4211,average
2425,2081,2253,344,4506,average
2107,2380,2243,-273,4487,average
1722,1867,1794,-145,3589,novice
2170,1905,2037,265,4075,novice
2480,2338,2409,142,4818,master
1735,1865,1800,-130,3600,novice
2170,2061,2115,109,4231,average
1665,1374,1519,291,3039,novice
1712,1471,1591,241,3183,novice
1843,2145,1994,-302,3988,novice
2007,1858,1932,149,3865,novice
1725,2171,1948,-446,3896,novice
2300,2199,2249,101,4499,average
2034,2069,2051,-35,4103,novice
1732,1536,1634,196,3268,novice
2441,2639,2540,-198,5080,grandmaster
1794,1771,1782,23,3565,novice
2077,2244,2160,-167,4321,average
1592,1959,1775,-367,3551,novice
2460,2354,2407,106,4814,master
2262,2365,2313,-103,4627,master
2291,2449,2370,-158,4740,master
1866,1516,1691,350,3382,novice
2347,1970,2158,377,4317,average
2260,2399,2329,-139,4659,master
2129,1966,2047,163,4095,novice
2224,2464,2344,-240,4688,master
1789,1973,1881,-184,3762,novice
1797,2002,1899,-205,3799,novice
2763,2726,2744,37,5489,grandmaster
2425,2081,2253,344,4506,average
2176,2038,2107,138,4214,average
2025,2216,2120,-191,4241,average
1721,1512,1616,209,3233,novice
2083,1921,2002,162,4004,novice
2177,1973,2075,204,4150,novice
2022,1972,1997,50,3994,novice
2170,2475,2322,-305,4645,master
2396,2208,2302,188,4604,master
2577,1866,2221,711,4443,average
1968,2213,2090,-245,4181,novice
2330,2162,2246,168,4492,average
2033,2368,2200,-335,4401,average
2340,1945,2142,395,4285,average
2505,2548,2526,-43,5053,grandmaster
2175,1904,2039,271,4079,novice
2091,1648,1869,443,3739,novice
2091,1874,1982,217,3965,novice
2071,2136,2103,-65,4207,average
2456,2098,2277,358,4554,average
2141,1910,2025,231,4051,novice
2289,1951,2120,338,4240,average
1872,2131,2001,-259,4003,novice
2275,1849,2062,426,4124,novice
2608,2570,2589,38,5178,grandmaster
2112,1768,1940,344,3880,novice
1973,1981,1977,-8,3954,novice
2130,1605,1867,525,3735,novice
2244,1871,2057,373,4115,novice
1778,1460,1619,318,3238,novice
2198,2317,2257,-119,4515,average
2137,1770,1953,367,3907,novice
2098,1844,1971,254,3942,novice
2482,1986,2234,496,4468,average
2123,2363,2243,-240,4486,average
2250,2160,2205,90,4410,average
1676,1872,1774,-196,3548,novice
2438,2197,2317,241,4635,master
2417,2388,2402,29,4805,master
2454,2330,2392,124,4784,master
1396,1845,1620,-449,3241,novice
1976,1679,1827,297,3655,novice
2610,2491,2550,119,5101,grandmaster
1859,2181,2020,-322,4040,novice
2153,2230,2191,-77,4383,average
1837,2010,1923,-173,3847,novice
2210,2510,2360,-300,4720,master
2127,2038,2082,89,4165,novice
2170,1852,2011,318,4022,novice
2436,2469,2452,-33,4905,master
1668,1317,1492,351,2985,novice
2000,1970,1985,30,3970,novice
2579,2232,2405,347,4811,master
2259,2446,2352,-187,4705,master
2011,1967,1989,44,3978,novice
2007,1822,1914,185,3829,novice
1664,1797,1730,-133,3461,novice
2643,2247,2445,396,4890,master
2099,1989,2044,110,4088,novice
2128,2386,2257,-258,4514,average
2081,1981,2031,100,4062,novice
1656,2112,1884,-456,3768,novice
2313,2481,2397,-168,4794,master
1910,1798,1854,112,3708,novice
1658,1788,1723,-130,3446,novice
2218,2432,2325,-214,4650,master
1987,1824,1905,163,3811,novice
1900,2055,1977,-155,3955,novice
1712,1912,1812,-200,3624,novice
2430,2021,2225,409,4451,average
2217,2063,2140,154,4280,average
1981,1860,1920,121,3841,novice
2267,2383,2325,-116,4650,master
2342,1985,2163,357,4327,average
2163,2500,2331,-337,4663,master
2072,1724,1898,348,3796,novice
2152,1907,2029,245,4059,novice
2263,1995,2129,268,4258,average
1724,2020,1872,-296,3744,novice
1670,2104,1887,-434,3774,novice
2427,2400,2413,27,4827,master
2131,2126,2128,5,4257,average
2376,2255,2315,121,4631,master
1986,1794,1890,192,3780,novice
2161,2410,2285,-249,4571,average
1552,2446,1999,-894,3998,novice
1531,1793,1662,-262,3324,novice
2337,2543,2440,-206,4880,master
2151,1979,2065,172,4130,novice
2295,2398,2346,-103,4693,master
2311,2079,2195,232,4390,average
1688,1971,1829,-283,3659,novice
2151,2235,2193,-84,4386,average
1753,1863,1808,-110,3616,novice
1915,2043,1979,-128,3958,novice
2262,2223,2242,39,4485,average
2388,2669,2528,-281,5057,grandmaster
2109,1928,2018,181,4037,novice
1995,1889,1942,106,3884,novice
2426,2303,2364,123,4729,master
2152,2013,2082,139,4165,novice
2138,2250,2194,-112,4388,average
2228,2266,2247,-38,4494,average
2375,2141,2258,234,4516,average
2376,2323,2349,53,4699,master
1734,1966,1850,-232,3700,novice
2132,1952,2042,180,4084,novice
1731,1904,1817,-173,3635,novice
1821,1989,1905,-168,3810,novice
1847,2057,1952,-210,3904,novice
1897,1820,1858,77,3717,novice
2279,2393,2336,-114,4672,master
2390,2092,2241,298,4482,average
2393,2561,2477,-168,4954,master
1934,2236,2085,-302,4170,novice
2249,2248,2248,1,4497,average
1934,2061,1997,-127,3995,novice
2423,2539,2481,-116,4962,master
2044,2086,2065,-42,4130,novice
1619,1799,1709,-180,3418,novice
1785,2143,1964,-358,3928,novice
2064,1836,1950,228,3900,novice
1716,1821,1768,-105,3537,novice
1876,2118,1997,-242,3994,novice
1975,1654,1814,321,3629,novice
1770,2103,1936,-333,3873,novice
2431,2468,2449,-37,4899,master
1649,1487,1568,162,3136,novice
2078,2436,2257,-358,4514,average
1945,2170,2057,-225,4115,novice
1595,1830,1712,-235,3425,novice
1812,2285,2048,-473,4097,novice
1838,1303,1570,535,3141,novice
2015,1844,1929,171,3859,novice
1698,1866,1782,-168,3564,novice
1999,2239,2119,-240,4238,average
1950,1641,1795,309,3591,novice
2367,2414,2390,-47,4781,master
2071,2308,2189,-237,4379,average
2058,2235,2146,-177,4293,average
2186,2430,2308,-244,4616,master
1948,2140,2044,-192,4088,novice
1793,1572,1682,221,3365,novice
1986,2131,2058,-145,4117,novice
2473,2265,2369,208,4738,master
2724,2602,2663,122,5326,grandmaster
2342,2008,2175,334,4350,average
2017,1944,1980,73,3961,novice
1783,2070,1926,-287,3853,novice
2021,1830,1925,191,3851,novice
1976,2454,2215,-478,4430,average
2004,1770,1887,234,3774,novice
2257,2486,2371,-229,4743,master
2454,2276,2365,178,4730,master
2347,2052,2199,295,4399,average
2557,2584,2570,-27,5141,grandmaster
1419,1607,1513,-188,3026,novice
2200,2042,2121,158,4242,average
1736,2169,1952,-433,3905,novice
2364,2125,2244,239,4489,average
2157,2439,2298,-282,4596,average
1731,1772,1751,-41,3503,novice
2431,2029,2230,402,4460,average
1974,2384,2179,-410,4358,average
2195,1683,1939,512,3878,novice
2577,2365,2471,212,4942,master
2124,2229,2176,-105,4353,average
1845,1776,1810,69,3621,novice
2058,2361,2209,-303,4419,average
1939,2141,2040,-202,4080,novice
2013,2311,2162,-298,4324,average
1604,1947,1775,-343,3551,novice
2015,1748,1881,267,3763,novice
2366,2024,2195,342,4390,average
1887,2509,2198,-622,4396,average
1722,1697,1709,25,3419,novice
2478,2331,2404,147,4809,master
1905,2249,2077,-344,4154,novice
1974,2113,2043,-139,4087,novice
2194,2157,2175,37,4351,average
2107,2113,2110,-6,4220,average
1739,1602,1670,137,3341,novice
2275,2275,2275,0,4550,average
1787,1997,1892,-210,3784,novice
2152,2301,2226,-149,4453,average
1335,1680,1507,-345,3015,novice
1970,2360,2165,-390,4330,average
2093,2208,2150,-115,4301,average
2111,1786,1948,325,3897,novice
1432,2016,1724,-584,3448,novice
2141,1771,1956,370,3912,novice
1917,1836,1876,81,3753,novice
2028,1947,1987,81,3975,novice
2474,2239,2356,235,4713,master
1814,2120,1967,-306,3934,novice
1968,1983,1975,-15,3951,novice
2186,2455,2320,-269,4641,master
2054,2145,2099,-91,4199,novice
2609,2274,2441,335,4883,master
1945,2216,2080,-271,4161,novice
1948,1740,1844,208,3688,novice
2293,2157,2225,136,4450,average
2336,1871,2103,465,4207,average
2373,2463,2418,-90,4836,master
1933,1704,1818,229,3637,novice
1490,1858,1674,-368,3348,novice
2322,2329,2325,-7,4651,master
1675,1859,1767,-184,3534,novice
2281,2402,2341,-121,4683,master
2213,1819,2016,394,4032,novice
2110,1812,1961,298,3922,novice
2165,1817,1991,348,3982,novice
2104,1939,2021,165,4043,novice
2653,2762,2707,-109,5415,grandmaster
2250,2152,2201,98,4402,average
2069,1641,1855,428,3710,novice
2252,2053,2152,199,4305,average
1911,2087,1999,-176,3998,novice
2445,2249,2347,196,4694,master
1529,1897,1713,-368,3426,novice
2112,1878,1995,234,3990,novice
2168,1874,2021,294,4042,novice
2026,1847,1936,179,3873,novice
2030,1887,1958,143,3917,novice
2061,2243,2152,-182,4304,average
2489,2340,2414,149,4829,master
2033,2270,2151,-237,4303,average
2316,1735,2025,581,4051,novice
2122,2027,2074,95,4149,novice
2433,2233,2333,200,4666,master
1783,1660,1721,123,3443,novice
1571,1877,1724,-306,3448,novice
2393,2356,2374,37,4749,master
1734,1995,1864,-261,3729,novice
2042,2390,2216,-348,4432,average
1668,1901,1784,-233,3569,novice
2371,2540,2455,-169,4911,master
1787,1805,1796,-18,3592,novice
2517,2035,2276,482,4552,average
2135,1930,2032,205,4065,novice
2132,2517,2324,-385,4649,master
1622,1762,1692,-140,3384,novice
1470,1951,1710,-481,3421,novice
1868,1991,1929,-123,3859,novice
2707,2493,2600,214,5200,grandmaster
2374,1899,2136,475,4273,average
2206,2342,2274,-136,4548,average
1854,1882,1868,-28,3736,novice
2527,2543,2535,-16,5070,grandmaster
1557,1810,1683,-253,3367,novice
2049,2064,2056,-15,4113,novice
2495,1836,2165,659,4331,average
2054,2056,2055,-2,4110,novice
2023,2298,2160,-275,4321,average
1573,1835,1704,-262,3408,novice
2173,1909,2041,264,4082,novice
1989,2270,2129,-281,4259,average
2140,1975,2057,165,4115,novice
2411,2256,2333,155,4667,master
1999,1646,1822,353,3645,novice
1884,1837,1860,47,3721,novice
2104,1838,1971,266,3942,novice
1886,2063,1974,-177,3949,novice
2276,2467,2371,-191,4743,master
2101,2224,2162,-123,4325,average
2073,2139,2106,-66,4212,average
2066,2099,2082,-33,4165,novice
2202,2106,2154,96,4308,average
2020,2006,2013,14,4026,novice
2144,1860,2002,284,4004,novice
2193,1909,2051,284,4102,novice
2265,2138,2201,127,4403,average
2546,2614,2580,-68,5160,grandmaster
2222,2079,2150,143,4301,average
2749,2607,2678,142,5356,grandmaster
1589,1807,1698,-218,3396,novice
2232,1938,2085,294,4170,novice
2214,1886,2050,328,4100,novice
1843,1522,1682,321,3365,novice
2520,2096,2308,424,4616,master
1978,2086,2032,-108,4064,novice
1808,1794,1801,14,3602,novice
1744,1617,1680,127,3361,novice
2008,2304,2156,-296,4312,average
1648,2422,2035,-774,4070,novice
2586,2253,2419,333,4839,master
1757,1819,1788,-62,3576,novice
2513,2308,2410,205,4821,master
1888,1519,1703,369,3407,novice
2464,2129,2296,335,4593,average
2258,2461,2359,-203,4719,master
2168,1959,2063,209,4127,novice
1921,2169,2045,-248,4090,novice
2165,1977,2071,188,4142,novice
1630,1979,1804,-349,3609,novice
2293,2471,2382,-178,4764,master
2123,2358,2240,-235,4481,average
2110,1900,2005,210,4010,novice
2093,2091,2092,2,4184,novice
1622,1245,1433,377,2867,novice
2066,1985,2025,81,4051,novice
1532,1871,1701,-339,3403,novice
2187,1805,1996,382,3992,novice
1708,1897,1802,-189,3605,novice
2363,2374,2368,-11,4737,master
1278,1858,1568,-580,3136,novice
1549,1591,1570,-42,3140,novice
1831,1796,1813,35,3627,novice
2117,2266,2191,-149,4383,average
2396,2513,2454,-117,4909,master
2604,1684,2144,920,4288,average
2284,2377,2330,-93,4661,master
2029,2189,2109,-160,4218,average
1836,2233,2034,-397,4069,novice
2602,2231,2416,371,4833,master
2352,2642,2497,-290,4994,master
1927,2448,2187,-521,4375,average
1916,2120,2018,-204,4036,novice
2046,2678,2362,-632,4724,master
2166,2383,2274,-217,4549,average
2206,1895,2050,311,4101,novice
2427,2554,2490,-127,4981,master
2147,2456,2301,-309,4603,master
2211,1960,2085,251,4171,novice
2227,2547,2387,-320,4774,master
2562,2496,2529,66,5058,grandmaster
1464,1812,1638,-348,3276,novice
2589,2240,2414,349,4829,master
1972,1636,1804,336,3608,novice
2044,1953,1998,91,3997,novice
2178,2259,2218,-81,4437,average
2330,2439,2384,-109,4769,master
2125,2036,2080,89,4161,novice
2099,2278,2188,-179,4377,average
1685,1892,1788,-207,3577,novice
2388,2654,2521,-266,5042,grandmaster
2386,2226,2306,160,4612,master
2343,2034,2188,309,4377,average
1983,2153,2068,-170,4136,novice
2375,2308,2341,67,4683,master
1772,2392,2082,-620,4164,novice
2241,2402,2321,-161,4643,master
2104,1851,1977,253,3955,novice
1812,2068,1940,-256,3880,novice
2059,1983,2021,76,4042,novice
1897,1663,1780,234,3560,novice
1917,1837,1877,80,3754,novice
1742,1846,1794,-104,3588,novice
2259,1611,1935,648,3870,novice
2119,2011,2065,108,4130,novice
2428,2713,2570,-285,5141,grandmaster
1370,1784,1577,-414,3154,novice
2103,1805,1954,298,3908,novice
1848,1936,1892,-88,3784,novice
1972,2028,2000,-56,4000,novice
1963,2077,2020,-114,4040,novice
2401,2168,2284,233,4569,average
1601,1890,1745,-289,3491,novice
1386,2334,1860,-948,3720,novice
2071,2350,2210,-279,4421,average
1698,1501,1599,197,3199,novice
2241,2023,2132,218,4264,average
2345,2521,2433,-176,4866,master
2552,2550,2551,2,5102,grandmaster
2260,1905,2082,355,4165,novice
2401,1781,2091,620,4182,novice
1682,2087,1884,-405,3769,novice
2112,2093,2102,19,4205,average
2210,2343,2276,-133,4553,average
2308,2250,2279,58,4558,average
2112,1977,2044,135,4089,novice
2282,1884,2083,398,4166,novice
1800,1828,1814,-28,3628,novice
2058,2198,2128,-140,4256,average
1886,2252,2069,-366,4138,novice
1936,2111,2023,-175,4047,novice
2504,2146,2325,358,4650,master
2475,2319,2397,156,4794,master
2390,2563,2476,-173,4953,master
2499,2362,2430,137,4861,master
2220,1965,2092,255,4185,novice
2287,1488,1887,799,3775,novice
1684,1927,1805,-243,3611,novice
1944,2166,2055,-222,4110,novice
2119,1923,2021,196,4042,novice
1848,1978,1913,-130,3826,novice
1990,2048,2019,-58,4038,novice
1754,1634,1694,120,3388,novice
1830,1961,1895,-131,3791,novice
1996,2052,2024,-56,4048,novice
1850,1482,1666,368,3332,novice
2018,2517,2267,-499,4535,average
1483,1768,1625,-285,3251,novice
1823,2244,2033,-421,4067,novice
1705,1528,1616,177,3233,novice
1829,1740,1784,89,3569,novice
2144,1889,2016,255,4033,novice
2268,1961,2114,307,4229,average
2108,2244,2176,-136,4352,average
2149,1961,2055,188,4110,novice
1492,1827,1659,-335,3319,novice
2139,1997,2068,142,4136,novice
2363,2447,2405,-84,4810,master
1783,1314,1548,469,3097,novice
2280,1907,2093,373,4187,novice
2590,1946,2268,644,4536,average
2166,1975,2070,191,4141,novice
2054,1821,1937,233,3875,novice
2172,2383,2277,-211,4555,average
2059,1927,1993,132,3986,novice
2392,2311,2351,81,4703,master
2259,2233,2246,26,4492,average
2292,2039,2165,253,4331,average
2174,2522,2348,-348,4696,master
2212,1931,2071,281,4143,novice
2707,2659,2683,48,5366,grandmaster
1943,1791,1867,152,3734,novice
2243,2262,2252,-19,4505,average
2004,2278,2141,-274,4282,average
2321,2319,2320,2,4640,master
2096,1673,1884,423,3769,novice
1851,1726,1788,125,3577,novice
1471,1808,1639,-337,3279,novice
2199,2260,2229,-61,4459,average
2031,1802,1916,229,3833,novice
2391,2034,2212,357,4425,average
1959,1828,1893,131,3787,novice
2197,1841,2019,356,4038,novice
1966,2118,2042,-152,4084,novice
1843,1512,1677,331,3355,novice
2142,2210,2176,-68,4352,average
1636,1417,1526,219,3053,novice
2484,2272,2378,212,4756,master
1854,1475,1664,379,3329,novice
2238,2302,2270,-64,4540,average
2053,2148,2100,-95,4201,novice
1988,2127,2057,-139,4115,novice
2001,1783,1892,218,3784,novice
2553,2230,2391,323,4783,master
1961,2399,2180,-438,4360,average
2441,1851,2146,590,4292,average
2274,2459,2366,-185,4733,master
2014,1655,1834,359,3669,novice
1846,1764,1805,82,3610,novice
2085,2202,2143,-117,4287,average
1958,1939,1948,19,3897,novice
2239,2472,2355,-233,4711,master
1963,2212,2087,-249,4175,novice
2128,2014,2071,114,4142,novice
2017,1909,1963,108,3926,novice
1544,1808,1676,-264,3352,novice
2632,2474,2553,158,5106,grandmaster
2000,2152,2076,-152,4152,novice
2511,1947,2229,564,4458,average
1984,2209,2096,-225,4193,novice
2103,2521,2312,-418,4624,master
1943,1667,1805,276,3610,novice
1638,1861,1749,-223,3499,novice
2163,2168,2165,-5,4331,average
1803,2000,1901,-197,3803,novice
2079,1950,2014,129,4029,novice
2291,1874,2082,417,4165,novice
1576,1520,1548,56,3096,novice
1841,1960,1900,-119,3801,novice
1999,2123,2061,-124,4122,novice
2088,1901,1994,187,3989,novice
1941,2214,2077,-273,4155,novice
1704,2155,1929,-451,3859,novice
1669,1933,1801,-264,3602,novice
2116,1983,2049,133,4099,novice
1611,1985,1798,-374,3596,novice
2222,1725,1973,497,3947,novice
1569,1984,1776,-415,3553,novice
1823,2246,2034,-423,4069,novice
2350,2409,2379,-59,4759,master
2027,1753,1890,274,3780,novice
1923,1764,1843,159,3687,novice
1913,2070,1991,-157,3983,novice
2485,2629,2557,-144,5114,grandmaster
1746,1388,1567,358,3134,novice
1918,2227,2072,-309,4145,novice
1877,2137,2007,-260,4014,novice
2377,2012,2194,365,4389,average
1918,2087,2002,-169,4005,novice
1812,2209,2010,-397,4021,novice
1786,2181,1983,-395,3967,novice
2330,2448,2389,-118,4778,master
1820,1669,1744,151,3489,novice
1942,1868,1905,74,3810,novice
2486,2542,2514,-56,5028,grandmaster
2700,2703,2701,-3,5403,grandmaster
1799,1943,1871,-144,3742,novice
2284,2623,2453,-339,4907,master
2384,1791,2087,593,4175,novice
1986,1864,1925,122,3850,novice
1839,2132,1985,-293,3971,novice
2379,2511,2445,-132,4890,master
1745,1845,1795,-100,3590,novice
2463,1817,2140,646,4280,average
2533,2162,2347,371,4695,master
1992,1614,1803,378,3606,novice
2345,2664,2504,-319,5009,grandmaster
1870,2195,2032,-325,4065,novice
2402,2139,2270,263,4541,average
2528,2225,2376,303,4753,master
1669,1234,1451,435,2903,novice
2003,2158,2080,-155,4161,novice
2201,1663,1932,538,3864,novice
2328,2161,2244,167,4489,average
1978,2292,2135,-314,4270,average
2026,2104,2065,-78,4130,novice
2297,2227,2262,70,4524,average
2205,2331,2268,-126,4536,average
1875,2133,2004,-258,4008,novice
2005,1704,1854,301,3709,novice
2284,2336,2310,-52,4620,master
2285,2129,2207,156,4414,average
2313,2110,2211,203,4423,average
2418,2089,2253,329,4507,average
2130,1971,2050,159,4101,novice
1664,1868,1766,-204,3532,novice
2319,2007,2163,312,4326,average
2227,2074,2150,153,4301,average
2234,2294,2264,-60,4528,average
1759,1817,1788,-58,3576,novice
2460,2457,2458,3,4917,master
2065,2093,2079,-28,4158,novice
2622,2102,2362,520,4724,master
1869,1585,1727,284,3454,novice
2217,2161,2189,56,4378,average
2283,2059,2171,224,4342,average
2631,2694,2662,-63,5325,grandmaster
2557,2270,2413,287,4827,master
2658,1887,2272,771,4545,average
2428,2130,2279,298,4558,average
1700,1657,1678,43,3357,novice
2297,2244,2270,53,4541,average
1690,1866,1778,-176,3556,novice
1825,2018,1921,-193,3843,novice
2110,2099,2104,11,4209,average
2519,2143,2331,376,4662,master
2439,1896,2167,543,4335,average
1823,2036,1929,-213,3859,novice
2352,2127,2239,225,4479,average
1897,1627,1762,270,3524,novice
1684,1682,1683,2,3366,novice
2067,1932,1999,135,3999,novice
2132,2269,2200,-137,4401,average
1883,1633,1758,250,3516,novice
2173,2164,2168,9,4337,average
2097,1533,1815,564,3630,novice
2139,1986,2062,153,4125,novice
1915,1575,1745,340,3490,novice
2193,2077,2135,116,4270,average
1954,2592,2273,-638,4546,average
2132,1830,1981,302,3962,novice
1708,1903,1805,-195,3611,novice
2230,1732,1981,498,3962,novice
2166,2516,2341,-350,4682,master
1970,2109,2039,-139,4079,novice
2070,2237,2153,-167,4307,average
1738,2127,1932,-389,3865,novice
1988,2133,2060,-145,4121,novice
2131,2488,2309,-357,4619,master
2244,2257,2250,-13,4501,average
2309,2486,2397,-177,4795,master
2381,1817,2099,564,4198,novice
1650,1683,1666,-33,3333,novice
1933,2157,2045,-224,4090,novice
2035,1759,1897,276,3794,novice
2364,1889,2126,475,4253,average
2068,2333,2200,-265,4401,average
1935,2021,1978,-86,3956,novice
2108,1923,2015,185,4031,novice
1996,2187,2091,-191,4183,novice
1782,1487,1634,295,3269,novice
2285,2193,2239,92,4478,average
1838,2422,2130,-584,4260,average
1685,1751,1718,-66,3436,novice
2107,1956,2031,151,4063,novice
2236,1959,2097,277,4195,novice
2157,2118,2137,39,4275,average
2106,1907,2006,199,4013,novice
1605,2436,2020,-831,4041,novice
1875,1774,1824,101,3649,novice
2017,2172,2094,-155,4189,novice
2236,2216,2226,20,4452,average
2016,1903,1959,113,3919,novice
2044,1813,1928,231,3857,novice
2101,2196,2148,-95,4297,average
1724,2013,1868,-289,3737,novice
2120,1838,1979,282,3958,novice
2186,2005,2095,181,4191,novice
1730,1980,1855,-250,3710,novice
2138,2211,2174,-73,4349,average
1846,1996,1921,-150,3842,novice
2495,2201,2348,294,4696,master
1828,2130,1979,-302,3958,novice
1887,2170,2028,-283,4057,novice
2290,1977,2133,313,4267,average
1479,2115,1797,-636,3594,novice
1609,1641,1625,-32,3250,novice
1617,1706,1661,-89,3323,novice
2541,2481,2511,60,5022,grandmaster
1748,2003,1875,-255,3751,novice
2326,2265,2295,61,4591,average
2109,2278,2193,-169,4387,average
2423,2038,2230,385,4461,average
1608,1730,1669,-122,3338,novice
1792,1889,1840,-97,3681,novice
1576,1819,1697,-243,3395,novice
1648,2006,1827,-358,3654,novice
1603,1827,1715,-224,3430,novice
1882,1865,1873,17,3747,novice
1507,1894,1700,-387,3401,novice
1547,1407,1477,140,2954,novice
2107,1930,2018,177,4037,novice
1872,2078,1975,-206,3950,novice
1942,1746,1844,196,3688,novice
2123,1683,1903,440,3806,novice
2526,2413,2469,113,4939,master
1950,2126,2038,-176,4076,novice
2310,2145,2227,165,4455,average
1230,1384,1307,-154,2614,novice
1793,1885,1839,-92,3678,novice
2105,1771,1938,334,3876,novice
2147,2051,2099,96,4198,novice
1553,1535,1544,18,3088,novice
2182,2050,2116,132,4232,average
2136,2485,2310,-349,4621,master
2294,2014,2154,280,4308,average
1750,1370,1560,380,3120,novice
1816,2218,2017,-402,4034,novice
2591,2363,2477,228,4954,master
2370,2557,2463,-187,4927,master
1789,1983,1886,-194,3772,novice
2042,1885,1963,157,3927,novice
2210,1883,2046,327,4093,novice
1819,1627,1723,192,3446,novice
2170,2316,2243,-146,4486,average
2082,1909,1995,173,3991,novice
2076,2278,2177,-202,4354,average
2005,1961,1983,44,3966,novice
1864,1883,1873,-19,3747,novice
1760,2052,1906,-292,3812,novice
1514,2039,1776,-525,3553,novice
2047,1895,1971,152,3942,novice
2062,1907,1984,155,3969,novice
2176,2468,2322,-292,4644,master
2518,2473,2495,45,4991,master
1815,1517,1666,298,3332,novice
1929,2077,2003,-148,4006,novice
2050,1808,1929,242,3858,novice
2244,2288,2266,-44,4532,average
1788,1691,1739,97,3479,novice
2130,1992,2061,138,4122,novice
1945,1880,1912,65,3825,novice
1827,1927,1877,-100,3754,novice
2070,1793,1931,277,3863,novice
1867,2073,1970,-206,3940,novice
1776,1959,1867,-183,3735,novice
2052,2385,2218,-333,4437,average
2153,1930,2041,223,4083,novice
2525,2527,2526,-2,5052,grandmaster
1599,1853,1726,-254,3452,novice
2276,2274,2275,2,4550,average
1722,1430,1576,292,3152,novice
1816,2102,1959,-286,3918,novice
2322,2126,2224,196,4448,average
2241,1543,1892,698,3784,novice
2582,2118,2350,464,4700,master
2416,2114,2265,302,4530,average
2240,2083,2161,157,4323,average
1689,1585,1637,104,3274,novice
2050,1417,1733,633,3467,novice
2167,1954,2060,213,4121,novice
2380,2193,2286,187,4573,average
1690,1713,1701,-23,3403,novice
2091,1837,1964,254,3928,novice
2002,2358,2180,-356,4360,average
2178,2112,2145,66,4290,average
2148,2029,2088,119,4177,novice
2068,1932,2000,136,4000,novice
1594,1848,1721,-254,3442,novice
2258,2550,2404,-292,4808,master
2286,2501,2393,-215,4787,master
1673,1983,1828,-310,3656,novice
2102,1931,2016,171,4033,novice
2317,1950,2133,367,4267,average
2249,2030,2139,219,4279,average
2047,2263,2155,-216,4310,average
2409,1896,2152,513,4305,average
1704,1863,1783,-159,3567,novice
1804,1801,1802,3,3605,novice
1790,1672,1731,118,3462,novice
2391,2312,2351,79,4703,master
2041,1657,1849,384,3698,novice
2370,2173,2271,197,4543,average
2068,2227,2147,-159,4295,average
1439,1641,1540,-202,3080,novice
2233,1992,2112,241,4225,average
2194,2036,2115,158,4230,average
1470,1634,1552,-164,3104,novice
1909,2048,1978,-139,3957,novice
1862,1631,1746,231,3493,novice
1543,1660,1601,-117,3203,novice
2327,2417,2372,-90,4744,master
2526,2049,2287,477,4575,average
1864,1367,1615,497,3231,novice
1541,2210,1875,-669,3751,novice
2011,1833,1922,178,3844,novice
1560,1561,1560,-1,3121,novice
1940,1719,1829,221,3659,novice
1764,2016,1890,-252,3780,novice
1954,2290,2122,-336,4244,average
2460,2076,2268,384,4536,average
1572,1838,1705,-266,3410,novice
2174,2284,2229,-110,4458,average
1661,1897,1779,-236,3558,novice
2398,2159,2278,239,4557,average
2321,2101,2211,220,4422,average
1947,1943,1945,4,3890,novice
2028,1987,2007,41,4015,novice
2526,2339,2432,187,4865,master
1788,1974,1881,-186,3762,novice
1876,1672,1774,204,3548,novice
2530,2336,2433,194,4866,master
2335,2270,2302,65,4605,master
2344,2334,2339,10,4678,master
2029,1633,1831,396,3662,novice
2534,2289,2411,245,4823,master
2172,2007,2089,165,4179,novice
1893,1454,1673,439,3347,novice
1293,1639,1466,-346,2932,novice
2260,2028,2144,232,4288,average
2062,1874,1968,188,3936,novice
2160,1849,2004,311,4009,novice
2409,2479,2444,-70,4888,master
1680,1667,1673,13,3347,novice
2024,1814,1919,210,3838,novice
2447,2161,2304,286,4608,master
1795,1974,1884,-179,3769,novice
2291,2235,2263,56,4526,average
2543,2447,2495,96,4990,master
2220,2168,2194,52,4388,average
1952,2539,2245,-587,4491,average
1597,1942,1769,-345,3539,novice
2113,1783,1948,330,3896,novice
2507,2141,2324,366,4648,master
1927,2145,2036,-218,4072,novice
2010,2229,2119,-219,4239,average
2091,2243,2167,-152,4334,average
1787,2004,1895,-217,3791,novice
1916,1746,1831,170,3662,novice
1808,1620,1714,188,3428,novice
1847,2188,2017,-341,4035,novice
2194,1763,1978,431,3957,novice
1945,2076,2010,-131,4021,novice
2412,2220,2316,192,4632,master
1800,1983,1891,-183,3783,novice
2071,1544,1807,527,3615,novice
1595,1671,1633,-76,3266,novice
1671,1949,1810,-278,3620,novice
2301,2339,2320,-38,4640,master
1623,1868,1745,-245,3491,novice
2245,2294,2269,-49,4539,average
1993,2158,2075,-165,4151,novice
2017,1887,1952,130,3904,novice
2237,1921,2079,316,4158,novice
1850,2056,1953,-206,3906,novice
2030,2415,2222,-385,4445,average
1969,1344,1656,625,3313,novice
2474,2554,2514,-80,5028,grandmaster
2118,2040,2079,78,4158,novice
1824,2444,2134,-620,4268,average
1970,2033,2001,-63,4003,novice
2122,2027,2074,95,4149,novice
1567,1408,1487,159,2975,novice
2072,1810,1941,262,3882,novice
2618,2538,2578,80,5156,grandmaster
1731,1857,1794,-126,3588,novice
1566,1962,1764,-396,3528,novice
1882,2137,2009,-255,4019,novice
2379,2505,2442,-126,4884,master
1857,1497,1677,360,3354,novice
1786,1622,1704,164,3408,novice
2425,2280,2352,145,4705,master
2197,2414,2305,-217,4611,master
1963,1931,1947,32,3894,novice
2256,2175,2215,81,4431,average
1274,1453,1363,-179,2727,novice
1462,1705,1583,-243,3167,novice
2169,1683,1926,486,3852,novice
2284,2073,2178,211,4357,average
1992,2101,2046,-109,4093,novice
2391,2557,2474,-166,4948,master
1719,1834,1776,-115,3553,novice
1930,2102,2016,-172,4032,novice
2182,2072,2127,110,4254,average
1665,1899,1782,-234,3564,novice
2205,2362,2283,-157,4567,average
1988,2139,2063,-151,4127,novice
1988,1856,1922,132,3844,novice
2324,2244,2284,80,4568,average
2068,1922,1995,146,3990,novice
1739,1567,1653,172,3306,novice
1867,2214,2040,-347,4081,novice
2374,2612,2493,-238,4986,master
2548,2380,2464,168,4928,master
2002,2098,2050,-96,4100,novice
1807,2221,2014,-414,4028,novice
1924,1610,1767,314,3534,novice
2288,2338,2313,-50,4626,master
1752,1602,1677,150,3354,novice
2224,1932,2078,292,4156,novice
1965,2318,2141,-353,4283,average
2370,2041,2205,329,4411,average
2388,1958,2173,430,4346,average
2293,2035,2164,258,4328,average
2000,1838,1919,162,3838,novice
2046,1879,1962,167,3925,novice
2373,2078,2225,295,4451,average
1623,2188,1905,-565,3811,novice
1984,2095,2039,-111,4079,novice
1807,1996,1901,-189,3803,novice
2505,2629,2567,-124,5134,grandmaster
2567,2714,2640,-147,5281,grandmaster
1972,1622,1797,350,3594,novice
2278,2322,2300,-44,4600,average
2244,1933,2088,311,4177,novice
1837,2081,1959,-244,3918,novice
2189,1882,2035,307,4071,novice
2263,2185,2224,78,4448,average
2400,1972,2186,428,4372,average
1999,2283,2141,-284,4282,average
2032,1905,1968,127,3937,novice
2075,2271,2173,-196,4346,average
2120,1881,2000,239,4001,novice
2079,1911,1995,168,3990,novice
2402,2025,2213,377,4427,average
2062,2253,2157,-191,4315,average
2215,2199,2207,16,4414,average
2525,2346,2435,179,4871,master
1980,1843,1911,137,3823,novice
2130,1655,1892,475,3785,novice
2296,1978,2137,318,4274,average
2266,2031,2148,235,4297,average
1879,1861,1870,18,3740,novice
2046,1602,1824,444,3648,novice
2022,2095,2058,-73,4117,novice
2021,1636,1828,385,3657,novice
1779,2239,2009,-460,4018,novice
1988,2237,2112,-249,4225,average
1833,1565,1699,268,3398,novice
2233,2065,2149,168,4298,average
1769,2062,1915,-293,3831,novice
2069,2122,2095,-53,4191,novice
2070,1905,1987,165,3975,novice
2240,1933,2086,307,4173,novice
2370,2328,2349,42,4698,master
1589,1678,1633,-89,3267,novice
2000,1751,1875,249,3751,novice
2276,2159,2217,117,4435,average
2073,1917,1995,156,3990,novice
1657,1571,1614,86,3228,novice
1824,2545,2184,-721,4369,average
1957,1523,1740,434,3480,novice
2644,2717,2680,-73,5361,grandmaster
1830,1957,1893,-127,3787,novice
2153,1818,1985,335,3971,novice
1601,1776,1688,-175,3377,novice
2309,1776,2042,533,4085,novice
1781,2394,2087,-613,4175,novice
1883,1605,1744,278,3488,novice
1916,2154,2035,-238,4070,novice
1992,1894,1943,98,3886,novice
2392,2487,2439,-95,4879,master
2114,2033,2073,81,4147,novice
2385,2053,2219,332,4438,average
1506,2027,1766,-521,3533,novice
2126,1933,2029,193,4059,novice
2450,2358,2404,92,4808,master
1926,1791,1858,135,3717,novice
1743,1423,1583,320,3166,novice
2243,1907,2075,336,4150,novice
1742,1987,1864,-245,3729,novice
2017,2302,2159,-285,4319,average
2628,2792,2710,-164,5420,grandmaster
2592,2162,2377,430,4754,master
1512,1933,1722,-421,3445,novice
2137,1843,1990,294,3980,novice
2147,2287,2217,-140,4434,average
1773,2071,1922,-298,3844,novice
1571,1857,1714,-286,3428,novice
1965,1654,1809,311,3619,novice
2263,1841,2052,422,4104,novice
2401,2198,2299,203,4599,average
2433,2097,2265,336,4530,average
2355,2528,2441,-173,4883,master
2017,2190,2103,-173,4207,average
2033,1902,1967,131,3935,novice
2272,2070,2171,202,4342,average
2134,2216,2175,-82,4350,average
1974,2115,2044,-141,4089,novice
2297,1812,2054,485,4109,novice
2524,2377,2450,147,4901,master
2295,2335,2315,-40,4630,master
2292,2127,2209,165,4419,average
2426,2181,2303,245,4607,master
2128,2057,2092,71,4185,novice
1973,1633,1803,340,3606,novice
1978,2412,2195,-434,4390,average
2439,2165,2302,274,4604,master
1714,2257,1985,-543,3971,novice
1936,2135,2035,-199,4071,novice
2195,2184,2189,11,4379,average
1966,2118,2042,-152,4084,novice
1634,1889,1761,-255,3523,novice
2234,2058,2146,176,4292,average
2155,1751,1953,404,3906,novice
2365,2516,2440,-151,4881,master
1653,1978,1815,-325,3631,novice
1401,1781,1591,-380,3182,novice
2030,2331,2180,-301,4361,average
2098,1689,1893,409,3787,novice
2290,2053,2171,237,4343,average
2084,2256,2170,-172,4340,average
1945,1931,1938,14,3876,novice
2005,1978,1991,27,3983,novice
2078,1800,1939,278,3878,novice
2036,2234,2135,-198,4270,average
1755,1502,1628,253,3257,novice
1634,1903,1768,-269,3537,novice
1966,2141,2053,-175,4107,novice
1567,1704,1635,-137,3271,novice
1839,1430,1634,409,3269,novice
2066,1930,1998,136,3996,novice
1996,1844,1920,152,3840,novice
2234,1999,2116,235,4233,average
2281,1917,2099,364,4198,novice
2220,2019,2119,201,4239,average
1761,2150,1955,-389,3911,novice
2388,1903,2145,485,4291,average
2347,2175,2261,172,4522,average
1833,1531,1682,302,3364,novice
1930,2078,2004,-148,4008,novice
1373,2222,1797,-849,3595,novice
1982,1695,1838,287,3677,novice
1916,2110,2013,-194,4026,novice
1846,2113,1979,-267,3959,novice
2022,2185,2103,-163,4207,average
1819,2042,1930,-223,3861,novice
2021,2301,2161,-280,4322,average
1841,2122,1981,-281,3963,novice
2124,2155,2139,-31,4279,average
2308,2085,2196,223,4393,average
2238,1926,2082,312,4164,novice
2101,1923,2012,178,4024,novice
1379,1673,1526,-294,3052,novice
1739,2015,1877,-276,3754,novice
2425,1903,2164,522,4328,average
2145,2342,2243,-197,4487,average
2105,1966,2035,139,4071,novice
2721,2731,2726,-10,5452,grandmaster
2211,2084,2147,127,4295,average
1991,2152,2071,-161,4143,novice
2212,2019,2115,193,4231,average
2331,1854,2092,477,4185,novice
2367,2141,2254,226,4508,average
2084,2037,2060,47,4121,novice
2057,2285,2171,-228,4342,average
1556,1932,1744,-376,3488,novice
2432,2112,2272,320,4544,average
2200,1812,2006,388,4012,novice
1885,1693,1789,192,3578,novice
2389,2403,2396,-14,4792,master
2175,2003,2089,172,4178,novice
2411,1848,2129,563,4259,average
2166,1932,2049,234,4098,novice
2485,2423,2454,62,4908,master
2152,1923,2037,229,4075,novice
2138,1840,1989,298,3978,novice
1280,1552,1416,-272,2832,novice
1921,2053,1987,-132,3974,novice
2067,2135,2101,-68,4202,average
2172,2163,2167,9,4335,average
2052,2211,2131,-159,4263,average
1912,1768,1840,144,3680,novice
1889,2282,2085,-393,4171,novice
2109,2400,2254,-291,4509,average
2269,2446,2357,-177,4715,master
1844,2468,2156,-624,4312,average
1884,2151,2017,-267,4035,novice
2351,2160,2255,191,4511,average
1957,1775,1866,182,3732,novice
1660,1652,1656,8,3312,novice
2089,2217,2153,-128,4306,average
1747,2379,2063,-632,4126,novice
2182,1940,2061,242,4122,novice
2320,2017,2168,303,4337,average
2453,2216,2334,237,4669,master
1897,2292,2094,-395,4189,novice
1910,2092,2001,-182,4002,novice
2520,2631,2575,-111,5151,grandmaster
2049,2101,2075,-52,4150,novice
1612,1833,1722,-221,3445,novice
1923,2108,2015,-185,4031,novice
2578,2607,2592,-29,5185,grandmaster
1783,1779,1781,4,3562,novice
2030,2284,2157,-254,4314,average
2469,2085,2277,384,4554,average
2429,2146,2287,283,4575,average
2039,1888,1963,151,3927,novice
1507,2239,1873,-732,3746,novice
2458,2195,2326,263,4653,master
2127,2032,2079,95,4159,novice
2121,2037,2079,84,4158,novice
2182,1911,2046,271,4093,novice
2130,2156,2143,-26,4286,average
2155,2321,2238,-166,4476,average
2037,2250,2143,-213,4287,average
1993,1767,1880,226,3760,novice
1748,1956,1852,-208,3704,novice
2224,2407,2315,-183,4631,master
2304,2028,2166,276,4332,average
2036,2030,2033,6,4066,novice
2497,2503,2500,-6,5000,master
2312,2270,2291,42,4582,average
2641,2169,2405,472,4810,master
1873,2250,2061,-377,4123,novice
2489,2303,2396,186,4792,master
2403,1764,2083,639,4167,novice
1383,1206,1294,177,2589,novice
1499,1795,1647,-296,3294,novice
1957,2094,2025,-137,4051,novice
2356,2492,2424,-136,4848,master
1605,1940,1772,-335,3545,novice
1790,1554,1672,236,3344,novice
1884,1887,1885,-3,3771,novice
1715,1436,1575,279,3151,novice
2061,2034,2047,27,4095,novice
2580,2339,2459,241,4919,master
2047,1777,1912,270,3824,novice
1771,2327,2049,-556,4098,novice
1883,1657,1770,226,3540,novice
1993,1782,1887,211,3775,novice
1725,2212,1968,-487,3937,novice
2512,2082,2297,430,4594,average
2114,2400,2257,-286,4514,average
1672,1740,1706,-68,3412,novice
1790,2047,1918,-257,3837,novice
2068,2032,2050,36,4100,novice
1889,2050,1969,-161,3939,novice
2306,2505,2405,-199,4811,master
1825,2153,1989,-328,3978,novice
1979,2449,2214,-470,4428,average
1767,1981,1874,-214,3748,novice
2288,2181,2234,107,4469,average
2141,2338,2239,-197,4479,average
1828,2434,2131,-606,4262,average
1527,1701,1614,-174,3228,novice
2496,2546,2521,-50,5042,grandmaster
2422,2292,2357,130,4714,master
1532,1344,1438,188,2876,novice
2232,2274,2253,-42,4506,average
2267,1956,2111,311,4223,average
2209,2218,2213,-9,4427,average
2285,1994,2139,291,4279,average
2255,2186,2220,69,4441,average
2132,1895,2013,237,4027,novice
2252,1962,2107,290,4214,average
2187,2274,2230,-87,4461,average
2288,2429,2358,-141,4717,master
2176,2031,2103,145,4207,average
2318,2244,2281,74,4562,average
2227,2013,2120,214,4240,average
2367,2158,2262,209,4525,average
1846,1634,1740,212,3480,novice
2559,2420,2489,139,4979,master
2084,1889,1986,195,3973,novice
2324,2370,2347,-46,4694,master
2117,2306,2211,-189,4423,average
2244,2191,2217,53,4435,average
2178,2530,2354,-352,4708,master
1643,1790,1716,-147,3433,novice
2340,2516,2428,-176,4856,master
2015,2043,2029,-28,4058,novice
2477,2268,2372,209,4745,master
1805,1968,1886,-163,3773,novice
2025,2564,2294,-539,4589,average
1798,2000,1899,-202,3798,novice
1663,2190,1926,-527,3853,novice
2488,2562,2525,-74,5050,grandmaster
1936,2411,2173,-475,4347,average
1250,1518,1384,-268,2768,novice
2198,2282,2240,-84,4480,average
2302,1941,2121,361,4243,average
2004,1843,1923,161,3847,novice
2007,2115,2061,-108,4122,novice
1734,1796,1765,-62,3530,novice
2101,2290,2195,-189,4391,average
2145,1883,2014,262,4028,novice
2160,2017,2088,143,4177,novice
1908,2168,2038,-260,4076,novice
2422,1819,2120,603,4241,average
2188,1940,2064,248,4128,novice
1824,2428,2126,-604,4252,average
1714,2281,1997,-567,3995,novice
1860,2134,1997,-274,3994,novice
1991,2071,2031,-80,4062,novice
2306,1531,1918,775,3837,novice
2050,2339,2194,-289,4389,average
2270,1986,2128,284,4256,average
1780,1993,1886,-213,3773,novice
2120,1889,2004,231,4009,novice
2108,2039,2073,69,4147,novice
2123,1731,1927,392,3854,novice
2037,2098,2067,-61,4135,novice
1931,1309,1620,622,3240,novice
1861,2134,1997,-273,3995,novice
1971,2102,2036,-131,4073,novice
2244,2036,2140,208,4280,average
2514,2544,2529,-30,5058,grandmaster
2137,2005,2071,132,4142,novice
2174,1863,2018,311,4037,novice
2045,1805,1925,240,3850,novice
2029,1745,1887,284,3774,novice
1633,1903,1768,-270,3536,novice
2514,2171,2342,343,4685,master
2033,1854,1943,179,3887,novice
2374,2247,2310,127,4621,master
2124,1835,1979,289,3959,novice
1758,1456,1607,302,3214,novice
2323,1963,2143,360,4286,average
1825,1691,1758,134,3516,novice
2443,2366,2404,77,4809,master
2114,2335,2224,-221,4449,average
1710,2289,1999,-579,3999,novice
2004,1680,1842,324,3684,novice
1682,1762,1722,-80,3444,novice
1949,2182,2065,-233,4131,novice
1530,1712,1621,-182,3242,novice
2460,2238,2349,222,4698,master
2385,2705,2545,-320,5090,grandmaster
2388,2501,2444,-113,4889,master
1622,1798,1710,-176,3420,novice
2498,2364,2431,134,4862,master
1498,1761,1629,-263,3259,novice
1861,2286,2073,-425,4147,novice
2024,1724,1874,300,3748,novice
1983,1605,1794,378,3588,novice
2189,1959,2074,230,4148,novice
2575,2138,2356,437,4713,master
1921,1742,1831,179,3663,novice
2136,1871,2003,265,4007,novice
2166,1935,2050,231,4101,novice
1840,1991,1915,-151,3831,novice
1612,1835,1723,-223,3447,novice
2070,2234,2152,-164,4304,average
2271,2174,2222,97,4445,average
1768,1934,1851,-166,3702,novice
1976,2060,2018,-84,4036,novice
2386,2338,2362,48,4724,master
2290,2496,2393,-206,4786,master
1848,1905,1876,-57,3753,novice
1989,1870,1929,119,3859,novice
2049,1957,2003,92,4006,novice
2283,2111,2197,172,4394,average
1834,2009,1921,-175,3843,novice
2359,2594,2476,-235,4953,master
2136,1979,2057,157,4115,novice
1881,1742,1811,139,3623,novice
2263,2437,2350,-174,4700,master
1973,1812,1892,161,3785,novice
2143,1973,2058,170,4116,novice
2350,2259,2304,91,4609,master
2584,2057,2320,527,4641,master
2215,1828,2021,387,4043,novice
1931,2211,2071,-280,4142,novice
1892,2130,2011,-238,4022,novice
1973,2081,2027,-108,4054,novice
1709,2170,1939,-461,3879,novice
2216,2398,2307,-182,4614,master
2016,1766,1891,250,3782,novice
2218,1799,2008,419,4017,novice
2410,1923,2166,487,4333,average
1782,1501,1641,281,3283,novice
1714,1447,1580,267,3161,novice
1824,1949,1886,-125,3773,novice
1995,2200,2097,-205,4195,novice
2462,2328,2395,134,4790,master
2213,2058,2135,155,4271,average
1873,2076,1974,-203,3949,novice
2427,2479,2453,-52,4906,master
1514,1676,1595,-162,3190,novice
1595,1464,1529,131,3059,novice
2242,2304,2273,-62,4546,average
1770,2148,1959,-378,3918,novice
2104,2249,2176,-145,4353,average
1639,2004,1821,-365,3643,novice
2403,2022,2212,381,4425,average
2187,1751,1969,436,3938,novice
2813,2775,2794,38,5588,grandmaster
1804,1957,1880,-153,3761,novice
1753,2222,1987,-469,3975,novice
2000,1818,1909,182,3818,novice
2105,2071,2088,34,4176,novice
1619,1936,1777,-317,3555,novice
2220,2070,2145,150,4290,average
2083,1873,1978,210,3956,novice
1774,2321,2047,-547,4095,novice
2023,2152,2087,-129,4175,novice
2045,1774,1909,271,3819,novice
2292,2518,2405,-226,4810,master
1704,2053,1878,-349,3757,novice
2065,2303,2184,-238,4368,average
2390,2238,2314,152,4628,master
2137,1948,2042,189,4085,novice
1568,2149,1858,-581,3717,novice
2014,1572,1793,442,3586,novice
2113,2251,2182,-138,4364,average
1969,1862,1915,107,3831,novice
2013,2228,2120,-215,4241,average
2562,2101,2331,461,4663,master
2200,1867,2033,333,4067,novice
1879,2131,2005,-252,4010,novice
1749,1845,1797,-96,3594,novice
2391,2128,2259,263,4519,average
2374,2281,2327,93,4655,master
2339,1843,2091,496,4182,novice
1548,1768,1658,-220,3316,novice
1870,1596,1733,274,3466,novice
2185,2301,2243,-116,4486,average
1248,1954,1601,-706,3202,novice
2153,1902,2027,251,4055,novice
1404,1677,1540,-273,3081,novice
1769,1977,1873,-208,3746,novice
2091,2379,2235,-288,4470,average
1902,1898,1900,4,3800,novice
2280,2170,2225,110,4450,average
2426,2126,2276,300,4552,average
1980,2215,2097,-235,4195,novice
1684,1956,1820,-272,3640,novice
2355,2522,2438,-167,4877,master
2642,2559,2600,83,5201,grandmaster
2213,1983,2098,230,4196,novice
1822,2077,1949,-255,3899,novice
1809,2139,1974,-330,3948,novice
1912,1711,1811,201,3623,novice
2090,1955,2022,135,4045,novice
1931,2143,2037,-212,4074,novice
1776,2054,1915,-278,3830,novice
2079,1285,1682,794,3364,novice
2365,2073,2219,292,4438,average
1771,2225,1998,-454,3996,novice
1679,1921,1800,-242,3600,novice
2162,2381,2271,-219,4543,average
2117,1771,1944,346,3888,novice
2396,2346,2371,50,4742,master
2053,1703,1878,350,3756,novice
2330,2155,2242,175,4485,average
2069,1950,2009,119,4019,novice
2420,2566,2493,-146,4986,master
1590,1840,1715,-250,3430,novice
1579,1951,1765,-372,3530,novice
2381,2467,2424,-86,4848,master
1368,1958,1663,-590,3326,novice
2117,2479,2298,-362,4596,average
2148,2163,2155,-15,4311,average
2012,2127,2069,-115,4139,novice
2240,1989,2114,251,4229,average
1991,1632,1811,359,3623,novice
2237,1959,2098,278,4196,novice
1608,2092,1850,-484,3700,novice
1982,2116,2049,-134,4098,novice
2249,2571,2410,-322,4820,master
2336,2599,2467,-263,4935,master
1864,2057,1960,-193,3921,novice
2197,2412,2304,-215,4609,master
2146,2339,2242,-193,4485,average
2055,1789,1922,266,3844,novice
1941,2232,2086,-291,4173,novice
1799,2138,1968,-339,3937,novice
2048,2328,2188,-280,4376,average
1741,1592,1666,149,3333,novice
2130,2018,2074,112,4148,novice
2529,2219,2374,310,4748,master
1616,1658,1637,-42,3274,novice
1846,2077,1961,-231,3923,novice
1550,1565,1557,-15,3115,novice
2064,2024,2044,40,4088,novice
1717,1918,1817,-201,3635,novice
2545,2144,2344,401,4689,master
2107,2250,2178,-143,4357,average
1983,2119,2051,-136,4102,novice
1901,2076,1988,-175,3977,novice
1933,2110,2021,-177,4043,novice
1983,2026,2004,-43,4009,novice
2074,1675,1874,399,3749,novice
2418,2037,2227,381,4455,average
1933,1644,1788,289,3577,novice
2104,2239,2171,-135,4343,average
1890,1512,1701,378,3402,novice
2354,1791,2072,563,4145,novice
1984,2263,2123,-279,4247,average
2406,2422,2414,-16,4828,master
2005,1839,1922,166,3844,novice
2078,1832,1955,246,3910,novice
2263,1960,2111,303,4223,average
1991,2065,2028,-74,4056,novice
2106,2017,2061,89,4123,novice
1927,2107,2017,-180,4034,novice
2221,1899,2060,322,4120,novice
2160,1979,2069,181,4139,novice
1942,1749,1845,193,3691,novice
2456,2090,2273,366,4546,average
1917,2120,2018,-203,4037,novice
2223,1585,1904,638,3808,novice
2340,2461,2400,-121,4801,master
2010,2141,2075,-131,4151,novice
2179,2394,2286,-215,4573,average
2387,1930,2158,457,4317,average
2358,1626,1992,732,3984,novice
1734,2143,1938,-409,3877,novice
1509,2030,1769,-521,3539,novice
1747,1425,1586,322,3172,novice
2253,1839,2046,414,4092,novice
1507,2124,1815,-617,3631,novice
2209,2338,2273,-129,4547,average
2194,1957,2075,237,4151,novice
2185,1962,2073,223,4147,novice
1492,2015,1753,-523,3507,novice
2792,2659,2725,133,5451,grandmaster
2072,2147,2109,-75,4219,average
2192,2441,2316,-249,4633,master
1880,1637,1758,243,3517,novice
1752,1839,1795,-87,3591,novice
2106,2178,2142,-72,4284,average
2243,2040,2141,203,4283,average
1742,2053,1897,-311,3795,novice
2436,2360,2398,76,4796,master
2099,2100,2099,-1,4199,novice
1830,1895,1862,-65,3725,novice
1959,2086,2022,-127,4045,novice
1716,2082,1899,-366,3798,novice
1769,2118,1943,-349,3887,novice
1718,2224,1971,-506,3942,novice
2062,1806,1934,256,3868,novice
1800,1557,1678,243,3357,novice
2199,2286,2242,-87,4485,average
1924,2175,2049,-251,4099,novice
2043,1959,2001,84,4002,novice
1803,2008,1905,-205,3811,novice
1870,2226,2048,-356,4096,novice
1722,2154,1938,-432,3876,novice
1949,1779,1864,170,3728,novice
2015,1731,1873,284,3746,novice
2202,2073,2137,129,4275,average
1981,2081,2031,-100,4062,novice
2149,1921,2035,228,4070,novice
2186,2261,2223,-75,4447,average
2003,2345,2174,-342,4348,average
1981,2103,2042,-122,4084,novice
2164,1866,2015,298,4030,novice
2298,2114,2206,184,4412,average
1942,1458,1700,484,3400,novice
1932,2384,2158,-452,4316,average
1748,1962,1855,-214,3710,novice
1751,1546,1648,205,3297,novice
1707,2001,1854,-294,3708,novice
2206,2498,2352,-292,4704,master
1605,1772,1688,-167,3377,novice
1746,2035,1890,-289,3781,novice
1655,1834,1744,-179,3489,novice
2035,1734,1884,301,3769,novice
2022,2093,2057,-71,4115,novice
1808,1910,1859,-102,3718,novice
1951,1768,1859,183,3719,novice
2224,2112,2168,112,4336,average
2116,2005,2060,111,4121,novice
1991,2066,2028,-75,4057,novice
1817,1899,1858,-82,3716,novice
2476,2491,2483,-15,4967,master
2061,1989,2025,72,4050,novice
2476,2073,2274,403,4549,average
2246,1699,1972,547,3945,novice
2212,1760,1986,452,3972,novice
1952,2191,2071,-239,4143,novice
1941,2405,2173,-464,4346,average
1855,2079,1967,-224,3934,novice
2526,2095,2310,431,4621,master
1908,1760,1834,148,3668,novice
1966,1729,1847,237,3695,novice
2379,2436,2407,-57,4815,master
1992,2375,2183,-383,4367,average
2043,1715,1879,328,3758,novice
2012,1905,1958,107,3917,novice
2075,1793,1934,282,3868,novice
2047,1893,1970,154,3940,novice
2216,1962,2089,254,4178,novice
2269,1822,2045,447,4091,novice
2136,2016,2076,120,4152,novice
1797,1963,1880,-166,3760,novice
2080,1943,2011,137,4023,novice
2009,1855,1932,154,3864,novice
2113,2201,2157,-88,4314,average
2210,2403,2306,-193,4613,master
2072,2330,2201,-258,4402,average
1978,2087,2032,-109,4065,novice
2160,1886,2023,274,4046,novice
2214,1703,1958,511,3917,novice
1966,2121,2043,-155,4087,novice
2205,2302,2253,-97,4507,average
2188,2342,2265,-154,4530,average
1925,2095,2010,-170,4020,novice
2323,2363,2343,-40,4686,master
2109,1861,1985,248,3970,novice
2195,2109,2152,86,4304,average
2072,1879,1975,193,3951,novice
2211,2203,2207,8,4414,average
1944,1963,1953,-19,3907,novice
1971,2141,2056,-170,4112,novice
1646,1711,1678,-65,3357,novice
2265,1928,2096,337,4193,novice
1599,1665,1632,-66,3264,novice
2075,1933,2004,142,4008,novice
1848,1554,1701,294,3402,novice
2257,2233,2245,24,4490,average
2142,1981,2061,161,4123,novice
2264,2143,2203,121,4407,average
2164,2072,2118,92,4236,average
2156,2327,2241,-171,4483,average
1881,1768,1824,113,3649,novice
2247,2538,2392,-291,4785,master
2015,1800,1907,215,3815,novice
2170,2401,2285,-231,4571,average
2425,2650,2537,-225,5075,grandmaster
1895,2009,1952,-114,3904,novice
2207,2077,2142,130,4284,average
1964,1681,1822,283,3645,novice
1914,2162,2038,-248,4076,novice
2131,1949,2040,182,4080,novice
2396,2667,2531,-271,5063,grandmaster
2003,1845,1924,158,3848,novice
2060,1873,1966,187,3933,novice
2009,2022,2015,-13,4031,novice
2373,2203,2288,170,4576,average
2450,2414,2432,36,4864,master
2339,1330,1834,1009,3669,novice
1677,1264,1470,413,2941,novice
1925,1769,1847,156,3694,novice
2283,1886,2084,397,4169,novice
2113,1966,2039,147,4079,novice
1741,2124,1932,-383,3865,novice
2427,2483,2455,-56,4910,master
2174,1840,2007,334,4014,novice
2161,2247,2204,-86,4408,average
1873,2223,2048,-350,4096,novice
1713,2185,1949,-472,3898,novice
2214,1909,2061,305,4123,novice
1809,1926,1867,-117,3735,novice
1918,2043,1980,-125,3961,novice
2161,2231,2196,-70,4392,average
1951,2252,2101,-301,4203,average
2101,2061,2081,40,4162,novice
2138,1796,1967,342,3934,novice
2020,1961,1990,59,3981,novice
2304,2370,2337,-66,4674,master
2214,2451,2332,-237,4665,master
2197,1985,2091,212,4182,novice
2244,1849,2046,395,4093,novice
2308,2206,2257,102,4514,average
1988,1962,1975,26,3950,novice
2516,2390,2453,126,4906,master
1867,2122,1994,-255,3989,novice
2255,2008,2131,247,4263,average
2065,2514,2289,-449,4579,average
2230,1920,2075,310,4150,novice
2447,2184,2315,263,4631,master
2437,2482,2459,-45,4919,master
1937,1759,1848,178,3696,novice
1883,1724,1803,159,3607,novice
2016,1786,1901,230,3802,novice
2378,1915,2146,463,4293,average
2159,2053,2106,106,4212,average
1698,1815,1756,-117,3513,novice
2344,2469,2406,-125,4813,master
2377,2309,2343,68,4686,master
2060,2108,2084,-48,4168,novice
2415,2230,2322,185,4645,master
1952,2084,2018,-132,4036,novice
1981,2114,2047,-133,4095,novice
1950,2244,2097,-294,4194,novice
2340,2059,2199,281,4399,average
2274,2123,2198,151,4397,average
2659,2417,2538,242,5076,grandmaster
2368,2240,2304,128,4608,master
1872,1893,1882,-21,3765,novice
1724,2023,1873,-299,3747,novice
2255,2121,2188,134,4376,average
2239,2259,2249,-20,4498,average
1581,2296,1938,-715,3877,novice
1665,2073,1869,-408,3738,novice
2554,2412,2483,142,4966,master
1999,2191,2095,-192,4190,novice
2296,1802,2049,494,4098,novice
1806,2153,1979,-347,3959,novice
1918,2065,1991,-147,3983,novice
2062,2039,2050,23,4101,novice
1357,1370,1363,-13,2727,novice
1983,2130,2056,-147,4113,novice
2324,2277,2300,47,4601,average
2026,1920,1973,106,3946,novice
1514,1734,1624,-220,3248,novice
2138,1861,1999,277,3999,novice
2149,1987,2068,162,4136,novice
2083,2301,2192,-218,4384,average
2002,2071,2036,-69,4073,novice
1823,1929,1876,-106,3752,novice
2136,2073,2104,63,4209,average
1672,1958,1815,-286,3630,novice
2345,2264,2304,81,4609,master
1810,1993,1901,-183,3803,novice
1816,2157,1986,-341,3973,novice
2382,2488,2435,-106,4870,master
2167,2009,2088,158,4176,novice
1871,1614,1742,257,3485,novice
2015,1845,1930,170,3860,novice
2193,1993,2093,200,4186,novice
2174,2008,2091,166,4182,novice
2328,2455,2391,-127,4783,master
1906,2292,2099,-386,4198,novice
2239,1630,1934,609,3869,novice
2560,2303,2431,257,4863,master
2022,1866,1944,156,3888,novice
1628,1879,1753,-251,3507,novice
2227,2053,2140,174,4280,average
2050,1951,2000,99,4001,novice
2415,1937,2176,478,4352,average
2127,1833,1980,294,3960,novice
2024,2043,2033,-19,4067,novice
1638,1279,1458,359,2917,novice
2072,1791,1931,281,3863,novice
2007,2203,2105,-196,4210,average
2025,1664,1844,361,3689,novice
2349,1979,2164,370,4328,average
2215,1878,2046,337,4093,novice
2167,1936,2051,231,4103,novice
2070,1885,1977,185,3955,novice
2611,2313,2462,298,4924,master
1390,1498,1444,-108,2888,novice
1892,2121,2006,-229,4013,novice
1697,1962,1829,-265,3659,novice
2150,2008,2079,142,4158,novice
2218,1915,2066,303,4133,novice
1896,2061,1978,-165,3957,novice
2092,1668,1880,424,3760,novice
1333,1517,1425,-184,2850,novice
2085,1641,1863,444,3726,novice
2090,1691,1890,399,3781,novice
2072,1842,1957,230,3914,novice
1950,2023,1986,-73,3973,novice
2123,2127,2125,-4,4250,average
2174,2111,2142,63,4285,average
2368,2442,2405,-74,4810,master
1919,2055,1987,-136,3974,novice
2335,1927,2131,408,4262,average
1598,1741,1669,-143,3339,novice
2080,1826,1953,254,3906,novice
2178,1953,2065,225,4131,novice
2091,2244,2167,-153,4335,average
1997,2151,2074,-154,4148,novice
1927,2142,2034,-215,4069,novice
2383,2534,2458,-151,4917,master
2024,2162,2093,-138,4186,novice
2057,2187,2122,-130,4244,average
2137,1849,1993,288,3986,novice
2393,2313,2353,80,4706,master
2144,1878,2011,266,4022,novice
2011,2208,2109,-197,4219,average
1549,1877,1713,-328,3426,novice
1938,1858,1898,80,3796,novice
2304,2250,2277,54,4554,average
2287,2147,2217,140,4434,average
2160,2353,2256,-193,4513,average
2302,1647,1974,655,3949,novice
2339,2417,2378,-78,4756,master
1810,1469,1639,341,3279,novice
1850,2491,2170,-641,4341,average
2001,2170,2085,-169,4171,novice
2473,2578,2525,-105,5051,grandmaster
1927,2352,2139,-425,4279,average
2427,1904,2165,523,4331,average
2155,2362,2258,-207,4517,average
2022,2018,2020,4,4040,novice
1694,1876,1785,-182,3570,novice
2535,2404,2469,131,4939,master
2080,1733,1906,347,3813,novice
1774,2148,1961,-374,3922,novice
1814,1757,1785,57,3571,novice
2387,2161,2274,226,4548,average
2338,2218,2278,120,4556,average
1947,2021,1984,-74,3968,novice
1700,2079,1889,-379,3779,novice
2207,1731,1969,476,3938,novice
1999,1817,1908,182,3816,novice
1796,1483,1639,313,3279,novice
1806,1683,1744,123,3489,novice
1927,2061,1994,-134,3988,novice
1862,2340,2101,-478,4202,average
2215,2129,2172,86,4344,average
1769,1982,1875,-213,3751,novice
2034,2137,2085,-103,4171,novice
1916,2362,2139,-446,4278,average
2262,2111,2186,151,4373,average
2068,2312,2190,-244,4380,average
2543,2047,2295,496,4590,average
1883,1893,1888,-10,3776,novice
2526,2409,2467,117,4935,master
1911,1644,1777,267,3555,novice
1867,1591,1729,276,3458,novice
2485,2263,2374,222,4748,master
1843,1602,1722,241,3445,novice
2489,2249,2369,240,4738,master
1945,1777,1861,168,3722,novice
2004,2211,2107,-207,4215,average
2123,2408,2265,-285,4531,average
1698,1943,1820,-245,3641,novice
2358,2246,2302,112,4604,master
2066,1754,1910,312,3820,novice
2475,2088,2281,387,4563,average
1780,2040,1910,-260,3820,novice
2231,2129,2180,102,4360,average
1751,2096,1923,-345,3847,novice
2046,2047,2046,-1,4093,novice
1945,1663,1804,282,3608,novice
2316,2310,2313,6,4626,master
2382,2407,2394,-25,4789,master
2150,1491,1820,659,3641,novice
2285,1957,2121,328,4242,average
1924,2208,2066,-284,4132,novice
1775,2104,1939,-329,3879,novice
1653,1942,1797,-289,3595,novice
1904,1747,1825,157,3651,novice
2000,1886,1943,114,3886,novice
1997,2087,2042,-90,4084,novice
1844,2050,1947,-206,3894,novice
2210,1962,2086,248,4172,novice
2001,1950,1975,51,3951,novice
2068,1947,2007,121,4015,novice
1999,2001,2000,-2,4000,novice
1865,1697,1781,168,3562,novice
1922,2048,1985,-126,3970,novice
2220,1930,2075,290,4150,novice
1978,2164,2071,-186,4142,novice
2036,1802,1919,234,3838,novice
2066,2100,2083,-34,4166,novice
2140,1913,2026,227,4053,novice
1799,2021,1910,-222,3820,novice
2016,2156,2086,-140,4172,novice
1725,2212,1968,-487,3937,novice
2331,2112,2221,219,4443,average
2009,1673,1841,336,3682,novice
1999,2233,2116,-234,4232,average
1389,1901,1645,-512,3290,novice
1747,1854,1800,-107,3601,novice
2074,1912,1993,162,3986,novice
2187,2343,2265,-156,4530,average
2532,2115,2323,417,4647,master
2056,2055,2055,1,4111,novice
2005,2091,2048,-86,4096,novice
2134,2177,2155,-43,4311,average
2638,2245,2441,393,4883,master
2113,2379,2246,-266,4492,average
1696,1466,1581,230,3162,novice
2032,1886,1959,146,3918,novice
2033,1873,1953,160,3906,novice
2200,1929,2064,271,4129,novice
2344,2530,2437,-186,4874,master
2054,1834,1944,220,3888,novice
2202,2026,2114,176,4228,average
1801,1921,1861,-120,3722,novice
2242,1970,2106,272,4212,average
1377,1784,1580,-407,3161,novice
1825,2095,1960,-270,3920,novice
2713,2243,2478,470,4956,master
1814,2039,1926,-225,3853,novice
1590,1909,1749,-319,3499,novice
2102,1853,1977,249,3955,novice
2062,2148,2105,-86,4210,average
2193,2370,2281,-177,4563,average
1950,2162,2056,-212,4112,novice
1791,2280,2035,-489,4071,novice
1631,1844,1737,-213,3475,novice
1770,2016,1893,-246,3786,novice
1775,1860,1817,-85,3635,novice
2323,2425,2374,-102,4748,master
2237,2113,2175,124,4350,average
1895,2062,1978,-167,3957,novice
2077,1715,1896,362,3792,novice
1794,1614,1704,180,3408,novice
2249,2023,2136,226,4272,average
1917,1985,1951,-68,3902,novice
1996,2312,2154,-316,4308,average
2078,1918,1998,160,3996,novice
2062,1865,1963,197,3927,novice
1943,1547,1745,396,3490,novice
2214,2333,2273,-119,4547,average
1814,2005,1909,-191,3819,novice
2134,2035,2084,99,4169,novice
2165,2258,2211,-93,4423,average
1838,1900,1869,-62,3738,novice
1713,2185,1949,-472,3898,novice
2124,2007,2065,117,4131,novice
2113,2300,2206,-187,4413,average
2039,1869,1954,170,3908,novice
2264,1809,2036,455,4073,novice
1609,1331,1470,278,2940,novice
1656,1287,1471,369,2943,novice
2223,2073,2148,150,4296,average
1917,2133,2025,-216,4050,novice
2510,2380,2445,130,4890,master
2172,2023,2097,149,4195,novice
2523,2605,2564,-82,5128,grandmaster
1751,1641,1696,110,3392,novice
2123,2272,2197,-149,4395,average
1261,1601,1431,-340,2862,novice
1715,2011,1863,-296,3726,novice
2638,2484,2561,154,5122,grandmaster
2142,1876,2009,266,4018,novice
1927,1763,1845,164,3690,novice
2102,1727,1914,375,3829,novice
1689,1894,1791,-205,3583,novice
2327,2365,2346,-38,4692,master
2104,1908,2006,196,4012,novice
1570,1839,1704,-269,3409,novice
2054,2242,2148,-188,4296,average
2081,2045,2063,36,4126,novice
1695,1793,1744,-98,3488,novice
2092,1930,2011,162,4022,novice
1712,1631,1671,81,3343,novice
2442,2244,2343,198,4686,master
2020,1677,1848,343,3697,novice
2001,1540,1770,461,3541,novice
2014,2472,2243,-458,4486,average
1863,2130,1996,-267,3993,novice
2251,2045,2148,206,4296,average
2273,2133,2203,140,4406,average
2312,2486,2399,-174,4798,master
1526,1738,1632,-212,3264,novice
1950,2118,2034,-168,4068,novice
1847,2034,1940,-187,3881,novice
1771,1904,1837,-133,3675,novice
1935,2280,2107,-345,4215,average
2193,1930,2061,263,4123,novice
1916,1952,1934,-36,3868,novice
2398,2448,2423,-50,4846,master
2193,2299,2246,-106,4492,average
1775,1601,1688,174,3376,novice
1890,2093,1991,-203,3983,novice
2641,2169,2405,472,4810,master
1996,2125,2060,-129,4121,novice
2734,2631,2682,103,5365,grandmaster
2102,2158,2130,-56,4260,average
2049,1817,1933,232,3866,novice
2130,1907,2018,223,4037,novice
1980,1634,1807,346,3614,novice
1880,1490,1685,390,3370,novice
2094,2274,2184,-180,4368,average
2043,1641,1842,402,3684,novice
2115,2517,2316,-402,4632,master
2086,1965,2025,121,4051,novice
2104,1751,1927,353,3855,novice
1962,2153,2057,-191,4115,novice
2101,2006,2053,95,4107,novice
1944,2022,1983,-78,3966,novice
2116,2443,2279,-327,4559,average
2339,2103,2221,236,4442,average
1645,2002,1823,-357,3647,novice
1941,2517,2229,-576,4458,average
1857,1601,1729,256,3458,novice
1861,2281,2071,-420,4142,novice
2399,2608,2503,-209,5007,grandmaster
1571,1818,1694,-247,3389,novice
1967,2190,2078,-223,4157,novice
2095,2308,2201,-213,4403,average
1814,2270,2042,-456,4084,novice
2031,2079,2055,-48,4110,novice
2016,2118,2067,-102,4134,novice
2106,2024,2065,82,4130,novice
2529,2409,2469,120,4938,master
1687,1396,1541,291,3083,novice
1616,2025,1820,-409,3641,novice
2082,2281,2181,-199,4363,average
2267,1962,2114,305,4229,average
2106,2298,2202,-192,4404,average
2688,2623,2655,65,5311,grandmaster
1950,2097,2023,-147,4047,novice
2388,2518,2453,-130,4906,master
1993,2495,2244,-502,4488,average
2455,2539,2497,-84,4994,master
1970,2428,2199,-458,4398,average
1967,2161,2064,-194,4128,novice
2330,2389,2359,-59,4719,master
2176,1735,1955,441,3911,novice
1974,2106,2040,-132,4080,novice
1721,2105,1913,-384,3826,novice
2421,2451,2436,-30,4872,master
2064,2346,2205,-282,4410,average
1773,1875,1824,-102,3648,novice
1657,1865,1761,-208,3522,novice
1841,2112,1976,-271,3953,novice
2275,1969,2122,306,4244,average
2369,2196,2282,173,4565,average
2291,2223,2257,68,4514,average
2065,2347,2206,-282,4412,average
2134,1972,2053,162,4106,novice
1743,2158,1950,-415,3901,novice
2130,2034,2082,96,4164,novice
1866,1752,1809,114,3618,novice
1523,1931,1727,-408,3454,novice
1587,1342,1464,245,2929,novice
2027,2226,2126,-199,4253,average
1604,2540,2072,-936,4144,novice
1811,2221,2016,-410,4032,novice
2572,2471,2521,101,5043,grandmaster
1929,1681,1805,248,3610,novice
2192,2034,2113,158,4226,average
2577,2215,2396,362,4792,master
1928,1878,1903,50,3806,novice
1599,1964,1781,-365,3563,novice
2124,2054,2089,70,4178,novice
2092,2097,2094,-5,4189,novice
2786,2598,2692,188,5384,grandmaster
1992,1964,1978,28,3956,novice
2269,2095,2182,174,4364,average
2102,2201,2151,-99,4303,average
2557,2373,2465,184,4930,master
1968,1664,1816,304,3632,novice
1780,1956,1868,-176,3736,novice
2161,1973,2067,188,4134,novice
1983,2075,2029,-92,4058,novice
2182,1747,1964,435,3929,novice
2417,2081,2249,336,4498,average
2466,2356,2411,110,4822,master
2427,2229,2328,198,4656,master
2093,2367,2230,-274,4460,average
2345,2248,2296,97,4593,average
1953,2178,2065,-225,4131,novice
2187,2007,2097,180,4194,novice
1825,2092,1958,-267,3917,novice
2554,2344,2449,210,4898,master
2365,2273,2319,92,4638,master
2381,2068,2224,313,4449,average
1973,2177,2075,-204,4150,novice
2249,2007,2128,242,4256,average
2029,1832,1930,197,3861,novice
1858,2047,1952,-189,3905,novice
2017,2237,2127,-220,4254,average
2113,2094,2103,19,4207,average
2258,2391,2324,-133,4649,master
2219,1889,2054,330,4108,novice
2137,2049,2093,88,4186,novice
2481,1993,2237,488,4474,average
2533,2412,2472,121,4945,master
1821,1651,1736,170,3472,novice
2093,1975,2034,118,4068,novice
1633,1948,1790,-315,3581,novice
1864,2035,1949,-171,3899,novice
1937,2118,2027,-181,4055,novice
1292,1632,1462,-340,2924,novice
2203,2261,2232,-58,4464,average
2037,2213,2125,-176,4250,average
2249,2443,2346,-194,4692,master
2297,2074,2185,223,4371,average
1988,1700,1844,288,3688,novice
1774,2134,1954,-360,3908,novice
2349,2554,2451,-205,4903,master
1831,2109,1970,-278,3940,novice
1802,1650,1726,152,3452,novice
1537,1930,1733,-393,3467,novice
2102,1877,1989,225,3979,novice
1968,2117,2042,-149,4085,novice
2270,2436,2353,-166,4706,master
1994,2088,2041,-94,4082,novice
2052,2125,2088,-73,4177,novice
1885,2194,2039,-309,4079,novice
1885,2187,2036,-302,4072,novice
2203,1983,2093,220,4186,novice
2548,2648,2598,-100,5196,grandmaster
1663,1856,1759,-193,3519,novice
1941,1964,1952,-23,3905,novice
2477,1911,2194,566,4388,average
2303,2018,2160,285,4321,average
2238,1885,2061,353,4123,novice
2633,2480,2556,153,5113,grandmaster
2319,2067,2193,252,4386,average
2147,1788,1967,359,3935,novice
2095,1651,1873,444,3746,novice
2361,2197,2279,164,4558,average
2119,1993,2056,126,4112,novice
1628,1910,1769,-282,3538,novice
2643,2554,2598,89,5197,grandmaster
2149,1939,2044,210,4088,novice
2169,1873,2021,296,4042,novice
2270,1875,2072,395,4145,novice
1762,2062,1912,-300,3824,novice
2072,1881,1976,191,3953,novice
1849,1756,1802,93,3605,novice
2199,1887,2043,312,4086,novice
2172,2308,2240,-136,4480,average
2220,2240,2230,-20,4460,average
2367,2185,2276,182,4552,average
2019,2074,2046,-55,4093,novice
1688,2092,1890,-404,3780,novice
2040,2183,2111,-143,4223,average
1417,1861,1639,-444,3278,novice
2436,2559,2497,-123,4995,master
2205,2412,2308,-207,4617,master
1717,1904,1810,-187,3621,novice
1788,1683,1735,105,3471,novice
2093,2300,2196,-207,4393,average
1868,2011,1939,-143,3879,novice
2521,2288,2404,233,4809,master
2004,1755,1879,249,3759,novice
1915,2071,1993,-156,3986,novice
1993,2291,2142,-298,4284,average
2439,2036,2237,403,4475,average
1951,2224,2087,-273,4175,novice
1866,1719,1792,147,3585,novice
1961,2107,2034,-146,4068,novice
1888,1547,1717,341,3435,novice
2117,2226,2171,-109,4343,average
1961,1574,1767,387,3535,novice
2262,1865,2063,397,4127,novice
2139,2263,2201,-124,4402,average
2118,2069,2093,49,4187,novice
1815,1494,1654,321,3309,novice
1926,2278,2102,-352,4204,average
2414,2100,2257,314,4514,average
1790,2080,1935,-290,3870,novice
2163,1776,1969,387,3939,novice
1860,1816,1838,44,3676,novice
2079,1692,1885,387,3771,novice
1746,1548,1647,198,3294,novice
2227,1955,2091,272,4182,novice
2114,1916,2015,198,4030,novice
1984,2064,2024,-80,4048,novice
2150,1870,2010,280,4020,novice
1857,2398,2127,-541,4255,average
2340,2104,2222,236,4444,average
2420,2480,2450,-60,4900,master
2129,2119,2124,10,4248,average
2135,2050,2092,85,4185,novice
2046,1625,1835,421,3671,novice
2358,2250,2304,108,4608,master
2019,2271,2145,-252,4290,average
1862,1800,1831,62,3662,novice
2293,1855,2074,438,4148,novice
2311,2168,2239,143,4479,average
2248,1785,2016,463,4033,novice
2473,2157,2315,316,4630,master
2576,2284,2430,292,4860,master
2381,2246,2313,135,4627,master
2251,1997,2124,254,4248,average
2419,2335,2377,84,4754,master
2144,1677,1910,467,3821,novice
2226,2109,2167,117,4335,average
2159,1966,2062,193,4125,novice
2383,2356,2369,27,4739,master
1758,1948,1853,-190,3706,novice
1775,2005,1890,-230,3780,novice
2114,2186,2150,-72,4300,average
2508,2467,2487,41,4975,master
2451,2422,2436,29,4873,master
2308,2013,2160,295,4321,average
2039,1820,1929,219,3859,novice
2185,1845,2015,340,4030,novice
1514,1592,1553,-78,3106,novice
2554,1977,2265,577,4531,average
2169,1940,2054,229,4109,novice
1844,1934,1889,-90,3778,novice
2196,2130,2163,66,4326,average
2191,1957,2074,234,4148,novice
2421,2037,2229,384,4458,average
1959,2107,2033,-148,4066,novice
2401,2110,2255,291,4511,average
2083,2158,2120,-75,4241,average
1999,2227,2113,-228,4226,average
2350,1933,2141,417,4283,average
2017,1747,1882,270,3764,novice
2084,2195,2139,-111,4279,average
1806,1602,1704,204,3408,novice
2112,2393,2252,-281,4505,average
2442,2104,2273,338,4546,average
2574,2311,2442,263,4885,master
1984,1864,1924,120,3848,novice
2105,2386,2245,-281,4491,average
1714,1278,1496,436,2992,novice
2103,2219,2161,-116,4322,average
2215,2145,2180,70,4360,average
2015,1812,1913,203,3827,novice
1973,2151,2062,-178,4124,novice
2160,1883,2021,277,4043,novice
2004,1885,1944,119,3889,novice
1975,1850,1912,125,3825,novice
2292,2523,2407,-231,4815,master
1994,1543,1768,451,3537,novice
2516,2376,2446,140,4892,master
2448,2190,2319,258,4638,master
1962,1706,1834,256,3668,novice
2150,1841,1995,309,3991,novice
1765,2009,1887,-244,3774,novice
1892,1717,1804,175,3609,novice
2344,2417,2380,-73,4761,master
2202,1940,2071,262,4142,novice
1977,2370,2173,-393,4347,average
1941,1708,1824,233,3649,novice
2452,2607,2529,-155,5059,grandmaster
1948,1831,1889,117,3779,novice
2391,2418,2404,-27,4809,master
1803,2134,1968,-331,3937,novice
2381,2336,2358,45,4717,master
2017,1738,1877,279,3755,novice
1805,1577,1691,228,3382,novice
1778,2226,2002,-448,4004,novice
2090,2460,2275,-370,4550,average
1957,2119,2038,-162,4076,novice
2399,2231,2315,168,4630,master
2013,2059,2036,-46,4072,novice
2112,2445,2278,-333,4557,average
1627,1775,1701,-148,3402,novice
2069,2350,2209,-281,4419,average
1587,2199,1893,-612,3786,novice
2684,2632,2658,52,5316,grandmaster
1999,2365,2182,-366,4364,average
1909,2095,2002,-186,4004,novice
2258,2179,2218,79,4437,average
2490,2580,2535,-90,5070,grandmaster
2145,1886,2015,259,4031,novice
1817,2006,1911,-189,3823,novice
2338,2314,2326,24,4652,master
1941,1574,1757,367,3515,novice
2224,2334,2279,-110,4558,average
2031,1995,2013,36,4026,novice
2315,1916,2115,399,4231,average
2396,2235,2315,161,4631,master
1910,2412,2161,-502,4322,average
2056,2154,2105,-98,4210,average
1951,2179,2065,-228,4130,novice
2054,2532,2293,-478,4586,average
1827,1317,1572,510,3144,novice
1302,1591,1446,-289,2893,novice
2179,1923,2051,256,4102,novice
1923,2095,2009,-172,4018,novice
1487,1615,1551,-128,3102,novice
2033,1928,1980,105,3961,novice
2026,2132,2079,-106,4158,novice
1880,2133,2006,-253,4013,novice
1388,1928,1658,-540,3316,novice
1881,1631,1756,250,3512,novice
2212,1960,2086,252,4172,novice
1898,1806,1852,92,3704,novice
2293,2400,2346,-107,4693,master
2608,2060,2334,548,4668,master
1917,2385,2151,-468,4302,average
1945,1752,1848,193,3697,novice
2338,2581,2459,-243,4919,master
1973,1949,1961,24,3922,novice
2495,2401,2448,94,4896,master
1995,1900,1947,95,3895,novice
2540,2598,2569,-58,5138,grandmaster
2047,2094,2070,-47,4141,novice
1987,2438,2212,-451,4425,average
2217,1943,2080,274,4160,novice
2089,1707,1898,382,3796,novice
2223,2157,2190,66,4380,average
1736,1776,1756,-40,3512,novice
2164,2303,2233,-139,4467,average
2058,1953,2005,105,4011,novice
1956,1943,1949,13,3899,novice
1913,2142,2027,-229,4055,novice
2278,2325,2301,-47,4603,master
1634,1781,1707,-147,3415,novice
1872,1735,1803,137,3607,novice
2223,2018,2120,205,4241,average
1417,1307,1362,110,2724,novice
2538,2529,2533,9,5067,grandmaster
1798,1646,1722,152,3444,novice
2325,2117,2221,208,4442,average
2526,1987,2256,539,4513,average
2166,2229,2197,-63,4395,average
1926,1967,1946,-41,3893,novice
2154,2440,2297,-286,4594,average
2132,1861,1996,271,3993,novice
2020,2257,2138,-237,4277,average
2040,2118,2079,-78,4158,novice
2195,2026,2110,169,4221,average
2081,1924,2002,157,4005,novice
2056,2420,2238,-364,4476,average
1904,2040,1972,-136,3944,novice
1843,1738,1790,105,3581,novice
2509,2434,2471,75,4943,master
2055,1819,1937,236,3874,novice
2269,1985,2127,284,4254,average
2270,2003,2136,267,4273,average
1929,1817,1873,112,3746,novice
2090,1812,1951,278,3902,novice
2270,1740,2005,530,4010,novice
2148,1940,2044,208,4088,novice
2020,2287,2153,-267,4307,average
2073,2077,2075,-4,4150,novice
2296,2270,2283,26,4566,average
1990,1879,1934,111,3869,novice
2384,1838,2111,546,4222,average
2221,2059,2140,162,4280,average
2304,2083,2193,221,4387,average
2681,2556,2618,125,5237,grandmaster
2051,2183,2117,-132,4234,average
1977,2069,2023,-92,4046,novice
1956,2213,2084,-257,4169,novice
2553,1971,2262,582,4524,average
2593,2448,2520,145,5041,grandmaster
1624,2004,1814,-380,3628,novice
2639,2144,2391,495,4783,master
2172,2012,2092,160,4184,novice
1735,1996,1865,-261,3731,novice
2476,2239,2357,237,4715,master
2257,2281,2269,-24,4538,average
2487,2470,2478,17,4957,master
2061,1778,1919,283,3839,novice
2245,2163,2204,82,4408,average
1978,2254,2116,-276,4232,average
2257,2057,2157,200,4314,average
2274,2115,2194,159,4389,average
1872,2021,1946,-149,3893,novice
2225,2117,2171,108,4342,average
1910,2053,1981,-143,3963,novice
2159,2021,2090,138,4180,novice
2152,2306,2229,-154,4458,average
2450,2314,2382,136,4764,master
1920,1700,1810,220,3620,novice
1942,2214,2078,-272,4156,novice
1628,1705,1666,-77,3333,novice
2286,1817,2051,469,4103,novice
2386,2093,2239,293,4479,average
2177,2188,2182,-11,4365,average
1876,1925,1900,-49,3801,novice
2674,2328,2501,346,5002,grandmaster
2301,2187,2244,114,4488,average
2221,2449,2335,-228,4670,master
2254,2241,2247,13,4495,average
1533,2173,1853,-640,3706,novice
2030,2370,2200,-340,4400,average
1792,1537,1664,255,3329,novice
1882,1971,1926,-89,3853,novice
1940,2056,1998,-116,3996,novice
2270,2028,2149,242,4298,average
2295,2016,2155,279,4311,average
2073,2296,2184,-223,4369,average
2193,1895,2044,298,4088,novice
1881,2144,2012,-263,4025,novice
2091,1841,1966,250,3932,novice
2285,2167,2226,118,4452,average
2451,2276,2363,175,4727,master
2065,2008,2036,57,4073,novice
1860,1999,1929,-139,3859,novice
2430,2291,2360,139,4721,master
2271,2085,2178,186,4356,average
1841,2082,1961,-241,3923,novice
2312,1827,2069,485,4139,novice
1432,1287,1359,145,2719,novice
2634,2624,2629,10,5258,grandmaster
1865,1783,1824,82,3648,novice
1837,2047,1942,-210,3884,novice
2146,2208,2177,-62,4354,average
2481,2395,2438,86,4876,master
1830,2037,1933,-207,3867,novice
1899,2508,2203,-609,4407,average
1983,1775,1879,208,3758,novice
1686,1869,1777,-183,3555,novice
2053,1913,1983,140,3966,novice
2071,2090,2080,-19,4161,novice
1948,2187,2067,-239,4135,novice
1769,1591,1680,178,3360,novice
2213,2325,2269,-112,4538,average
1574,1635,1604,-61,3209,novice
2376,2018,2197,358,4394,average
1827,2157,1992,-330,3984,novice
1921,1396,1658,525,3317,novice
1992,2196,2094,-204,4188,novice
1366,1894,1630,-528,3260,novice
2130,1348,1739,782,3478,novice
2109,2071,2090,38,4180,novice
2290,2007,2148,283,4297,average
2531,2283,2407,248,4814,master
1945,2117,2031,-172,4062,novice
2288,2335,2311,-47,4623,master
2018,2165,2091,-147,4183,novice
2084,2211,2147,-127,4295,average
1704,1650,1677,54,3354,novice
1871,2117,1994,-246,3988,novice
1844,1939,1891,-95,3783,novice
2218,1929,2073,289,4147,novice
2075,1913,1994,162,3988,novice
1676,1934,1805,-258,3610,novice
2189,1890,2039,299,4079,novice
1544,1587,1565,-43,3131,novice
2382,1762,2072,620,4144,novice
1735,2051,1893,-316,3786,novice
2560,2230,2395,330,4790,master
1928,2079,2003,-151,4007,novice
1627,2020,1823,-393,3647,novice
2358,2384,2371,-26,4742,master
1999,2274,2136,-275,4273,average
2268,1910,2089,358,4178,novice
2131,2359,2245,-228,4490,average
1881,1701,1791,180,3582,novice
2086,2302,2194,-216,4388,average
2252,1610,1931,642,3862,novice
2235,2437,2336,-202,4672,master
2217,2439,2328,-222,4656,master
2321,2511,2416,-190,4832,master
1906,2021,1963,-115,3927,novice
1960,1718,1839,242,3678,novice
2214,2608,2411,-394,4822,master
2144,1885,2014,259,4029,novice
2653,2723,2688,-70,5376,grandmaster
2194,2067,2130,127,4261,average
2290,1770,2030,520,4060,novice
1886,1718,1802,168,3604,novice
1964,1896,1930,68,3860,novice
1958,2103,2030,-145,4061,novice
2022,2047,2034,-25,4069,novice
2168,1927,2047,241,4095,novice
1935,2108,2021,-173,4043,novice
2060,1869,1964,191,3929,novice
1761,1897,1829,-136,3658,novice
2142,1917,2029,225,4059,novice
2114,2268,2191,-154,4382,average
1651,2186,1918,-535,3837,novice
1756,2108,1932,-352,3864,novice
2237,1950,2093,287,4187,novice
1986,2182,2084,-196,4168,novice
2321,2550,2435,-229,4871,master
1796,2308,2052,-512,4104,novice
2526,2313,2419,213,4839,master
2235,2073,2154,162,4308,average
2036,2010,2023,26,4046,novice
2085,1914,1999,171,3999,novice
1612,1643,1627,-31,3255,novice
2356,1788,2072,568,4144,novice
2657,1988,2322,669,4645,master
2165,2470,2317,-305,4635,master
1948,1866,1907,82,3814,novice
1976,1664,1820,312,3640,novice
1767,2005,1886,-238,3772,novice
1498,1757,1627,-259,3255,novice
2079,2023,2051,56,4102,novice
2661,2505,2583,156,5166,grandmaster
1975,2170,2072,-195,4145,novice
1507,1959,1733,-452,3466,novice
1600,1789,1694,-189,3389,novice
1691,1383,1537,308,3074,novice
2147,1981,2064,166,4128,novice
2302,2537,2419,-235,4839,master
1838,2132,1985,-294,3970,novice
1932,1974,1953,-42,3906,novice
2174,2108,2141,66,4282,average
1683,2127,1905,-444,3810,novice
1895,1593,1744,302,3488,novice
2126,2359,2242,-233,4485,average
1934,2180,2057,-246,4114,novice
1941,1761,1851,180,3702,novice
2384,2683,2533,-299,5067,grandmaster
1952,2210,2081,-258,4162,novice
2133,1919,2026,214,4052,novice
2272,2057,2164,215,4329,average
2140,1578,1859,562,3718,novice
1769,1570,1669,199,3339,novice
2485,2022,2253,463,4507,average
2185,1978,2081,207,4163,novice
1776,1582,1679,194,3358,novice
2404,2239,2321,165,4643,master
2678,2693,2685,-15,5371,grandmaster
1897,2008,1952,-111,3905,novice
2338,2210,2274,128,4548,average
2443,2521,2482,-78,4964,master
1439,1600,1519,-161,3039,novice
1917,1692,1804,225,3609,novice
2291,2412,2351,-121,4703,master
1920,1741,1830,179,3661,novice
2299,1663,1981,636,3962,novice
2438,2182,2310,256,4620,master
1555,1812,1683,-257,3367,novice
2179,2484,2331,-305,4663,master
2034,2246,2140,-212,4280,average
1688,1865,1776,-177,3553,novice
2307,2270,2288,37,4577,average
2084,1578,1831,506,3662,novice
1485,1686,1585,-201,3171,novice
2390,2016,2203,374,4406,average
1847,2300,2073,-453,4147,novice
2282,2158,2220,124,4440,average
2066,1929,1997,137,3995,novice
2348,2318,2333,30,4666,master
1579,1935,1757,-356,3514,novice
2285,2632,2458,-347,4917,master
2157,2058,2107,99,4215,average
2079,1959,2019,120,4038,novice
2041,1719,1880,322,3760,novice
1358,1845,1601,-487,3203,novice
2115,1832,1973,283,3947,novice
2036,2177,2106,-141,4213,average
2102,1602,1852,500,3704,novice
1810,2242,2026,-432,4052,novice
2375,2509,2442,-134,4884,master
1977,2140,2058,-163,4117,novice
1955,1623,1789,332,3578,novice
1723,1914,1818,-191,3637,novice
1341,1314,1327,27,2655,novice
2535,2485,2510,50,5020,grandmaster
2375,2147,2261,228,4522,average
2392,2362,2377,30,4754,master
2101,1575,1838,526,3676,novice
1992,1711,1851,281,3703,novice
2184,2328,2256,-144,4512,average
2332,2056,2194,276,4388,average
2090,1934,2012,156,4024,novice
1965,2120,2042,-155,4085,novice
2124,2277,2200,-153,4401,average
1862,1579,1720,283,3441,novice
1965,1902,1933,63,3867,novice
1862,2236,2049,-374,4098,novice
1661,1978,1819,-317,3639,novice
1866,1748,1807,118,3614,novice
1954,1929,1941,25,3883,novice
2142,2245,2193,-103,4387,average
1965,2170,2067,-205,4135,novice
2197,2337,2267,-140,4534,average
2289,1946,2117,343,4235,average
2077,2101,2089,-24,4178,novice
1905,2292,2098,-387,4197,novice
2358,2526,2442,-168,4884,master
1663,1650,1656,13,3313,novice
2581,2299,2440,282,4880,master
1998,2093,2045,-95,4091,novice
2191,1746,1968,445,3937,novice
2045,1663,1854,382,3708,novice
1570,1723,1646,-153,3293,novice
1601,1915,1758,-314,3516,novice
2610,1871,2240,739,4481,average
1910,2134,2022,-224,4044,novice
2261,2256,2258,5,4517,average
2076,1784,1930,292,3860,novice
2178,2366,2272,-188,4544,average
2255,2451,2353,-196,4706,master
2056,2284,2170,-228,4340,average
2182,2126,2154,56,4308,average
1754,1848,1801,-94,3602,novice
1956,2032,1994,-76,3988,novice
1487,1776,1631,-289,3263,novice
1593,1878,1735,-285,3471,novice
1824,1641,1732,183,3465,novice
2005,1800,1902,205,3805,novice
2080,1817,1948,263,3897,novice
1716,1722,1719,-6,3438,novice
1885,1930,1907,-45,3815,novice
2102,2181,2141,-79,4283,average
2711,2658,2684,53,5369,grandmaster
1977,2026,2001,-49,4003,novice
2066,1735,1900,331,3801,novice
2469,2097,2283,372,4566,average
2134,2107,2120,27,4241,average
2221,2076,2148,145,4297,average
1996,2166,2081,-170,4162,novice
1984,1718,1851,266,3702,novice
2101,1767,1934,334,3868,novice
1755,1905,1830,-150,3660,novice
1942,2271,2106,-329,4213,average
2235,2090,2162,145,4325,average
2025,1840,1932,185,3865,novice
2440,2160,2300,280,4600,average
2212,1949,2080,263,4161,novice
1607,2367,1987,-760,3974,novice
1819,2509,2164,-690,4328,average
2429,2219,2324,210,4648,master
1831,2100,1965,-269,3931,novice
1517,1545,1531,-28,3062,novice
1777,1604,1690,173,3381,novice
2444,2221,2332,223,4665,master
2034,2158,2096,-124,4192,novice
2409,2378,2393,31,4787,master
1957,2019,1988,-62,3976,novice
2086,1991,2038,95,4077,novice
1802,2143,1972,-341,3945,novice
1992,2120,2056,-128,4112,novice
1694,2035,1864,-341,3729,novice
1886,1830,1858,56,3716,novice
1915,1860,1887,55,3775,novice
1871,1555,1713,316,3426,novice
2427,2036,2231,391,4463,average
2140,1982,2061,158,4122,novice
2048,2046,2047,2,4094,novice
2148,2300,2224,-152,4448,average
2289,2108,2198,181,4397,average
1469,2015,1742,-546,3484,novice
1844,2016,1930,-172,3860,novice
2340,2321,2330,19,4661,master
1909,1836,1872,73,3745,novice
2503,2241,2372,262,4744,master
1730,1948,1839,-218,3678,novice
2406,2207,2306,199,4613,master
2229,1968,2098,261,4197,novice
2135,2295,2215,-160,4430,average
2124,1903,2013,221,4027,novice
2034,2061,2047,-27,4095,novice
2521,2285,2403,236,4806,master
1973,1941,1957,32,3914,novice
1676,1907,1791,-231,3583,novice
2216,2414,2315,-198,4630,master
2564,2424,2494,140,4988,master
2202,2118,2160,84,4320,average
1818,2098,1958,-280,3916,novice
2133,1886,2009,247,4019,novice
1704,1605,1654,99,3309,novice
2233,2015,2124,218,4248,average
2295,2210,2252,85,4505,average
2148,1870,2009,278,4018,novice
2188,2017,2102,171,4205,average
1298,1620,1459,-322,2918,novice
1990,2208,2099,-218,4198,novice
2524,2307,2415,217,4831,master
2206,2187,2196,19,4393,average
2080,1845,1962,235,3925,novice
1664,2169,1916,-505,3833,novice
2172,1979,2075,193,4151,novice
2455,2296,2375,159,4751,master
2304,2454,2379,-150,4758,master
2100,1818,1959,282,3918,novice
1942,2254,2098,-312,4196,novice
2026,2224,2125,-198,4250,average
2159,2210,2184,-51,4369,average
2252,2508,2380,-256,4760,master
2042,2048,2045,-6,4090,novice
1655,2289,1972,-634,3944,novice
2000,2151,2075,-151,4151,novice
1729,1428,1578,301,3157,novice
1845,2108,1976,-263,3953,novice
1893,1367,1630,526,3260,novice
1989,1851,1920,138,3840,novice
1848,1999,1923,-151,3847,novice
2210,1995,2102,215,4205,average
2516,2381,2448,135,4897,master
1847,1745,1796,102,3592,novice
2527,2601,2564,-74,5128,grandmaster
2196,2077,2136,119,4273,average
1482,1818,1650,-336,3300,novice
2530,2551,2540,-21,5081,grandmaster
2158,2012,2085,146,4170,novice
1730,2048,1889,-318,3778,novice
2548,2408,2478,140,4956,master
2039,1934,1986,105,3973,novice
1646,2062,1854,-416,3708,novice
1697,1626,1661,71,3323,novice
2166,1939,2052,227,4105,novice
1702,1947,1824,-245,3649,novice
2203,2258,2230,-55,4461,average
2053,2281,2167,-228,4334,average
1652,1884,1768,-232,3536,novice
1572,1743,1657,-171,3315,novice
2012,2169,2090,-157,4181,novice
1868,2148,2008,-280,4016,novice
2110,2253,2181,-143,4363,average
1875,1602,1738,273,3477,novice
2317,1972,2144,345,4289,average
2554,2592,2573,-38,5146,grandmaster
1712,2008,1860,-296,3720,novice
2011,2165,2088,-154,4176,novice
1980,1790,1885,190,3770,novice
2108,1675,1891,433,3783,novice
2274,2069,2171,205,4343,average
2077,1912,1994,165,3989,novice
1886,2014,1950,-128,3900,novice
2032,2049,2040,-17,4081,novice
1945,2100,2022,-155,4045,novice
2080,2267,2173,-187,4347,average
2540,2424,2482,116,4964,master
2183,2062,2122,121,4245,average
2132,2322,2227,-190,4454,average
1770,2067,1918,-297,3837,novice
1892,2297,2094,-405,4189,novice
2120,2258,2189,-138,4378,average
1398,1291,1344,107,2689,novice
2339,2457,2398,-118,4796,master
2158,2385,2271,-227,4543,average
1888,2115,2001,-227,4003,novice
2124,2417,2270,-293,4541,average
1982,2182,2082,-200,4164,novice
2290,2501,2395,-211,4791,master
2501,2245,2373,256,4746,master
2277,2482,2379,-205,4759,master
1973,2184,2078,-211,4157,novice
1918,2096,2007,-178,4014,novice
2113,2535,2324,-422,4648,master
1926,1844,1885,82,3770,novice
1788,1647,1717,141,3435,novice
1960,1959,1959,1,3919,novice
2171,2492,2331,-321,4663,master
2070,1927,1998,143,3997,novice
2169,1981,2075,188,4150,novice
2194,1920,2057,274,4114,novice
2059,1922,1990,137,3981,novice
1807,2051,1929,-244,3858,novice
1685,1863,1774,-178,3548,novice
1852,1628,1740,224,3480,novice
1322,1278,1300,44,2600,novice
2036,2190,2113,-154,4226,average
2065,1822,1943,243,3887,novice
2311,1944,2127,367,4255,average
2086,2116,2101,-30,4202,average
2094,2390,2242,-296,4484,average
2275,1845,2060,430,4120,novice
1954,2157,2055,-203,4111,novice
2017,1820,1918,197,3837,novice
2210,1834,2022,376,4044,novice
2393,2345,2369,48,4738,master
1859,1948,1903,-89,3807,novice
2227,2166,2196,61,4393,average
2155,2438,2296,-283,4593,average
1865,1828,1846,37,3693,novice
1702,1520,1611,182,3222,novice
2045,2208,2126,-163,4253,average
1913,2252,2082,-339,4165,novice
2014,2067,2040,-53,4081,novice
2112,1823,1967,289,3935,novice
1919,1762,1840,157,3681,novice
2299,1776,2037,523,4075,novice
1861,2171,2016,-310,4032,novice
1863,2362,2112,-499,4225,average
1621,1477,1549,144,3098,novice
2741,2758,2749,-17,5499,grandmaster
2159,2422,2290,-263,4581,average
2073,2389,2231,-316,4462,average
2025,1989,2007,36,4014,novice
1879,2084,1981,-205,3963,novice
2450,2394,2422,56,4844,master
1917,1863,1890,54,3780,novice
2359,2276,2317,83,4635,master
2532,2569,2550,-37,5101,grandmaster
2543,2496,2519,47,5039,grandmaster
1847,1558,1702,289,3405,novice
2374,2365,2369,9,4739,master
2013,2128,2070,-115,4141,novice
2112,2340,2226,-228,4452,average
1783,2247,2015,-464,4030,novice
1782,2195,1988,-413,3977,novice
1904,1954,1929,-50,3858,novice
1943,1777,1860,166,3720,novice
2449,1891,2170,558,4340,average
2039,2056,2047,-17,4095,novice
2061,1865,1963,196,3926,novice
2061,1866,1963,195,3927,novice
2098,2269,2183,-171,4367,average
2050,1919,1984,131,3969,novice
2538,2367,2452,171,4905,master
2518,2634,2576,-116,5152,grandmaster
2107,2376,2241,-269,4483,average
1483,1524,1503,-41,3007,novice
2049,1899,1974,150,3948,novice
1831,2111,1971,-280,3942,novice
1860,1993,1926,-133,3853,novice
1674,1905,1789,-231,3579,novice
1814,1999,1906,-185,3813,novice
2333,2231,2282,102,4564,average
1997,2046,2021,-49,4043,novice
2033,2132,2082,-99,4165,novice
1826,2006,1916,-180,3832,novice
2229,2406,2317,-177,4635,master
2316,1882,2099,434,4198,novice
2449,2099,2274,350,4548,average
2224,2038,2131,186,4262,average
2230,2300,2265,-70,4530,average
2287,2487,2387,-200,4774,master
2107,2095,2101,12,4202,average
2011,2064,2037,-53,4075,novice
2159,2342,2250,-183,4501,average
2211,2272,2241,-61,4483,average
1849,2267,2058,-418,4116,novice
2380,2314,2347,66,4694,master
1953,2134,2043,-181,4087,novice
1396,1806,1601,-410,3202,novice
1851,2054,1952,-203,3905,novice
2381,2509,2445,-128,4890,master
1987,2198,2092,-211,4185,novice
2264,1514,1889,750,3778,novice
2217,2124,2170,93,4341,average
2109,1697,1903,412,3806,novice
1977,2077,2027,-100,4054,novice
2320,1873,2096,447,4193,novice
2110,1786,1948,324,3896,novice
1917,2467,2192,-550,4384,average
2239,2088,2163,151,4327,average
1993,2390,2191,-397,4383,average
2145,2115,2130,30,4260,average
2117,2201,2159,-84,4318,average
2000,1808,1904,192,3808,novice
1849,1808,1828,41,3657,novice
1913,1778,1845,135,3691,novice
1782,1961,1871,-179,3743,novice
1948,2364,2156,-416,4312,average
2227,1987,2107,240,4214,average
2486,2452,2469,34,4938,master
2244,2404,2324,-160,4648,master
2320,1981,2150,339,4301,average
2777,2650,2713,127,5427,grandmaster
1678,1885,1781,-207,3563,novice
2659,2679,2669,-20,5338,grandmaster
1710,1566,1638,144,3276,novice
1821,1941,1881,-120,3762,novice
2071,2269,2170,-198,4340,average
1835,1949,1892,-114,3784,novice
1980,1700,1840,280,3680,novice
1776,2234,2005,-458,4010,novice
2274,2156,2215,118,4430,average
2206,2364,2285,-158,4570,average
2060,2208,2134,-148,4268,average
2048,1942,1995,106,3990,novice
2282,2028,2155,254,4310,average
2084,1875,1979,209,3959,novice
2248,1882,2065,366,4130,novice
1986,2441,2213,-455,4427,average
1627,2200,1913,-573,3827,novice
2132,1966,2049,166,4098,novice
1815,2010,1912,-195,3825,novice
1957,2126,2041,-169,4083,novice
1936,1777,1856,159,3713,novice
2238,1911,2074,327,4149,novice
2133,1709,1921,424,3842,novice
2148,1943,2045,205,4091,novice
2151,2383,2267,-232,4534,average
1888,2267,2077,-379,4155,novice
2183,1872,2027,311,4055,novice
1767,1923,1845,-156,3690,novice
2371,2048,2209,323,4419,average
1849,2229,2039,-380,4078,novice
1601,1750,1675,-149,3351,novice
1800,2084,1942,-284,3884,novice
2442,2601,2521,-159,5043,grandmaster
2463,2713,2588,-250,5176,grandmaster
2140,2351,2245,-211,4491,average
2002,1840,1921,162,3842,novice
2653,2707,2680,-54,5360,grandmaster
2520,2125,2322,395,4645,master
2112,1779,1945,333,3891,novice
1361,1684,1522,-323,3045,novice
2282,2133,2207,149,4415,average
2226,2107,2166,119,4333,average
1911,1730,1820,181,3641,novice
2166,1915,2040,251,4081,novice
1610,1544,1577,66,3154,novice
2089,2064,2076,25,4153,novice
2147,2198,2172,-51,4345,average
1732,2374,2053,-642,4106,novice
1735,1960,1847,-225,3695,novice
2231,2048,2139,183,4279,average
2004,1650,1827,354,3654,novice
1997,1728,1862,269,3725,novice
1988,1939,1963,49,3927,novice
1678,1832,1755,-154,3510,novice
1934,2247,2090,-313,4181,novice
2377,2128,2252,249,4505,average
1953,2040,1996,-87,3993,novice
1975,2043,2009,-68,4018,novice
1847,1718,1782,129,3565,novice
1482,1691,1586,-209,3173,novice
2622,2498,2560,124,5120,grandmaster
2146,2238,2192,-92,4384,average
2030,2416,2223,-386,4446,average
2348,1606,1977,742,3954,novice
1913,1651,1782,262,3564,novice
2245,1966,2105,279,4211,average
1633,1884,1758,-251,3517,novice
2480,2538,2509,-58,5018,grandmaster
2084,1864,1974,220,3948,novice
1766,2143,1954,-377,3909,novice
2024,2280,2152,-256,4304,average
1636,1593,1614,43,3229,novice
2094,1794,1944,300,3888,novice
2312,2497,2404,-185,4809,master
1962,2189,2075,-227,4151,novice
2174,1952,2063,222,4126,novice
2350,2135,2242,215,4485,average
1719,1727,1723,-8,3446,novice
1983,2176,2079,-193,4159,novice
2227,2487,2357,-260,4714,master
2419,2455,2437,-36,4874,master
2134,2243,2188,-109,4377,average
2049,2174,2111,-125,4223,average
2358,2260,2309,98,4618,master
1881,2093,1987,-212,3974,novice
2209,2308,2258,-99,4517,average
2308,2421,2364,-113,4729,master
2193,2364,2278,-171,4557,average
2352,2155,2253,197,4507,average
2199,1798,1998,401,3997,novice
2247,2040,2143,207,4287,average
2285,2422,2353,-137,4707,master
2016,1558,1787,458,3574,novice
1394,1625,1509,-231,3019,novice
2051,2025,2038,26,4076,novice
2224,2055,2139,169,4279,average
2186,2115,2150,71,4301,average
2492,2092,2292,400,4584,average
1945,2081,2013,-136,4026,novice
2344,2199,2271,145,4543,average
1852,2036,1944,-184,3888,novice
2181,2098,2139,83,4279,average
2249,2011,2130,238,4260,average
1536,1750,1643,-214,3286,novice
1899,2060,1979,-161,3959,novice
2261,2370,2315,-109,4631,master
2122,2265,2193,-143,4387,average
1961,2109,2035,-148,4070,novice
2026,1958,1992,68,3984,novice
2101,2373,2237,-272,4474,average
1766,1625,1695,141,3391,novice
1868,2007,1937,-139,3875,novice
2258,2329,2293,-71,4587,average
1854,2046,1950,-192,3900,novice
2009,1863,1936,146,3872,novice
2121,2218,2169,-97,4339,average
2020,1613,1816,407,3633,novice
2314,2244,2279,70,4558,average
2182,2054,2118,128,4236,average
2113,1893,2003,220,4006,novice
2394,1880,2137,514,4274,average
2008,2226,2117,-218,4234,average
2237,2102,2169,135,4339,average
2141,2198,2169,-57,4339,average
1687,1832,1759,-145,3519,novice
2187,2362,2274,-175,4549,average
2584,2535,2559,49,5119,grandmaster
2409,2494,2451,-85,4903,master
2249,1560,1904,689,3809,novice
1945,1595,1770,350,3540,novice
1925,1633,1779,292,3558,novice
2295,1851,2073,444,4146,novice
1941,2094,2017,-153,4035,novice
1929,1696,1812,233,3625,novice
2296,2220,2258,76,4516,average
1878,1809,1843,69,3687,novice
1543,1360,1451,183,2903,novice
1983,1655,1819,328,3638,novice
2108,1952,2030,156,4060,novice
1823,1558,1690,265,3381,novice
2450,2199,2324,251,4649,master
1918,1426,1672,492,3344,novice
1876,2103,1989,-227,3979,novice
2059,2031,2045,28,4090,novice
2213,1937,2075,276,4150,novice
2256,1876,2066,380,4132,novice
2329,1909,2119,420,4238,average
2463,2544,2503,-81,5007,grandmaster
2232,1861,2046,371,4093,novice
1933,2094,2013,-161,4027,novice
2178,2135,2156,43,4313,average
1971,1666,1818,305,3637,novice
2030,1771,1900,259,3801,novice
1924,2104,2014,-180,4028,novice
2039,1640,1839,399,3679,novice
1676,2221,1948,-545,3897,novice
1673,1550,1611,123,3223,novice
2121,2399,2260,-278,4520,average
2364,2118,2241,246,4482,average
2630,2424,2527,206,5054,grandmaster
2558,2530,2544,28,5088,grandmaster
1890,2145,2017,-255,4035,novice
1498,1954,1726,-456,3452,novice
2043,2092,2067,-49,4135,novice
2227,1988,2107,239,4215,average
1979,1931,1955,48,3910,novice
1920,1679,1799,241,3599,novice
1907,1776,1841,131,3683,novice
2096,2008,2052,88,4104,novice
1907,1983,1945,-76,3890,novice
2132,1967,2049,165,4099,novice
2267,2373,2320,-106,4640,master
1707,1291,1499,416,2998,novice
2019,1600,1809,419,3619,novice
1975,1556,1765,419,3531,novice
2038,1818,1928,220,3856,novice
1990,2196,2093,-206,4186,novice
2282,2041,2161,241,4323,average
2001,1832,1916,169,3833,novice
2038,1756,1897,282,3794,novice
1743,2377,2060,-634,4120,novice
2203,1987,2095,216,4190,novice
2100,2098,2099,2,4198,novice
1948,2189,2068,-241,4137,novice
2458,2085,2271,373,4543,average
2049,2298,2173,-249,4347,average
1746,1516,1631,230,3262,novice
2670,2132,2401,538,4802,master
2261,2161,2211,100,4422,average
2365,2002,2183,363,4367,average
2161,1975,2068,186,4136,novice
2195,1608,1901,587,3803,novice
2225,2129,2177,96,4354,average
2237,1872,2054,365,4109,novice
1781,1885,1833,-104,3666,novice
1901,1541,1721,360,3442,novice
1498,1676,1587,-178,3174,novice
2073,2325,2199,-252,4398,average
2011,1991,2001,20,4002,novice
2075,2133,2104,-58,4208,average
2409,2241,2325,168,4650,master
1819,1975,1897,-156,3794,novice
1929,1820,1874,109,3749,novice
1882,2114,1998,-232,3996,novice
2568,2357,2462,211,4925,master
1869,2113,1991,-244,3982,novice
2328,2123,2225,205,4451,average
2108,2012,2060,96,4120,novice
1807,2287,2047,-480,4094,novice
2011,2101,2056,-90,4112,novice
2302,2436,2369,-134,4738,master
1735,2051,1893,-316,3786,novice
2259,2261,2260,-2,4520,average
1834,2066,1950,-232,3900,novice
1905,1740,1822,165,3645,novice
2136,2361,2248,-225,4497,average
2344,2366,2355,-22,4710,master
2016,1424,1720,592,3440,novice
1970,1869,1919,101,3839,novice
1983,2244,2113,-261,4227,average
2057,2227,2142,-170,4284,average
1896,1978,1937,-82,3874,novice
1616,1779,1697,-163,3395,novice
1955,2046,2000,-91,4001,novice
1673,2256,1964,-583,3929,novice
1888,1679,1783,209,3567,novice
1855,2258,2056,-403,4113,novice
2081,2505,2293,-424,4586,average
2484,2241,2362,243,4725,master
2046,1785,1915,261,3831,novice
1830,2045,1937,-215,3875,novice
2117,2013,2065,104,4130,novice
1980,2148,2064,-168,4128,novice
2650,2692,2671,-42,5342,grandmaster
2564,2065,2314,499,4629,master
2320,2405,2362,-85,4725,master
1483,1674,1578,-191,3157,novice
2222,2531,2376,-309,4753,master
1992,1484,1738,508,3476,novice
1715,2060,1887,-345,3775,novice
1600,1995,1797,-395,3595,novice
1937,2342,2139,-405,4279,average
2452,2501,2476,-49,4953,master
2564,1999,2281,565,4563,average
1986,2103,2044,-117,4089,novice
2084,2243,2163,-159,4327,average
2223,2291,2257,-68,4514,average
1976,2006,1991,-30,3982,novice
2471,2253,2362,218,4724,master
1777,1576,1676,201,3353,novice
2538,2366,2452,172,4904,master
1837,2170,2003,-333,4007,novice
2074,2656,2365,-582,4730,master
2107,2365,2236,-258,4472,average
2136,2014,2075,122,4150,novice
2211,2241,2226,-30,4452,average
2024,1757,1890,267,3781,novice
2238,2355,2296,-117,4593,average
1879,2048,1963,-169,3927,novice
2747,2702,2724,45,5449,grandmaster
1546,1916,1731,-370,3462,novice
2025,2142,2083,-117,4167,novice
2136,2221,2178,-85,4357,average
1867,1983,1925,-116,3850,novice
2167,2344,2255,-177,4511,average
2205,2448,2326,-243,4653,master
1683,1500,1591,183,3183,novice
1833,1628,1730,205,3461,novice
1883,2282,2082,-399,4165,novice
2092,1883,1987,209,3975,novice
2616,2518,2567,98,5134,grandmaster
2211,1964,2087,247,4175,novice
1925,2082,2003,-157,4007,novice
2214,2123,2168,91,4337,average
1693,2060,1876,-367,3753,novice
1875,1864,1869,11,3739,novice
1759,1953,1856,-194,3712,novice
2207,2588,2397,-381,4795,master
2381,2346,2363,35,4727,master
1622,1604,1613,18,3226,novice
2236,1934,2085,302,4170,novice
2169,2305,2237,-136,4474,average
2158,2254,2206,-96,4412,average
2284,2224,2254,60,4508,average
1701,1505,1603,196,3206,novice
2172,2557,2364,-385,4729,master
2171,1855,2013,316,4026,novice
1716,1583,1649,133,3299,novice
2210,2103,2156,107,4313,average
2065,2268,2166,-203,4333,average
2315,2534,2424,-219,4849,master
2302,2320,2311,-18,4622,master
2507,2513,2510,-6,5020,grandmaster
1357,1996,1676,-639,3353,novice
1862,1591,1726,271,3453,novice
2087,1985,2036,102,4072,novice
1812,1753,1782,59,3565,novice
1361,1978,1669,-617,3339,novice
1696,1596,1646,100,3292,novice
1805,1916,1860,-111,3721,novice
2021,1703,1862,318,3724,novice
2265,2330,2297,-65,4595,average
1692,2007,1849,-315,3699,novice
1768,1630,1699,138,3398,novice
2161,1946,2053,215,4107,novice
2298,1986,2142,312,4284,average
2121,1373,1747,748,3494,novice
1924,2047,1985,-123,3971,novice
2476,2516,2496,-40,4992,master
2144,1965,2054,179,4109,novice
2031,1924,1977,107,3955,novice
1463,1894,1678,-431,3357,novice
2164,2453,2308,-289,4617,master
2562,1604,2083,958,4166,novice
2235,1663,1949,572,3898,novice
1907,2165,2036,-258,4072,novice
2607,2377,2492,230,4984,master
1693,2199,1946,-506,3892,novice
2545,2462,2503,83,5007,grandmaster
1632,1949,1790,-317,3581,novice
2017,1879,1948,138,3896,novice
1818,1899,1858,-81,3717,novice
2112,2471,2291,-359,4583,average
2015,2574,2294,-559,4589,average
2311,2492,2401,-181,4803,master
2046,2595,2320,-549,4641,master
2460,1850,2155,610,4310,average
2587,2278,2432,309,4865,master
1853,1986,1919,-133,3839,novice
1942,1377,1659,565,3319,novice
2284,1836,2060,448,4120,novice
2177,2157,2167,20,4334,average
1594,2011,1802,-417,3605,novice
1497,1655,1576,-158,3152,novice
1782,1684,1733,98,3466,novice
2342,2135,2238,207,4477,average
2341,2189,2265,152,4530,average
2722,2289,2505,433,5011,grandmaster
1823,2001,1912,-178,3824,novice
2247,1893,2070,354,4140,novice
1942,1814,1878,128,3756,novice
1965,1556,1760,409,3521,novice
1855,2407,2131,-552,4262,average
2674,2202,2438,472,4876,master
2474,2064,2269,410,4538,average
1854,1902,1878,-48,3756,novice
2337,1867,2102,470,4204,average
1663,2144,1903,-481,3807,novice
1414,1260,1337,154,2674,novice
1884,1976,1930,-92,3860,novice
2686,2475,2580,211,5161,grandmaster
2073,2250,2161,-177,4323,average
2200,2067,2133,133,4267,average
2144,1861,2002,283,4005,novice
1814,1624,1719,190,3438,novice
1684,1832,1758,-148,3516,novice
2595,2285,2440,310,4880,master
1945,2030,1987,-85,3975,novice
2169,1916,2042,253,4085,novice
1925,2131,2028,-206,4056,novice
2005,2167,2086,-162,4172,novice
2272,2379,2325,-107,4651,master
2258,1941,2099,317,4199,novice
2625,1997,2311,628,4622,master
1951,2144,2047,-193,4095,novice
2151,1933,2042,218,4084,novice
2277,2483,2380,-206,4760,master
1927,2091,2009,-164,4018,novice
1981,1937,1959,44,3918,novice
2485,2617,2551,-132,5102,grandmaster
2362,1896,2129,466,4258,average
2060,1890,1975,170,3950,novice
2160,1726,1943,434,3886,novice
2531,2658,2594,-127,5189,grandmaster
1820,2251,2035,-431,4071,novice
2070,2234,2152,-164,4304,average
1974,2149,2061,-175,4123,novice
2185,1998,2091,187,4183,novice
2200,1994,2097,206,4194,novice
1985,2156,2070,-171,4141,novice
1569,1859,1714,-290,3428,novice
1551,1916,1733,-365,3467,novice
2045,2148,2096,-103,4193,novice
2044,1879,1961,165,3923,novice
2439,2125,2282,314,4564,average
2129,1762,1945,367,3891,novice
1875,2149,2012,-274,4024,novice
1526,1677,1601,-151,3203,novice
2116,2208,2162,-92,4324,average
2099,1896,1997,203,3995,novice
2419,2570,2494,-151,4989,master
1856,2344,2100,-488,4200,novice
1910,1320,1615,590,3230,novice
2003,2046,2024,-43,4049,novice
1737,2240,1988,-503,3977,novice
2130,1785,1957,345,3915,novice
1922,1377,1649,545,3299,novice
1706,1614,1660,92,3320,novice
1910,1802,1856,108,3712,novice
2210,1993,2101,217,4203,average
2036,1575,1805,461,3611,novice
2150,2034,2092,116,4184,novice
2261,2274,2267,-13,4535,average
2155,2220,2187,-65,4375,average
2432,2086,2259,346,4518,average
1671,1829,1750,-158,3500,novice
2189,2350,2269,-161,4539,average
1647,1835,1741,-188,3482,novice
2731,2622,2676,109,5353,grandmaster
1691,1647,1669,44,3338,novice
2591,2334,2462,257,4925,master
2619,2594,2606,25,5213,grandmaster
1878,1566,1722,312,3444,novice
2002,2147,2074,-145,4149,novice
2402,1894,2148,508,4296,average
1780,2174,1977,-394,3954,novice
1792,1614,1703,178,3406,novice
2055,2021,2038,34,4076,novice
1972,1781,1876,191,3753,novice
1923,1636,1779,287,3559,novice
2392,2385,2388,7,4777,master
1799,2260,2029,-461,4059,novice
1852,2292,2072,-440,4144,novice
1928,2351,2139,-423,4279,average
1913,2079,1996,-166,3992,novice
1923,2125,2024,-202,4048,novice
2660,2360,2510,300,5020,grandmaster
2146,2346,2246,-200,4492,average
1776,1940,1858,-164,3716,novice
2025,2213,2119,-188,4238,average
2238,2120,2179,118,4358,average
2372,2320,2346,52,4692,master
1985,2451,2218,-466,4436,average
2400,1715,2057,685,4115,novice
2355,2153,2254,202,4508,average
2410,2462,2436,-52,4872,master
2153,2280,2216,-127,4433,average
2250,2043,2146,207,4293,average
2454,1767,2110,687,4221,average
2489,2338,2413,151,4827,master
2253,2188,2220,65,4441,average
2411,2251,2331,160,4662,master
2358,2216,2287,142,4574,average
2396,2546,2471,-150,4942,master
2088,2211,2149,-123,4299,average
1698,2025,1861,-327,3723,novice
2216,2306,2261,-90,4522,average
2319,1995,2157,324,4314,average
2406,1951,2178,455,4357,average
1873,2000,1936,-127,3873,novice
2459,2552,2505,-93,5011,grandmaster
2417,2156,2286,261,4573,average
2161,2281,2221,-120,4442,average
1825,1902,1863,-77,3727,novice
1938,1996,1967,-58,3934,novice
2256,2307,2281,-51,4563,average
1672,1845,1758,-173,3517,novice
1596,1806,1701,-210,3402,novice
2128,2076,2102,52,4204,average
1485,1920,1702,-435,3405,novice
1663,1790,1726,-127,3453,novice
1714,1958,1836,-244,3672,novice
1532,1947,1739,-415,3479,novice
2098,1979,2038,119,4077,novice
2121,1977,2049,144,4098,novice
2085,1737,1911,348,3822,novice
1857,2022,1939,-165,3879,novice
2103,2288,2195,-185,4391,average
2385,1979,2182,406,4364,average
1660,2183,1921,-523,3843,novice
1799,1975,1887,-176,3774,novice
2010,2033,2021,-23,4043,novice
2125,2252,2188,-127,4377,average
1733,1370,1551,363,3103,novice
2118,1799,1958,319,3917,novice
2260,2130,2195,130,4390,average
2100,2217,2158,-117,4317,average
1429,1707,1568,-278,3136,novice
2618,2335,2476,283,4953,master
1608,2000,1804,-392,3608,novice
1512,1674,1593,-162,3186,novice
1751,1968,1859,-217,3719,novice
2037,2216,2126,-179,4253,average
1518,1568,1543,-50,3086,novice
1883,2349,2116,-466,4232,average
2011,1799,1905,212,3810,novice
2379,2057,2218,322,4436,average
1836,2032,1934,-196,3868,novice
1821,2181,2001,-360,4002,novice
2018,2293,2155,-275,4311,average
2139,1885,2012,254,4024,novice
1482,1981,1731,-499,3463,novice
1901,1943,1922,-42,3844,novice
2137,1946,2041,191,4083,novice
1980,2049,2014,-69,4029,novice
1928,2015,1971,-87,3943,novice
2616,2722,2669,-106,5338,grandmaster
2113,1806,1959,307,3919,novice
1738,1289,1513,449,3027,novice
2323,2403,2363,-80,4726,master
1890,1945,1917,-55,3835,novice
1862,2040,1951,-178,3902,novice
2278,2459,2368,-181,4737,master
2557,2439,2498,118,4996,master
2335,2511,2423,-176,4846,master
1409,1666,1537,-257,3075,novice
2065,2291,2178,-226,4356,average
1902,2290,2096,-388,4192,novice
1747,2266,2006,-519,4013,novice
1855,2086,1970,-231,3941,novice
2511,1728,2119,783,4239,average
2118,1862,1990,256,3980,novice
1984,2275,2129,-291,4259,average
1874,1754,1814,120,3628,novice
1955,2119,2037,-164,4074,novice
2201,1929,2065,272,4130,novice
2384,2121,2252,263,4505,average
1916,2157,2036,-241,4073,novice
1594,1745,1669,-151,3339,novice
1857,2078,1967,-221,3935,novice
2264,2085,2174,179,4349,average
2239,1981,2110,258,4220,average
1909,2025,1967,-116,3934,novice
1722,1831,1776,-109,3553,novice
2172,2030,2101,142,4202,average
1790,1915,1852,-125,3705,novice
2118,2487,2302,-369,4605,master
2172,1668,1920,504,3840,novice
1762,1339,1550,423,3101,novice
1700,1922,1811,-222,3622,novice
2158,1999,2078,159,4157,novice
2623,2496,2559,127,5119,grandmaster
1718,2067,1892,-349,3785,novice
2029,2442,2235,-413,4471,average
1953,1798,1875,155,3751,novice
1885,2345,2115,-460,4230,average
1938,1450,1694,488,3388,novice
2066,1901,1983,165,3967,novice
1868,2246,2057,-378,4114,novice
1659,2276,1967,-617,3935,novice
2086,2366,2226,-280,4452,average
2528,2275,2401,253,4803,master
1992,1315,1653,677,3307,novice
2276,2069,2172,207,4345,average
1905,2303,2104,-398,4208,average
2136,1912,2024,224,4048,novice
2200,1881,2040,319,4081,novice
1926,1789,1857,137,3715,novice
1802,1454,1628,348,3256,novice
2087,1643,1865,444,3730,novice
1733,2003,1868,-270,3736,novice
1914,2223,2068,-309,4137,novice
2004,1783,1893,221,3787,novice
2109,1923,2016,186,4032,novice
2761,2872,2816,-111,5633,grandmaster
1705,1353,1529,352,3058,novice
2414,1994,2204,420,4408,average
2379,2447,2413,-68,4826,master
2000,2081,2040,-81,4081,novice
2142,2349,2245,-207,4491,average
2021,2263,2142,-242,4284,average
1994,1640,1817,354,3634,novice
1879,2169,2024,-290,4048,novice
2148,1974,2061,174,4122,novice
2063,2281,2172,-218,4344,average
1716,1979,1847,-263,3695,novice
1854,2094,1974,-240,3948,novice
2487,1911,2199,576,4398,average
1892,2294,2093,-402,4186,novice
1921,2294,2107,-373,4215,average
1841,1980,1910,-139,3821,novice
2417,2202,2309,215,4619,master
2480,2187,2333,293,4667,master
2078,1941,2009,137,4019,novice
2370,2107,2238,263,4477,average
1479,1805,1642,-326,3284,novice
1777,2071,1924,-294,3848,novice
2193,1789,1991,404,3982,novice
2255,2039,2147,216,4294,average
2039,2378,2208,-339,4417,average
1919,1996,1957,-77,3915,novice
1737,1727,1732,10,3464,novice
2034,1632,1833,402,3666,novice
1449,1908,1678,-459,3357,novice
2602,2163,2382,439,4765,master
1746,2201,1973,-455,3947,novice
2203,2323,2263,-120,4526,average
2182,1976,2079,206,4158,novice
1773,1926,1849,-153,3699,novice
1950,2171,2060,-221,4121,novice
2080,2220,2150,-140,4300,average
2024,1908,1966,116,3932,novice
1583,2151,1867,-568,3734,novice
2216,2336,2276,-120,4552,average
2103,2445,2274,-342,4548,average
1733,1251,1492,482,2984,novice
2389,2319,2354,70,4708,master
1745,1418,1581,327,3163,novice
2675,2210,2442,465,4885,master
2208,2191,2199,17,4399,average
2069,2462,2265,-393,4531,average
2663,2437,2550,226,5100,grandmaster
2371,2558,2464,-187,4929,master
2313,2273,2293,40,4586,average
2274,2168,2221,106,4442,average
2718,2610,2664,108,5328,grandmaster
2318,2403,2360,-85,4721,master
1653,2085,1869,-432,3738,novice
2063,2128,2095,-65,4191,novice
1611,1819,1715,-208,3430,novice
1889,2172,2030,-283,4061,novice
2416,2320,2368,96,4736,master
1710,1862,1786,-152,3572,novice
2502,2599,2550,-97,5101,grandmaster
1608,2053,1830,-445,3661,novice
2357,2409,2383,-52,4766,master
2423,2448,2435,-25,4871,master
2625,2472,2548,153,5097,grandmaster
2291,2047,2169,244,4338,average
1905,2071,1988,-166,3976,novice
2531,2547,2539,-16,5078,grandmaster
1999,1553,1776,446,3552,novice
1521,1995,1758,-474,3516,novice
2054,1994,2024,60,4048,novice
1714,1575,1644,139,3289,novice
2615,2599,2607,16,5214,grandmaster
2304,2140,2222,164,4444,average
1856,1388,1622,468,3244,novice
1659,1861,1760,-202,3520,novice
1603,1614,1608,-11,3217,novice
2130,2217,2173,-87,4347,average
2379,2069,2224,310,4448,average
2104,2364,2234,-260,4468,average
2462,2218,2340,244,4680,master
1950,2046,1998,-96,3996,novice
2149,2399,2274,-250,4548,average
1796,2090,1943,-294,3886,novice
1758,1917,1837,-159,3675,novice
2386,2409,2397,-23,4795,master
1455,1724,1589,-269,3179,novice
2411,2219,2315,192,4630,master
2456,2498,2477,-42,4954,master
2530,2296,2413,234,4826,master
2040,2329,2184,-289,4369,average
2203,1766,1984,437,3969,novice
2209,2245,2227,-36,4454,average
2271,1739,2005,532,4010,novice
2377,2189,2283,188,4566,average
1693,1352,1522,341,3045,novice
2045,1747,1896,298,3792,novice
2176,2277,2226,-101,4453,average
1983,2130,2056,-147,4113,novice
2311,2299,2305,12,4610,master
2169,1956,2062,213,4125,novice
2083,2261,2172,-178,4344,average
2190,1903,2046,287,4093,novice
1786,2332,2059,-546,4118,novice
2078,1841,1959,237,3919,novice
1961,1561,1761,400,3522,novice
2293,2352,2322,-59,4645,master
1501,2209,1855,-708,3710,novice
1891,2175,2033,-284,4066,novice
1933,1855,1894,78,3788,novice
2007,1823,1915,184,3830,novice
2476,2504,2490,-28,4980,master
2303,2165,2234,138,4468,average
2306,2395,2350,-89,4701,master
2450,2490,2470,-40,4940,master
2328,2131,2229,197,4459,average
2236,2388,2312,-152,4624,master
1570,1950,1760,-380,3520,novice
2104,2505,2304,-401,4609,master
2246,1917,2081,329,4163,novice
2395,2074,2234,321,4469,average
1936,2043,1989,-107,3979,novice
1925,1794,1859,131,3719,novice
2328,2531,2429,-203,4859,master
2546,2881,2713,-335,5427,grandmaster
2112,1959,2035,153,4071,novice
2169,1917,2043,252,4086,novice
2194,1951,2072,243,4145,novice
2096,2270,2183,-174,4366,average
2014,1626,1820,388,3640,novice
2022,2101,2061,-79,4123,novice
1903,2260,2081,-357,4163,novice
2371,2491,2431,-120,4862,master
2452,2329,2390,123,4781,master
1878,1546,1712,332,3424,novice
2245,1939,2092,306,4184,novice
2094,1839,1966,255,3933,novice
2033,1919,1976,114,3952,novice
2253,1756,2004,497,4009,novice
2005,2128,2066,-123,4133,novice
1949,1827,1888,122,3776,novice
1888,2555,2221,-667,4443,average
2292,2423,2357,-131,4715,master
2381,2244,2312,137,4625,master
1994,1865,1929,129,3859,novice
2050,2084,2067,-34,4134,novice
2017,1953,1985,64,3970,novice
2556,2339,2447,217,4895,master
2177,1995,2086,182,4172,novice
2481,2653,2567,-172,5134,grandmaster
1769,1960,1864,-191,3729,novice
2423,2491,2457,-68,4914,master
2300,2055,2177,245,4355,average
1982,1817,1899,165,3799,novice
2138,2000,2069,138,4138,novice
2034,2129,2081,-95,4163,novice
1518,1929,1723,-411,3447,novice
2478,2044,2261,434,4522,average
2040,2238,2139,-198,4278,average
2274,2580,2427,-306,4854,master
1722,2054,1888,-332,3776,novice
2050,2124,2087,-74,4174,novice
2091,1675,1883,416,3766,novice
1607,1876,1741,-269,3483,novice
2327,1996,2161,331,4323,average
2038,1945,1991,93,3983,novice
2469,2261,2365,208,4730,master
2100,2106,2103,-6,4206,average
1800,1788,1794,12,3588,novice
2097,1761,1929,336,3858,novice
1910,2076,1993,-166,3986,novice
1830,2011,1920,-181,3841,novice
1918,1739,1828,179,3657,novice
1981,1828,1904,153,3809,novice
1929,1980,1954,-51,3909,novice
2248,2004,2126,244,4252,average
2108,2184,2146,-76,4292,average
2191,2068,2129,123,4259,average
2324,2386,2355,-62,4710,master
2271,1307,1789,964,3578,novice
1576,1583,1579,-7,3159,novice
1995,2226,2110,-231,4221,average
2171,1949,2060,222,4120,novice
2097,2308,2202,-211,4405,average
2363,2063,2213,300,4426,average
2006,2129,2067,-123,4135,novice
2238,2460,2349,-222,4698,master
2024,2505,2264,-481,4529,average
1740,1548,1644,192,3288,novice
2117,2232,2174,-115,4349,average
1863,2090,1976,-227,3953,novice
1996,2182,2089,-186,4178,novice
2219,1987,2103,232,4206,average
2027,1757,1892,270,3784,novice
2328,1956,2142,372,4284,average
1682,1851,1766,-169,3533,novice
1779,1984,1881,-205,3763,novice
1715,1910,1812,-195,3625,novice
2437,2336,2386,101,4773,master
2368,2508,2438,-140,4876,master
2504,2304,2404,200,4808,master
2134,2165,2149,-31,4299,average
2023,1940,1981,83,3963,novice
2004,1967,1985,37,3971,novice
1954,1839,1896,115,3793,novice
2169,2348,2258,-179,4517,average
1792,1985,1888,-193,3777,novice
1941,2161,2051,-220,4102,novice
2162,1928,2045,234,4090,novice
1485,1683,1584,-198,3168,novice
1785,1495,1640,290,3280,novice
2064,2198,2131,-134,4262,average
2082,2220,2151,-138,4302,average
2232,2034,2133,198,4266,average
1347,1659,1503,-312,3006,novice
1871,1499,1685,372,3370,novice
1952,2068,2010,-116,4020,novice
2394,2229,2311,165,4623,master
1576,1839,1707,-263,3415,novice
2379,2110,2244,269,4489,average
2122,1937,2029,185,4059,novice
2267,2237,2252,30,4504,average
2224,1760,1992,464,3984,novice
2080,1899,1989,181,3979,novice
2348,2280,2314,68,4628,master
2091,1757,1924,334,3848,novice
1903,2172,2037,-269,4075,novice
2705,2511,2608,194,5216,grandmaster
2320,2166,2243,154,4486,average
2236,2217,2226,19,4453,average
2576,2285,2430,291,4861,master
2215,2131,2173,84,4346,average
1763,1885,1824,-122,3648,novice
2595,2374,2484,221,4969,master
2199,2426,2312,-227,4625,master
2588,2302,2445,286,4890,master
2146,1977,2061,169,4123,novice
2330,2035,2182,295,4365,average
2068,1718,1893,350,3786,novice
1926,2017,1971,-91,3943,novice
2109,1905,2007,204,4014,novice
2626,2571,2598,55,5197,grandmaster
1905,2072,1988,-167,3977,novice
1866,1947,1906,-81,3813,novice
1946,2263,2104,-317,4209,average
2313,2614,2463,-301,4927,master
1983,2146,2064,-163,4129,novice
2099,1601,1850,498,3700,novice
2206,2130,2168,76,4336,average
2163,2215,2189,-52,4378,average
2291,2386,2338,-95,4677,master
2801,2706,2753,95,5507,grandmaster
1702,1405,1553,297,3107,novice
1960,2144,2052,-184,4104,novice
1873,1578,1725,295,3451,novice
1867,2008,1937,-141,3875,novice
1890,2257,2073,-367,4147,novice
1555,1722,1638,-167,3277,novice
2307,2007,2157,300,4314,average
2313,2225,2269,88,4538,average
2118,1795,1956,323,3913,novice
2098,2006,2052,92,4104,novice
1875,1659,1767,216,3534,novice
2121,1881,2001,240,4002,novice
2130,1844,1987,286,3974,novice
2020,2015,2017,5,4035,novice
1608,2092,1850,-484,3700,novice
1682,1781,1731,-99,3463,novice
2006,2025,2015,-19,4031,novice
2074,2009,2041,65,4083,novice
2010,2121,2065,-111,4131,novice
1920,1381,1650,539,3301,novice
1891,2326,2108,-435,4217,average
1704,2124,1914,-420,3828,novice
2293,2579,2436,-286,4872,master
2023,2348,2185,-325,4371,average
2165,1985,2075,180,4150,novice
2638,2581,2609,57,5219,grandmaster
1734,1866,1800,-132,3600,novice
1976,1670,1823,306,3646,novice
2123,2267,2195,-144,4390,average
2486,2339,2412,147,4825,master
2508,2225,2366,283,4733,master
1712,1883,1797,-171,3595,novice
2267,2338,2302,-71,4605,master
1861,2150,2005,-289,4011,novice
1999,2049,2024,-50,4048,novice
2498,2293,2395,205,4791,master
2005,2353,2179,-348,4358,average
1673,1881,1777,-208,3554,novice
2362,2234,2298,128,4596,average
1764,2424,2094,-660,4188,novice
2285,1903,2094,382,4188,novice
1736,2047,1891,-311,3783,novice
2253,2088,2170,165,4341,average
2044,1780,1912,264,3824,novice
1958,1836,1897,122,3794,novice
2243,2245,2244,-2,4488,average
1683,2165,1924,-482,3848,novice
2251,2180,2215,71,4431,average
1795,1849,1822,-54,3644,novice
1992,1792,1892,200,3784,novice
2132,1946,2039,186,4078,novice
1845,1679,1762,166,3524,novice
2116,1793,1954,323,3909,novice
1857,2245,2051,-388,4102,novice
1355,2403,1879,-1048,3758,novice
1324,1669,1496,-345,2993,novice
1605,1914,1759,-309,3519,novice
2466,2255,2360,211,4721,master
1738,2288,2013,-550,4026,novice
2230,2503,2366,-273,4733,master
1992,1794,1893,198,3786,novice
1914,1803,1858,111,3717,novice
1791,1626,1708,165,3417,novice
2189,1992,2090,197,4181,novice
2069,2287,2178,-218,4356,average
1904,1600,1752,304,3504,novice
2055,2010,2032,45,4065,novice
2153,1808,1980,345,3961,novice
1800,1981,1890,-181,3781,novice
1546,1756,1651,-210,3302,novice
1975,2214,2094,-239,4189,novice
1788,2035,1911,-247,3823,novice
2417,1993,2205,424,4410,average
2060,1809,1934,251,3869,novice
1909,2211,2060,-302,4120,novice
1981,2298,2139,-317,4279,average
1798,1752,1775,46,3550,novice
1732,2008,1870,-276,3740,novice
1963,1798,1880,165,3761,novice
1881,2141,2011,-260,4022,novice
1803,2215,2009,-412,4018,novice
2213,1898,2055,315,4111,novice
1676,1528,1602,148,3204,novice
2198,2521,2359,-323,4719,master
2398,2187,2292,211,4585,average
2096,2028,2062,68,4124,novice
2431,2192,2311,239,4623,master
2130,2327,2228,-197,4457,average
2723,2721,2722,2,5444,grandmaster
1805,2132,1968,-327,3937,novice
1801,1614,1707,187,3415,novice
2387,2216,2301,171,4603,master
2274,2352,2313,-78,4626,master
2354,2150,2252,204,4504,average
2388,1783,2085,605,4171,novice
2339,2224,2281,115,4563,average
2069,1959,2014,110,4028,novice
1880,2044,1962,-164,3924,novice
2331,2300,2315,31,4631,master
1708,2016,1862,-308,3724,novice
2015,1790,1902,225,3805,novice
2088,2426,2257,-338,4514,average
1647,1602,1624,45,3249,novice
1534,1781,1657,-247,3315,novice
2115,1960,2037,155,4075,novice
1492,1860,1676,-368,3352,novice
1982,2041,2011,-59,4023,novice
2185,2112,2148,73,4297,average
2754,2721,2737,33,5475,grandmaster
1884,2228,2056,-344,4112,novice
1984,1674,1829,310,3658,novice
1605,2012,1808,-407,3617,novice
1922,1899,1910,23,3821,novice
2427,2542,2484,-115,4969,master
2178,1897,2037,281,4075,novice
2484,2027,2255,457,4511,average
2188,2384,2286,-196,4572,average
2370,2435,2402,-65,4805,master
1520,1711,1615,-191,3231,novice
2064,1888,1976,176,3952,novice
2112,1863,1987,249,3975,novice
2150,2081,2115,69,4231,average
2500,2149,2324,351,4649,master
2093,2347,2220,-254,4440,average
2473,2068,2270,405,4541,average
2490,2453,2471,37,4943,master
1734,1531,1632,203,3265,novice
2161,1955,2058,206,4116,novice
2553,2320,2436,233,4873,master
1839,2276,2057,-437,4115,novice
1947,1747,1847,200,3694,novice
2037,2352,2194,-315,4389,average
2610,2504,2557,106,5114,grandmaster
2159,2307,2233,-148,4466,average
2202,2158,2180,44,4360,average
2065,1803,1934,262,3868,novice
2101,2238,2169,-137,4339,average
2054,2126,2090,-72,4180,novice
2215,1965,2090,250,4180,novice
2160,1709,1934,451,3869,novice
2039,1929,1984,110,3968,novice
2217,2017,2117,200,4234,average
2312,2540,2426,-228,4852,master
2119,1938,2028,181,4057,novice
1945,2023,1984,-78,3968,novice
1828,2195,2011,-367,4023,novice
2522,2054,2288,468,4576,average
1951,2054,2002,-103,4005,novice
2293,2116,2204,177,4409,average
2237,2306,2271,-69,4543,average
2201,2327,2264,-126,4528,average
2546,2775,2660,-229,5321,grandmaster
2245,1938,2091,307,4183,novice
2622,2657,2639,-35,5279,grandmaster
1648,1854,1751,-206,3502,novice
2309,2457,2383,-148,4766,master
2010,1924,1967,86,3934,novice
2198,2537,2367,-339,4735,master
1595,1924,1759,-329,3519,novice
2430,2363,2396,67,4793,master
2414,2339,2376,75,4753,master
2283,2082,2182,201,4365,average
2007,1758,1882,249,3765,novice
2038,1936,1987,102,3974,novice
2003,2150,2076,-147,4153,novice
2142,2011,2076,131,4153,novice
2395,1990,2192,405,4385,average
1947,2094,2020,-147,4041,novice
2248,2438,2343,-190,4686,master
1896,2028,1962,-132,3924,novice
2210,2504,2357,-294,4714,master
1787,1684,1735,103,3471,novice
1924,2088,2006,-164,4012,novice
2387,2260,2323,127,4647,master
2397,2245,2321,152,4642,master
1976,1605,1790,371,3581,novice
1540,1872,1706,-332,3412,novice
2083,2325,2204,-242,4408,average
1960,1499,1729,461,3459,novice
2059,1808,1933,251,3867,novice
2256,2124,2190,132,4380,average
2404,2663,2533,-259,5067,grandmaster
2127,1932,2029,195,4059,novice
2205,2020,2112,185,4225,average
1419,2032,1725,-613,3451,novice
2335,2543,2439,-208,4878,master
2446,1982,2214,464,4428,average
2455,2674,2564,-219,5129,grandmaster
2492,2075,2283,417,4567,average
1641,1962,1801,-321,3603,novice
2193,2099,2146,94,4292,average
2233,1910,2071,323,4143,novice
1935,1802,1868,133,3737,novice
1852,1657,1754,195,3509,novice
2495,2601,2548,-106,5096,grandmaster
1824,2012,1918,-188,3836,novice
1642,2339,1990,-697,3981,novice
2281,2550,2415,-269,4831,master
2309,2279,2294,30,4588,average
2051,2369,2210,-318,4420,average
2502,2475,2488,27,4977,master
2024,2031,2027,-7,4055,novice
2201,2406,2303,-205,4607,master
1882,2078,1980,-196,3960,novice
2251,2466,2358,-215,4717,master
2136,2353,2244,-217,4489,average
2033,1960,1996,73,3993,novice
2028,1822,1925,206,3850,novice
1989,1848,1918,141,3837,novice
2204,1733,1968,471,3937,novice
2516,2216,2366,300,4732,master
1932,1771,1851,161,3703,novice
2236,2220,2228,16,4456,average
1867,1560,1713,307,3427,novice
2172,1997,2084,175,4169,novice
1747,1875,1811,-128,3622,novice
1960,1546,1753,414,3506,novice
2218,1950,2084,268,4168,novice
1674,2092,1883,-418,3766,novice
1726,1893,1809,-167,3619,novice
2024,1507,1765,517,3531,novice
2322,2547,2434,-225,4869,master
2259,2012,2135,247,4271,average
2448,2137,2292,311,4585,average
2196,1871,2033,325,4067,novice
1965,2086,2025,-121,4051,novice
2004,2160,2082,-156,4164,novice
2136,2455,2295,-319,4591,average
1946,2401,2173,-455,4347,average
2624,2700,2662,-76,5324,grandmaster
2276,2471,2373,-195,4747,master
2300,2392,2346,-92,4692,master
2118,2336,2227,-218,4454,average
2115,1946,2030,169,4061,novice
2034,1850,1942,184,3884,novice
1877,1905,1891,-28,3782,novice
1875,2030,1952,-155,3905,novice
1993,2039,2016,-46,4032,novice
1810,1843,1826,-33,3653,novice
2079,2099,2089,-20,4178,novice
2113,1864,1988,249,3977,novice
1964,2203,2083,-239,4167,novice
1844,2101,1972,-257,3945,novice
1901,1445,1673,456,3346,novice
1998,2291,2144,-293,4289,average
1490,1641,1565,-151,3131,novice
2276,2068,2172,208,4344,average
1734,2017,1875,-283,3751,novice
1704,2364,2034,-660,4068,novice
2137,2111,2124,26,4248,average
2019,1933,1976,86,3952,novice
1983,1967,1975,16,3950,novice
2350,2008,2179,342,4358,average
1736,1833,1784,-97,3569,novice
1965,2298,2131,-333,4263,average
1873,2093,1983,-220,3966,novice
2286,2048,2167,238,4334,average
2141,2249,2195,-108,4390,average
1880,1691,1785,189,3571,novice
2248,2438,2343,-190,4686,master
2499,2385,2442,114,4884,master
1910,2161,2035,-251,4071,novice
2081,1853,1967,228,3934,novice
1908,1711,1809,197,3619,novice
1774,1546,1660,228,3320,novice
1790,2191,1990,-401,3981,novice
1602,1853,1727,-251,3455,novice
1511,1991,1751,-480,3502,novice
2101,1975,2038,126,4076,novice
2258,2385,2321,-127,4643,master
1913,1793,1853,120,3706,novice
2327,2274,2300,53,4601,average
2016,1900,1958,116,3916,novice
1884,1778,1831,106,3662,novice
2236,2162,2199,74,4398,average
2112,1920,2016,192,4032,novice
1821,1907,1864,-86,3728,novice
1783,2041,1912,-258,3824,novice
1953,1512,1732,441,3465,novice
2513,2185,2349,328,4698,master
2306,2212,2259,94,4518,average
1636,1873,1754,-237,3509,novice
1808,2154,1981,-346,3962,novice
2243,1847,2045,396,4090,novice
2023,2043,2033,-20,4066,novice
2386,2506,2446,-120,4892,master
2198,1840,2019,358,4038,novice
2002,2563,2282,-561,4565,average
1968,2130,2049,-162,4098,novice
2254,2525,2389,-271,4779,master
1773,1946,1859,-173,3719,novice
2166,2322,2244,-156,4488,average
2286,2337,2311,-51,4623,master
2346,2331,2338,15,4677,master
2167,1895,2031,272,4062,novice
2179,2417,2298,-238,4596,average
2505,2224,2364,281,4729,master
1858,1967,1912,-109,3825,novice
2434,2189,2311,245,4623,master
1783,1985,1884,-202,3768,novice
2284,2461,2372,-177,4745,master
2132,1948,2040,184,4080,novice
2249,1792,2020,457,4041,novice
1728,1585,1656,143,3313,novice
2039,2132,2085,-93,4171,novice
1531,1763,1647,-232,3294,novice
2155,1969,2062,186,4124,novice
2540,2258,2399,282,4798,master
1941,1828,1884,113,3769,novice
2023,1799,1911,224,3822,novice
2022,1851,1936,171,3873,novice
1964,2171,2067,-207,4135,novice
2119,2166,2142,-47,4285,average
2460,2486,2473,-26,4946,master
1755,1471,1613,284,3226,novice
2205,1897,2051,308,4102,novice
2136,2120,2128,16,4256,average
2174,2206,2190,-32,4380,average
2111,2412,2261,-301,4523,average
2258,2501,2379,-243,4759,master
2127,2073,2100,54,4200,novice
2170,2034,2102,136,4204,average
2525,2376,2450,149,4901,master
1756,1896,1826,-140,3652,novice
1680,1831,1755,-151,3511,novice
1998,1858,1928,140,3856,novice
2194,2269,2231,-75,4463,average
2409,2209,2309,200,4618,master
1914,1732,1823,182,3646,novice
1944,1561,1752,383,3505,novice
2130,2186,2158,-56,4316,average
2244,1725,1984,519,3969,novice
2153,1765,1959,388,3918,novice
1703,1637,1670,66,3340,novice
1642,1511,1576,131,3153,novice
2497,2186,2341,311,4683,master
1896,2048,1972,-152,3944,novice
2016,2087,2051,-71,4103,novice
2264,2096,2180,168,4360,average
2257,2194,2225,63,4451,average
1864,2031,1947,-167,3895,novice
1431,2167,1799,-736,3598,novice
2246,1915,2080,331,4161,novice
1994,2228,2111,-234,4222,average
1679,1795,1737,-116,3474,novice
2204,1955,2079,249,4159,novice
2177,1921,2049,256,4098,novice
2153,2402,2277,-249,4555,average
2127,1940,2033,187,4067,novice
2026,2314,2170,-288,4340,average
1848,1532,1690,316,3380,novice
1832,2087,1959,-255,3919,novice
1878,1730,1804,148,3608,novice
1274,1607,1440,-333,2881,novice
1661,1262,1461,399,2923,novice
2568,1992,2280,576,4560,average
1935,1723,1829,212,3658,novice
2310,2459,2384,-149,4769,master
2274,2209,2241,65,4483,average
2236,2002,2119,234,4238,average
1778,2360,2069,-582,4138,novice
1664,1455,1559,209,3119,novice
2206,2125,2165,81,4331,average
2094,2078,2086,16,4172,novice
2028,2058,2043,-30,4086,novice
2050,1848,1949,202,3898,novice
2401,1941,2171,460,4342,average
1949,2050,1999,-101,3999,novice
1982,2185,2083,-203,4167,novice
2081,1880,1980,201,3961,novice
2129,2014,2071,115,4143,novice
2580,2293,2436,287,4873,master
2486,2628,2557,-142,5114,grandmaster
2101,1889,1995,212,3990,novice
1952,2190,2071,-238,4142,novice
1937,1968,1952,-31,3905,novice
2281,1819,2050,462,4100,novice
2309,2237,2273,72,4546,average
2262,2438,2350,-176,4700,master
1939,1740,1839,199,3679,novice
2345,2173,2259,172,4518,average
2147,1942,2044,205,4089,novice
1980,1612,1796,368,3592,novice
2069,1916,1992,153,3985,novice
2119,2304,2211,-185,4423,average
2089,1672,1880,417,3761,novice
1782,1621,1701,161,3403,novice
1675,2080,1877,-405,3755,novice
2079,1791,1935,288,3870,novice
1863,1987,1925,-124,3850,novice
2210,2083,2146,127,4293,average
2341,2491,2416,-150,4832,master
2260,1739,1999,521,3999,novice
2583,2281,2432,302,4864,master
1796,2446,2121,-650,4242,average
2119,2533,2326,-414,4652,master
2357,2307,2332,50,4664,master
2158,1912,2035,246,4070,novice
2232,2406,2319,-174,4638,master
1893,1528,1710,365,3421,novice
2215,1985,2100,230,4200,novice
2030,2115,2072,-85,4145,novice
2261,1841,2051,420,4102,novice
2063,2024,2043,39,4087,novice
2072,1903,1987,169,3975,novice
1780,1933,1856,-153,3713,novice
2483,2246,2364,237,4729,master
2484,2110,2297,374,4594,average
1787,1902,1844,-115,3689,novice
2401,2220,2310,181,4621,master
2049,1782,1915,267,3831,novice
2119,1982,2050,137,4101,novice
2276,2369,2322,-93,4645,master
1862,2044,1953,-182,3906,novice
2018,1913,1965,105,3931,novice
2052,2045,2048,7,4097,novice
2287,2431,2359,-144,4718,master
1735,2447,2091,-712,4182,novice
1654,1638,1646,16,3292,novice
2060,1749,1904,311,3809,novice
2164,2279,2221,-115,4443,average
1887,1733,1810,154,3620,novice
1844,1698,1771,146,3542,novice
1939,1837,1888,102,3776,novice
2209,2368,2288,-159,4577,average
1618,1309,1463,309,2927,novice
2011,2203,2107,-192,4214,average
2267,2177,2222,90,4444,average
2000,1983,1991,17,3983,novice
2100,2073,2086,27,4173,novice
2114,1925,2019,189,4039,novice
2382,2023,2202,359,4405,average
1858,2036,1947,-178,3894,novice
1635,2177,1906,-542,3812,novice
2108,1740,1924,368,3848,novice
2307,2505,2406,-198,4812,master
1874,1777,1825,97,3651,novice
1856,1822,1839,34,3678,novice
2374,2162,2268,212,4536,average
2101,2242,2171,-141,4343,average
2326,2485,2405,-159,4811,master
2114,2342,2228,-228,4456,average
2599,2634,2616,-35,5233,grandmaster
2252,1945,2098,307,4197,novice
1828,2354,2091,-526,4182,novice
1990,1856,1923,134,3846,novice
1943,2238,2090,-295,4181,novice
2268,2095,2181,173,4363,average
2307,2227,2267,80,4534,average
1492,2001,1746,-509,3493,novice
1754,1633,1693,121,3387,novice
2025,1710,1867,315,3735,novice
2221,2451,2336,-230,4672,master
1903,1874,1888,29,3777,novice
2516,2649,2582,-133,5165,grandmaster
2404,2202,2303,202,4606,master
2042,2156,2099,-114,4198,novice
1681,2060,1870,-379,3741,novice
2327,2211,2269,116,4538,average
2079,1909,1994,170,3988,novice
2425,2631,2528,-206,5056,grandmaster
2421,2644,2532,-223,5065,grandmaster
2064,2368,2216,-304,4432,average
1823,1490,1656,333,3313,novice
2290,2208,2249,82,4498,average
2023,2172,2097,-149,4195,novice
1853,1638,1745,215,3491,novice
2213,2303,2258,-90,4516,average
2338,2661,2499,-323,4999,master
2257,2252,2254,5,4509,average
1924,2029,1976,-105,3953,novice
1944,2128,2036,-184,4072,novice
2554,2698,2626,-144,5252,grandmaster
1726,1962,1844,-236,3688,novice
2266,2135,2200,131,4401,average
1947,2147,2047,-200,4094,novice
1530,1776,1653,-246,3306,novice
1331,1421,1376,-90,2752,novice
2171,2516,2343,-345,4687,master
2028,1928,1978,100,3956,novice
2218,2267,2242,-49,4485,average
2533,2333,2433,200,4866,master
1962,2067,2014,-105,4029,novice
1848,2125,1986,-277,3973,novice
2069,1858,1963,211,3927,novice
2022,2119,2070,-97,4141,novice
1980,1837,1908,143,3817,novice
2562,2155,2358,407,4717,master
2050,1788,1919,262,3838,novice
1567,1730,1648,-163,3297,novice
2188,1828,2008,360,4016,novice
2288,2307,2297,-19,4595,average
1234,2104,1669,-870,3338,novice
1839,1923,1881,-84,3762,novice
1841,2036,1938,-195,3877,novice
2482,2524,2503,-42,5006,grandmaster
2378,1884,2131,494,4262,average
1994,2323,2158,-329,4317,average
1774,2321,2047,-547,4095,novice
1948,1815,1881,133,3763,novice
1804,1782,1793,22,3586,novice
2307,2027,2167,280,4334,average
1796,1979,1887,-183,3775,novice
1633,1666,1649,-33,3299,novice
2353,2160,2256,193,4513,average
1901,2047,1974,-146,3948,novice
1861,2144,2002,-283,4005,novice
1844,2110,1977,-266,3954,novice
1884,2082,1983,-198,3966,novice
2138,2182,2160,-44,4320,average
2497,2200,2348,297,4697,master
1884,2342,2113,-458,4226,average
2123,2344,2233,-221,4467,average
2211,1954,2082,257,4165,novice
1757,1906,1831,-149,3663,novice
1969,2012,1990,-43,3981,novice
2227,2545,2386,-318,4772,master
2258,2191,2224,67,4449,average
2061,1541,1801,520,3602,novice
2280,2506,2393,-226,4786,master
1969,1450,1709,519,3419,novice
2009,2331,2170,-322,4340,average
1952,2067,2009,-115,4019,novice
2286,1952,2119,334,4238,average
1975,2046,2010,-71,4021,novice
1931,1809,1870,122,3740,novice
2147,1981,2064,166,4128,novice
2195,1581,1888,614,3776,novice
2239,2428,2333,-189,4667,master
2107,1934,2020,173,4041,novice
2201,1980,2090,221,4181,novice
2345,2257,2301,88,4602,master
2039,1948,1993,91,3987,novice
1865,1644,1754,221,3509,novice
1881,2146,2013,-265,4027,novice
1768,1761,1764,7,3529,novice
1849,2091,1970,-242,3940,novice
2097,2638,2367,-541,4735,master
1841,2094,1967,-253,3935,novice
2334,2054,2194,280,4388,average
2032,2226,2129,-194,4258,average
2051,1868,1959,183,3919,novice
1809,2269,2039,-460,4078,novice
1541,1318,1429,223,2859,novice
2075,1991,2033,84,4066,novice
2211,1843,2027,368,4054,novice
1946,1663,1804,283,3609,novice
2014,1892,1953,122,3906,novice
1896,1536,1716,360,3432,novice
2174,2023,2098,151,4197,novice
1725,2137,1931,-412,3862,novice
1931,2197,2064,-266,4128,novice
2157,1951,2054,206,4108,novice
1826,1636,1731,190,3462,novice
2179,2255,2217,-76,4434,average
1734,1908,1821,-174,3642,novice
2116,2222,2169,-106,4338,average
1989,1678,1833,311,3667,novice
2053,2200,2126,-147,4253,average
2065,1657,1861,408,3722,novice
1996,2176,2086,-180,4172,novice
2239,1936,2087,303,4175,novice
2183,2427,2305,-244,4610,master
2033,1993,2013,40,4026,novice
1799,2038,1918,-239,3837,novice
2049,1903,1976,146,3952,novice
1976,2074,2025,-98,4050,novice
2277,1997,2137,280,4274,average
1571,1973,1772,-402,3544,novice
2117,1849,1983,268,3966,novice
1458,1709,1583,-251,3167,novice
2054,2126,2090,-72,4180,novice
2140,2013,2076,127,4153,novice
2125,2135,2130,-10,4260,average
2475,2562,2518,-87,5037,grandmaster
2111,1870,1990,241,3981,novice
1884,2367,2125,-483,4251,average
1725,2013,1869,-288,3738,novice
2116,1843,1979,273,3959,novice
1914,1759,1836,155,3673,novice
2324,2364,2344,-40,4688,master
2502,2639,2570,-137,5141,grandmaster
2254,2032,2143,222,4286,average
1812,2093,1952,-281,3905,novice
2333,2388,2360,-55,4721,master
2097,1899,1998,198,3996,novice
2102,1901,2001,201,4003,novice
1827,2083,1955,-256,3910,novice
1804,1531,1667,273,3335,novice
2237,2143,2190,94,4380,average
1941,2228,2084,-287,4169,novice
2082,1899,1990,183,3981,novice
2501,1948,2224,553,4449,average
2365,2086,2225,279,4451,average
1947,2160,2053,-213,4107,novice
1755,1934,1844,-179,3689,novice
2271,1904,2087,367,4175,novice
1288,2005,1646,-717,3293,novice
2073,2313,2193,-240,4386,average
2399,2172,2285,227,4571,average
2624,2471,2547,153,5095,grandmaster
1745,1968,1856,-223,3713,novice
2205,1827,2016,378,4032,novice
2365,2165,2265,200,4530,average
1730,1916,1823,-186,3646,novice
2344,2295,2319,49,4639,master
2057,2057,2057,0,4114,novice
2212,2055,2133,157,4267,average
2105,2296,2200,-191,4401,average
2116,1972,2044,144,4088,novice
1987,1642,1814,345,3629,novice
2442,2154,2298,288,4596,average
1901,1582,1741,319,3483,novice
2033,2213,2123,-180,4246,average
1910,1970,1940,-60,3880,novice
1650,1944,1797,-294,3594,novice
2463,2167,2315,296,4630,master
2217,2462,2339,-245,4679,master
2056,2095,2075,-39,4151,novice
1520,1790,1655,-270,3310,novice
2325,2097,2211,228,4422,average
2010,2091,2050,-81,4101,novice
2168,1923,2045,245,4091,novice
2270,2356,2313,-86,4626,master
2046,2273,2159,-227,4319,average
2522,2404,2463,118,4926,master
2004,2380,2192,-376,4384,average
1963,2375,2169,-412,4338,average
2186,2075,2130,111,4261,average
2242,1990,2116,252,4232,average
2232,2060,2146,172,4292,average
2448,2190,2319,258,4638,master
2356,2386,2371,-30,4742,master
2081,1972,2026,109,4053,novice
2366,2055,2210,311,4421,average
1940,1852,1896,88,3792,novice
1786,1881,1833,-95,3667,novice
2241,2310,2275,-69,4551,average
2003,1708,1855,295,3711,novice
2234,2311,2272,-77,4545,average
2384,2571,2477,-187,4955,master
2388,2321,2354,67,4709,master
1654,2254,1954,-600,3908,novice
1410,1536,1473,-126,2946,novice
1738,1484,1611,254,3222,novice
2190,1956,2073,234,4146,novice
2099,1926,2012,173,4025,novice
1997,1737,1867,260,3734,novice
2064,2067,2065,-3,4131,novice
2118,1942,2030,176,4060,novice
1712,2128,1920,-416,3840,novice
2064,2370,2217,-306,4434,average
2128,1955,2041,173,4083,novice
2659,2430,2544,229,5089,grandmaster
2130,2245,2187,-115,4375,average
2188,2612,2400,-424,4800,master
1383,1556,1469,-173,2939,novice
2280,2338,2309,-58,4618,master
2143,2098,2120,45,4241,average
2130,1925,2027,205,4055,novice
1520,1667,1593,-147,3187,novice
2013,1714,1863,299,3727,novice
2145,2108,2126,37,4253,average
2651,2630,2640,21,5281,grandmaster
2496,2516,2506,-20,5012,grandmaster
1938,1879,1908,59,3817,novice
1701,1473,1587,228,3174,novice
1845,1901,1873,-56,3746,novice
1996,2038,2017,-42,4034,novice
1891,1769,1830,122,3660,novice
1978,2154,2066,-176,4132,novice
2029,2023,2026,6,4052,novice
1361,1918,1639,-557,3279,novice
2005,2172,2088,-167,4177,novice
2136,1898,2017,238,4034,novice
2256,2317,2286,-61,4573,average
2474,2143,2308,331,4617,master
2218,2285,2251,-67,4503,average
2152,2371,2261,-219,4523,average
2684,2773,2728,-89,5457,grandmaster
2170,2531,2350,-361,4701,master
2087,1725,1906,362,3812,novice
2606,2453,2529,153,5059,grandmaster
1885,1560,1722,325,3445,novice
2326,1994,2160,332,4320,average
1713,2099,1906,-386,3812,novice
1929,1779,1854,150,3708,novice
2216,1892,2054,324,4108,novice
2015,1946,1980,69,3961,novice
2575,2192,2383,383,4767,master
2023,2107,2065,-84,4130,novice
2093,2011,2052,82,4104,novice
1717,2086,1901,-369,3803,novice
2084,2195,2139,-111,4279,average
2227,2381,2304,-154,4608,master
2436,2321,2378,115,4757,master
1879,1839,1859,40,3718,novice
2125,1982,2053,143,4107,novice
2179,1939,2059,240,4118,novice
2392,2653,2522,-261,5045,grandmaster
2359,2456,2407,-97,4815,master
2191,2004,2097,187,4195,novice
2174,1920,2047,254,4094,novice
1782,1911,1846,-129,3693,novice
2124,2188,2156,-64,4312,average
1849,1628,1738,221,3477,novice
2568,1639,2103,929,4207,average
1991,2323,2157,-332,4314,average
1898,2126,2012,-228,4024,novice
2125,2015,2070,110,4140,novice
1899,1839,1869,60,3738,novice
2359,2079,2219,280,4438,average
2073,2188,2130,-115,4261,average
2230,2028,2129,202,4258,average
1539,1920,1729,-381,3459,novice
2531,2238,2384,293,4769,master
2127,1999,2063,128,4126,novice
2008,2103,2055,-95,4111,novice
2107,2504,2305,-397,4611,master
2095,2344,2219,-249,4439,average
2264,2110,2187,154,4374,average
1945,2049,1997,-104,3994,novice
2385,2053,2219,332,4438,average
1574,1737,1655,-163,3311,novice
2199,1948,2073,251,4147,novice
2491,2201,2346,290,4692,master
1758,2055,1906,-297,3813,novice
2035,1840,1937,195,3875,novice
1679,1894,1786,-215,3573,novice
1838,2030,1934,-192,3868,novice
1668,1577,1622,91,3245,novice
1859,1879,1869,-20,3738,novice
1860,1487,1673,373,3347,novice
1691,1953,1822,-262,3644,novice
2496,2277,2386,219,4773,master
2184,1917,2050,267,4101,novice
1965,2224,2094,-259,4189,novice
1993,1598,1795,395,3591,novice
2476,2566,2521,-90,5042,grandmaster
2081,1857,1969,224,3938,novice
1788,1509,1648,279,3297,novice
1903,1738,1820,165,3641,novice
1868,1988,1928,-120,3856,novice
1693,1806,1749,-113,3499,novice
1542,1516,1529,26,3058,novice
2730,2735,2732,-5,5465,grandmaster
2414,2448,2431,-34,4862,master
2446,2181,2313,265,4627,master
1932,1817,1874,115,3749,novice
1717,2080,1898,-363,3797,novice
2079,1845,1962,234,3924,novice
2557,2249,2403,308,4806,master
1934,2123,2028,-189,4057,novice
2036,2150,2093,-114,4186,novice
2156,1846,2001,310,4002,novice
1685,1888,1786,-203,3573,novice
1765,1884,1824,-119,3649,novice
1895,1669,1782,226,3564,novice
1834,2068,1951,-234,3902,novice
1477,1837,1657,-360,3314,novice
1893,2084,1988,-191,3977,novice
2213,2122,2167,91,4335,average
1367,1868,1617,-501,3235,novice
1902,1610,1756,292,3512,novice
1711,2130,1920,-419,3841,novice
2202,1862,2032,340,4064,novice
2445,2148,2296,297,4593,average
2055,1791,1923,264,3846,novice
2307,2360,2333,-53,4667,master
2165,2267,2216,-102,4432,average
2764,2766,2765,-2,5530,grandmaster
2349,2495,2422,-146,4844,master
2290,1840,2065,450,4130,novice
2114,1899,2006,215,4013,novice
2532,2440,2486,92,4972,master
1828,2013,1920,-185,3841,novice
2148,1485,1816,663,3633,novice
2385,2157,2271,228,4542,average
2203,2387,2295,-184,4590,average
1776,2007,1891,-231,3783,novice
1891,1774,1832,117,3665,novice
2257,2361,2309,-104,4618,master
2150,1533,1841,617,3683,novice
2286,1894,2090,392,4180,novice
2316,2470,2393,-154,4786,master
1839,2005,1922,-166,3844,novice
2205,2255,2230,-50,4460,average
2149,2005,2077,144,4154,novice
1610,2071,1840,-461,3681,novice
1958,2214,2086,-256,4172,novice
1955,1823,1889,132,3778,novice
1911,2137,2024,-226,4048,novice
2212,1900,2056,312,4112,novice
2111,1774,1942,337,3885,novice
2479,2327,2403,152,4806,master
1977,2112,2044,-135,4089,novice
2375,2569,2472,-194,4944,master
1528,1594,1561,-66,3122,novice
1586,1707,1646,-121,3293,novice
2058,2120,2089,-62,4178,novice
2102,2268,2185,-166,4370,average
2532,2406,2469,126,4938,master
2225,1969,2097,256,4194,novice
1330,1806,1568,-476,3136,novice
1844,1968,1906,-124,3812,novice
1909,1739,1824,170,3648,novice
2004,1757,1880,247,3761,novice
1637,1766,1701,-129,3403,novice
1925,2120,2022,-195,4045,novice
2008,1842,1925,166,3850,novice
2375,2061,2218,314,4436,average
2074,2338,2206,-264,4412,average
1969,1580,1774,389,3549,novice
1707,2005,1856,-298,3712,novice
1966,1968,1967,-2,3934,novice
1956,2258,2107,-302,4214,average
2158,1797,1977,361,3955,novice
2555,2285,2420,270,4840,master
1959,2174,2066,-215,4133,novice
1663,1969,1816,-306,3632,novice
1949,2114,2031,-165,4063,novice
2052,2353,2202,-301,4405,average
2382,1847,2114,535,4229,average
1673,1848,1760,-175,3521,novice
1874,2326,2100,-452,4200,novice
1974,2198,2086,-224,4172,novice
1987,1576,1781,411,3563,novice
2002,2089,2045,-87,4091,novice
1570,1751,1660,-181,3321,novice
2055,2135,2095,-80,4190,novice
1883,1889,1886,-6,3772,novice
1948,1768,1858,180,3716,novice
2764,2711,2737,53,5475,grandmaster
2320,1710,2015,610,4030,novice
2628,2440,2534,188,5068,grandmaster
2345,2426,2385,-81,4771,master
1584,1658,1621,-74,3242,novice
2459,1728,2093,731,4187,novice
2046,1844,1945,202,3890,novice
2177,2301,2239,-124,4478,average
2163,2321,2242,-158,4484,average
1770,2169,1969,-399,3939,novice
1964,2018,1991,-54,3982,novice
2075,2080,2077,-5,4155,novice
2431,2099,2265,332,4530,average
2043,2427,2235,-384,4470,average
2054,2115,2084,-61,4169,novice
1953,2086,2019,-133,4039,novice
2496,2404,2450,92,4900,master
2165,1945,2055,220,4110,novice
2271,2149,2210,122,4420,average
1890,1756,1823,134,3646,novice
2097,2008,2052,89,4105,novice
1934,1797,1865,137,3731,novice
2079,1997,2038,82,4076,novice
2119,1761,1940,358,3880,novice
2202,2424,2313,-222,4626,master
2018,2176,2097,-158,4194,novice
2170,1997,2083,173,4167,novice
2021,2153,2087,-132,4174,novice
2156,2014,2085,142,4170,novice
2213,1983,2098,230,4196,novice
1888,2007,1947,-119,3895,novice
2710,2285,2497,425,4995,master
1746,2311,2028,-565,4057,novice
2326,2161,2243,165,4487,average
2304,2130,2217,174,4434,average
2154,2102,2128,52,4256,average
2391,2219,2305,172,4610,master
2137,2504,2320,-367,4641,master
1943,2305,2124,-362,4248,average
1935,1771,1853,164,3706,novice
2340,2550,2445,-210,4890,master
2064,1604,1834,460,3668,novice
2038,2378,2208,-340,4416,average
2702,2705,2703,-3,5407,grandmaster
1772,1638,1705,134,3410,novice
2199,1891,2045,308,4090,novice
2639,2564,2601,75,5203,grandmaster
1965,1826,1895,139,3791,novice
1792,2093,1942,-301,3885,novice
2139,2010,2074,129,4149,novice
1768,1787,1777,-19,3555,novice
2067,1970,2018,97,4037,novice
1686,1901,1793,-215,3587,novice
2002,1987,1994,15,3989,novice
1877,1727,1802,150,3604,novice
1947,1910,1928,37,3857,novice
1936,2096,2016,-160,4032,novice
2407,2066,2236,341,4473,average
2201,1643,1922,558,3844,novice
2659,2546,2602,113,5205,grandmaster
1719,1936,1827,-217,3655,novice
1937,2215,2076,-278,4152,novice
1932,1489,1710,443,3421,novice
2097,1762,1929,335,3859,novice
2430,2198,2314,232,4628,master
1791,2233,2012,-442,4024,novice
2398,2452,2425,-54,4850,master
2200,1942,2071,258,4142,novice
1404,1751,1577,-347,3155,novice
1933,1602,1767,331,3535,novice
2244,2021,2132,223,4265,average
2458,2321,2389,137,4779,master
2077,2288,2182,-211,4365,average
2318,1623,1970,695,3941,novice
1889,2249,2069,-360,4138,novice
1989,2134,2061,-145,4123,novice
1575,1583,1579,-8,3158,novice
1994,2172,2083,-178,4166,novice
1892,2008,1950,-116,3900,novice
1991,2320,2155,-329,4311,average
1938,2150,2044,-212,4088,novice
2406,2375,2390,31,4781,master
2215,2077,2146,138,4292,average
1921,1498,1709,423,3419,novice
2277,2056,2166,221,4333,average
1660,1846,1753,-186,3506,novice
2385,2156,2270,229,4541,average
2497,2131,2314,366,4628,master
1745,1617,1681,128,3362,novice
1680,2475,2077,-795,4155,novice
2165,2427,2296,-262,4592,average
1533,1611,1572,-78,3144,novice
1999,2151,2075,-152,4150,novice
1951,1757,1854,194,3708,novice
1768,2090,1929,-322,3858,novice
2264,2111,2187,153,4375,average
1689,1981,1835,-292,3670,novice
1836,1550,1693,286,3386,novice
2086,2318,2202,-232,4404,average
2471,2334,2402,137,4805,master
1944,1914,1929,30,3858,novice
1891,2069,1980,-178,3960,novice
2476,2047,2261,429,4523,average
1698,1770,1734,-72,3468,novice
2066,2485,2275,-419,4551,average
1956,1862,1909,94,3818,novice
1837,1260,1548,577,3097,novice
2254,2161,2207,93,4415,average
1861,1858,1859,3,3719,novice
2071,1824,1947,247,3895,novice
2198,2500,2349,-302,4698,master
2462,2536,2499,-74,4998,master
1714,2164,1939,-450,3878,novice
1799,1440,1619,359,3239,novice
1990,1798,1894,192,3788,novice
1539,2055,1797,-516,3594,novice
2174,2049,2111,125,4223,average
2108,1758,1933,350,3866,novice
1980,1547,1763,433,3527,novice
1584,1804,1694,-220,3388,novice
1999,2172,2085,-173,4171,novice
1533,1859,1696,-326,3392,novice
1932,2237,2084,-305,4169,novice
1707,2435,2071,-728,4142,novice
2051,1990,2020,61,4041,novice
1997,2021,2009,-24,4018,novice
2077,2340,2208,-263,4417,average
2282,2423,2352,-141,4705,master
1996,2065,2030,-69,4061,novice
2375,1826,2100,549,4201,novice
2390,2209,2299,181,4599,average
2000,2083,2041,-83,4083,novice
2348,2320,2334,28,4668,master
2252,1907,2079,345,4159,novice
1934,2065,1999,-131,3999,novice
1961,1626,1793,335,3587,novice
1905,2127,2016,-222,4032,novice
1825,2022,1923,-197,3847,novice
2135,1664,1899,471,3799,novice
2179,1889,2034,290,4068,novice
2211,2056,2133,155,4267,average
2293,2291,2292,2,4584,average
1966,2227,2096,-261,4193,novice
1750,2044,1897,-294,3794,novice
2298,2522,2410,-224,4820,master
2004,1853,1928,151,3857,novice
1731,2036,1883,-305,3767,novice
2127,2232,2179,-105,4359,average
2131,1921,2026,210,4052,novice
2211,1930,2070,281,4141,novice
2572,2316,2444,256,4888,master
2454,2550,2502,-96,5004,grandmaster
1848,2317,2082,-469,4165,novice
1644,1946,1795,-302,3590,novice
1873,2399,2136,-526,4272,average
2120,1775,1947,345,3895,novice
2538,2465,2501,73,5003,grandmaster
2051,2100,2075,-49,4151,novice
1794,1554,1674,240,3348,novice
2409,2264,2336,145,4673,master
2153,1809,1981,344,3962,novice
2087,2309,2198,-222,4396,average
2041,2133,2087,-92,4174,novice
2350,2101,2225,249,4451,average
1916,2004,1960,-88,3920,novice
2150,2404,2277,-254,4554,average
1916,2074,1995,-158,3990,novice
1861,1718,1789,143,3579,novice
1813,1646,1729,167,3459,novice
2325,2057,2191,268,4382,average
2293,2160,2226,133,4453,average
2176,1669,1922,507,3845,novice
2165,2247,2206,-82,4412,average
1972,2235,2103,-263,4207,average
2416,1818,2117,598,4234,average
2520,2542,2531,-22,5062,grandmaster
2476,2691,2583,-215,5167,grandmaster
1969,1676,1822,293,3645,novice
2391,2129,2260,262,4520,average
2044,2319,2181,-275,4363,average
2247,2167,2207,80,4414,average
1946,2278,2112,-332,4224,average
1601,1962,1781,-361,3563,novice
2024,2112,2068,-88,4136,novice
2489,2389,2439,100,4878,master
1885,1818,1851,67,3703,novice
2330,2208,2269,122,4538,average
2060,2111,2085,-51,4171,novice
1927,1948,1937,-21,3875,novice
1995,2200,2097,-205,4195,novice
2476,2093,2284,383,4569,average
2559,2577,2568,-18,5136,grandmaster
1636,2059,1847,-423,3695,novice
2064,1620,1842,444,3684,novice
1795,1984,1889,-189,3779,novice
2121,1801,1961,320,3922,novice
2491,2556,2523,-65,5047,grandmaster
2173,2303,2238,-130,4476,average
2055,1883,1969,172,3938,novice
2174,2082,2128,92,4256,average
2225,1934,2079,291,4159,novice
1913,2214,2063,-301,4127,novice
1818,2091,1954,-273,3909,novice
2482,2361,2421,121,4843,master
2279,1953,2116,326,4232,average
2310,1827,2068,483,4137,novice
1978,1646,1812,332,3624,novice
2002,1706,1854,296,3708,novice
2183,1969,2076,214,4152,novice
1885,1499,1692,386,3384,novice
1792,2041,1916,-249,3833,novice
1575,1729,1652,-154,3304,novice
1912,2192,2052,-280,4104,novice
2379,2324,2351,55,4703,master
1740,2011,1875,-271,3751,novice
2020,1690,1855,330,3710,novice
2295,2077,2186,218,4372,average
1797,1947,1872,-150,3744,novice
2273,1808,2040,465,4081,novice
2432,2031,2231,401,4463,average
2077,1796,1936,281,3873,novice
2470,2106,2288,364,4576,average
1818,1927,1872,-109,3745,novice
1916,2023,1969,-107,3939,novice
2244,2263,2253,-19,4507,average
1996,1692,1844,304,3688,novice
2054,1856,1955,198,3910,novice
1869,1969,1919,-100,3838,novice
2032,2244,2138,-212,4276,average
2275,2248,2261,27,4523,average
1803,1756,1779,47,3559,novice
2212,2429,2320,-217,4641,master
1909,2115,2012,-206,4024,novice
1756,2234,1995,-478,3990,novice
2009,2066,2037,-57,4075,novice
1921,2104,2012,-183,4025,novice
1696,2156,1926,-460,3852,novice
1798,1931,1864,-133,3729,novice
2212,1984,2098,228,4196,novice
2019,2347,2183,-328,4366,average
1906,2132,2019,-226,4038,novice
1984,2103,2043,-119,4087,novice
2024,2174,2099,-150,4198,novice
2430,2706,2568,-276,5136,grandmaster
1824,2001,1912,-177,3825,novice
1499,1817,1658,-318,3316,novice
1792,2094,1943,-302,3886,novice
2027,2152,2089,-125,4179,novice
1853,1691,1772,162,3544,novice
2148,1796,1972,352,3944,novice
1929,2099,2014,-170,4028,novice
1770,2172,1971,-402,3942,novice
2126,1769,1947,357,3895,novice
2196,2037,2116,159,4233,average
1889,2298,2093,-409,4187,novice
2219,2149,2184,70,4368,average
2019,1772,1895,247,3791,novice
2116,1891,2003,225,4007,novice
2131,2137,2134,-6,4268,average
1770,1977,1873,-207,3747,novice
2132,1959,2045,173,4091,novice
2427,2256,2341,171,4683,master
2093,2265,2179,-172,4358,average
1828,1917,1872,-89,3745,novice
2059,1824,1941,235,3883,novice
1771,1821,1796,-50,3592,novice
1786,2403,2094,-617,4189,novice
1760,2336,2048,-576,4096,novice
1917,1900,1908,17,3817,novice
2673,1970,2321,703,4643,master
1767,1575,1671,192,3342,novice
2700,2698,2699,2,5398,grandmaster
1990,2198,2094,-208,4188,novice
1936,2073,2004,-137,4009,novice
1669,2025,1847,-356,3694,novice
1329,1496,1412,-167,2825,novice
1841,2147,1994,-306,3988,novice
1921,2032,1976,-111,3953,novice
1993,2060,2026,-67,4053,novice
1931,2114,2022,-183,4045,novice
1889,1947,1918,-58,3836,novice
2529,2115,2322,414,4644,master
2527,2380,2453,147,4907,master
2145,1603,1874,542,3748,novice
2036,1811,1923,225,3847,novice
2236,1927,2081,309,4163,novice
1776,2026,1901,-250,3802,novice
1861,2151,2006,-290,4012,novice
2100,2142,2121,-42,4242,average
2343,1865,2104,478,4208,average
2238,2236,2237,2,4474,average
2455,2135,2295,320,4590,average
1646,1638,1642,8,3284,novice
2042,2023,2032,19,4065,novice
2144,1910,2027,234,4054,novice
1878,1713,1795,165,3591,novice
2445,2512,2478,-67,4957,master
1833,2132,1982,-299,3965,novice
2482,2428,2455,54,4910,master
1885,2055,1970,-170,3940,novice
2328,2211,2269,117,4539,average
2309,2085,2197,224,4394,average
2392,2228,2310,164,4620,master
1943,1963,1953,-20,3906,novice
1943,2182,2062,-239,4125,novice
2048,1992,2020,56,4040,novice
2131,2255,2193,-124,4386,average
1623,1822,1722,-199,3445,novice
2094,2202,2148,-108,4296,average
1800,2140,1970,-340,3940,novice
1704,1670,1687,34,3374,novice
1836,2153,1994,-317,3989,novice
2233,2040,2136,193,4273,average
2362,2481,2421,-119,4843,master
2499,2240,2369,259,4739,master
1952,1712,1832,240,3664,novice
1995,2041,2018,-46,4036,novice
1830,2066,1948,-236,3896,novice
1851,2141,1996,-290,3992,novice
2549,2250,2399,299,4799,master
2304,1756,2030,548,4060,novice
2011,2494,2252,-483,4505,average
2214,1983,2098,231,4197,novice
2048,1788,1918,260,3836,novice
2523,1929,2226,594,4452,average
1840,1822,1831,18,3662,novice
2261,2367,2314,-106,4628,master
2402,2561,2481,-159,4963,master
2407,2275,2341,132,4682,master
1715,1782,1748,-67,3497,novice
2048,2218,2133,-170,4266,average
1496,1728,1612,-232,3224,novice
1832,2173,2002,-341,4005,novice
2088,2175,2131,-87,4263,average
1657,2079,1868,-422,3736,novice
2277,2306,2291,-29,4583,average
2044,2142,2093,-98,4186,novice
1925,1791,1858,134,3716,novice
1534,1772,1653,-238,3306,novice
1606,1941,1773,-335,3547,novice
1989,2630,2309,-641,4619,master
2269,2197,2233,72,4466,average
2157,2462,2309,-305,4619,master
2012,2100,2056,-88,4112,novice
1482,1449,1465,33,2931,novice
2237,1958,2097,279,4195,novice
1525,1844,1684,-319,3369,novice
2516,2671,2593,-155,5187,grandmaster
1990,2023,2006,-33,4013,novice
1716,1448,1582,268,3164,novice
1639,2134,1886,-495,3773,novice
2102,2006,2054,96,4108,novice
2191,1878,2034,313,4069,novice
1842,2456,2149,-614,4298,average
1751,2008,1879,-257,3759,novice
1810,1814,1812,-4,3624,novice
1764,1521,1642,243,3285,novice
2237,2542,2389,-305,4779,master
2365,2593,2479,-228,4958,master
2068,2066,2067,2,4134,novice
1943,1649,1796,294,3592,novice
2042,1721,1881,321,3763,novice
1772,1811,1791,-39,3583,novice
2436,2249,2342,187,4685,master
2197,2120,2158,77,4317,average
1925,2185,2055,-260,4110,novice
2068,2487,2277,-419,4555,average
2525,2227,2376,298,4752,master
2146,2032,2089,114,4178,novice
1965,2656,2310,-691,4621,master
1878,2135,2006,-257,4013,novice
1793,2157,1975,-364,3950,novice
2062,1784,1923,278,3846,novice
2495,2448,2471,47,4943,master
2181,2407,2294,-226,4588,average
2250,1694,1972,556,3944,novice
1828,1921,1874,-93,3749,novice
1546,2121,1833,-575,3667,novice
2340,2423,2381,-83,4763,master
2122,1992,2057,130,4114,novice
1974,2152,2063,-178,4126,novice
1696,2100,1898,-404,3796,novice
1961,2159,2060,-198,4120,novice
1465,1805,1635,-340,3270,novice
2679,2614,2646,65,5293,grandmaster
1988,2385,2186,-397,4373,average
1864,2287,2075,-423,4151,novice
1676,1825,1750,-149,3501,novice
2175,2094,2134,81,4269,average
1895,2346,2120,-451,4241,average
1498,1966,1732,-468,3464,novice
2176,1832,2004,344,4008,novice
2276,1958,2117,318,4234,average
2359,2473,2416,-114,4832,master
1944,1483,1713,461,3427,novice
1920,1708,1814,212,3628,novice
1777,2124,1950,-347,3901,novice
1790,1838,1814,-48,3628,novice
2020,2089,2054,-69,4109,novice
1682,2023,1852,-341,3705,novice
1827,2005,1916,-178,3832,novice
2143,1810,1976,333,3953,novice
2554,2378,2466,176,4932,master
2413,2159,2286,254,4572,average
1875,1679,1777,196,3554,novice
2242,2475,2358,-233,4717,master
1459,1958,1708,-499,3417,novice
1725,1300,1512,425,3025,novice
2172,2525,2348,-353,4697,master
2039,2392,2215,-353,4431,average
2090,1636,1863,454,3726,novice
1411,1660,1535,-249,3071,novice
2013,2122,2067,-109,4135,novice
2027,1787,1907,240,3814,novice
2359,2307,2333,52,4666,master
1770,1967,1868,-197,3737,novice
2355,2525,2440,-170,4880,master
1805,1948,1876,-143,3753,novice
1814,1814,1814,0,3628,novice
1735,2101,1918,-366,3836,novice
2300,2458,2379,-158,4758,master
2092,1993,2042,99,4085,novice
2157,2481,2319,-324,4638,master
1774,2137,1955,-363,3911,novice
2335,2245,2290,90,4580,average
2077,2242,2159,-165,4319,average
1905,2069,1987,-164,3974,novice
2371,1944,2157,427,4315,average
2112,2348,2230,-236,4460,average
2414,2107,2260,307,4521,average
2450,2440,2445,10,4890,master
2386,2111,2248,275,4497,average
1687,1905,1796,-218,3592,novice
1927,2141,2034,-214,4068,novice
1782,2139,1960,-357,3921,novice
1842,2263,2052,-421,4105,novice
2481,2304,2392,177,4785,master
1755,1949,1852,-194,3704,novice
2031,1801,1916,230,3832,novice
1961,2092,2026,-131,4053,novice
1729,2011,1870,-282,3740,novice
2207,2267,2237,-60,4474,average
1900,1870,1885,30,3770,novice
1898,2100,1999,-202,3998,novice
2619,2270,2444,349,4889,master
2129,2130,2129,-1,4259,average
2228,2079,2153,149,4307,average
1676,1792,1734,-116,3468,novice
1862,1491,1676,371,3353,novice
2049,2100,2074,-51,4149,novice
1835,2004,1919,-169,3839,novice
2465,2365,2415,100,4830,master
2251,1941,2096,310,4192,novice
1902,1663,1782,239,3565,novice
2079,2007,2043,72,4086,novice
2411,2165,2288,246,4576,average
2168,1720,1944,448,3888,novice
1942,1746,1844,196,3688,novice
2213,2530,2371,-317,4743,master
1916,2261,2088,-345,4177,novice
1570,1735,1652,-165,3305,novice
2071,1693,1882,378,3764,novice
1973,2089,2031,-116,4062,novice
2356,2423,2389,-67,4779,master
2344,1918,2131,426,4262,average
1981,1707,1844,274,3688,novice
1652,1884,1768,-232,3536,novice
2140,1962,2051,178,4102,novice
2175,2116,2145,59,4291,average
2595,2156,2375,439,4751,master
1486,1822,1654,-336,3308,novice
1838,2474,2156,-636,4312,average
1692,2005,1848,-313,3697,novice
1843,1993,1918,-150,3836,novice
2006,1627,1816,379,3633,novice
2114,1888,2001,226,4002,novice
2287,2252,2269,35,4539,average
1548,1808,1678,-260,3356,novice
2163,1928,2045,235,4091,novice
1230,1397,1313,-167,2627,novice
2294,2109,2201,185,4403,average
2560,2285,2422,275,4845,master
2155,1940,2047,215,4095,novice
1657,1868,1762,-211,3525,novice
1808,1576,1692,232,3384,novice
2609,2221,2415,388,4830,master
2254,2013,2133,241,4267,average
2438,2499,2468,-61,4937,master
2283,2040,2161,243,4323,average
2053,2069,2061,-16,4122,novice
2069,2113,2091,-44,4182,novice
1806,1709,1757,97,3515,novice
1967,2254,2110,-287,4221,average
1718,1753,1735,-35,3471,novice
1899,2390,2144,-491,4289,average
1663,1808,1735,-145,3471,novice
2282,2339,2310,-57,4621,master
2412,2366,2389,46,4778,master
2039,2103,2071,-64,4142,novice
2297,1991,2144,306,4288,average
2068,2045,2056,23,4113,novice
2167,2321,2244,-154,4488,average
2413,2001,2207,412,4414,average
2090,2147,2118,-57,4237,average
1632,2301,1966,-669,3933,novice
2214,2254,2234,-40,4468,average
2344,2137,2240,207,4481,average
2154,2033,2093,121,4187,novice
1763,1609,1686,154,3372,novice
1717,2098,1907,-381,3815,novice
