WhiteElo,BlackElo,MeanElos,DiffElos,SumElos
2611,2520,2565,91,5131
2550,2502,2526,48,5052
2613,2742,2677,-129,5355
2700,2753,2726,-53,5453
2516,2706,2611,-190,5222
2706,2713,2709,-7,5419
2548,2475,2511,73,5023
2583,2461,2522,122,5044
2531,2552,2541,-21,5083
2645,2522,2583,123,5167
2668,2390,2529,278,5058
2534,2731,2632,-197,5265
2469,2663,2566,-194,5132
2527,2507,2517,20,5034
2706,2739,2722,-33,5445
2595,2614,2604,-19,5209
2577,2574,2575,3,5151
2489,2621,2555,-132,5110
2451,2655,2553,-204,5106
2597,2605,2601,-8,5202
2469,2608,2538,-139,5077
2556,2693,2624,-137,5249
2512,2571,2541,-59,5083
2554,2607,2580,-53,5161
2591,2590,2590,1,5181
2548,2477,2512,71,5025
2585,2546,2565,39,5131
2624,2621,2622,3,5245
2773,2761,2767,12,5534
2699,2764,2731,-65,5463
2504,2519,2511,-15,5023
2705,2577,2641,128,5282
2625,2503,2564,122,5128
2540,2662,2601,-122,5202
2666,2548,2607,118,5214
2603,2417,2510,186,5020
2431,2717,2574,-286,5148
2552,2511,2531,41,5063
2651,2477,2564,174,5128
2638,2388,2513,250,5026
2577,2466,2521,111,5043
2695,2612,2653,83,5307
2645,2464,2554,181,5109
2568,2440,2504,128,5008
2631,2711,2671,-80,5342
2667,2375,2521,292,5042
2488,2531,2509,-43,5019
2693,2469,2581,224,5162
2445,2583,2514,-138,5028
2465,2710,2587,-245,5175
2664,2610,2637,54,5274
2566,2501,2533,65,5067
2678,2734,2706,-56,5412
2639,2368,2503,271,5007
2520,2630,2575,-110,5150
2786,2772,2779,14,5558
2686,2439,2562,247,5125
2647,2556,2601,91,5203
2544,2695,2619,-151,5239
2635,2562,2598,73,5197
2573,2487,2530,86,5060
2588,2549,2568,39,5137
2578,2491,2534,87,5069
2503,2610,2556,-107,5113
2483,2526,2504,-43,5009
2411,2673,2542,-262,5084
2693,2529,2611,164,5222
2450,2683,2566,-233,5133
2610,2517,2563,93,5127
2663,2521,2592,142,5184
2601,2602,2601,-1,5203
2628,2616,2622,12,5244
2510,2549,2529,-39,5059
2621,2444,2532,177,5065
2562,2487,2524,75,5049
2580,2779,2679,-199,5359
2595,2653,2624,-58,5248
2558,2494,2526,64,5052
2605,2575,2590,30,5180
2612,2434,2523,178,5046
2575,2498,2536,77,5073
2553,2464,2508,89,5017
2657,2530,2593,127,5187
2746,2702,2724,44,5448
2580,2463,2521,117,5043
2550,2480,2515,70,5030
2513,2494,2503,19,5007
2598,2461,2529,137,5059
2615,2677,2646,-62,5292
2566,2501,2533,65,5067
2493,2529,2511,-36,5022
2590,2484,2537,106,5074
2578,2648,2613,-70,5226
2561,2449,2505,112,5010
2458,2576,2517,-118,5034
2783,2756,2769,27,5539
2655,2541,2598,114,5196
2441,2567,2504,-126,5008
2663,2589,2626,74,5252
2740,2676,2708,64,5416
2560,2682,2621,-122,5242
2635,2611,2623,24,5246
2602,2518,2560,84,5120
2604,2399,2501,205,5003
2475,2688,2581,-213,5163
2632,2706,2669,-74,5338
2484,2638,2561,-154,5122
2607,2452,2529,155,5059
2531,2678,2604,-147,5209
2629,2609,2619,20,5238
2661,2631,2646,30,5292
2658,2729,2693,-71,5387
2753,2734,2743,19,5487
2500,2744,2622,-244,5244
2749,2663,2706,86,5412
2532,2624,2578,-92,5156
2507,2552,2529,-45,5059
2540,2485,2512,55,5025
2579,2549,2564,30,5128
2706,2734,2720,-28,5440
2435,2643,2539,-208,5078
2524,2496,2510,28,5020
2581,2698,2639,-117,5279
2714,2501,2607,213,5215
2533,2520,2526,13,5053
2331,2677,2504,-346,5008
2574,2606,2590,-32,5180
2638,2706,2672,-68,5344
2396,2625,2510,-229,5021
2556,2462,2509,94,5018
2766,2732,2749,34,5498
2637,2631,2634,6,5268
2528,2686,2607,-158,5214
2615,2722,2668,-107,5337
2785,2673,2729,112,5458
2801,2543,2672,258,5344
2471,2583,2527,-112,5054
2704,2617,2660,87,5321
2712,2498,2605,214,5210
2468,2538,2503,-70,5006
2620,2460,2540,160,5080
2700,2647,2673,53,5347
2489,2524,2506,-35,5013
2621,2714,2667,-93,5335
2529,2654,2591,-125,5183
2605,2613,2609,-8,5218
2571,2478,2524,93,5049
2558,2655,2606,-97,5213
2672,2713,2692,-41,5385
2647,2620,2633,27,5267
2561,2451,2506,110,5012
2565,2477,2521,88,5042
2653,2546,2599,107,5199
2627,2628,2627,-1,5255
2593,2590,2591,3,5183
2548,2578,2563,-30,5126
2640,2541,2590,99,5181
2720,2792,2756,-72,5512
2540,2576,2558,-36,5116
2392,2642,2517,-250,5034
2691,2712,2701,-21,5403
2538,2582,2560,-44,5120
2470,2625,2547,-155,5095
2479,2639,2559,-160,5118
2673,2549,2611,124,5222
2544,2529,2536,15,5073
2537,2512,2524,25,5049
2474,2608,2541,-134,5082
2558,2696,2627,-138,5254
2604,2571,2587,33,5175
2682,2641,2661,41,5323
2436,2638,2537,-202,5074
2708,2779,2743,-71,5487
2568,2679,2623,-111,5247
2504,2660,2582,-156,5164
2632,2554,2593,78,5186
2500,2562,2531,-62,5062
2663,2438,2550,225,5101
2591,2420,2505,171,5011
2470,2663,2566,-193,5133
2623,2383,2503,240,5006
2723,2712,2717,11,5435
2608,2543,2575,65,5151
2522,2625,2573,-103,5147
2583,2640,2611,-57,5223
2593,2511,2552,82,5104
2527,2636,2581,-109,5163
2593,2560,2576,33,5153
2541,2556,2548,-15,5097
2582,2545,2563,37,5127
2364,2716,2540,-352,5080
2570,2454,2512,116,5024
2558,2529,2543,29,5087
2706,2417,2561,289,5123
2658,2709,2683,-51,5367
2402,2664,2533,-262,5066
2511,2541,2526,-30,5052
2648,2502,2575,146,5150
2612,2472,2542,140,5084
2470,2584,2527,-114,5054
2605,2524,2564,81,5129
2597,2659,2628,-62,5256
2482,2542,2512,-60,5024
2813,2648,2730,165,5461
2542,2608,2575,-66,5150
2717,2663,2690,54,5380
2536,2669,2602,-133,5205
2486,2629,2557,-143,5115
2586,2476,2531,110,5062
2599,2659,2629,-60,5258
2816,2697,2756,119,5513
2544,2631,2587,-87,5175
2454,2721,2587,-267,5175
2734,2753,2743,-19,5487
2547,2581,2564,-34,5128
2442,2723,2582,-281,5165
2725,2666,2695,59,5391
2630,2482,2556,148,5112
2651,2358,2504,293,5009
2518,2503,2510,15,5021
2555,2590,2572,-35,5145
2713,2505,2609,208,5218
2487,2515,2501,-28,5002
2518,2644,2581,-126,5162
2540,2505,2522,35,5045
2479,2586,2532,-107,5065
2498,2628,2563,-130,5126
2412,2646,2529,-234,5058
2609,2705,2657,-96,5314
2527,2617,2572,-90,5144
2583,2460,2521,123,5043
2639,2535,2587,104,5174
2529,2545,2537,-16,5074
2643,2592,2617,51,5235
2697,2641,2669,56,5338
2619,2440,2529,179,5059
2585,2508,2546,77,5093
2678,2706,2692,-28,5384
2661,2720,2690,-59,5381
2547,2567,2557,-20,5114
2757,2758,2757,-1,5515
2488,2645,2566,-157,5133
2675,2753,2714,-78,5428
2665,2671,2668,-6,5336
2742,2630,2686,112,5372
2487,2631,2559,-144,5118
2422,2583,2502,-161,5005
2601,2614,2607,-13,5215
2439,2607,2523,-168,5046
2655,2544,2599,111,5199
2731,2703,2717,28,5434
2470,2558,2514,-88,5028
2688,2619,2653,69,5307
2555,2651,2603,-96,5206
2575,2641,2608,-66,5216
2603,2548,2575,55,5151
2665,2639,2652,26,5304
2770,2769,2769,1,5539
2516,2711,2613,-195,5227
2625,2425,2525,200,5050
2543,2605,2574,-62,5148
2605,2706,2655,-101,5311
2605,2418,2511,187,5023
2652,2412,2532,240,5064
2675,2534,2604,141,5209
2565,2517,2541,48,5082
2436,2673,2554,-237,5109
2659,2451,2555,208,5110
2595,2479,2537,116,5074
2703,2730,2716,-27,5433
2741,2617,2679,124,5358
2698,2572,2635,126,5270
2529,2476,2502,53,5005
2593,2574,2583,19,5167
2505,2642,2573,-137,5147
2663,2471,2567,192,5134
2506,2771,2638,-265,5277
2377,2656,2516,-279,5033
2560,2669,2614,-109,5229
2669,2500,2584,169,5169
2751,2331,2541,420,5082
2651,2659,2655,-8,5310
2724,2672,2698,52,5396
2443,2636,2539,-193,5079
2592,2531,2561,61,5123
2678,2628,2653,50,5306
2731,2756,2743,-25,5487
2624,2526,2575,98,5150
2531,2554,2542,-23,5085
2598,2558,2578,40,5156
2517,2551,2534,-34,5068
2679,2771,2725,-92,5450
2534,2645,2589,-111,5179
2586,2523,2554,63,5109
2491,2688,2589,-197,5179
2527,2597,2562,-70,5124
2546,2703,2624,-157,5249
2560,2459,2509,101,5019
2508,2514,2511,-6,5022
2630,2563,2596,67,5193
2785,2632,2708,153,5417
2547,2555,2551,-8,5102
2530,2649,2589,-119,5179
2595,2630,2612,-35,5225
2611,2535,2573,76,5146
2420,2589,2504,-169,5009
2522,2615,2568,-93,5137
2639,2557,2598,82,5196
2637,2500,2568,137,5137
2632,2547,2589,85,5179
2435,2595,2515,-160,5030
2463,2618,2540,-155,5081
2471,2557,2514,-86,5028
2541,2618,2579,-77,5159
2397,2606,2501,-209,5003
2455,2615,2535,-160,5070
2761,2826,2793,-65,5587
2803,2774,2788,29,5577
2782,2683,2732,99,5465
2707,2338,2522,369,5045
2449,2599,2524,-150,5048
2525,2596,2560,-71,5121
2555,2449,2502,106,5004
2676,2417,2546,259,5093
2632,2518,2575,114,5150
2535,2641,2588,-106,5176
2580,2438,2509,142,5018
2722,2331,2526,391,5053
2657,2680,2668,-23,5337
2560,2596,2578,-36,5156
2648,2388,2518,260,5036
2645,2604,2624,41,5249
2775,2681,2728,94,5456
2706,2428,2567,278,5134
2737,2579,2658,158,5316
2449,2702,2575,-253,5151
2741,2775,2758,-34,5516
2620,2598,2609,22,5218
2638,2520,2579,118,5158
2600,2498,2549,102,5098
2502,2651,2576,-149,5153
2771,2616,2693,155,5387
2638,2473,2555,165,5111
2605,2487,2546,118,5092
2643,2502,2572,141,5145
2532,2687,2609,-155,5219
2531,2610,2570,-79,5141
2525,2788,2656,-263,5313
2501,2655,2578,-154,5156
2534,2496,2515,38,5030
2653,2707,2680,-54,5360
2406,2667,2536,-261,5073
2723,2510,2616,213,5233
2722,2712,2717,10,5434
2538,2622,2580,-84,5160
2589,2598,2593,-9,5187
2680,2548,2614,132,5228
2664,2683,2673,-19,5347
2730,2721,2725,9,5451
2457,2594,2525,-137,5051
2546,2512,2529,34,5058
2544,2471,2507,73,5015
2739,2772,2755,-33,5511
2620,2693,2656,-73,5313
2544,2549,2546,-5,5093
2461,2575,2518,-114,5036
2635,2527,2581,108,5162
2701,2587,2644,114,5288
2528,2524,2526,4,5052
2607,2579,2593,28,5186
2558,2620,2589,-62,5178
2548,2641,2594,-93,5189
2593,2588,2590,5,5181
2452,2602,2527,-150,5054
2626,2710,2668,-84,5336
2556,2453,2504,103,5009
2563,2467,2515,96,5030
2630,2546,2588,84,5176
2516,2559,2537,-43,5075
2572,2711,2641,-139,5283
2535,2657,2596,-122,5192
2606,2487,2546,119,5093
2558,2565,2561,-7,5123
2479,2584,2531,-105,5063
2522,2487,2504,35,5009
2584,2428,2506,156,5012
2534,2537,2535,-3,5071
2568,2453,2510,115,5021
2508,2739,2623,-231,5247
2544,2489,2516,55,5033
2669,2624,2646,45,5293
2635,2451,2543,184,5086
2521,2593,2557,-72,5114
2469,2681,2575,-212,5150
2453,2614,2533,-161,5067
2467,2542,2504,-75,5009
2548,2620,2584,-72,5168
2583,2881,2732,-298,5464
2642,2491,2566,151,5133
2412,2684,2548,-272,5096
2475,2549,2512,-74,5024
2602,2473,2537,129,5075
2660,2524,2592,136,5184
2655,2473,2564,182,5128
2445,2630,2537,-185,5075
2448,2571,2509,-123,5019
2650,2589,2619,61,5239
2502,2581,2541,-79,5083
2552,2501,2526,51,5053
2735,2771,2753,-36,5506
2602,2511,2556,91,5113
2360,2643,2501,-283,5003
2586,2637,2611,-51,5223
2560,2494,2527,66,5054
2482,2660,2571,-178,5142
2639,2523,2581,116,5162
2758,2744,2751,14,5502
2634,2511,2572,123,5145
2564,2576,2570,-12,5140
2662,2672,2667,-10,5334
2644,2573,2608,71,5217
2696,2325,2510,371,5021
2633,2620,2626,13,5253
2710,2715,2712,-5,5425
2603,2530,2566,73,5133
2583,2561,2572,22,5144
2620,2495,2557,125,5115
2619,2655,2637,-36,5274
2484,2630,2557,-146,5114
2462,2594,2528,-132,5056
2662,2638,2650,24,5300
2592,2527,2559,65,5119
2726,2675,2700,51,5401
2581,2529,2555,52,5110
2741,2656,2698,85,5397
2779,2753,2766,26,5532
2416,2613,2514,-197,5029
2723,2426,2574,297,5149
2556,2600,2578,-44,5156
2631,2647,2639,-16,5278
2572,2660,2616,-88,5232
2526,2558,2542,-32,5084
2434,2571,2502,-137,5005
2582,2638,2610,-56,5220
2522,2599,2560,-77,5121
2650,2685,2667,-35,5335
2661,2757,2709,-96,5418
2626,2647,2636,-21,5273
2412,2592,2502,-180,5004
2672,2785,2728,-113,5457
2672,2720,2696,-48,5392
2678,2359,2518,319,5037
2572,2562,2567,10,5134
2609,2490,2549,119,5099
2636,2490,2563,146,5126
2561,2495,2528,66,5056
2630,2508,2569,122,5138
2667,2621,2644,46,5288
2753,2651,2702,102,5404
2559,2675,2617,-116,5234
2555,2518,2536,37,5073
2660,2381,2520,279,5041
2490,2536,2513,-46,5026
2478,2628,2553,-150,5106
2767,2727,2747,40,5494
2442,2655,2548,-213,5097
2609,2419,2514,190,5028
2644,2543,2593,101,5187
2552,2570,2561,-18,5122
2520,2607,2563,-87,5127
2576,2578,2577,-2,5154
2534,2570,2552,-36,5104
2711,2560,2635,151,5271
2392,2669,2530,-277,5061
2724,2678,2701,46,5402
2531,2541,2536,-10,5072
2600,2493,2546,107,5093
2584,2557,2570,27,5141
2453,2709,2581,-256,5162
2586,2581,2583,5,5167
2525,2726,2625,-201,5251
2558,2510,2534,48,5068
2628,2516,2572,112,5144
2503,2540,2521,-37,5043
2810,2764,2787,46,5574
2675,2632,2653,43,5307
2571,2450,2510,121,5021
2636,2620,2628,16,5256
2638,2477,2557,161,5115
2597,2700,2648,-103,5297
2500,2574,2537,-74,5074
2626,2550,2588,76,5176
2634,2426,2530,208,5060
2484,2699,2591,-215,5183
2664,2424,2544,240,5088
2598,2680,2639,-82,5278
2609,2663,2636,-54,5272
2613,2440,2526,173,5053
2610,2734,2672,-124,5344
2603,2448,2525,155,5051
2650,2660,2655,-10,5310
2584,2419,2501,165,5003
2605,2688,2646,-83,5293
2538,2520,2529,18,5058
2544,2498,2521,46,5042
2539,2610,2574,-71,5149
2635,2425,2530,210,5060
2445,2583,2514,-138,5028
2584,2435,2509,149,5019
2680,2340,2510,340,5020
2396,2607,2501,-211,5003
2582,2643,2612,-61,5225
2645,2482,2563,163,5127
2428,2626,2527,-198,5054
2753,2678,2715,75,5431
2657,2556,2606,101,5213
2610,2667,2638,-57,5277
2324,2690,2507,-366,5014
2815,2644,2729,171,5459
2672,2791,2731,-119,5463
2585,2647,2616,-62,5232
2511,2518,2514,-7,5029
2698,2583,2640,115,5281
2550,2520,2535,30,5070
2595,2649,2622,-54,5244
2527,2550,2538,-23,5077
2615,2507,2561,108,5122
2506,2551,2528,-45,5057
2568,2558,2563,10,5126
2599,2486,2542,113,5085
2551,2512,2531,39,5063
2630,2476,2553,154,5106
2607,2660,2633,-53,5267
2658,2599,2628,59,5257
2667,2551,2609,116,5218
2443,2613,2528,-170,5056
2561,2561,2561,0,5122
2414,2594,2504,-180,5008
2619,2524,2571,95,5143
2632,2487,2559,145,5119
2618,2407,2512,211,5025
2571,2525,2548,46,5096
2772,2660,2716,112,5432
2607,2586,2596,21,5193
2659,2729,2694,-70,5388
2527,2684,2605,-157,5211
2512,2497,2504,15,5009
2710,2553,2631,157,5263
2607,2469,2538,138,5076
2720,2748,2734,-28,5468
2416,2674,2545,-258,5090
2543,2714,2628,-171,5257
2599,2671,2635,-72,5270
2544,2582,2563,-38,5126
2539,2539,2539,0,5078
2564,2500,2532,64,5064
2631,2505,2568,126,5136
2606,2475,2540,131,5081
2569,2635,2602,-66,5204
2546,2495,2520,51,5041
2694,2546,2620,148,5240
2487,2570,2528,-83,5057
2742,2563,2652,179,5305
2521,2516,2518,5,5037
2595,2559,2577,36,5154
2452,2580,2516,-128,5032
2517,2595,2556,-78,5112
2585,2536,2560,49,5121
2446,2592,2519,-146,5038
2704,2471,2587,233,5175
2663,2616,2639,47,5279
2602,2663,2632,-61,5265
2431,2608,2519,-177,5039
2706,2556,2631,150,5262
2682,2394,2538,288,5076
2549,2603,2576,-54,5152
2625,2605,2615,20,5230
2522,2585,2553,-63,5107
2596,2502,2549,94,5098
2530,2488,2509,42,5018
2644,2508,2576,136,5152
2623,2691,2657,-68,5314
2635,2505,2570,130,5140
2624,2720,2672,-96,5344
2531,2508,2519,23,5039
2473,2583,2528,-110,5056
2548,2608,2578,-60,5156
2734,2498,2616,236,5232
2605,2608,2606,-3,5213
2546,2488,2517,58,5034
2653,2558,2605,95,5211
2630,2556,2593,74,5186
2622,2771,2696,-149,5393
2579,2610,2594,-31,5189
2514,2529,2521,-15,5043
2478,2546,2512,-68,5024
2715,2561,2638,154,5276
2530,2642,2586,-112,5172
2705,2654,2679,51,5359
2558,2574,2566,-16,5132
2458,2588,2523,-130,5046
2539,2670,2604,-131,5209
2622,2489,2555,133,5111
2524,2498,2511,26,5022
2635,2560,2597,75,5195
2696,2609,2652,87,5305
2571,2576,2573,-5,5147
2560,2479,2519,81,5039
2542,2637,2589,-95,5179
2525,2501,2513,24,5026
2675,2586,2630,89,5261
2568,2492,2530,76,5060
2682,2495,2588,187,5177
2747,2500,2623,247,5247
2503,2654,2578,-151,5157
2757,2772,2764,-15,5529
2705,2391,2548,314,5096
2391,2650,2520,-259,5041
2673,2613,2643,60,5286
2574,2484,2529,90,5058
2538,2543,2540,-5,5081
2668,2706,2687,-38,5374
2688,2563,2625,125,5251
2557,2667,2612,-110,5224
2579,2729,2654,-150,5308
2566,2718,2642,-152,5284
2500,2581,2540,-81,5081
2388,2616,2502,-228,5004
2622,2445,2533,177,5067
2650,2368,2509,282,5018
2428,2763,2595,-335,5191
2704,2621,2662,83,5325
2666,2462,2564,204,5128
2489,2609,2549,-120,5098
2644,2688,2666,-44,5332
2417,2587,2502,-170,5004
2491,2553,2522,-62,5044
2611,2500,2555,111,5111
2643,2678,2660,-35,5321
2695,2569,2632,126,5264
2418,2599,2508,-181,5017
2596,2592,2594,4,5188
2707,2503,2605,204,5210
2667,2390,2528,277,5057
2758,2709,2733,49,5467
2483,2595,2539,-112,5078
2688,2418,2553,270,5106
2596,2426,2511,170,5022
2541,2684,2612,-143,5225
2559,2527,2543,32,5086
2476,2580,2528,-104,5056
2602,2561,2581,41,5163
2551,2775,2663,-224,5326
2698,2582,2640,116,5280
2529,2644,2586,-115,5173
2446,2588,2517,-142,5034
2542,2542,2542,0,5084
2627,2696,2661,-69,5323
2608,2583,2595,25,5191
2618,2582,2600,36,5200
2726,2653,2689,73,5379
2619,2419,2519,200,5038
2792,2649,2720,143,5441
2715,2503,2609,212,5218
2678,2631,2654,47,5309
2535,2556,2545,-21,5091
2531,2753,2642,-222,5284
2407,2628,2517,-221,5035
2541,2558,2549,-17,5099
2577,2628,2602,-51,5205
2705,2715,2710,-10,5420
2423,2619,2521,-196,5042
2510,2614,2562,-104,5124
2485,2541,2513,-56,5026
2492,2516,2504,-24,5008
2566,2486,2526,80,5052
2659,2434,2546,225,5093
2544,2510,2527,34,5054
2616,2547,2581,69,5163
2536,2559,2547,-23,5095
2667,2660,2663,7,5327
2680,2508,2594,172,5188
2646,2758,2702,-112,5404
2607,2707,2657,-100,5314
2533,2484,2508,49,5017
2463,2615,2539,-152,5078
2561,2481,2521,80,5042
2548,2491,2519,57,5039
2491,2552,2521,-61,5043
2492,2528,2510,-36,5020
2532,2472,2502,60,5004
2633,2713,2673,-80,5346
2569,2709,2639,-140,5278
2706,2559,2632,147,5265
2560,2560,2560,0,5120
2627,2385,2506,242,5012
2734,2702,2718,32,5436
2375,2643,2509,-268,5018
2725,2784,2754,-59,5509
2647,2664,2655,-17,5311
2566,2557,2561,9,5123
2540,2521,2530,19,5061
2627,2490,2558,137,5117
2524,2527,2525,-3,5051
2660,2496,2578,164,5156
2638,2579,2608,59,5217
2621,2648,2634,-27,5269
2678,2740,2709,-62,5418
2538,2642,2590,-104,5180
2428,2613,2520,-185,5041
2691,2678,2684,13,5369
2556,2542,2549,14,5098
2672,2442,2557,230,5114
2465,2545,2505,-80,5010
2495,2614,2554,-119,5109
2704,2564,2634,140,5268
2716,2374,2545,342,5090
2639,2619,2629,20,5258
2547,2480,2513,67,5027
2391,2677,2534,-286,5068
2621,2491,2556,130,5112
2338,2699,2518,-361,5037
2629,2470,2549,159,5099
2710,2727,2718,-17,5437
2752,2543,2647,209,5295
2618,2449,2533,169,5067
2590,2705,2647,-115,5295
2468,2599,2533,-131,5067
2425,2742,2583,-317,5167
2552,2696,2624,-144,5248
2684,2537,2610,147,5221
2711,2815,2763,-104,5526
2723,2705,2714,18,5428
2639,2540,2589,99,5179
2453,2633,2543,-180,5086
2525,2552,2538,-27,5077
2472,2665,2568,-193,5137
2588,2508,2548,80,5096
2584,2515,2549,69,5099
2535,2593,2564,-58,5128
2667,2474,2570,193,5141
2664,2533,2598,131,5197
2432,2570,2501,-138,5002
2598,2565,2581,33,5163
2599,2455,2527,144,5054
2573,2602,2587,-29,5175
2486,2707,2596,-221,5193
2747,2697,2722,50,5444
2638,2410,2524,228,5048
2631,2661,2646,-30,5292
2506,2599,2552,-93,5105
2611,2771,2691,-160,5382
2741,2668,2704,73,5409
2688,2581,2634,107,5269
2542,2743,2642,-201,5285
2559,2646,2602,-87,5205
2705,2508,2606,197,5213
2617,2675,2646,-58,5292
2365,2689,2527,-324,5054
2465,2616,2540,-151,5081
2608,2540,2574,68,5148
2692,2689,2690,3,5381
2688,2562,2625,126,5250
2614,2815,2714,-201,5429
2512,2558,2535,-46,5070
2685,2734,2709,-49,5419
2775,2707,2741,68,5482
2412,2592,2502,-180,5004
2700,2644,2672,56,5344
2446,2575,2510,-129,5021
2637,2722,2679,-85,5359
2784,2760,2772,24,5544
2627,2662,2644,-35,5289
2513,2644,2578,-131,5157
2769,2738,2753,31,5507
2379,2698,2538,-319,5077
2540,2667,2603,-127,5207
2614,2455,2534,159,5069
2631,2502,2566,129,5133
2505,2633,2569,-128,5138
2565,2446,2505,119,5011
2497,2616,2556,-119,5113
2675,2511,2593,164,5186
2694,2438,2566,256,5132
2594,2491,2542,103,5085
2706,2676,2691,30,5382
2619,2680,2649,-61,5299
2636,2629,2632,7,5265
2638,2706,2672,-68,5344
2787,2766,2776,21,5553
2637,2494,2565,143,5131
2539,2556,2547,-17,5095
2565,2635,2600,-70,5200
2390,2646,2518,-256,5036
2599,2678,2638,-79,5277
2707,2544,2625,163,5251
2682,2706,2694,-24,5388
2448,2607,2527,-159,5055
2629,2446,2537,183,5075
2611,2582,2596,29,5193
2491,2708,2599,-217,5199
2767,2793,2780,-26,5560
2791,2713,2752,78,5504
2554,2677,2615,-123,5231
2496,2613,2554,-117,5109
2616,2570,2593,46,5186
2581,2491,2536,90,5072
2628,2757,2692,-129,5385
2543,2598,2570,-55,5141
2507,2514,2510,-7,5021
2661,2513,2587,148,5174
2607,2474,2540,133,5081
2567,2619,2593,-52,5186
2664,2531,2597,133,5195
2435,2627,2531,-192,5062
2595,2570,2582,25,5165
2565,2446,2505,119,5011
2554,2453,2503,101,5007
2572,2471,2521,101,5043
2556,2485,2520,71,5041
2653,2455,2554,198,5108
2688,2664,2676,24,5352
2626,2576,2601,50,5202
2541,2613,2577,-72,5154
2711,2503,2607,208,5214
2722,2477,2599,245,5199
2720,2861,2790,-141,5581
2617,2453,2535,164,5070
2533,2590,2561,-57,5123
2659,2572,2615,87,5231
2707,2584,2645,123,5291
2385,2638,2511,-253,5023
2520,2737,2628,-217,5257
2488,2710,2599,-222,5198
2527,2653,2590,-126,5180
2466,2556,2511,-90,5022
2534,2475,2504,59,5009
2551,2535,2543,16,5086
2644,2546,2595,98,5190
2632,2635,2633,-3,5267
2422,2634,2528,-212,5056
2559,2595,2577,-36,5154
2628,2454,2541,174,5082
2529,2541,2535,-12,5070
2607,2454,2530,153,5061
2741,2683,2712,58,5424
2579,2437,2508,142,5016
2494,2607,2550,-113,5101
2712,2616,2664,96,5328
2676,2702,2689,-26,5378
2631,2628,2629,3,5259
2441,2650,2545,-209,5091
2555,2449,2502,106,5004
2536,2477,2506,59,5013
2573,2507,2540,66,5080
2553,2557,2555,-4,5110
2638,2556,2597,82,5194
2723,2653,2688,70,5376
2595,2577,2586,18,5172
2620,2688,2654,-68,5308
2635,2549,2592,86,5184
2601,2599,2600,2,5200
2678,2646,2662,32,5324
2572,2435,2503,137,5007
2552,2665,2608,-113,5217
2519,2646,2582,-127,5165
2680,2627,2653,53,5307
2567,2531,2549,36,5098
2538,2697,2617,-159,5235
2560,2528,2544,32,5088
2535,2634,2584,-99,5169
2589,2650,2619,-61,5239
2479,2556,2517,-77,5035
2473,2578,2525,-105,5051
2580,2450,2515,130,5030
2610,2565,2587,45,5175
2648,2558,2603,90,5206
2775,2748,2761,27,5523
2726,2623,2674,103,5349
2566,2533,2549,33,5099
2564,2450,2507,114,5014
2702,2664,2683,38,5366
2634,2402,2518,232,5036
2615,2466,2540,149,5081
2649,2358,2503,291,5007
2389,2619,2504,-230,5008
2723,2727,2725,-4,5450
2588,2614,2601,-26,5202
2526,2625,2575,-99,5151
2510,2526,2518,-16,5036
2668,2553,2610,115,5221
2541,2461,2501,80,5002
2717,2663,2690,54,5380
2510,2547,2528,-37,5057
2561,2562,2561,-1,5123
2586,2484,2535,102,5070
2614,2600,2607,14,5214
2436,2580,2508,-144,5016
2475,2544,2509,-69,5019
2709,2753,2731,-44,5462
2441,2639,2540,-198,5080
2656,2631,2643,25,5287
2529,2557,2543,-28,5086
2709,2632,2670,77,5341
2760,2711,2735,49,5471
2707,2530,2618,177,5237
2520,2519,2519,1,5039
2505,2533,2519,-28,5038
2551,2688,2619,-137,5239
2599,2450,2524,149,5049
2574,2530,2552,44,5104
2529,2585,2557,-56,5114
2515,2511,2513,4,5026
2763,2726,2744,37,5489
2734,2691,2712,43,5425
2618,2626,2622,-8,5244
2648,2657,2652,-9,5305
2651,2706,2678,-55,5357
2536,2500,2518,36,5036
2579,2472,2525,107,5051
2498,2521,2509,-23,5019
2638,2601,2619,37,5239
2651,2366,2508,285,5017
2624,2478,2551,146,5102
2614,2606,2610,8,5220
2549,2669,2609,-120,5218
2475,2603,2539,-128,5078
2607,2536,2571,71,5143
2565,2458,2511,107,5023
2788,2644,2716,144,5432
2539,2554,2546,-15,5093
2507,2503,2505,4,5010
2505,2548,2526,-43,5053
2633,2590,2611,43,5223
2648,2463,2555,185,5111
2580,2655,2617,-75,5235
2588,2463,2525,125,5051
2557,2597,2577,-40,5154
2556,2546,2551,10,5102
2608,2570,2589,38,5178
2702,2706,2704,-4,5408
2674,2666,2670,8,5340
2628,2679,2653,-51,5307
2793,2744,2768,49,5537
2458,2547,2502,-89,5005
2440,2714,2577,-274,5154
2469,2564,2516,-95,5033
2551,2595,2573,-44,5146
2610,2491,2550,119,5101
2567,2518,2542,49,5085
2503,2635,2569,-132,5138
2481,2586,2533,-105,5067
2641,2547,2594,94,5188
2705,2465,2585,240,5170
2637,2722,2679,-85,5359
2597,2413,2505,184,5010
2676,2505,2590,171,5181
2589,2633,2611,-44,5222
2332,2680,2506,-348,5012
2784,2803,2793,-19,5587
2557,2708,2632,-151,5265
2478,2596,2537,-118,5074
2682,2455,2568,227,5137
2667,2603,2635,64,5270
2683,2550,2616,133,5233
2702,2377,2539,325,5079
2680,2543,2611,137,5223
2388,2669,2528,-281,5057
2589,2526,2557,63,5115
2609,2562,2585,47,5171
2560,2602,2581,-42,5162
2683,2708,2695,-25,5391
2665,2457,2561,208,5122
2469,2805,2637,-336,5274
2498,2548,2523,-50,5046
2568,2449,2508,119,5017
2590,2708,2649,-118,5298
2644,2591,2617,53,5235
2453,2569,2511,-116,5022
2507,2577,2542,-70,5084
2666,2687,2676,-21,5353
2693,2717,2705,-24,5410
2282,2725,2503,-443,5007
2602,2495,2548,107,5097
2579,2618,2598,-39,5197
2663,2467,2565,196,5130
2552,2691,2621,-139,5243
2724,2602,2663,122,5326
2597,2545,2571,52,5142
2502,2604,2553,-102,5106
2639,2663,2651,-24,5302
2557,2584,2570,-27,5141
2586,2470,2528,116,5056
2739,2619,2679,120,5358
2651,2680,2665,-29,5331
2447,2623,2535,-176,5070
2672,2475,2573,197,5147
2468,2569,2518,-101,5037
2378,2636,2507,-258,5014
2637,2580,2608,57,5217
2577,2758,2667,-181,5335
2730,2544,2637,186,5274
2705,2616,2660,89,5321
2655,2499,2577,156,5154
2521,2585,2553,-64,5106
2723,2553,2638,170,5276
2544,2613,2578,-69,5157
2573,2633,2603,-60,5206
2501,2568,2534,-67,5069
2550,2567,2558,-17,5117
2474,2528,2501,-54,5002
2611,2450,2530,161,5061
2707,2635,2671,72,5342
2500,2531,2515,-31,5031
2573,2464,2518,109,5037
2541,2503,2522,38,5044
2837,2763,2800,74,5600
2653,2762,2707,-109,5415
2626,2567,2596,59,5193
2465,2552,2508,-87,5017
2494,2660,2577,-166,5154
2698,2670,2684,28,5368
2692,2641,2666,51,5333
2737,2762,2749,-25,5499
2478,2557,2517,-79,5035
2637,2622,2629,15,5259
2664,2671,2667,-7,5335
2523,2579,2551,-56,5102
2603,2442,2522,161,5045
2564,2631,2597,-67,5195
2699,2538,2618,161,5237
2624,2663,2643,-39,5287
2723,2586,2654,137,5309
2483,2564,2523,-81,5047
2785,2724,2754,61,5509
2557,2655,2606,-98,5212
2490,2543,2516,-53,5033
2561,2461,2511,100,5022
2679,2622,2650,57,5301
2707,2493,2600,214,5200
2584,2682,2633,-98,5266
2617,2679,2648,-62,5296
2527,2543,2535,-16,5070
2485,2713,2599,-228,5198
2556,2724,2640,-168,5280
2632,2446,2539,186,5078
2613,2564,2588,49,5177
2534,2552,2543,-18,5086
2772,2567,2669,205,5339
2544,2463,2503,81,5007
2610,2657,2633,-47,5267
2625,2571,2598,54,5196
2507,2640,2573,-133,5147
2672,2734,2703,-62,5406
2441,2564,2502,-123,5005
2754,2582,2668,172,5336
2546,2614,2580,-68,5160
2550,2524,2537,26,5074
2749,2607,2678,142,5356
2538,2547,2542,-9,5085
2387,2716,2551,-329,5103
2752,2773,2762,-21,5525
2757,2578,2667,179,5335
2453,2550,2501,-97,5003
2482,2535,2508,-53,5017
2420,2638,2529,-218,5058
2663,2569,2616,94,5232
2506,2717,2611,-211,5223
2625,2416,2520,209,5041
2686,2344,2515,342,5030
2660,2633,2646,27,5293
2632,2730,2681,-98,5362
2586,2659,2622,-73,5245
2613,2664,2638,-51,5277
2603,2405,2504,198,5008
2580,2466,2523,114,5046
2700,2497,2598,203,5197
2588,2667,2627,-79,5255
2476,2587,2531,-111,5063
2717,2712,2714,5,5429
2471,2643,2557,-172,5114
2444,2574,2509,-130,5018
2669,2572,2620,97,5241
2582,2455,2518,127,5037
2766,2717,2741,49,5483
2570,2619,2594,-49,5189
2562,2496,2529,66,5058
2648,2360,2504,288,5008
2712,2384,2548,328,5096
2599,2616,2607,-17,5215
2388,2654,2521,-266,5042
2587,2442,2514,145,5029
2624,2489,2556,135,5113
2594,2707,2650,-113,5301
2608,2485,2546,123,5093
2428,2713,2570,-285,5141
2655,2735,2695,-80,5390
2749,2546,2647,203,5295
2713,2636,2674,77,5349
2523,2556,2539,-33,5079
2655,2645,2650,10,5300
2568,2631,2599,-63,5199
2625,2621,2623,4,5246
2588,2686,2637,-98,5274
2552,2550,2551,2,5102
2656,2572,2614,84,5228
2803,2734,2768,69,5537
2764,2740,2752,24,5504
2660,2680,2670,-20,5340
2562,2577,2569,-15,5139
2571,2501,2536,70,5072
2636,2525,2580,111,5161
2481,2541,2511,-60,5022
2576,2597,2586,-21,5173
2691,2689,2690,2,5380
2627,2462,2544,165,5089
2329,2696,2512,-367,5025
2730,2792,2761,-62,5522
2642,2561,2601,81,5203
2670,2571,2620,99,5241
2505,2625,2565,-120,5130
2520,2506,2513,14,5026
2510,2568,2539,-58,5078
2651,2558,2604,93,5209
2577,2569,2573,8,5146
2523,2635,2579,-112,5158
2603,2422,2512,181,5025
2542,2491,2516,51,5033
2707,2659,2683,48,5366
2442,2663,2552,-221,5105
2727,2567,2647,160,5294
2700,2637,2668,63,5337
2508,2513,2510,-5,5021
2529,2602,2565,-73,5131
2639,2678,2658,-39,5317
2609,2683,2646,-74,5292
2676,2619,2647,57,5295
2581,2467,2524,114,5048
2509,2614,2561,-105,5123
2771,2881,2826,-110,5652
2655,2645,2650,10,5300
2507,2650,2578,-143,5157
2556,2518,2537,38,5074
2632,2474,2553,158,5106
2616,2625,2620,-9,5241
2488,2567,2527,-79,5055
2568,2652,2610,-84,5220
2619,2481,2550,138,5100
2600,2655,2627,-55,5255
2639,2715,2677,-76,5354
2597,2606,2601,-9,5203
2488,2569,2528,-81,5057
2663,2683,2673,-20,5346
2485,2629,2557,-144,5114
2490,2686,2588,-196,5176
2493,2625,2559,-132,5118
2662,2509,2585,153,5171
2659,2554,2606,105,5213
2764,2815,2789,-51,5579
2486,2542,2514,-56,5028
2700,2703,2701,-3,5403
2643,2591,2617,52,5234
2647,2667,2657,-20,5314
2530,2491,2510,39,5021
2643,2558,2600,85,5201
2495,2529,2512,-34,5024
2499,2554,2526,-55,5053
2417,2594,2505,-177,5011
2345,2664,2504,-319,5009
2551,2696,2623,-145,5247
2492,2563,2527,-71,5055
2525,2615,2570,-90,5140
2566,2705,2635,-139,5271
2569,2447,2508,122,5016
2449,2559,2504,-110,5008
2319,2684,2501,-365,5003
2731,2731,2731,0,5462
2674,2584,2629,90,5258
2607,2516,2561,91,5123
2511,2705,2608,-194,5216
2783,2706,2744,77,5489
2641,2675,2658,-34,5316
2479,2670,2574,-191,5149
2388,2661,2524,-273,5049
2570,2581,2575,-11,5151
2544,2635,2589,-91,5179
2677,2526,2601,151,5203
2646,2495,2570,151,5141
2696,2568,2632,128,5264
2682,2575,2628,107,5257
2476,2597,2536,-121,5073
2631,2694,2662,-63,5325
2793,2699,2746,94,5492
2577,2501,2539,76,5078
2567,2720,2643,-153,5287
2538,2522,2530,16,5060
2556,2642,2599,-86,5198
2484,2559,2521,-75,5043
2630,2559,2594,71,5189
2451,2586,2518,-135,5037
2469,2651,2560,-182,5120
2547,2513,2530,34,5060
2657,2473,2565,184,5130
2562,2697,2629,-135,5259
2507,2571,2539,-64,5078
2497,2592,2544,-95,5089
2467,2606,2536,-139,5073
2609,2660,2634,-51,5269
2539,2653,2596,-114,5192
2535,2696,2615,-161,5231
2536,2616,2576,-80,5152
2607,2720,2663,-113,5327
2534,2605,2569,-71,5139
2370,2655,2512,-285,5025
2637,2554,2595,83,5191
2636,2479,2557,157,5115
2580,2621,2600,-41,5201
2491,2659,2575,-168,5150
2713,2695,2704,18,5408
2467,2619,2543,-152,5086
2547,2501,2524,46,5048
2746,2702,2724,44,5448
2550,2507,2528,43,5057
2639,2706,2672,-67,5345
2448,2563,2505,-115,5011
2626,2647,2636,-21,5273
2809,2801,2805,8,5610
2606,2651,2628,-45,5257
2418,2600,2509,-182,5018
2742,2637,2689,105,5379
2654,2634,2644,20,5288
2594,2632,2613,-38,5226
2577,2596,2586,-19,5173
2693,2691,2692,2,5384
2549,2645,2597,-96,5194
2541,2481,2511,60,5022
2517,2551,2534,-34,5068
2492,2526,2509,-34,5018
2864,2616,2740,248,5480
2732,2738,2735,-6,5470
2454,2605,2529,-151,5059
2454,2693,2573,-239,5147
2706,2702,2704,4,5408
2612,2454,2533,158,5066
2598,2417,2507,181,5015
2713,2803,2758,-90,5516
2576,2563,2569,13,5139
2501,2594,2547,-93,5095
2661,2556,2608,105,5217
2703,2646,2674,57,5349
2667,2426,2546,241,5093
2405,2693,2549,-288,5098
2555,2591,2573,-36,5146
2592,2447,2519,145,5039
2572,2621,2596,-49,5193
2560,2540,2550,20,5100
2616,2506,2561,110,5122
2434,2569,2501,-135,5003
2555,2613,2584,-58,5168
2659,2602,2630,57,5261
2619,2484,2551,135,5103
2615,2554,2584,61,5169
2525,2527,2526,-2,5052
2754,2703,2728,51,5457
2635,2546,2590,89,5181
2570,2457,2513,113,5027
2586,2512,2549,74,5098
2490,2556,2523,-66,5046
2619,2622,2620,-3,5241
2415,2638,2526,-223,5053
2524,2643,2583,-119,5167
2577,2539,2558,38,5116
2687,2574,2630,113,5261
2367,2665,2516,-298,5032
2505,2511,2508,-6,5016
2400,2646,2523,-246,5046
2479,2686,2582,-207,5165
2568,2514,2541,54,5082
2546,2497,2521,49,5043
2565,2603,2584,-38,5168
2699,2719,2709,-20,5418
2407,2629,2518,-222,5036
2700,2600,2650,100,5300
2567,2491,2529,76,5058
2688,2693,2690,-5,5381
2484,2723,2603,-239,5207
2474,2702,2588,-228,5176
2522,2643,2582,-121,5165
2801,2877,2839,-76,5678
2426,2621,2523,-195,5047
2451,2565,2508,-114,5016
2610,2451,2530,159,5061
2696,2490,2593,206,5186
2648,2529,2588,119,5177
2490,2603,2546,-113,5093
2591,2462,2526,129,5053
2686,2725,2705,-39,5411
2616,2593,2604,23,5209
2635,2480,2557,155,5115
2757,2709,2733,48,5466
2470,2645,2557,-175,5115
2611,2522,2566,89,5133
2720,2801,2760,-81,5521
2452,2555,2503,-103,5007
2622,2540,2581,82,5162
2693,2779,2736,-86,5472
2531,2532,2531,-1,5063
2637,2618,2627,19,5255
2646,2650,2648,-4,5296
2455,2552,2503,-97,5007
2695,2548,2621,147,5243
2708,2687,2697,21,5395
2671,2647,2659,24,5318
2389,2639,2514,-250,5028
2721,2721,2721,0,5442
2515,2589,2552,-74,5104
2699,2714,2706,-15,5413
2657,2622,2639,35,5279
2671,2554,2612,117,5225
2412,2600,2506,-188,5012
2719,2789,2754,-70,5508
2700,2679,2689,21,5379
2654,2577,2615,77,5231
2594,2537,2565,57,5131
2474,2554,2514,-80,5028
2620,2655,2637,-35,5275
2618,2538,2578,80,5156
2487,2734,2610,-247,5221
2638,2498,2568,140,5136
2583,2439,2511,144,5022
2602,2564,2583,38,5166
2547,2638,2592,-91,5185
2637,2376,2506,261,5013
2475,2637,2556,-162,5112
2548,2467,2507,81,5015
2708,2608,2658,100,5316
2523,2578,2550,-55,5101
2690,2694,2692,-4,5384
2654,2555,2604,99,5209
2529,2651,2590,-122,5180
2642,2687,2664,-45,5329
2621,2401,2511,220,5022
2650,2659,2654,-9,5309
2505,2629,2567,-124,5134
2567,2714,2640,-147,5281
2743,2651,2697,92,5394
2602,2574,2588,28,5176
2742,2446,2594,296,5188
2683,2416,2549,267,5099
2709,2784,2746,-75,5493
2688,2608,2648,80,5296
2383,2635,2509,-252,5018
2758,2764,2761,-6,5522
2555,2637,2596,-82,5192
2566,2526,2546,40,5092
2527,2704,2615,-177,5231
2492,2602,2547,-110,5094
2620,2442,2531,178,5062
2530,2666,2598,-136,5196
2558,2704,2631,-146,5262
2672,2665,2668,7,5337
2696,2673,2684,23,5369
2613,2513,2563,100,5126
2644,2717,2680,-73,5361
2645,2507,2576,138,5152
2543,2615,2579,-72,5158
2564,2477,2520,87,5041
2732,2736,2734,-4,5468
2786,2762,2774,24,5548
2596,2452,2524,144,5048
2529,2592,2560,-63,5121
2648,2428,2538,220,5076
2734,2454,2594,280,5188
2711,2406,2558,305,5117
2675,2468,2571,207,5143
2741,2775,2758,-34,5516
2512,2504,2508,8,5016
2550,2688,2619,-138,5238
2628,2792,2710,-164,5420
2523,2744,2633,-221,5267
2727,2705,2716,22,5432
2569,2684,2626,-115,5253
2468,2648,2558,-180,5116
2488,2576,2532,-88,5064
2717,2608,2662,109,5325
2527,2629,2578,-102,5156
2667,2687,2677,-20,5354
2610,2507,2558,103,5117
2615,2478,2546,137,5093
2713,2656,2684,57,5369
2471,2556,2513,-85,5027
2652,2816,2734,-164,5468
2526,2607,2566,-81,5133
2706,2575,2640,131,5281
2547,2475,2511,72,5022
2555,2508,2531,47,5063
2465,2786,2625,-321,5251
2763,2767,2765,-4,5530
2638,2478,2558,160,5116
2567,2507,2537,60,5074
2630,2516,2573,114,5146
2688,2727,2707,-39,5415
2700,2753,2726,-53,5453
2578,2562,2570,16,5140
2642,2581,2611,61,5223
2705,2727,2716,-22,5432
2570,2541,2555,29,5111
2616,2389,2502,227,5005
2667,2432,2549,235,5099
2400,2624,2512,-224,5024
2525,2568,2546,-43,5093
2557,2556,2556,1,5113
2457,2577,2517,-120,5034
2685,2438,2561,247,5123
2772,2648,2710,124,5420
2540,2566,2553,-26,5106
2639,2741,2690,-102,5380
2684,2602,2643,82,5286
2480,2621,2550,-141,5101
2547,2455,2501,92,5002
2590,2422,2506,168,5012
2721,2731,2726,-10,5452
2557,2538,2547,19,5095
2527,2560,2543,-33,5087
2635,2419,2527,216,5054
2775,2551,2663,224,5326
2785,2589,2687,196,5374
2757,2780,2768,-23,5537
2395,2609,2502,-214,5004
2697,2565,2631,132,5262
2620,2567,2593,53,5187
2533,2603,2568,-70,5136
2623,2630,2626,-7,5253
2649,2529,2589,120,5178
2605,2752,2678,-147,5357
2444,2559,2501,-115,5003
2520,2631,2575,-111,5151
2578,2607,2592,-29,5185
2642,2646,2644,-4,5288
2508,2554,2531,-46,5062
2593,2447,2520,146,5040
2723,2622,2672,101,5345
2656,2368,2512,288,5024
2467,2557,2512,-90,5024
2580,2457,2518,123,5037
2542,2486,2514,56,5028
2545,2556,2550,-11,5101
2437,2681,2559,-244,5118
2516,2625,2570,-109,5141
2526,2514,2520,12,5040
2743,2621,2682,122,5364
2395,2622,2508,-227,5017
2612,2608,2610,4,5220
2580,2468,2524,112,5048
2662,2549,2605,113,5211
2588,2626,2607,-38,5214
2541,2631,2586,-90,5172
2684,2473,2578,211,5157
2459,2643,2551,-184,5102
2653,2622,2637,31,5275
2455,2608,2531,-153,5063
2693,2428,2560,265,5121
2543,2482,2512,61,5025
2559,2518,2538,41,5077
2639,2431,2535,208,5070
2638,2678,2658,-40,5316
2496,2546,2521,-50,5042
2573,2509,2541,64,5082
2663,2554,2608,109,5217
2591,2475,2533,116,5066
2482,2616,2549,-134,5098
2526,2582,2554,-56,5108
2572,2449,2510,123,5021
2683,2445,2564,238,5128
2707,2494,2600,213,5201
2501,2666,2583,-165,5167
2616,2531,2573,85,5147
2668,2585,2626,83,5253
2559,2650,2604,-91,5209
2506,2656,2581,-150,5162
2547,2669,2608,-122,5216
2691,2552,2621,139,5243
2617,2442,2529,175,5059
2541,2615,2578,-74,5156
2488,2562,2525,-74,5050
2622,2414,2518,208,5036
2546,2644,2595,-98,5190
2772,2709,2740,63,5481
2497,2668,2582,-171,5165
2586,2591,2588,-5,5177
2632,2588,2610,44,5220
2610,2544,2577,66,5154
2579,2734,2656,-155,5313
2417,2589,2503,-172,5006
2471,2584,2527,-113,5055
2569,2539,2554,30,5108
2680,2752,2716,-72,5432
2436,2670,2553,-234,5106
2415,2587,2501,-172,5002
2653,2477,2565,176,5130
2634,2455,2544,179,5089
2674,2510,2592,164,5184
2514,2544,2529,-30,5058
2645,2468,2556,177,5113
2726,2749,2737,-23,5475
2593,2420,2506,173,5013
2593,2486,2539,107,5079
2615,2502,2558,113,5117
2672,2678,2675,-6,5350
2546,2613,2579,-67,5159
2489,2706,2597,-217,5195
2277,2730,2503,-453,5007
2631,2408,2519,223,5039
2655,2547,2601,108,5202
2385,2705,2545,-320,5090
2709,2480,2594,229,5189
2680,2623,2651,57,5303
2509,2566,2537,-57,5075
2628,2427,2527,201,5055
2490,2604,2547,-114,5094
2792,2881,2836,-89,5673
2636,2398,2517,238,5034
2611,2417,2514,194,5028
2392,2690,2541,-298,5082
2487,2596,2541,-109,5083
2620,2438,2529,182,5058
2628,2503,2565,125,5131
2628,2771,2699,-143,5399
2555,2487,2521,68,5042
2643,2504,2573,139,5147
2666,2711,2688,-45,5377
2506,2677,2591,-171,5183
2786,2539,2662,247,5325
2545,2490,2517,55,5035
2627,2515,2571,112,5142
2720,2700,2710,20,5420
2682,2357,2519,325,5039
2663,2732,2697,-69,5395
2542,2559,2550,-17,5101
2735,2783,2759,-48,5518
2486,2734,2610,-248,5220
2813,2775,2794,38,5588
2693,2730,2711,-37,5423
2614,2435,2524,179,5049
2597,2526,2561,71,5123
2556,2710,2633,-154,5266
2603,2411,2507,192,5014
2677,2549,2613,128,5226
2702,2572,2637,130,5274
2652,2402,2527,250,5054
2644,2511,2577,133,5155
2504,2558,2531,-54,5062
2552,2504,2528,48,5056
2493,2551,2522,-58,5044
2458,2578,2518,-120,5036
2554,2564,2559,-10,5118
2607,2477,2542,130,5084
2510,2633,2571,-123,5143
2552,2645,2598,-93,5197
2772,2660,2716,112,5432
2692,2438,2565,254,5130
2681,2512,2596,169,5193
2667,2662,2664,5,5329
2642,2559,2600,83,5201
2612,2463,2537,149,5075
2651,2482,2566,169,5133
2531,2585,2558,-54,5116
2593,2431,2512,162,5024
2630,2651,2640,-21,5281
2731,2784,2757,-53,5515
2689,2726,2707,-37,5415
2466,2678,2572,-212,5144
2646,2474,2560,172,5120
2743,2482,2612,261,5225
2693,2617,2655,76,5310
2713,2658,2685,55,5371
2585,2506,2545,79,5091
2724,2762,2743,-38,5486
2571,2481,2526,90,5052
2599,2462,2530,137,5061
2537,2532,2534,5,5069
2547,2535,2541,12,5082
2602,2583,2592,19,5185
2697,2568,2632,129,5265
2564,2458,2511,106,5022
2597,2546,2571,51,5143
2570,2433,2501,137,5003
2525,2556,2540,-31,5081
2560,2500,2530,60,5060
2485,2556,2520,-71,5041
2631,2713,2672,-82,5344
2534,2647,2590,-113,5181
2449,2606,2527,-157,5055
2603,2471,2537,132,5074
2517,2711,2614,-194,5228
2736,2421,2578,315,5157
2522,2677,2599,-155,5199
2553,2704,2628,-151,5257
2442,2564,2503,-122,5006
2470,2548,2509,-78,5018
2617,2537,2577,80,5154
2574,2650,2612,-76,5224
2519,2582,2550,-63,5101
2661,2562,2611,99,5223
2565,2437,2501,128,5002
2656,2571,2613,85,5227
2532,2553,2542,-21,5085
2652,2528,2590,124,5180
2792,2659,2725,133,5451
2473,2554,2513,-81,5027
2512,2740,2626,-228,5252
2580,2769,2674,-189,5349
2677,2663,2670,14,5340
2753,2732,2742,21,5485
2631,2657,2644,-26,5288
2594,2541,2567,53,5135
2535,2532,2533,3,5067
2712,2682,2697,30,5394
2397,2671,2534,-274,5068
2594,2451,2522,143,5045
2710,2718,2714,-8,5428
2398,2606,2502,-208,5004
2478,2597,2537,-119,5075
2547,2542,2544,5,5089
2444,2572,2508,-128,5016
2659,2548,2603,111,5207
2698,2629,2663,69,5327
2613,2420,2516,193,5033
2491,2565,2528,-74,5056
2476,2662,2569,-186,5138
2405,2680,2542,-275,5085
2543,2619,2581,-76,5162
2601,2415,2508,186,5016
2552,2513,2532,39,5065
2606,2453,2529,153,5059
2529,2476,2502,53,5005
2653,2720,2686,-67,5373
2754,2731,2742,23,5485
2712,2694,2703,18,5406
2551,2577,2564,-26,5128
2368,2652,2510,-284,5020
2653,2560,2606,93,5213
2436,2572,2504,-136,5008
2568,2445,2506,123,5013
2546,2561,2553,-15,5107
2493,2712,2602,-219,5205
2660,2733,2696,-73,5393
2694,2511,2602,183,5205
2541,2471,2506,70,5012
2710,2567,2638,143,5277
2484,2554,2519,-70,5038
2721,2731,2726,-10,5452
2593,2532,2562,61,5125
2425,2650,2537,-225,5075
2594,2442,2518,152,5036
2616,2446,2531,170,5062
2567,2595,2581,-28,5162
2396,2667,2531,-271,5063
2332,2679,2505,-347,5011
2640,2576,2608,64,5216
2757,2810,2783,-53,5567
2596,2448,2522,148,5044
2676,2518,2597,158,5194
2708,2737,2722,-29,5445
2642,2700,2671,-58,5342
2540,2516,2528,24,5056
2505,2613,2559,-108,5118
2660,2609,2634,51,5269
2417,2640,2528,-223,5057
2481,2551,2516,-70,5032
2585,2485,2535,100,5070
2772,2713,2742,59,5485
2446,2631,2538,-185,5077
2566,2464,2515,102,5030
2757,2754,2755,3,5511
2431,2673,2552,-242,5104
2815,2748,2781,67,5563
2681,2397,2539,284,5078
2658,2680,2669,-22,5338
2813,2868,2840,-55,5681
2708,2785,2746,-77,5493
2505,2667,2586,-162,5172
2710,2651,2680,59,5361
2659,2417,2538,242,5076
2529,2628,2578,-99,5157
2534,2617,2575,-83,5151
2527,2485,2506,42,5012
2406,2597,2501,-191,5003
2556,2523,2539,33,5079
2779,2719,2749,60,5498
2492,2641,2566,-149,5133
2511,2587,2549,-76,5098
2553,2562,2557,-9,5115
2488,2533,2510,-45,5021
2595,2628,2611,-33,5223
2438,2636,2537,-198,5074
2594,2506,2550,88,5100
2475,2571,2523,-96,5046
2604,2588,2596,16,5192
2460,2605,2532,-145,5065
2782,2708,2745,74,5490
2490,2538,2514,-48,5028
2727,2709,2718,18,5436
2639,2551,2595,88,5190
2760,2713,2736,47,5473
2657,2695,2676,-38,5352
2472,2598,2535,-126,5070
2538,2582,2560,-44,5120
2521,2664,2592,-143,5185
2438,2622,2530,-184,5060
2519,2490,2504,29,5009
2575,2503,2539,72,5078
2470,2635,2552,-165,5105
2599,2437,2518,162,5036
2548,2652,2600,-104,5200
2634,2408,2521,226,5042
2747,2786,2766,-39,5533
2643,2398,2520,245,5041
2545,2734,2639,-189,5279
2341,2662,2501,-321,5003
2516,2521,2518,-5,5037
2539,2596,2567,-57,5135
2436,2650,2543,-214,5086
2460,2594,2527,-134,5054
2730,2717,2723,13,5447
2619,2638,2628,-19,5257
2473,2578,2525,-105,5051
2697,2676,2686,21,5373
2647,2549,2598,98,5196
2393,2641,2517,-248,5034
2572,2557,2564,15,5129
2441,2593,2517,-152,5034
2757,2721,2739,36,5478
2622,2682,2652,-60,5304
2612,2499,2555,113,5111
2623,2524,2573,99,5147
2549,2528,2538,21,5077
2586,2672,2629,-86,5258
2567,2546,2556,21,5113
2553,2524,2538,29,5077
2618,2433,2525,185,5051
2654,2682,2668,-28,5336
2652,2726,2689,-74,5378
2688,2441,2564,247,5129
2645,2446,2545,199,5091
2753,2679,2716,74,5432
2558,2591,2574,-33,5149
2580,2707,2643,-127,5287
2654,2366,2510,288,5020
2406,2641,2523,-235,5047
2681,2764,2722,-83,5445
2507,2714,2610,-207,5221
2591,2619,2605,-28,5210
2752,2792,2772,-40,5544
2620,2499,2559,121,5119
2557,2705,2631,-148,5262
2672,2660,2666,12,5332
2483,2710,2596,-227,5193
2561,2506,2533,55,5067
2530,2550,2540,-20,5080
2548,2541,2544,7,5089
2659,2743,2701,-84,5402
2621,2586,2603,35,5207
2739,2561,2650,178,5300
2485,2564,2524,-79,5049
2596,2532,2564,64,5128
2584,2710,2647,-126,5294
2711,2393,2552,318,5104
2628,2639,2633,-11,5267
2527,2632,2579,-105,5159
2624,2563,2593,61,5187
2589,2711,2650,-122,5300
2742,2581,2661,161,5323
2450,2688,2569,-238,5138
2686,2556,2621,130,5242
2606,2439,2522,167,5045
2565,2518,2541,47,5083
2577,2596,2586,-19,5173
2758,2830,2794,-72,5588
2585,2470,2527,115,5055
2683,2531,2607,152,5214
2600,2558,2579,42,5158
2671,2343,2507,328,5014
2477,2570,2523,-93,5047
2633,2474,2553,159,5107
2707,2645,2676,62,5352
2636,2437,2536,199,5073
2672,2586,2629,86,5258
2447,2677,2562,-230,5124
2497,2653,2575,-156,5150
2554,2625,2589,-71,5179
2680,2493,2586,187,5173
2629,2456,2542,173,5085
2629,2566,2597,63,5195
2564,2449,2506,115,5013
2562,2485,2523,77,5047
2551,2478,2514,73,5029
2634,2698,2666,-64,5332
2490,2521,2505,-31,5011
2641,2627,2634,14,5268
2639,2495,2567,144,5134
2655,2467,2561,188,5122
2621,2742,2681,-121,5363
2570,2625,2597,-55,5195
2783,2772,2777,11,5555
2628,2783,2705,-155,5411
2626,2618,2622,8,5244
2578,2427,2502,151,5005
2554,2584,2569,-30,5138
2554,2542,2548,12,5096
2588,2501,2544,87,5089
2631,2647,2639,-16,5278
2484,2549,2516,-65,5033
2375,2678,2526,-303,5053
2760,2549,2654,211,5309
2580,2563,2571,17,5143
2650,2578,2614,72,5228
2809,2757,2783,52,5566
2523,2605,2564,-82,5128
2667,2509,2588,158,5176
2597,2407,2502,190,5004
2638,2484,2561,154,5122
2410,2683,2546,-273,5093
2671,2516,2593,155,5187
2740,2678,2709,62,5418
2600,2425,2512,175,5025
2607,2455,2531,152,5062
2553,2586,2569,-33,5139
2635,2444,2539,191,5079
2473,2549,2511,-76,5022
2524,2484,2504,40,5008
2744,2263,2503,481,5007
2524,2631,2577,-107,5155
2734,2631,2682,103,5365
2613,2671,2642,-58,5284
2633,2456,2544,177,5089
2494,2597,2545,-103,5091
2649,2570,2609,79,5219
2628,2791,2709,-163,5419
2723,2637,2680,86,5360
2600,2538,2569,62,5138
2455,2611,2533,-156,5066
2472,2611,2541,-139,5083
2399,2608,2503,-209,5007
2599,2709,2654,-110,5308
2760,2762,2761,-2,5522
2618,2433,2525,185,5051
2564,2674,2619,-110,5238
2549,2633,2591,-84,5182
2688,2623,2655,65,5311
2437,2620,2528,-183,5057
2468,2603,2535,-135,5071
2664,2737,2700,-73,5401
2672,2638,2655,34,5310
2805,2740,2772,65,5545
2661,2627,2644,34,5288
2557,2514,2535,43,5071
2610,2784,2697,-174,5394
2724,2689,2706,35,5413
2618,2709,2663,-91,5327
2572,2471,2521,101,5043
2608,2495,2551,113,5103
2618,2546,2582,72,5164
2633,2782,2707,-149,5415
2662,2633,2647,29,5295
2520,2685,2602,-165,5205
2631,2742,2686,-111,5373
2616,2416,2516,200,5032
2786,2598,2692,188,5384
2543,2465,2504,78,5008
2380,2707,2543,-327,5087
2654,2631,2642,23,5285
2660,2636,2648,24,5296
2557,2587,2572,-30,5144
2649,2592,2620,57,5241
2660,2562,2611,98,5222
2545,2497,2521,48,5042
2546,2617,2581,-71,5163
2478,2545,2511,-67,5023
2711,2557,2634,154,5268
2594,2408,2501,186,5002
2514,2568,2541,-54,5082
2586,2477,2531,109,5063
2779,2531,2655,248,5310
2528,2528,2528,0,5056
2611,2582,2596,29,5193
2479,2561,2520,-82,5040
2554,2456,2505,98,5010
2561,2479,2520,82,5040
2564,2647,2605,-83,5211
2558,2482,2520,76,5040
2665,2418,2541,247,5083
2515,2624,2569,-109,5139
2651,2554,2602,97,5205
2421,2675,2548,-254,5096
2626,2536,2581,90,5162
2583,2444,2513,139,5027
2553,2466,2509,87,5019
2548,2648,2598,-100,5196
2474,2626,2550,-152,5100
2593,2589,2591,4,5182
2498,2529,2513,-31,5027
2633,2480,2556,153,5113
2608,2602,2605,6,5210
2625,2455,2540,170,5080
2707,2587,2647,120,5294
2643,2554,2598,89,5197
2507,2671,2589,-164,5178
2498,2604,2551,-106,5102
2514,2607,2560,-93,5121
2594,2515,2554,79,5109
2723,2730,2726,-7,5453
2522,2602,2562,-80,5124
2776,2767,2771,9,5543
2741,2775,2758,-34,5516
2709,2563,2636,146,5272
2702,2670,2686,32,5372
2607,2483,2545,124,5090
2508,2547,2527,-39,5055
2691,2542,2616,149,5233
2688,2689,2688,-1,5377
2729,2390,2559,339,5119
2602,2589,2595,13,5191
2480,2526,2503,-46,5006
2709,2492,2600,217,5201
2590,2680,2635,-90,5270
2607,2701,2654,-94,5308
2475,2546,2510,-71,5021
2659,2700,2679,-41,5359
2786,2713,2749,73,5499
2485,2602,2543,-117,5087
2791,2753,2772,38,5544
2577,2613,2595,-36,5190
2511,2641,2576,-130,5152
2578,2517,2547,61,5095
2614,2650,2632,-36,5264
2581,2484,2532,97,5065
2461,2652,2556,-191,5113
2510,2680,2595,-170,5190
2704,2638,2671,66,5342
2531,2492,2511,39,5023
2757,2730,2743,27,5487
2713,2731,2722,-18,5444
2631,2644,2637,-13,5275
2705,2659,2682,46,5364
2535,2536,2535,-1,5071
2544,2458,2501,86,5002
2532,2737,2634,-205,5269
2548,2575,2561,-27,5123
2625,2446,2535,179,5071
2414,2644,2529,-230,5058
2407,2691,2549,-284,5098
2565,2526,2545,39,5091
2731,2785,2758,-54,5516
2512,2501,2506,11,5013
2676,2447,2561,229,5123
2702,2705,2703,-3,5407
2527,2660,2593,-133,5187
2638,2665,2651,-27,5303
2607,2496,2551,111,5103
2552,2454,2503,98,5006
2710,2459,2584,251,5169
2452,2607,2529,-155,5059
2693,2664,2678,29,5357
2686,2792,2739,-106,5478
2438,2570,2504,-132,5008
2653,2473,2563,180,5126
2656,2718,2687,-62,5374
2617,2518,2567,99,5135
2524,2503,2513,21,5027
2630,2513,2571,117,5143
2473,2601,2537,-128,5074
2710,2544,2627,166,5254
2478,2558,2518,-80,5036
2684,2632,2658,52,5316
2490,2580,2535,-90,5070
2347,2655,2501,-308,5002
2440,2707,2573,-267,5147
2651,2636,2643,15,5287
2691,2605,2648,86,5296
2489,2549,2519,-60,5038
2559,2680,2619,-121,5239
2594,2678,2636,-84,5272
2600,2539,2569,61,5139
2775,2695,2735,80,5470
2485,2627,2556,-142,5112
2626,2574,2600,52,5200
2427,2642,2534,-215,5069
2636,2668,2652,-32,5304
2549,2575,2562,-26,5124
2607,2590,2598,17,5197
2595,2460,2527,135,5055
2603,2591,2597,12,5194
2597,2666,2631,-69,5263
2540,2598,2569,-58,5138
2749,2769,2759,-20,5518
2602,2688,2645,-86,5290
2730,2753,2741,-23,5483
2517,2549,2533,-32,5066
2726,2613,2669,113,5339
2441,2567,2504,-126,5008
2661,2545,2603,116,5206
2564,2505,2534,59,5069
2538,2529,2533,9,5067
2618,2503,2560,115,5121
2549,2549,2549,0,5098
2490,2583,2536,-93,5073
2744,2712,2728,32,5456
2604,2717,2660,-113,5321
2559,2546,2552,13,5105
2499,2569,2534,-70,5068
2437,2620,2528,-183,5057
2455,2638,2546,-183,5093
2464,2618,2541,-154,5082
2486,2609,2547,-123,5095
2653,2613,2633,40,5266
2512,2740,2626,-228,5252
2723,2674,2698,49,5397
2632,2693,2662,-61,5325
2681,2556,2618,125,5237
2731,2753,2742,-22,5484
2639,2496,2567,143,5135
2592,2512,2552,80,5104
2593,2448,2520,145,5041
2703,2783,2743,-80,5486
2570,2544,2557,26,5114
2645,2620,2632,25,5265
2619,2430,2524,189,5049
2649,2522,2585,127,5171
2426,2614,2520,-188,5040
2464,2648,2556,-184,5112
2713,2730,2721,-17,5443
2695,2580,2637,115,5275
2566,2489,2527,77,5055
2674,2328,2501,346,5002
2429,2707,2568,-278,5136
2530,2667,2598,-137,5197
2536,2483,2509,53,5019
2690,2591,2640,99,5281
2468,2715,2591,-247,5183
2493,2586,2539,-93,5079
2531,2499,2515,32,5030
2716,2335,2525,381,5051
2700,2609,2654,91,5309
2355,2664,2509,-309,5019
2634,2624,2629,10,5258
2554,2603,2578,-49,5157
2714,2627,2670,87,5341
2471,2661,2566,-190,5132
2595,2598,2596,-3,5193
2655,2428,2541,227,5083
2815,2771,2793,44,5586
2550,2603,2576,-53,5153
2598,2581,2589,17,5179
2541,2500,2520,41,5041
2568,2534,2551,34,5102
2555,2472,2513,83,5027
2665,2637,2651,28,5302
2682,2611,2646,71,5293
2787,2644,2715,143,5431
2713,2614,2663,99,5327
2693,2612,2652,81,5305
2471,2788,2629,-317,5259
2498,2712,2605,-214,5210
2663,2602,2632,61,5265
2591,2649,2620,-58,5240
2419,2641,2530,-222,5060
2462,2586,2524,-124,5048
2566,2623,2594,-57,5189
2509,2501,2505,8,5010
2472,2544,2508,-72,5016
2469,2685,2577,-216,5154
2569,2590,2579,-21,5159
2560,2555,2557,5,5115
2566,2482,2524,84,5048
2758,2724,2741,34,5482
2552,2489,2520,63,5041
2592,2617,2604,-25,5209
2668,2747,2707,-79,5415
2678,2702,2690,-24,5380
2653,2723,2688,-70,5376
2733,2465,2599,268,5198
2599,2540,2569,59,5139
2514,2627,2570,-113,5141
2460,2595,2527,-135,5055
2582,2614,2598,-32,5196
2731,2731,2731,0,5462
2607,2753,2680,-146,5360
2569,2441,2505,128,5010
2713,2717,2715,-4,5430
2777,2616,2696,161,5393
2610,2542,2576,68,5152
2514,2514,2514,0,5028
2491,2528,2509,-37,5019
2615,2701,2658,-86,5316
2837,2738,2787,99,5575
2496,2535,2515,-39,5031
2588,2505,2546,83,5093
2666,2595,2630,71,5261
2679,2490,2584,189,5169
2518,2529,2523,-11,5047
2661,2505,2583,156,5166
2596,2569,2582,27,5165
2493,2517,2505,-24,5010
2611,2521,2566,90,5132
2622,2549,2585,73,5171
2540,2669,2604,-129,5209
2426,2697,2561,-271,5123
2532,2482,2507,50,5014
2705,2618,2661,87,5323
2544,2469,2506,75,5013
2596,2501,2548,95,5097
2664,2631,2647,33,5295
2384,2683,2533,-299,5067
2637,2538,2587,99,5175
2510,2552,2531,-42,5062
2551,2517,2534,34,5068
2570,2556,2563,14,5126
2678,2693,2685,-15,5371
2472,2582,2527,-110,5054
2661,2576,2618,85,5237
2586,2713,2649,-127,5299
2506,2600,2553,-94,5106
2511,2616,2563,-105,5127
2641,2503,2572,138,5144
2489,2714,2601,-225,5203
2464,2563,2513,-99,5027
2562,2497,2529,65,5059
2785,2736,2760,49,5521
2535,2485,2510,50,5020
2628,2595,2611,33,5223
2474,2621,2547,-147,5095
2631,2637,2634,-6,5268
2673,2541,2607,132,5214
2626,2621,2623,5,5247
2575,2634,2604,-59,5209
2567,2503,2535,64,5070
2592,2662,2627,-70,5254
2686,2562,2624,124,5248
2567,2577,2572,-10,5144
2577,2452,2514,125,5029
2651,2673,2662,-22,5324
2465,2684,2574,-219,5149
2512,2569,2540,-57,5081
2381,2621,2501,-240,5002
2639,2578,2608,61,5217
2618,2574,2596,44,5192
2619,2456,2537,163,5075
2518,2627,2572,-109,5145
2672,2658,2665,14,5330
2598,2620,2609,-22,5218
2427,2583,2505,-156,5010
2563,2683,2623,-120,5246
2718,2494,2606,224,5212
2769,2698,2733,71,5467
2554,2556,2555,-2,5110
2718,2581,2649,137,5299
2502,2563,2532,-61,5065
2589,2458,2523,131,5047
2587,2462,2524,125,5049
2490,2624,2557,-134,5114
2638,2518,2578,120,5156
2711,2658,2684,53,5369
2403,2611,2507,-208,5014
2551,2472,2511,79,5023
2674,2572,2623,102,5246
2732,2769,2750,-37,5501
2666,2628,2647,38,5294
2622,2534,2578,88,5156
2575,2473,2524,102,5048
2397,2616,2506,-219,5013
2567,2507,2537,60,5074
2379,2635,2507,-256,5014
2681,2499,2590,182,5180
2483,2609,2546,-126,5092
2721,2500,2610,221,5221
2684,2366,2525,318,5050
2383,2710,2546,-327,5093
2602,2539,2570,63,5141
2622,2665,2643,-43,5287
2542,2632,2587,-90,5174
2472,2627,2549,-155,5099
2730,2791,2760,-61,5521
2741,2647,2694,94,5388
2595,2418,2506,177,5013
2504,2710,2607,-206,5214
2709,2581,2645,128,5290
2543,2556,2549,-13,5099
2571,2702,2636,-131,5273
2511,2550,2530,-39,5061
2524,2501,2512,23,5025
2478,2640,2559,-162,5118
2538,2660,2599,-122,5198
2657,2717,2687,-60,5374
2596,2445,2520,151,5041
2479,2712,2595,-233,5191
2649,2438,2543,211,5087
2614,2423,2518,191,5037
2467,2660,2563,-193,5127
2655,2549,2602,106,5204
2377,2642,2509,-265,5019
2538,2547,2542,-9,5085
2709,2830,2769,-121,5539
2620,2713,2666,-93,5333
2425,2603,2514,-178,5028
2506,2590,2548,-84,5096
2527,2601,2564,-74,5128
2518,2638,2578,-120,5156
2530,2551,2540,-21,5081
2560,2609,2584,-49,5169
2689,2531,2610,158,5220
2584,2566,2575,18,5150
2625,2562,2593,63,5187
2601,2460,2530,141,5061
2482,2623,2552,-141,5105
2554,2592,2573,-38,5146
2600,2442,2521,158,5042
2472,2605,2538,-133,5077
2538,2646,2592,-108,5184
2693,2749,2721,-56,5442
2676,2471,2573,205,5147
2419,2669,2544,-250,5088
2561,2709,2635,-148,5270
2738,2749,2743,-11,5487
2479,2633,2556,-154,5112
2708,2524,2616,184,5232
2741,2742,2741,-1,5483
2454,2595,2524,-141,5049
2747,2683,2715,64,5430
2671,2437,2554,234,5108
2628,2579,2603,49,5207
2621,2587,2604,34,5208
2501,2560,2530,-59,5061
2646,2443,2544,203,5089
2635,2672,2653,-37,5307
2713,2675,2694,38,5388
2571,2474,2522,97,5045
2626,2545,2585,81,5171
2640,2567,2603,73,5207
2607,2527,2567,80,5134
2713,2782,2747,-69,5495
2386,2682,2534,-296,5068
2604,2611,2607,-7,5215
2741,2758,2749,-17,5499
2627,2504,2565,123,5131
2548,2557,2552,-9,5105
2636,2441,2538,195,5077
2502,2521,2511,-19,5023
2532,2569,2550,-37,5101
2709,2536,2622,173,5245
2543,2496,2519,47,5039
2531,2507,2519,24,5038
2518,2634,2576,-116,5152
2637,2713,2675,-76,5350
2602,2741,2671,-139,5343
2757,2787,2772,-30,5544
2632,2484,2558,148,5116
2365,2644,2504,-279,5009
2575,2700,2637,-125,5275
2602,2486,2544,116,5088
2484,2594,2539,-110,5078
2565,2546,2555,19,5111
2523,2516,2519,7,5039
2479,2634,2556,-155,5113
2630,2616,2623,14,5246
2464,2698,2581,-234,5162
2632,2588,2610,44,5220
2473,2554,2513,-81,5027
2543,2527,2535,16,5070
2584,2574,2579,10,5158
2595,2562,2578,33,5157
2428,2584,2506,-156,5012
2574,2648,2611,-74,5222
2557,2629,2593,-72,5186
2727,2772,2749,-45,5499
2524,2628,2576,-104,5152
2514,2602,2558,-88,5116
2523,2644,2583,-121,5167
2654,2445,2549,209,5099
2512,2570,2541,-58,5082
2522,2600,2561,-78,5122
2559,2524,2541,35,5083
2417,2655,2536,-238,5072
2777,2650,2713,127,5427
2686,2546,2616,140,5232
2659,2679,2669,-20,5338
2741,2862,2801,-121,5603
2548,2501,2524,47,5049
2549,2606,2577,-57,5155
2564,2500,2532,64,5064
2520,2498,2509,22,5018
2616,2472,2544,144,5088
2442,2601,2521,-159,5043
2561,2537,2549,24,5098
2463,2713,2588,-250,5176
2668,2578,2623,90,5246
2547,2626,2586,-79,5173
2653,2707,2680,-54,5360
2646,2543,2594,103,5189
2422,2583,2502,-161,5005
2708,2482,2595,226,5190
2793,2767,2780,26,5560
2467,2561,2514,-94,5028
2700,2485,2592,215,5185
2746,2500,2623,246,5246
2645,2622,2633,23,5267
2433,2638,2535,-205,5071
2449,2578,2513,-129,5027
2617,2530,2573,87,5147
2737,2747,2742,-10,5484
2736,2773,2754,-37,5509
2611,2394,2502,217,5005
2521,2629,2575,-108,5150
2622,2498,2560,124,5120
2480,2538,2509,-58,5018
2556,2457,2506,99,5013
2544,2458,2501,86,5002
2442,2650,2546,-208,5092
2475,2616,2545,-141,5091
2506,2681,2593,-175,5187
2593,2528,2560,65,5121
2536,2494,2515,42,5030
2696,2412,2554,284,5108
2617,2463,2540,154,5080
2647,2570,2608,77,5217
2727,2378,2552,349,5105
2526,2558,2542,-32,5084
2678,2721,2699,-43,5399
2603,2651,2627,-48,5254
2661,2505,2583,156,5166
2711,2775,2743,-64,5486
2506,2575,2540,-69,5081
2582,2504,2543,78,5086
2577,2549,2563,28,5126
2577,2479,2528,98,5056
2687,2430,2558,257,5117
2609,2696,2652,-87,5305
2473,2629,2551,-156,5102
2625,2520,2572,105,5145
2616,2446,2531,170,5062
2638,2410,2524,228,5048
2631,2674,2652,-43,5305
2639,2598,2618,41,5237
2769,2687,2728,82,5456
2616,2533,2574,83,5149
2719,2564,2641,155,5283
2662,2651,2656,11,5313
2532,2565,2548,-33,5097
2565,2460,2512,105,5025
2720,2764,2742,-44,5484
2488,2577,2532,-89,5065
2651,2372,2511,279,5023
2584,2535,2559,49,5119
2579,2710,2644,-131,5289
2504,2642,2573,-138,5146
2493,2569,2531,-76,5062
2554,2564,2559,-10,5118
2646,2389,2517,257,5035
2801,2330,2565,471,5131
2373,2630,2501,-257,5003
2590,2646,2618,-56,5236
2463,2544,2503,-81,5007
2492,2549,2520,-57,5041
2483,2618,2550,-135,5101
2702,2646,2674,56,5348
2598,2462,2530,136,5060
2555,2464,2509,91,5019
2630,2424,2527,206,5054
2558,2530,2544,28,5088
2482,2536,2509,-54,5018
2634,2558,2596,76,5192
2651,2488,2569,163,5139
2607,2660,2633,-53,5267
2638,2616,2627,22,5254
2609,2634,2621,-25,5243
2618,2406,2512,212,5024
2704,2572,2638,132,5276
2638,2682,2660,-44,5320
2652,2420,2536,232,5072
2643,2678,2660,-35,5321
2620,2488,2554,132,5108
2587,2444,2515,143,5031
2785,2338,2561,447,5123
2500,2578,2539,-78,5078
2545,2495,2520,50,5040
2436,2569,2502,-133,5005
2580,2470,2525,110,5050
2345,2659,2502,-314,5004
2514,2520,2517,-6,5034
2474,2577,2525,-103,5051
2740,2579,2659,161,5319
2641,2734,2687,-93,5375
2677,2745,2711,-68,5422
2659,2712,2685,-53,5371
2730,2679,2704,51,5409
2549,2472,2510,77,5021
2634,2557,2595,77,5191
2559,2447,2503,112,5006
2643,2447,2545,196,5090
2771,2632,2701,139,5403
2654,2640,2647,14,5294
2479,2549,2514,-70,5028
2378,2636,2507,-258,5014
2515,2638,2576,-123,5153
2623,2785,2704,-162,5408
2643,2496,2569,147,5139
2560,2464,2512,96,5024
2713,2658,2685,55,5371
2650,2692,2671,-42,5342
2719,2365,2542,354,5084
2511,2662,2586,-151,5173
2619,2561,2590,58,5180
2617,2386,2501,231,5003
2489,2558,2523,-69,5047
2480,2598,2539,-118,5078
2530,2663,2596,-133,5193
2596,2490,2543,106,5086
2548,2738,2643,-190,5286
2747,2702,2724,45,5449
2643,2494,2568,149,5137
2600,2720,2660,-120,5320
2693,2458,2575,235,5151
2616,2493,2554,123,5109
2693,2769,2731,-76,5462
2502,2573,2537,-71,5075
2717,2549,2633,168,5266
2559,2486,2522,73,5045
2616,2518,2567,98,5134
2463,2558,2510,-95,5021
2647,2531,2589,116,5178
2508,2534,2521,-26,5042
2587,2686,2636,-99,5273
2567,2602,2584,-35,5169
2593,2579,2586,14,5172
2676,2534,2605,142,5210
2584,2458,2521,126,5042
2469,2575,2522,-106,5044
2570,2527,2548,43,5097
2507,2513,2510,-6,5020
2543,2491,2517,52,5034
2468,2549,2508,-81,5017
2656,2584,2620,72,5240
2587,2529,2558,58,5116
2609,2505,2557,104,5114
2609,2536,2572,73,5145
2698,2750,2724,-52,5448
2545,2462,2503,83,5007
2643,2474,2558,169,5117
2803,2703,2753,100,5506
2572,2441,2506,131,5013
2520,2602,2561,-82,5122
2710,2696,2703,14,5406
2525,2508,2516,17,5033
2471,2547,2509,-76,5018
2659,2631,2645,28,5290
2722,2289,2505,433,5011
2481,2614,2547,-133,5095
2683,2691,2687,-8,5374
2621,2654,2637,-33,5275
2663,2381,2522,282,5044
2651,2429,2540,222,5080
2686,2475,2580,211,5161
2440,2616,2528,-176,5056
2438,2592,2515,-154,5030
2458,2614,2536,-156,5072
2404,2722,2563,-318,5126
2700,2647,2673,53,5347
2522,2634,2578,-112,5156
2577,2521,2549,56,5098
2502,2535,2518,-33,5037
2437,2586,2511,-149,5023
2485,2617,2551,-132,5102
2531,2658,2594,-127,5189
2521,2523,2522,-2,5044
2536,2491,2513,45,5027
2492,2567,2529,-75,5059
2489,2585,2537,-96,5074
2435,2574,2504,-139,5009
2609,2655,2632,-46,5264
2639,2532,2585,107,5171
2655,2705,2680,-50,5360
2864,2713,2788,151,5577
2676,2612,2644,64,5288
2538,2637,2587,-99,5175
2577,2613,2595,-36,5190
2568,2574,2571,-6,5142
2623,2482,2552,141,5105
2635,2378,2506,257,5013
2506,2619,2562,-113,5125
2563,2550,2556,13,5113
2485,2567,2526,-82,5052
2486,2538,2512,-52,5024
2506,2625,2565,-119,5131
2731,2622,2676,109,5353
2619,2594,2606,25,5213
2730,2641,2685,89,5371
2712,2637,2674,75,5349
2618,2526,2572,92,5144
2540,2635,2587,-95,5175
2660,2360,2510,300,5020
2476,2604,2540,-128,5080
2423,2672,2547,-249,5095
2705,2628,2666,77,5333
2621,2688,2654,-67,5309
2703,2739,2721,-36,5442
2602,2459,2530,143,5061
2590,2468,2529,122,5058
2459,2552,2505,-93,5011
2605,2428,2516,177,5033
2534,2674,2604,-140,5208
2564,2553,2558,11,5117
2585,2655,2620,-70,5240
2490,2573,2531,-83,5063
2569,2758,2663,-189,5327
2621,2514,2567,107,5135
2380,2734,2557,-354,5114
2551,2528,2539,23,5079
2654,2482,2568,172,5136
2708,2470,2589,238,5178
2577,2505,2541,72,5082
2686,2340,2513,346,5026
2516,2651,2583,-135,5167
2614,2717,2665,-103,5331
2462,2547,2504,-85,5009
2636,2738,2687,-102,5374
2436,2583,2509,-147,5019
2486,2527,2506,-41,5013
2607,2551,2579,56,5158
2478,2628,2553,-150,5106
2650,2569,2609,81,5219
2742,2659,2700,83,5401
2445,2612,2528,-167,5057
2513,2573,2543,-60,5086
2615,2414,2514,201,5029
2616,2722,2669,-106,5338
2660,2572,2616,88,5232
2382,2638,2510,-256,5020
2697,2518,2607,179,5215
2520,2493,2506,27,5013
2696,2573,2634,123,5269
2700,2653,2676,47,5353
2592,2421,2506,171,5013
2511,2567,2539,-56,5078
2639,2734,2686,-95,5373
2730,2783,2756,-53,5513
2500,2626,2563,-126,5126
2540,2479,2509,61,5019
2559,2546,2552,13,5105
2582,2655,2618,-73,5237
2675,2619,2647,56,5294
2623,2496,2559,127,5119
2537,2705,2621,-168,5242
2468,2549,2508,-81,5017
2678,2689,2683,-11,5367
2802,2720,2761,82,5522
2512,2553,2532,-41,5065
2580,2635,2607,-55,5215
2541,2552,2546,-11,5093
2626,2635,2630,-9,5261
2788,2770,2779,18,5558
2752,2661,2706,91,5413
2505,2499,2502,6,5004
2689,2591,2640,98,5280
2545,2560,2552,-15,5105
2612,2424,2518,188,5036
2683,2599,2641,84,5282
2440,2592,2516,-152,5032
2484,2551,2517,-67,5035
2761,2872,2816,-111,5633
2463,2580,2521,-117,5043
2438,2567,2502,-129,5005
2661,2417,2539,244,5078
2461,2667,2564,-206,5128
2699,2714,2706,-15,5413
2446,2591,2518,-145,5037
2456,2587,2521,-131,5043
2653,2501,2577,152,5154
2590,2574,2582,16,5164
2556,2505,2530,51,5061
2613,2514,2563,99,5127
2716,2605,2660,111,5321
2644,2489,2566,155,5133
2631,2416,2523,215,5047
2477,2589,2533,-112,5066
2563,2590,2576,-27,5153
2675,2693,2684,-18,5368
2584,2693,2638,-109,5277
2597,2593,2595,4,5190
2695,2570,2632,125,5265
2493,2582,2537,-89,5075
2480,2597,2538,-117,5077
2573,2447,2510,126,5020
2590,2568,2579,22,5158
2663,2437,2550,226,5100
2625,2454,2539,171,5079
2438,2591,2514,-153,5029
2718,2610,2664,108,5328
2757,2872,2814,-115,5629
2662,2591,2626,71,5253
2460,2584,2522,-124,5044
2502,2599,2550,-97,5101
2506,2588,2547,-82,5094
2598,2495,2546,103,5093
2625,2472,2548,153,5097
2531,2547,2539,-16,5078
2492,2667,2579,-175,5159
2447,2556,2501,-109,5003
2445,2574,2509,-129,5019
2615,2599,2607,16,5214
2635,2464,2549,171,5099
2751,2676,2713,75,5427
2653,2547,2600,106,5200
2813,2487,2650,326,5300
2658,2471,2564,187,5129
2601,2482,2541,119,5083
2581,2631,2606,-50,5212
2471,2663,2567,-192,5134
2711,2816,2763,-105,5527
2527,2622,2574,-95,5149
2641,2591,2616,50,5232
2507,2555,2531,-48,5062
2580,2454,2517,126,5034
2741,2565,2653,176,5306
2554,2625,2589,-71,5179
2556,2457,2506,99,5013
2642,2501,2571,141,5143
2599,2712,2655,-113,5311
2509,2546,2527,-37,5055
2515,2502,2508,13,5017
2713,2711,2712,2,5424
2632,2586,2609,46,5218
2715,2707,2711,8,5422
2408,2626,2517,-218,5034
2482,2539,2510,-57,5021
2530,2537,2533,-7,5067
2602,2416,2509,186,5018
2518,2558,2538,-40,5076
2412,2652,2532,-240,5064
2590,2500,2545,90,5090
2514,2544,2529,-30,5058
2546,2881,2713,-335,5427
2628,2593,2610,35,5221
2567,2447,2507,120,5014
2547,2691,2619,-144,5238
2582,2554,2568,28,5136
2688,2530,2609,158,5218
2651,2577,2614,74,5228
2404,2644,2524,-240,5048
2549,2574,2561,-25,5123
2565,2534,2549,31,5099
2487,2595,2541,-108,5082
2659,2469,2564,190,5128
2631,2529,2580,102,5160
2556,2630,2593,-74,5186
2645,2402,2523,243,5047
2481,2653,2567,-172,5134
2760,2713,2736,47,5473
2645,2492,2568,153,5137
2628,2772,2700,-144,5400
2671,2779,2725,-108,5450
2505,2666,2585,-161,5171
2617,2492,2554,125,5109
2579,2535,2557,44,5114
2702,2321,2511,381,5023
2737,2773,2755,-36,5510
2545,2589,2567,-44,5134
2691,2706,2698,-15,5397
2678,2582,2630,96,5260
2483,2599,2541,-116,5082
2672,2666,2669,6,5338
2665,2560,2612,105,5225
2638,2734,2686,-96,5372
2548,2568,2558,-20,5116
2414,2606,2510,-192,5020
2489,2554,2521,-65,5043
2563,2544,2553,19,5107
2555,2550,2552,5,5105
2534,2480,2507,54,5014
2810,2740,2775,70,5550
2653,2531,2592,122,5184
2641,2535,2588,106,5176
2722,2725,2723,-3,5447
2636,2668,2652,-32,5304
2542,2639,2590,-97,5181
2502,2618,2560,-116,5120
2616,2664,2640,-48,5280
2679,2742,2710,-63,5421
2616,2418,2517,198,5034
2658,2563,2610,95,5221
2451,2602,2526,-151,5053
2447,2617,2532,-170,5064
2559,2560,2559,-1,5119
2699,2606,2652,93,5305
2559,2556,2557,3,5115
2664,2614,2639,50,5278
2613,2698,2655,-85,5311
2705,2511,2608,194,5216
2471,2557,2514,-86,5028
2554,2555,2554,-1,5109
2584,2630,2607,-46,5214
2431,2626,2528,-195,5057
2489,2543,2516,-54,5032
2570,2533,2551,37,5103
2678,2562,2620,116,5240
2598,2438,2518,160,5036
2413,2650,2531,-237,5063
2530,2524,2527,6,5054
2762,2711,2736,51,5473
2626,2571,2598,55,5197
2663,2501,2582,162,5164
2689,2648,2668,41,5337
2801,2706,2753,95,5507
2632,2542,2587,90,5174
2677,2459,2568,218,5136
2692,2426,2559,266,5118
2625,2380,2502,245,5005
2625,2484,2554,141,5109
2500,2531,2515,-31,5031
2575,2544,2559,31,5119
2378,2787,2582,-409,5165
2622,2406,2514,216,5028
2753,2751,2752,2,5504
2641,2645,2643,-4,5286
2726,2816,2771,-90,5542
2601,2450,2525,151,5051
2722,2589,2655,133,5311
2635,2567,2601,68,5202
2638,2581,2609,57,5219
2556,2696,2626,-140,5252
2496,2666,2581,-170,5162
2531,2515,2523,16,5046
2526,2701,2613,-175,5227
2661,2383,2522,278,5044
2501,2507,2504,-6,5008
2731,2757,2744,-26,5488
2682,2488,2585,194,5170
2700,2566,2633,134,5266
2492,2619,2555,-127,5111
2520,2624,2572,-104,5144
2561,2520,2540,41,5081
2539,2645,2592,-106,5184
2696,2642,2669,54,5338
2773,2734,2753,39,5507
2562,2710,2636,-148,5272
2651,2657,2654,-6,5308
2560,2459,2509,101,5019
2639,2606,2622,33,5245
2662,2363,2512,299,5025
2696,2607,2651,89,5303
2518,2619,2568,-101,5137
2435,2594,2514,-159,5029
2522,2603,2562,-81,5125
2643,2556,2599,87,5199
2543,2605,2574,-62,5148
2715,2707,2711,8,5422
2572,2679,2625,-107,5251
2687,2617,2652,70,5304
2651,2498,2574,153,5149
2723,2721,2722,2,5444
2577,2711,2644,-134,5288
2674,2397,2535,277,5071
2563,2620,2591,-57,5183
2698,2733,2715,-35,5431
2721,2783,2752,-62,5504
2613,2478,2545,135,5091
2605,2495,2550,110,5100
2754,2721,2737,33,5475
2724,2565,2644,159,5289
2612,2543,2577,69,5155
2625,2701,2663,-76,5326
2685,2622,2653,63,5307
2533,2635,2584,-102,5168
2632,2656,2644,-24,5288
2501,2606,2553,-105,5107
2650,2614,2632,36,5264
2567,2629,2598,-62,5196
2648,2380,2514,268,5028
2579,2442,2510,137,5021
2610,2504,2557,106,5114
2502,2524,2513,-22,5026
2376,2629,2502,-253,5005
2398,2729,2563,-331,5127
2610,2620,2615,-10,5230
2612,2582,2597,30,5194
2778,2684,2731,94,5462
2459,2556,2507,-97,5015
2545,2511,2528,34,5056
2763,2548,2655,215,5311
2546,2775,2660,-229,5321
2554,2480,2517,74,5034
2709,2801,2755,-92,5510
2679,2617,2648,62,5296
2622,2657,2639,-35,5279
2544,2637,2590,-93,5181
2538,2485,2511,53,5023
2738,2525,2631,213,5263
2537,2575,2556,-38,5112
2641,2571,2606,70,5212
2707,2555,2631,152,5262
2642,2589,2615,53,5231
2612,2641,2626,-29,5253
2523,2518,2520,5,5041
2734,2763,2748,-29,5497
2554,2557,2555,-3,5111
2594,2642,2618,-48,5236
2525,2565,2545,-40,5090
2621,2687,2654,-66,5308
2727,2577,2652,150,5304
2439,2582,2510,-143,5021
2404,2663,2533,-259,5067
2455,2674,2564,-219,5129
2625,2699,2662,-74,5324
2522,2631,2576,-109,5153
2616,2660,2638,-44,5276
2495,2601,2548,-106,5096
2455,2574,2514,-119,5029
2586,2435,2510,151,5021
2701,2616,2658,85,5317
2554,2461,2507,93,5015
2722,2562,2642,160,5284
2413,2641,2527,-228,5054
2668,2697,2682,-29,5365
2546,2683,2614,-137,5229
2519,2705,2612,-186,5224
2526,2625,2575,-99,5151
2552,2461,2506,91,5013
2677,2580,2628,97,5257
2580,2655,2617,-75,5235
2507,2560,2533,-53,5067
2472,2547,2509,-75,5019
2565,2448,2506,117,5013
2565,2610,2587,-45,5175
2466,2742,2604,-276,5208
2624,2700,2662,-76,5324
2506,2708,2607,-202,5214
2589,2470,2529,119,5059
2451,2554,2502,-103,5005
2547,2499,2523,48,5046
2502,2502,2502,0,5004
2742,2720,2731,22,5462
2545,2616,2580,-71,5161
2739,2503,2621,236,5242
2656,2689,2672,-33,5345
2577,2539,2558,38,5116
2625,2602,2613,23,5227
2526,2548,2537,-22,5074
2550,2481,2515,69,5031
2639,2537,2588,102,5176
2648,2469,2558,179,5117
2666,2580,2623,86,5246
2616,2560,2588,56,5176
2620,2441,2530,179,5061
2582,2489,2535,93,5071
2674,2488,2581,186,5162
2449,2613,2531,-164,5062
2604,2692,2648,-88,5296
2381,2634,2507,-253,5015
2723,2745,2734,-22,5468
2581,2598,2589,-17,5179
2556,2533,2544,23,5089
2691,2570,2630,121,5261
2658,2486,2572,172,5144
2663,2654,2658,9,5317
2515,2531,2523,-16,5046
2586,2544,2565,42,5130
2493,2607,2550,-114,5100
2632,2519,2575,113,5151
2648,2619,2633,29,5267
2549,2655,2602,-106,5204
2717,2726,2721,-9,5443
2635,2594,2614,41,5229
2652,2553,2602,99,5205
2557,2542,2549,15,5099
2635,2679,2657,-44,5314
2426,2579,2502,-153,5005
2633,2526,2579,107,5159
2571,2513,2542,58,5084
2475,2625,2550,-150,5100
2470,2595,2532,-125,5065
2547,2487,2517,60,5034
2638,2502,2570,136,5140
2572,2568,2570,4,5140
2766,2748,2757,18,5514
2610,2704,2657,-94,5314
2466,2556,2511,-90,5022
2568,2446,2507,122,5014
2501,2709,2605,-208,5210
2554,2517,2535,37,5071
2464,2632,2548,-168,5096
2646,2664,2655,-18,5310
2602,2710,2656,-108,5312
2779,2548,2663,231,5327
2507,2571,2539,-64,5078
2370,2786,2578,-416,5156
2518,2639,2578,-121,5157
2524,2589,2556,-65,5113
2753,2864,2808,-111,5617
2658,2680,2669,-22,5338
2723,2632,2677,91,5355
2486,2628,2557,-142,5114
2744,2772,2758,-28,5516
2678,2743,2710,-65,5421
2587,2630,2608,-43,5217
2599,2614,2606,-15,5213
2650,2542,2596,108,5192
2520,2573,2546,-53,5093
2650,2723,2686,-73,5373
2525,2570,2547,-45,5095
2493,2556,2524,-63,5049
2567,2483,2525,84,5050
2522,2481,2501,41,5003
2650,2621,2635,29,5271
2716,2564,2640,152,5280
2568,2461,2514,107,5029
2640,2474,2557,166,5114
2792,2771,2781,21,5563
2786,2775,2780,11,5561
2652,2643,2647,9,5295
2663,2837,2750,-174,5500
2596,2497,2546,99,5093
2712,2661,2686,51,5373
2606,2723,2664,-117,5329
2520,2655,2587,-135,5175
2698,2642,2670,56,5340
2656,2492,2574,164,5148
2593,2703,2648,-110,5296
2360,2647,2503,-287,5007
2701,2647,2674,54,5348
2722,2622,2672,100,5344
2616,2789,2702,-173,5405
2608,2640,2624,-32,5248
2610,2462,2536,148,5072
2599,2634,2616,-35,5233
2569,2512,2540,57,5081
2713,2734,2723,-21,5447
2717,2662,2689,55,5379
2516,2649,2582,-133,5165
2613,2815,2714,-202,5428
2501,2565,2533,-64,5066
2425,2631,2528,-206,5056
2436,2584,2510,-148,5020
2421,2644,2532,-223,5065
2451,2655,2553,-204,5106
2535,2605,2570,-70,5140
2513,2539,2526,-26,5052
2621,2613,2617,8,5234
2390,2643,2516,-253,5033
2584,2567,2575,17,5151
2604,2455,2529,149,5059
2554,2698,2626,-144,5252
2692,2654,2673,38,5346
2602,2543,2572,59,5145
2724,2628,2676,96,5352
2555,2530,2542,25,5085
2562,2634,2598,-72,5196
2743,2678,2710,65,5421
2640,2569,2604,71,5209
2590,2484,2537,106,5074
2414,2662,2538,-248,5076
2642,2671,2656,-29,5313
2521,2488,2504,33,5009
2459,2595,2527,-136,5054
2602,2476,2539,126,5078
2793,2779,2786,14,5572
2625,2658,2641,-33,5283
2538,2579,2558,-41,5117
2664,2704,2684,-40,5368
2526,2533,2529,-7,5059
2482,2524,2503,-42,5006
2681,2596,2638,85,5277
2551,2528,2539,23,5079
2508,2517,2512,-9,5025
2698,2733,2715,-35,5431
2663,2598,2630,65,5261
2741,2772,2756,-31,5513
2696,2651,2673,45,5347
2672,2488,2580,184,5160
2501,2527,2514,-26,5028
2672,2746,2709,-74,5418
2782,2753,2767,29,5535
2612,2499,2555,113,5111
2567,2697,2632,-130,5264
2713,2712,2712,1,5425
2805,2768,2786,37,5573
2371,2646,2508,-275,5017
2518,2620,2569,-102,5138
2618,2740,2679,-122,5358
2686,2559,2622,127,5245
2560,2442,2501,118,5002
2654,2549,2601,105,5203
2585,2606,2595,-21,5191
2503,2532,2517,-29,5035
2481,2590,2535,-109,5071
2662,2653,2657,9,5315
2637,2436,2536,201,5073
2708,2731,2719,-23,5439
2663,2667,2665,-4,5330
2508,2655,2581,-147,5163
2699,2710,2704,-11,5409
2615,2580,2597,35,5195
2619,2707,2663,-88,5326
2572,2526,2549,46,5098
2755,2611,2683,144,5366
2676,2624,2650,52,5300
2632,2428,2530,204,5060
2665,2655,2660,10,5320
2689,2407,2548,282,5096
2716,2584,2650,132,5300
2792,2628,2710,164,5420
2475,2562,2518,-87,5037
2480,2650,2565,-170,5130
2723,2783,2753,-60,5506
2656,2628,2642,28,5284
2496,2507,2501,-11,5003
2502,2639,2570,-137,5141
2442,2567,2504,-125,5009
2492,2650,2571,-158,5142
2521,2622,2571,-101,5143
2698,2461,2579,237,5159
2770,2599,2684,171,5369
2636,2509,2572,127,5145
2522,2577,2549,-55,5099
2426,2660,2543,-234,5086
2517,2530,2523,-13,5047
2688,2482,2585,206,5170
2496,2550,2523,-54,5046
2685,2397,2541,288,5082
2578,2441,2509,137,5019
2624,2471,2547,153,5095
2476,2549,2512,-73,5025
2544,2551,2547,-7,5095
2565,2514,2539,51,5079
2675,2546,2610,129,5221
2582,2548,2565,34,5130
2524,2504,2514,20,5028
2724,2631,2677,93,5355
2562,2693,2627,-131,5255
2646,2524,2585,122,5170
2737,2723,2730,14,5460
2432,2704,2568,-272,5136
2693,2607,2650,86,5300
2684,2440,2562,244,5124
2651,2683,2667,-32,5334
2582,2505,2543,77,5087
2772,2702,2737,70,5474
2611,2531,2571,80,5142
2651,2734,2692,-83,5385
2556,2533,2544,23,5089
2678,2633,2655,45,5311
2384,2647,2515,-263,5031
2547,2514,2530,33,5061
2609,2558,2583,51,5167
2459,2581,2520,-122,5040
2659,2430,2544,229,5089
2389,2647,2518,-258,5036
2663,2636,2649,27,5299
2516,2532,2524,-16,5048
2545,2489,2517,56,5034
2440,2641,2540,-201,5081
2651,2630,2640,21,5281
2496,2516,2506,-20,5012
2637,2579,2608,58,5216
2613,2692,2652,-79,5305
2613,2442,2527,171,5055
2647,2570,2608,77,5217
2651,2620,2635,31,5271
2459,2615,2537,-156,5074
2520,2569,2544,-49,5089
2684,2773,2728,-89,5457
2634,2455,2544,179,5089
2606,2453,2529,153,5059
2731,2772,2751,-41,5503
2711,2482,2596,229,5193
2553,2560,2556,-7,5113
2447,2616,2531,-169,5063
2447,2565,2506,-118,5012
2639,2469,2554,170,5108
2614,2524,2569,90,5138
2593,2471,2532,122,5064
2392,2653,2522,-261,5045
2785,2779,2782,6,5564
2629,2733,2681,-104,5362
2669,2519,2594,150,5188
2558,2462,2510,96,5020
2426,2609,2517,-183,5035
2645,2586,2615,59,5231
2734,2718,2726,16,5452
2471,2733,2602,-262,5204
2720,2772,2746,-52,5492
2539,2644,2591,-105,5183
2536,2515,2525,21,5051
2628,2471,2549,157,5099
2487,2638,2562,-151,5125
2667,2601,2634,66,5268
2507,2552,2529,-45,5059
2688,2624,2656,64,5312
2771,2733,2752,38,5504
2501,2557,2529,-56,5058
2564,2491,2527,73,5055
2418,2617,2517,-199,5035
2564,2548,2556,16,5112
2476,2566,2521,-90,5042
2475,2571,2523,-96,5046
2730,2735,2732,-5,5465
2593,2437,2515,156,5030
2705,2628,2666,77,5333
2569,2571,2570,-2,5140
2665,2656,2660,9,5321
2528,2520,2524,8,5048
2649,2680,2664,-31,5329
2506,2565,2535,-59,5071
2456,2619,2537,-163,5075
2700,2615,2657,85,5315
2463,2547,2505,-84,5010
2485,2596,2540,-111,5081
2539,2605,2572,-66,5144
2601,2416,2508,185,5017
2508,2581,2544,-73,5089
2544,2716,2630,-172,5260
2564,2674,2619,-110,5238
2512,2638,2575,-126,5150
2624,2579,2601,45,5203
2594,2517,2555,77,5111
2644,2510,2577,134,5154
2539,2671,2605,-132,5210
2764,2766,2765,-2,5530
2506,2543,2524,-37,5049
2625,2476,2550,149,5101
2508,2610,2559,-102,5118
2416,2710,2563,-294,5126
2687,2707,2697,-20,5394
2659,2344,2501,315,5003
2637,2524,2580,113,5161
2595,2601,2598,-6,5196
2752,2591,2671,161,5343
2385,2665,2525,-280,5050
2591,2466,2528,125,5057
2516,2516,2516,0,5032
2521,2501,2511,20,5022
2688,2515,2601,173,5203
2627,2464,2545,163,5091
2632,2419,2525,213,5051
2645,2881,2763,-236,5526
2727,2744,2735,-17,5471
2656,2373,2514,283,5029
2570,2676,2623,-106,5246
2488,2660,2574,-172,5148
2526,2528,2527,-2,5054
2586,2700,2643,-114,5286
2764,2711,2737,53,5475
2628,2440,2534,188,5068
2548,2578,2563,-30,5126
2593,2520,2556,73,5113
2464,2686,2575,-222,5150
2505,2650,2577,-145,5155
2631,2563,2597,68,5194
2440,2567,2503,-127,5007
2594,2466,2530,128,5060
2496,2541,2518,-45,5037
2637,2556,2596,81,5193
2668,2460,2564,208,5128
2591,2492,2541,99,5083
2632,2663,2647,-31,5295
2608,2447,2527,161,5055
2727,2549,2638,178,5276
2566,2714,2640,-148,5280
2451,2712,2581,-261,5163
2713,2735,2724,-22,5448
2578,2624,2601,-46,5202
2532,2636,2584,-104,5168
2702,2705,2703,-3,5407
2691,2427,2559,264,5118
2730,2775,2752,-45,5505
2639,2564,2601,75,5203
2503,2547,2525,-44,5050
2663,2615,2639,48,5278
2731,2685,2708,46,5416
2414,2616,2515,-202,5030
2659,2546,2602,113,5205
2677,2569,2623,108,5246
2581,2564,2572,17,5145
2586,2561,2573,25,5147
2617,2670,2643,-53,5287
2528,2653,2590,-125,5181
2690,2590,2640,100,5280
2555,2459,2507,96,5014
2622,2709,2665,-87,5331
2421,2625,2523,-204,5046
2485,2730,2607,-245,5215
2541,2669,2605,-128,5210
2705,2661,2683,44,5366
2684,2501,2592,183,5185
2639,2608,2623,31,5247
2537,2526,2531,11,5063
2737,2743,2740,-6,5480
2641,2567,2604,74,5208
2680,2438,2559,242,5118
2590,2618,2604,-28,5208
2641,2412,2526,229,5053
2452,2657,2554,-205,5109
2574,2457,2515,117,5031
2529,2495,2512,34,5024
2785,2506,2645,279,5291
2714,2425,2569,289,5139
2733,2578,2655,155,5311
2553,2664,2608,-111,5217
2621,2698,2659,-77,5319
2520,2613,2566,-93,5133
2566,2746,2656,-180,5312
2378,2638,2508,-260,5016
2636,2474,2555,162,5110
2423,2595,2509,-172,5018
2516,2570,2543,-54,5086
2454,2550,2502,-96,5004
2527,2483,2505,44,5010
2612,2705,2658,-93,5317
2675,2723,2699,-48,5398
2538,2465,2501,73,5003
2598,2471,2534,127,5069
2516,2571,2543,-55,5087
2627,2570,2598,57,5197
2408,2619,2513,-211,5027
2490,2655,2572,-165,5145
2633,2461,2547,172,5094
2520,2542,2531,-22,5062
2593,2548,2570,45,5141
2476,2691,2583,-215,5167
2491,2645,2568,-154,5136
2663,2702,2682,-39,5365
2434,2619,2526,-185,5053
2569,2700,2634,-131,5269
2559,2577,2568,-18,5136
2737,2764,2750,-27,5501
2447,2683,2565,-236,5130
2608,2492,2550,116,5100
2491,2556,2523,-65,5047
2640,2612,2626,28,5252
2584,2466,2525,118,5050
2465,2608,2536,-143,5073
2626,2698,2662,-72,5324
2623,2631,2627,-8,5254
2534,2542,2538,-8,5076
2630,2469,2549,161,5099
2486,2637,2561,-151,5123
2652,2399,2525,253,5051
2438,2636,2537,-198,5074
2531,2512,2521,19,5043
2441,2681,2561,-240,5122
2551,2483,2517,68,5034
2550,2575,2562,-25,5125
2574,2529,2551,45,5103
2608,2462,2535,146,5070
2605,2684,2644,-79,5289
2705,2327,2516,378,5032
2699,2658,2678,41,5357
2789,2743,2766,46,5532
2617,2409,2513,208,5026
2607,2543,2575,64,5150
2534,2508,2521,26,5042
2580,2435,2507,145,5015
2669,2555,2612,114,5224
2567,2468,2517,99,5035
2430,2706,2568,-276,5136
2498,2702,2600,-204,5200
2475,2696,2585,-221,5171
2580,2719,2649,-139,5299
2533,2531,2532,2,5064
2536,2656,2596,-120,5192
2600,2577,2588,23,5177
2709,2643,2676,66,5352
2589,2634,2611,-45,5223
2522,2618,2570,-96,5140
2559,2512,2535,47,5071
2639,2481,2560,158,5120
2657,2420,2538,237,5077
2437,2568,2502,-131,5005
2338,2686,2512,-348,5024
2611,2604,2607,7,5215
2619,2730,2674,-111,5349
2509,2538,2523,-29,5047
2700,2698,2699,2,5398
2652,2737,2694,-85,5389
2616,2607,2611,9,5223
2634,2530,2582,104,5164
2702,2732,2717,-30,5434
2568,2545,2556,23,5113
2483,2732,2607,-249,5215
2495,2509,2502,-14,5004
2527,2562,2544,-35,5089
2683,2424,2553,259,5107
2660,2650,2655,10,5310
2505,2513,2509,-8,5018
2556,2494,2525,62,5050
2657,2571,2614,86,5228
2780,2810,2795,-30,5590
2514,2607,2560,-93,5121
2661,2470,2565,191,5131
2683,2717,2700,-34,5400
2528,2502,2515,26,5030
2553,2549,2551,4,5102
2450,2573,2511,-123,5023
2655,2417,2536,238,5072
2483,2732,2607,-249,5215
2738,2749,2743,-11,5487
2749,2455,2602,294,5204
2579,2588,2583,-9,5167
2470,2534,2502,-64,5004
2564,2506,2535,58,5070
2516,2562,2539,-46,5078
2523,2594,2558,-71,5117
2485,2519,2502,-34,5004
2580,2454,2517,126,5034
2539,2555,2547,-16,5094
2604,2723,2663,-119,5327
2642,2563,2602,79,5205
2628,2625,2626,3,5253
2414,2716,2565,-302,5130
2580,2788,2684,-208,5368
2549,2644,2596,-95,5193
2737,2736,2736,1,5473
2636,2397,2516,239,5033
2731,2593,2662,138,5324
2518,2561,2539,-43,5079
2764,2741,2752,23,5505
2716,2784,2750,-68,5500
2540,2522,2531,18,5062
2555,2543,2549,12,5098
2516,2671,2593,-155,5187
2500,2630,2565,-130,5130
2605,2683,2644,-78,5288
2741,2727,2734,14,5468
2617,2711,2664,-94,5328
2540,2478,2509,62,5018
2567,2489,2528,78,5056
2595,2623,2609,-28,5218
2508,2567,2537,-59,5075
2473,2576,2524,-103,5049
2648,2632,2640,16,5280
2442,2622,2532,-180,5064
2641,2707,2674,-66,5348
2548,2518,2533,30,5066
2455,2547,2501,-92,5002
2554,2543,2548,11,5097
2679,2614,2646,65,5293
2706,2558,2632,148,5264
2679,2636,2657,43,5315
2469,2601,2535,-132,5070
2635,2617,2626,18,5252
2607,2577,2592,30,5184
2752,2711,2731,41,5463
2633,2398,2515,235,5031
2627,2671,2649,-44,5298
2439,2587,2513,-148,5026
2626,2474,2550,152,5100
2452,2651,2551,-199,5103
2681,2526,2603,155,5207
2684,2403,2543,281,5087
2671,2691,2681,-20,5362
2526,2683,2604,-157,5209
2541,2605,2573,-64,5146
2504,2566,2535,-62,5070
2693,2670,2681,23,5363
2471,2659,2565,-188,5130
2546,2589,2567,-43,5135
2661,2687,2674,-26,5348
2620,2543,2581,77,5163
2546,2568,2557,-22,5114
2705,2695,2700,10,5400
2470,2636,2553,-166,5106
2499,2554,2526,-55,5053
2650,2572,2611,78,5222
2401,2678,2539,-277,5079
2770,2580,2675,190,5350
2710,2709,2709,1,5419
2801,2543,2672,258,5344
2494,2554,2524,-60,5048
2386,2703,2544,-317,5089
2598,2632,2615,-34,5230
2771,2881,2826,-110,5652
2646,2569,2607,77,5215
2743,2671,2707,72,5414
2442,2621,2531,-179,5063
2423,2593,2508,-170,5016
2655,2468,2561,187,5123
2437,2583,2510,-146,5020
2455,2614,2534,-159,5069
2546,2543,2544,3,5089
2544,2652,2598,-108,5196
2604,2470,2537,134,5074
2543,2651,2597,-108,5194
2411,2622,2516,-211,5033
2650,2409,2529,241,5059
2419,2601,2510,-182,5020
2595,2417,2506,178,5012
2726,2575,2650,151,5301
2556,2506,2531,50,5062
2584,2708,2646,-124,5292
2461,2556,2508,-95,5017
2762,2679,2720,83,5441
2483,2718,2600,-235,5201
2499,2663,2581,-164,5162
2630,2580,2605,50,5210
2682,2563,2622,119,5245
2634,2698,2666,-64,5332
2633,2659,2646,-26,5292
2803,2783,2793,20,5586
2679,2801,2740,-122,5480
2548,2537,2542,11,5085
2554,2713,2633,-159,5267
2701,2785,2743,-84,5486
2555,2540,2547,15,5095
2508,2534,2521,-26,5042
2611,2423,2517,188,5034
2654,2510,2582,144,5164
2605,2591,2598,14,5196
2441,2598,2519,-157,5039
2632,2531,2581,101,5163
2634,2541,2587,93,5175
