WhiteElo,BlackElo,MeanElos,DiffElos,SumElos
1915,1999,1957,-84,3914
1813,1643,1728,170,3456
1877,1851,1864,26,3728
2054,2099,2076,-45,4153
1942,1663,1802,279,3605
1933,2207,2070,-274,4140
1941,2184,2062,-243,4125
1889,2307,2098,-418,4196
1992,2119,2055,-127,4111
2130,1943,2036,187,4073
1870,2086,1978,-216,3956
1962,2057,2009,-95,4019
1934,1792,1863,142,3726
1902,2145,2023,-243,4047
2241,1776,2008,465,4017
1827,1540,1683,287,3367
2103,1870,1986,233,3973
1381,1735,1558,-354,3116
1945,2171,2058,-226,4116
2172,1880,2026,292,4052
1962,2061,2011,-99,4023
2183,1931,2057,252,4114
1766,2053,1909,-287,3819
1769,1799,1784,-30,3568
1828,2030,1929,-202,3858
2371,1822,2096,549,4193
1903,1633,1768,270,3536
1935,2210,2072,-275,4145
1861,1513,1687,348,3374
2191,1991,2091,200,4182
1585,1613,1599,-28,3198
1612,1580,1596,32,3192
2090,1658,1874,432,3748
2050,2088,2069,-38,4138
1846,2337,2091,-491,4183
2230,1846,2038,384,4076
1788,2212,2000,-424,4000
1965,2083,2024,-118,4048
1876,1904,1890,-28,3780
2017,1958,1987,59,3975
1956,1945,1950,11,3901
1915,1803,1859,112,3718
2167,1758,1962,409,3925
1818,1837,1827,-19,3655
1641,1543,1592,98,3184
2039,1872,1955,167,3911
2129,2003,2066,126,4132
1778,1959,1868,-181,3737
1683,2086,1884,-403,3769
2231,1858,2044,373,4089
2165,1850,2007,315,4015
1639,1924,1781,-285,3563
2264,1692,1978,572,3956
1640,1464,1552,176,3104
2142,1858,2000,284,4000
1649,2188,1918,-539,3837
1978,2186,2082,-208,4164
1904,2091,1997,-187,3995
1657,2123,1890,-466,3780
1651,1508,1579,143,3159
2206,1969,2087,237,4175
2368,1811,2089,557,4179
2223,1912,2067,311,4135
1902,2153,2027,-251,4055
1623,2146,1884,-523,3769
2037,1582,1809,455,3619
2138,1835,1986,303,3973
1989,2174,2081,-185,4163
1960,2044,2002,-84,4004
1974,2140,2057,-166,4114
1313,1842,1577,-529,3155
1745,2011,1878,-266,3756
1897,1475,1686,422,3372
2198,1968,2083,230,4166
1854,1705,1779,149,3559
2066,1763,1914,303,3829
1846,1765,1805,81,3611
2048,1848,1948,200,3896
1915,2105,2010,-190,4020
1939,2052,1995,-113,3991
2138,1927,2032,211,4065
2210,1971,2090,239,4181
1735,1822,1778,-87,3557
1904,2030,1967,-126,3934
1967,2215,2091,-248,4182
1959,2095,2027,-136,4054
2274,1797,2035,477,4071
1937,2155,2046,-218,4092
2128,1965,2046,163,4093
1848,2074,1961,-226,3922
2006,1835,1920,171,3841
1814,2042,1928,-228,3856
1872,2288,2080,-416,4160
2177,2024,2100,153,4201
2182,1869,2025,313,4051
1679,1780,1729,-101,3459
1730,1921,1825,-191,3651
1949,1803,1876,146,3752
2004,1886,1945,118,3890
1663,1948,1805,-285,3611
1553,1694,1623,-141,3247
1778,2025,1901,-247,3803
2082,1884,1983,198,3966
1880,2032,1956,-152,3912
1896,2077,1986,-181,3973
1747,2262,2004,-515,4009
1611,1825,1718,-214,3436
2001,1818,1909,183,3819
2318,1767,2042,551,4085
1951,2213,2082,-262,4164
1836,2301,2068,-465,4137
2167,1922,2044,245,4089
1712,1747,1729,-35,3459
2007,1889,1948,118,3896
1902,2117,2009,-215,4019
1712,2011,1861,-299,3723
2050,2084,2067,-34,4134
2130,1890,2010,240,4020
1634,1610,1622,24,3244
1817,1528,1672,289,3345
1888,1690,1789,198,3578
1669,2023,1846,-354,3692
1698,1754,1726,-56,3452
1950,2083,2016,-133,4033
1772,1753,1762,19,3525
2035,2145,2090,-110,4180
1980,2212,2096,-232,4192
1881,2295,2088,-414,4176
2025,2103,2064,-78,4128
1990,1820,1905,170,3810
1865,1770,1817,95,3635
2108,1867,1987,241,3975
1914,2054,1984,-140,3968
1908,1755,1831,153,3663
2111,2025,2068,86,4136
1932,2153,2042,-221,4085
2117,1664,1890,453,3781
2026,1787,1906,239,3813
1924,1707,1815,217,3631
1726,1999,1862,-273,3725
1583,1880,1731,-297,3463
2124,2013,2068,111,4137
1975,1731,1853,244,3706
1916,2221,2068,-305,4137
2072,1743,1907,329,3815
2098,1932,2015,166,4030
2202,1941,2071,261,4143
2188,1915,2051,273,4103
1824,1940,1882,-116,3764
2076,2080,2078,-4,4156
1716,1845,1780,-129,3561
1647,1753,1700,-106,3400
2107,1876,1991,231,3983
1933,1797,1865,136,3730
1781,2034,1907,-253,3815
1901,2201,2051,-300,4102
1598,2319,1958,-721,3917
1986,1642,1814,344,3628
2170,2018,2094,152,4188
1836,2096,1966,-260,3932
1741,2095,1918,-354,3836
1889,1936,1912,-47,3825
1790,1727,1758,63,3517
1950,1912,1931,38,3862
1926,2126,2026,-200,4052
2018,1847,1932,171,3865
2006,1998,2002,8,4004
1774,1997,1885,-223,3771
1806,1546,1676,260,3352
2069,1934,2001,135,4003
1676,2046,1861,-370,3722
1872,1718,1795,154,3590
1852,2083,1967,-231,3935
2136,2051,2093,85,4187
1909,1824,1866,85,3733
1508,1844,1676,-336,3352
1810,1921,1865,-111,3731
1616,1483,1549,133,3099
1714,1949,1831,-235,3663
2083,2100,2091,-17,4183
1829,1532,1680,297,3361
1955,1919,1937,36,3874
1577,1809,1693,-232,3386
1993,1812,1902,181,3805
1849,2223,2036,-374,4072
2029,1471,1750,558,3500
2100,1940,2020,160,4040
2032,1932,1982,100,3964
1972,1921,1946,51,3893
2156,1956,2056,200,4112
1731,2063,1897,-332,3794
1944,2152,2048,-208,4096
2194,1905,2049,289,4099
1527,2054,1790,-527,3581
1894,2048,1971,-154,3942
1828,2102,1965,-274,3930
2108,1962,2035,146,4070
2116,1608,1862,508,3724
1881,2101,1991,-220,3982
2107,2006,2056,101,4113
1949,2003,1976,-54,3952
2130,1962,2046,168,4092
1836,2161,1998,-325,3997
2147,1768,1957,379,3915
1744,2045,1894,-301,3789
2058,1767,1912,291,3825
2101,1984,2042,117,4085
1896,1557,1726,339,3453
2213,1975,2094,238,4188
2154,1956,2055,198,4110
2156,1610,1883,546,3766
2333,1803,2068,530,4136
1588,1987,1787,-399,3575
2122,2058,2090,64,4180
2043,1802,1922,241,3845
1755,1713,1734,42,3468
2176,1865,2020,311,4041
2005,2057,2031,-52,4062
1989,1848,1918,141,3837
1983,1358,1670,625,3341
2130,2002,2066,128,4132
1822,2200,2011,-378,4022
2008,1854,1931,154,3862
1888,2064,1976,-176,3952
1858,1680,1769,178,3538
1278,1688,1483,-410,2966
1952,1597,1774,355,3549
2258,1845,2051,413,4103
2062,1943,2002,119,4005
2131,1708,1919,423,3839
1957,2142,2049,-185,4099
2298,1890,2094,408,4188
1862,1998,1930,-136,3860
2111,1852,1981,259,3963
1768,2145,1956,-377,3913
1862,2119,1990,-257,3981
1972,2096,2034,-124,4068
1827,1605,1716,222,3432
1966,1800,1883,166,3766
1983,1890,1936,93,3873
1965,2084,2024,-119,4049
1394,1886,1640,-492,3280
1913,1744,1828,169,3657
2063,1833,1948,230,3896
1927,1658,1792,269,3585
1929,2187,2058,-258,4116
1961,2239,2100,-278,4200
1847,2215,2031,-368,4062
1640,1795,1717,-155,3435
2238,1958,2098,280,4196
2090,1729,1909,361,3819
1766,2105,1935,-339,3871
1926,1753,1839,173,3679
1945,1940,1942,5,3885
1604,1718,1661,-114,3322
1967,1794,1880,173,3761
1863,1414,1638,449,3277
1757,1818,1787,-61,3575
1978,1952,1965,26,3930
2075,1905,1990,170,3980
1946,1805,1875,141,3751
2067,1893,1980,174,3960
1693,1393,1543,300,3086
1958,1206,1582,752,3164
1794,2035,1914,-241,3829
1620,1990,1805,-370,3610
1941,1778,1859,163,3719
1637,1347,1492,290,2984
1701,1992,1846,-291,3693
1918,1618,1768,300,3536
1907,2196,2051,-289,4103
1696,2054,1875,-358,3750
2183,1781,1982,402,3964
1876,2101,1988,-225,3977
2170,2016,2093,154,4186
2068,1964,2016,104,4032
1656,1791,1723,-135,3447
1647,1318,1482,329,2965
1988,2059,2023,-71,4047
1694,2022,1858,-328,3716
1978,1931,1954,47,3909
1634,2121,1877,-487,3755
2013,2107,2060,-94,4120
1545,1879,1712,-334,3424
1987,2147,2067,-160,4134
1718,2150,1934,-432,3868
2176,2010,2093,166,4186
2019,1918,1968,101,3937
2013,2132,2072,-119,4145
1585,1941,1763,-356,3526
1611,1765,1688,-154,3376
1999,1956,1977,43,3955
1987,2148,2067,-161,4135
1989,2158,2073,-169,4147
1474,1906,1690,-432,3380
1891,1650,1770,241,3541
2132,2006,2069,126,4138
2134,1984,2059,150,4118
2083,2015,2049,68,4098
1796,2189,1992,-393,3985
1633,2014,1823,-381,3647
1973,1919,1946,54,3892
1981,1740,1860,241,3721
2184,1998,2091,186,4182
2201,1910,2055,291,4111
2207,1926,2066,281,4133
1645,1893,1769,-248,3538
2123,2001,2062,122,4124
1724,1633,1678,91,3357
1849,2173,2011,-324,4022
1626,1905,1765,-279,3531
1961,2175,2068,-214,4136
2114,1932,2023,182,4046
2092,1961,2026,131,4053
1439,1912,1675,-473,3351
2084,2002,2043,82,4086
2079,2048,2063,31,4127
1995,1846,1920,149,3841
1952,2245,2098,-293,4197
1804,1778,1791,26,3582
1972,2140,2056,-168,4112
2003,1734,1868,269,3737
1791,2118,1954,-327,3909
2004,1930,1967,74,3934
2008,1770,1889,238,3778
1837,1643,1740,194,3480
2000,1946,1973,54,3946
1776,1995,1885,-219,3771
2090,1946,2018,144,4036
2004,2104,2054,-100,4108
1963,1974,1968,-11,3937
1908,1592,1750,316,3500
1655,1936,1795,-281,3591
2000,2069,2034,-69,4069
1587,1949,1768,-362,3536
1859,2102,1980,-243,3961
2212,1937,2074,275,4149
1820,2058,1939,-238,3878
2026,1942,1984,84,3968
1833,2313,2073,-480,4146
1871,2049,1960,-178,3920
1934,2101,2017,-167,4035
1922,1781,1851,141,3703
1864,2127,1995,-263,3991
1609,2167,1888,-558,3776
1999,1827,1913,172,3826
1219,1803,1511,-584,3022
2081,1933,2007,148,4014
1794,2002,1898,-208,3796
1800,1918,1859,-118,3718
2001,2030,2015,-29,4031
1673,1944,1808,-271,3617
1837,2266,2051,-429,4103
1823,2071,1947,-248,3894
1847,2143,1995,-296,3990
1969,1768,1868,201,3737
2012,1978,1995,34,3990
1876,2225,2050,-349,4101
1657,2000,1828,-343,3657
1772,1922,1847,-150,3694
1684,1933,1808,-249,3617
1921,2066,1993,-145,3987
2205,1738,1971,467,3943
2012,1783,1897,229,3795
1833,2042,1937,-209,3875
1558,1799,1678,-241,3357
2214,1864,2039,350,4078
2254,1737,1995,517,3991
1892,1945,1918,-53,3837
2118,2022,2070,96,4140
2130,2022,2076,108,4152
2079,1904,1991,175,3983
1613,2529,2071,-916,4142
2046,1885,1965,161,3931
2038,1585,1811,453,3623
1965,2001,1983,-36,3966
2100,1713,1906,387,3813
1927,1937,1932,-10,3864
2007,1718,1862,289,3725
2011,1966,1988,45,3977
2094,1797,1945,297,3891
1796,2081,1938,-285,3877
2021,1934,1977,87,3955
1682,1604,1643,78,3286
1801,2326,2063,-525,4127
1934,1897,1915,37,3831
1917,2097,2007,-180,4014
1989,1792,1890,197,3781
1347,1451,1399,-104,2798
1852,2216,2034,-364,4068
1879,2204,2041,-325,4083
1793,1662,1727,131,3455
2201,1909,2055,292,4110
2282,1915,2098,367,4197
2059,2135,2097,-76,4194
1857,1706,1781,151,3563
1963,1966,1964,-3,3929
1948,2083,2015,-135,4031
1570,1859,1714,-289,3429
2109,1981,2045,128,4090
2150,1966,2058,184,4116
2001,1824,1912,177,3825
1953,2187,2070,-234,4140
2239,1820,2029,419,4059
1924,2067,1995,-143,3991
2100,1570,1835,530,3670
2148,1864,2006,284,4012
2050,2023,2036,27,4073
1918,2079,1998,-161,3997
1600,1940,1770,-340,3540
1740,1963,1851,-223,3703
2026,1890,1958,136,3916
2086,1566,1826,520,3652
2054,1997,2025,57,4051
1590,1658,1624,-68,3248
1875,2044,1959,-169,3919
2093,1921,2007,172,4014
1969,2073,2021,-104,4042
1965,2194,2079,-229,4159
1714,1890,1802,-176,3604
1800,1647,1723,153,3447
1869,2054,1961,-185,3923
1995,1896,1945,99,3891
1956,2148,2052,-192,4104
1851,1325,1588,526,3176
2081,1702,1891,379,3783
1980,1894,1937,86,3874
2080,2001,2040,79,4081
1830,2042,1936,-212,3872
1920,2048,1984,-128,3968
2105,1969,2037,136,4074
1578,1960,1769,-382,3538
1766,2072,1919,-306,3838
2024,2137,2080,-113,4161
1987,1791,1889,196,3778
2108,1890,1999,218,3998
1659,2428,2043,-769,4087
1795,1939,1867,-144,3734
2108,1959,2033,149,4067
1903,2291,2097,-388,4194
2091,2032,2061,59,4123
2084,2103,2093,-19,4187
1458,1836,1647,-378,3294
1851,1285,1568,566,3136
1976,1749,1862,227,3725
1614,1877,1745,-263,3491
2066,1969,2017,97,4035
1587,1605,1596,-18,3192
1914,1899,1906,15,3813
2187,1929,2058,258,4116
2006,1835,1920,171,3841
2327,1824,2075,503,4151
1471,1654,1562,-183,3125
1808,2045,1926,-237,3853
1852,1677,1764,175,3529
2023,2125,2074,-102,4148
1954,1899,1926,55,3853
1980,2013,1996,-33,3993
1938,2099,2018,-161,4037
2299,1797,2048,502,4096
1675,1579,1627,96,3254
1822,2025,1923,-203,3847
1952,2189,2070,-237,4141
2198,1908,2053,290,4106
2192,1847,2019,345,4039
2141,1915,2028,226,4056
2060,1994,2027,66,4054
2009,1755,1882,254,3764
2099,1982,2040,117,4081
1992,2103,2047,-111,4095
2003,1912,1957,91,3915
2121,2003,2062,118,4124
1756,2190,1973,-434,3946
1878,2024,1951,-146,3902
1734,2211,1972,-477,3945
1785,2069,1927,-284,3854
1914,2040,1977,-126,3954
1763,2107,1935,-344,3870
2127,1865,1996,262,3992
1790,2073,1931,-283,3863
1956,1608,1782,348,3564
1599,1438,1518,161,3037
1603,1852,1727,-249,3455
1867,2098,1982,-231,3965
1896,1689,1792,207,3585
2063,1911,1987,152,3974
2137,1901,2019,236,4038
2144,1938,2041,206,4082
1907,2209,2058,-302,4116
1796,1899,1847,-103,3695
1940,2123,2031,-183,4063
1640,2003,1821,-363,3643
2164,1995,2079,169,4159
1496,1774,1635,-278,3270
1927,2177,2052,-250,4104
1846,1421,1633,425,3267
1887,1621,1754,266,3508
1981,1976,1978,5,3957
1998,2004,2001,-6,4002
1920,2088,2004,-168,4008
1676,1808,1742,-132,3484
2001,1765,1883,236,3766
2139,1573,1856,566,3712
1797,1960,1878,-163,3757
2135,2002,2068,133,4137
1786,2136,1961,-350,3922
1759,1938,1848,-179,3697
1767,1950,1858,-183,3717
1939,1999,1969,-60,3938
2137,2000,2068,137,4137
1882,2071,1976,-189,3953
1756,1729,1742,27,3485
2175,2014,2094,161,4189
2204,1761,1982,443,3965
1891,1671,1781,220,3562
1899,2069,1984,-170,3968
2261,1829,2045,432,4090
1909,2083,1996,-174,3992
1798,2006,1902,-208,3804
1962,2127,2044,-165,4089
1905,1666,1785,239,3571
2020,2155,2087,-135,4175
1599,1915,1757,-316,3514
2003,1657,1830,346,3660
2089,1967,2028,122,4056
1552,1487,1519,65,3039
1880,2207,2043,-327,4087
1786,2176,1981,-390,3962
1590,1641,1615,-51,3231
2104,1967,2035,137,4071
1570,1851,1710,-281,3421
1832,1551,1691,281,3383
1683,2086,1884,-403,3769
1791,1938,1864,-147,3729
1835,1945,1890,-110,3780
2248,1738,1993,510,3986
2019,1841,1930,178,3860
2068,1884,1976,184,3952
2106,1986,2046,120,4092
1886,2204,2045,-318,4090
2017,1792,1904,225,3809
1747,1842,1794,-95,3589
1995,1805,1900,190,3800
2037,2047,2042,-10,4084
2024,2082,2053,-58,4106
1655,1950,1802,-295,3605
2061,2081,2071,-20,4142
1940,2162,2051,-222,4102
1849,2083,1966,-234,3932
2155,2010,2082,145,4165
1976,1719,1847,257,3695
1982,1788,1885,194,3770
2017,2082,2049,-65,4099
2053,1774,1913,279,3827
1962,2225,2093,-263,4187
1813,2000,1906,-187,3813
2184,1994,2089,190,4178
2059,1808,1933,251,3867
2095,1898,1996,197,3993
2065,1947,2006,118,4012
1746,2069,1907,-323,3815
2065,1499,1782,566,3564
1855,2090,1972,-235,3945
1941,1957,1949,-16,3898
2101,1950,2025,151,4051
2004,2069,2036,-65,4073
2113,1990,2051,123,4103
2071,1820,1945,251,3891
1927,2116,2021,-189,4043
1891,2098,1994,-207,3989
1842,1584,1713,258,3426
2161,1886,2023,275,4047
2115,1753,1934,362,3868
1920,1655,1787,265,3575
2080,1955,2017,125,4035
2134,1994,2064,140,4128
2006,2190,2098,-184,4196
2014,1826,1920,188,3840
1945,1796,1870,149,3741
1936,1404,1670,532,3340
1927,1974,1950,-47,3901
1651,1435,1543,216,3086
1864,2115,1989,-251,3979
2092,1930,2011,162,4022
2204,1980,2092,224,4184
1884,2313,2098,-429,4197
2073,1915,1994,158,3988
1287,1484,1385,-197,2771
2138,1916,2027,222,4054
2174,2026,2100,148,4200
1691,1955,1823,-264,3646
1981,2073,2027,-92,4054
1896,1563,1729,333,3459
2058,2009,2033,49,4067
2107,2001,2054,106,4108
1817,2121,1969,-304,3938
2485,1693,2089,792,4178
1912,1704,1808,208,3616
1919,2119,2019,-200,4038
1884,1712,1798,172,3596
2078,1831,1954,247,3909
1927,2094,2010,-167,4021
1928,2002,1965,-74,3930
1768,2078,1923,-310,3846
1682,2071,1876,-389,3753
2179,1989,2084,190,4168
2087,1954,2020,133,4041
1867,2144,2005,-277,4011
1911,2201,2056,-290,4112
1805,2025,1915,-220,3830
1595,1446,1520,149,3041
2052,1952,2002,100,4004
2121,2056,2088,65,4177
1888,1611,1749,277,3499
2228,1965,2096,263,4193
1984,1979,1981,5,3963
1994,1485,1739,509,3479
1929,2204,2066,-275,4133
2085,1955,2020,130,4040
2034,1852,1943,182,3886
2193,1792,1992,401,3985
1737,1852,1794,-115,3589
1848,1573,1710,275,3421
1845,1802,1823,43,3647
2104,1993,2048,111,4097
1733,2223,1978,-490,3956
2026,1941,1983,85,3967
1573,2064,1818,-491,3637
1788,2306,2047,-518,4094
1846,1698,1772,148,3544
2150,2051,2100,99,4201
1796,2280,2038,-484,4076
2083,1897,1990,186,3980
2186,1994,2090,192,4180
1553,1883,1718,-330,3436
1857,2273,2065,-416,4130
1701,1846,1773,-145,3547
1813,2116,1964,-303,3929
1889,2125,2007,-236,4014
1939,2218,2078,-279,4157
1747,1487,1617,260,3234
2111,1903,2007,208,4014
1919,2026,1972,-107,3945
1920,1687,1803,233,3607
2053,1879,1966,174,3932
2018,1918,1968,100,3936
1654,1757,1705,-103,3411
1880,1931,1905,-51,3811
1633,1921,1777,-288,3554
2008,2098,2053,-90,4106
2145,1921,2033,224,4066
1941,1892,1916,49,3833
2203,1811,2007,392,4014
1897,2039,1968,-142,3936
1467,2119,1793,-652,3586
1766,1887,1826,-121,3653
2205,1828,2016,377,4033
1912,2228,2070,-316,4140
1636,1940,1788,-304,3576
2044,2129,2086,-85,4173
1875,2133,2004,-258,4008
1991,2040,2015,-49,4031
1616,1835,1725,-219,3451
1683,1824,1753,-141,3507
2214,1922,2068,292,4136
1610,1953,1781,-343,3563
1658,1628,1643,30,3286
1841,1534,1687,307,3375
1744,2081,1912,-337,3825
2025,2171,2098,-146,4196
1738,1806,1772,-68,3544
1659,1896,1777,-237,3555
2172,1986,2079,186,4158
1953,1726,1839,227,3679
1626,2368,1997,-742,3994
1796,1755,1775,41,3551
1787,2257,2022,-470,4044
2290,1791,2040,499,4081
1741,2071,1906,-330,3812
2076,1954,2015,122,4030
1786,1792,1789,-6,3578
2067,1926,1996,141,3993
2063,2092,2077,-29,4155
2047,2144,2095,-97,4191
1737,1743,1740,-6,3480
1279,1813,1546,-534,3092
2158,1955,2056,203,4113
1923,1820,1871,103,3743
1831,1969,1900,-138,3800
1627,1326,1476,301,2953
1417,1764,1590,-347,3181
2124,1746,1935,378,3870
1995,2174,2084,-179,4169
2056,1945,2000,111,4001
2335,1520,1927,815,3855
1848,1634,1741,214,3482
1759,1549,1654,210,3308
2246,1713,1979,533,3959
1935,2183,2059,-248,4118
1931,2024,1977,-93,3955
1870,2186,2028,-316,4056
1899,2283,2091,-384,4182
2040,2147,2093,-107,4187
1646,1763,1704,-117,3409
1957,1812,1884,145,3769
1896,2006,1951,-110,3902
1937,2174,2055,-237,4111
1286,1367,1326,-81,2653
2141,2035,2088,106,4176
1629,1909,1769,-280,3538
2155,2011,2083,144,4166
1784,1588,1686,196,3372
2086,1926,2006,160,4012
1638,1771,1704,-133,3409
2045,1931,1988,114,3976
1957,1987,1972,-30,3944
1922,1927,1924,-5,3849
1946,1836,1891,110,3782
2016,2048,2032,-32,4064
2007,2054,2030,-47,4061
1924,2140,2032,-216,4064
2055,1692,1873,363,3747
1737,2270,2003,-533,4007
1761,1443,1602,318,3204
2007,2186,2096,-179,4193
1779,2123,1951,-344,3902
2029,1601,1815,428,3630
1951,1953,1952,-2,3904
2090,1905,1997,185,3995
2154,1991,2072,163,4145
1639,1834,1736,-195,3473
1723,1583,1653,140,3306
1938,2173,2055,-235,4111
2052,1881,1966,171,3933
1683,2015,1849,-332,3698
1947,1833,1890,114,3780
2068,2012,2040,56,4080
1883,2090,1986,-207,3973
1906,2265,2085,-359,4171
1919,1885,1902,34,3804
1960,2238,2099,-278,4198
1989,2137,2063,-148,4126
1768,1673,1720,95,3441
1620,2063,1841,-443,3683
2275,1892,2083,383,4167
1936,1710,1823,226,3646
2010,1830,1920,180,3840
2119,1831,1975,288,3950
1950,1839,1894,111,3789
1586,2045,1815,-459,3631
1938,1778,1858,160,3716
1915,1708,1811,207,3623
2080,2030,2055,50,4110
1744,1849,1796,-105,3593
1902,2148,2025,-246,4050
2122,1842,1982,280,3964
1645,1879,1762,-234,3524
2185,1867,2026,318,4052
2047,2108,2077,-61,4155
1998,2147,2072,-149,4145
2115,1987,2051,128,4102
1953,2140,2046,-187,4093
2141,1920,2030,221,4061
1868,1931,1899,-63,3799
2165,2002,2083,163,4167
1780,2210,1995,-430,3990
1655,2151,1903,-496,3806
1933,2149,2041,-216,4082
2167,1910,2038,257,4077
1965,1637,1801,328,3602
1847,1596,1721,251,3443
1929,2149,2039,-220,4078
1559,1806,1682,-247,3365
2019,1985,2002,34,4004
1868,1808,1838,60,3676
1973,2208,2090,-235,4181
1949,1771,1860,178,3720
2256,1922,2089,334,4178
1630,2047,1838,-417,3677
1626,1795,1710,-169,3421
1918,1504,1711,414,3422
2099,1981,2040,118,4080
2008,2015,2011,-7,4023
2023,1802,1912,221,3825
1282,1562,1422,-280,2844
1872,1872,1872,0,3744
1833,2066,1949,-233,3899
2137,2040,2088,97,4177
1595,1888,1741,-293,3483
2203,1927,2065,276,4130
1867,2048,1957,-181,3915
1627,1621,1624,6,3248
2100,1600,1850,500,3700
2122,1905,2013,217,4027
1865,1531,1698,334,3396
1916,2258,2087,-342,4174
1930,1606,1768,324,3536
1839,2072,1955,-233,3911
2058,1962,2010,96,4020
1814,2082,1948,-268,3896
2046,2126,2086,-80,4172
1867,2278,2072,-411,4145
1312,1820,1566,-508,3132
2044,1895,1969,149,3939
2182,1984,2083,198,4166
2147,1958,2052,189,4105
2304,1808,2056,496,4112
2033,2136,2084,-103,4169
1486,1733,1609,-247,3219
1743,1325,1534,418,3068
2203,1862,2032,341,4065
2030,1817,1923,213,3847
1906,1628,1767,278,3534
1726,1954,1840,-228,3680
1857,2193,2025,-336,4050
1834,2031,1932,-197,3865
1808,1904,1856,-96,3712
2038,1766,1902,272,3804
2040,1843,1941,197,3883
1934,2046,1990,-112,3980
2012,1867,1939,145,3879
1717,2067,1892,-350,3784
2244,1913,2078,331,4157
2126,1926,2026,200,4052
1575,1906,1740,-331,3481
2026,1950,1988,76,3976
2032,1963,1997,69,3995
2197,1813,2005,384,4010
1883,1871,1877,12,3754
2018,1830,1924,188,3848
2008,1758,1883,250,3766
2027,1779,1903,248,3806
1950,2032,1991,-82,3982
2066,1703,1884,363,3769
2024,2049,2036,-25,4073
1463,2047,1755,-584,3510
1838,1529,1683,309,3367
1912,2050,1981,-138,3962
1847,1762,1804,85,3609
1668,2160,1914,-492,3828
1928,2080,2004,-152,4008
1755,2372,2063,-617,4127
1794,1788,1791,6,3582
2004,2138,2071,-134,4142
1976,2185,2080,-209,4161
1980,2127,2053,-147,4107
1740,2030,1885,-290,3770
2320,1805,2062,515,4125
1486,1755,1620,-269,3241
2141,1970,2055,171,4111
2095,1816,1955,279,3911
1498,1714,1606,-216,3212
2181,1808,1994,373,3989
1741,1325,1533,416,3066
1838,2035,1936,-197,3873
1724,2229,1976,-505,3953
1923,2080,2001,-157,4003
2338,1752,2045,586,4090
1636,1543,1589,93,3179
1964,1557,1760,407,3521
1857,1955,1906,-98,3812
1898,1975,1936,-77,3873
1978,1981,1979,-3,3959
1978,1754,1866,224,3732
2178,2006,2092,172,4184
1929,2037,1983,-108,3966
2083,1870,1976,213,3953
2029,1702,1865,327,3731
1660,1592,1626,68,3252
1611,2144,1877,-533,3755
2049,1922,1985,127,3971
1632,1928,1780,-296,3560
1887,2135,2011,-248,4022
1559,1804,1681,-245,3363
1936,1998,1967,-62,3934
1530,2067,1798,-537,3597
2209,1854,2031,355,4063
1704,2004,1854,-300,3708
2141,1852,1996,289,3993
1950,2153,2051,-203,4103
2160,1903,2031,257,4063
1868,2156,2012,-288,4024
2162,2011,2086,151,4173
1369,1761,1565,-392,3130
1676,1893,1784,-217,3569
2206,1995,2100,211,4201
2088,1898,1993,190,3986
1824,2253,2038,-429,4077
1797,2016,1906,-219,3813
1889,2001,1945,-112,3890
2072,1982,2027,90,4054
1971,2177,2074,-206,4148
1868,2013,1940,-145,3881
1654,1623,1638,31,3277
1430,1291,1360,139,2721
1335,1546,1440,-211,2881
1984,2214,2099,-230,4198
1657,2050,1853,-393,3707
2180,1997,2088,183,4177
1893,2200,2046,-307,4093
1915,2187,2051,-272,4102
2217,1860,2038,357,4077
1929,1688,1808,241,3617
2039,2119,2079,-80,4158
1934,2071,2002,-137,4005
2085,1971,2028,114,4056
2125,2008,2066,117,4133
2107,1977,2042,130,4084
1975,1785,1880,190,3760
1822,1879,1850,-57,3701
1909,2199,2054,-290,4108
1909,1952,1930,-43,3861
1788,2073,1930,-285,3861
1991,1839,1915,152,3830
1491,1504,1497,-13,2995
1990,1872,1931,118,3862
1994,1796,1895,198,3790
1892,1839,1865,53,3731
2020,1850,1935,170,3870
2111,1912,2011,199,4023
2098,1907,2002,191,4005
2157,1710,1933,447,3867
1906,2161,2033,-255,4067
2203,1785,1994,418,3988
1943,2070,2006,-127,4013
1916,1655,1785,261,3571
1615,1391,1503,224,3006
1915,2144,2029,-229,4059
1831,1705,1768,126,3536
2003,1777,1890,226,3780
1964,1689,1826,275,3653
2016,1878,1947,138,3894
2277,1576,1926,701,3853
1318,1577,1447,-259,2895
2148,1957,2052,191,4105
2288,1849,2068,439,4137
2157,2024,2090,133,4181
2101,1605,1853,496,3706
1767,1999,1883,-232,3766
2055,1994,2024,61,4049
2064,1873,1968,191,3937
1729,2230,1979,-501,3959
1874,1747,1810,127,3621
1992,1660,1826,332,3652
1890,2121,2005,-231,4011
1734,1953,1843,-219,3687
2023,1726,1874,297,3749
1643,1782,1712,-139,3425
2011,2116,2063,-105,4127
2028,1935,1981,93,3963
1791,1589,1690,202,3380
1796,1630,1713,166,3426
1719,1891,1805,-172,3610
2175,1869,2022,306,4044
2156,1739,1947,417,3895
2055,1777,1916,278,3832
1874,1437,1655,437,3311
2167,2013,2090,154,4180
1912,2124,2018,-212,4036
2108,2080,2094,28,4188
2260,1866,2063,394,4126
1827,2109,1968,-282,3936
1744,2285,2014,-541,4029
1859,1509,1684,350,3368
1790,1509,1649,281,3299
2213,1696,1954,517,3909
2006,1878,1942,128,3884
1657,2037,1847,-380,3694
1821,2140,1980,-319,3961
1884,2059,1971,-175,3943
1996,2129,2062,-133,4125
1876,1772,1824,104,3648
1303,1433,1368,-130,2736
1745,1583,1664,162,3328
2032,1538,1785,494,3570
1809,1449,1629,360,3258
2128,2012,2070,116,4140
1903,2107,2005,-204,4010
1622,1865,1743,-243,3487
1960,1761,1860,199,3721
1768,1928,1848,-160,3696
1918,1986,1952,-68,3904
1865,1995,1930,-130,3860
2046,2150,2098,-104,4196
2094,1754,1924,340,3848
1714,2128,1921,-414,3842
1929,2070,1999,-141,3999
1910,2142,2026,-232,4052
2036,2128,2082,-92,4164
1381,1845,1613,-464,3226
2235,1953,2094,282,4188
2000,1992,1996,8,3992
2179,1997,2088,182,4176
1727,1503,1615,224,3230
1576,2302,1939,-726,3878
1888,2195,2041,-307,4083
2116,1949,2032,167,4065
1827,2025,1926,-198,3852
1888,2243,2065,-355,4131
2087,2079,2083,8,4166
1677,1473,1575,204,3150
2238,1951,2094,287,4189
2072,1975,2023,97,4047
1975,2143,2059,-168,4118
2044,1648,1846,396,3692
1857,2137,1997,-280,3994
2035,1928,1981,107,3963
2189,1977,2083,212,4166
2331,1835,2083,496,4166
2074,1966,2020,108,4040
2087,1946,2016,141,4033
1673,1244,1458,429,2917
1985,1743,1864,242,3728
2226,1759,1992,467,3985
2060,1852,1956,208,3912
1661,1456,1558,205,3117
2241,1876,2058,365,4117
2148,1599,1873,549,3747
1967,2066,2016,-99,4033
1957,2058,2007,-101,4015
1797,1941,1869,-144,3738
1996,2002,1999,-6,3998
2151,1967,2059,184,4118
2060,1931,1995,129,3991
1914,2000,1957,-86,3914
2033,2131,2082,-98,4164
2047,1799,1923,248,3846
2227,1928,2077,299,4155
1633,1592,1612,41,3225
2142,1970,2056,172,4112
1410,1369,1389,41,2779
1721,2037,1879,-316,3758
2308,1869,2088,439,4177
1680,1890,1785,-210,3570
2005,2112,2058,-107,4117
1820,1637,1728,183,3457
2156,1792,1974,364,3948
1843,2049,1946,-206,3892
2209,1938,2073,271,4147
1878,1750,1814,128,3628
1625,1635,1630,-10,3260
1861,2080,1970,-219,3941
1787,1865,1826,-78,3652
2153,1918,2035,235,4071
1923,2251,2087,-328,4174
2074,2050,2062,24,4124
1905,2208,2056,-303,4113
2141,2018,2079,123,4159
1812,1979,1895,-167,3791
2038,1883,1960,155,3921
1897,1754,1825,143,3651
2020,1772,1896,248,3792
1790,2040,1915,-250,3830
2043,2142,2092,-99,4185
1734,1870,1802,-136,3604
1715,2031,1873,-316,3746
1734,1986,1860,-252,3720
2028,2125,2076,-97,4153
1824,1797,1810,27,3621
1488,1915,1701,-427,3403
1970,1943,1956,27,3913
2272,1886,2079,386,4158
2172,1909,2040,263,4081
1862,2140,2001,-278,4002
2100,1774,1937,326,3874
2286,1905,2095,381,4191
2015,2156,2085,-141,4171
1934,2205,2069,-271,4139
2248,1699,1973,549,3947
2285,1650,1967,635,3935
1910,2099,2004,-189,4009
1995,2142,2068,-147,4137
1878,2012,1945,-134,3890
2116,1996,2056,120,4112
2115,1734,1924,381,3849
1675,2084,1879,-409,3759
1868,2099,1983,-231,3967
2140,1561,1850,579,3701
1775,2195,1985,-420,3970
1775,2196,1985,-421,3971
1946,1731,1838,215,3677
1831,1663,1747,168,3494
1691,1388,1539,303,3079
2035,2144,2089,-109,4179
1922,1596,1759,326,3518
1817,2254,2035,-437,4071
1655,1866,1760,-211,3521
1945,1794,1869,151,3739
1959,1710,1834,249,3669
1946,2047,1996,-101,3993
2089,2088,2088,1,4177
1996,1873,1934,123,3869
2070,2077,2073,-7,4147
2119,1785,1952,334,3904
1615,1895,1755,-280,3510
1812,1998,1905,-186,3810
1969,1680,1824,289,3649
2028,2124,2076,-96,4152
1858,1796,1827,62,3654
1902,2166,2034,-264,4068
2091,1985,2038,106,4076
2190,1776,1983,414,3966
1648,2021,1834,-373,3669
2180,1902,2041,278,4082
1973,2201,2087,-228,4174
2184,1832,2008,352,4016
2313,1783,2048,530,4096
2127,1709,1918,418,3836
1882,1483,1682,399,3365
2171,1655,1913,516,3826
2077,1922,1999,155,3999
1920,1664,1792,256,3584
2124,2022,2073,102,4146
1964,2157,2060,-193,4121
2388,1783,2085,605,4171
1785,1449,1617,336,3234
2065,1944,2004,121,4009
1769,2115,1942,-346,3884
1907,2158,2032,-251,4065
2385,1808,2096,577,4193
1985,2196,2090,-211,4181
2043,1982,2012,61,4025
2099,1909,2004,190,4008
1965,2223,2094,-258,4188
2002,2112,2057,-110,4114
1691,1946,1818,-255,3637
1977,2006,1991,-29,3983
2300,1846,2073,454,4146
1940,2190,2065,-250,4130
2071,1918,1994,153,3989
1611,1742,1676,-131,3353
1749,1798,1773,-49,3547
2081,1865,1973,216,3946
1838,1763,1800,75,3601
2118,1904,2011,214,4022
1841,1945,1893,-104,3786
1920,2228,2074,-308,4148
1832,1477,1654,355,3309
1312,2579,1945,-1267,3891
1845,1454,1649,391,3299
2066,1911,1988,155,3977
1892,2219,2055,-327,4111
2084,2043,2063,41,4127
1815,1553,1684,262,3368
2631,1563,2097,1068,4194
2129,2023,2076,106,4152
1673,1969,1821,-296,3642
1553,1793,1673,-240,3346
2034,2152,2093,-118,4186
1470,1804,1637,-334,3274
1917,2049,1983,-132,3966
2112,1990,2051,122,4102
2123,1594,1858,529,3717
1669,1801,1735,-132,3470
1967,2081,2024,-114,4048
2064,2031,2047,33,4095
1953,2048,2000,-95,4001
2347,1838,2092,509,4185
2101,1961,2031,140,4062
2012,2164,2088,-152,4176
1941,1628,1784,313,3569
1627,1731,1679,-104,3358
1878,2025,1951,-147,3903
1985,2135,2060,-150,4120
2019,2121,2070,-102,4140
2065,2007,2036,58,4072
1920,1712,1816,208,3632
1996,2167,2081,-171,4163
2007,1713,1860,294,3720
2161,1808,1984,353,3969
1321,1313,1317,8,2634
2017,1721,1869,296,3738
1871,2073,1972,-202,3944
1695,1908,1801,-213,3603
1767,1583,1675,184,3350
1830,1771,1800,59,3601
2177,1999,2088,178,4176
1993,2170,2081,-177,4163
1814,2227,2020,-413,4041
1936,2117,2026,-181,4053
2316,1867,2091,449,4183
1959,1687,1823,272,3646
1683,1716,1699,-33,3399
1694,1909,1801,-215,3603
1607,2034,1820,-427,3641
1808,1724,1766,84,3532
2104,2032,2068,72,4136
2112,2055,2083,57,4167
1951,1734,1842,217,3685
2022,2040,2031,-18,4062
2112,1802,1957,310,3914
1694,1814,1754,-120,3508
1988,1854,1921,134,3842
2118,1974,2046,144,4092
1728,2095,1911,-367,3823
2026,1739,1882,287,3765
2114,2052,2083,62,4166
1331,1926,1628,-595,3257
1808,2123,1965,-315,3931
1941,1692,1816,249,3633
1610,1554,1582,56,3164
1953,2170,2061,-217,4123
1952,2197,2074,-245,4149
1992,1856,1924,136,3848
2201,1936,2068,265,4137
2228,1886,2057,342,4114
2109,1885,1997,224,3994
2375,1723,2049,652,4098
1922,1548,1735,374,3470
1930,2087,2008,-157,4017
1626,2165,1895,-539,3791
1934,2240,2087,-306,4174
2193,1920,2056,273,4113
1997,2120,2058,-123,4117
1601,1925,1763,-324,3526
2085,1981,2033,104,4066
2515,1632,2073,883,4147
1996,1820,1908,176,3816
1914,1750,1832,164,3664
2078,1848,1963,230,3926
1898,1985,1941,-87,3883
1969,1630,1799,339,3599
1953,2095,2024,-142,4048
2101,1996,2048,105,4097
1456,1820,1638,-364,3276
1878,2318,2098,-440,4196
2040,2130,2085,-90,4170
1770,2049,1909,-279,3819
1636,1471,1553,165,3107
1654,1936,1795,-282,3590
1914,2200,2057,-286,4114
1938,2092,2015,-154,4030
1752,2158,1955,-406,3910
1951,1585,1768,366,3536
2157,1827,1992,330,3984
1612,1861,1736,-249,3473
1755,1981,1868,-226,3736
1991,2092,2041,-101,4083
2002,1627,1814,375,3629
1913,2171,2042,-258,4084
2060,1904,1982,156,3964
2201,1948,2074,253,4149
1818,1474,1646,344,3292
1994,2186,2090,-192,4180
1918,1609,1763,309,3527
2044,1929,1986,115,3973
2086,1852,1969,234,3938
1945,1801,1873,144,3746
1924,1627,1775,297,3551
2106,1844,1975,262,3950
2013,2079,2046,-66,4092
1756,1947,1851,-191,3703
2079,1811,1945,268,3890
2133,1986,2059,147,4119
2047,1855,1951,192,3902
2038,1677,1857,361,3715
2222,1950,2086,272,4172
1875,1726,1800,149,3601
1645,1391,1518,254,3036
2096,1846,1971,250,3942
2161,2023,2092,138,4184
2165,1965,2065,200,4130
1590,2157,1873,-567,3747
2038,2074,2056,-36,4112
1836,2253,2044,-417,4089
1616,1813,1714,-197,3429
2043,1719,1881,324,3762
2161,1907,2034,254,4068
1514,2036,1775,-522,3550
1468,1733,1600,-265,3201
1710,2002,1856,-292,3712
2152,1986,2069,166,4138
2053,2117,2085,-64,4170
1381,1987,1684,-606,3368
1935,2030,1982,-95,3965
2041,1816,1928,225,3857
1945,1801,1873,144,3746
2025,2072,2048,-47,4097
1424,1553,1488,-129,2977
1677,2072,1874,-395,3749
2095,1605,1850,490,3700
2045,1958,2001,87,4003
2248,1944,2096,304,4192
1873,1658,1765,215,3531
1835,2043,1939,-208,3878
2125,1872,1998,253,3997
1778,1526,1652,252,3304
2126,1912,2019,214,4038
2050,1847,1948,203,3897
2127,1962,2044,165,4089
2003,1729,1866,274,3732
2142,1683,1912,459,3825
2061,1943,2002,118,4004
2197,1997,2097,200,4194
2026,2098,2062,-72,4124
2078,1921,1999,157,3999
1931,2017,1974,-86,3948
2218,1847,2032,371,4065
1682,1806,1744,-124,3488
2150,1764,1957,386,3914
1716,1722,1719,-6,3438
1986,2197,2091,-211,4183
2211,1835,2023,376,4046
2172,2018,2095,154,4190
1926,2182,2054,-256,4108
1994,1638,1816,356,3632
2173,1785,1979,388,3958
1922,2258,2090,-336,4180
1740,2101,1920,-361,3841
2050,1832,1941,218,3882
2040,1748,1894,292,3788
2097,1808,1952,289,3905
1797,1795,1796,2,3592
2153,2025,2089,128,4178
1934,1735,1834,199,3669
2050,1996,2023,54,4046
1531,1565,1548,-34,3096
1983,2151,2067,-168,4134
2310,1850,2080,460,4160
1513,1929,1721,-416,3442
1755,2015,1885,-260,3770
1867,2140,2003,-273,4007
1884,1878,1881,6,3762
1908,2163,2035,-255,4071
2133,1962,2047,171,4095
2074,1910,1992,164,3984
1609,2019,1814,-410,3628
2039,2156,2097,-117,4195
1935,1750,1842,185,3685
1930,1952,1941,-22,3882
1673,1822,1747,-149,3495
1550,1619,1584,-69,3169
1815,1695,1755,120,3510
2101,1906,2003,195,4007
1754,1993,1873,-239,3747
1940,2095,2017,-155,4035
1814,2271,2042,-457,4085
2158,1885,2021,273,4043
2090,1700,1895,390,3790
2185,1968,2076,217,4153
2201,1950,2075,251,4151
1842,1477,1659,365,3319
1874,1788,1831,86,3662
1845,1768,1806,77,3613
2039,1968,2003,71,4007
1983,1977,1980,6,3960
1575,1805,1690,-230,3380
1803,2049,1926,-246,3852
2147,1962,2054,185,4109
1769,1980,1874,-211,3749
1630,2039,1834,-409,3669
1733,2181,1957,-448,3914
1590,2123,1856,-533,3713
1768,2059,1913,-291,3827
1770,1644,1707,126,3414
1988,1980,1984,8,3968
1751,1421,1586,330,3172
1856,2017,1936,-161,3873
2196,1778,1987,418,3974
1949,2160,2054,-211,4109
2314,1814,2064,500,4128
2028,2050,2039,-22,4078
2106,1962,2034,144,4068
2055,2042,2048,13,4097
1861,1884,1872,-23,3745
1604,1729,1666,-125,3333
1740,1659,1699,81,3399
1544,1845,1694,-301,3389
2094,1839,1966,255,3933
2116,2004,2060,112,4120
2018,1880,1949,138,3898
1977,1594,1785,383,3571
1308,1767,1537,-459,3075
1823,2077,1950,-254,3900
1759,2092,1925,-333,3851
2035,2145,2090,-110,4180
1713,2210,1961,-497,3923
2131,1854,1992,277,3985
1934,2125,2029,-191,4059
2023,1987,2005,36,4010
1817,2137,1977,-320,3954
2038,2101,2069,-63,4139
2061,1835,1948,226,3896
2195,1832,2013,363,4027
2206,1982,2094,224,4188
2211,1965,2088,246,4176
1941,2190,2065,-249,4131
2073,1958,2015,115,4031
1846,2281,2063,-435,4127
2339,1796,2067,543,4135
2012,1982,1997,30,3994
1905,2064,1984,-159,3969
2032,1952,1992,80,3984
2133,1331,1732,802,3464
1962,2163,2062,-201,4125
1587,1830,1708,-243,3417
1894,2175,2034,-281,4069
1753,2027,1890,-274,3780
2098,1903,2000,195,4001
2143,1855,1999,288,3998
1945,2069,2007,-124,4014
1577,1927,1752,-350,3504
2179,1971,2075,208,4150
2195,1947,2071,248,4142
2124,1942,2033,182,4066
1732,1971,1851,-239,3703
1382,1889,1635,-507,3271
2126,1937,2031,189,4063
2092,2008,2050,84,4100
1593,2403,1998,-810,3996
1998,1812,1905,186,3810
2052,2058,2055,-6,4110
1955,1591,1773,364,3546
1772,2323,2047,-551,4095
1800,1911,1855,-111,3711
1628,1982,1805,-354,3610
2068,1788,1928,280,3856
1991,1670,1830,321,3661
1928,2033,1980,-105,3961
1759,1709,1734,50,3468
2052,1892,1972,160,3944
1944,2070,2007,-126,4014
2247,1935,2091,312,4182
1556,1830,1693,-274,3386
2016,2176,2096,-160,4192
1847,1490,1668,357,3337
2016,1780,1898,236,3796
2270,1783,2026,487,4053
1899,1740,1819,159,3639
1914,1865,1889,49,3779
1999,1974,1986,25,3973
2114,1826,1970,288,3940
1571,1938,1754,-367,3509
1731,1890,1810,-159,3621
2134,1907,2020,227,4041
2285,1795,2040,490,4080
1428,1926,1677,-498,3354
1933,2179,2056,-246,4112
2052,1733,1892,319,3785
1705,2370,2037,-665,4075
1964,1618,1791,346,3582
1893,2122,2007,-229,4015
2055,2016,2035,39,4071
1708,1990,1849,-282,3698
2181,1987,2084,194,4168
2107,1913,2010,194,4020
2290,1859,2074,431,4149
2237,1927,2082,310,4164
2075,1843,1959,232,3918
1880,2074,1977,-194,3954
1803,1781,1792,22,3584
2192,1953,2072,239,4145
1864,2165,2014,-301,4029
1888,2229,2058,-341,4117
2049,1847,1948,202,3896
1866,2263,2064,-397,4129
1397,1619,1508,-222,3016
2066,1942,2004,124,4008
1977,1731,1854,246,3708
2125,1714,1919,411,3839
2030,2106,2068,-76,4136
1859,1604,1731,255,3463
2054,1909,1981,145,3963
1570,2024,1797,-454,3594
1471,2069,1770,-598,3540
2054,1827,1940,227,3881
2229,1797,2013,432,4026
2282,1863,2072,419,4145
1927,2143,2035,-216,4070
2019,1807,1913,212,3826
1673,1871,1772,-198,3544
2093,2003,2048,90,4096
1819,2034,1926,-215,3853
2011,1859,1935,152,3870
2143,1782,1962,361,3925
2093,2036,2064,57,4129
1920,2043,1981,-123,3963
1971,2040,2005,-69,4011
2027,1946,1986,81,3973
1406,1607,1506,-201,3013
2038,1773,1905,265,3811
1752,1723,1737,29,3475
1829,1980,1904,-151,3809
2198,1930,2064,268,4128
1413,1691,1552,-278,3104
1705,2402,2053,-697,4107
1737,2212,1974,-475,3949
2162,1979,2070,183,4141
1948,2235,2091,-287,4183
1948,1676,1812,272,3624
2014,2140,2077,-126,4154
2274,1882,2078,392,4156
1763,1921,1842,-158,3684
2240,1951,2095,289,4191
1498,1906,1702,-408,3404
2207,1916,2061,291,4123
2054,2106,2080,-52,4160
2216,1927,2071,289,4143
2044,1907,1975,137,3951
1949,2042,1995,-93,3991
1874,1754,1814,120,3628
2064,2085,2074,-21,4149
1285,1609,1447,-324,2894
1989,1982,1985,7,3971
2039,2159,2099,-120,4198
2074,1931,2002,143,4005
2017,2145,2081,-128,4162
1971,1795,1883,176,3766
1870,2090,1980,-220,3960
1916,2153,2034,-237,4069
2278,1848,2063,430,4126
1701,1736,1718,-35,3437
1651,1811,1731,-160,3462
1833,2128,1980,-295,3961
1561,1857,1709,-296,3418
1532,1850,1691,-318,3382
2164,1921,2042,243,4085
2240,1959,2099,281,4199
2168,1762,1965,406,3930
1796,2073,1934,-277,3869
2113,1793,1953,320,3906
1812,2006,1909,-194,3818
1890,1544,1717,346,3434
1992,2014,2003,-22,4006
2172,1965,2068,207,4137
1857,1935,1896,-78,3792
2022,2156,2089,-134,4178
2353,1843,2098,510,4196
1547,1754,1650,-207,3301
1921,1871,1896,50,3792
1970,2034,2002,-64,4004
2005,2055,2030,-50,4060
1856,1694,1775,162,3550
2009,1862,1935,147,3871
1993,1655,1824,338,3648
1789,1621,1705,168,3410
1687,2199,1943,-512,3886
1684,1977,1830,-293,3661
2094,1920,2007,174,4014
2180,1954,2067,226,4134
1709,2169,1939,-460,3878
1770,1581,1675,189,3351
2151,1868,2009,283,4019
1952,1474,1713,478,3426
1458,1861,1659,-403,3319
1856,1982,1919,-126,3838
1895,1669,1782,226,3564
1645,1795,1720,-150,3440
1554,2619,2086,-1065,4173
1739,2149,1944,-410,3888
1753,2137,1945,-384,3890
1975,2111,2043,-136,4086
2121,1767,1944,354,3888
1788,1882,1835,-94,3670
2027,2081,2054,-54,4108
1952,2213,2082,-261,4165
1987,2102,2044,-115,4089
1781,2318,2049,-537,4099
1881,1731,1806,150,3612
2088,1792,1940,296,3880
2152,1572,1862,580,3724
2170,1974,2072,196,4144
1773,2019,1896,-246,3792
1825,1649,1737,176,3474
1984,1697,1840,287,3681
2127,1886,2006,241,4013
1848,2225,2036,-377,4073
2250,1945,2097,305,4195
2094,1854,1974,240,3948
1949,2120,2034,-171,4069
2065,1926,1995,139,3991
1730,1952,1841,-222,3682
2217,1886,2051,331,4103
2257,1896,2076,361,4153
2011,1903,1957,108,3914
1990,2195,2092,-205,4185
1894,2073,1983,-179,3967
1661,1498,1579,163,3159
2018,1772,1895,246,3790
1767,1637,1702,130,3404
1907,1978,1942,-71,3885
1887,2272,2079,-385,4159
2101,1978,2039,123,4079
1367,1789,1578,-422,3156
1771,1497,1634,274,3268
2113,1998,2055,115,4111
1820,1977,1898,-157,3797
1566,1939,1752,-373,3505
2126,1957,2041,169,4083
1346,1550,1448,-204,2896
1908,1803,1855,105,3711
1838,2056,1947,-218,3894
2068,1924,1996,144,3992
2102,1848,1975,254,3950
2066,2073,2069,-7,4139
2095,2038,2066,57,4133
2089,2044,2066,45,4133
1317,1897,1607,-580,3214
2024,2139,2081,-115,4163
2032,1851,1941,181,3883
2361,1756,2058,605,4117
1648,2459,2053,-811,4107
1673,1840,1756,-167,3513
1705,1924,1814,-219,3629
1933,2248,2090,-315,4181
2143,1976,2059,167,4119
2225,1862,2043,363,4087
1988,2188,2088,-200,4176
2152,1814,1983,338,3966
1707,1873,1790,-166,3580
1943,2221,2082,-278,4164
1680,2029,1854,-349,3709
2010,2191,2100,-181,4201
1381,1515,1448,-134,2896
1997,2100,2048,-103,4097
1936,2124,2030,-188,4060
1969,2107,2038,-138,4076
2086,1911,1998,175,3997
1780,2013,1896,-233,3793
1735,1683,1709,52,3418
1919,2181,2050,-262,4100
2011,2045,2028,-34,4056
2247,1856,2051,391,4103
2115,1929,2022,186,4044
2228,1514,1871,714,3742
2055,1872,1963,183,3927
1974,2167,2070,-193,4141
1379,1303,1341,76,2682
2022,2168,2095,-146,4190
2104,1849,1976,255,3953
1760,2212,1986,-452,3972
1757,2154,1955,-397,3911
2182,1994,2088,188,4176
1756,2099,1927,-343,3855
1856,2033,1944,-177,3889
1997,1746,1871,251,3743
2044,2155,2099,-111,4199
1782,2270,2026,-488,4052
1959,2096,2027,-137,4055
2099,1926,2012,173,4025
1809,1504,1656,305,3313
1840,1385,1612,455,3225
2301,1741,2021,560,4042
1939,2080,2009,-141,4019
1840,1993,1916,-153,3833
1658,2075,1866,-417,3733
1664,1988,1826,-324,3652
2141,1956,2048,185,4097
1634,2069,1851,-435,3703
1607,1716,1661,-109,3323
1750,1950,1850,-200,3700
1588,1470,1529,118,3058
2252,1919,2085,333,4171
1899,1786,1842,113,3685
1899,2217,2058,-318,4116
1944,1366,1655,578,3310
2521,1534,2027,987,4055
2051,1945,1998,106,3996
1722,1867,1794,-145,3589
2170,1905,2037,265,4075
1862,2029,1945,-167,3891
1735,1865,1800,-130,3600
2159,1989,2074,170,4148
1918,1950,1934,-32,3868
1665,1374,1519,291,3039
1712,1471,1591,241,3183
1633,1813,1723,-180,3446
1843,2145,1994,-302,3988
2007,1858,1932,149,3865
1979,2147,2063,-168,4126
1800,2339,2069,-539,4139
1725,2171,1948,-446,3896
2034,2069,2051,-35,4103
1732,1536,1634,196,3268
1794,1771,1782,23,3565
2172,1909,2040,263,4081
1592,1959,1775,-367,3551
1959,2059,2009,-100,4018
1782,2371,2076,-589,4153
2135,2007,2071,128,4142
1866,1516,1691,350,3382
2242,1851,2046,391,4093
2129,1966,2047,163,4095
1789,1973,1881,-184,3762
1958,1703,1830,255,3661
1797,2002,1899,-205,3799
1927,2272,2099,-345,4199
1721,1512,1616,209,3233
1895,1647,1771,248,3542
2083,1921,2002,162,4004
2177,1973,2075,204,4150
1656,2162,1909,-506,3818
2022,1972,1997,50,3994
1968,2213,2090,-245,4181
2142,1916,2029,226,4058
2175,1904,2039,271,4079
1959,2029,1994,-70,3988
2091,1648,1869,443,3739
2091,1874,1982,217,3965
2069,1607,1838,462,3676
2141,1910,2025,231,4051
1872,2131,2001,-259,4003
2275,1849,2062,426,4124
1941,1744,1842,197,3685
2112,1768,1940,344,3880
1973,1981,1977,-8,3954
2130,1605,1867,525,3735
2244,1871,2057,373,4115
1778,1460,1619,318,3238
2137,1770,1953,367,3907
1983,2149,2066,-166,4132
2098,1844,1971,254,3942
2213,1865,2039,348,4078
1676,1872,1774,-196,3548
2014,1936,1975,78,3950
1793,1975,1884,-182,3768
2055,1917,1986,138,3972
1845,2330,2087,-485,4175
1828,2074,1951,-246,3902
1704,1892,1798,-188,3596
1396,1845,1620,-449,3241
1976,1679,1827,297,3655
1859,2181,2020,-322,4040
1959,2089,2024,-130,4048
1792,2229,2010,-437,4021
1837,2010,1923,-173,3847
2127,2038,2082,89,4165
2170,1852,2011,318,4022
1668,1317,1492,351,2985
2000,1970,1985,30,3970
1960,1863,1911,97,3823
1976,1626,1801,350,3602
2011,1967,1989,44,3978
2004,2097,2050,-93,4101
2007,1822,1914,185,3829
1664,1797,1730,-133,3461
2219,1933,2076,286,4152
2099,1989,2044,110,4088
1949,2152,2050,-203,4101
1696,1863,1779,-167,3559
2149,1902,2025,247,4051
2201,1799,2000,402,4000
2081,1981,2031,100,4062
1656,2112,1884,-456,3768
1910,1798,1854,112,3708
1890,2145,2017,-255,4035
1658,1788,1723,-130,3446
1987,1824,1905,163,3811
1900,2055,1977,-155,3955
1712,1912,1812,-200,3624
1955,2198,2076,-243,4153
1981,1860,1920,121,3841
2149,2045,2097,104,4194
1936,1688,1812,248,3624
2072,1724,1898,348,3796
2152,1907,2029,245,4059
1724,2020,1872,-296,3744
2131,1949,2040,182,4080
1670,2104,1887,-434,3774
1893,2024,1958,-131,3917
1438,1700,1569,-262,3138
1986,1794,1890,192,3780
2145,1955,2050,190,4100
1552,2446,1999,-894,3998
1531,1793,1662,-262,3324
2151,1979,2065,172,4130
1846,1981,1913,-135,3827
1688,1971,1829,-283,3659
1753,1863,1808,-110,3616
1915,2043,1979,-128,3958
2109,1928,2018,181,4037
1995,1889,1942,106,3884
2120,2079,2099,41,4199
2063,1804,1933,259,3867
2152,2013,2082,139,4165
1734,1966,1850,-232,3700
2132,1952,2042,180,4084
1731,1904,1817,-173,3635
1821,1989,1905,-168,3810
1706,2229,1967,-523,3935
1847,2057,1952,-210,3904
1897,1820,1858,77,3717
1768,2165,1966,-397,3933
2279,1729,2004,550,4008
2030,1844,1937,186,3874
2036,1802,1919,234,3838
1934,2236,2085,-302,4170
1934,2061,1997,-127,3995
2044,2086,2065,-42,4130
1619,1799,1709,-180,3418
1785,2143,1964,-358,3928
2064,1836,1950,228,3900
2090,1969,2029,121,4059
1716,1821,1768,-105,3537
1930,2058,1994,-128,3988
1897,2015,1956,-118,3912
1876,2118,1997,-242,3994
1975,1654,1814,321,3629
1770,2103,1936,-333,3873
1649,1487,1568,162,3136
1945,2170,2057,-225,4115
1929,1916,1922,13,3845
1595,1830,1712,-235,3425
1812,2285,2048,-473,4097
1838,1303,1570,535,3141
2015,1844,1929,171,3859
2072,2002,2037,70,4074
1698,1866,1782,-168,3564
2213,1781,1997,432,3994
1950,1641,1795,309,3591
2242,1790,2016,452,4032
2053,1980,2016,73,4033
1976,2138,2057,-162,4114
2130,1787,1958,343,3917
2102,2073,2087,29,4175
2173,1786,1979,387,3959
2196,1883,2039,313,4079
1948,2140,2044,-192,4088
1793,1572,1682,221,3365
1986,2131,2058,-145,4117
1896,2140,2018,-244,4036
2017,1944,1980,73,3961
1783,2070,1926,-287,3853
1792,1546,1669,246,3338
2021,1830,1925,191,3851
2004,1770,1887,234,3774
1811,2108,1959,-297,3919
1419,1607,1513,-188,3026
1595,1555,1575,40,3150
1876,2320,2098,-444,4196
1736,2169,1952,-433,3905
1731,1772,1751,-41,3503
1811,2116,1963,-305,3927
2025,2081,2053,-56,4106
2195,1683,1939,512,3878
2158,1928,2043,230,4086
1845,1776,1810,69,3621
1939,2141,2040,-202,4080
2121,1984,2052,137,4105
1604,1947,1775,-343,3551
2015,1748,1881,267,3763
1722,1697,1709,25,3419
1650,1407,1528,243,3057
1905,2249,2077,-344,4154
1974,2113,2043,-139,4087
1839,1683,1761,156,3522
1739,1602,1670,137,3341
1787,1997,1892,-210,3784
1335,1680,1507,-345,3015
2145,2008,2076,137,4153
1974,1830,1902,144,3804
2111,1786,1948,325,3897
1432,2016,1724,-584,3448
2141,1771,1956,370,3912
1917,1836,1876,81,3753
2187,1767,1977,420,3954
2028,1947,1987,81,3975
1464,1768,1616,-304,3232
1814,2120,1967,-306,3934
1436,1814,1625,-378,3250
1968,1983,1975,-15,3951
2054,2145,2099,-91,4199
1945,2216,2080,-271,4161
2052,1909,1980,143,3961
1948,1740,1844,208,3688
1880,2139,2009,-259,4019
2100,1844,1972,256,3944
1989,2161,2075,-172,4150
1838,1970,1904,-132,3808
1933,1704,1818,229,3637
1976,1929,1952,47,3905
1490,1858,1674,-368,3348
2058,1904,1981,154,3962
1675,1859,1767,-184,3534
2213,1819,2016,394,4032
2110,1812,1961,298,3922
2165,1817,1991,348,3982
1564,1837,1700,-273,3401
2104,1939,2021,165,4043
2167,2007,2087,160,4174
1844,2237,2040,-393,4081
1698,1831,1764,-133,3529
2069,1641,1855,428,3710
1911,2087,1999,-176,3998
1529,1897,1713,-368,3426
2112,1878,1995,234,3990
2168,1874,2021,294,4042
2026,1847,1936,179,3873
2030,1887,1958,143,3917
1946,1918,1932,28,3864
1922,2235,2078,-313,4157
2316,1735,2025,581,4051
2122,2027,2074,95,4149
1783,1660,1721,123,3443
1571,1877,1724,-306,3448
1734,1995,1864,-261,3729
1668,1901,1784,-233,3569
1787,1805,1796,-18,3592
2076,2074,2075,2,4150
2198,1967,2082,231,4165
2135,1930,2032,205,4065
1622,1762,1692,-140,3384
1470,1951,1710,-481,3421
1868,1991,1929,-123,3859
1854,1882,1868,-28,3736
1953,2178,2065,-225,4131
1557,1810,1683,-253,3367
2049,2064,2056,-15,4113
2054,2056,2055,-2,4110
1573,1835,1704,-262,3408
2173,1909,2041,264,4082
2046,2075,2060,-29,4121
2220,1836,2028,384,4056
1794,2377,2085,-583,4171
2140,1975,2057,165,4115
2100,2003,2051,97,4103
1999,1646,1822,353,3645
2102,2005,2053,97,4107
1884,1837,1860,47,3721
2104,1838,1971,266,3942
1886,2063,1974,-177,3949
2043,1820,1931,223,3863
2102,2032,2067,70,4134
2066,2099,2082,-33,4165
2020,2006,2013,14,4026
2144,1860,2002,284,4004
2193,1909,2051,284,4102
1589,1807,1698,-218,3396
2107,1958,2032,149,4065
2152,1775,1963,377,3927
2232,1938,2085,294,4170
2214,1886,2050,328,4100
1843,1522,1682,321,3365
2318,1848,2083,470,4166
1978,2086,2032,-108,4064
1808,1794,1801,14,3602
1861,2027,1944,-166,3888
1744,1617,1680,127,3361
1648,2422,2035,-774,4070
1739,2096,1917,-357,3835
1757,1819,1788,-62,3576
1888,1519,1703,369,3407
2162,2026,2094,136,4188
2050,2029,2039,21,4079
2168,1959,2063,209,4127
1921,2169,2045,-248,4090
2172,1958,2065,214,4130
2216,1977,2096,239,4193
2165,1977,2071,188,4142
1630,1979,1804,-349,3609
2110,1900,2005,210,4010
2093,2091,2092,2,4184
1622,1245,1433,377,2867
2066,1985,2025,81,4051
1532,1871,1701,-339,3403
2187,1805,1996,382,3992
1708,1897,1802,-189,3605
1278,1858,1568,-580,3136
1549,1591,1570,-42,3140
1869,2011,1940,-142,3880
1831,1796,1813,35,3627
1853,2120,1986,-267,3973
1836,2233,2034,-397,4069
2129,2017,2073,112,4146
1916,2120,2018,-204,4036
2206,1895,2050,311,4101
1935,2133,2034,-198,4068
2211,1960,2085,251,4171
1598,2288,1943,-690,3886
1998,2074,2036,-76,4072
1793,2066,1929,-273,3859
2034,2139,2086,-105,4173
2196,1935,2065,261,4131
1464,1812,1638,-348,3276
2081,1459,1770,622,3540
2135,2049,2092,86,4184
2076,1832,1954,244,3908
1972,1636,1804,336,3608
2044,1953,1998,91,3997
1925,2268,2096,-343,4193
2067,1874,1970,193,3941
1798,2032,1915,-234,3830
1979,2177,2078,-198,4156
1737,1982,1859,-245,3719
2041,1650,1845,391,3691
2125,2036,2080,89,4161
1942,2117,2029,-175,4059
1685,1892,1788,-207,3577
2135,2033,2084,102,4168
1983,2153,2068,-170,4136
1827,2181,2004,-354,4008
1772,2392,2082,-620,4164
2153,1996,2074,157,4149
2104,1851,1977,253,3955
1812,2068,1940,-256,3880
2059,1983,2021,76,4042
1897,1663,1780,234,3560
1917,1837,1877,80,3754
1742,1846,1794,-104,3588
2259,1611,1935,648,3870
2119,2011,2065,108,4130
1817,2199,2008,-382,4016
1370,1784,1577,-414,3154
2000,2177,2088,-177,4177
1959,2041,2000,-82,4000
2119,1971,2045,148,4090
1889,1981,1935,-92,3870
2103,1805,1954,298,3908
1848,1936,1892,-88,3784
1972,2028,2000,-56,4000
1963,2077,2020,-114,4040
1601,1890,1745,-289,3491
1386,2334,1860,-948,3720
2059,2099,2079,-40,4158
1698,1501,1599,197,3199
2260,1905,2082,355,4165
2401,1781,2091,620,4182
1682,2087,1884,-405,3769
2181,1930,2055,251,4111
2112,1977,2044,135,4089
1734,1868,1801,-134,3602
2282,1884,2083,398,4166
1783,1982,1882,-199,3765
1800,1828,1814,-28,3628
2036,1965,2000,71,4001
1950,1702,1826,248,3652
1886,2252,2069,-366,4138
1936,2111,2023,-175,4047
2220,1965,2092,255,4185
2287,1488,1887,799,3775
1684,1927,1805,-243,3611
2146,1723,1934,423,3869
1944,2166,2055,-222,4110
1935,2009,1972,-74,3944
2119,1923,2021,196,4042
1997,2144,2070,-147,4141
1848,1978,1913,-130,3826
1990,2048,2019,-58,4038
1604,1868,1736,-264,3472
1754,1634,1694,120,3388
1830,1961,1895,-131,3791
1996,2052,2024,-56,4048
1850,1482,1666,368,3332
1498,2144,1821,-646,3642
1483,1768,1625,-285,3251
1823,2244,2033,-421,4067
1705,1528,1616,177,3233
1574,1771,1672,-197,3345
1829,1740,1784,89,3569
2144,1889,2016,255,4033
2149,1961,2055,188,4110
2244,1852,2048,392,4096
1492,1827,1659,-335,3319
2139,1997,2068,142,4136
1783,1314,1548,469,3097
2054,1883,1968,171,3937
2280,1907,2093,373,4187
2308,1881,2094,427,4189
2166,1975,2070,191,4141
2054,1821,1937,233,3875
2015,2113,2064,-98,4128
2058,2103,2080,-45,4161
2059,1927,1993,132,3986
1973,2144,2058,-171,4117
1904,2179,2041,-275,4083
2005,1977,1991,28,3982
2212,1931,2071,281,4143
1823,1663,1743,160,3486
2118,1846,1982,272,3964
1943,1791,1867,152,3734
1936,1893,1914,43,3829
1904,2164,2034,-260,4068
2060,2062,2061,-2,4122
2096,1673,1884,423,3769
1851,1726,1788,125,3577
1471,1808,1639,-337,3279
2031,1802,1916,229,3833
1925,2274,2099,-349,4199
1959,1828,1893,131,3787
2197,1841,2019,356,4038
1966,2118,2042,-152,4084
1843,1512,1677,331,3355
1636,1417,1526,219,3053
1854,1475,1664,379,3329
2053,2148,2100,-95,4201
1988,2127,2057,-139,4115
2001,1783,1892,218,3784
1895,2205,2050,-310,4100
2014,1655,1834,359,3669
1846,1764,1805,82,3610
1945,1653,1799,292,3598
1958,1939,1948,19,3897
1931,2199,2065,-268,4130
1745,1988,1866,-243,3733
1963,2212,2087,-249,4175
2128,2014,2071,114,4142
2017,1909,1963,108,3926
1544,1808,1676,-264,3352
1959,2092,2025,-133,4051
2000,2152,2076,-152,4152
1984,2209,2096,-225,4193
1837,2197,2017,-360,4034
1943,1667,1805,276,3610
2051,1759,1905,292,3810
1638,1861,1749,-223,3499
1803,2000,1901,-197,3803
2079,1950,2014,129,4029
2291,1874,2082,417,4165
1576,1520,1548,56,3096
1841,1960,1900,-119,3801
1700,1971,1835,-271,3671
1999,2123,2061,-124,4122
1917,2061,1989,-144,3978
2088,1901,1994,187,3989
1941,2214,2077,-273,4155
1704,2155,1929,-451,3859
1669,1933,1801,-264,3602
1501,1923,1712,-422,3424
2116,1983,2049,133,4099
2244,1951,2097,293,4195
1544,1812,1678,-268,3356
1611,1985,1798,-374,3596
2222,1725,1973,497,3947
1569,1984,1776,-415,3553
1882,1714,1798,168,3596
1823,2246,2034,-423,4069
2113,2051,2082,62,4164
2027,1753,1890,274,3780
1923,1764,1843,159,3687
1913,2070,1991,-157,3983
1746,1388,1567,358,3134
1971,2071,2021,-100,4042
1918,2227,2072,-309,4145
1877,2137,2007,-260,4014
2256,1805,2030,451,4061
2063,2108,2085,-45,4171
2003,2167,2085,-164,4170
1918,2087,2002,-169,4005
2006,1634,1820,372,3640
1812,2209,2010,-397,4021
1786,2181,1983,-395,3967
1689,1817,1753,-128,3506
1820,1669,1744,151,3489
1942,1868,1905,74,3810
1799,1943,1871,-144,3742
2384,1791,2087,593,4175
1933,1857,1895,76,3790
1986,1864,1925,122,3850
1839,2132,1985,-293,3971
1745,1845,1795,-100,3590
2128,2002,2065,126,4130
1992,1614,1803,378,3606
1839,2119,1979,-280,3958
1966,2156,2061,-190,4122
1870,2195,2032,-325,4065
2205,1740,1972,465,3945
1669,1234,1451,435,2903
2003,2158,2080,-155,4161
2017,1939,1978,78,3956
2201,1663,1932,538,3864
2152,1899,2025,253,4051
2026,2104,2065,-78,4130
2023,2166,2094,-143,4189
1875,2133,2004,-258,4008
2097,2104,2100,-7,4201
2005,1704,1854,301,3709
2095,1977,2036,118,4072
2130,1971,2050,159,4101
1664,1868,1766,-204,3532
2279,1721,2000,558,4000
1839,1897,1868,-58,3736
1860,2089,1974,-229,3949
1759,1817,1788,-58,3576
2065,2093,2079,-28,4158
1869,1585,1727,284,3454
1921,2132,2026,-211,4053
2148,2005,2076,143,4153
1886,2047,1966,-161,3933
1700,1657,1678,43,3357
1756,1646,1701,110,3402
1723,2166,1944,-443,3889
2219,1920,2069,299,4139
1690,1866,1778,-176,3556
1825,2018,1921,-193,3843
1823,2036,1929,-213,3859
1897,1627,1762,270,3524
1684,1682,1683,2,3366
2067,1932,1999,135,3999
2144,2008,2076,136,4152
2230,1750,1990,480,3980
1628,1709,1668,-81,3337
2108,2054,2081,54,4162
2015,1633,1824,382,3648
2010,2085,2047,-75,4095
1883,1633,1758,250,3516
1788,2107,1947,-319,3895
2097,1533,1815,564,3630
2139,1986,2062,153,4125
1915,1575,1745,340,3490
1736,1492,1614,244,3228
1987,2005,1996,-18,3992
1840,2101,1970,-261,3941
1993,2177,2085,-184,4170
2132,1830,1981,302,3962
1708,1903,1805,-195,3611
2230,1732,1981,498,3962
2101,2023,2062,78,4124
1970,2109,2039,-139,4079
1904,2074,1989,-170,3978
1909,2089,1999,-180,3998
1738,2127,1932,-389,3865
1988,2133,2060,-145,4121
1945,2008,1976,-63,3953
2040,2068,2054,-28,4108
2168,1881,2024,287,4049
2102,1984,2043,118,4086
2381,1817,2099,564,4198
1650,1683,1666,-33,3333
1933,2157,2045,-224,4090
2035,1759,1897,276,3794
2191,1940,2065,251,4131
1935,2021,1978,-86,3956
2108,1923,2015,185,4031
1996,2187,2091,-191,4183
1984,1886,1935,98,3870
1857,2048,1952,-191,3905
1782,1487,1634,295,3269
1685,1751,1718,-66,3436
2107,1956,2031,151,4063
2025,1839,1932,186,3864
2236,1959,2097,277,4195
2076,1713,1894,363,3789
2106,1907,2006,199,4013
1605,2436,2020,-831,4041
1926,2091,2008,-165,4017
1875,1774,1824,101,3649
1871,2002,1936,-131,3873
1936,2092,2014,-156,4028
2017,2172,2094,-155,4189
2016,1903,1959,113,3919
1862,2000,1931,-138,3862
2009,1961,1985,48,3970
2044,1813,1928,231,3857
1724,2013,1868,-289,3737
2120,1838,1979,282,3958
2123,1964,2043,159,4087
2186,2005,2095,181,4191
1730,1980,1855,-250,3710
1932,2223,2077,-291,4155
1846,1996,1921,-150,3842
1828,2130,1979,-302,3958
1887,2170,2028,-283,4057
1479,2115,1797,-636,3594
1609,1641,1625,-32,3250
1617,1706,1661,-89,3323
1748,2003,1875,-255,3751
1608,1730,1669,-122,3338
1792,1889,1840,-97,3681
1576,1819,1697,-243,3395
1648,2006,1827,-358,3654
1603,1827,1715,-224,3430
1882,1865,1873,17,3747
2226,1854,2040,372,4080
1507,1894,1700,-387,3401
1752,1770,1761,-18,3522
1547,1407,1477,140,2954
2107,1930,2018,177,4037
2076,1750,1913,326,3826
1872,2078,1975,-206,3950
1883,1699,1791,184,3582
1942,1746,1844,196,3688
2123,1683,1903,440,3806
1936,1805,1870,131,3741
1950,2126,2038,-176,4076
1230,1384,1307,-154,2614
1793,1885,1839,-92,3678
1925,2201,2063,-276,4126
2105,1771,1938,334,3876
2147,2051,2099,96,4198
1553,1535,1544,18,3088
2000,2108,2054,-108,4108
1750,1370,1560,380,3120
1816,2218,2017,-402,4034
2165,1909,2037,256,4074
1789,1983,1886,-194,3772
2042,1885,1963,157,3927
2210,1883,2046,327,4093
1819,1627,1723,192,3446
2082,1909,1995,173,3991
2069,1982,2025,87,4051
2113,1773,1943,340,3886
2005,1961,1983,44,3966
1864,1883,1873,-19,3747
1760,2052,1906,-292,3812
1991,1940,1965,51,3931
1969,2071,2020,-102,4040
1514,2039,1776,-525,3553
2047,1895,1971,152,3942
2062,1907,1984,155,3969
2152,2002,2077,150,4154
2150,1778,1964,372,3928
1815,1517,1666,298,3332
1929,2077,2003,-148,4006
2050,1808,1929,242,3858
1788,1691,1739,97,3479
2212,1929,2070,283,4141
1889,2017,1953,-128,3906
2130,1992,2061,138,4122
1945,1880,1912,65,3825
1827,1927,1877,-100,3754
2070,1793,1931,277,3863
1893,1995,1944,-102,3888
1867,2073,1970,-206,3940
1776,1959,1867,-183,3735
2141,1878,2009,263,4019
2153,1930,2041,223,4083
2079,1821,1950,258,3900
1599,1853,1726,-254,3452
2089,1936,2012,153,4025
1722,1430,1576,292,3152
1816,2102,1959,-286,3918
2241,1543,1892,698,3784
2153,2030,2091,123,4183
2067,1983,2025,84,4050
2132,1895,2013,237,4027
1965,2126,2045,-161,4091
1901,2201,2051,-300,4102
1689,1585,1637,104,3274
2050,1417,1733,633,3467
2167,1954,2060,213,4121
1720,1378,1549,342,3098
1690,1713,1701,-23,3403
2091,1837,1964,254,3928
1646,1765,1705,-119,3411
2148,2029,2088,119,4177
2068,1932,2000,136,4000
1594,1848,1721,-254,3442
1673,1983,1828,-310,3656
2102,1931,2016,171,4033
1704,1863,1783,-159,3567
1747,2160,1953,-413,3907
1804,1801,1802,3,3605
1790,1672,1731,118,3462
2041,1657,1849,384,3698
2015,2150,2082,-135,4165
1439,1641,1540,-202,3080
2173,2026,2099,147,4199
1470,1634,1552,-164,3104
1909,2048,1978,-139,3957
1862,1631,1746,231,3493
2105,1933,2019,172,4038
1543,1660,1601,-117,3203
2028,2163,2095,-135,4191
1920,2141,2030,-221,4061
1864,1367,1615,497,3231
1996,2107,2051,-111,4103
1541,2210,1875,-669,3751
2011,1833,1922,178,3844
1654,2045,1849,-391,3699
1560,1561,1560,-1,3121
1940,1719,1829,221,3659
1764,2016,1890,-252,3780
2124,2051,2087,73,4175
1572,1838,1705,-266,3410
1687,2019,1853,-332,3706
1661,1897,1779,-236,3558
2092,1887,1989,205,3979
1947,1943,1945,4,3890
1948,1715,1831,233,3663
2167,1961,2064,206,4128
2028,1987,2007,41,4015
1941,2039,1990,-98,3980
1788,1974,1881,-186,3762
2014,1861,1937,153,3875
1876,1672,1774,204,3548
1464,1835,1649,-371,3299
2283,1909,2096,374,4192
2004,1504,1754,500,3508
2042,1809,1925,233,3851
2029,1633,1831,396,3662
2045,1842,1943,203,3887
2172,2007,2089,165,4179
1893,1454,1673,439,3347
1293,1639,1466,-346,2932
1818,1618,1718,200,3436
2062,1874,1968,188,3936
2160,1849,2004,311,4009
1680,1667,1673,13,3347
1544,2057,1800,-513,3601
2024,1814,1919,210,3838
1795,1974,1884,-179,3769
2259,1790,2024,469,4049
1764,2078,1921,-314,3842
2055,1726,1890,329,3781
1597,1942,1769,-345,3539
2113,1783,1948,330,3896
2079,2056,2067,23,4135
1927,2145,2036,-218,4072
2091,1935,2013,156,4026
2120,1763,1941,357,3883
1787,2004,1895,-217,3791
1916,1746,1831,170,3662
1808,1620,1714,188,3428
1847,2188,2017,-341,4035
2194,1763,1978,431,3957
1945,2076,2010,-131,4021
1678,1653,1665,25,3331
1884,1930,1907,-46,3814
1800,1983,1891,-183,3783
2071,1544,1807,527,3615
1595,1671,1633,-76,3266
1671,1949,1810,-278,3620
1623,1868,1745,-245,3491
1993,2158,2075,-165,4151
2017,1887,1952,130,3904
2237,1921,2079,316,4158
1850,2056,1953,-206,3906
2026,2097,2061,-71,4123
1899,1983,1941,-84,3882
1969,1344,1656,625,3313
2118,2040,2079,78,4158
1970,2033,2001,-63,4003
2122,2027,2074,95,4149
1567,1408,1487,159,2975
2072,1810,1941,262,3882
1922,2178,2050,-256,4100
1731,1857,1794,-126,3588
1566,1962,1764,-396,3528
1882,2137,2009,-255,4019
1576,1526,1551,50,3102
1857,1497,1677,360,3354
1786,1622,1704,164,3408
2070,1807,1938,263,3877
1963,1931,1947,32,3894
2139,1902,2020,237,4041
1274,1453,1363,-179,2727
1462,1705,1583,-243,3167
2169,1683,1926,486,3852
1915,1548,1731,367,3463
1734,1920,1827,-186,3654
1992,2101,2046,-109,4093
1719,1834,1776,-115,3553
2012,1930,1971,82,3942
1930,2102,2016,-172,4032
1665,1899,1782,-234,3564
1952,2052,2002,-100,4004
1988,2139,2063,-151,4127
1988,1856,1922,132,3844
2009,1834,1921,175,3843
2068,1922,1995,146,3990
2124,1964,2044,160,4088
1769,2185,1977,-416,3954
1739,1567,1653,172,3306
1867,2214,2040,-347,4081
1951,2089,2020,-138,4040
2197,2004,2100,193,4201
1749,2069,1909,-320,3818
2002,2098,2050,-96,4100
1807,2221,2014,-414,4028
1852,2175,2013,-323,4027
1924,1610,1767,314,3534
1999,2026,2012,-27,4025
1752,1602,1677,150,3354
2140,1722,1931,418,3862
2224,1932,2078,292,4156
2000,1838,1919,162,3838
2046,1879,1962,167,3925
1931,2076,2003,-145,4007
1931,2201,2066,-270,4132
1623,2188,1905,-565,3811
1984,2095,2039,-111,4079
1807,1996,1901,-189,3803
1733,1949,1841,-216,3682
1972,1622,1797,350,3594
1883,2255,2069,-372,4138
1876,2117,1996,-241,3993
2244,1933,2088,311,4177
1837,2081,1959,-244,3918
2133,2058,2095,75,4191
2221,1872,2046,349,4093
1791,2033,1912,-242,3824
2189,1882,2035,307,4071
2032,1905,1968,127,3937
1935,2188,2061,-253,4123
2308,1870,2089,438,4178
2061,2132,2096,-71,4193
2120,1881,2000,239,4001
2079,1911,1995,168,3990
1727,1485,1606,242,3212
2053,1861,1957,192,3914
1980,1843,1911,137,3823
1801,1684,1742,117,3485
2153,2013,2083,140,4166
2130,1655,1892,475,3785
2052,2121,2086,-69,4173
1984,2211,2097,-227,4195
1926,2145,2035,-219,4071
1879,1861,1870,18,3740
2046,1602,1824,444,3648
2022,2095,2058,-73,4117
2021,1636,1828,385,3657
1779,2239,2009,-460,4018
2210,1828,2019,382,4038
1833,1565,1699,268,3398
1769,2062,1915,-293,3831
2069,2122,2095,-53,4191
2070,1905,1987,165,3975
2240,1933,2086,307,4173
1976,2180,2078,-204,4156
1589,1678,1633,-89,3267
2000,1751,1875,249,3751
1746,2131,1938,-385,3877
2053,1727,1890,326,3780
2101,2082,2091,19,4183
1991,1717,1854,274,3708
2073,1917,1995,156,3990
1803,1987,1895,-184,3790
1657,1571,1614,86,3228
1962,1887,1924,75,3849
2029,1882,1955,147,3911
1794,1572,1683,222,3366
1957,1523,1740,434,3480
2118,1848,1983,270,3966
1830,1957,1893,-127,3787
2229,1944,2086,285,4173
2209,1981,2095,228,4190
2153,1818,1985,335,3971
1601,1776,1688,-175,3377
2309,1776,2042,533,4085
1781,2394,2087,-613,4175
1883,1605,1744,278,3488
2048,1953,2000,95,4001
2087,1972,2029,115,4059
1992,1646,1819,346,3638
1916,2154,2035,-238,4070
1992,1894,1943,98,3886
1730,2187,1958,-457,3917
1525,1899,1712,-374,3424
2114,2033,2073,81,4147
1506,2027,1766,-521,3533
2126,1933,2029,193,4059
1926,1791,1858,135,3717
1945,1744,1844,201,3689
1743,1423,1583,320,3166
2243,1907,2075,336,4150
1742,1987,1864,-245,3729
2020,2103,2061,-83,4123
1645,2181,1913,-536,3826
1875,2150,2012,-275,4025
1512,1933,1722,-421,3445
2137,1843,1990,294,3980
2192,1952,2072,240,4144
1812,1893,1852,-81,3705
1892,1810,1851,82,3702
2194,1780,1987,414,3974
1773,2071,1922,-298,3844
1571,1857,1714,-286,3428
1965,1654,1809,311,3619
1999,2111,2055,-112,4110
2263,1841,2052,422,4104
2020,2148,2084,-128,4168
1921,2176,2048,-255,4097
1985,1913,1949,72,3898
2033,1902,1967,131,3935
2109,2043,2076,66,4152
1891,2055,1973,-164,3946
1974,2115,2044,-141,4089
1922,2225,2073,-303,4147
2297,1812,2054,485,4109
1841,2036,1938,-195,3877
2167,1960,2063,207,4127
1674,2019,1846,-345,3693
2128,2057,2092,71,4185
1973,1633,1803,340,3606
1714,2257,1985,-543,3971
1936,2135,2035,-199,4071
2090,2107,2098,-17,4197
1966,2118,2042,-152,4084
1634,1889,1761,-255,3523
2155,1751,1953,404,3906
1653,1978,1815,-325,3631
1401,1781,1591,-380,3182
2156,1865,2010,291,4021
2098,1689,1893,409,3787
1945,1931,1938,14,3876
2005,1978,1991,27,3983
2078,1800,1939,278,3878
1813,2040,1926,-227,3853
2223,1870,2046,353,4093
1755,1502,1628,253,3257
2037,1878,1957,159,3915
1634,1903,1768,-269,3537
1966,2141,2053,-175,4107
1567,1704,1635,-137,3271
1839,1430,1634,409,3269
2066,1930,1998,136,3996
2195,1835,2015,360,4030
1996,1844,1920,152,3840
1807,1929,1868,-122,3736
1760,2041,1900,-281,3801
2281,1917,2099,364,4198
2037,1581,1809,456,3618
1761,2150,1955,-389,3911
2327,1804,2065,523,4131
1958,1821,1889,137,3779
1953,2052,2002,-99,4005
1833,1531,1682,302,3364
1975,2208,2091,-233,4183
1930,2078,2004,-148,4008
1373,2222,1797,-849,3595
1982,1695,1838,287,3677
1916,2110,2013,-194,4026
1846,2113,1979,-267,3959
1951,1991,1971,-40,3942
1819,2042,1930,-223,3861
2149,1965,2057,184,4114
1939,2050,1994,-111,3989
1841,2122,1981,-281,3963
2082,1998,2040,84,4080
2024,2172,2098,-148,4196
2238,1926,2082,312,4164
2101,1923,2012,178,4024
1379,1673,1526,-294,3052
1739,2015,1877,-276,3754
1890,2163,2026,-273,4053
1953,2060,2006,-107,4013
2105,1966,2035,139,4071
2237,1760,1998,477,3997
1871,2098,1984,-227,3969
1991,2152,2071,-161,4143
2331,1854,2092,477,4185
1932,1884,1908,48,3816
2224,1911,2067,313,4135
1980,2116,2048,-136,4096
1890,2249,2069,-359,4139
2084,2037,2060,47,4121
1556,1932,1744,-376,3488
2200,1812,2006,388,4012
2062,2133,2097,-71,4195
2105,2021,2063,84,4126
1885,1693,1789,192,3578
2175,2003,2089,172,4178
2166,1932,2049,234,4098
2152,1923,2037,229,4075
2126,1768,1947,358,3894
2138,1840,1989,298,3978
1660,1676,1668,-16,3336
1926,1884,1905,42,3810
1280,1552,1416,-272,2832
1921,2053,1987,-132,3974
1980,1948,1964,32,3928
2106,1926,2016,180,4032
1912,1768,1840,144,3680
1880,2057,1968,-177,3937
1889,2282,2085,-393,4171
2210,1967,2088,243,4177
2136,1951,2043,185,4087
1884,2151,2017,-267,4035
1957,1775,1866,182,3732
1660,1652,1656,8,3312
1747,2379,2063,-632,4126
2182,1940,2061,242,4122
1897,2292,2094,-395,4189
1910,2092,2001,-182,4002
2049,2101,2075,-52,4150
1612,1833,1722,-221,3445
1923,2108,2015,-185,4031
1783,1779,1781,4,3562
2039,1888,1963,151,3927
1507,2239,1873,-732,3746
2127,2032,2079,95,4159
1908,2121,2014,-213,4029
2121,2037,2079,84,4158
2182,1911,2046,271,4093
2289,1806,2047,483,4095
1993,1767,1880,226,3760
1748,1956,1852,-208,3704
2259,1850,2054,409,4109
1940,2156,2048,-216,4096
2036,2030,2033,6,4066
1892,2049,1970,-157,3941
1873,2250,2061,-377,4123
2101,1966,2033,135,4067
2403,1764,2083,639,4167
1383,1206,1294,177,2589
1499,1795,1647,-296,3294
1845,2081,1963,-236,3926
1757,2436,2096,-679,4193
1957,2094,2025,-137,4051
2064,1880,1972,184,3944
1605,1940,1772,-335,3545
1790,1554,1672,236,3344
1884,1887,1885,-3,3771
1715,1436,1575,279,3151
2061,2034,2047,27,4095
1931,2076,2003,-145,4007
1835,2056,1945,-221,3891
2047,1777,1912,270,3824
1771,2327,2049,-556,4098
1883,1657,1770,226,3540
1993,1782,1887,211,3775
2073,2000,2036,73,4073
1725,2212,1968,-487,3937
2211,1970,2090,241,4181
1672,1740,1706,-68,3412
1790,2047,1918,-257,3837
2068,2032,2050,36,4100
1889,2050,1969,-161,3939
1825,2153,1989,-328,3978
1767,1981,1874,-214,3748
1836,1936,1886,-100,3772
1527,1701,1614,-174,3228
1993,1924,1958,69,3917
1483,2101,1792,-618,3584
1956,2205,2080,-249,4161
1904,2041,1972,-137,3945
1532,1344,1438,188,2876
2132,1895,2013,237,4027
2312,1806,2059,506,4118
2155,1876,2015,279,4031
1952,2189,2070,-237,4141
1846,1634,1740,212,3480
2084,1889,1986,195,3973
2074,1880,1977,194,3954
1762,1748,1755,14,3510
1643,1790,1716,-147,3433
2015,2043,2029,-28,4058
1805,1968,1886,-163,3773
1798,2000,1899,-202,3798
1663,2190,1926,-527,3853
1250,1518,1384,-268,2768
2004,1843,1923,161,3847
2007,2115,2061,-108,4122
1799,1806,1802,-7,3605
1734,1796,1765,-62,3530
2145,1883,2014,262,4028
2160,2017,2088,143,4177
1908,2168,2038,-260,4076
1625,1684,1654,-59,3309
2188,1940,2064,248,4128
2189,1951,2070,238,4140
1962,2164,2063,-202,4126
1714,2281,1997,-567,3995
1860,2134,1997,-274,3994
1991,2071,2031,-80,4062
2306,1531,1918,775,3837
2192,1992,2092,200,4184
1836,2067,1951,-231,3903
1877,2067,1972,-190,3944
1626,2368,1997,-742,3994
2054,1858,1956,196,3912
1787,2177,1982,-390,3964
1780,1993,1886,-213,3773
2120,1889,2004,231,4009
2108,2039,2073,69,4147
2123,1731,1927,392,3854
2037,2098,2067,-61,4135
2154,1991,2072,163,4145
1931,1309,1620,622,3240
1861,2134,1997,-273,3995
1971,2102,2036,-131,4073
2203,1969,2086,234,4172
2123,1873,1998,250,3996
1904,2037,1970,-133,3941
1879,1905,1892,-26,3784
2137,2005,2071,132,4142
2174,1863,2018,311,4037
2045,1805,1925,240,3850
1667,1954,1810,-287,3621
2152,1820,1986,332,3972
2029,1745,1887,284,3774
1633,1903,1768,-270,3536
2033,1854,1943,179,3887
2093,1799,1946,294,3892
1988,2197,2092,-209,4185
2124,1835,1979,289,3959
1758,1456,1607,302,3214
2215,1821,2018,394,4036
1825,1691,1758,134,3516
2013,2025,2019,-12,4038
1969,2094,2031,-125,4063
2105,1811,1958,294,3916
1710,2289,1999,-579,3999
2004,1680,1842,324,3684
1682,1762,1722,-80,3444
1949,2182,2065,-233,4131
1530,1712,1621,-182,3242
1622,1798,1710,-176,3420
1498,1761,1629,-263,3259
1861,2286,2073,-425,4147
1606,1822,1714,-216,3428
2024,1724,1874,300,3748
1983,1605,1794,378,3588
1960,2124,2042,-164,4084
2189,1959,2074,230,4148
1921,1742,1831,179,3663
2136,1871,2003,265,4007
2166,1935,2050,231,4101
1840,1991,1915,-151,3831
1734,2083,1908,-349,3817
2065,1975,2020,90,4040
1881,2061,1971,-180,3942
1612,1835,1723,-223,3447
1898,2110,2004,-212,4008
1768,1934,1851,-166,3702
1976,2060,2018,-84,4036
1848,1905,1876,-57,3753
1997,2173,2085,-176,4170
1989,1870,1929,119,3859
2049,1957,2003,92,4006
1991,1729,1860,262,3720
1834,2009,1921,-175,3843
1618,1603,1610,15,3221
2136,1979,2057,157,4115
1881,1742,1811,139,3623
1973,1812,1892,161,3785
2143,1973,2058,170,4116
2215,1828,2021,387,4043
1931,2211,2071,-280,4142
1892,2130,2011,-238,4022
2089,1781,1935,308,3870
2085,1945,2015,140,4030
1973,2081,2027,-108,4054
1709,2170,1939,-461,3879
2016,1766,1891,250,3782
2018,2030,2024,-12,4048
2218,1799,2008,419,4017
1782,1501,1641,281,3283
1714,1447,1580,267,3161
2144,2001,2072,143,4145
1824,1949,1886,-125,3773
1949,1989,1969,-40,3938
1995,2200,2097,-205,4195
1873,2076,1974,-203,3949
1641,2200,1920,-559,3841
1514,1676,1595,-162,3190
1919,2034,1976,-115,3953
1595,1464,1529,131,3059
1770,2148,1959,-378,3918
1873,2167,2020,-294,4040
1639,2004,1821,-365,3643
2110,1863,1986,247,3973
2187,1751,1969,436,3938
1804,1957,1880,-153,3761
1753,2222,1987,-469,3975
2000,1818,1909,182,3818
2105,2071,2088,34,4176
1679,1969,1824,-290,3648
1619,1936,1777,-317,3555
2083,1873,1978,210,3956
1776,1541,1658,235,3317
1850,2045,1947,-195,3895
1774,2321,2047,-547,4095
2023,2152,2087,-129,4175
2045,1774,1909,271,3819
2185,1911,2048,274,4096
1704,2053,1878,-349,3757
1942,2209,2075,-267,4151
2137,1948,2042,189,4085
1568,2149,1858,-581,3717
2014,1572,1793,442,3586
1969,1862,1915,107,3831
1885,2018,1951,-133,3903
2200,1867,2033,333,4067
1879,2131,2005,-252,4010
1749,1845,1797,-96,3594
2339,1843,2091,496,4182
1548,1768,1658,-220,3316
2127,1760,1943,367,3887
1870,1596,1733,274,3466
2078,1890,1984,188,3968
1248,1954,1601,-706,3202
2153,1902,2027,251,4055
1404,1677,1540,-273,3081
1769,1977,1873,-208,3746
2165,1888,2026,277,4053
1902,1898,1900,4,3800
1907,2276,2091,-369,4183
1750,2026,1888,-276,3776
1980,2215,2097,-235,4195
1797,1940,1868,-143,3737
1869,2182,2025,-313,4051
1684,1956,1820,-272,3640
2213,1983,2098,230,4196
1822,2077,1949,-255,3899
1809,2139,1974,-330,3948
1912,1711,1811,201,3623
1956,2239,2097,-283,4195
2090,1955,2022,135,4045
1931,2143,2037,-212,4074
1776,2054,1915,-278,3830
2079,1285,1682,794,3364
2139,1960,2049,179,4099
2151,1993,2072,158,4144
1771,2225,1998,-454,3996
1679,1921,1800,-242,3600
2117,1771,1944,346,3888
2066,1961,2013,105,4027
2053,1703,1878,350,3756
1903,1996,1949,-93,3899
1707,2110,1908,-403,3817
2069,1950,2009,119,4019
2140,1902,2021,238,4042
1590,1840,1715,-250,3430
1915,1692,1803,223,3607
1954,1594,1774,360,3548
1579,1951,1765,-372,3530
2102,1883,1992,219,3985
1368,1958,1663,-590,3326
2198,1972,2085,226,4170
2012,2127,2069,-115,4139
1973,2065,2019,-92,4038
1991,1632,1811,359,3623
2237,1959,2098,278,4196
1608,2092,1850,-484,3700
1451,1417,1434,34,2868
1982,2116,2049,-134,4098
2092,1852,1972,240,3944
1864,2057,1960,-193,3921
1865,1556,1710,309,3421
1975,2159,2067,-184,4134
2055,1789,1922,266,3844
1718,2157,1937,-439,3875
1900,1567,1733,333,3467
1941,2232,2086,-291,4173
1799,2138,1968,-339,3937
1676,1862,1769,-186,3538
1741,1592,1666,149,3333
2130,2018,2074,112,4148
1879,2051,1965,-172,3930
1616,1658,1637,-42,3274
1846,2077,1961,-231,3923
1550,1565,1557,-15,3115
1468,1879,1673,-411,3347
2064,2024,2044,40,4088
1717,1918,1817,-201,3635
1983,2119,2051,-136,4102
2057,1884,1970,173,3941
1560,1223,1391,337,2783
1901,2076,1988,-175,3977
1933,2110,2021,-177,4043
1983,2026,2004,-43,4009
2134,1904,2019,230,4038
2074,1675,1874,399,3749
1933,1644,1788,289,3577
2173,1987,2080,186,4160
1890,1512,1701,378,3402
2354,1791,2072,563,4145
2005,1839,1922,166,3844
2078,1832,1955,246,3910
1993,2073,2033,-80,4066
1991,2065,2028,-74,4056
2106,2017,2061,89,4123
1759,2116,1937,-357,3875
1927,2107,2017,-180,4034
2221,1899,2060,322,4120
2070,1896,1983,174,3966
2160,1979,2069,181,4139
1942,1749,1845,193,3691
1805,2125,1965,-320,3930
1917,2120,2018,-203,4037
1218,1278,1248,-60,2496
1985,1850,1917,135,3835
2223,1585,1904,638,3808
1848,1992,1920,-144,3840
2010,2141,2075,-131,4151
2358,1626,1992,732,3984
1734,2143,1938,-409,3877
1509,2030,1769,-521,3539
1747,1425,1586,322,3172
2253,1839,2046,414,4092
1507,2124,1815,-617,3631
1876,1798,1837,78,3674
2194,1957,2075,237,4151
1985,1647,1816,338,3632
2185,1962,2073,223,4147
1492,2015,1753,-523,3507
1993,1834,1913,159,3827
2295,1764,2029,531,4059
1880,1637,1758,243,3517
1752,1839,1795,-87,3591
1742,2053,1897,-311,3795
2169,1536,1852,633,3705
2099,2100,2099,-1,4199
1704,2023,1863,-319,3727
1830,1895,1862,-65,3725
1828,1971,1899,-143,3799
1959,2086,2022,-127,4045
1716,2082,1899,-366,3798
1769,2118,1943,-349,3887
1718,2224,1971,-506,3942
2062,1806,1934,256,3868
1800,1557,1678,243,3357
2019,1782,1900,237,3801
2261,1730,1995,531,3991
2273,1715,1994,558,3988
1924,2175,2049,-251,4099
2043,1959,2001,84,4002
1803,2008,1905,-205,3811
2165,1964,2064,201,4129
2190,2007,2098,183,4197
1870,2226,2048,-356,4096
1722,2154,1938,-432,3876
1949,1779,1864,170,3728
2015,1731,1873,284,3746
1981,2081,2031,-100,4062
2149,1921,2035,228,4070
1829,2039,1934,-210,3868
1808,2049,1928,-241,3857
1981,2103,2042,-122,4084
2164,1866,2015,298,4030
1942,1458,1700,484,3400
1748,1962,1855,-214,3710
1751,1546,1648,205,3297
1707,2001,1854,-294,3708
1605,1772,1688,-167,3377
1746,2035,1890,-289,3781
1655,1834,1744,-179,3489
2035,1734,1884,301,3769
2022,2093,2057,-71,4115
1808,1910,1859,-102,3718
1830,2144,1987,-314,3974
1951,1768,1859,183,3719
2116,2005,2060,111,4121
1991,2066,2028,-75,4057
1817,1899,1858,-82,3716
2158,1984,2071,174,4142
2061,1989,2025,72,4050
1933,1968,1950,-35,3901
2246,1699,1972,547,3945
2212,1760,1986,452,3972
1952,2191,2071,-239,4143
1855,2079,1967,-224,3934
2115,1967,2041,148,4082
1908,1760,1834,148,3668
1966,1729,1847,237,3695
2154,1983,2068,171,4137
2043,1715,1879,328,3758
2012,1905,1958,107,3917
2077,1843,1960,234,3920
2075,1793,1934,282,3868
2047,1893,1970,154,3940
2216,1962,2089,254,4178
2269,1822,2045,447,4091
2136,2016,2076,120,4152
1797,1963,1880,-166,3760
2080,1943,2011,137,4023
2009,1855,1932,154,3864
1848,2269,2058,-421,4117
1978,2087,2032,-109,4065
2160,1886,2023,274,4046
2214,1703,1958,511,3917
1966,2121,2043,-155,4087
2275,1505,1890,770,3780
1571,2135,1853,-564,3706
2053,1783,1918,270,3836
1925,2095,2010,-170,4020
1746,1730,1738,16,3476
1885,2132,2008,-247,4017
2109,1861,1985,248,3970
2072,1879,1975,193,3951
2000,1788,1894,212,3788
2182,1911,2046,271,4093
1871,2196,2033,-325,4067
1944,1963,1953,-19,3907
1638,2408,2023,-770,4046
1971,2141,2056,-170,4112
1964,2132,2048,-168,4096
1646,1711,1678,-65,3357
2265,1928,2096,337,4193
1873,2071,1972,-198,3944
1599,1665,1632,-66,3264
2075,1933,2004,142,4008
1848,1554,1701,294,3402
1933,2099,2016,-166,4032
2142,1981,2061,161,4123
1881,1768,1824,113,3649
2056,2002,2029,54,4058
1914,1721,1817,193,3635
2015,1800,1907,215,3815
1895,2009,1952,-114,3904
1964,1681,1822,283,3645
1812,2117,1964,-305,3929
1914,2162,2038,-248,4076
2131,1949,2040,182,4080
2003,1845,1924,158,3848
2060,1873,1966,187,3933
2009,2022,2015,-13,4031
2011,2174,2092,-163,4185
1846,1984,1915,-138,3830
1745,1997,1871,-252,3742
2339,1330,1834,1009,3669
1677,1264,1470,413,2941
1925,1769,1847,156,3694
2283,1886,2084,397,4169
2113,1966,2039,147,4079
1741,2124,1932,-383,3865
2121,1833,1977,288,3954
2174,1840,2007,334,4014
1832,2330,2081,-498,4162
1780,1895,1837,-115,3675
1928,1836,1882,92,3764
1873,2223,2048,-350,4096
1713,2185,1949,-472,3898
2214,1909,2061,305,4123
1809,1926,1867,-117,3735
1918,2043,1980,-125,3961
2278,1659,1968,619,3937
1819,1967,1893,-148,3786
2101,2061,2081,40,4162
2138,1796,1967,342,3934
1866,1600,1733,266,3466
2094,1907,2000,187,4001
2020,1961,1990,59,3981
2097,1959,2028,138,4056
2197,1985,2091,212,4182
2244,1849,2046,395,4093
2186,1866,2026,320,4052
1988,1962,1975,26,3950
1867,2122,1994,-255,3989
1969,2172,2070,-203,4141
2230,1920,2075,310,4150
1844,1976,1910,-132,3820
1888,2278,2083,-390,4166
2284,1812,2048,472,4096
1937,1759,1848,178,3696
1982,2149,2065,-167,4131
1883,1724,1803,159,3607
2016,1786,1901,230,3802
1698,1815,1756,-117,3513
2060,2108,2084,-48,4168
1927,1824,1875,103,3751
1952,2084,2018,-132,4036
2174,1782,1978,392,3956
1981,2114,2047,-133,4095
1950,2244,2097,-294,4194
1931,2257,2094,-326,4188
1872,1893,1882,-21,3765
1724,2023,1873,-299,3747
2185,1856,2020,329,4041
1581,2296,1938,-715,3877
1665,2073,1869,-408,3738
2175,1914,2044,261,4089
1999,2191,2095,-192,4190
2296,1802,2049,494,4098
1708,1829,1768,-121,3537
2215,1882,2048,333,4097
1806,2153,1979,-347,3959
1919,2145,2032,-226,4064
1918,2065,1991,-147,3983
2062,2039,2050,23,4101
1357,1370,1363,-13,2727
1983,2130,2056,-147,4113
2044,2120,2082,-76,4164
2026,1920,1973,106,3946
1514,1734,1624,-220,3248
2138,1861,1999,277,3999
2149,1987,2068,162,4136
2002,2071,2036,-69,4073
1823,1929,1876,-106,3752
1672,1958,1815,-286,3630
1810,1993,1901,-183,3803
2224,1971,2097,253,4195
1816,2157,1986,-341,3973
2120,2063,2091,57,4183
2167,2009,2088,158,4176
1871,1614,1742,257,3485
2015,1845,1930,170,3860
2276,1815,2045,461,4091
2193,1993,2093,200,4186
1968,2220,2094,-252,4188
2174,2008,2091,166,4182
1906,2292,2099,-386,4198
2249,1544,1896,705,3793
2239,1630,1934,609,3869
1995,1704,1849,291,3699
1860,1935,1897,-75,3795
2022,1866,1944,156,3888
1628,1879,1753,-251,3507
2276,1873,2074,403,4149
2187,1940,2063,247,4127
2050,1951,2000,99,4001
1667,1973,1820,-306,3640
1867,1829,1848,38,3696
2127,1833,1980,294,3960
2024,2043,2033,-19,4067
1638,1279,1458,359,2917
2029,1989,2009,40,4018
2052,1862,1957,190,3914
2188,2007,2097,181,4195
2072,1791,1931,281,3863
1607,1432,1519,175,3039
2025,1664,1844,361,3689
1887,2037,1962,-150,3924
2215,1878,2046,337,4093
2073,1716,1894,357,3789
2167,1936,2051,231,4103
2070,1885,1977,185,3955
1975,2152,2063,-177,4127
1913,2014,1963,-101,3927
2423,1760,2091,663,4183
1390,1498,1444,-108,2888
1892,2121,2006,-229,4013
1697,1962,1829,-265,3659
2150,2008,2079,142,4158
1930,1983,1956,-53,3913
1755,1959,1857,-204,3714
2017,2169,2093,-152,4186
2091,1935,2013,156,4026
2170,2017,2093,153,4187
2218,1915,2066,303,4133
1896,2061,1978,-165,3957
2172,1984,2078,188,4156
2092,1668,1880,424,3760
1333,1517,1425,-184,2850
2107,2075,2091,32,4182
2085,1641,1863,444,3726
2090,1691,1890,399,3781
1681,2033,1857,-352,3714
2072,1842,1957,230,3914
1950,2023,1986,-73,3973
2002,1733,1867,269,3735
1642,2077,1859,-435,3719
1919,2055,1987,-136,3974
1598,1741,1669,-143,3339
2080,1826,1953,254,3906
2178,1953,2065,225,4131
1997,2151,2074,-154,4148
2009,1900,1954,109,3909
1927,2142,2034,-215,4069
1972,2026,1999,-54,3998
2082,1910,1996,172,3992
2024,2162,2093,-138,4186
1933,2014,1973,-81,3947
2050,2007,2028,43,4057
2137,1849,1993,288,3986
2172,1917,2044,255,4089
2144,1878,2011,266,4022
2253,1791,2022,462,4044
1996,2136,2066,-140,4132
2034,1531,1782,503,3565
1549,1877,1713,-328,3426
1938,1858,1898,80,3796
2302,1647,1974,655,3949
1810,1469,1639,341,3279
2001,2170,2085,-169,4171
2022,2018,2020,4,4040
2098,1901,1999,197,3999
1694,1876,1785,-182,3570
1939,2168,2053,-229,4107
2105,2011,2058,94,4116
1761,1909,1835,-148,3670
2080,1733,1906,347,3813
1774,2148,1961,-374,3922
1814,1757,1785,57,3571
1947,2021,1984,-74,3968
1700,2079,1889,-379,3779
2207,1731,1969,476,3938
2311,1724,2017,587,4035
1999,1817,1908,182,3816
1796,1483,1639,313,3279
1806,1683,1744,123,3489
1987,1835,1911,152,3822
1927,2061,1994,-134,3988
1769,1982,1875,-213,3751
2034,2137,2085,-103,4171
1756,2161,1958,-405,3917
1879,2219,2049,-340,4098
2127,1969,2048,158,4096
2039,1849,1944,190,3888
1878,2079,1978,-201,3957
1817,2326,2071,-509,4143
1883,1893,1888,-10,3776
2079,1834,1956,245,3913
2096,2037,2066,59,4133
1911,1644,1777,267,3555
1732,2128,1930,-396,3860
1867,1591,1729,276,3458
1572,1815,1693,-243,3387
1843,1602,1722,241,3445
2097,1759,1928,338,3856
1689,2131,1910,-442,3820
1945,1777,1861,168,3722
1698,1943,1820,-245,3641
2066,1754,1910,312,3820
1780,2040,1910,-260,3820
1751,2096,1923,-345,3847
1728,1807,1767,-79,3535
1938,2251,2094,-313,4189
1794,1916,1855,-122,3710
2046,2047,2046,-1,4093
2039,2066,2052,-27,4105
1945,1663,1804,282,3608
2150,1491,1820,659,3641
1611,1755,1683,-144,3366
1979,2180,2079,-201,4159
1924,2208,2066,-284,4132
1726,2007,1866,-281,3733
1931,2237,2084,-306,4168
1740,2414,2077,-674,4154
1775,2104,1939,-329,3879
2108,1835,1971,273,3943
1653,1942,1797,-289,3595
2199,1846,2022,353,4045
1904,1747,1825,157,3651
2000,1886,1943,114,3886
1997,2087,2042,-90,4084
1846,2222,2034,-376,4068
1844,2050,1947,-206,3894
2210,1962,2086,248,4172
2001,1950,1975,51,3951
2068,1947,2007,121,4015
1999,2001,2000,-2,4000
1865,1697,1781,168,3562
2032,2036,2034,-4,4068
1922,2048,1985,-126,3970
2220,1930,2075,290,4150
1978,2164,2071,-186,4142
2036,1802,1919,234,3838
2066,2100,2083,-34,4166
2140,1913,2026,227,4053
1799,2021,1910,-222,3820
1955,1634,1794,321,3589
2016,2156,2086,-140,4172
1725,2212,1968,-487,3937
2220,1934,2077,286,4154
2009,1673,1841,336,3682
1750,1969,1859,-219,3719
1389,1901,1645,-512,3290
2077,2074,2075,3,4151
1747,1854,1800,-107,3601
2137,2002,2069,135,4139
1805,1973,1889,-168,3778
1626,1960,1793,-334,3586
2074,1912,1993,162,3986
1938,2120,2029,-182,4058
2056,2055,2055,1,4111
2005,2091,2048,-86,4096
1822,2243,2032,-421,4065
1578,1695,1636,-117,3273
1696,1466,1581,230,3162
1983,2146,2064,-163,4129
1672,2329,2000,-657,4001
2032,1886,1959,146,3918
2033,1873,1953,160,3906
2200,1929,2064,271,4129
2054,1834,1944,220,3888
1801,1921,1861,-120,3722
1377,1784,1580,-407,3161
1825,2095,1960,-270,3920
1814,2039,1926,-225,3853
1590,1909,1749,-319,3499
2102,1853,1977,249,3955
2097,1935,2016,162,4032
1950,2162,2056,-212,4112
1728,1774,1751,-46,3502
1791,2280,2035,-489,4071
1631,1844,1737,-213,3475
1770,2016,1893,-246,3786
1775,1860,1817,-85,3635
2101,2055,2078,46,4156
1895,2062,1978,-167,3957
2077,1715,1896,362,3792
1675,1880,1777,-205,3555
1794,1614,1704,180,3408
1956,2130,2043,-174,4086
2087,1718,1902,369,3805
1917,1985,1951,-68,3902
2078,1918,1998,160,3996
2062,1865,1963,197,3927
1943,1547,1745,396,3490
1890,2094,1992,-204,3984
2020,1817,1918,203,3837
1759,2152,1955,-393,3911
1814,2005,1909,-191,3819
2134,2035,2084,99,4169
1838,1900,1869,-62,3738
1713,2185,1949,-472,3898
2124,2007,2065,117,4131
1966,1767,1866,199,3733
2039,1869,1954,170,3908
2264,1809,2036,455,4073
1609,1331,1470,278,2940
1656,1287,1471,369,2943
1879,2211,2045,-332,4090
1917,2133,2025,-216,4050
2172,2023,2097,149,4195
1751,1641,1696,110,3392
1261,1601,1431,-340,2862
1715,2011,1863,-296,3726
1965,2133,2049,-168,4098
2142,1876,2009,266,4018
1927,1763,1845,164,3690
2102,1727,1914,375,3829
1689,1894,1791,-205,3583
2104,1908,2006,196,4012
1570,1839,1704,-269,3409
1882,2158,2020,-276,4040
2081,2045,2063,36,4126
1695,1793,1744,-98,3488
2092,1930,2011,162,4022
1712,1631,1671,81,3343
1964,2016,1990,-52,3980
2020,1677,1848,343,3697
2140,1702,1921,438,3842
2001,1540,1770,461,3541
1899,1789,1844,110,3688
1863,2130,1996,-267,3993
2053,1792,1922,261,3845
1526,1738,1632,-212,3264
1950,2118,2034,-168,4068
1847,2034,1940,-187,3881
1986,2172,2079,-186,4158
1771,1904,1837,-133,3675
2129,2002,2065,127,4131
2193,1930,2061,263,4123
1916,1952,1934,-36,3868
1893,1992,1942,-99,3885
1717,2423,2070,-706,4140
1775,1601,1688,174,3376
1890,2093,1991,-203,3983
1996,2125,2060,-129,4121
1701,1936,1818,-235,3637
2106,1786,1946,320,3892
2049,1817,1933,232,3866
2130,1907,2018,223,4037
1980,1634,1807,346,3614
1880,1490,1685,390,3370
1975,2163,2069,-188,4138
2005,1907,1956,98,3912
2023,2098,2060,-75,4121
1516,1504,1510,12,3020
2043,1641,1842,402,3684
2018,2064,2041,-46,4082
1887,2081,1984,-194,3968
2086,1965,2025,121,4051
2104,1751,1927,353,3855
1962,2153,2057,-191,4115
1698,1939,1818,-241,3637
2101,2006,2053,95,4107
1944,2022,1983,-78,3966
2025,2015,2020,10,4040
2090,1818,1954,272,3908
1645,2002,1823,-357,3647
1857,1601,1729,256,3458
1861,2281,2071,-420,4142
1571,1818,1694,-247,3389
1967,2190,2078,-223,4157
1793,2224,2008,-431,4017
1981,2163,2072,-182,4144
2145,2046,2095,99,4191
1814,2270,2042,-456,4084
1896,2229,2062,-333,4125
2031,2079,2055,-48,4110
2263,1835,2049,428,4098
2016,2118,2067,-102,4134
2129,1843,1986,286,3972
2106,2024,2065,82,4130
1687,1396,1541,291,3083
1788,1904,1846,-116,3692
2090,1715,1902,375,3805
1616,2025,1820,-409,3641
1880,2033,1956,-153,3913
2024,1835,1929,189,3859
1950,2097,2023,-147,4047
1937,2167,2052,-230,4104
2040,1560,1800,480,3600
2313,1753,2033,560,4066
1981,1897,1939,84,3878
1967,2161,2064,-194,4128
2176,1735,1955,441,3911
1974,2106,2040,-132,4080
1721,2105,1913,-384,3826
2154,2010,2082,144,4164
1773,1875,1824,-102,3648
1657,1865,1761,-208,3522
1841,2112,1976,-271,3953
1964,2213,2088,-249,4177
2095,2004,2049,91,4099
2068,1994,2031,74,4062
2002,2112,2057,-110,4114
2174,1889,2031,285,4063
2176,1968,2072,208,4144
1656,2064,1860,-408,3720
2134,1972,2053,162,4106
1623,1548,1585,75,3171
1743,2158,1950,-415,3901
2130,2034,2082,96,4164
2156,1946,2051,210,4102
1866,1752,1809,114,3618
1523,1931,1727,-408,3454
1622,2425,2023,-803,4047
1587,1342,1464,245,2929
1748,2167,1957,-419,3915
2274,1706,1990,568,3980
1789,2392,2090,-603,4181
1604,2540,2072,-936,4144
1811,2221,2016,-410,4032
1921,1675,1798,246,3596
2120,1830,1975,290,3950
1929,1681,1805,248,3610
1923,1790,1856,133,3713
2180,1908,2044,272,4088
1928,1878,1903,50,3806
2108,1784,1946,324,3892
1599,1964,1781,-365,3563
1921,2172,2046,-251,4093
1928,1629,1778,299,3557
2071,1942,2006,129,4013
2124,2054,2089,70,4178
2092,2097,2094,-5,4189
1992,1964,1978,28,3956
1968,1664,1816,304,3632
1780,1956,1868,-176,3736
2220,1943,2081,277,4163
2161,1973,2067,188,4134
2271,1820,2045,451,4091
1983,2075,2029,-92,4058
2125,1970,2047,155,4095
2158,1930,2044,228,4088
2182,1747,1964,435,3929
2046,1956,2001,90,4002
2173,1983,2078,190,4156
1953,2178,2065,-225,4131
2187,2007,2097,180,4194
1646,1684,1665,-38,3330
1825,2092,1958,-267,3917
1582,2203,1892,-621,3785
1957,1929,1943,28,3886
1973,2177,2075,-204,4150
2029,1832,1930,197,3861
1858,2047,1952,-189,3905
2219,1889,2054,330,4108
2137,2049,2093,88,4186
1982,2092,2037,-110,4074
1821,1651,1736,170,3472
2093,1975,2034,118,4068
1633,1948,1790,-315,3581
1864,2035,1949,-171,3899
2103,1814,1958,289,3917
1937,2118,2027,-181,4055
1292,1632,1462,-340,2924
1869,2086,1977,-217,3955
1849,2002,1925,-153,3851
1960,1570,1765,390,3530
2068,1842,1955,226,3910
1988,1700,1844,288,3688
1774,2134,1954,-360,3908
1831,2109,1970,-278,3940
1802,1650,1726,152,3452
1537,1930,1733,-393,3467
2102,1877,1989,225,3979
1932,2099,2015,-167,4031
1968,2117,2042,-149,4085
1994,2088,2041,-94,4082
2052,2125,2088,-73,4177
2057,2006,2031,51,4063
1885,2194,2039,-309,4079
1885,2187,2036,-302,4072
2203,1983,2093,220,4186
2074,2008,2041,66,4082
1663,1856,1759,-193,3519
1941,1964,1952,-23,3905
1680,1740,1710,-60,3420
1852,2128,1990,-276,3980
1890,1917,1903,-27,3807
2006,1935,1970,71,3941
2238,1885,2061,353,4123
1886,1977,1931,-91,3863
2147,1788,1967,359,3935
2095,1651,1873,444,3746
2119,1993,2056,126,4112
1628,1910,1769,-282,3538
2149,1939,2044,210,4088
2169,1873,2021,296,4042
1715,2216,1965,-501,3931
2192,1945,2068,247,4137
2270,1875,2072,395,4145
1762,2062,1912,-300,3824
2072,1881,1976,191,3953
1849,1756,1802,93,3605
1787,2310,2048,-523,4097
2199,1887,2043,312,4086
2143,1766,1954,377,3909
1978,2107,2042,-129,4085
1799,2165,1982,-366,3964
1699,2365,2032,-666,4064
2019,2074,2046,-55,4093
2355,1768,2061,587,4123
1870,2158,2014,-288,4028
1688,2092,1890,-404,3780
1417,1861,1639,-444,3278
2195,1753,1974,442,3948
2029,2105,2067,-76,4134
2159,2027,2093,132,4186
1717,1904,1810,-187,3621
2282,1544,1913,738,3826
2173,1595,1884,578,3768
2221,1954,2087,267,4175
1788,1683,1735,105,3471
1868,2011,1939,-143,3879
2004,1755,1879,249,3759
1915,2071,1993,-156,3986
1951,2224,2087,-273,4175
1866,1719,1792,147,3585
1961,2107,2034,-146,4068
1888,1547,1717,341,3435
1961,1574,1767,387,3535
2262,1865,2063,397,4127
2118,2069,2093,49,4187
1815,1494,1654,321,3309
1790,2080,1935,-290,3870
2163,1776,1969,387,3939
1860,1816,1838,44,3676
2120,1705,1912,415,3825
2020,2141,2080,-121,4161
2079,1692,1885,387,3771
1746,1548,1647,198,3294
2227,1955,2091,272,4182
2114,1916,2015,198,4030
1984,2064,2024,-80,4048
2150,1870,2010,280,4020
1886,2205,2045,-319,4091
2135,2050,2092,85,4185
2046,1625,1835,421,3671
1862,1800,1831,62,3662
1992,1797,1894,195,3789
2293,1855,2074,438,4148
2227,1846,2036,381,4073
2248,1785,2016,463,4033
2144,1677,1910,467,3821
1980,2005,1992,-25,3985
1717,2110,1913,-393,3827
2159,1966,2062,193,4125
1758,1948,1853,-190,3706
1775,2005,1890,-230,3780
2045,2076,2060,-31,4121
2014,1730,1872,284,3744
1705,2173,1939,-468,3878
2037,2163,2100,-126,4200
1881,2105,1993,-224,3986
2310,1884,2097,426,4194
2039,1820,1929,219,3859
2011,1880,1945,131,3891
2185,1845,2015,340,4030
2051,1651,1851,400,3702
1514,1592,1553,-78,3106
2169,1940,2054,229,4109
1844,1934,1889,-90,3778
2191,1957,2074,234,4148
2050,2013,2031,37,4063
1939,2209,2074,-270,4148
2036,2160,2098,-124,4196
1959,2107,2033,-148,4066
1706,1879,1792,-173,3585
2017,1747,1882,270,3764
1806,1602,1704,204,3408
1910,2100,2005,-190,4010
1984,1864,1924,120,3848
1714,1278,1496,436,2992
1936,1853,1894,83,3789
2015,1812,1913,203,3827
1973,2151,2062,-178,4124
2160,1883,2021,277,4043
2004,1885,1944,119,3889
1975,1850,1912,125,3825
2122,1980,2051,142,4102
1994,1543,1768,451,3537
1962,1706,1834,256,3668
2150,1841,1995,309,3991
1765,2009,1887,-244,3774
1963,2137,2050,-174,4100
1892,1717,1804,175,3609
2202,1940,2071,262,4142
1574,1949,1761,-375,3523
2150,1864,2007,286,4014
1941,1708,1824,233,3649
1977,2123,2050,-146,4100
1848,2290,2069,-442,4138
1773,2036,1904,-263,3809
1948,1831,1889,117,3779
1803,2134,1968,-331,3937
2017,1738,1877,279,3755
1805,1577,1691,228,3382
1778,2226,2002,-448,4004
1957,2119,2038,-162,4076
2013,2059,2036,-46,4072
1627,1775,1701,-148,3402
1372,1785,1578,-413,3157
1587,2199,1893,-612,3786
2096,1894,1995,202,3990
1909,2095,2002,-186,4004
2032,1892,1962,140,3924
1782,2018,1900,-236,3800
2145,1886,2015,259,4031
1817,2006,1911,-189,3823
1941,1574,1757,367,3515
2031,1995,2013,36,4026
1912,2227,2069,-315,4139
1785,2243,2014,-458,4028
1917,2103,2010,-186,4020
2117,1904,2010,213,4021
2099,1828,1963,271,3927
1951,2179,2065,-228,4130
2099,1892,1995,207,3991
2164,1990,2077,174,4154
1827,1317,1572,510,3144
1302,1591,1446,-289,2893
2179,1923,2051,256,4102
1904,1966,1935,-62,3870
1923,2095,2009,-172,4018
1487,1615,1551,-128,3102
2033,1928,1980,105,3961
2014,2125,2069,-111,4139
1948,2123,2035,-175,4071
1628,2098,1863,-470,3726
2026,2132,2079,-106,4158
1908,2166,2037,-258,4074
1761,1617,1689,144,3378
1880,2133,2006,-253,4013
2094,1902,1998,192,3996
1388,1928,1658,-540,3316
1881,1631,1756,250,3512
2212,1960,2086,252,4172
1898,1806,1852,92,3704
1843,2138,1990,-295,3981
1945,1752,1848,193,3697
2027,2017,2022,10,4044
1973,1949,1961,24,3922
1995,1900,1947,95,3895
1838,2113,1975,-275,3951
2047,2094,2070,-47,4141
2217,1943,2080,274,4160
2089,1707,1898,382,3796
1852,1765,1808,87,3617
1736,1776,1756,-40,3512
2256,1939,2097,317,4195
2058,1953,2005,105,4011
1956,1943,1949,13,3899
1913,2142,2027,-229,4055
2037,2164,2100,-127,4201
1640,1598,1619,42,3238
1634,1781,1707,-147,3415
1716,2306,2011,-590,4022
1795,1933,1864,-138,3728
1872,1735,1803,137,3607
1654,1919,1786,-265,3573
1417,1307,1362,110,2724
1798,1646,1722,152,3444
1732,2222,1977,-490,3954
1882,2082,1982,-200,3964
1926,1967,1946,-41,3893
2132,1861,1996,271,3993
2040,2118,2079,-78,4158
2001,1883,1942,118,3884
1944,1927,1935,17,3871
2081,1924,2002,157,4005
2109,2058,2083,51,4167
1904,2040,1972,-136,3944
2117,1797,1957,320,3914
2195,1955,2075,240,4150
2164,1908,2036,256,4072
1843,1738,1790,105,3581
2166,1525,1845,641,3691
2055,1819,1937,236,3874
1929,1817,1873,112,3746
2280,1915,2097,365,4195
2090,1812,1951,278,3902
2270,1740,2005,530,4010
2148,1940,2044,208,4088
1812,1859,1835,-47,3671
2073,2077,2075,-4,4150
1990,1879,1934,111,3869
1993,2129,2061,-136,4122
2061,2130,2095,-69,4191
2212,1973,2092,239,4185
2154,2003,2078,151,4157
2060,1841,1950,219,3901
1977,2069,2023,-92,4046
1926,2116,2021,-190,4042
1956,2213,2084,-257,4169
1624,2004,1814,-380,3628
2172,2012,2092,160,4184
1735,1996,1865,-261,3731
1609,1785,1697,-176,3394
2024,1877,1950,147,3901
2061,1778,1919,283,3839
1769,1971,1870,-202,3740
1872,2021,1946,-149,3893
1910,2053,1981,-143,3963
1971,2086,2028,-115,4057
2159,2021,2090,138,4180
1920,1700,1810,220,3620
1745,1973,1859,-228,3718
1942,2214,2078,-272,4156
1744,2121,1932,-377,3865
1628,1705,1666,-77,3333
2286,1817,2051,469,4103
2259,1917,2088,342,4176
2123,1569,1846,554,3692
1876,1925,1900,-49,3801
1533,2173,1853,-640,3706
1919,2175,2047,-256,4094
2185,1808,1996,377,3993
1792,1537,1664,255,3329
1882,1971,1926,-89,3853
1940,2056,1998,-116,3996
2043,2067,2055,-24,4110
1990,1844,1917,146,3834
2193,1895,2044,298,4088
1881,2144,2012,-263,4025
1936,2050,1993,-114,3986
2091,1841,1966,250,3932
1793,2131,1962,-338,3924
2065,2008,2036,57,4073
1676,1928,1802,-252,3604
1860,1999,1929,-139,3859
1841,2082,1961,-241,3923
2312,1827,2069,485,4139
1432,1287,1359,145,2719
1865,1783,1824,82,3648
1837,2047,1942,-210,3884
1830,2037,1933,-207,3867
1983,1775,1879,208,3758
1686,1869,1777,-183,3555
2053,1913,1983,140,3966
2071,2090,2080,-19,4161
2191,1972,2081,219,4163
2095,1757,1926,338,3852
1948,2187,2067,-239,4135
1974,1784,1879,190,3758
2114,1955,2034,159,4069
1769,1591,1680,178,3360
1559,2145,1852,-586,3704
1574,1635,1604,-61,3209
2148,1852,2000,296,4000
1827,2157,1992,-330,3984
2131,1988,2059,143,4119
1921,1396,1658,525,3317
1992,2196,2094,-204,4188
1366,1894,1630,-528,3260
2116,2001,2058,115,4117
2130,1348,1739,782,3478
1791,2083,1937,-292,3874
2109,2071,2090,38,4180
2016,1831,1923,185,3847
1945,2117,2031,-172,4062
1529,1901,1715,-372,3430
2018,2165,2091,-147,4183
1704,1650,1677,54,3354
1871,2117,1994,-246,3988
1844,1939,1891,-95,3783
2221,1941,2081,280,4162
2218,1929,2073,289,4147
2075,1913,1994,162,3988
1676,1934,1805,-258,3610
2138,1903,2020,235,4041
2189,1890,2039,299,4079
2141,2039,2090,102,4180
1864,2141,2002,-277,4005
1544,1587,1565,-43,3131
2382,1762,2072,620,4144
1735,2051,1893,-316,3786
1928,2079,2003,-151,4007
1627,2020,1823,-393,3647
2268,1910,2089,358,4178
2163,1937,2050,226,4100
1881,1701,1791,180,3582
2252,1610,1931,642,3862
2085,1812,1948,273,3897
1906,2021,1963,-115,3927
1960,1718,1839,242,3678
2144,1885,2014,259,4029
2290,1770,2030,520,4060
1886,1718,1802,168,3604
1964,1896,1930,68,3860
1958,2103,2030,-145,4061
2022,2047,2034,-25,4069
2168,1927,2047,241,4095
1935,2108,2021,-173,4043
2060,1869,1964,191,3929
1761,1897,1829,-136,3658
2142,1917,2029,225,4059
1651,2186,1918,-535,3837
1816,2182,1999,-366,3998
1756,2108,1932,-352,3864
2237,1950,2093,287,4187
1986,2182,2084,-196,4168
2062,2104,2083,-42,4166
2283,1886,2084,397,4169
1796,2308,2052,-512,4104
2163,2031,2097,132,4194
2163,1935,2049,228,4098
1929,1546,1737,383,3475
1948,2240,2094,-292,4188
2124,2012,2068,112,4136
2245,1854,2049,391,4099
1971,1907,1939,64,3878
2036,2010,2023,26,4046
2085,1914,1999,171,3999
1808,2114,1961,-306,3922
1612,1643,1627,-31,3255
2356,1788,2072,568,4144
1948,1866,1907,82,3814
1976,1664,1820,312,3640
1767,2005,1886,-238,3772
2046,1933,1989,113,3979
1498,1757,1627,-259,3255
2079,2023,2051,56,4102
2048,1935,1991,113,3983
1975,2170,2072,-195,4145
1927,2250,2088,-323,4177
1507,1959,1733,-452,3466
1600,1789,1694,-189,3389
1691,1383,1537,308,3074
2147,1981,2064,166,4128
1838,2132,1985,-294,3970
1932,1974,1953,-42,3906
2186,1994,2090,192,4180
1683,2127,1905,-444,3810
1895,1593,1744,302,3488
2128,1995,2061,133,4123
1934,2180,2057,-246,4114
1941,1761,1851,180,3702
1952,2210,2081,-258,4162
1979,1782,1880,197,3761
2133,1919,2026,214,4052
2140,1578,1859,562,3718
1769,1570,1669,199,3339
2185,1978,2081,207,4163
1776,1582,1679,194,3358
1951,2182,2066,-231,4133
2030,1828,1929,202,3858
1897,2008,1952,-111,3905
1982,2148,2065,-166,4130
1439,1600,1519,-161,3039
1995,2161,2078,-166,4156
2142,1981,2061,161,4123
1917,1692,1804,225,3609
1920,1741,1830,179,3661
2299,1663,1981,636,3962
2006,1923,1964,83,3929
1555,1812,1683,-257,3367
1961,2005,1983,-44,3966
1688,1865,1776,-177,3553
2084,1578,1831,506,3662
1485,1686,1585,-201,3171
1847,2300,2073,-453,4147
2055,1786,1920,269,3841
1949,2182,2065,-233,4131
2066,1929,1997,137,3995
1929,2254,2091,-325,4183
2058,1799,1928,259,3857
1579,1935,1757,-356,3514
2079,1959,2019,120,4038
2041,1719,1880,322,3760
1358,1845,1601,-487,3203
2269,1860,2064,409,4129
2115,1832,1973,283,3947
1869,2031,1950,-162,3900
1915,2076,1995,-161,3991
2102,1602,1852,500,3704
1810,2242,2026,-432,4052
1977,2140,2058,-163,4117
1955,1623,1789,332,3578
1723,1914,1818,-191,3637
1341,1314,1327,27,2655
2115,1912,2013,203,4027
1908,1598,1753,310,3506
2101,1575,1838,526,3676
2027,2162,2094,-135,4189
1963,2139,2051,-176,4102
1992,1711,1851,281,3703
2157,1839,1998,318,3996
2218,1967,2092,251,4185
2026,2138,2082,-112,4164
1723,2348,2035,-625,4071
1772,1853,1812,-81,3625
2090,1934,2012,156,4024
1965,2120,2042,-155,4085
1659,1987,1823,-328,3646
1962,1909,1935,53,3871
1862,1579,1720,283,3441
1965,1902,1933,63,3867
1981,2187,2084,-206,4168
2105,2080,2092,25,4185
1862,2236,2049,-374,4098
1842,2077,1959,-235,3919
1976,2163,2069,-187,4139
2001,1979,1990,22,3980
2140,1999,2069,141,4139
1661,1978,1819,-317,3639
1917,2108,2012,-191,4025
1866,1748,1807,118,3614
1954,1929,1941,25,3883
1965,2170,2067,-205,4135
1909,1717,1813,192,3626
2174,1868,2021,306,4042
2077,2101,2089,-24,4178
1905,2292,2098,-387,4197
2196,1958,2077,238,4154
2169,1824,1996,345,3993
1663,1650,1656,13,3313
1998,2093,2045,-95,4091
1934,2238,2086,-304,4172
2191,1746,1968,445,3937
2045,1663,1854,382,3708
1570,1723,1646,-153,3293
2109,1941,2025,168,4050
2288,1753,2020,535,4041
2405,1653,2029,752,4058
2064,1795,1929,269,3859
1601,1915,1758,-314,3516
1920,1598,1759,322,3518
1989,1787,1888,202,3776
1910,2134,2022,-224,4044
2076,1784,1930,292,3860
1978,1996,1987,-18,3974
2186,1798,1992,388,3984
1968,1873,1920,95,3841
1754,1848,1801,-94,3602
1956,2032,1994,-76,3988
1487,1776,1631,-289,3263
1593,1878,1735,-285,3471
1824,1641,1732,183,3465
2005,1800,1902,205,3805
2080,1817,1948,263,3897
1716,1722,1719,-6,3438
2139,1928,2033,211,4067
1885,1930,1907,-45,3815
2144,1942,2043,202,4086
1977,2026,2001,-49,4003
1607,1645,1626,-38,3252
2066,1735,1900,331,3801
1651,1892,1771,-241,3543
1996,2166,2081,-170,4162
2028,1977,2002,51,4005
1984,1718,1851,266,3702
2020,2011,2015,9,4031
2101,1767,1934,334,3868
1755,1905,1830,-150,3660
2327,1799,2063,528,4126
2025,1840,1932,185,3865
2212,1949,2080,263,4161
1607,2367,1987,-760,3974
2282,1677,1979,605,3959
1831,2100,1965,-269,3931
1517,1545,1531,-28,3062
2206,1976,2091,230,4182
1777,1604,1690,173,3381
2034,2158,2096,-124,4192
1957,2019,1988,-62,3976
2086,1991,2038,95,4077
1946,1696,1821,250,3642
1802,2143,1972,-341,3945
1992,2120,2056,-128,4112
1694,2035,1864,-341,3729
1886,1830,1858,56,3716
1915,1860,1887,55,3775
1871,1555,1713,316,3426
2140,1982,2061,158,4122
2048,2046,2047,2,4094
2066,1950,2008,116,4016
1827,1932,1879,-105,3759
1469,2015,1742,-546,3484
1844,2016,1930,-172,3860
1861,1705,1783,156,3566
1909,1836,1872,73,3745
1941,2131,2036,-190,4072
1740,1944,1842,-204,3684
1730,1948,1839,-218,3678
2229,1968,2098,261,4197
1988,1683,1835,305,3671
2124,1903,2013,221,4027
2138,1954,2046,184,4092
2034,2061,2047,-27,4095
1910,2150,2030,-240,4060
1973,1941,1957,32,3914
1976,2201,2088,-225,4177
1738,2011,1874,-273,3749
1923,1821,1872,102,3744
1676,1907,1791,-231,3583
1944,2143,2043,-199,4087
1828,1640,1734,188,3468
1772,2375,2073,-603,4147
1818,2098,1958,-280,3916
2133,1886,2009,247,4019
1704,1605,1654,99,3309
2148,1870,2009,278,4018
1298,1620,1459,-322,2918
1990,2208,2099,-218,4198
2214,1879,2046,335,4093
2080,1845,1962,235,3925
1664,2169,1916,-505,3833
2172,1979,2075,193,4151
2100,1818,1959,282,3918
1942,2254,2098,-312,4196
2042,2048,2045,-6,4090
1932,1730,1831,202,3662
1655,2289,1972,-634,3944
2000,2151,2075,-151,4151
1729,1428,1578,301,3157
1845,2108,1976,-263,3953
1893,1367,1630,526,3260
1989,1851,1920,138,3840
2027,1989,2008,38,4016
1848,1999,1923,-151,3847
1926,1893,1909,33,3819
1847,1745,1796,102,3592
1808,2265,2036,-457,4073
1482,1818,1650,-336,3300
2158,2012,2085,146,4170
1730,2048,1889,-318,3778
2039,1934,1986,105,3973
1646,2062,1854,-416,3708
1697,1626,1661,71,3323
2166,1939,2052,227,4105
1702,1947,1824,-245,3649
1866,2082,1974,-216,3948
2056,1883,1969,173,3939
1652,1884,1768,-232,3536
1572,1743,1657,-171,3315
2012,2169,2090,-157,4181
1868,2148,2008,-280,4016
2073,1751,1912,322,3824
1875,1602,1738,273,3477
1769,2043,1906,-274,3812
1962,1853,1907,109,3815
1712,2008,1860,-296,3720
2011,2165,2088,-154,4176
1980,1790,1885,190,3770
2237,1952,2094,285,4189
2108,1675,1891,433,3783
2077,1912,1994,165,3989
1965,1994,1979,-29,3959
2215,1960,2087,255,4175
1886,2014,1950,-128,3900
2032,2049,2040,-17,4081
1899,2189,2044,-290,4088
1945,2100,2022,-155,4045
2097,2017,2057,80,4114
1929,1630,1779,299,3559
1770,2067,1918,-297,3837
1892,2297,2094,-405,4189
1926,2070,1998,-144,3996
1398,1291,1344,107,2689
1888,2115,2001,-227,4003
1956,2230,2093,-274,4186
1982,2182,2082,-200,4164
2237,1956,2096,281,4193
2200,1964,2082,236,4164
1973,2184,2078,-211,4157
1918,2096,2007,-178,4014
1926,1844,1885,82,3770
1788,1647,1717,141,3435
1563,1716,1639,-153,3279
1960,1959,1959,1,3919
1944,2188,2066,-244,4132
2070,1927,1998,143,3997
1801,1762,1781,39,3563
2070,1957,2013,113,4027
2169,1981,2075,188,4150
2194,1920,2057,274,4114
2059,1922,1990,137,3981
1807,2051,1929,-244,3858
2016,1557,1786,459,3573
1685,1863,1774,-178,3548
1852,1628,1740,224,3480
1322,1278,1300,44,2600
2065,1822,1943,243,3887
1980,2155,2067,-175,4135
1950,2218,2084,-268,4168
2275,1845,2060,430,4120
1954,2157,2055,-203,4111
2017,1820,1918,197,3837
2102,1832,1967,270,3934
2210,1834,2022,376,4044
2137,2002,2069,135,4139
1859,1948,1903,-89,3807
2274,1839,2056,435,4113
1865,1828,1846,37,3693
2004,1848,1926,156,3852
1702,1520,1611,182,3222
1945,2073,2009,-128,4018
1913,2252,2082,-339,4165
2014,2067,2040,-53,4081
2112,1823,1967,289,3935
2254,1707,1980,547,3961
1992,1809,1900,183,3801
1919,1762,1840,157,3681
2299,1776,2037,523,4075
1861,2171,2016,-310,4032
2100,1952,2026,148,4052
1621,1477,1549,144,3098
1709,1589,1649,120,3298
1951,1598,1774,353,3549
2025,1989,2007,36,4014
1879,2084,1981,-205,3963
2123,1944,2033,179,4067
2026,1958,1992,68,3984
2073,1997,2035,76,4070
2117,2069,2093,48,4186
1917,1863,1890,54,3780
1985,1892,1938,93,3877
2188,2006,2097,182,4194
1847,1558,1702,289,3405
2013,2128,2070,-115,4141
2089,1929,2009,160,4018
1783,2247,2015,-464,4030
1782,2195,1988,-413,3977
1904,1954,1929,-50,3858
2120,2003,2061,117,4123
1893,2297,2095,-404,4190
1943,1777,1860,166,3720
2039,2056,2047,-17,4095
2061,1865,1963,196,3926
2061,1866,1963,195,3927
2050,1919,1984,131,3969
1962,2131,2046,-169,4093
1483,1524,1503,-41,3007
2049,1899,1974,150,3948
1831,2111,1971,-280,3942
1860,1993,1926,-133,3853
2002,2126,2064,-124,4128
2027,1978,2002,49,4005
2092,1945,2018,147,4037
1674,1905,1789,-231,3579
1814,1999,1906,-185,3813
1997,2046,2021,-49,4043
2033,2132,2082,-99,4165
1826,2006,1916,-180,3832
2316,1882,2099,434,4198
1611,1286,1448,325,2897
2011,2064,2037,-53,4075
1849,2267,2058,-418,4116
1953,2134,2043,-181,4087
1396,1806,1601,-410,3202
1851,2054,1952,-203,3905
1658,1849,1753,-191,3507
1987,2198,2092,-211,4185
2214,1929,2071,285,4143
2264,1514,1889,750,3778
2109,1697,1903,412,3806
1977,2077,2027,-100,4054
2320,1873,2096,447,4193
2110,1786,1948,324,3896
1856,1700,1778,156,3556
2236,1852,2044,384,4088
1846,2244,2045,-398,4090
2189,1978,2083,211,4167
2003,2138,2070,-135,4141
2000,1808,1904,192,3808
1849,1808,1828,41,3657
1913,1778,1845,135,3691
1995,2110,2052,-115,4105
1633,1764,1698,-131,3397
1782,1961,1871,-179,3743
2101,1966,2033,135,4067
2193,1820,2006,373,4013
1916,2036,1976,-120,3952
1596,2046,1821,-450,3642
2027,1955,1991,72,3982
2075,1880,1977,195,3955
1678,1885,1781,-207,3563
1710,1566,1638,144,3276
2213,1835,2024,378,4048
1821,1941,1881,-120,3762
2015,1608,1811,407,3623
1835,1949,1892,-114,3784
1980,1700,1840,280,3680
1776,2234,2005,-458,4010
2239,1959,2099,280,4198
2064,1962,2013,102,4026
2048,1942,1995,106,3990
1747,1912,1829,-165,3659
2298,1783,2040,515,4081
2084,1875,1979,209,3959
2248,1882,2065,366,4130
2232,1951,2091,281,4183
1627,2200,1913,-573,3827
2132,1966,2049,166,4098
1815,2010,1912,-195,3825
1957,2126,2041,-169,4083
1936,1777,1856,159,3713
2018,1996,2007,22,4014
2238,1911,2074,327,4149
2133,1709,1921,424,3842
2148,1943,2045,205,4091
1888,2267,2077,-379,4155
1825,2203,2014,-378,4028
1688,1828,1758,-140,3516
2183,1872,2027,311,4055
2007,2146,2076,-139,4153
1767,1923,1845,-156,3690
1961,2162,2061,-201,4123
1849,2229,2039,-380,4078
1601,1750,1675,-149,3351
1800,2084,1942,-284,3884
2002,1840,1921,162,3842
2112,1779,1945,333,3891
1361,1684,1522,-323,3045
1803,2116,1959,-313,3919
1982,1879,1930,103,3861
1820,1860,1840,-40,3680
1911,1730,1820,181,3641
2166,1915,2040,251,4081
1610,1544,1577,66,3154
2089,2064,2076,25,4153
2035,1863,1949,172,3898
2124,1926,2025,198,4050
1732,2374,2053,-642,4106
1735,1960,1847,-225,3695
2004,1650,1827,354,3654
1997,1728,1862,269,3725
1792,2069,1930,-277,3861
1988,1939,1963,49,3927
1678,1832,1755,-154,3510
1934,2247,2090,-313,4181
1817,1993,1905,-176,3810
1953,2040,1996,-87,3993
1975,2043,2009,-68,4018
1847,1718,1782,129,3565
1967,2121,2044,-154,4088
1482,1691,1586,-209,3173
2221,1972,2096,249,4193
1808,2007,1907,-199,3815
2348,1606,1977,742,3954
1913,1651,1782,262,3564
1633,1884,1758,-251,3517
2084,1864,1974,220,3948
1766,2143,1954,-377,3909
1636,1593,1614,43,3229
2094,1794,1944,300,3888
1962,2189,2075,-227,4151
2174,1952,2063,222,4126
1819,1723,1771,96,3542
1719,1727,1723,-8,3446
1983,2176,2079,-193,4159
2134,2055,2094,79,4189
1908,2267,2087,-359,4175
1881,2093,1987,-212,3974
1869,2190,2029,-321,4059
1858,1655,1756,203,3513
1345,1952,1648,-607,3297
2199,1798,1998,401,3997
2016,1558,1787,458,3574
1394,1625,1509,-231,3019
2051,2025,2038,26,4076
1945,2081,2013,-136,4026
1852,2036,1944,-184,3888
2023,2112,2067,-89,4135
2082,1790,1936,292,3872
2187,1968,2077,219,4155
1935,2135,2035,-200,4070
1848,1996,1922,-148,3844
1756,2075,1915,-319,3831
1536,1750,1643,-214,3286
1899,2060,1979,-161,3959
1961,2109,2035,-148,4070
2026,1958,1992,68,3984
1766,1625,1695,141,3391
1868,2007,1937,-139,3875
2053,1943,1998,110,3996
1854,2046,1950,-192,3900
2009,1863,1936,146,3872
1910,2157,2033,-247,4067
2020,1613,1816,407,3633
1801,1973,1887,-172,3774
1950,2051,2000,-101,4001
2196,1852,2024,344,4048
2174,1971,2072,203,4145
2113,1893,2003,220,4006
2149,1898,2023,251,4047
2279,1878,2078,401,4157
1687,1832,1759,-145,3519
2249,1560,1904,689,3809
1945,1595,1770,350,3540
1867,2089,1978,-222,3956
1925,1633,1779,292,3558
2295,1851,2073,444,4146
1941,2094,2017,-153,4035
1929,1696,1812,233,3625
1878,1809,1843,69,3687
1543,1360,1451,183,2903
1983,1655,1819,328,3638
2108,1952,2030,156,4060
1823,1558,1690,265,3381
1918,1426,1672,492,3344
2111,1857,1984,254,3968
1876,2103,1989,-227,3979
2059,2031,2045,28,4090
1725,2361,2043,-636,4086
2098,1917,2007,181,4015
1718,1951,1834,-233,3669
2213,1937,2075,276,4150
2069,1948,2008,121,4017
2003,2165,2084,-162,4168
2256,1876,2066,380,4132
2140,2051,2095,89,4191
2232,1861,2046,371,4093
1903,1979,1941,-76,3882
1933,2094,2013,-161,4027
1861,2144,2002,-283,4005
1971,1666,1818,305,3637
2030,1771,1900,259,3801
1430,1544,1487,-114,2974
1924,2104,2014,-180,4028
1977,2214,2095,-237,4191
2039,1640,1839,399,3679
1676,2221,1948,-545,3897
1706,1516,1611,190,3222
1673,1550,1611,123,3223
2215,1925,2070,290,4140
2005,2137,2071,-132,4142
2029,2148,2088,-119,4177
1890,2145,2017,-255,4035
1498,1954,1726,-456,3452
2043,2092,2067,-49,4135
2005,1880,1942,125,3885
1979,1931,1955,48,3910
1920,1679,1799,241,3599
1907,1776,1841,131,3683
1971,2099,2035,-128,4070
2049,2147,2098,-98,4196
2264,1937,2100,327,4201
1498,1790,1644,-292,3288
2096,2008,2052,88,4104
1907,1983,1945,-76,3890
2132,1967,2049,165,4099
1707,1291,1499,416,2998
2019,1600,1809,419,3619
1975,1556,1765,419,3531
2038,1818,1928,220,3856
2211,1927,2069,284,4138
1990,2196,2093,-206,4186
1868,1926,1897,-58,3794
2001,1832,1916,169,3833
2038,1756,1897,282,3794
1743,2377,2060,-634,4120
1529,1897,1713,-368,3426
2203,1987,2095,216,4190
2100,2098,2099,2,4198
1914,2139,2026,-225,4053
1948,2189,2068,-241,4137
1746,1516,1631,230,3262
2157,1848,2002,309,4005
2158,2003,2080,155,4161
2010,1837,1923,173,3847
2161,1975,2068,186,4136
2195,1608,1901,587,3803
2237,1872,2054,365,4109
1781,1885,1833,-104,3666
2040,2009,2024,31,4049
1901,1541,1721,360,3442
2090,1918,2004,172,4008
1498,1676,1587,-178,3174
1969,2088,2028,-119,4057
1970,2072,2021,-102,4042
2025,2062,2043,-37,4087
2011,1991,2001,20,4002
1897,2042,1969,-145,3939
1819,1975,1897,-156,3794
1929,1820,1874,109,3749
1985,2013,1999,-28,3998
1830,2119,1974,-289,3949
1882,2114,1998,-232,3996
1869,2113,1991,-244,3982
2108,2012,2060,96,4120
1807,2287,2047,-480,4094
2011,2101,2056,-90,4112
1870,2259,2064,-389,4129
1886,2041,1963,-155,3927
1735,2051,1893,-316,3786
1834,2066,1950,-232,3900
1905,1740,1822,165,3645
2227,1832,2029,395,4059
1890,1639,1764,251,3529
2016,1424,1720,592,3440
1970,1869,1919,101,3839
1796,1792,1794,4,3588
1821,2099,1960,-278,3920
1896,1978,1937,-82,3874
1616,1779,1697,-163,3395
1955,2046,2000,-91,4001
1673,2256,1964,-583,3929
1888,1679,1783,209,3567
1855,2258,2056,-403,4113
2031,1747,1889,284,3778
2113,1941,2027,172,4054
2046,1785,1915,261,3831
1901,2171,2036,-270,4072
1982,2132,2057,-150,4114
1830,2045,1937,-215,3875
2007,1766,1886,241,3773
2117,2013,2065,104,4130
1980,2148,2064,-168,4128
1483,1674,1578,-191,3157
1719,1836,1777,-117,3555
1803,2071,1937,-268,3874
1992,1484,1738,508,3476
1715,2060,1887,-345,3775
1600,1995,1797,-395,3595
2055,2051,2053,4,4106
1973,2099,2036,-126,4072
1986,2103,2044,-117,4089
1976,2006,1991,-30,3982
1814,1993,1903,-179,3807
1402,1742,1572,-340,3144
1777,1576,1676,201,3353
1837,2170,2003,-333,4007
1786,1974,1880,-188,3760
2100,2068,2084,32,4168
1902,2118,2010,-216,4020
2136,2014,2075,122,4150
2024,1757,1890,267,3781
1879,2048,1963,-169,3927
1546,1916,1731,-370,3462
1927,1965,1946,-38,3892
2025,2142,2083,-117,4167
1867,1983,1925,-116,3850
2122,1881,2001,241,4003
2161,2031,2096,130,4192
1683,1500,1591,183,3183
1833,1628,1730,205,3461
1883,2282,2082,-399,4165
2092,1883,1987,209,3975
2129,1931,2030,198,4060
2211,1964,2087,247,4175
1875,1900,1887,-25,3775
1925,2082,2003,-157,4007
1776,2093,1934,-317,3869
1693,2060,1876,-367,3753
1875,1864,1869,11,3739
1759,1953,1856,-194,3712
1622,1604,1613,18,3226
2236,1934,2085,302,4170
2070,1731,1900,339,3801
2151,1966,2058,185,4117
2061,2057,2059,4,4118
1701,1505,1603,196,3206
2171,1855,2013,316,4026
2143,1997,2070,146,4140
1716,1583,1649,133,3299
2171,1862,2016,309,4033
1357,1996,1676,-639,3353
1862,1591,1726,271,3453
2087,1985,2036,102,4072
1995,1926,1960,69,3921
1854,2257,2055,-403,4111
1812,1753,1782,59,3565
1889,1815,1852,74,3704
1361,1978,1669,-617,3339
1696,1596,1646,100,3292
1805,1916,1860,-111,3721
1747,1992,1869,-245,3739
2021,1703,1862,318,3724
2008,1749,1878,259,3757
1813,1611,1712,202,3424
1692,2007,1849,-315,3699
1768,1630,1699,138,3398
2161,1946,2053,215,4107
2121,1373,1747,748,3494
1555,1806,1680,-251,3361
1924,2047,1985,-123,3971
2144,1965,2054,179,4109
2031,1924,1977,107,3955
1463,1894,1678,-431,3357
2562,1604,2083,958,4166
2235,1663,1949,572,3898
1907,2165,2036,-258,4072
1945,1954,1949,-9,3899
1693,2199,1946,-506,3892
1613,1707,1660,-94,3320
1632,1949,1790,-317,3581
1799,1698,1748,101,3497
2017,1879,1948,138,3896
1818,1899,1858,-81,3717
1853,1986,1919,-133,3839
1651,2053,1852,-402,3704
1942,1377,1659,565,3319
2284,1836,2060,448,4120
1594,2011,1802,-417,3605
1497,1655,1576,-158,3152
1782,1684,1733,98,3466
1854,1885,1869,-31,3739
1823,2001,1912,-178,3824
2247,1893,2070,354,4140
1942,1814,1878,128,3756
1965,1556,1760,409,3521
2083,1880,1981,203,3963
1854,1902,1878,-48,3756
1651,2230,1940,-579,3881
1663,2144,1903,-481,3807
1414,1260,1337,154,2674
1884,1976,1930,-92,3860
2144,1861,2002,283,4005
1814,1624,1719,190,3438
1684,1832,1758,-148,3516
1945,2030,1987,-85,3975
2169,1916,2042,253,4085
1925,2131,2028,-206,4056
2005,2167,2086,-162,4172
1731,1696,1713,35,3427
1711,1938,1824,-227,3649
2258,1941,2099,317,4199
1951,2144,2047,-193,4095
2151,1933,2042,218,4084
2339,1813,2076,526,4152
1774,2300,2037,-526,4074
1850,2130,1990,-280,3980
1927,2091,2009,-164,4018
1971,2178,2074,-207,4149
1981,1937,1959,44,3918
2060,1890,1975,170,3950
2160,1726,1943,434,3886
1820,2251,2035,-431,4071
1969,2177,2073,-208,4146
1974,2149,2061,-175,4123
2185,1998,2091,187,4183
2200,1994,2097,206,4194
1985,2156,2070,-171,4141
1569,1859,1714,-290,3428
1870,2239,2054,-369,4109
1400,1256,1328,144,2656
1551,1916,1733,-365,3467
2045,2148,2096,-103,4193
2044,1879,1961,165,3923
1702,1925,1813,-223,3627
2129,1762,1945,367,3891
2151,2017,2084,134,4168
1875,2149,2012,-274,4024
1854,2198,2026,-344,4052
1526,1677,1601,-151,3203
2099,1896,1997,203,3995
2180,1992,2086,188,4172
1856,2344,2100,-488,4200
1910,1320,1615,590,3230
2043,1891,1967,152,3934
2112,2018,2065,94,4130
2003,2046,2024,-43,4049
1737,2240,1988,-503,3977
2130,1785,1957,345,3915
1922,1377,1649,545,3299
1904,2203,2053,-299,4107
2106,1630,1868,476,3736
1706,1614,1660,92,3320
1910,1802,1856,108,3712
2036,1575,1805,461,3611
2150,2034,2092,116,4184
1671,1829,1750,-158,3500
1647,1835,1741,-188,3482
1691,1647,1669,44,3338
1878,1566,1722,312,3444
2002,2147,2074,-145,4149
1803,2350,2076,-547,4153
1780,2174,1977,-394,3954
1792,1614,1703,178,3406
2055,2021,2038,34,4076
1972,1781,1876,191,3753
2124,1975,2049,149,4099
1788,2168,1978,-380,3956
1854,2229,2041,-375,4083
1902,2092,1997,-190,3994
1923,1636,1779,287,3559
1799,2260,2029,-461,4059
1852,2292,2072,-440,4144
1598,1881,1739,-283,3479
1913,2079,1996,-166,3992
1923,2125,2024,-202,4048
2008,1891,1949,117,3899
2042,1849,1945,193,3891
1776,1940,1858,-164,3716
2172,1917,2044,255,4089
2400,1715,2057,685,4115
1717,2271,1994,-554,3988
2131,1939,2035,192,4070
2071,1817,1944,254,3888
1788,1585,1686,203,3373
2096,2097,2096,-1,4193
2125,1753,1939,372,3878
1922,1997,1959,-75,3919
1698,2025,1861,-327,3723
1873,2000,1936,-127,3873
1825,1902,1863,-77,3727
1747,2196,1971,-449,3943
1608,1833,1720,-225,3441
2029,1805,1917,224,3834
2130,1985,2057,145,4115
1938,1996,1967,-58,3934
2001,2007,2004,-6,4008
2107,1927,2017,180,4034
1741,1852,1796,-111,3593
1672,1845,1758,-173,3517
1596,1806,1701,-210,3402
1863,2283,2073,-420,4146
2208,1806,2007,402,4014
1485,1920,1702,-435,3405
1663,1790,1726,-127,3453
1714,1958,1836,-244,3672
2125,1892,2008,233,4017
1633,1690,1661,-57,3323
1532,1947,1739,-415,3479
2098,1979,2038,119,4077
2121,1977,2049,144,4098
1953,1747,1850,206,3700
2085,1737,1911,348,3822
1857,2022,1939,-165,3879
1660,2183,1921,-523,3843
2009,1769,1889,240,3778
1799,1975,1887,-176,3774
2010,2033,2021,-23,4043
1984,2123,2053,-139,4107
1733,1370,1551,363,3103
2118,1799,1958,319,3917
1916,2239,2077,-323,4155
2359,1795,2077,564,4154
1429,1707,1568,-278,3136
2098,2028,2063,70,4126
1608,2000,1804,-392,3608
1512,1674,1593,-162,3186
1751,1968,1859,-217,3719
2177,1829,2003,348,4006
2154,1896,2025,258,4050
2207,1977,2092,230,4184
1518,1568,1543,-50,3086
2011,1799,1905,212,3810
1836,2032,1934,-196,3868
2135,1735,1935,400,3870
1796,2097,1946,-301,3893
1821,2181,2001,-360,4002
2139,1885,2012,254,4024
1482,1981,1731,-499,3463
1901,1943,1922,-42,3844
2137,1946,2041,191,4083
2297,1869,2083,428,4166
1980,2049,2014,-69,4029
1928,2015,1971,-87,3943
2113,1806,1959,307,3919
1738,1289,1513,449,3027
1890,1945,1917,-55,3835
1862,2040,1951,-178,3902
1409,1666,1537,-257,3075
2165,1923,2044,242,4088
2012,2170,2091,-158,4182
1707,2032,1869,-325,3739
1780,2246,2013,-466,4026
1902,2290,2096,-388,4192
1936,1758,1847,178,3694
1747,2266,2006,-519,4013
1920,1713,1816,207,3633
1855,2086,1970,-231,3941
2118,1862,1990,256,3980
1706,2100,1903,-394,3806
2057,1977,2017,80,4034
1874,1754,1814,120,3628
2106,1986,2046,120,4092
2050,2110,2080,-60,4160
1955,2119,2037,-164,4074
2201,1929,2065,272,4130
1916,2157,2036,-241,4073
1594,1745,1669,-151,3339
1857,2078,1967,-221,3935
1909,2025,1967,-116,3934
1978,2121,2049,-143,4099
1722,1831,1776,-109,3553
2085,1931,2008,154,4016
1790,1915,1852,-125,3705
1811,1981,1896,-170,3792
2172,1668,1920,504,3840
1762,1339,1550,423,3101
1700,1922,1811,-222,3622
2158,1999,2078,159,4157
1839,1592,1715,247,3431
1718,2067,1892,-349,3785
2121,1969,2045,152,4090
1953,1798,1875,155,3751
2113,1970,2041,143,4083
1938,1450,1694,488,3388
2066,1901,1983,165,3967
1868,2246,2057,-378,4114
1659,2276,1967,-617,3935
1956,1716,1836,240,3672
2136,2004,2070,132,4140
2074,1844,1959,230,3918
1992,1315,1653,677,3307
1806,2262,2034,-456,4068
2000,2189,2094,-189,4189
2141,1943,2042,198,4084
2136,1912,2024,224,4048
2200,1881,2040,319,4081
1926,1789,1857,137,3715
1802,1454,1628,348,3256
2087,1643,1865,444,3730
1871,2282,2076,-411,4153
1733,2003,1868,-270,3736
1770,2249,2009,-479,4019
1911,2106,2008,-195,4017
1916,1865,1890,51,3781
2045,2079,2062,-34,4124
1914,2223,2068,-309,4137
2004,1783,1893,221,3787
2109,1923,2016,186,4032
1705,1353,1529,352,3058
1882,2225,2053,-343,4107
1922,2110,2016,-188,4032
2000,2081,2040,-81,4081
1933,2091,2012,-158,4024
1994,1640,1817,354,3634
1879,2169,2024,-290,4048
2148,1974,2061,174,4122
1716,1979,1847,-263,3695
1854,2094,1974,-240,3948
1993,2056,2024,-63,4049
1809,2360,2084,-551,4169
1892,2294,2093,-402,4186
2145,1936,2040,209,4081
1841,1980,1910,-139,3821
2078,1941,2009,137,4019
1479,1805,1642,-326,3284
1777,2071,1924,-294,3848
2193,1789,1991,404,3982
2089,1944,2016,145,4033
1919,1996,1957,-77,3915
1737,1727,1732,10,3464
1955,2090,2022,-135,4045
1727,1957,1842,-230,3684
2034,1632,1833,402,3666
2025,2033,2029,-8,4058
1449,1908,1678,-459,3357
1937,1691,1814,246,3628
1746,2201,1973,-455,3947
2140,1782,1961,358,3922
2076,1972,2024,104,4048
2182,1976,2079,206,4158
1773,1926,1849,-153,3699
1950,2171,2060,-221,4121
1786,1654,1720,132,3440
2024,1908,1966,116,3932
2105,1792,1948,313,3897
1583,2151,1867,-568,3734
1733,1251,1492,482,2984
2089,1975,2032,114,4064
1808,2296,2052,-488,4104
1745,1418,1581,327,3163
2272,1855,2063,417,4127
1653,2085,1869,-432,3738
2063,2128,2095,-65,4191
1611,1819,1715,-208,3430
1889,2172,2030,-283,4061
1863,1682,1772,181,3545
2062,1887,1974,175,3949
2128,1993,2060,135,4121
1710,1862,1786,-152,3572
1608,2053,1830,-445,3661
1905,2071,1988,-166,3976
1999,1553,1776,446,3552
1521,1995,1758,-474,3516
2054,1994,2024,60,4048
1931,1903,1917,28,3834
1714,1575,1644,139,3289
1546,1995,1770,-449,3541
1905,2132,2018,-227,4037
1856,1388,1622,468,3244
1659,1861,1760,-202,3520
1574,1431,1502,143,3005
1603,1614,1608,-11,3217
1950,2046,1998,-96,3996
1796,2090,1943,-294,3886
2286,1885,2085,401,4171
1758,1917,1837,-159,3675
1455,1724,1589,-269,3179
1622,2287,1954,-665,3909
2203,1766,1984,437,3969
1705,1949,1827,-244,3654
1900,2290,2095,-390,4190
2271,1739,2005,532,4010
2233,1903,2068,330,4136
1914,2168,2041,-254,4082
1594,1903,1748,-309,3497
2158,1887,2022,271,4045
1693,1352,1522,341,3045
2045,1747,1896,298,3792
1835,1680,1757,155,3515
1819,1822,1820,-3,3641
1983,2130,2056,-147,4113
2169,1956,2062,213,4125
1841,2042,1941,-201,3883
2130,2064,2097,66,4194
1718,1910,1814,-192,3628
2223,1978,2100,245,4201
2190,1903,2046,287,4093
1786,2332,2059,-546,4118
1498,1886,1692,-388,3384
2078,1841,1959,237,3919
1961,1561,1761,400,3522
1501,2209,1855,-708,3710
1891,2175,2033,-284,4066
1933,1855,1894,78,3788
1796,2127,1961,-331,3923
2007,1823,1915,184,3830
2271,1894,2082,377,4165
1859,2319,2089,-460,4178
1633,2150,1891,-517,3783
2006,1921,1963,85,3927
2069,1822,1945,247,3891
1570,1950,1760,-380,3520
2237,1880,2058,357,4117
2246,1917,2081,329,4163
1737,1630,1683,107,3367
1936,2043,1989,-107,3979
1925,1794,1859,131,3719
2001,2077,2039,-76,4078
2056,2088,2072,-32,4144
1741,1891,1816,-150,3632
2112,1959,2035,153,4071
1597,1862,1729,-265,3459
2169,1917,2043,252,4086
2194,1951,2072,243,4145
1944,2152,2048,-208,4096
2014,1626,1820,388,3640
1763,1879,1821,-116,3642
2022,2101,2061,-79,4123
1903,2260,2081,-357,4163
1878,1546,1712,332,3424
2245,1939,2092,306,4184
2094,1839,1966,255,3933
2109,1938,2023,171,4047
2033,1919,1976,114,3952
2253,1756,2004,497,4009
2005,2128,2066,-123,4133
1949,1827,1888,122,3776
2073,1849,1961,224,3922
1970,2211,2090,-241,4181
1994,1865,1929,129,3859
1907,2094,2000,-187,4001
2050,2084,2067,-34,4134
1931,2140,2035,-209,4071
2026,1614,1820,412,3640
1855,1659,1757,196,3514
1865,2008,1936,-143,3873
2017,1953,1985,64,3970
1982,2096,2039,-114,4078
2177,1995,2086,182,4172
1769,1960,1864,-191,3729
1914,1680,1797,234,3594
2022,2097,2059,-75,4119
1875,2079,1977,-204,3954
1982,1817,1899,165,3799
2138,2000,2069,138,4138
2034,2129,2081,-95,4163
1904,2148,2026,-244,4052
1518,1929,1723,-411,3447
1750,2056,1903,-306,3806
1669,1630,1649,39,3299
1722,2054,1888,-332,3776
1959,1830,1894,129,3789
2050,2124,2087,-74,4174
2091,1675,1883,416,3766
1607,1876,1741,-269,3483
2038,1945,1991,93,3983
1795,1951,1873,-156,3746
2291,1903,2097,388,4194
1800,1788,1794,12,3588
2097,1761,1929,336,3858
1910,2076,1993,-166,3986
1830,2011,1920,-181,3841
1918,1739,1828,179,3657
1981,1828,1904,153,3809
2077,1856,1966,221,3933
1929,1980,1954,-51,3909
1999,1778,1888,221,3777
1838,2075,1956,-237,3913
2176,1928,2052,248,4104
2271,1307,1789,964,3578
1576,1583,1579,-7,3159
2171,1949,2060,222,4120
2071,2059,2065,12,4130
2006,2129,2067,-123,4135
1740,1548,1644,192,3288
1863,2090,1976,-227,3953
1996,2182,2089,-186,4178
1747,1518,1632,229,3265
2116,1979,2047,137,4095
1919,1691,1805,228,3610
2027,1757,1892,270,3784
1682,1851,1766,-169,3533
1779,1984,1881,-205,3763
1715,1910,1812,-195,3625
2023,1940,1981,83,3963
2004,1967,1985,37,3971
2130,2037,2083,93,4167
1954,1839,1896,115,3793
1980,1652,1816,328,3632
1904,1625,1764,279,3529
1792,1985,1888,-193,3777
1941,2161,2051,-220,4102
2162,1928,2045,234,4090
2018,2013,2015,5,4031
1485,1683,1584,-198,3168
1785,1495,1640,290,3280
1347,1659,1503,-312,3006
1871,1499,1685,372,3370
1952,2068,2010,-116,4020
1576,1839,1707,-263,3415
1647,2232,1939,-585,3879
1970,1924,1947,46,3894
2122,1937,2029,185,4059
2224,1760,1992,464,3984
2080,1899,1989,181,3979
2091,1757,1924,334,3848
1848,1478,1663,370,3326
1903,2172,2037,-269,4075
1811,1853,1832,-42,3664
1926,1735,1830,191,3661
2322,1878,2100,444,4200
1763,1885,1824,-122,3648
2143,1937,2040,206,4080
1903,2081,1992,-178,3984
1520,1655,1587,-135,3175
2039,1948,1993,91,3987
2146,1977,2061,169,4123
2068,1718,1893,350,3786
1926,2017,1971,-91,3943
2109,1905,2007,204,4014
1745,2282,2013,-537,4027
1905,2072,1988,-167,3977
1866,1947,1906,-81,3813
1983,2146,2064,-163,4129
2137,1979,2058,158,4116
1995,2127,2061,-132,4122
2148,2023,2085,125,4171
2099,1601,1850,498,3700
1784,2245,2014,-461,4029
1923,1625,1774,298,3548
1702,1405,1553,297,3107
1960,2144,2052,-184,4104
1873,1578,1725,295,3451
1867,2008,1937,-141,3875
1890,2257,2073,-367,4147
2065,1990,2027,75,4055
1555,1722,1638,-167,3277
2166,1929,2047,237,4095
2118,1795,1956,323,3913
2166,1853,2009,313,4019
2098,2006,2052,92,4104
1983,2141,2062,-158,4124
1394,1537,1465,-143,2931
1875,1659,1767,216,3534
1922,2151,2036,-229,4073
2229,1841,2035,388,4070
2121,1881,2001,240,4002
2130,1844,1987,286,3974
2020,2015,2017,5,4035
2242,1681,1961,561,3923
1608,2092,1850,-484,3700
1682,1781,1731,-99,3463
2006,2025,2015,-19,4031
2074,2009,2041,65,4083
2010,2121,2065,-111,4131
1920,1381,1650,539,3301
1704,2124,1914,-420,3828
2165,1985,2075,180,4150
1734,1866,1800,-132,3600
1976,1670,1823,306,3646
1916,2097,2006,-181,4013
1712,1883,1797,-171,3595
1932,2087,2009,-155,4019
1861,2150,2005,-289,4011
1999,2049,2024,-50,4048
2162,1861,2011,301,4023
2030,1987,2008,43,4017
1780,2021,1900,-241,3801
1673,1881,1777,-208,3554
1858,2219,2038,-361,4077
1952,2060,2006,-108,4012
1882,2111,1996,-229,3993
1764,2424,2094,-660,4188
2285,1903,2094,382,4188
1736,2047,1891,-311,3783
2044,1780,1912,264,3824
1958,1836,1897,122,3794
1961,2172,2066,-211,4133
2246,1934,2090,312,4180
1683,2165,1924,-482,3848
1795,1849,1822,-54,3644
2132,2046,2089,86,4178
2130,1894,2012,236,4024
2252,1828,2040,424,4080
1992,1792,1892,200,3784
2132,1946,2039,186,4078
1845,1679,1762,166,3524
1797,2078,1937,-281,3875
2116,1793,1954,323,3909
1706,1575,1640,131,3281
2154,1935,2044,219,4089
1857,2245,2051,-388,4102
1355,2403,1879,-1048,3758
1324,1669,1496,-345,2993
1605,1914,1759,-309,3519
2097,1966,2031,131,4063
1738,2288,2013,-550,4026
1943,2001,1972,-58,3944
1992,1794,1893,198,3786
1914,1803,1858,111,3717
1514,1856,1685,-342,3370
1791,1626,1708,165,3417
2147,2006,2076,141,4153
2189,1992,2090,197,4181
1904,1600,1752,304,3504
2005,2108,2056,-103,4113
1996,2109,2052,-113,4105
2055,2010,2032,45,4065
2220,1941,2080,279,4161
1880,2177,2028,-297,4057
2038,1649,1843,389,3687
2153,1808,1980,345,3961
1800,1981,1890,-181,3781
1546,1756,1651,-210,3302
1975,2214,2094,-239,4189
2006,1882,1944,124,3888
2091,1761,1926,330,3852
1788,2035,1911,-247,3823
1945,2245,2095,-300,4190
2414,1713,2063,701,4127
2168,1992,2080,176,4160
2060,1809,1934,251,3869
1909,2211,2060,-302,4120
1789,2213,2001,-424,4002
1798,1752,1775,46,3550
2042,1571,1806,471,3613
1732,2008,1870,-276,3740
1690,2248,1969,-558,3938
1963,1798,1880,165,3761
1881,2141,2011,-260,4022
1647,1399,1523,248,3046
1803,2215,2009,-412,4018
2213,1898,2055,315,4111
1676,1528,1602,148,3204
2005,1912,1958,93,3917
2096,2028,2062,68,4124
2030,2027,2028,3,4057
1805,2132,1968,-327,3937
1801,1614,1707,187,3415
1573,2023,1798,-450,3596
1941,2215,2078,-274,4156
2012,1908,1960,104,3920
1812,2043,1927,-231,3855
2388,1783,2085,605,4171
2069,1959,2014,110,4028
1880,2044,1962,-164,3924
1957,2074,2015,-117,4031
2212,1950,2081,262,4162
1708,2016,1862,-308,3724
2015,1790,1902,225,3805
2191,1998,2094,193,4189
1647,1602,1624,45,3249
1534,1781,1657,-247,3315
2115,1960,2037,155,4075
1492,1860,1676,-368,3352
1982,2041,2011,-59,4023
1884,2228,2056,-344,4112
1749,1514,1631,235,3263
1537,1860,1698,-323,3397
1984,1674,1829,310,3658
1605,2012,1808,-407,3617
1922,1899,1910,23,3821
2178,1897,2037,281,4075
1520,1711,1615,-191,3231
2064,1888,1976,176,3952
2168,1713,1940,455,3881
2112,1863,1987,249,3975
2022,2163,2092,-141,4185
1998,2102,2050,-104,4100
2044,1786,1915,258,3830
1683,2157,1920,-474,3840
1734,1531,1632,203,3265
2161,1955,2058,206,4116
1839,2276,2057,-437,4115
1947,1747,1847,200,3694
2077,1903,1990,174,3980
2215,1956,2085,259,4171
2112,1808,1960,304,3920
1928,2164,2046,-236,4092
2101,1922,2011,179,4023
2065,1803,1934,262,3868
2054,2126,2090,-72,4180
1806,1845,1825,-39,3651
2215,1965,2090,250,4180
2160,1709,1934,451,3869
2039,1929,1984,110,3968
1954,2082,2018,-128,4036
2083,1645,1864,438,3728
2119,1938,2028,181,4057
1945,2023,1984,-78,3968
1828,2195,2011,-367,4023
1966,2053,2009,-87,4019
1951,2054,2002,-103,4005
1990,1661,1825,329,3651
2245,1938,2091,307,4183
1737,1797,1767,-60,3534
1648,1854,1751,-206,3502
2010,1924,1967,86,3934
1659,1784,1721,-125,3443
1928,2191,2059,-263,4119
1595,1924,1759,-329,3519
1708,1912,1810,-204,3620
2345,1840,2092,505,4185
2007,1758,1882,249,3765
2038,1936,1987,102,3974
2003,2150,2076,-147,4153
1823,1699,1761,124,3522
2142,2011,2076,131,4153
1717,2174,1945,-457,3891
1947,2094,2020,-147,4041
1989,2166,2077,-177,4155
1896,2028,1962,-132,3924
1787,1684,1735,103,3471
1924,2088,2006,-164,4012
1976,1605,1790,371,3581
2098,1901,1999,197,3999
2003,2126,2064,-123,4129
1540,1872,1706,-332,3412
2115,1834,1974,281,3949
1960,1499,1729,461,3459
2059,1808,1933,251,3867
2020,2078,2049,-58,4098
2209,1752,1980,457,3961
1994,1793,1893,201,3787
2129,1803,1966,326,3932
2127,1932,2029,195,4059
1419,2032,1725,-613,3451
2185,1978,2081,207,4163
1909,2210,2059,-301,4119
1961,2172,2066,-211,4133
1641,1962,1801,-321,3603
2233,1910,2071,323,4143
1935,1802,1868,133,3737
2027,1824,1925,203,3851
1852,1657,1754,195,3509
1831,2115,1973,-284,3946
1824,2012,1918,-188,3836
1848,2128,1988,-280,3976
1642,2339,1990,-697,3981
2156,1965,2060,191,4121
1789,1928,1858,-139,3717
2179,1744,1961,435,3923
2024,2031,2027,-7,4055
1882,2078,1980,-196,3960
2204,1915,2059,289,4119
2033,1960,1996,73,3993
2028,1822,1925,206,3850
1989,1848,1918,141,3837
2204,1733,1968,471,3937
1985,1858,1921,127,3843
1932,1771,1851,161,3703
1867,1560,1713,307,3427
2172,1997,2084,175,4169
1747,1875,1811,-128,3622
1960,1546,1753,414,3506
2218,1950,2084,268,4168
1674,2092,1883,-418,3766
1726,1893,1809,-167,3619
2024,1507,1765,517,3531
1823,2074,1948,-251,3897
2196,1871,2033,325,4067
1965,2086,2025,-121,4051
2004,2160,2082,-156,4164
2115,1946,2030,169,4061
2034,1850,1942,184,3884
1900,2073,1986,-173,3973
1877,1905,1891,-28,3782
1875,2030,1952,-155,3905
1993,2039,2016,-46,4032
1810,1843,1826,-33,3653
2079,2099,2089,-20,4178
2113,1864,1988,249,3977
2024,1716,1870,308,3740
1964,2203,2083,-239,4167
1844,2101,1972,-257,3945
1901,1445,1673,456,3346
1952,1718,1835,234,3670
1490,1641,1565,-151,3131
1937,2064,2000,-127,4001
1651,1860,1755,-209,3511
1734,2017,1875,-283,3751
2247,1910,2078,337,4157
2037,1995,2016,42,4032
1704,2364,2034,-660,4068
2019,1933,1976,86,3952
1983,1967,1975,16,3950
1611,1874,1742,-263,3485
1736,1833,1784,-97,3569
1755,1980,1867,-225,3735
1873,2093,1983,-220,3966
2288,1743,2015,545,4031
2098,2082,2090,16,4180
1880,1691,1785,189,3571
1847,2025,1936,-178,3872
1910,2161,2035,-251,4071
2081,1853,1967,228,3934
1908,1711,1809,197,3619
1774,1546,1660,228,3320
1905,1618,1761,287,3523
1790,2191,1990,-401,3981
1960,1835,1897,125,3795
1887,1828,1857,59,3715
1602,1853,1727,-251,3455
1511,1991,1751,-480,3502
2101,1975,2038,126,4076
1913,1793,1853,120,3706
2016,1900,1958,116,3916
1884,1778,1831,106,3662
2112,1920,2016,192,4032
1821,1907,1864,-86,3728
1783,2041,1912,-258,3824
1953,1512,1732,441,3465
1636,1873,1754,-237,3509
1808,2154,1981,-346,3962
1988,2060,2024,-72,4048
2243,1847,2045,396,4090
2023,2043,2033,-20,4066
2145,2036,2090,109,4181
1984,2198,2091,-214,4182
2198,1840,2019,358,4038
1664,1909,1786,-245,3573
1968,2130,2049,-162,4098
1906,2043,1974,-137,3949
1773,1946,1859,-173,3719
2167,1895,2031,272,4062
1970,2054,2012,-84,4024
2221,1844,2032,377,4065
1858,1967,1912,-109,3825
2028,2091,2059,-63,4119
1783,1985,1884,-202,3768
2132,1948,2040,184,4080
2249,1792,2020,457,4041
1728,1585,1656,143,3313
2094,2081,2087,13,4175
2039,2132,2085,-93,4171
1818,1916,1867,-98,3734
1531,1763,1647,-232,3294
2155,1969,2062,186,4124
1941,1828,1884,113,3769
2130,2026,2078,104,4156
2023,1799,1911,224,3822
2011,2181,2096,-170,4192
2022,1851,1936,171,3873
1641,1778,1709,-137,3419
1943,2123,2033,-180,4066
1964,2171,2067,-207,4135
1921,1985,1953,-64,3906
1755,1471,1613,284,3226
2205,1897,2051,308,4102
2127,2073,2100,54,4200
1498,1531,1514,-33,3029
1756,1896,1826,-140,3652
1680,1831,1755,-151,3511
1730,1875,1802,-145,3605
1998,1858,1928,140,3856
1964,2174,2069,-210,4138
1914,1732,1823,182,3646
2085,1911,1998,174,3996
1944,1561,1752,383,3505
1841,1829,1835,12,3670
2244,1725,1984,519,3969
2153,1765,1959,388,3918
2140,1881,2010,259,4021
1703,1637,1670,66,3340
1642,1511,1576,131,3153
1851,1723,1787,128,3574
1896,2048,1972,-152,3944
2016,2087,2051,-71,4103
1864,2031,1947,-167,3895
1431,2167,1799,-736,3598
2246,1915,2080,331,4161
1961,1658,1809,303,3619
2211,1777,1994,434,3988
1679,1795,1737,-116,3474
2204,1955,2079,249,4159
2177,1921,2049,256,4098
2018,1938,1978,80,3956
2167,2003,2085,164,4170
2127,1940,2033,187,4067
1848,1532,1690,316,3380
1832,2087,1959,-255,3919
1878,1730,1804,148,3608
1274,1607,1440,-333,2881
1661,1262,1461,399,2923
2226,1959,2092,267,4185
2014,2061,2037,-47,4075
1935,1723,1829,212,3658
2167,1855,2011,312,4022
1722,2460,2091,-738,4182
2213,1980,2096,233,4193
1778,2360,2069,-582,4138
2057,1962,2009,95,4019
1664,1455,1559,209,3119
2094,2078,2086,16,4172
1887,2120,2003,-233,4007
1679,1966,1822,-287,3645
2028,2058,2043,-30,4086
2050,1848,1949,202,3898
1521,1881,1701,-360,3402
1949,2050,1999,-101,3999
1982,2185,2083,-203,4167
2081,1880,1980,201,3961
2046,1961,2003,85,4007
1512,1843,1677,-331,3355
2129,2014,2071,115,4143
2133,1818,1975,315,3951
2117,2032,2074,85,4149
2079,1911,1995,168,3990
2016,2103,2059,-87,4119
2022,1811,1916,211,3833
2101,1889,1995,212,3990
1952,2190,2071,-238,4142
1937,1968,1952,-31,3905
2281,1819,2050,462,4100
1931,2210,2070,-279,4141
1583,1932,1757,-349,3515
1939,1740,1839,199,3679
2147,1942,2044,205,4089
1980,1612,1796,368,3592
2069,1916,1992,153,3985
2089,1672,1880,417,3761
1641,2439,2040,-798,4080
1782,1621,1701,161,3403
2002,2167,2084,-165,4169
1675,2080,1877,-405,3755
1706,2060,1883,-354,3766
2079,1791,1935,288,3870
1923,2133,2028,-210,4056
1952,2085,2018,-133,4037
1863,1987,1925,-124,3850
1791,2251,2021,-460,4042
2200,1990,2095,210,4190
2260,1739,1999,521,3999
1908,2148,2028,-240,4056
1985,2213,2099,-228,4198
2158,1912,2035,246,4070
2212,1901,2056,311,4113
2078,2019,2048,59,4097
1893,1528,1710,365,3421
2215,1985,2100,230,4200
2030,2115,2072,-85,4145
2261,1841,2051,420,4102
2063,2024,2043,39,4087
2064,1885,1974,179,3949
2072,1903,1987,169,3975
1780,1933,1856,-153,3713
1787,1902,1844,-115,3689
1991,2066,2028,-75,4057
1851,2245,2048,-394,4096
2049,1782,1915,267,3831
2063,1773,1918,290,3836
2119,1982,2050,137,4101
1862,2044,1953,-182,3906
1677,1411,1544,266,3088
2018,1913,1965,105,3931
2052,2045,2048,7,4097
1735,2447,2091,-712,4182
1768,1966,1867,-198,3734
1654,1638,1646,16,3292
2060,1749,1904,311,3809
1887,1733,1810,154,3620
2089,1864,1976,225,3953
1754,2123,1938,-369,3877
2169,1921,2045,248,4090
2065,1871,1968,194,3936
1844,1698,1771,146,3542
1939,1837,1888,102,3776
2073,1792,1932,281,3865
1843,2059,1951,-216,3902
1618,1309,1463,309,2927
2000,1983,1991,17,3983
2032,1896,1964,136,3928
2100,2073,2086,27,4173
2114,1925,2019,189,4039
1858,2036,1947,-178,3894
1635,2177,1906,-542,3812
2069,2118,2093,-49,4187
2108,1740,1924,368,3848
1874,1777,1825,97,3651
1856,1822,1839,34,3678
1822,1643,1732,179,3465
1863,1729,1796,134,3592
2252,1945,2098,307,4197
2102,2095,2098,7,4197
1828,2354,2091,-526,4182
1990,1856,1923,134,3846
1943,2238,2090,-295,4181
1492,2001,1746,-509,3493
1789,1694,1741,95,3483
1955,2213,2084,-258,4168
1754,1633,1693,121,3387
2025,1710,1867,315,3735
1903,1874,1888,29,3777
2042,2156,2099,-114,4198
1681,2060,1870,-379,3741
2079,1909,1994,170,3988
1823,1490,1656,333,3313
2072,1733,1902,339,3805
2023,2172,2097,-149,4195
1853,1638,1745,215,3491
2150,2013,2081,137,4163
1963,1923,1943,40,3886
2202,1832,2017,370,4034
2134,2055,2094,79,4189
1948,1696,1822,252,3644
1924,2029,1976,-105,3953
1944,2128,2036,-184,4072
2028,2020,2024,8,4048
1726,1962,1844,-236,3688
1947,2147,2047,-200,4094
1530,1776,1653,-246,3306
1331,1421,1376,-90,2752
2028,1928,1978,100,3956
2044,2125,2084,-81,4169
2072,1726,1899,346,3798
1962,2067,2014,-105,4029
2138,2016,2077,122,4154
1836,1935,1885,-99,3771
2074,1891,1982,183,3965
2119,1789,1954,330,3908
1848,2125,1986,-277,3973
2069,1858,1963,211,3927
2022,2119,2070,-97,4141
1980,1837,1908,143,3817
2098,1923,2010,175,4021
2050,1788,1919,262,3838
1567,1730,1648,-163,3297
2188,1828,2008,360,4016
1942,2152,2047,-210,4094
1914,2188,2051,-274,4102
1843,2278,2060,-435,4121
2206,1946,2076,260,4152
1234,2104,1669,-870,3338
1839,1923,1881,-84,3762
1841,2036,1938,-195,3877
1774,2321,2047,-547,4095
1948,1815,1881,133,3763
1804,1782,1793,22,3586
2080,1756,1918,324,3836
2042,1935,1988,107,3977
1796,1979,1887,-183,3775
1633,1666,1649,-33,3299
1901,2047,1974,-146,3948
1918,1751,1834,167,3669
1861,2144,2002,-283,4005
1844,2110,1977,-266,3954
1884,2082,1983,-198,3966
2006,2174,2090,-168,4180
2231,1949,2090,282,4180
1916,2107,2011,-191,4023
2211,1954,2082,257,4165
1757,1906,1831,-149,3663
1969,2012,1990,-43,3981
2245,1922,2083,323,4167
2061,1541,1801,520,3602
1969,1450,1709,519,3419
2257,1715,1986,542,3972
1952,2067,2009,-115,4019
1975,2046,2010,-71,4021
1931,1809,1870,122,3740
2147,1981,2064,166,4128
2195,1581,1888,614,3776
1852,2121,1986,-269,3973
2107,1934,2020,173,4041
2201,1980,2090,221,4181
2039,1948,1993,91,3987
1865,1644,1754,221,3509
1881,2146,2013,-265,4027
1953,1645,1799,308,3598
1931,1828,1879,103,3759
1768,1761,1764,7,3529
1897,2073,1985,-176,3970
1849,2091,1970,-242,3940
1841,2094,1967,-253,3935
1992,1316,1654,676,3308
2051,1868,1959,183,3919
1817,2123,1970,-306,3940
1809,2269,2039,-460,4078
1860,2020,1940,-160,3880
1961,1972,1966,-11,3933
1782,1999,1890,-217,3781
2125,1950,2037,175,4075
1593,2280,1936,-687,3873
1856,2243,2049,-387,4099
1541,1318,1429,223,2859
2075,1991,2033,84,4066
1861,2086,1973,-225,3947
2211,1843,2027,368,4054
2054,1533,1793,521,3587
1946,1663,1804,283,3609
2014,1892,1953,122,3906
1896,1536,1716,360,3432
2174,2023,2098,151,4197
1725,2137,1931,-412,3862
1931,2197,2064,-266,4128
2145,1944,2044,201,4089
2157,1951,2054,206,4108
1826,1636,1731,190,3462
2209,1895,2052,314,4104
2135,2062,2098,73,4197
1956,1704,1830,252,3660
1734,1908,1821,-174,3642
2147,2006,2076,141,4153
1989,1678,1833,311,3667
1502,1490,1496,12,2992
2065,1657,1861,408,3722
1996,2176,2086,-180,4172
2239,1936,2087,303,4175
2033,1993,2013,40,4026
2043,2020,2031,23,4063
1799,2038,1918,-239,3837
2049,1903,1976,146,3952
1976,2074,2025,-98,4050
1571,1973,1772,-402,3544
2117,1849,1983,268,3966
1458,1709,1583,-251,3167
2054,2126,2090,-72,4180
2140,2013,2076,127,4153
1996,2184,2090,-188,4180
2141,1987,2064,154,4128
1767,2120,1943,-353,3887
2019,1867,1943,152,3886
2111,1870,1990,241,3981
1850,2265,2057,-415,4115
1725,2013,1869,-288,3738
2072,2126,2099,-54,4198
1811,2081,1946,-270,3892
2116,1843,1979,273,3959
1914,1759,1836,155,3673
1666,1436,1551,230,3102
1812,2093,1952,-281,3905
2097,1899,1998,198,3996
2102,1901,2001,201,4003
1827,2083,1955,-256,3910
1804,1531,1667,273,3335
1941,2228,2084,-287,4169
2082,1899,1990,183,3981
2179,2016,2097,163,4195
1950,2139,2044,-189,4089
1947,2160,2053,-213,4107
1755,1934,1844,-179,3689
1862,1717,1789,145,3579
2271,1904,2087,367,4175
1288,2005,1646,-717,3293
1988,1895,1941,93,3883
1929,2006,1967,-77,3935
2171,1969,2070,202,4140
1745,1968,1856,-223,3713
2205,1827,2016,378,4032
1790,2055,1922,-265,3845
2048,1802,1925,246,3850
2184,1964,2074,220,4148
1730,1916,1823,-186,3646
1924,2126,2025,-202,4050
2057,2057,2057,0,4114
2116,1972,2044,144,4088
1987,1642,1814,345,3629
2039,2144,2091,-105,4183
1945,1762,1853,183,3707
2176,1967,2071,209,4143
1901,1582,1741,319,3483
1847,2068,1957,-221,3915
1910,1970,1940,-60,3880
1650,1944,1797,-294,3594
1601,2134,1867,-533,3735
1984,1581,1782,403,3565
2167,1892,2029,275,4059
1546,1826,1686,-280,3372
1968,1941,1954,27,3909
2056,2095,2075,-39,4151
1520,1790,1655,-270,3310
1885,1971,1928,-86,3856
2010,2091,2050,-81,4101
2168,1923,2045,245,4091
2080,1902,1991,178,3982
2157,2043,2100,114,4200
2081,1972,2026,109,4053
1940,1852,1896,88,3792
2237,1956,2096,281,4193
1786,1881,1833,-95,3667
1926,2003,1964,-77,3929
2003,1708,1855,295,3711
2165,2036,2100,129,4201
1821,1990,1905,-169,3811
1654,2254,1954,-600,3908
1410,1536,1473,-126,2946
1738,1484,1611,254,3222
2190,1956,2073,234,4146
2099,1926,2012,173,4025
1997,1737,1867,260,3734
2064,2067,2065,-3,4131
2118,1942,2030,176,4060
1864,2210,2037,-346,4074
1712,2128,1920,-416,3840
2128,1955,2041,173,4083
1383,1556,1469,-173,2939
1930,1977,1953,-47,3907
2193,1823,2008,370,4016
1807,2025,1916,-218,3832
2147,2032,2089,115,4179
2001,1713,1857,288,3714
2130,1925,2027,205,4055
1520,1667,1593,-147,3187
2013,1714,1863,299,3727
1938,1879,1908,59,3817
1701,1473,1587,228,3174
1622,2202,1912,-580,3824
1845,1901,1873,-56,3746
1996,2038,2017,-42,4034
1891,1769,1830,122,3660
1978,2154,2066,-176,4132
2029,2023,2026,6,4052
1944,2028,1986,-84,3972
1361,1918,1639,-557,3279
2005,2172,2088,-167,4177
2031,2154,2092,-123,4185
2136,1898,2017,238,4034
1995,2108,2051,-113,4103
1921,1786,1853,135,3707
2087,1725,1906,362,3812
2225,1864,2044,361,4089
1885,1560,1722,325,3445
2159,1989,2074,170,4148
1713,2099,1906,-386,3812
2019,1633,1826,386,3652
1929,1779,1854,150,3708
2216,1892,2054,324,4108
2132,1845,1988,287,3977
2163,1954,2058,209,4117
2015,1946,1980,69,3961
1984,2009,1996,-25,3993
2023,2107,2065,-84,4130
2093,2011,2052,82,4104
1717,2086,1901,-369,3803
1977,1839,1908,138,3816
1644,1921,1782,-277,3565
1934,2109,2021,-175,4043
1881,2106,1993,-225,3987
2000,2128,2064,-128,4128
1879,1839,1859,40,3718
2125,1982,2053,143,4107
2179,1939,2059,240,4118
2191,2004,2097,187,4195
2174,1920,2047,254,4094
1782,1911,1846,-129,3693
1849,1628,1738,221,3477
1898,2126,2012,-228,4024
2080,1688,1884,392,3768
2125,2015,2070,110,4140
1899,1839,1869,60,3738
1539,1920,1729,-381,3459
2014,1980,1997,34,3994
2127,1999,2063,128,4126
2008,2103,2055,-95,4111
1945,2049,1997,-104,3994
1772,2165,1968,-393,3937
1574,1737,1655,-163,3311
2199,1948,2073,251,4147
1758,2055,1906,-297,3813
2035,1840,1937,195,3875
1679,1894,1786,-215,3573
2001,1984,1992,17,3985
1838,2030,1934,-192,3868
1668,1577,1622,91,3245
1859,1879,1869,-20,3738
1531,1655,1593,-124,3186
1860,1487,1673,373,3347
1691,1953,1822,-262,3644
2184,1917,2050,267,4101
1965,2224,2094,-259,4189
1993,1598,1795,395,3591
1677,2173,1925,-496,3850
2003,2148,2075,-145,4151
2081,1857,1969,224,3938
1788,1509,1648,279,3297
2108,1803,1955,305,3911
1903,1738,1820,165,3641
1868,1988,1928,-120,3856
1693,1806,1749,-113,3499
1749,2380,2064,-631,4129
1542,1516,1529,26,3058
1589,1697,1643,-108,3286
2033,1879,1956,154,3912
1932,1817,1874,115,3749
1717,2080,1898,-363,3797
2079,1845,1962,234,3924
2128,2015,2071,113,4143
1934,2123,2028,-189,4057
1846,1980,1913,-134,3826
2036,2150,2093,-114,4186
2156,1846,2001,310,4002
1685,1888,1786,-203,3573
1971,2081,2026,-110,4052
1627,1788,1707,-161,3415
1765,1884,1824,-119,3649
1895,1669,1782,226,3564
1834,2068,1951,-234,3902
1477,1837,1657,-360,3314
1893,2084,1988,-191,3977
1367,1868,1617,-501,3235
2258,1903,2080,355,4161
1902,1610,1756,292,3512
1711,2130,1920,-419,3841
2202,1862,2032,340,4064
2136,1851,1993,285,3987
2055,1791,1923,264,3846
2290,1840,2065,450,4130
2114,1899,2006,215,4013
1921,2162,2041,-241,4083
1828,2013,1920,-185,3841
2148,1485,1816,663,3633
1776,2007,1891,-231,3783
1891,1774,1832,117,3665
1830,2177,2003,-347,4007
1877,1902,1889,-25,3779
2150,1533,1841,617,3683
2117,2061,2089,56,4178
2286,1894,2090,392,4180
1839,2005,1922,-166,3844
2149,2005,2077,144,4154
2046,2076,2061,-30,4122
1610,2071,1840,-461,3681
1856,2033,1944,-177,3889
1958,2214,2086,-256,4172
2109,1952,2030,157,4061
1955,1823,1889,132,3778
2137,1933,2035,204,4070
1911,2137,2024,-226,4048
2022,2012,2017,10,4034
2092,1866,1979,226,3958
2142,2004,2073,138,4146
2234,1916,2075,318,4150
2212,1900,2056,312,4112
2111,1774,1942,337,3885
1977,2112,2044,-135,4089
1528,1594,1561,-66,3122
1586,1707,1646,-121,3293
1841,1897,1869,-56,3738
2198,1802,2000,396,4000
2058,2120,2089,-62,4178
2176,1844,2010,332,4020
2182,1981,2081,201,4163
1874,2011,1942,-137,3885
2002,2089,2045,-87,4091
2008,1866,1937,142,3874
2225,1969,2097,256,4194
1330,1806,1568,-476,3136
1844,1968,1906,-124,3812
1820,1881,1850,-61,3701
2190,1956,2073,234,4146
1909,1739,1824,170,3648
2004,1757,1880,247,3761
1637,1766,1701,-129,3403
1798,2024,1911,-226,3822
2162,2033,2097,129,4195
1925,2120,2022,-195,4045
2008,1842,1925,166,3850
1969,1580,1774,389,3549
1707,2005,1856,-298,3712
2101,1891,1996,210,3992
1966,1968,1967,-2,3934
2158,1797,1977,361,3955
1959,2174,2066,-215,4133
1663,1969,1816,-306,3632
1949,2114,2031,-165,4063
1673,1848,1760,-175,3521
1874,2326,2100,-452,4200
1629,1771,1700,-142,3400
1974,2198,2086,-224,4172
1987,1576,1781,411,3563
2002,2089,2045,-87,4091
1570,1751,1660,-181,3321
2055,2135,2095,-80,4190
1994,2184,2089,-190,4178
1883,1889,1886,-6,3772
2081,1796,1938,285,3877
2219,1909,2064,310,4128
2174,1999,2086,175,4173
1948,1768,1858,180,3716
2320,1710,2015,610,4030
2006,2126,2066,-120,4132
1893,2193,2043,-300,4086
1584,1658,1621,-74,3242
2459,1728,2093,731,4187
2046,1844,1945,202,3890
1965,2203,2084,-238,4168
1770,2169,1969,-399,3939
1713,2339,2026,-626,4052
1964,2018,1991,-54,3982
2075,2080,2077,-5,4155
1796,2034,1915,-238,3830
2172,1948,2060,224,4120
2054,2115,2084,-61,4169
2129,1929,2029,200,4058
1953,2086,2019,-133,4039
2165,1945,2055,220,4110
1890,1756,1823,134,3646
1968,1848,1908,120,3816
2022,1546,1784,476,3568
2259,1757,2008,502,4016
2097,2008,2052,89,4105
1934,1797,1865,137,3731
2079,1997,2038,82,4076
2119,1761,1940,358,3880
1830,2054,1942,-224,3884
2018,2176,2097,-158,4194
2170,1997,2083,173,4167
1897,2107,2002,-210,4004
2021,2153,2087,-132,4174
2156,2014,2085,142,4170
2213,1983,2098,230,4196
1888,2007,1947,-119,3895
2128,1899,2013,229,4027
1746,2311,2028,-565,4057
1498,1988,1743,-490,3486
2019,1964,1991,55,3983
2061,2096,2078,-35,4157
1935,1771,1853,164,3706
2084,1853,1968,231,3937
2097,2013,2055,84,4110
2064,1604,1834,460,3668
1963,2202,2082,-239,4165
2100,1892,1996,208,3992
1772,1638,1705,134,3410
2199,1891,2045,308,4090
1965,1826,1895,139,3791
2238,1872,2055,366,4110
1792,2093,1942,-301,3885
2139,2010,2074,129,4149
1768,1787,1777,-19,3555
2052,2003,2027,49,4055
1903,1980,1941,-77,3883
2067,1970,2018,97,4037
1583,2007,1795,-424,3590
1686,1901,1793,-215,3587
2002,1987,1994,15,3989
1819,1843,1831,-24,3662
1718,2017,1867,-299,3735
1317,1799,1558,-482,3116
1877,1727,1802,150,3604
1947,1910,1928,37,3857
1936,2096,2016,-160,4032
2201,1643,1922,558,3844
1719,1936,1827,-217,3655
1937,2215,2076,-278,4152
1950,2250,2100,-300,4200
1932,1489,1710,443,3421
2097,1762,1929,335,3859
1850,2320,2085,-470,4170
2026,1876,1951,150,3902
1791,2233,2012,-442,4024
2200,1942,2071,258,4142
1404,1751,1577,-347,3155
2137,1799,1968,338,3936
2110,1828,1969,282,3938
1933,1602,1767,331,3535
2294,1798,2046,496,4092
1248,1629,1438,-381,2877
2318,1623,1970,695,3941
1889,2249,2069,-360,4138
1874,1940,1907,-66,3814
1989,2134,2061,-145,4123
1575,1583,1579,-8,3158
1994,2172,2083,-178,4166
1892,2008,1950,-116,3900
1938,2150,2044,-212,4088
1921,1498,1709,423,3419
2204,1940,2072,264,4144
1660,1846,1753,-186,3506
1745,1617,1681,128,3362
2035,1592,1813,443,3627
2011,1872,1941,139,3883
1680,2475,2077,-795,4155
2035,1845,1940,190,3880
1577,1827,1702,-250,3404
1533,1611,1572,-78,3144
1999,2151,2075,-152,4150
2167,2014,2090,153,4181
1951,1757,1854,194,3708
1768,2090,1929,-322,3858
1689,1981,1835,-292,3670
1836,1550,1693,286,3386
1994,2156,2075,-162,4150
2027,1995,2011,32,4022
1944,1914,1929,30,3858
1891,2069,1980,-178,3960
1741,2036,1888,-295,3777
1698,1770,1734,-72,3468
1774,1939,1856,-165,3713
1956,1862,1909,94,3818
1837,1260,1548,577,3097
2059,2098,2078,-39,4157
1861,1858,1859,3,3719
2084,1997,2040,87,4081
1934,1965,1949,-31,3899
2071,1824,1947,247,3895
1795,2029,1912,-234,3824
1714,2164,1939,-450,3878
1799,1440,1619,359,3239
1411,1703,1557,-292,3114
1990,1798,1894,192,3788
2180,1941,2060,239,4121
1539,2055,1797,-516,3594
2108,1758,1933,350,3866
1980,1547,1763,433,3527
1584,1804,1694,-220,3388
1999,2172,2085,-173,4171
1894,2189,2041,-295,4083
1723,2365,2044,-642,4088
2083,1883,1983,200,3966
1533,1859,1696,-326,3392
1932,2237,2084,-305,4169
1707,2435,2071,-728,4142
2051,1990,2020,61,4041
1896,2191,2043,-295,4087
2020,1866,1943,154,3886
1997,2021,2009,-24,4018
1996,2065,2030,-69,4061
2094,1941,2017,153,4035
2375,1826,2100,549,4201
1895,2001,1948,-106,3896
2000,2083,2041,-83,4083
1771,1638,1704,133,3409
2252,1907,2079,345,4159
1934,2065,1999,-131,3999
1961,1626,1793,335,3587
1905,2127,2016,-222,4032
1825,2022,1923,-197,3847
1579,1932,1755,-353,3511
1937,1820,1878,117,3757
2135,1664,1899,471,3799
2179,1889,2034,290,4068
2211,1927,2069,284,4138
1966,2227,2096,-261,4193
1750,2044,1897,-294,3794
2004,1853,1928,151,3857
1731,2036,1883,-305,3767
2131,1921,2026,210,4052
2211,1930,2070,281,4141
1566,1684,1625,-118,3250
1848,2317,2082,-469,4165
1644,1946,1795,-302,3590
2120,1775,1947,345,3895
2051,2100,2075,-49,4151
1794,1554,1674,240,3348
2153,1809,1981,344,3962
2041,2133,2087,-92,4174
1460,1952,1706,-492,3412
1916,2004,1960,-88,3920
1943,1923,1933,20,3866
1939,2086,2012,-147,4025
1916,2074,1995,-158,3990
1861,1718,1789,143,3579
1813,1646,1729,167,3459
1901,2149,2025,-248,4050
2176,1669,1922,507,3845
2029,1932,1980,97,3961
1715,2031,1873,-316,3746
1978,2029,2003,-51,4007
2008,1705,1856,303,3713
1969,1676,1822,293,3645
1601,1962,1781,-361,3563
2024,2112,2068,-88,4136
1885,1818,1851,67,3703
2060,2111,2085,-51,4171
1927,1948,1937,-21,3875
1995,2200,2097,-205,4195
2002,2055,2028,-53,4057
1636,2059,1847,-423,3695
2064,1620,1842,444,3684
1795,1984,1889,-189,3779
2192,1962,2077,230,4154
2121,1801,1961,320,3922
1985,2081,2033,-96,4066
2082,1815,1948,267,3897
2002,1688,1845,314,3690
2055,1883,1969,172,3938
2070,1846,1958,224,3916
2066,1956,2011,110,4022
2225,1934,2079,291,4159
1913,2214,2063,-301,4127
1818,2091,1954,-273,3909
2319,1818,2068,501,4137
1931,1782,1856,149,3713
2310,1827,2068,483,4137
1978,1646,1812,332,3624
2002,1706,1854,296,3708
2183,1969,2076,214,4152
1885,1499,1692,386,3384
2021,2174,2097,-153,4195
1792,2041,1916,-249,3833
1575,1729,1652,-154,3304
1937,2137,2037,-200,4074
1912,2192,2052,-280,4104
1740,2011,1875,-271,3751
2020,1690,1855,330,3710
1797,1947,1872,-150,3744
2273,1808,2040,465,4081
2077,1796,1936,281,3873
1982,2100,2041,-118,4082
1818,1927,1872,-109,3745
1916,2023,1969,-107,3939
1940,2123,2031,-183,4063
1996,1692,1844,304,3688
2054,1856,1955,198,3910
1927,1928,1927,-1,3855
1869,1969,1919,-100,3838
1803,1756,1779,47,3559
1944,2070,2007,-126,4014
1909,2115,2012,-206,4024
1756,2234,1995,-478,3990
2064,1884,1974,180,3948
2009,2066,2037,-57,4075
1921,2104,2012,-183,4025
2163,1874,2018,289,4037
2128,1874,2001,254,4002
1696,2156,1926,-460,3852
2404,1785,2094,619,4189
2118,1683,1900,435,3801
1798,1931,1864,-133,3729
1997,1889,1943,108,3886
2153,2020,2086,133,4173
1915,2172,2043,-257,4087
2122,1934,2028,188,4056
2212,1984,2098,228,4196
2076,1876,1976,200,3952
1698,2273,1985,-575,3971
2027,1907,1967,120,3934
1906,2132,2019,-226,4038
1755,1962,1858,-207,3717
1984,2103,2043,-119,4087
2024,2174,2099,-150,4198
1824,2001,1912,-177,3825
1499,1817,1658,-318,3316
1792,2094,1943,-302,3886
2027,2152,2089,-125,4179
1853,1691,1772,162,3544
2148,1796,1972,352,3944
1929,2099,2014,-170,4028
1770,2172,1971,-402,3942
2126,1769,1947,357,3895
1889,2298,2093,-409,4187
1948,1762,1855,186,3710
2019,1772,1895,247,3791
1752,1884,1818,-132,3636
2116,1891,2003,225,4007
1770,1977,1873,-207,3747
2026,2090,2058,-64,4116
2132,1959,2045,173,4091
1828,1917,1872,-89,3745
2059,1824,1941,235,3883
1771,1821,1796,-50,3592
1786,2403,2094,-617,4189
1760,2336,2048,-576,4096
2005,2191,2098,-186,4196
1917,1900,1908,17,3817
2125,1988,2056,137,4113
1767,1575,1671,192,3342
1732,1762,1747,-30,3494
1530,1893,1711,-363,3423
2037,2137,2087,-100,4174
1910,2049,1979,-139,3959
1990,2198,2094,-208,4188
1801,1763,1782,38,3564
1936,2073,2004,-137,4009
1669,2025,1847,-356,3694
1329,1496,1412,-167,2825
2057,1882,1969,175,3939
2012,2120,2066,-108,4132
1841,2147,1994,-306,3988
1921,2032,1976,-111,3953
1655,1585,1620,70,3240
1672,1877,1774,-205,3549
1993,2060,2026,-67,4053
2087,1846,1966,241,3933
1672,1790,1731,-118,3462
1931,2114,2022,-183,4045
1861,1870,1865,-9,3731
1889,1947,1918,-58,3836
1806,2073,1939,-267,3879
2260,1871,2065,389,4131
2145,1603,1874,542,3748
2056,1845,1950,211,3901
2036,1811,1923,225,3847
2236,1927,2081,309,4163
1776,2026,1901,-250,3802
1861,2151,2006,-290,4012
1750,1927,1838,-177,3677
1956,1527,1741,429,3483
1868,2002,1935,-134,3870
1646,1638,1642,8,3284
2042,2023,2032,19,4065
1969,1772,1870,197,3741
2144,1910,2027,234,4054
1878,1713,1795,165,3591
1833,2132,1982,-299,3965
2082,2036,2059,46,4118
1885,2055,1970,-170,3940
1835,2175,2005,-340,4010
2055,2144,2099,-89,4199
1411,1933,1672,-522,3344
1943,1963,1953,-20,3906
1943,2182,2062,-239,4125
2048,1992,2020,56,4040
1623,1822,1722,-199,3445
1800,2140,1970,-340,3940
1704,1670,1687,34,3374
2100,1978,2039,122,4078
1836,2153,1994,-317,3989
1804,1790,1797,14,3594
1952,1712,1832,240,3664
1995,2041,2018,-46,4036
1830,2066,1948,-236,3896
1851,2141,1996,-290,3992
2304,1756,2030,548,4060
1922,2227,2074,-305,4149
2109,2052,2080,57,4161
2214,1983,2098,231,4197
2027,1931,1979,96,3958
2048,1788,1918,260,3836
1840,1822,1831,18,3662
1715,1782,1748,-67,3497
1949,2169,2059,-220,4118
1496,1728,1612,-232,3224
1832,2173,2002,-341,4005
2207,1861,2034,346,4068
2155,1931,2043,224,4086
1657,2079,1868,-422,3736
2044,2142,2093,-98,4186
1925,1791,1858,134,3716
2039,1964,2001,75,4003
1534,1772,1653,-238,3306
1606,1941,1773,-335,3547
2223,1801,2012,422,4024
2143,1994,2068,149,4137
2259,1941,2100,318,4200
2012,2100,2056,-88,4112
1482,1449,1465,33,2931
2237,1958,2097,279,4195
1525,1844,1684,-319,3369
1838,1989,1913,-151,3827
1990,2023,2006,-33,4013
1716,1448,1582,268,3164
1639,2134,1886,-495,3773
2102,2006,2054,96,4108
2191,1878,2034,313,4069
1751,2008,1879,-257,3759
1810,1814,1812,-4,3624
1908,1434,1671,474,3342
1764,1521,1642,243,3285
1991,2185,2088,-194,4176
2068,2066,2067,2,4134
1943,1649,1796,294,3592
2042,1721,1881,321,3763
1772,1811,1791,-39,3583
2035,1917,1976,118,3952
2122,1902,2012,220,4024
2167,1774,1970,393,3941
1925,2185,2055,-260,4110
2146,2032,2089,114,4178
2087,1903,1995,184,3990
1878,2135,2006,-257,4013
1793,2157,1975,-364,3950
2161,1921,2041,240,4082
2062,1784,1923,278,3846
2250,1694,1972,556,3944
1828,1921,1874,-93,3749
1546,2121,1833,-575,3667
2122,1992,2057,130,4114
2198,1789,1993,409,3987
1988,1802,1895,186,3790
1974,2152,2063,-178,4126
1696,2100,1898,-404,3796
1961,2159,2060,-198,4120
1972,2040,2006,-68,4012
1465,1805,1635,-340,3270
2202,1927,2064,275,4129
1780,2130,1955,-350,3910
1864,2287,2075,-423,4151
1886,2263,2074,-377,4149
1676,1825,1750,-149,3501
2037,1752,1894,285,3789
2199,1956,2077,243,4155
1498,1966,1732,-468,3464
2176,1832,2004,344,4008
1801,2045,1923,-244,3846
2118,2024,2071,94,4142
1944,1483,1713,461,3427
1920,1708,1814,212,3628
1777,2124,1950,-347,3901
2248,1905,2076,343,4153
1790,1838,1814,-48,3628
1904,1855,1879,49,3759
2020,2089,2054,-69,4109
1682,2023,1852,-341,3705
1827,2005,1916,-178,3832
2143,1810,1976,333,3953
1875,1679,1777,196,3554
1459,1958,1708,-499,3417
1885,2205,2045,-320,4090
1725,1300,1512,425,3025
1929,2083,2006,-154,4012
1995,1690,1842,305,3685
2090,1636,1863,454,3726
2089,2016,2052,73,4105
1411,1660,1535,-249,3071
2013,2122,2067,-109,4135
2027,1787,1907,240,3814
1673,1817,1745,-144,3490
1948,2075,2011,-127,4023
1770,1967,1868,-197,3737
1429,1836,1632,-407,3265
1805,1948,1876,-143,3753
1688,1944,1816,-256,3632
1814,1814,1814,0,3628
1735,2101,1918,-366,3836
2092,1993,2042,99,4085
1774,2137,1955,-363,3911
1905,2069,1987,-164,3974
1687,1905,1796,-218,3592
1898,2256,2077,-358,4154
1927,2141,2034,-214,4068
2146,1972,2059,174,4118
1782,2139,1960,-357,3921
1842,2263,2052,-421,4105
1755,1949,1852,-194,3704
2031,1801,1916,230,3832
1690,1888,1789,-198,3578
1961,2092,2026,-131,4053
1729,2011,1870,-282,3740
1675,2109,1892,-434,3784
1888,1671,1779,217,3559
2141,1943,2042,198,4084
2092,1871,1981,221,3963
2072,1988,2030,84,4060
1900,1870,1885,30,3770
1582,2058,1820,-476,3640
2232,1918,2075,314,4150
1898,2100,1999,-202,3998
2137,1867,2002,270,4004
1690,2024,1857,-334,3714
1676,1792,1734,-116,3468
1862,1491,1676,371,3353
2049,2100,2074,-51,4149
1835,2004,1919,-169,3839
2251,1941,2096,310,4192
1902,1663,1782,239,3565
2101,2027,2064,74,4128
2181,1929,2055,252,4110
2079,2007,2043,72,4086
1675,2117,1896,-442,3792
2081,1928,2004,153,4009
2168,1720,1944,448,3888
1942,1746,1844,196,3688
1761,2163,1962,-402,3924
1916,2261,2088,-345,4177
1570,1735,1652,-165,3305
2071,1693,1882,378,3764
1973,2089,2031,-116,4062
1981,1707,1844,274,3688
1864,2115,1989,-251,3979
1916,2219,2067,-303,4135
1652,1884,1768,-232,3536
1810,2088,1949,-278,3898
2140,1962,2051,178,4102
2038,1773,1905,265,3811
1486,1822,1654,-336,3308
1876,2100,1988,-224,3976
1692,2005,1848,-313,3697
1939,2205,2072,-266,4144
1764,2271,2017,-507,4035
1843,1993,1918,-150,3836
2006,1627,1816,379,3633
2018,1883,1950,135,3901
2114,1888,2001,226,4002
1548,1808,1678,-260,3356
1922,1685,1803,237,3607
2163,1928,2045,235,4091
1937,2169,2053,-232,4106
1230,1397,1313,-167,2627
1969,2208,2088,-239,4177
2009,1990,1999,19,3999
2155,1940,2047,215,4095
1657,1868,1762,-211,3525
1808,1576,1692,232,3384
1885,2037,1961,-152,3922
2123,2005,2064,118,4128
1882,2148,2015,-266,4030
2053,2069,2061,-16,4122
1870,1974,1922,-104,3844
2069,2113,2091,-44,4182
2067,1731,1899,336,3798
1806,1709,1757,97,3515
1718,1753,1735,-35,3471
1663,1808,1735,-145,3471
2039,2103,2071,-64,4142
2154,1774,1964,380,3928
2068,2045,2056,23,4113
2200,1996,2098,204,4196
2247,1925,2086,322,4172
1560,1903,1731,-343,3463
2052,2024,2038,28,4076
1952,2223,2087,-271,4175
2164,1981,2072,183,4145
1632,2301,1966,-669,3933
1992,1928,1960,64,3920
2154,2033,2093,121,4187
1763,1609,1686,154,3372
1844,2063,1953,-219,3907
1717,2098,1907,-381,3815
