WhiteElo,BlackElo,MeanElos,DiffElos,SumElos,Class,Class1
2108,2273,2190,-165,4381,1,1
2047,2186,2116,-139,4233,1,1
2054,2099,2076,-45,4153,1,1
1860,2464,2162,-604,4324,1,1
1979,2263,2121,-284,4242,1,1
2332,2334,2333,-2,4666,1,1
2119,2136,2127,-17,4255,1,1
1933,2207,2070,-274,4140,1,1
1941,2184,2062,-243,4125,1,1
1889,2307,2098,-418,4196,1,1
1992,2119,2055,-127,4111,1,1
2133,2214,2173,-81,4347,1,1
2024,2517,2270,-493,4541,1,1
2079,2202,2140,-123,4281,1,1
2101,2330,2215,-229,4431,1,1
2148,2197,2172,-49,4345,1,1
2124,2392,2258,-268,4516,1,1
2246,2426,2336,-180,4672,1,1
2207,2402,2304,-195,4609,1,1
2311,2352,2331,-41,4663,1,1
2232,2344,2288,-112,4576,1,1
1902,2145,2023,-243,4047,1,1
2056,2265,2160,-209,4321,1,1
2152,2255,2203,-103,4407,1,1
2051,2185,2118,-134,4236,1,1
1945,2171,2058,-226,4116,1,1
2119,2199,2159,-80,4318,1,1
1890,2498,2194,-608,4388,1,1
2065,2282,2173,-217,4347,1,1
1935,2210,2072,-275,4145,1,1
2087,2372,2229,-285,4459,1,1
2069,2515,2292,-446,4584,1,1
2072,2251,2161,-179,4323,1,1
2126,2168,2147,-42,4294,1,1
2164,2191,2177,-27,4355,1,1
2211,2317,2264,-106,4528,1,1
2013,2245,2129,-232,4258,1,1
2050,2088,2069,-38,4138,1,1
1846,2337,2091,-491,4183,1,1
2275,2422,2348,-147,4697,1,1
1788,2212,2000,-424,4000,1,1
2075,2369,2222,-294,4444,1,1
2030,2232,2131,-202,4262,1,1
1985,2255,2120,-270,4240,1,1
2177,2356,2266,-179,4533,1,1
2145,2351,2248,-206,4496,1,1
2119,2363,2241,-244,4482,1,1
2091,2581,2336,-490,4672,1,1
2229,2457,2343,-228,4686,1,1
2022,2205,2113,-183,4227,1,1
2154,2307,2230,-153,4461,1,1
1922,2363,2142,-441,4285,1,1
2049,2309,2179,-260,4358,1,1
2172,2351,2261,-179,4523,1,1
2160,2275,2217,-115,4435,1,1
2190,2306,2248,-116,4496,1,1
2091,2419,2255,-328,4510,1,1
2205,2310,2257,-105,4515,1,1
2263,2307,2285,-44,4570,1,1
1894,2465,2179,-571,4359,1,1
2140,2375,2257,-235,4515,1,1
2045,2387,2216,-342,4432,1,1
2026,2447,2236,-421,4473,1,1
1972,2356,2164,-384,4328,1,1
2328,2318,2323,10,4646,1,1
2044,2181,2112,-137,4225,1,1
1978,2186,2082,-208,4164,1,1
2061,2145,2103,-84,4206,1,1
2256,2377,2316,-121,4633,1,1
2161,2532,2346,-371,4693,1,1
2224,2428,2326,-204,4652,1,1
2030,2183,2106,-153,4213,1,1
2032,2279,2155,-247,4311,1,1
2174,2261,2217,-87,4435,1,1
1902,2153,2027,-251,4055,1,1
2225,2234,2229,-9,4459,1,1
2191,2520,2355,-329,4711,1,1
2265,2381,2323,-116,4646,1,1
2078,2639,2358,-561,4717,1,1
1989,2174,2081,-185,4163,1,1
2084,2461,2272,-377,4545,1,1
2064,2174,2119,-110,4238,1,1
2149,2446,2297,-297,4595,1,1
2241,2439,2340,-198,4680,1,1
1974,2140,2057,-166,4114,1,1
1884,2547,2215,-663,4431,1,1
1921,2308,2114,-387,4229,1,1
2136,2243,2189,-107,4379,1,1
2009,2293,2151,-284,4302,1,1
2166,2416,2291,-250,4582,1,1
2209,2338,2273,-129,4547,1,1
2123,2358,2240,-235,4481,1,1
2015,2507,2261,-492,4522,1,1
1967,2215,2091,-248,4182,1,1
2224,2356,2290,-132,4580,1,1
2144,2534,2339,-390,4678,1,1
1937,2155,2046,-218,4092,1,1
2164,2434,2299,-270,4598,1,1
2184,2473,2328,-289,4657,1,1
2095,2193,2144,-98,4288,1,1
2053,2205,2129,-152,4258,1,1
2173,2400,2286,-227,4573,1,1
2049,2328,2188,-279,4377,1,1
1872,2288,2080,-416,4160,1,1
1767,2455,2111,-688,4222,1,1
2127,2498,2312,-371,4625,1,1
2203,2365,2284,-162,4568,1,1
2313,2366,2339,-53,4679,1,1
2176,2359,2267,-183,4535,1,1
1982,2324,2153,-342,4306,1,1
2272,2445,2358,-173,4717,1,1
2066,2198,2132,-132,4264,1,1
2309,2356,2332,-47,4665,1,1
2271,2379,2325,-108,4650,1,1
1895,2347,2121,-452,4242,1,1
1898,2460,2179,-562,4358,1,1
2261,2427,2344,-166,4688,1,1
1747,2262,2004,-515,4009,1,1
2039,2248,2143,-209,4287,1,1
2153,2294,2223,-141,4447,1,1
1951,2213,2082,-262,4164,1,1
1836,2301,2068,-465,4137,1,1
2070,2156,2113,-86,4226,1,1
2050,2084,2067,-34,4134,1,1
2285,2356,2320,-71,4641,1,1
2132,2264,2198,-132,4396,1,1
2053,2340,2196,-287,4393,1,1
2138,2335,2236,-197,4473,1,1
2257,2308,2282,-51,4565,1,1
2035,2145,2090,-110,4180,1,1
2254,2325,2289,-71,4579,1,1
1980,2212,2096,-232,4192,1,1
1881,2295,2088,-414,4176,1,1
2025,2103,2064,-78,4128,1,1
2322,2315,2318,7,4637,1,1
2234,2379,2306,-145,4613,1,1
2259,2422,2340,-163,4681,1,1
2024,2189,2106,-165,4213,1,1
2098,2135,2116,-37,4233,1,1
1932,2153,2042,-221,4085,1,1
2277,2273,2275,4,4550,1,1
2246,2261,2253,-15,4507,1,1
2275,2409,2342,-134,4684,1,1
2192,2386,2289,-194,4578,1,1
1916,2221,2068,-305,4137,1,1
2246,2325,2285,-79,4571,1,1
2068,2208,2138,-140,4276,1,1
1901,2201,2051,-300,4102,1,1
1976,2273,2124,-297,4249,1,1
1598,2319,1958,-721,3917,1,1
2100,2224,2162,-124,4324,1,1
2261,2442,2351,-181,4703,1,1
2164,2395,2279,-231,4559,1,1
2110,2288,2199,-178,4398,1,1
2181,2351,2266,-170,4532,1,1
2069,2345,2207,-276,4414,1,1
2135,2258,2196,-123,4393,1,1
2121,2207,2164,-86,4328,1,1
2162,2271,2216,-109,4433,1,1
1926,2126,2026,-200,4052,1,1
2235,2440,2337,-205,4675,1,1
2295,2307,2301,-12,4602,1,1
1987,2321,2154,-334,4308,1,1
1973,2248,2110,-275,4221,1,1
2318,2349,2333,-31,4667,1,1
2281,2377,2329,-96,4658,1,1
2153,2463,2308,-310,4616,1,1
2083,2100,2091,-17,4183,1,1
2238,2366,2302,-128,4604,1,1
2132,2553,2342,-421,4685,1,1
1849,2223,2036,-374,4072,1,1
2051,2380,2215,-329,4431,1,1
2221,2336,2278,-115,4557,1,1
2194,2339,2266,-145,4533,1,1
2111,2301,2206,-190,4412,1,1
1944,2152,2048,-208,4096,1,1
2009,2437,2223,-428,4446,1,1
2199,2395,2297,-196,4594,1,1
2208,2384,2296,-176,4592,1,1
2012,2313,2162,-301,4325,1,1
2174,2368,2271,-194,4542,1,1
2286,2314,2300,-28,4600,1,1
2137,2288,2212,-151,4425,1,1
2107,2155,2131,-48,4262,1,1
2036,2425,2230,-389,4461,1,1
2025,2416,2220,-391,4441,1,1
2046,2245,2145,-199,4291,1,1
2217,2436,2326,-219,4653,1,1
2275,2319,2297,-44,4594,1,1
2159,2329,2244,-170,4488,1,1
2125,2256,2190,-131,4381,1,1
2193,2421,2307,-228,4614,1,1
2251,2449,2350,-198,4700,1,1
2247,2412,2329,-165,4659,1,1
1822,2200,2011,-378,4022,1,1
2205,2436,2320,-231,4641,1,1
2021,2287,2154,-266,4308,1,1
2056,2240,2148,-184,4296,1,1
2253,2292,2272,-39,4545,1,1
2076,2324,2200,-248,4400,1,1
2208,2328,2268,-120,4536,1,1
2269,2369,2319,-100,4638,1,1
2064,2239,2151,-175,4303,1,1
2053,2236,2144,-183,4289,1,1
2083,2449,2266,-366,4532,1,1
1957,2142,2049,-185,4099,1,1
2010,2523,2266,-513,4533,1,1
2086,2359,2222,-273,4445,1,1
1972,2096,2034,-124,4068,1,1
2290,2357,2323,-67,4647,1,1
2049,2285,2167,-236,4334,1,1
2246,2429,2337,-183,4675,1,1
1929,2187,2058,-258,4116,1,1
2244,2367,2305,-123,4611,1,1
2277,2286,2281,-9,4563,1,1
1961,2239,2100,-278,4200,1,1
1847,2215,2031,-368,4062,1,1
2001,2530,2265,-529,4531,1,1
2327,2334,2330,-7,4661,1,1
2084,2281,2182,-197,4365,1,1
2227,2306,2266,-79,4533,1,1
2065,2204,2134,-139,4269,1,1
2118,2287,2202,-169,4405,1,1
2109,2331,2220,-222,4440,1,1
2094,2423,2258,-329,4517,1,1
1999,2258,2128,-259,4257,1,1
2026,2196,2111,-170,4222,1,1
2202,2285,2243,-83,4487,1,1
1999,2254,2126,-255,4253,1,1
2116,2225,2170,-109,4341,1,1
2129,2489,2309,-360,4618,1,1
2120,2145,2132,-25,4265,1,1
2292,2403,2347,-111,4695,1,1
2019,2399,2209,-380,4418,1,1
2002,2201,2101,-199,4203,1,1
2159,2191,2175,-32,4350,1,1
2008,2223,2115,-215,4231,1,1
2095,2368,2231,-273,4463,1,1
2090,2188,2139,-98,4278,1,1
1907,2196,2051,-289,4103,1,1
2167,2360,2263,-193,4527,1,1
2159,2418,2288,-259,4577,1,1
2013,2107,2060,-94,4120,1,1
2050,2235,2142,-185,4285,1,1
2115,2267,2191,-152,4382,1,1
2111,2342,2226,-231,4453,1,1
1987,2147,2067,-160,4134,1,1
2185,2415,2300,-230,4600,1,1
2095,2569,2332,-474,4664,1,1
2196,2261,2228,-65,4457,1,1
2282,2272,2277,10,4554,1,1
2013,2132,2072,-119,4145,1,1
1987,2148,2067,-161,4135,1,1
1989,2158,2073,-169,4147,1,1
2009,2253,2131,-244,4262,1,1
2230,2417,2323,-187,4647,1,1
2235,2297,2266,-62,4532,1,1
2069,2193,2131,-124,4262,1,1
2065,2198,2131,-133,4263,1,1
2081,2529,2305,-448,4610,1,1
1849,2173,2011,-324,4022,1,1
2002,2288,2145,-286,4290,1,1
1961,2175,2068,-214,4136,1,1
2209,2381,2295,-172,4590,1,1
2157,2396,2276,-239,4553,1,1
2094,2292,2193,-198,4386,1,1
1985,2222,2103,-237,4207,1,1
2063,2143,2103,-80,4206,1,1
2199,2293,2246,-94,4492,1,1
2098,2552,2325,-454,4650,1,1
2164,2212,2188,-48,4376,1,1
1952,2245,2098,-293,4197,1,1
1972,2140,2056,-168,4112,1,1
2017,2222,2119,-205,4239,1,1
2245,2274,2259,-29,4519,1,1
2199,2475,2337,-276,4674,1,1
2082,2343,2212,-261,4425,1,1
2263,2461,2362,-198,4724,1,1
2004,2104,2054,-100,4108,1,1
2102,2379,2240,-277,4481,1,1
2222,2438,2330,-216,4660,1,1
1833,2313,2073,-480,4146,1,1
2324,2337,2330,-13,4661,1,1
2200,2288,2244,-88,4488,1,1
2206,2451,2328,-245,4657,1,1
2107,2238,2172,-131,4345,1,1
1996,2473,2234,-477,4469,1,1
2171,2250,2210,-79,4421,1,1
1837,2266,2051,-429,4103,1,1
2126,2158,2142,-32,4284,1,1
2093,2161,2127,-68,4254,1,1
1876,2225,2050,-349,4101,1,1
2177,2435,2306,-258,4612,1,1
2062,2364,2213,-302,4426,1,1
2255,2254,2254,1,4509,1,1
2318,2317,2317,1,4635,1,1
2253,2386,2319,-133,4639,1,1
2182,2591,2386,-409,4773,1,1
1851,2521,2186,-670,4372,1,1
2247,2287,2267,-40,4534,1,1
2225,2282,2253,-57,4507,1,1
2284,2364,2324,-80,4648,1,1
2072,2271,2171,-199,4343,1,1
1613,2529,2071,-916,4142,1,1
2074,2184,2129,-110,4258,1,1
2046,2405,2225,-359,4451,1,1
2280,2300,2290,-20,4580,1,1
2270,2443,2356,-173,4713,1,1
2232,2316,2274,-84,4548,1,1
2144,2256,2200,-112,4400,1,1
1995,2307,2151,-312,4302,1,1
2108,2237,2172,-129,4345,1,1
2027,2488,2257,-461,4515,1,1
2179,2413,2296,-234,4592,1,1
2241,2510,2375,-269,4751,1,1
1993,2512,2252,-519,4505,1,1
2291,2410,2350,-119,4701,1,1
1801,2326,2063,-525,4127,1,1
2151,2391,2271,-240,4542,1,1
2168,2266,2217,-98,4434,1,1
2125,2331,2228,-206,4456,1,1
2139,2518,2328,-379,4657,1,1
1852,2216,2034,-364,4068,1,1
1879,2204,2041,-325,4083,1,1
2130,2480,2305,-350,4610,1,1
2234,2308,2271,-74,4542,1,1
2090,2228,2159,-138,4318,1,1
2214,2291,2252,-77,4505,1,1
2214,2395,2304,-181,4609,1,1
2059,2135,2097,-76,4194,1,1
1954,2421,2187,-467,4375,1,1
2258,2340,2299,-82,4598,1,1
2105,2299,2202,-194,4404,1,1
2138,2200,2169,-62,4338,1,1
2157,2168,2162,-11,4325,1,1
2066,2278,2172,-212,4344,1,1
1953,2187,2070,-234,4140,1,1
1929,2341,2135,-412,4270,1,1
2230,2409,2319,-179,4639,1,1
2043,2438,2240,-395,4481,1,1
2181,2403,2292,-222,4584,1,1
1995,2417,2206,-422,4412,1,1
2161,2260,2210,-99,4421,1,1
2199,2304,2251,-105,4503,1,1
2067,2203,2135,-136,4270,1,1
2159,2308,2233,-149,4467,1,1
2105,2114,2109,-9,4219,1,1
2141,2423,2282,-282,4564,1,1
2117,2547,2332,-430,4664,1,1
2011,2230,2120,-219,4241,1,1
1965,2194,2079,-229,4159,1,1
2062,2318,2190,-256,4380,1,1
2114,2337,2225,-223,4451,1,1
2314,2369,2341,-55,4683,1,1
2205,2391,2298,-186,4596,1,1
2075,2218,2146,-143,4293,1,1
2095,2269,2182,-174,4364,1,1
2086,2243,2164,-157,4329,1,1
2228,2308,2268,-80,4536,1,1
2070,2422,2246,-352,4492,1,1
2122,2296,2209,-174,4418,1,1
1956,2148,2052,-192,4104,1,1
2094,2163,2128,-69,4257,1,1
2000,2331,2165,-331,4331,1,1
2162,2541,2351,-379,4703,1,1
2163,2312,2237,-149,4475,1,1
2109,2204,2156,-95,4313,1,1
2178,2362,2270,-184,4540,1,1
1876,2428,2152,-552,4304,1,1
2196,2299,2247,-103,4495,1,1
2024,2137,2080,-113,4161,1,1
2220,2303,2261,-83,4523,1,1
1997,2246,2121,-249,4243,1,1
2031,2238,2134,-207,4269,1,1
2178,2376,2277,-198,4554,1,1
2106,2391,2248,-285,4497,1,1
1659,2428,2043,-769,4087,1,1
2207,2369,2288,-162,4576,1,1
1903,2291,2097,-388,4194,1,1
2084,2103,2093,-19,4187,1,1
1985,2268,2126,-283,4253,1,1
2042,2395,2218,-353,4437,1,1
2168,2442,2305,-274,4610,1,1
1949,2360,2154,-411,4309,1,1
2071,2629,2350,-558,4700,1,1
2250,2250,2250,0,4500,1,1
2023,2125,2074,-102,4148,1,1
2296,2291,2293,5,4587,1,1
1952,2189,2070,-237,4141,1,1
2259,2417,2338,-158,4676,1,1
2129,2465,2297,-336,4594,1,1
2071,2323,2197,-252,4394,1,1
2103,2337,2220,-234,4440,1,1
2237,2328,2282,-91,4565,1,1
2115,2446,2280,-331,4561,1,1
2258,2263,2260,-5,4521,1,1
2080,2213,2146,-133,4293,1,1
2316,2362,2339,-46,4678,1,1
2041,2471,2256,-430,4512,1,1
1992,2103,2047,-111,4095,1,1
2110,2337,2223,-227,4447,1,1
2283,2288,2285,-5,4571,1,1
2026,2354,2190,-328,4380,1,1
2240,2282,2261,-42,4522,1,1
2323,2328,2325,-5,4651,1,1
2211,2227,2219,-16,4438,1,1
2128,2423,2275,-295,4551,1,1
2244,2445,2344,-201,4689,1,1
2056,2147,2101,-91,4203,1,1
2331,2328,2329,3,4659,1,1
2073,2151,2112,-78,4224,1,1
1907,2209,2058,-302,4116,1,1
1952,2279,2115,-327,4231,1,1
1940,2123,2031,-183,4063,1,1
2161,2482,2321,-321,4643,1,1
2151,2218,2184,-67,4369,1,1
2251,2286,2268,-35,4537,1,1
2149,2403,2276,-254,4552,1,1
2281,2309,2295,-28,4590,1,1
1927,2177,2052,-250,4104,1,1
2010,2362,2186,-352,4372,1,1
2144,2221,2182,-77,4365,1,1
2238,2356,2297,-118,4594,1,1
2023,2255,2139,-232,4278,1,1
2047,2326,2186,-279,4373,1,1
2184,2327,2255,-143,4511,1,1
2081,2339,2210,-258,4420,1,1
2048,2515,2281,-467,4563,1,1
2136,2484,2310,-348,4620,1,1
2053,2278,2165,-225,4331,1,1
2226,2427,2326,-201,4653,1,1
2133,2217,2175,-84,4350,1,1
2097,2137,2117,-40,4234,1,1
2034,2235,2134,-201,4269,1,1
2268,2274,2271,-6,4542,1,1
1990,2256,2123,-266,4246,1,1
2214,2378,2296,-164,4592,1,1
2030,2224,2127,-194,4254,1,1
2042,2213,2127,-171,4255,1,1
2227,2322,2274,-95,4549,1,1
2000,2294,2147,-294,4294,1,1
2211,2218,2214,-7,4429,1,1
1962,2127,2044,-165,4089,1,1
2081,2272,2176,-191,4353,1,1
2180,2419,2299,-239,4599,1,1
2251,2362,2306,-111,4613,1,1
2020,2155,2087,-135,4175,1,1
2156,2401,2278,-245,4557,1,1
2001,2281,2141,-280,4282,1,1
2270,2409,2339,-139,4679,1,1
1880,2207,2043,-327,4087,1,1
2205,2320,2262,-115,4525,1,1
2169,2237,2203,-68,4406,1,1
2301,2350,2325,-49,4651,1,1
1982,2330,2156,-348,4312,1,1
2274,2338,2306,-64,4612,1,1
2056,2267,2161,-211,4323,1,1
2108,2331,2219,-223,4439,1,1
1886,2204,2045,-318,4090,1,1
2267,2416,2341,-149,4683,1,1
2066,2254,2160,-188,4320,1,1
2089,2323,2206,-234,4412,1,1
2187,2307,2247,-120,4494,1,1
2024,2082,2053,-58,4106,1,1
2201,2307,2254,-106,4508,1,1
2061,2081,2071,-20,4142,1,1
1940,2162,2051,-222,4102,1,1
2017,2082,2049,-65,4099,1,1
1962,2225,2093,-263,4187,1,1
2235,2416,2325,-181,4651,1,1
2181,2538,2359,-357,4719,1,1
2162,2365,2263,-203,4527,1,1
2182,2426,2304,-244,4608,1,1
2229,2425,2327,-196,4654,1,1
2101,2416,2258,-315,4517,1,1
2067,2313,2190,-246,4380,1,1
2232,2377,2304,-145,4609,1,1
2168,2310,2239,-142,4478,1,1
2212,2290,2251,-78,4502,1,1
1956,2589,2272,-633,4545,1,1
2228,2316,2272,-88,4544,1,1
2154,2243,2198,-89,4397,1,1
2217,2526,2371,-309,4743,1,1
2053,2453,2253,-400,4506,1,1
2054,2367,2210,-313,4421,1,1
2193,2325,2259,-132,4518,1,1
2179,2307,2243,-128,4486,1,1
2092,2211,2151,-119,4303,1,1
2289,2373,2331,-84,4662,1,1
2155,2442,2298,-287,4597,1,1
2015,2191,2103,-176,4206,1,1
2187,2290,2238,-103,4477,1,1
2019,2217,2118,-198,4236,1,1
2149,2165,2157,-16,4314,1,1
2123,2356,2239,-233,4479,1,1
2096,2321,2208,-225,4417,1,1
2071,2297,2184,-226,4368,1,1
2006,2190,2098,-184,4196,1,1
2285,2423,2354,-138,4708,1,1
2251,2485,2368,-234,4736,1,1
2195,2199,2197,-4,4394,1,1
2183,2469,2326,-286,4652,1,1
2111,2243,2177,-132,4354,1,1
2274,2332,2303,-58,4606,1,1
2222,2425,2323,-203,4647,1,1
1884,2313,2098,-429,4197,1,1
2109,2274,2191,-165,4383,1,1
2171,2186,2178,-15,4357,1,1
2002,2262,2132,-260,4264,1,1
2296,2396,2346,-100,4692,1,1
2211,2281,2246,-70,4492,1,1
2242,2453,2347,-211,4695,1,1
2042,2273,2157,-231,4315,1,1
2148,2401,2274,-253,4549,1,1
2156,2380,2268,-224,4536,1,1
2089,2346,2217,-257,4435,1,1
2123,2234,2178,-111,4357,1,1
2203,2287,2245,-84,4490,1,1
2141,2246,2193,-105,4387,1,1
2208,2545,2376,-337,4753,1,1
1959,2426,2192,-467,4385,1,1
2221,2292,2256,-71,4513,1,1
2022,2196,2109,-174,4218,1,1
1911,2201,2056,-290,4112,1,1
1925,2422,2173,-497,4347,1,1
2192,2367,2279,-175,4559,1,1
2253,2347,2300,-94,4600,1,1
2200,2321,2260,-121,4521,1,1
2116,2356,2236,-240,4472,1,1
2025,2228,2126,-203,4253,1,1
2160,2325,2242,-165,4485,1,1
2216,2378,2297,-162,4594,1,1
2091,2441,2266,-350,4532,1,1
2059,2218,2138,-159,4277,1,1
2110,2664,2387,-554,4774,1,1
1929,2204,2066,-275,4133,1,1
1769,2620,2194,-851,4389,1,1
2278,2403,2340,-125,4681,1,1
2114,2194,2154,-80,4308,1,1
2098,2414,2256,-316,4512,1,1
1788,2306,2047,-518,4094,1,1
2215,2227,2221,-12,4442,1,1
2249,2420,2334,-171,4669,1,1
2152,2419,2285,-267,4571,1,1
1796,2280,2038,-484,4076,1,1
2136,2320,2228,-184,4456,1,1
2093,2235,2164,-142,4328,1,1
2179,2600,2389,-421,4779,1,1
2214,2486,2350,-272,4700,1,1
1857,2273,2065,-416,4130,1,1
2080,2285,2182,-205,4365,1,1
1939,2218,2078,-279,4157,1,1
2036,2261,2148,-225,4297,1,1
2159,2236,2197,-77,4395,1,1
2219,2471,2345,-252,4690,1,1
2026,2306,2166,-280,4332,1,1
2006,2356,2181,-350,4362,1,1
2137,2282,2209,-145,4419,1,1
2044,2348,2196,-304,4392,1,1
2278,2279,2278,-1,4557,1,1
2082,2173,2127,-91,4255,1,1
1878,2520,2199,-642,4398,1,1
2245,2421,2333,-176,4666,1,1
1924,2398,2161,-474,4322,1,1
2259,2462,2360,-203,4721,1,1
2021,2273,2147,-252,4294,1,1
2236,2460,2348,-224,4696,1,1
2039,2326,2182,-287,4365,1,1
2120,2291,2205,-171,4411,1,1
2121,2282,2201,-161,4403,1,1
2008,2098,2053,-90,4106,1,1
2063,2255,2159,-192,4318,1,1
1970,2517,2243,-547,4487,1,1
1967,2244,2105,-277,4211,1,1
2132,2413,2272,-281,4545,1,1
2070,2543,2306,-473,4613,1,1
2259,2339,2299,-80,4598,1,1
2120,2209,2164,-89,4329,1,1
2311,2371,2341,-60,4682,1,1
2267,2327,2297,-60,4594,1,1
2158,2411,2284,-253,4569,1,1
2201,2231,2216,-30,4432,1,1
2229,2358,2293,-129,4587,1,1
1912,2228,2070,-316,4140,1,1
2044,2129,2086,-85,4173,1,1
2223,2234,2228,-11,4457,1,1
2066,2264,2165,-198,4330,1,1
1982,2523,2252,-541,4505,1,1
1931,2334,2132,-403,4265,1,1
1975,2244,2109,-269,4219,1,1
2025,2181,2103,-156,4206,1,1
2051,2273,2162,-222,4324,1,1
2088,2328,2208,-240,4416,1,1
2025,2171,2098,-146,4196,1,1
1981,2618,2299,-637,4599,1,1
2194,2388,2291,-194,4582,1,1
2145,2426,2285,-281,4571,1,1
2223,2415,2319,-192,4638,1,1
2076,2199,2137,-123,4275,1,1
2150,2560,2355,-410,4710,1,1
2183,2310,2246,-127,4493,1,1
1626,2368,1997,-742,3994,1,1
1787,2257,2022,-470,4044,1,1
1990,2349,2169,-359,4339,1,1
2087,2470,2278,-383,4557,1,1
2063,2092,2077,-29,4155,1,1
2132,2599,2365,-467,4731,1,1
2047,2144,2095,-97,4191,1,1
2231,2310,2270,-79,4541,1,1
2169,2271,2220,-102,4440,1,1
2094,2284,2189,-190,4378,1,1
2036,2245,2140,-209,4281,1,1
2260,2340,2300,-80,4600,1,1
1995,2174,2084,-179,4169,1,1
2117,2450,2283,-333,4567,1,1
2058,2232,2145,-174,4290,1,1
2208,2449,2328,-241,4657,1,1
2056,2381,2218,-325,4437,1,1
2176,2214,2195,-38,4390,1,1
2243,2269,2256,-26,4512,1,1
1935,2183,2059,-248,4118,1,1
1870,2186,2028,-316,4056,1,1
2173,2533,2353,-360,4706,1,1
1899,2283,2091,-384,4182,1,1
2040,2147,2093,-107,4187,1,1
2225,2263,2244,-38,4488,1,1
2220,2231,2225,-11,4451,1,1
1937,2174,2055,-237,4111,1,1
2200,2373,2286,-173,4573,1,1
2166,2251,2208,-85,4417,1,1
2174,2297,2235,-123,4471,1,1
2052,2508,2280,-456,4560,1,1
2281,2290,2285,-9,4571,1,1
2285,2367,2326,-82,4652,1,1
2017,2310,2163,-293,4327,1,1
2304,2356,2330,-52,4660,1,1
2230,2512,2371,-282,4742,1,1
2102,2385,2243,-283,4487,1,1
2060,2512,2286,-452,4572,1,1
1867,2566,2216,-699,4433,1,1
2207,2346,2276,-139,4553,1,1
2241,2281,2261,-40,4522,1,1
2258,2255,2256,3,4513,1,1
1924,2140,2032,-216,4064,1,1
2043,2592,2317,-549,4635,1,1
1737,2270,2003,-533,4007,1,1
2020,2235,2127,-215,4255,1,1
2007,2186,2096,-179,4193,1,1
2110,2168,2139,-58,4278,1,1
2058,2250,2154,-192,4308,1,1
2221,2379,2300,-158,4600,1,1
2156,2581,2368,-425,4737,1,1
2148,2496,2322,-348,4644,1,1
1938,2173,2055,-235,4111,1,1
2305,2312,2308,-7,4617,1,1
2264,2446,2355,-182,4710,1,1
2165,2432,2298,-267,4597,1,1
2126,2158,2142,-32,4284,1,1
2166,2377,2271,-211,4543,1,1
2173,2373,2273,-200,4546,1,1
2015,2211,2113,-196,4226,1,1
2079,2213,2146,-134,4292,1,1
1906,2265,2085,-359,4171,1,1
2022,2212,2117,-190,4234,1,1
1960,2238,2099,-278,4198,1,1
1989,2137,2063,-148,4126,1,1
2224,2434,2329,-210,4658,1,1
2144,2289,2216,-145,4433,1,1
2230,2336,2283,-106,4566,1,1
2251,2322,2286,-71,4573,1,1
2187,2381,2284,-194,4568,1,1
2135,2494,2314,-359,4629,1,1
2002,2341,2171,-339,4343,1,1
2269,2430,2349,-161,4699,1,1
1902,2148,2025,-246,4050,1,1
2135,2361,2248,-226,4496,1,1
1929,2330,2129,-401,4259,1,1
2185,2381,2283,-196,4566,1,1
2206,2403,2304,-197,4609,1,1
2011,2309,2160,-298,4320,1,1
2114,2216,2165,-102,4330,1,1
2047,2108,2077,-61,4155,1,1
1998,2147,2072,-149,4145,1,1
1953,2140,2046,-187,4093,1,1
1780,2210,1995,-430,3990,1,1
2124,2260,2192,-136,4384,1,1
2263,2373,2318,-110,4636,1,1
1933,2149,2041,-216,4082,1,1
2072,2138,2105,-66,4210,1,1
2239,2421,2330,-182,4660,1,1
2256,2451,2353,-195,4707,1,1
1929,2149,2039,-220,4078,1,1
2202,2225,2213,-23,4427,1,1
2176,2343,2259,-167,4519,1,1
2155,2277,2216,-122,4432,1,1
2263,2327,2295,-64,4590,1,1
1973,2208,2090,-235,4181,1,1
2148,2220,2184,-72,4368,1,1
2148,2567,2357,-419,4715,1,1
1823,2401,2112,-578,4224,1,1
2287,2427,2357,-140,4714,1,1
2062,2450,2256,-388,4512,1,1
2095,2123,2109,-28,4218,1,1
2193,2238,2215,-45,4431,1,1
2257,2453,2355,-196,4710,1,1
1982,2250,2116,-268,4232,1,1
1916,2258,2087,-342,4174,1,1
2137,2458,2297,-321,4595,1,1
2046,2390,2218,-344,4436,1,1
2096,2427,2261,-331,4523,1,1
2069,2236,2152,-167,4305,1,1
2303,2309,2306,-6,4612,1,1
2046,2126,2086,-80,4172,1,1
1867,2278,2072,-411,4145,1,1
2215,2533,2374,-318,4748,1,1
2034,2439,2236,-405,4473,1,1
1913,2289,2101,-376,4202,1,1
2179,2531,2355,-352,4710,1,1
2069,2169,2119,-100,4238,1,1
2087,2260,2173,-173,4347,1,1
2242,2299,2270,-57,4541,1,1
2033,2136,2084,-103,4169,1,1
2271,2427,2349,-156,4698,1,1
1981,2262,2121,-281,4243,1,1
2059,2324,2191,-265,4383,1,1
1857,2193,2025,-336,4050,1,1
2116,2190,2153,-74,4306,1,1
2173,2562,2367,-389,4735,1,1
2059,2203,2131,-144,4262,1,1
2127,2222,2174,-95,4349,1,1
2050,2166,2108,-116,4216,1,1
2170,2464,2317,-294,4634,1,1
2259,2276,2267,-17,4535,1,1
2207,2409,2308,-202,4616,1,1
2288,2339,2313,-51,4627,1,1
2132,2339,2235,-207,4471,1,1
2250,2331,2290,-81,4581,1,1
2094,2293,2193,-199,4387,1,1
2184,2229,2206,-45,4413,1,1
2230,2398,2314,-168,4628,1,1
2219,2531,2375,-312,4750,1,1
2263,2400,2331,-137,4663,1,1
2247,2361,2304,-114,4608,1,1
2096,2354,2225,-258,4450,1,1
2192,2538,2365,-346,4730,1,1
1755,2372,2063,-617,4127,1,1
2004,2138,2071,-134,4142,1,1
1976,2185,2080,-209,4161,1,1
2087,2172,2129,-85,4259,1,1
1980,2127,2053,-147,4107,1,1
2120,2317,2218,-197,4437,1,1
2033,2423,2228,-390,4456,1,1
2263,2337,2300,-74,4600,1,1
2154,2292,2223,-138,4446,1,1
2208,2362,2285,-154,4570,1,1
2079,2348,2213,-269,4427,1,1
2158,2318,2238,-160,4476,1,1
2072,2383,2227,-311,4455,1,1
2162,2394,2278,-232,4556,1,1
2217,2392,2304,-175,4609,1,1
2015,2333,2174,-318,4348,1,1
1995,2368,2181,-373,4363,1,1
2135,2214,2174,-79,4349,1,1
1972,2458,2215,-486,4430,1,1
2058,2524,2291,-466,4582,1,1
2034,2265,2149,-231,4299,1,1
1948,2574,2261,-626,4522,1,1
2058,2213,2135,-155,4271,1,1
2099,2269,2184,-170,4368,1,1
2256,2330,2293,-74,4586,1,1
1969,2484,2226,-515,4453,1,1
1950,2153,2051,-203,4103,1,1
2197,2450,2323,-253,4647,1,1
2242,2238,2240,4,4480,1,1
2067,2457,2262,-390,4524,1,1
1868,2156,2012,-288,4024,1,1
2237,2238,2237,-1,4475,1,1
2129,2348,2238,-219,4477,1,1
2098,2138,2118,-40,4236,1,1
2229,2294,2261,-65,4523,1,1
2139,2232,2185,-93,4371,1,1
1824,2253,2038,-429,4077,1,1
1965,2403,2184,-438,4368,1,1
2013,2246,2129,-233,4259,1,1
2218,2431,2324,-213,4649,1,1
2189,2602,2395,-413,4791,1,1
2055,2550,2302,-495,4605,1,1
2260,2317,2288,-57,4577,1,1
2129,2229,2179,-100,4358,1,1
1971,2177,2074,-206,4148,1,1
2060,2262,2161,-202,4322,1,1
2004,2343,2173,-339,4347,1,1
2287,2356,2321,-69,4643,1,1
1984,2214,2099,-230,4198,1,1
2182,2258,2220,-76,4440,1,1
1893,2200,2046,-307,4093,1,1
1915,2187,2051,-272,4102,1,1
2146,2325,2235,-179,4471,1,1
2018,2212,2115,-194,4230,1,1
2207,2206,2206,1,4413,1,1
2143,2650,2396,-507,4793,1,1
2039,2119,2079,-80,4158,1,1
2050,2450,2250,-400,4500,1,1
2165,2419,2292,-254,4584,1,1
1940,2291,2115,-351,4231,1,1
1983,2447,2215,-464,4430,1,1
2140,2461,2300,-321,4601,1,1
2202,2256,2229,-54,4458,1,1
2264,2294,2279,-30,4558,1,1
1909,2199,2054,-290,4108,1,1
2198,2513,2355,-315,4711,1,1
2314,2321,2317,-7,4635,1,1
2266,2300,2283,-34,4566,1,1
2171,2509,2340,-338,4680,1,1
2056,2317,2186,-261,4373,1,1
2127,2137,2132,-10,4264,1,1
2141,2227,2184,-86,4368,1,1
2162,2329,2245,-167,4491,1,1
2072,2307,2189,-235,4379,1,1
1906,2161,2033,-255,4067,1,1
1985,2655,2320,-670,4640,1,1
1945,2297,2121,-352,4242,1,1
2186,2282,2234,-96,4468,1,1
2228,2412,2320,-184,4640,1,1
2038,2475,2256,-437,4513,1,1
1981,2247,2114,-266,4228,1,1
1915,2144,2029,-229,4059,1,1
2095,2430,2262,-335,4525,1,1
2139,2262,2200,-123,4401,1,1
2119,2221,2170,-102,4340,1,1
2061,2289,2175,-228,4350,1,1
2236,2474,2355,-238,4710,1,1
2089,2245,2167,-156,4334,1,1
2220,2344,2282,-124,4564,1,1
2201,2313,2257,-112,4514,1,1
2236,2352,2294,-116,4588,1,1
2254,2341,2297,-87,4595,1,1
2242,2346,2294,-104,4588,1,1
2210,2251,2230,-41,4461,1,1
2140,2586,2363,-446,4726,1,1
2060,2261,2160,-201,4321,1,1
2011,2116,2063,-105,4127,1,1
2063,2294,2178,-231,4357,1,1
2187,2425,2306,-238,4612,1,1
2236,2461,2348,-225,4697,1,1
2172,2581,2376,-409,4753,1,1
2268,2354,2311,-86,4622,1,1
2246,2469,2357,-223,4715,1,1
2230,2434,2332,-204,4664,1,1
2084,2219,2151,-135,4303,1,1
1744,2285,2014,-541,4029,1,1
2151,2632,2391,-481,4783,1,1
1969,2305,2137,-336,4274,1,1
2008,2515,2261,-507,4523,1,1
2218,2299,2258,-81,4517,1,1
2121,2324,2222,-203,4445,1,1
2144,2290,2217,-146,4434,1,1
2183,2223,2203,-40,4406,1,1
1996,2129,2062,-133,4125,1,1
2157,2356,2256,-199,4513,1,1
2115,2528,2321,-413,4643,1,1
2155,2257,2206,-102,4412,1,1
2188,2468,2328,-280,4656,1,1
2056,2192,2124,-136,4248,1,1
2173,2575,2374,-402,4748,1,1
2177,2178,2177,-1,4355,1,1
2046,2150,2098,-104,4196,1,1
2074,2168,2121,-94,4242,1,1
1952,2274,2113,-322,4226,1,1
2242,2513,2377,-271,4755,1,1
2236,2281,2258,-45,4517,1,1
2244,2451,2347,-207,4695,1,1
1910,2142,2026,-232,4052,1,1
2036,2128,2082,-92,4164,1,1
1888,2195,2041,-307,4083,1,1
1888,2243,2065,-355,4131,1,1
2013,2201,2107,-188,4214,1,1
2077,2162,2119,-85,4239,1,1
2111,2282,2196,-171,4393,1,1
1975,2143,2059,-168,4118,1,1
1994,2440,2217,-446,4434,1,1
2158,2272,2215,-114,4430,1,1
2181,2263,2222,-82,4444,1,1
2055,2406,2230,-351,4461,1,1
2039,2269,2154,-230,4308,1,1
1991,2280,2135,-289,4271,1,1
2141,2430,2285,-289,4571,1,1
2222,2381,2301,-159,4603,1,1
2186,2419,2302,-233,4605,1,1
2230,2368,2299,-138,4598,1,1
2220,2519,2369,-299,4739,1,1
2240,2300,2270,-60,4540,1,1
2153,2365,2259,-212,4518,1,1
1878,2337,2107,-459,4215,1,1
2088,2331,2209,-243,4419,1,1
2116,2289,2202,-173,4405,1,1
2033,2131,2082,-98,4164,1,1
2253,2391,2322,-138,4644,1,1
2102,2290,2196,-188,4392,1,1
2019,2227,2123,-208,4246,1,1
2005,2112,2058,-107,4117,1,1
2016,2240,2128,-224,4256,1,1
2120,2567,2343,-447,4687,1,1
1922,2443,2182,-521,4365,1,1
2127,2191,2159,-64,4318,1,1
2117,2154,2135,-37,4271,1,1
1962,2392,2177,-430,4354,1,1
2164,2392,2278,-228,4556,1,1
1982,2239,2110,-257,4221,1,1
1923,2251,2087,-328,4174,1,1
2030,2454,2242,-424,4484,1,1
2067,2260,2163,-193,4327,1,1
1905,2208,2056,-303,4113,1,1
2025,2185,2105,-160,4210,1,1
2281,2392,2336,-111,4673,1,1
2098,2350,2224,-252,4448,1,1
2043,2142,2092,-99,4185,1,1
2152,2571,2361,-419,4723,1,1
2011,2197,2104,-186,4208,1,1
2028,2125,2076,-97,4153,1,1
2140,2339,2239,-199,4479,1,1
2116,2180,2148,-64,4296,1,1
2228,2378,2303,-150,4606,1,1
2205,2308,2256,-103,4513,1,1
2278,2395,2336,-117,4673,1,1
2149,2450,2299,-301,4599,1,1
2187,2361,2274,-174,4548,1,1
2238,2315,2276,-77,4553,1,1
2154,2310,2232,-156,4464,1,1
2153,2163,2158,-10,4316,1,1
1957,2287,2122,-330,4244,1,1
2105,2146,2125,-41,4251,1,1
2070,2278,2174,-208,4348,1,1
2098,2280,2189,-182,4378,1,1
2015,2156,2085,-141,4171,1,1
1934,2205,2069,-271,4139,1,1
2132,2320,2226,-188,4452,1,1
2288,2366,2327,-78,4654,1,1
1995,2142,2068,-147,4137,1,1
1955,2438,2196,-483,4393,1,1
2204,2503,2353,-299,4707,1,1
2124,2337,2230,-213,4461,1,1
2053,2403,2228,-350,4456,1,1
2025,2430,2227,-405,4455,1,1
2055,2700,2377,-645,4755,1,1
2158,2325,2241,-167,4483,1,1
1990,2506,2248,-516,4496,1,1
2239,2431,2335,-192,4670,1,1
2279,2393,2336,-114,4672,1,1
2196,2314,2255,-118,4510,1,1
2280,2281,2280,-1,4561,1,1
2035,2144,2089,-109,4179,1,1
2182,2415,2298,-233,4597,1,1
2079,2368,2223,-289,4447,1,1
1976,2283,2129,-307,4259,1,1
1817,2254,2035,-437,4071,1,1
2189,2307,2248,-118,4496,1,1
2081,2307,2194,-226,4388,1,1
2127,2596,2361,-469,4723,1,1
2283,2310,2296,-27,4593,1,1
2075,2541,2308,-466,4616,1,1
1942,2299,2120,-357,4241,1,1
2174,2603,2388,-429,4777,1,1
2261,2400,2330,-139,4661,1,1
2091,2178,2134,-87,4269,1,1
2126,2559,2342,-433,4685,1,1
2245,2408,2326,-163,4653,1,1
2243,2331,2287,-88,4574,1,1
2028,2124,2076,-96,4152,1,1
2109,2431,2270,-322,4540,1,1
2190,2355,2272,-165,4545,1,1
2261,2407,2334,-146,4668,1,1
1902,2166,2034,-264,4068,1,1
2044,2347,2195,-303,4391,1,1
2109,2331,2220,-222,4440,1,1
2051,2380,2215,-329,4431,1,1
1794,2659,2226,-865,4453,1,1
2220,2273,2246,-53,4493,1,1
1973,2201,2087,-228,4174,1,1
2150,2268,2209,-118,4418,1,1
2183,2549,2366,-366,4732,1,1
2127,2183,2155,-56,4310,1,1
2294,2318,2306,-24,4612,1,1
1995,2306,2150,-311,4301,1,1
2007,2288,2147,-281,4295,1,1
2020,2316,2168,-296,4336,1,1
1964,2157,2060,-193,4121,1,1
2011,2237,2124,-226,4248,1,1
1907,2158,2032,-251,4065,1,1
2071,2217,2144,-146,4288,1,1
1985,2196,2090,-211,4181,1,1
2131,2438,2284,-307,4569,1,1
2220,2379,2299,-159,4599,1,1
2013,2203,2108,-190,4216,1,1
1967,2255,2111,-288,4222,1,1
1958,2462,2210,-504,4420,1,1
1965,2223,2094,-258,4188,1,1
1994,2431,2212,-437,4425,1,1
2002,2112,2057,-110,4114,1,1
2044,2510,2277,-466,4554,1,1
2169,2424,2296,-255,4593,1,1
1940,2190,2065,-250,4130,1,1
2200,2452,2326,-252,4652,1,1
2154,2516,2335,-362,4670,1,1
2112,2580,2346,-468,4692,1,1
2150,2339,2244,-189,4489,1,1
2169,2361,2265,-192,4530,1,1
2037,2324,2180,-287,4361,1,1
1920,2228,2074,-308,4148,1,1
2248,2377,2312,-129,4625,1,1
1312,2579,1945,-1267,3891,1,1
2202,2260,2231,-58,4462,1,1
2160,2331,2245,-171,4491,1,1
1892,2219,2055,-327,4111,1,1
2283,2394,2338,-111,4677,1,1
2265,2362,2313,-97,4627,1,1
2209,2352,2280,-143,4561,1,1
2034,2152,2093,-118,4186,1,1
2071,2483,2277,-412,4554,1,1
2001,2376,2188,-375,4377,1,1
2084,2209,2146,-125,4293,1,1
2107,2129,2118,-22,4236,1,1
2012,2164,2088,-152,4176,1,1
1915,2316,2115,-401,4231,1,1
1959,2251,2105,-292,4210,1,1
2177,2420,2298,-243,4597,1,1
2266,2260,2263,6,4526,1,1
2279,2270,2274,9,4549,1,1
2285,2380,2332,-95,4665,1,1
2110,2164,2137,-54,4274,1,1
1985,2135,2060,-150,4120,1,1
2019,2121,2070,-102,4140,1,1
2061,2352,2206,-291,4413,1,1
1996,2167,2081,-171,4163,1,1
1993,2170,2081,-177,4163,1,1
2197,2469,2333,-272,4666,1,1
2170,2269,2219,-99,4439,1,1
1814,2227,2020,-413,4041,1,1
2146,2324,2235,-178,4470,1,1
1936,2117,2026,-181,4053,1,1
2046,2570,2308,-524,4616,1,1
1954,2308,2131,-354,4262,1,1
2018,2255,2136,-237,4273,1,1
2055,2203,2129,-148,4258,1,1
2023,2237,2130,-214,4260,1,1
2246,2303,2274,-57,4549,1,1
2029,2309,2169,-280,4338,1,1
2299,2379,2339,-80,4678,1,1
2024,2335,2179,-311,4359,1,1
2211,2500,2355,-289,4711,1,1
2280,2355,2317,-75,4635,1,1
2084,2375,2229,-291,4459,1,1
2176,2417,2296,-241,4593,1,1
2225,2285,2255,-60,4510,1,1
2252,2372,2312,-120,4624,1,1
2045,2372,2208,-327,4417,1,1
2104,2370,2237,-266,4474,1,1
2223,2367,2295,-144,4590,1,1
2085,2502,2293,-417,4587,1,1
1953,2170,2061,-217,4123,1,1
1952,2197,2074,-245,4149,1,1
2129,2231,2180,-102,4360,1,1
2066,2383,2224,-317,4449,1,1
2001,2248,2124,-247,4249,1,1
2133,2211,2172,-78,4344,1,1
2190,2423,2306,-233,4613,1,1
2145,2202,2173,-57,4347,1,1
2329,2319,2324,10,4648,1,1
2065,2478,2271,-413,4543,1,1
2178,2326,2252,-148,4504,1,1
1934,2240,2087,-306,4174,1,1
2072,2390,2231,-318,4462,1,1
2244,2405,2324,-161,4649,1,1
2139,2533,2336,-394,4672,1,1
2080,2246,2163,-166,4326,1,1
1997,2120,2058,-123,4117,1,1
1984,2396,2190,-412,4380,1,1
1891,2383,2137,-492,4274,1,1
2002,2328,2165,-326,4330,1,1
2138,2347,2242,-209,4485,1,1
2057,2147,2102,-90,4204,1,1
2177,2211,2194,-34,4388,1,1
2199,2505,2352,-306,4704,1,1
2146,2165,2155,-19,4311,1,1
1878,2318,2098,-440,4196,1,1
2137,2377,2257,-240,4514,1,1
2157,2327,2242,-170,4484,1,1
2271,2345,2308,-74,4616,1,1
2176,2356,2266,-180,4532,1,1
2040,2130,2085,-90,4170,1,1
2145,2221,2183,-76,4366,1,1
2236,2434,2335,-198,4670,1,1
1914,2200,2057,-286,4114,1,1
1914,2375,2144,-461,4289,1,1
2277,2297,2287,-20,4574,1,1
2246,2351,2298,-105,4597,1,1
2186,2427,2306,-241,4613,1,1
2096,2224,2160,-128,4320,1,1
2258,2414,2336,-156,4672,1,1
2140,2333,2236,-193,4473,1,1
1991,2092,2041,-101,4083,1,1
1970,2530,2250,-560,4500,1,1
1913,2171,2042,-258,4084,1,1
2292,2330,2311,-38,4622,1,1
1948,2361,2154,-413,4309,1,1
1952,2385,2168,-433,4337,1,1
2326,2332,2329,-6,4658,1,1
2255,2482,2368,-227,4737,1,1
2154,2310,2232,-156,4464,1,1
1994,2186,2090,-192,4180,1,1
2069,2425,2247,-356,4494,1,1
2151,2297,2224,-146,4448,1,1
2285,2291,2288,-6,4576,1,1
2213,2456,2334,-243,4669,1,1
1921,2317,2119,-396,4238,1,1
1792,2670,2231,-878,4462,1,1
2043,2223,2133,-180,4266,1,1
2118,2378,2248,-260,4496,1,1
2249,2417,2333,-168,4666,1,1
2013,2079,2046,-66,4092,1,1
2084,2534,2309,-450,4618,1,1
2200,2488,2344,-288,4688,1,1
2156,2395,2275,-239,4551,1,1
1984,2237,2110,-253,4221,1,1
2175,2264,2219,-89,4439,1,1
2016,2336,2176,-320,4352,1,1
2078,2396,2237,-318,4474,1,1
2180,2572,2376,-392,4752,1,1
2038,2074,2056,-36,4112,1,1
2088,2244,2166,-156,4332,1,1
1836,2253,2044,-417,4089,1,1
2154,2380,2267,-226,4534,1,1
2225,2277,2251,-52,4502,1,1
2162,2554,2358,-392,4716,1,1
2242,2371,2306,-129,4613,1,1
2250,2252,2251,-2,4502,1,1
2097,2246,2171,-149,4343,1,1
2246,2357,2301,-111,4603,1,1
2020,2444,2232,-424,4464,1,1
2062,2317,2189,-255,4379,1,1
2129,2437,2283,-308,4566,1,1
2206,2359,2282,-153,4565,1,1
2051,2350,2200,-299,4401,1,1
2254,2248,2251,6,4502,1,1
2179,2337,2258,-158,4516,1,1
2053,2117,2085,-64,4170,1,1
1763,2599,2181,-836,4362,1,1
2153,2624,2388,-471,4777,1,1
2202,2427,2314,-225,4629,1,1
2172,2216,2194,-44,4388,1,1
2025,2072,2048,-47,4097,1,1
2051,2358,2204,-307,4409,1,1
2211,2225,2218,-14,4436,1,1
1978,2448,2213,-470,4426,1,1
2255,2433,2344,-178,4688,1,1
2238,2424,2331,-186,4662,1,1
2200,2351,2275,-151,4551,1,1
2256,2386,2321,-130,4642,1,1
2185,2564,2374,-379,4749,1,1
2115,2282,2198,-167,4397,1,1
1963,2494,2228,-531,4457,1,1
2057,2182,2119,-125,4239,1,1
2193,2591,2392,-398,4784,1,1
2175,2325,2250,-150,4500,1,1
2215,2561,2388,-346,4776,1,1
2141,2523,2332,-382,4664,1,1
2126,2230,2178,-104,4356,1,1
2026,2098,2062,-72,4124,1,1
1863,2470,2166,-607,4333,1,1
2221,2260,2240,-39,4481,1,1
2191,2269,2230,-78,4460,1,1
2267,2441,2354,-174,4708,1,1
1973,2262,2117,-289,4235,1,1
1986,2197,2091,-211,4183,1,1
2244,2341,2292,-97,4585,1,1
1926,2182,2054,-256,4108,1,1
2040,2484,2262,-444,4524,1,1
2194,2318,2256,-124,4512,1,1
2205,2361,2283,-156,4566,1,1
2245,2409,2327,-164,4654,1,1
2304,2394,2349,-90,4698,1,1
1922,2258,2090,-336,4180,1,1
2133,2470,2301,-337,4603,1,1
2046,2259,2152,-213,4305,1,1
1953,2321,2137,-368,4274,1,1
2029,2300,2164,-271,4329,1,1
2176,2432,2304,-256,4608,1,1
1983,2151,2067,-168,4134,1,1
2256,2428,2342,-172,4684,1,1
2286,2406,2346,-120,4692,1,1
2314,2338,2326,-24,4652,1,1
2156,2211,2183,-55,4367,1,1
2156,2487,2321,-331,4643,1,1
1908,2163,2035,-255,4071,1,1
2039,2156,2097,-117,4195,1,1
2054,2366,2210,-312,4420,1,1
2276,2381,2328,-105,4657,1,1
2260,2304,2282,-44,4564,1,1
2255,2344,2299,-89,4599,1,1
2199,2335,2267,-136,4534,1,1
2007,2268,2137,-261,4275,1,1
2265,2263,2264,2,4528,1,1
2243,2461,2352,-218,4704,1,1
1814,2271,2042,-457,4085,1,1
2123,2391,2257,-268,4514,1,1
2089,2271,2180,-182,4360,1,1
2135,2213,2174,-78,4348,1,1
2051,2315,2183,-264,4366,1,1
2227,2381,2304,-154,4608,1,1
2210,2227,2218,-17,4437,1,1
1935,2510,2222,-575,4445,1,1
2264,2319,2291,-55,4583,1,1
2059,2226,2142,-167,4285,1,1
2211,2290,2250,-79,4501,1,1
2100,2412,2256,-312,4512,1,1
2176,2562,2369,-386,4738,1,1
2291,2308,2299,-17,4599,1,1
2152,2390,2271,-238,4542,1,1
2239,2423,2331,-184,4662,1,1
1949,2160,2054,-211,4109,1,1
2062,2261,2161,-199,4323,1,1
2241,2394,2317,-153,4635,1,1
2053,2238,2145,-185,4291,1,1
1864,2372,2118,-508,4236,1,1
2248,2499,2373,-251,4747,1,1
2306,2293,2299,13,4599,1,1
2194,2526,2360,-332,4720,1,1
2160,2431,2295,-271,4591,1,1
2115,2484,2299,-369,4599,1,1
2199,2325,2262,-126,4524,1,1
2035,2145,2090,-110,4180,1,1
2157,2403,2280,-246,4560,1,1
1934,2125,2029,-191,4059,1,1
2053,2205,2129,-152,4258,1,1
1978,2230,2104,-252,4208,1,1
2244,2436,2340,-192,4680,1,1
2038,2101,2069,-63,4139,1,1
2269,2346,2307,-77,4615,1,1
1941,2190,2065,-249,4131,1,1
1846,2281,2063,-435,4127,1,1
2201,2401,2301,-200,4602,1,1
2287,2361,2324,-74,4648,1,1
1962,2163,2062,-201,4125,1,1
1894,2175,2034,-281,4069,1,1
1962,2321,2141,-359,4283,1,1
2157,2396,2276,-239,4553,1,1
2088,2283,2185,-195,4371,1,1
1906,2329,2117,-423,4235,1,1
2027,2274,2150,-247,4301,1,1
2205,2218,2211,-13,4423,1,1
2235,2506,2370,-271,4741,1,1
2048,2558,2303,-510,4606,1,1
1955,2255,2105,-300,4210,1,1
2210,2250,2230,-40,4460,1,1
2191,2445,2318,-254,4636,1,1
1593,2403,1998,-810,3996,1,1
2126,2320,2223,-194,4446,1,1
1973,2404,2188,-431,4377,1,1
2256,2439,2347,-183,4695,1,1
2290,2420,2355,-130,4710,1,1
2209,2410,2309,-201,4619,1,1
1910,2418,2164,-508,4328,1,1
2241,2266,2253,-25,4507,1,1
2134,2192,2163,-58,4326,1,1
1772,2323,2047,-551,4095,1,1
2116,2295,2205,-179,4411,1,1
2292,2401,2346,-109,4693,1,1
1932,2422,2177,-490,4354,1,1
2207,2542,2374,-335,4749,1,1
2182,2487,2334,-305,4669,1,1
2164,2376,2270,-212,4540,1,1
2079,2286,2182,-207,4365,1,1
2016,2176,2096,-160,4192,1,1
2164,2369,2266,-205,4533,1,1
2176,2300,2238,-124,4476,1,1
2273,2410,2341,-137,4683,1,1
2204,2425,2314,-221,4629,1,1
1972,2267,2119,-295,4239,1,1
2287,2369,2328,-82,4656,1,1
1933,2179,2056,-246,4112,1,1
2099,2224,2161,-125,4323,1,1
1705,2370,2037,-665,4075,1,1
2240,2239,2239,1,4479,1,1
2254,2389,2321,-135,4643,1,1
2267,2407,2337,-140,4674,1,1
2263,2278,2270,-15,4541,1,1
2172,2505,2338,-333,4677,1,1
1991,2359,2175,-368,4350,1,1
2252,2412,2332,-160,4664,1,1
2174,2379,2276,-205,4553,1,1
2212,2442,2327,-230,4654,1,1
2198,2357,2277,-159,4555,1,1
1864,2165,2014,-301,4029,1,1
2086,2500,2293,-414,4586,1,1
2200,2497,2348,-297,4697,1,1
1991,2501,2246,-510,4492,1,1
2093,2564,2328,-471,4657,1,1
2281,2365,2323,-84,4646,1,1
2210,2563,2386,-353,4773,1,1
1888,2229,2058,-341,4117,1,1
1866,2263,2064,-397,4129,1,1
2191,2410,2300,-219,4601,1,1
2065,2340,2202,-275,4405,1,1
2153,2180,2166,-27,4333,1,1
2101,2151,2126,-50,4252,1,1
2030,2106,2068,-76,4136,1,1
1990,2368,2179,-378,4358,1,1
2189,2225,2207,-36,4414,1,1
2231,2334,2282,-103,4565,1,1
1927,2143,2035,-216,4070,1,1
2230,2235,2232,-5,4465,1,1
2005,2268,2136,-263,4273,1,1
2262,2423,2342,-161,4685,1,1
2248,2498,2373,-250,4746,1,1
2030,2190,2110,-160,4220,1,1
2121,2310,2215,-189,4431,1,1
2168,2569,2368,-401,4737,1,1
2175,2242,2208,-67,4417,1,1
2168,2482,2325,-314,4650,1,1
2171,2578,2374,-407,4749,1,1
2257,2380,2318,-123,4637,1,1
2112,2420,2266,-308,4532,1,1
1705,2402,2053,-697,4107,1,1
2079,2189,2134,-110,4268,1,1
2200,2448,2324,-248,4648,1,1
2259,2460,2359,-201,4719,1,1
1948,2235,2091,-287,4183,1,1
2014,2140,2077,-126,4154,1,1
2149,2216,2182,-67,4365,1,1
2177,2459,2318,-282,4636,1,1
2246,2428,2337,-182,4674,1,1
2145,2454,2299,-309,4599,1,1
2057,2267,2162,-210,4324,1,1
2209,2279,2244,-70,4488,1,1
2054,2106,2080,-52,4160,1,1
2070,2515,2292,-445,4585,1,1
2229,2377,2303,-148,4606,1,1
2244,2285,2264,-41,4529,1,1
1872,2341,2106,-469,4213,1,1
2064,2085,2074,-21,4149,1,1
2173,2433,2303,-260,4606,1,1
2199,2442,2320,-243,4641,1,1
2039,2159,2099,-120,4198,1,1
2126,2476,2301,-350,4602,1,1
2261,2411,2336,-150,4672,1,1
1995,2287,2141,-292,4282,1,1
2227,2371,2299,-144,4598,1,1
2017,2145,2081,-128,4162,1,1
2186,2319,2252,-133,4505,1,1
2094,2245,2169,-151,4339,1,1
2144,2214,2179,-70,4358,1,1
2313,2368,2340,-55,4681,1,1
2319,2320,2319,-1,4639,1,1
1916,2153,2034,-237,4069,1,1
2117,2369,2243,-252,4486,1,1
1968,2313,2140,-345,4281,1,1
2177,2489,2333,-312,4666,1,1
2250,2272,2261,-22,4522,1,1
2290,2356,2323,-66,4646,1,1
2214,2379,2296,-165,4593,1,1
2051,2254,2152,-203,4305,1,1
2233,2381,2307,-148,4614,1,1
2222,2457,2339,-235,4679,1,1
2152,2342,2247,-190,4494,1,1
2079,2262,2170,-183,4341,1,1
2025,2192,2108,-167,4217,1,1
1965,2349,2157,-384,4314,1,1
2022,2156,2089,-134,4178,1,1
1944,2303,2123,-359,4247,1,1
2091,2153,2122,-62,4244,1,1
2005,2711,2358,-706,4716,1,1
2062,2545,2303,-483,4607,1,1
2076,2337,2206,-261,4413,1,1
2218,2323,2270,-105,4541,1,1
2170,2173,2171,-3,4343,1,1
1993,2406,2199,-413,4399,1,1
2128,2249,2188,-121,4377,1,1
2090,2274,2182,-184,4364,1,1
2238,2449,2343,-211,4687,1,1
2033,2291,2162,-258,4324,1,1
2281,2302,2291,-21,4583,1,1
2238,2448,2343,-210,4686,1,1
2052,2226,2139,-174,4278,1,1
1554,2619,2086,-1065,4173,1,1
2148,2256,2202,-108,4404,1,1
1975,2111,2043,-136,4086,1,1
1932,2359,2145,-427,4291,1,1
2074,2430,2252,-356,4504,1,1
2027,2081,2054,-54,4108,1,1
1952,2213,2082,-261,4165,1,1
1987,2102,2044,-115,4089,1,1
1912,2345,2128,-433,4257,1,1
1781,2318,2049,-537,4099,1,1
2263,2262,2262,1,4525,1,1
2139,2215,2177,-76,4354,1,1
2062,2394,2228,-332,4456,1,1
2182,2599,2390,-417,4781,1,1
2185,2568,2376,-383,4753,1,1
2017,2188,2102,-171,4205,1,1
2092,2501,2296,-409,4593,1,1
1848,2225,2036,-377,4073,1,1
2046,2398,2222,-352,4444,1,1
2254,2453,2353,-199,4707,1,1
1992,2403,2197,-411,4395,1,1
2237,2471,2354,-234,4708,1,1
1949,2120,2034,-171,4069,1,1
2028,2582,2305,-554,4610,1,1
2082,2353,2217,-271,4435,1,1
1819,2385,2102,-566,4204,1,1
2206,2358,2282,-152,4564,1,1
1990,2195,2092,-205,4185,1,1
2331,2339,2335,-8,4670,1,1
1951,2310,2130,-359,4261,1,1
1887,2272,2079,-385,4159,1,1
1904,2458,2181,-554,4362,1,1
2107,2206,2156,-99,4313,1,1
2138,2314,2226,-176,4452,1,1
2181,2357,2269,-176,4538,1,1
2003,2209,2106,-206,4212,1,1
2049,2206,2127,-157,4255,1,1
1954,2324,2139,-370,4278,1,1
2190,2487,2338,-297,4677,1,1
2237,2484,2360,-247,4721,1,1
2027,2270,2148,-243,4297,1,1
2024,2139,2081,-115,4163,1,1
2293,2292,2292,1,4585,1,1
2253,2303,2278,-50,4556,1,1
2149,2260,2204,-111,4409,1,1
2023,2270,2146,-247,4293,1,1
1648,2459,2053,-811,4107,1,1
1933,2248,2090,-315,4181,1,1
2241,2358,2299,-117,4599,1,1
1988,2188,2088,-200,4176,1,1
2236,2337,2286,-101,4573,1,1
2256,2386,2321,-130,4642,1,1
2217,2363,2290,-146,4580,1,1
2123,2486,2304,-363,4609,1,1
2053,2325,2189,-272,4378,1,1
1943,2221,2082,-278,4164,1,1
2010,2191,2100,-181,4201,1,1
2285,2364,2324,-79,4649,1,1
1997,2100,2048,-103,4097,1,1
2059,2185,2122,-126,4244,1,1
1936,2124,2030,-188,4060,1,1
1969,2107,2038,-138,4076,1,1
2246,2458,2352,-212,4704,1,1
2307,2295,2301,12,4602,1,1
2016,2430,2223,-414,4446,1,1
2031,2254,2142,-223,4285,1,1
1958,2388,2173,-430,4346,1,1
1856,2411,2133,-555,4267,1,1
2202,2255,2228,-53,4457,1,1
2197,2371,2284,-174,4568,1,1
1961,2322,2141,-361,4283,1,1
1940,2285,2112,-345,4225,1,1
2313,2374,2343,-61,4687,1,1
1919,2181,2050,-262,4100,1,1
2204,2245,2224,-41,4449,1,1
1920,2473,2196,-553,4393,1,1
2188,2314,2251,-126,4502,1,1
1974,2167,2070,-193,4141,1,1
2143,2229,2186,-86,4372,1,1
2051,2261,2156,-210,4312,1,1
2022,2168,2095,-146,4190,1,1
1981,2426,2203,-445,4407,1,1
1958,2319,2138,-361,4277,1,1
2312,2360,2336,-48,4672,1,1
2217,2435,2326,-218,4652,1,1
2088,2526,2307,-438,4614,1,1
2195,2368,2281,-173,4563,1,1
2044,2155,2099,-111,4199,1,1
1782,2270,2026,-488,4052,1,1
1951,2371,2161,-420,4322,1,1
2249,2410,2329,-161,4659,1,1
2060,2331,2195,-271,4391,1,1
2309,2307,2308,2,4616,1,1
2116,2239,2177,-123,4355,1,1
2100,2230,2165,-130,4330,1,1
2214,2497,2355,-283,4711,1,1
2150,2449,2299,-299,4599,1,1
2177,2205,2191,-28,4382,1,1
2191,2415,2303,-224,4606,1,1
2206,2361,2283,-155,4567,1,1
2025,2418,2221,-393,4443,1,1
2236,2458,2347,-222,4694,1,1
2253,2284,2268,-31,4537,1,1
1899,2217,2058,-318,4116,1,1
1957,2530,2243,-573,4487,1,1
2187,2281,2234,-94,4468,1,1
2269,2378,2323,-109,4647,1,1
2241,2263,2252,-22,4504,1,1
2009,2202,2105,-193,4211,1,1
2217,2510,2363,-293,4727,1,1
2196,2574,2385,-378,4770,1,1
2179,2266,2222,-87,4445,1,1
2011,2319,2165,-308,4330,1,1
2107,2380,2243,-273,4487,1,1
2210,2406,2308,-196,4616,1,1
2172,2526,2349,-354,4698,1,1
1819,2432,2125,-613,4251,1,1
2102,2428,2265,-326,4530,1,1
1979,2147,2063,-168,4126,1,1
1800,2339,2069,-539,4139,1,1
2034,2069,2051,-35,4103,1,1
1981,2262,2121,-281,4243,1,1
1929,2334,2131,-405,4263,1,1
2144,2340,2242,-196,4484,1,1
2198,2322,2260,-124,4520,1,1
2301,2324,2312,-23,4625,1,1
2274,2420,2347,-146,4694,1,1
2129,2299,2214,-170,4428,1,1
2077,2244,2160,-167,4321,1,1
2235,2473,2354,-238,4708,1,1
2282,2366,2324,-84,4648,1,1
1782,2371,2076,-589,4153,1,1
2262,2365,2313,-103,4627,1,1
2270,2394,2332,-124,4664,1,1
2140,2167,2153,-27,4307,1,1
2260,2399,2329,-139,4659,1,1
2113,2227,2170,-114,4340,1,1
2217,2404,2310,-187,4621,1,1
2116,2166,2141,-50,4282,1,1
2245,2483,2364,-238,4728,1,1
2221,2412,2316,-191,4633,1,1
2143,2486,2314,-343,4629,1,1
1920,2487,2203,-567,4407,1,1
2224,2464,2344,-240,4688,1,1
2203,2314,2258,-111,4517,1,1
1927,2272,2099,-345,4199,1,1
2025,2216,2120,-191,4241,1,1
2027,2324,2175,-297,4351,1,1
2261,2439,2350,-178,4700,1,1
1929,2348,2138,-419,4277,1,1
1832,2502,2167,-670,4334,1,1
2170,2475,2322,-305,4645,1,1
2210,2428,2319,-218,4638,1,1
1968,2213,2090,-245,4181,1,1
2045,2428,2236,-383,4473,1,1
2033,2368,2200,-335,4401,1,1
2167,2354,2260,-187,4521,1,1
2004,2407,2205,-403,4411,1,1
2061,2430,2245,-369,4491,1,1
2102,2289,2195,-187,4391,1,1
2218,2275,2246,-57,4493,1,1
2095,2170,2132,-75,4265,1,1
2206,2522,2364,-316,4728,1,1
2071,2136,2103,-65,4207,1,1
2100,2314,2207,-214,4414,1,1
2284,2306,2295,-22,4590,1,1
2198,2337,2267,-139,4535,1,1
2150,2360,2255,-210,4510,1,1
2198,2317,2257,-119,4515,1,1
1983,2149,2066,-166,4132,1,1
2216,2473,2344,-257,4689,1,1
2123,2363,2243,-240,4486,1,1
2107,2449,2278,-342,4556,1,1
2027,2630,2328,-603,4657,1,1
2259,2395,2327,-136,4654,1,1
2134,2312,2223,-178,4446,1,1
1845,2330,2087,-485,4175,1,1
2170,2388,2279,-218,4558,1,1
2002,2217,2109,-215,4219,1,1
2021,2297,2159,-276,4318,1,1
1859,2181,2020,-322,4040,1,1
1977,2386,2181,-409,4363,1,1
2153,2230,2191,-77,4383,1,1
1792,2229,2010,-437,4021,1,1
2102,2342,2222,-240,4444,1,1
2210,2510,2360,-300,4720,1,1
2259,2446,2352,-187,4705,1,1
2252,2494,2373,-242,4746,1,1
2004,2097,2050,-93,4101,1,1
2200,2389,2294,-189,4589,1,1
1985,2383,2184,-398,4368,1,1
2171,2446,2308,-275,4617,1,1
1949,2152,2050,-203,4101,1,1
2167,2520,2343,-353,4687,1,1
2128,2386,2257,-258,4514,1,1
2149,2515,2332,-366,4664,1,1
1890,2145,2017,-255,4035,1,1
2163,2322,2242,-159,4485,1,1
2024,2254,2139,-230,4278,1,1
2218,2432,2325,-214,4650,1,1
2000,2536,2268,-536,4536,1,1
1955,2198,2076,-243,4153,1,1
2267,2383,2325,-116,4650,1,1
2163,2500,2331,-337,4663,1,1
2123,2147,2135,-24,4270,1,1
2074,2255,2164,-181,4329,1,1
2042,2442,2242,-400,4484,1,1
2161,2410,2285,-249,4571,1,1
2211,2305,2258,-94,4516,1,1
1552,2446,1999,-894,3998,1,1
2064,2259,2161,-195,4323,1,1
2159,2338,2248,-179,4497,1,1
2295,2398,2346,-103,4693,1,1
2167,2387,2277,-220,4554,1,1
2230,2320,2275,-90,4550,1,1
2209,2316,2262,-107,4525,1,1
2151,2235,2193,-84,4386,1,1
2178,2516,2347,-338,4694,1,1
2138,2250,2194,-112,4388,1,1
2160,2262,2211,-102,4422,1,1
2228,2266,2247,-38,4494,1,1
2196,2385,2290,-189,4581,1,1
2238,2350,2294,-112,4588,1,1
2062,2180,2121,-118,4242,1,1
2279,2393,2336,-114,4672,1,1
2221,2306,2263,-85,4527,1,1
1988,2229,2108,-241,4217,1,1
2178,2471,2324,-293,4649,1,1
1934,2236,2085,-302,4170,1,1
2249,2248,2248,1,4497,1,1
2082,2237,2159,-155,4319,1,1
2044,2086,2065,-42,4130,1,1
2194,2444,2319,-250,4638,1,1
2085,2502,2293,-417,4587,1,1
2078,2436,2257,-358,4514,1,1
2147,2385,2266,-238,4532,1,1
1945,2170,2057,-225,4115,1,1
2298,2338,2318,-40,4636,1,1
2237,2231,2234,6,4468,1,1
1812,2285,2048,-473,4097,1,1
2158,2228,2193,-70,4386,1,1
2178,2412,2295,-234,4590,1,1
2068,2161,2114,-93,4229,1,1
2074,2235,2154,-161,4309,1,1
1999,2239,2119,-240,4238,1,1
2092,2345,2218,-253,4437,1,1
2071,2308,2189,-237,4379,1,1
2121,2307,2214,-186,4428,1,1
1976,2138,2057,-162,4114,1,1
2058,2235,2146,-177,4293,1,1
2186,2430,2308,-244,4616,1,1
2234,2298,2266,-64,4532,1,1
1948,2140,2044,-192,4088,1,1
1986,2131,2058,-145,4117,1,1
1896,2140,2018,-244,4036,1,1
2255,2476,2365,-221,4731,1,1
2180,2261,2220,-81,4441,1,1
1976,2454,2215,-478,4430,1,1
2187,2244,2215,-57,4431,1,1
2257,2486,2371,-229,4743,1,1
2092,2292,2192,-200,4384,1,1
2108,2685,2396,-577,4793,1,1
1876,2320,2098,-444,4196,1,1
1952,2479,2215,-527,4431,1,1
2157,2439,2298,-282,4596,1,1
2114,2312,2213,-198,4426,1,1
2025,2081,2053,-56,4106,1,1
2254,2445,2349,-191,4699,1,1
2300,2377,2338,-77,4677,1,1
2211,2306,2258,-95,4517,1,1
1974,2384,2179,-410,4358,1,1
2016,2335,2175,-319,4351,1,1
2124,2229,2176,-105,4353,1,1
2254,2380,2317,-126,4634,1,1
2058,2361,2209,-303,4419,1,1
1939,2141,2040,-202,4080,1,1
2013,2311,2162,-298,4324,1,1
2296,2296,2296,0,4592,1,1
2329,2330,2329,-1,4659,1,1
1887,2509,2198,-622,4396,1,1
1905,2249,2077,-344,4154,1,1
1974,2113,2043,-139,4087,1,1
2254,2275,2264,-21,4529,1,1
2275,2275,2275,0,4550,1,1
2049,2229,2139,-180,4278,1,1
2061,2354,2207,-293,4415,1,1
2152,2301,2226,-149,4453,1,1
2120,2518,2319,-398,4638,1,1
1970,2360,2165,-390,4330,1,1
2093,2208,2150,-115,4301,1,1
2138,2250,2194,-112,4388,1,1
2133,2300,2216,-167,4433,1,1
2268,2436,2352,-168,4704,1,1
2100,2459,2279,-359,4559,1,1
2062,2211,2136,-149,4273,1,1
1991,2499,2245,-508,4490,1,1
2029,2302,2165,-273,4331,1,1
2186,2455,2320,-269,4641,1,1
2054,2145,2099,-91,4199,1,1
2069,2402,2235,-333,4471,1,1
2266,2470,2368,-204,4736,1,1
1945,2216,2080,-271,4161,1,1
1989,2161,2075,-172,4150,1,1
2322,2329,2325,-7,4651,1,1
2078,2478,2278,-400,4556,1,1
2041,2275,2158,-234,4316,1,1
2131,2141,2136,-10,4272,1,1
2281,2402,2341,-121,4683,1,1
2211,2461,2336,-250,4672,1,1
2132,2333,2232,-201,4465,1,1
2188,2243,2215,-55,4431,1,1
1844,2237,2040,-393,4081,1,1
2170,2327,2248,-157,4497,1,1
2192,2245,2218,-53,4437,1,1
2106,2295,2200,-189,4401,1,1
2167,2540,2353,-373,4707,1,1
2061,2243,2152,-182,4304,1,1
2289,2416,2352,-127,4705,1,1
2134,2255,2194,-121,4389,1,1
1972,2447,2209,-475,4419,1,1
2143,2607,2375,-464,4750,1,1
1922,2235,2078,-313,4157,1,1
2033,2270,2151,-237,4303,1,1
2145,2303,2224,-158,4448,1,1
1892,2410,2151,-518,4302,1,1
2170,2250,2210,-80,4420,1,1
1858,2408,2133,-550,4266,1,1
1909,2445,2177,-536,4354,1,1
2254,2377,2315,-123,4631,1,1
2042,2390,2216,-348,4432,1,1
2200,2508,2354,-308,4708,1,1
2184,2388,2286,-204,4572,1,1
2113,2386,2249,-273,4499,1,1
2221,2340,2280,-119,4561,1,1
2235,2278,2256,-43,4513,1,1
2132,2517,2324,-385,4649,1,1
2122,2438,2280,-316,4560,1,1
2266,2343,2304,-77,4609,1,1
2241,2413,2327,-172,4654,1,1
1996,2219,2107,-223,4215,1,1
2206,2342,2274,-136,4548,1,1
2200,2278,2239,-78,4478,1,1
2165,2170,2167,-5,4335,1,1
1953,2178,2065,-225,4131,1,1
2049,2064,2056,-15,4113,1,1
2178,2351,2264,-173,4529,1,1
2023,2298,2160,-275,4321,1,1
2050,2368,2209,-318,4418,1,1
2214,2423,2318,-209,4637,1,1
1989,2270,2129,-281,4259,1,1
2065,2271,2168,-206,4336,1,1
2046,2075,2060,-29,4121,1,1
1794,2377,2085,-583,4171,1,1
2043,2306,2174,-263,4349,1,1
2140,2549,2344,-409,4689,1,1
2121,2409,2265,-288,4530,1,1
2178,2350,2264,-172,4528,1,1
2101,2224,2162,-123,4325,1,1
2073,2139,2106,-66,4212,1,1
2066,2099,2082,-33,4165,1,1
2248,2378,2313,-130,4626,1,1
2063,2371,2217,-308,4434,1,1
2168,2251,2209,-83,4419,1,1
2088,2215,2151,-127,4303,1,1
2253,2420,2336,-167,4673,1,1
2215,2361,2288,-146,4576,1,1
2237,2250,2243,-13,4487,1,1
2260,2460,2360,-200,4720,1,1
2036,2240,2138,-204,4276,1,1
2285,2416,2350,-131,4701,1,1
2137,2361,2249,-224,4498,1,1
2154,2308,2231,-154,4462,1,1
2304,2352,2328,-48,4656,1,1
2008,2304,2156,-296,4312,1,1
1648,2422,2035,-774,4070,1,1
1939,2338,2138,-399,4277,1,1
2258,2461,2359,-203,4719,1,1
1921,2169,2045,-248,4090,1,1
2131,2351,2241,-220,4482,1,1
2234,2453,2343,-219,4687,1,1
2123,2358,2240,-235,4481,1,1
2067,2311,2189,-244,4378,1,1
1892,2310,2101,-418,4202,1,1
2251,2307,2279,-56,4558,1,1
2146,2322,2234,-176,4468,1,1
2117,2266,2191,-149,4383,1,1
2140,2360,2250,-220,4500,1,1
2141,2282,2211,-141,4423,1,1
2161,2284,2222,-123,4445,1,1
2184,2469,2326,-285,4653,1,1
2163,2424,2293,-261,4587,1,1
2123,2341,2232,-218,4464,1,1
2284,2377,2330,-93,4661,1,1
2029,2189,2109,-160,4218,1,1
2133,2328,2230,-195,4461,1,1
1836,2233,2034,-397,4069,1,1
1927,2448,2187,-521,4375,1,1
2113,2296,2204,-183,4409,1,1
2233,2344,2288,-111,4577,1,1
2046,2678,2362,-632,4724,1,1
2166,2383,2274,-217,4549,1,1
2084,2306,2195,-222,4390,1,1
1935,2133,2034,-198,4068,1,1
2087,2369,2228,-282,4456,1,1
2147,2456,2301,-309,4603,1,1
2136,2188,2162,-52,4324,1,1
2051,2418,2234,-367,4469,1,1
2227,2547,2387,-320,4774,1,1
2172,2416,2294,-244,4588,1,1
2104,2365,2234,-261,4469,1,1
2034,2139,2086,-105,4173,1,1
2269,2263,2266,6,4532,1,1
1967,2284,2125,-317,4251,1,1
2178,2259,2218,-81,4437,1,1
2025,2196,2110,-171,4221,1,1
2068,2206,2137,-138,4274,1,1
1925,2268,2096,-343,4193,1,1
2038,2237,2137,-199,4275,1,1
2263,2347,2305,-84,4610,1,1
1979,2177,2078,-198,4156,1,1
2051,2403,2227,-352,4454,1,1
1942,2117,2029,-175,4059,1,1
2099,2278,2188,-179,4377,1,1
2050,2450,2250,-400,4500,1,1
2118,2348,2233,-230,4466,1,1
1983,2153,2068,-170,4136,1,1
1827,2181,2004,-354,4008,1,1
1772,2392,2082,-620,4164,1,1
2241,2402,2321,-161,4643,1,1
2224,2402,2313,-178,4626,1,1
2190,2434,2312,-244,4624,1,1
1817,2199,2008,-382,4016,1,1
2000,2177,2088,-177,4177,1,1
2211,2255,2233,-44,4466,1,1
2147,2293,2220,-146,4440,1,1
1795,2459,2127,-664,4254,1,1
2192,2253,2222,-61,4445,1,1
2266,2462,2364,-196,4728,1,1
2132,2287,2209,-155,4419,1,1
2230,2451,2340,-221,4681,1,1
2092,2334,2213,-242,4426,1,1
2040,2184,2112,-144,4224,1,1
2160,2375,2267,-215,4535,1,1
2071,2350,2210,-279,4421,1,1
2059,2099,2079,-40,4158,1,1
1919,2352,2135,-433,4271,1,1
2118,2485,2301,-367,4603,1,1
2045,2460,2252,-415,4505,1,1
2098,2245,2171,-147,4343,1,1
2097,2261,2179,-164,4358,1,1
2210,2343,2276,-133,4553,1,1
2024,2250,2137,-226,4274,1,1
2078,2361,2219,-283,4439,1,1
2223,2371,2297,-148,4594,1,1
2058,2198,2128,-140,4256,1,1
1886,2252,2069,-366,4138,1,1
2189,2261,2225,-72,4450,1,1
2287,2376,2331,-89,4663,1,1
2288,2350,2319,-62,4638,1,1
2204,2334,2269,-130,4538,1,1
1946,2350,2148,-404,4296,1,1
2123,2481,2302,-358,4604,1,1
2061,2260,2160,-199,4321,1,1
1944,2166,2055,-222,4110,1,1
2118,2228,2173,-110,4346,1,1
2284,2320,2302,-36,4604,1,1
1997,2144,2070,-147,4141,1,1
2224,2420,2322,-196,4644,1,1
2140,2271,2205,-131,4411,1,1
2029,2214,2121,-185,4243,1,1
1861,2477,2169,-616,4338,1,1
2085,2228,2156,-143,4313,1,1
2018,2517,2267,-499,4535,1,1
1823,2244,2033,-421,4067,1,1
2073,2218,2145,-145,4291,1,1
2157,2177,2167,-20,4334,1,1
2108,2244,2176,-136,4352,1,1
1932,2452,2192,-520,4384,1,1
2015,2113,2064,-98,4128,1,1
2058,2103,2080,-45,4161,1,1
2172,2383,2277,-211,4555,1,1
1973,2144,2058,-171,4117,1,1
2174,2522,2348,-348,4696,1,1
1904,2179,2041,-275,4083,1,1
2247,2301,2274,-54,4548,1,1
2186,2236,2211,-50,4422,1,1
2185,2464,2324,-279,4649,1,1
2113,2458,2285,-345,4571,1,1
2109,2417,2263,-308,4526,1,1
2243,2262,2252,-19,4505,1,1
1904,2164,2034,-260,4068,1,1
2142,2269,2205,-127,4411,1,1
2004,2278,2141,-274,4282,1,1
2321,2319,2320,2,4640,1,1
2135,2168,2151,-33,4303,1,1
2118,2501,2309,-383,4619,1,1
2164,2372,2268,-208,4536,1,1
2223,2481,2352,-258,4704,1,1
2263,2347,2305,-84,4610,1,1
2254,2407,2330,-153,4661,1,1
2199,2260,2229,-61,4459,1,1
1925,2274,2099,-349,4199,1,1
1966,2118,2042,-152,4084,1,1
2142,2210,2176,-68,4352,1,1
2192,2419,2305,-227,4611,1,1
2058,2309,2183,-251,4367,1,1
2238,2302,2270,-64,4540,1,1
2208,2342,2275,-134,4550,1,1
2053,2148,2100,-95,4201,1,1
2249,2459,2354,-210,4708,1,1
1988,2127,2057,-139,4115,1,1
2060,2466,2263,-406,4526,1,1
1961,2399,2180,-438,4360,1,1
1895,2205,2050,-310,4100,1,1
2068,2298,2183,-230,4366,1,1
2085,2202,2143,-117,4287,1,1
1931,2199,2065,-268,4130,1,1
2333,2320,2326,13,4653,1,1
2239,2472,2355,-233,4711,1,1
1963,2212,2087,-249,4175,1,1
2143,2574,2358,-431,4717,1,1
2106,2440,2273,-334,4546,1,1
2000,2152,2076,-152,4152,1,1
1984,2209,2096,-225,4193,1,1
2103,2521,2312,-418,4624,1,1
1837,2197,2017,-360,4034,1,1
2140,2301,2220,-161,4441,1,1
2163,2168,2165,-5,4331,1,1
2115,2322,2218,-207,4437,1,1
1999,2123,2061,-124,4122,1,1
2108,2357,2232,-249,4465,1,1
2075,2377,2226,-302,4452,1,1
2119,2289,2204,-170,4408,1,1
1941,2214,2077,-273,4155,1,1
2022,2326,2174,-304,4348,1,1
2266,2386,2326,-120,4652,1,1
2303,2391,2347,-88,4694,1,1
2065,2224,2144,-159,4289,1,1
2155,2274,2214,-119,4429,1,1
2072,2373,2222,-301,4445,1,1
2223,2316,2269,-93,4539,1,1
1823,2246,2034,-423,4069,1,1
1936,2338,2137,-402,4274,1,1
1971,2245,2108,-274,4216,1,1
2063,2311,2187,-248,4374,1,1
1918,2227,2072,-309,4145,1,1
2040,2231,2135,-191,4271,1,1
2255,2252,2253,3,4507,1,1
2295,2291,2293,4,4586,1,1
2245,2305,2275,-60,4550,1,1
2063,2108,2085,-45,4171,1,1
2164,2257,2210,-93,4421,1,1
2003,2167,2085,-164,4170,1,1
1998,2210,2104,-212,4208,1,1
1812,2209,2010,-397,4021,1,1
2287,2425,2356,-138,4712,1,1
2168,2245,2206,-77,4413,1,1
2276,2375,2325,-99,4651,1,1
2024,2409,2216,-385,4433,1,1
1985,2231,2108,-246,4216,1,1
2081,2512,2296,-431,4593,1,1
2204,2415,2309,-211,4619,1,1
2268,2379,2323,-111,4647,1,1
1966,2156,2061,-190,4122,1,1
2060,2362,2211,-302,4422,1,1
2080,2240,2160,-160,4320,1,1
1870,2195,2032,-325,4065,1,1
2166,2248,2207,-82,4414,1,1
2003,2158,2080,-155,4161,1,1
2198,2401,2299,-203,4599,1,1
2173,2300,2236,-127,4473,1,1
1978,2292,2135,-314,4270,1,1
2026,2104,2065,-78,4130,1,1
2143,2152,2147,-9,4295,1,1
2205,2331,2268,-126,4536,1,1
2023,2166,2094,-143,4189,1,1
2269,2278,2273,-9,4547,1,1
2209,2255,2232,-46,4464,1,1
2284,2336,2310,-52,4620,1,1
2082,2247,2164,-165,4329,1,1
2143,2179,2161,-36,4322,1,1
2234,2294,2264,-60,4528,1,1
2051,2320,2185,-269,4371,1,1
2067,2268,2167,-201,4335,1,1
2065,2093,2079,-28,4158,1,1
2143,2301,2222,-158,4444,1,1
2116,2345,2230,-229,4461,1,1
2203,2364,2283,-161,4567,1,1
2055,2428,2241,-373,4483,1,1
2179,2433,2306,-254,4612,1,1
2051,2272,2161,-221,4323,1,1
2006,2208,2107,-202,4214,1,1
2234,2501,2367,-267,4735,1,1
2144,2327,2235,-183,4471,1,1
2314,2314,2314,0,4628,1,1
2053,2184,2118,-131,4237,1,1
1921,2132,2026,-211,4053,1,1
2226,2498,2362,-272,4724,1,1
2226,2373,2299,-147,4599,1,1
2066,2205,2135,-139,4271,1,1
2283,2362,2322,-79,4645,1,1
2249,2490,2369,-241,4739,1,1
2131,2415,2273,-284,4546,1,1
2286,2366,2326,-80,4652,1,1
2250,2320,2285,-70,4570,1,1
2076,2205,2140,-129,4281,1,1
2082,2221,2151,-139,4303,1,1
2081,2182,2131,-101,4263,1,1
2223,2327,2275,-104,4550,1,1
2153,2385,2269,-232,4538,1,1
2219,2283,2251,-64,4502,1,1
1889,2362,2125,-473,4251,1,1
2130,2639,2384,-509,4769,1,1
2132,2269,2200,-137,4401,1,1
2010,2085,2047,-75,4095,1,1
1991,2463,2227,-472,4454,1,1
2132,2290,2211,-158,4422,1,1
2027,2324,2175,-297,4351,1,1
2210,2327,2268,-117,4537,1,1
1954,2592,2273,-638,4546,1,1
2048,2188,2118,-140,4236,1,1
2086,2427,2256,-341,4513,1,1
1993,2177,2085,-184,4170,1,1
2198,2455,2326,-257,4653,1,1
2166,2516,2341,-350,4682,1,1
1970,2109,2039,-139,4079,1,1
2070,2237,2153,-167,4307,1,1
1988,2133,2060,-145,4121,1,1
2040,2068,2054,-28,4108,1,1
2131,2488,2309,-357,4619,1,1
2043,2187,2115,-144,4230,1,1
2244,2257,2250,-13,4501,1,1
2306,2380,2343,-74,4686,1,1
2038,2288,2163,-250,4326,1,1
1933,2157,2045,-224,4090,1,1
2201,2367,2284,-166,4568,1,1
2068,2333,2200,-265,4401,1,1
2179,2560,2369,-381,4739,1,1
2061,2534,2297,-473,4595,1,1
1996,2187,2091,-191,4183,1,1
2273,2434,2353,-161,4707,1,1
1838,2422,2130,-584,4260,1,1
2053,2268,2160,-215,4321,1,1
2121,2291,2206,-170,4412,1,1
2013,2253,2133,-240,4266,1,1
1605,2436,2020,-831,4041,1,1
2017,2172,2094,-155,4189,1,1
2212,2373,2292,-161,4585,1,1
2097,2226,2161,-129,4323,1,1
2024,2192,2108,-168,4216,1,1
2082,2438,2260,-356,4520,1,1
2215,2449,2332,-234,4664,1,1
2101,2196,2148,-95,4297,1,1
2052,2306,2179,-254,4358,1,1
2053,2270,2161,-217,4323,1,1
2138,2211,2174,-73,4349,1,1
2320,2357,2338,-37,4677,1,1
1932,2223,2077,-291,4155,1,1
2015,2350,2182,-335,4365,1,1
2199,2457,2328,-258,4656,1,1
2180,2527,2353,-347,4707,1,1
2242,2325,2283,-83,4567,1,1
2234,2354,2294,-120,4588,1,1
1887,2170,2028,-283,4057,1,1
2123,2523,2323,-400,4646,1,1
2236,2310,2273,-74,4546,1,1
2225,2328,2276,-103,4553,1,1
2109,2278,2193,-169,4387,1,1
2127,2405,2266,-278,4532,1,1
2237,2442,2339,-205,4679,1,1
2216,2455,2335,-239,4671,1,1
1984,2529,2256,-545,4513,1,1
2274,2348,2311,-74,4622,1,1
2076,2288,2182,-212,4364,1,1
2271,2292,2281,-21,4563,1,1
2187,2192,2189,-5,4379,1,1
1950,2126,2038,-176,4076,1,1
2213,2341,2277,-128,4554,1,1
2073,2261,2167,-188,4334,1,1
2100,2498,2299,-398,4598,1,1
2171,2441,2306,-270,4612,1,1
1925,2201,2063,-276,4126,1,1
2113,2381,2247,-268,4494,1,1
2297,2298,2297,-1,4595,1,1
2213,2462,2337,-249,4675,1,1
2100,2302,2201,-202,4402,1,1
2260,2396,2328,-136,4656,1,1
2000,2108,2054,-108,4108,1,1
2136,2485,2310,-349,4621,1,1
1816,2218,2017,-402,4034,1,1
2119,2132,2125,-13,4251,1,1
2170,2316,2243,-146,4486,1,1
2175,2487,2331,-312,4662,1,1
2076,2278,2177,-202,4354,1,1
2107,2459,2283,-352,4566,1,1
2160,2477,2318,-317,4637,1,1
1916,2402,2159,-486,4318,1,1
2071,2463,2267,-392,4534,1,1
2074,2150,2112,-76,4224,1,1
2176,2468,2322,-292,4644,1,1
2244,2288,2266,-44,4532,1,1
2039,2273,2156,-234,4312,1,1
2230,2243,2236,-13,4473,1,1
2052,2385,2218,-333,4437,1,1
1986,2459,2222,-473,4445,1,1
2116,2168,2142,-52,4284,1,1
2276,2274,2275,2,4550,1,1
2320,2336,2328,-16,4656,1,1
2212,2387,2299,-175,4599,1,1
2180,2499,2339,-319,4679,1,1
1965,2126,2045,-161,4091,1,1
2023,2440,2231,-417,4463,1,1
2011,2294,2152,-283,4305,1,1
2165,2255,2210,-90,4420,1,1
1989,2271,2130,-282,4260,1,1
1901,2201,2051,-300,4102,1,1
2132,2310,2221,-178,4442,1,1
2086,2565,2325,-479,4651,1,1
2002,2358,2180,-356,4360,1,1
2300,2315,2307,-15,4615,1,1
2012,2324,2168,-312,4336,1,1
2167,2573,2370,-406,4740,1,1
2194,2439,2316,-245,4633,1,1
2164,2282,2223,-118,4446,1,1
2047,2263,2155,-216,4310,1,1
2102,2431,2266,-329,4533,1,1
2277,2303,2290,-26,4580,1,1
2140,2283,2211,-143,4423,1,1
1805,2412,2108,-607,4217,1,1
2015,2150,2082,-135,4165,1,1
2068,2227,2147,-159,4295,1,1
2327,2347,2337,-20,4674,1,1
2259,2417,2338,-158,4676,1,1
2151,2237,2194,-86,4388,1,1
2188,2399,2293,-211,4587,1,1
2028,2163,2095,-135,4191,1,1
1920,2141,2030,-221,4061,1,1
2172,2304,2238,-132,4476,1,1
2081,2414,2247,-333,4495,1,1
2099,2258,2178,-159,4357,1,1
1996,2107,2051,-111,4103,1,1
2086,2280,2183,-194,4366,1,1
2286,2278,2282,8,4564,1,1
2159,2208,2183,-49,4367,1,1
1954,2290,2122,-336,4244,1,1
2029,2457,2243,-428,4486,1,1
2237,2293,2265,-56,4530,1,1
2174,2284,2229,-110,4458,1,1
2259,2363,2311,-104,4622,1,1
2215,2352,2283,-137,4567,1,1
2129,2280,2204,-151,4409,1,1
2263,2300,2281,-37,4563,1,1
2078,2374,2226,-296,4452,1,1
1910,2511,2210,-601,4421,1,1
2243,2290,2266,-47,4533,1,1
2229,2374,2301,-145,4603,1,1
2129,2446,2287,-317,4575,1,1
2180,2364,2272,-184,4544,1,1
2029,2200,2114,-171,4229,1,1
2125,2149,2137,-24,4274,1,1
2064,2405,2234,-341,4469,1,1
2272,2266,2269,6,4538,1,1
2270,2391,2330,-121,4661,1,1
2173,2203,2188,-30,4376,1,1
2234,2465,2349,-231,4699,1,1
1952,2539,2245,-587,4491,1,1
2252,2308,2280,-56,4560,1,1
1927,2145,2036,-218,4072,1,1
2255,2437,2346,-182,4692,1,1
2118,2550,2334,-432,4668,1,1
2010,2229,2119,-219,4239,1,1
2281,2276,2278,5,4557,1,1
2227,2400,2313,-173,4627,1,1
2283,2336,2309,-53,4619,1,1
2208,2537,2372,-329,4745,1,1
2091,2243,2167,-152,4334,1,1
2131,2346,2238,-215,4477,1,1
2132,2351,2241,-219,4483,1,1
2080,2178,2129,-98,4258,1,1
1847,2188,2017,-341,4035,1,1
2109,2274,2191,-165,4383,1,1
2135,2359,2247,-224,4494,1,1
1971,2393,2182,-422,4364,1,1
2156,2211,2183,-55,4367,1,1
2066,2364,2215,-298,4430,1,1
2202,2434,2318,-232,4636,1,1
2125,2305,2215,-180,4430,1,1
2227,2266,2246,-39,4493,1,1
2114,2303,2208,-189,4417,1,1
2193,2449,2321,-256,4642,1,1
2301,2339,2320,-38,4640,1,1
2112,2314,2213,-202,4426,1,1
2245,2294,2269,-49,4539,1,1
1993,2158,2075,-165,4151,1,1
2146,2282,2214,-136,4428,1,1
2032,2282,2157,-250,4314,1,1
2026,2097,2061,-71,4123,1,1
2157,2308,2232,-151,4465,1,1
2253,2265,2259,-12,4518,1,1
2030,2415,2222,-385,4445,1,1
1880,2575,2227,-695,4455,1,1
2034,2397,2215,-363,4431,1,1
1824,2444,2134,-620,4268,1,1
2203,2459,2331,-256,4662,1,1
2169,2433,2301,-264,4602,1,1
1922,2178,2050,-256,4100,1,1
2197,2414,2305,-217,4611,1,1
2207,2584,2395,-377,4791,1,1
2074,2173,2123,-99,4247,1,1
2049,2335,2192,-286,4384,1,1
2046,2439,2242,-393,4485,1,1
2233,2340,2286,-107,4573,1,1
2307,2357,2332,-50,4664,1,1
2067,2453,2260,-386,4520,1,1
2030,2396,2213,-366,4426,1,1
1992,2101,2046,-109,4093,1,1
2107,2287,2197,-180,4394,1,1
2231,2366,2298,-135,4597,1,1
2121,2270,2195,-149,4391,1,1
2210,2389,2299,-179,4599,1,1
2205,2362,2283,-157,4567,1,1
1988,2139,2063,-151,4127,1,1
2029,2533,2281,-504,4562,1,1
2136,2413,2274,-277,4549,1,1
2153,2260,2206,-107,4413,1,1
1867,2214,2040,-347,4081,1,1
2002,2098,2050,-96,4100,1,1
1807,2221,2014,-414,4028,1,1
1852,2175,2013,-323,4027,1,1
2288,2338,2313,-50,4626,1,1
1965,2318,2141,-353,4283,1,1
2210,2417,2313,-207,4627,1,1
2101,2411,2256,-310,4512,1,1
2043,2341,2192,-298,4384,1,1
2128,2476,2302,-348,4604,1,1
2163,2270,2216,-107,4433,1,1
1931,2201,2066,-270,4132,1,1
2132,2233,2182,-101,4365,1,1
2085,2213,2149,-128,4298,1,1
2055,2163,2109,-108,4218,1,1
1984,2095,2039,-111,4079,1,1
2231,2493,2362,-262,4724,1,1
2054,2372,2213,-318,4426,1,1
2278,2322,2300,-44,4600,1,1
1883,2255,2069,-372,4138,1,1
1943,2549,2246,-606,4492,1,1
2237,2263,2250,-26,4500,1,1
1999,2283,2141,-284,4282,1,1
1935,2188,2061,-253,4123,1,1
2241,2320,2280,-79,4561,1,1
2131,2166,2148,-35,4297,1,1
2075,2271,2173,-196,4346,1,1
2061,2132,2096,-71,4193,1,1
2252,2311,2281,-59,4563,1,1
2062,2253,2157,-191,4315,1,1
2082,2269,2175,-187,4351,1,1
2028,2238,2133,-210,4266,1,1
2035,2331,2183,-296,4366,1,1
2052,2121,2086,-69,4173,1,1
2136,2396,2266,-260,4532,1,1
1984,2211,2097,-227,4195,1,1
2190,2246,2218,-56,4436,1,1
1926,2145,2035,-219,4071,1,1
2012,2270,2141,-258,4282,1,1
2022,2095,2058,-73,4117,1,1
1779,2239,2009,-460,4018,1,1
1988,2237,2112,-249,4225,1,1
2069,2122,2095,-53,4191,1,1
2002,2540,2271,-538,4542,1,1
1976,2180,2078,-204,4156,1,1
2118,2357,2237,-239,4475,1,1
2232,2380,2306,-148,4612,1,1
2102,2238,2170,-136,4340,1,1
2227,2343,2285,-116,4570,1,1
2055,2314,2184,-259,4369,1,1
2137,2709,2423,-572,4846,1,1
2159,2330,2244,-171,4489,1,1
2185,2405,2295,-220,4590,1,1
1824,2545,2184,-721,4369,1,1
2146,2208,2177,-62,4354,1,1
2142,2162,2152,-20,4304,1,1
1781,2394,2087,-613,4175,1,1
2161,2458,2309,-297,4619,1,1
2102,2358,2230,-256,4460,1,1
2306,2333,2319,-27,4639,1,1
2206,2505,2355,-299,4711,1,1
2012,2424,2218,-412,4436,1,1
2023,2273,2148,-250,4296,1,1
1916,2154,2035,-238,4070,1,1
2233,2398,2315,-165,4631,1,1
2152,2225,2188,-73,4377,1,1
1961,2421,2191,-460,4382,1,1
2104,2331,2217,-227,4435,1,1
2230,2399,2314,-169,4629,1,1
2262,2475,2368,-213,4737,1,1
2020,2103,2061,-83,4123,1,1
2017,2302,2159,-285,4319,1,1
2168,2467,2317,-299,4635,1,1
2156,2360,2258,-204,4516,1,1
2164,2302,2233,-138,4466,1,1
2027,2309,2168,-282,4336,1,1
1875,2150,2012,-275,4025,1,1
2014,2404,2209,-390,4418,1,1
2204,2375,2289,-171,4579,1,1
2089,2396,2242,-307,4485,1,1
2147,2287,2217,-140,4434,1,1
2211,2364,2287,-153,4575,1,1
2207,2341,2274,-134,4548,1,1
2118,2553,2335,-435,4671,1,1
2313,2375,2344,-62,4688,1,1
1999,2111,2055,-112,4110,1,1
2146,2330,2238,-184,4476,1,1
2107,2219,2163,-112,4326,1,1
2020,2148,2084,-128,4168,1,1
1921,2176,2048,-255,4097,1,1
2168,2319,2243,-151,4487,1,1
2193,2257,2225,-64,4450,1,1
2017,2190,2103,-173,4207,1,1
2026,2244,2135,-218,4270,1,1
2178,2205,2191,-27,4383,1,1
2134,2216,2175,-82,4350,1,1
1974,2115,2044,-141,4089,1,1
1922,2225,2073,-303,4147,1,1
2269,2425,2347,-156,4694,1,1
2088,2569,2328,-481,4657,1,1
2295,2335,2315,-40,4630,1,1
2148,2297,2222,-149,4445,1,1
2086,2277,2181,-191,4363,1,1
2191,2260,2225,-69,4451,1,1
1978,2412,2195,-434,4390,1,1
1714,2257,1985,-543,3971,1,1
1936,2135,2035,-199,4071,1,1
2090,2107,2098,-17,4197,1,1
1989,2400,2194,-411,4389,1,1
1966,2118,2042,-152,4084,1,1
2262,2276,2269,-14,4538,1,1
2138,2393,2265,-255,4531,1,1
1989,2216,2102,-227,4205,1,1
2327,2343,2335,-16,4670,1,1
2212,2283,2247,-71,4495,1,1
2254,2342,2298,-88,4596,1,1
2030,2331,2180,-301,4361,1,1
2084,2256,2170,-172,4340,1,1
2036,2234,2135,-198,4270,1,1
2170,2244,2207,-74,4414,1,1
2289,2336,2312,-47,4625,1,1
2077,2346,2211,-269,4423,1,1
1966,2141,2053,-175,4107,1,1
2098,2365,2231,-267,4463,1,1
2114,2219,2166,-105,4333,1,1
2164,2537,2350,-373,4701,1,1
2172,2297,2234,-125,4469,1,1
2188,2265,2226,-77,4453,1,1
2282,2278,2280,4,4560,1,1
1985,2296,2140,-311,4281,1,1
2174,2401,2287,-227,4575,1,1
2137,2256,2196,-119,4393,1,1
1975,2208,2091,-233,4183,1,1
2214,2394,2304,-180,4608,1,1
2069,2176,2122,-107,4245,1,1
2088,2177,2132,-89,4265,1,1
2147,2336,2241,-189,4483,1,1
2043,2302,2172,-259,4345,1,1
2022,2185,2103,-163,4207,1,1
2136,2464,2300,-328,4600,1,1
2124,2414,2269,-290,4538,1,1
2021,2301,2161,-280,4322,1,1
2124,2155,2139,-31,4279,1,1
2024,2172,2098,-148,4196,1,1
2216,2359,2287,-143,4575,1,1
2218,2222,2220,-4,4440,1,1
1890,2163,2026,-273,4053,1,1
1965,2318,2141,-353,4283,1,1
2239,2454,2346,-215,4693,1,1
2036,2209,2122,-173,4245,1,1
2145,2342,2243,-197,4487,1,1
2251,2438,2344,-187,4689,1,1
2024,2298,2161,-274,4322,1,1
2099,2411,2255,-312,4510,1,1
2182,2518,2350,-336,4700,1,1
2052,2524,2288,-472,4576,1,1
1991,2152,2071,-161,4143,1,1
2240,2262,2251,-22,4502,1,1
2056,2147,2101,-91,4203,1,1
2184,2358,2271,-174,4542,1,1
1980,2116,2048,-136,4096,1,1
2149,2345,2247,-196,4494,1,1
1890,2249,2069,-359,4139,1,1
2247,2442,2344,-195,4689,1,1
2206,2417,2311,-211,4623,1,1
2108,2554,2331,-446,4662,1,1
2138,2153,2145,-15,4291,1,1
2057,2285,2171,-228,4342,1,1
2131,2470,2300,-339,4601,1,1
2062,2133,2097,-71,4195,1,1
2174,2561,2367,-387,4735,1,1
2187,2495,2341,-308,4682,1,1
2133,2432,2282,-299,4565,1,1
2291,2319,2305,-28,4610,1,1
2075,2366,2220,-291,4441,1,1
1918,2481,2199,-563,4399,1,1
2067,2135,2101,-68,4202,1,1
2169,2298,2233,-129,4467,1,1
2052,2211,2131,-159,4263,1,1
1889,2282,2085,-393,4171,1,1
2109,2400,2254,-291,4509,1,1
2121,2331,2226,-210,4452,1,1
2237,2326,2281,-89,4563,1,1
2269,2446,2357,-177,4715,1,1
2279,2360,2319,-81,4639,1,1
1844,2468,2156,-624,4312,1,1
2116,2423,2269,-307,4539,1,1
2145,2401,2273,-256,4546,1,1
1884,2151,2017,-267,4035,1,1
2203,2454,2328,-251,4657,1,1
2089,2217,2153,-128,4306,1,1
1747,2379,2063,-632,4126,1,1
1897,2292,2094,-395,4189,1,1
2213,2476,2344,-263,4689,1,1
2235,2341,2288,-106,4576,1,1
2049,2101,2075,-52,4150,1,1
2030,2284,2157,-254,4314,1,1
2239,2424,2331,-185,4663,1,1
2204,2272,2238,-68,4476,1,1
2163,2204,2183,-41,4367,1,1
2158,2253,2205,-95,4411,1,1
2130,2156,2143,-26,4286,1,1
2155,2321,2238,-166,4476,1,1
2037,2250,2143,-213,4287,1,1
2250,2356,2303,-106,4606,1,1
2045,2457,2251,-412,4502,1,1
2183,2408,2295,-225,4591,1,1
1940,2156,2048,-216,4096,1,1
2124,2581,2352,-457,4705,1,1
2224,2407,2315,-183,4631,1,1
2090,2121,2105,-31,4211,1,1
2150,2629,2389,-479,4779,1,1
1873,2250,2061,-377,4123,1,1
2239,2426,2332,-187,4665,1,1
1970,2578,2274,-608,4548,1,1
1757,2436,2096,-679,4193,1,1
1951,2424,2187,-473,4375,1,1
2045,2419,2232,-374,4464,1,1
2246,2434,2340,-188,4680,1,1
2207,2299,2253,-92,4506,1,1
2187,2328,2257,-141,4515,1,1
2194,2208,2201,-14,4402,1,1
1771,2327,2049,-556,4098,1,1
2212,2295,2253,-83,4507,1,1
2210,2573,2391,-363,4783,1,1
2232,2409,2320,-177,4641,1,1
2232,2519,2375,-287,4751,1,1
2114,2400,2257,-286,4514,1,1
2198,2488,2343,-290,4686,1,1
2046,2285,2165,-239,4331,1,1
1767,2637,2202,-870,4404,1,1
2022,2464,2243,-442,4486,1,1
2221,2421,2321,-200,4642,1,1
2210,2397,2303,-187,4607,1,1
2185,2535,2360,-350,4720,1,1
2279,2397,2338,-118,4676,1,1
1979,2449,2214,-470,4428,1,1
2141,2338,2239,-197,4479,1,1
2120,2246,2183,-126,4366,1,1
1828,2434,2131,-606,4262,1,1
2151,2371,2261,-220,4522,1,1
2322,2324,2323,-2,4646,1,1
2195,2343,2269,-148,4538,1,1
2311,2333,2322,-22,4644,1,1
2102,2502,2302,-400,4604,1,1
1956,2205,2080,-249,4161,1,1
1967,2360,2163,-393,4327,1,1
2100,2364,2232,-264,4464,1,1
2141,2471,2306,-330,4612,1,1
2232,2274,2253,-42,4506,1,1
2209,2218,2213,-9,4427,1,1
2310,2349,2329,-39,4659,1,1
2261,2471,2366,-210,4732,1,1
2186,2336,2261,-150,4522,1,1
2187,2274,2230,-87,4461,1,1
1952,2189,2070,-237,4141,1,1
2274,2360,2317,-86,4634,1,1
2285,2411,2348,-126,4696,1,1
1976,2503,2239,-527,4479,1,1
2117,2306,2211,-189,4423,1,1
2268,2443,2355,-175,4711,1,1
2178,2530,2354,-352,4708,1,1
2174,2343,2258,-169,4517,1,1
2105,2507,2306,-402,4612,1,1
2025,2564,2294,-539,4589,1,1
2123,2426,2274,-303,4549,1,1
2189,2441,2315,-252,4630,1,1
2324,2327,2325,-3,4651,1,1
1936,2411,2173,-475,4347,1,1
2250,2297,2273,-47,4547,1,1
2198,2282,2240,-84,4480,1,1
2145,2258,2201,-113,4403,1,1
2007,2115,2061,-108,4122,1,1
2101,2290,2195,-189,4391,1,1
2073,2396,2234,-323,4469,1,1
2295,2300,2297,-5,4595,1,1
1908,2168,2038,-260,4076,1,1
2265,2404,2334,-139,4669,1,1
2243,2290,2266,-47,4533,1,1
2167,2316,2241,-149,4483,1,1
2152,2478,2315,-326,4630,1,1
1824,2428,2126,-604,4252,1,1
1962,2164,2063,-202,4126,1,1
1714,2281,1997,-567,3995,1,1
2272,2402,2337,-130,4674,1,1
2156,2368,2262,-212,4524,1,1
2153,2447,2300,-294,4600,1,1
2050,2339,2194,-289,4389,1,1
2159,2538,2348,-379,4697,1,1
1626,2368,1997,-742,3994,1,1
2009,2257,2133,-248,4266,1,1
2106,2399,2252,-293,4505,1,1
2171,2323,2247,-152,4494,1,1
2198,2214,2206,-16,4412,1,1
2110,2395,2252,-285,4505,1,1
2037,2098,2067,-61,4135,1,1
2175,2454,2314,-279,4629,1,1
1817,2418,2117,-601,4235,1,1
2098,2416,2257,-318,4514,1,1
2124,2434,2279,-310,4558,1,1
2246,2483,2364,-237,4729,1,1
2078,2574,2326,-496,4652,1,1
2034,2553,2293,-519,4587,1,1
1866,2471,2168,-605,4337,1,1
1971,2102,2036,-131,4073,1,1
2018,2354,2186,-336,4372,1,1
2084,2218,2151,-134,4302,1,1
2003,2222,2112,-219,4225,1,1
2283,2412,2347,-129,4695,1,1
2206,2214,2210,-8,4420,1,1
1988,2197,2092,-209,4185,1,1
2114,2335,2224,-221,4449,1,1
1710,2289,1999,-579,3999,1,1
2203,2326,2264,-123,4529,1,1
1949,2182,2065,-233,4131,1,1
2003,2242,2122,-239,4245,1,1
2042,2359,2200,-317,4401,1,1
1861,2286,2073,-425,4147,1,1
2186,2189,2187,-3,4375,1,1
1960,2124,2042,-164,4084,1,1
2215,2368,2291,-153,4583,1,1
2070,2234,2152,-164,4304,1,1
2064,2202,2133,-138,4266,1,1
2284,2325,2304,-41,4609,1,1
2164,2402,2283,-238,4566,1,1
1997,2173,2085,-176,4170,1,1
2202,2347,2274,-145,4549,1,1
2252,2449,2350,-197,4701,1,1
2263,2437,2350,-174,4700,1,1
1956,2295,2125,-339,4251,1,1
2010,2215,2112,-205,4225,1,1
1921,2493,2207,-572,4414,1,1
1931,2211,2071,-280,4142,1,1
2051,2175,2113,-124,4226,1,1
2216,2398,2307,-182,4614,1,1
2079,2178,2128,-99,4257,1,1
2232,2430,2331,-198,4662,1,1
2070,2477,2273,-407,4547,1,1
2157,2257,2207,-100,4414,1,1
2168,2298,2233,-130,4466,1,1
1932,2309,2120,-377,4241,1,1
1995,2200,2097,-205,4195,1,1
2284,2409,2346,-125,4693,1,1
2081,2457,2269,-376,4538,1,1
2307,2352,2329,-45,4659,1,1
2242,2304,2273,-62,4546,1,1
2104,2249,2176,-145,4353,1,1
1873,2167,2020,-294,4040,1,1
2129,2159,2144,-30,4288,1,1
2124,2254,2189,-130,4378,1,1
2277,2414,2345,-137,4691,1,1
2107,2250,2178,-143,4357,1,1
1753,2222,1987,-469,3975,1,1
2170,2353,2261,-183,4523,1,1
2028,2524,2276,-496,4552,1,1
2233,2349,2291,-116,4582,1,1
2159,2547,2353,-388,4706,1,1
1774,2321,2047,-547,4095,1,1
2141,2275,2208,-134,4416,1,1
2023,2152,2087,-129,4175,1,1
1885,2440,2162,-555,4325,1,1
2065,2303,2184,-238,4368,1,1
1942,2209,2075,-267,4151,1,1
2113,2251,2182,-138,4364,1,1
2040,2259,2149,-219,4299,1,1
2013,2228,2120,-215,4241,1,1
2183,2214,2198,-31,4397,1,1
2051,2180,2115,-129,4231,1,1
1925,2302,2113,-377,4227,1,1
2077,2321,2199,-244,4398,1,1
2097,2400,2248,-303,4497,1,1
2252,2494,2373,-242,4746,1,1
2185,2301,2243,-116,4486,1,1
2286,2352,2319,-66,4638,1,1
2103,2602,2352,-499,4705,1,1
2091,2379,2235,-288,4470,1,1
2085,2368,2226,-283,4453,1,1
2178,2499,2338,-321,4677,1,1
1907,2276,2091,-369,4183,1,1
2120,2249,2184,-129,4369,1,1
2238,2419,2328,-181,4657,1,1
2306,2361,2333,-55,4667,1,1
1980,2215,2097,-235,4195,1,1
2165,2275,2220,-110,4440,1,1
1869,2182,2025,-313,4051,1,1
2188,2290,2239,-102,4478,1,1
2270,2274,2272,-4,4544,1,1
2196,2292,2244,-96,4488,1,1
1956,2239,2097,-283,4195,1,1
1995,2298,2146,-303,4293,1,1
2156,2484,2320,-328,4640,1,1
1931,2143,2037,-212,4074,1,1
1771,2225,1998,-454,3996,1,1
2235,2287,2261,-52,4522,1,1
2162,2381,2271,-219,4543,1,1
2237,2238,2237,-1,4475,1,1
2235,2408,2321,-173,4643,1,1
1953,2284,2118,-331,4237,1,1
2267,2265,2266,2,4532,1,1
2262,2479,2370,-217,4741,1,1
2247,2378,2312,-131,4625,1,1
2034,2308,2171,-274,4342,1,1
1900,2320,2110,-420,4220,1,1
2117,2479,2298,-362,4596,1,1
2316,2344,2330,-28,4660,1,1
2254,2346,2300,-92,4600,1,1
2148,2163,2155,-15,4311,1,1
1978,2228,2103,-250,4206,1,1
2012,2127,2069,-115,4139,1,1
1895,2533,2214,-638,4428,1,1
1982,2116,2049,-134,4098,1,1
2106,2468,2287,-362,4574,1,1
1948,2324,2136,-376,4272,1,1
2068,2308,2188,-240,4376,1,1
2197,2412,2304,-215,4609,1,1
2146,2339,2242,-193,4485,1,1
1975,2159,2067,-184,4134,1,1
2157,2364,2260,-207,4521,1,1
2074,2141,2107,-67,4215,1,1
1941,2232,2086,-291,4173,1,1
2129,2213,2171,-84,4342,1,1
2282,2400,2341,-118,4682,1,1
2157,2601,2379,-444,4758,1,1
2048,2328,2188,-280,4376,1,1
2289,2315,2302,-26,4604,1,1
2039,2591,2315,-552,4630,1,1
2107,2250,2178,-143,4357,1,1
1983,2119,2051,-136,4102,1,1
2046,2392,2219,-346,4438,1,1
2229,2295,2262,-66,4524,1,1
2248,2418,2333,-170,4666,1,1
2104,2239,2171,-135,4343,1,1
1984,2263,2123,-279,4247,1,1
1960,2380,2170,-420,4340,1,1
2134,2306,2220,-172,4440,1,1
2179,2198,2188,-19,4377,1,1
2197,2530,2363,-333,4727,1,1
2190,2334,2262,-144,4524,1,1
2010,2141,2075,-131,4151,1,1
2218,2477,2347,-259,4695,1,1
2179,2394,2286,-215,4573,1,1
2115,2399,2257,-284,4514,1,1
2209,2338,2273,-129,4547,1,1
2106,2283,2194,-177,4389,1,1
2185,2420,2302,-235,4605,1,1
2198,2377,2287,-179,4575,1,1
2125,2533,2329,-408,4658,1,1
2083,2301,2192,-218,4384,1,1
2235,2386,2310,-151,4621,1,1
2020,2224,2122,-204,4244,1,1
2187,2263,2225,-76,4450,1,1
2200,2479,2339,-279,4679,1,1
2126,2249,2187,-123,4375,1,1
2145,2388,2266,-243,4533,1,1
2072,2147,2109,-75,4219,1,1
2192,2441,2316,-249,4633,1,1
2189,2377,2283,-188,4566,1,1
2106,2178,2142,-72,4284,1,1
2072,2207,2139,-135,4279,1,1
1966,2340,2153,-374,4306,1,1
2115,2284,2199,-169,4399,1,1
2245,2460,2352,-215,4705,1,1
2174,2353,2263,-179,4527,1,1
2218,2424,2321,-206,4642,1,1
2035,2396,2215,-361,4431,1,1
2228,2540,2384,-312,4768,1,1
2180,2369,2274,-189,4549,1,1
2166,2376,2271,-210,4542,1,1
2199,2286,2242,-87,4485,1,1
1924,2175,2049,-251,4099,1,1
1870,2226,2048,-356,4096,1,1
2107,2406,2256,-299,4513,1,1
2229,2386,2307,-157,4615,1,1
2186,2261,2223,-75,4447,1,1
2275,2404,2339,-129,4679,1,1
2003,2345,2174,-342,4348,1,1
1981,2103,2042,-122,4084,1,1
2146,2399,2272,-253,4545,1,1
2073,2510,2291,-437,4583,1,1
1932,2384,2158,-452,4316,1,1
2206,2498,2352,-292,4704,1,1
2035,2203,2119,-168,4238,1,1
2011,2269,2140,-258,4280,1,1
2140,2272,2206,-132,4412,1,1
2022,2093,2057,-71,4115,1,1
2236,2250,2243,-14,4486,1,1
2151,2445,2298,-294,4596,1,1
2147,2397,2272,-250,4544,1,1
2126,2170,2148,-44,4296,1,1
2090,2611,2350,-521,4701,1,1
2218,2369,2293,-151,4587,1,1
2113,2303,2208,-190,4416,1,1
1952,2191,2071,-239,4143,1,1
2235,2249,2242,-14,4484,1,1
1941,2405,2173,-464,4346,1,1
2100,2181,2140,-81,4281,1,1
1992,2375,2183,-383,4367,1,1
1844,2463,2153,-619,4307,1,1
2239,2254,2246,-15,4493,1,1
2273,2318,2295,-45,4591,1,1
2217,2405,2311,-188,4622,1,1
2199,2411,2305,-212,4610,1,1
1939,2473,2206,-534,4412,1,1
2161,2367,2264,-206,4528,1,1
2085,2255,2170,-170,4340,1,1
2113,2201,2157,-88,4314,1,1
2210,2403,2306,-193,4613,1,1
2072,2330,2201,-258,4402,1,1
1848,2269,2058,-421,4117,1,1
2164,2392,2278,-228,4556,1,1
1966,2121,2043,-155,4087,1,1
2095,2286,2190,-191,4381,1,1
2205,2302,2253,-97,4507,1,1
2025,2198,2111,-173,4223,1,1
2315,2329,2322,-14,4644,1,1
2230,2252,2241,-22,4482,1,1
2188,2342,2265,-154,4530,1,1
2216,2389,2302,-173,4605,1,1
2204,2244,2224,-40,4448,1,1
1871,2196,2033,-325,4067,1,1
1638,2408,2023,-770,4046,1,1
1971,2141,2056,-170,4112,1,1
2216,2518,2367,-302,4734,1,1
2312,2347,2329,-35,4659,1,1
2282,2388,2335,-106,4670,1,1
1964,2132,2048,-168,4096,1,1
2129,2205,2167,-76,4334,1,1
2161,2265,2213,-104,4426,1,1
2013,2369,2191,-356,4382,1,1
2156,2327,2241,-171,4483,1,1
2225,2412,2318,-187,4637,1,1
1973,2489,2231,-516,4462,1,1
2205,2330,2267,-125,4535,1,1
2170,2401,2285,-231,4571,1,1
2212,2519,2365,-307,4731,1,1
1914,2162,2038,-248,4076,1,1
2220,2344,2282,-124,4564,1,1
2011,2174,2092,-163,4185,1,1
2098,2296,2197,-198,4394,1,1
2270,2424,2347,-154,4694,1,1
1948,2389,2168,-441,4337,1,1
2176,2477,2326,-301,4653,1,1
1832,2330,2081,-498,4162,1,1
2161,2247,2204,-86,4408,1,1
2181,2243,2212,-62,4424,1,1
1873,2223,2048,-350,4096,1,1
2241,2265,2253,-24,4506,1,1
2238,2349,2293,-111,4587,1,1
1951,2311,2131,-360,4262,1,1
2306,2317,2311,-11,4623,1,1
2161,2231,2196,-70,4392,1,1
1951,2252,2101,-301,4203,1,1
2203,2408,2305,-205,4611,1,1
2219,2375,2297,-156,4594,1,1
2129,2391,2260,-262,4520,1,1
2304,2370,2337,-66,4674,1,1
2302,2291,2296,11,4593,1,1
2214,2451,2332,-237,4665,1,1
2256,2368,2312,-112,4624,1,1
2181,2206,2193,-25,4387,1,1
2007,2310,2158,-303,4317,1,1
1941,2364,2152,-423,4305,1,1
2033,2216,2124,-183,4249,1,1
2012,2310,2161,-298,4322,1,1
1969,2172,2070,-203,4141,1,1
2142,2354,2248,-212,4496,1,1
2065,2514,2289,-449,4579,1,1
1888,2278,2083,-390,4166,1,1
1982,2149,2065,-167,4131,1,1
2256,2365,2310,-109,4621,1,1
2230,2503,2366,-273,4733,1,1
2062,2177,2119,-115,4239,1,1
1959,2256,2107,-297,4215,1,1
2060,2108,2084,-48,4168,1,1
2033,2384,2208,-351,4417,1,1
2105,2511,2308,-406,4616,1,1
1981,2114,2047,-133,4095,1,1
2067,2373,2220,-306,4440,1,1
1950,2244,2097,-294,4194,1,1
1931,2257,2094,-326,4188,1,1
2133,2340,2236,-207,4473,1,1
2207,2409,2308,-202,4616,1,1
2100,2523,2311,-423,4623,1,1
2239,2259,2249,-20,4498,1,1
2201,2435,2318,-234,4636,1,1
2177,2394,2285,-217,4571,1,1
1999,2191,2095,-192,4190,1,1
2024,2589,2306,-565,4613,1,1
2246,2397,2321,-151,4643,1,1
2170,2338,2254,-168,4508,1,1
1919,2145,2032,-226,4064,1,1
2092,2141,2116,-49,4233,1,1
1983,2130,2056,-147,4113,1,1
1955,2355,2155,-400,4310,1,1
2044,2120,2082,-76,4164,1,1
2292,2304,2298,-12,4596,1,1
2083,2301,2192,-218,4384,1,1
2083,2469,2276,-386,4552,1,1
2270,2459,2364,-189,4729,1,1
2053,2263,2158,-210,4316,1,1
2241,2427,2334,-186,4668,1,1
2100,2283,2191,-183,4383,1,1
2072,2291,2181,-219,4363,1,1
1968,2220,2094,-252,4188,1,1
2295,2374,2334,-79,4669,1,1
1906,2292,2099,-386,4198,1,1
2168,2545,2356,-377,4713,1,1
2121,2137,2129,-16,4258,1,1
2137,2259,2198,-122,4396,1,1
2259,2471,2365,-212,4730,1,1
2007,2203,2105,-196,4210,1,1
2104,2391,2247,-287,4495,1,1
1975,2152,2063,-177,4127,1,1
2250,2373,2311,-123,4623,1,1
2301,2294,2297,7,4595,1,1
2017,2169,2093,-152,4186,1,1
2126,2267,2196,-141,4393,1,1
2123,2345,2234,-222,4468,1,1
1984,2419,2201,-435,4403,1,1
2100,2479,2289,-379,4579,1,1
2064,2456,2260,-392,4520,1,1
2201,2590,2395,-389,4791,1,1
2091,2244,2167,-153,4335,1,1
2153,2226,2189,-73,4379,1,1
2280,2368,2324,-88,4648,1,1
1997,2151,2074,-154,4148,1,1
1927,2142,2034,-215,4069,1,1
2050,2192,2121,-142,4242,1,1
2169,2327,2248,-158,4496,1,1
1988,2242,2115,-254,4230,1,1
2276,2381,2328,-105,4657,1,1
2024,2162,2093,-138,4186,1,1
2057,2187,2122,-130,4244,1,1
2287,2316,2301,-29,4603,1,1
2065,2260,2162,-195,4325,1,1
2011,2208,2109,-197,4219,1,1
1996,2136,2066,-140,4132,1,1
2200,2382,2291,-182,4582,1,1
2016,2393,2204,-377,4409,1,1
2098,2219,2158,-121,4317,1,1
2160,2353,2256,-193,4513,1,1
2257,2262,2259,-5,4519,1,1
2234,2260,2247,-26,4494,1,1
2279,2440,2359,-161,4719,1,1
1850,2491,2170,-641,4341,1,1
2001,2170,2085,-169,4171,1,1
1927,2352,2139,-425,4279,1,1
2155,2362,2258,-207,4517,1,1
2167,2365,2266,-198,4532,1,1
1959,2412,2185,-453,4371,1,1
1939,2168,2053,-229,4107,1,1
2072,2162,2117,-90,4234,1,1
2112,2493,2302,-381,4605,1,1
2189,2426,2307,-237,4615,1,1
2052,2295,2173,-243,4347,1,1
2194,2582,2388,-388,4776,1,1
2282,2377,2329,-95,4659,1,1
2090,2290,2190,-200,4380,1,1
1862,2340,2101,-478,4202,1,1
2055,2389,2222,-334,4444,1,1
2021,2414,2217,-393,4435,1,1
2126,2207,2166,-81,4333,1,1
2034,2137,2085,-103,4171,1,1
2313,2362,2337,-49,4675,1,1
1879,2219,2049,-340,4098,1,1
2045,2169,2107,-124,4214,1,1
2255,2408,2331,-153,4663,1,1
2201,2561,2381,-360,4762,1,1
2230,2269,2249,-39,4499,1,1
1916,2362,2139,-446,4278,1,1
2201,2335,2268,-134,4536,1,1
2068,2312,2190,-244,4380,1,1
2086,2199,2142,-113,4285,1,1
2165,2318,2241,-153,4483,1,1
1817,2326,2071,-509,4143,1,1
2188,2566,2377,-378,4754,1,1
2177,2241,2209,-64,4418,1,1
2162,2321,2241,-159,4483,1,1
2153,2266,2209,-113,4419,1,1
2046,2288,2167,-242,4334,1,1
2100,2397,2248,-297,4497,1,1
2075,2305,2190,-230,4380,1,1
2157,2338,2247,-181,4495,1,1
1977,2232,2104,-255,4209,1,1
1865,2461,2163,-596,4326,1,1
1967,2243,2105,-276,4210,1,1
2145,2529,2337,-384,4674,1,1
2004,2211,2107,-207,4215,1,1
2123,2408,2265,-285,4531,1,1
2183,2239,2211,-56,4422,1,1
2147,2226,2186,-79,4373,1,1
2153,2396,2274,-243,4549,1,1
2074,2308,2191,-234,4382,1,1
1938,2251,2094,-313,4189,1,1
2091,2587,2339,-496,4678,1,1
2222,2310,2266,-88,4532,1,1
2215,2482,2348,-267,4697,1,1
2039,2066,2052,-27,4105,1,1
2316,2310,2313,6,4626,1,1
1946,2260,2103,-314,4206,1,1
2225,2464,2344,-239,4689,1,1
2282,2327,2304,-45,4609,1,1
2197,2353,2275,-156,4550,1,1
2222,2365,2293,-143,4587,1,1
2232,2449,2340,-217,4681,1,1
1979,2180,2079,-201,4159,1,1
1924,2208,2066,-284,4132,1,1
1931,2237,2084,-306,4168,1,1
1740,2414,2077,-674,4154,1,1
2155,2292,2223,-137,4447,1,1
2249,2316,2282,-67,4565,1,1
2303,2315,2309,-12,4618,1,1
2168,2187,2177,-19,4355,1,1
1997,2087,2042,-90,4084,1,1
1846,2222,2034,-376,4068,1,1
2296,2344,2320,-48,4640,1,1
2068,2166,2117,-98,4234,1,1
1986,2299,2142,-313,4285,1,1
1978,2164,2071,-186,4142,1,1
2066,2100,2083,-34,4166,1,1
2188,2511,2349,-323,4699,1,1
2016,2156,2086,-140,4172,1,1
2260,2447,2353,-187,4707,1,1
2303,2390,2346,-87,4693,1,1
2061,2174,2117,-113,4235,1,1
2221,2392,2306,-171,4613,1,1
1999,2233,2116,-234,4232,1,1
2135,2434,2284,-299,4569,1,1
2217,2293,2255,-76,4510,1,1
2187,2343,2265,-156,4530,1,1
1938,2120,2029,-182,4058,1,1
2148,2493,2320,-345,4641,1,1
2066,2208,2137,-142,4274,1,1
2005,2091,2048,-86,4096,1,1
2134,2177,2155,-43,4311,1,1
1822,2243,2032,-421,4065,1,1
2113,2509,2311,-396,4622,1,1
2140,2144,2142,-4,4284,1,1
2113,2379,2246,-266,4492,1,1
1983,2146,2064,-163,4129,1,1
1672,2329,2000,-657,4001,1,1
2295,2307,2301,-12,4602,1,1
2172,2306,2239,-134,4478,1,1
2134,2328,2231,-194,4462,1,1
2318,2352,2335,-34,4670,1,1
2268,2416,2342,-148,4684,1,1
2213,2282,2247,-69,4495,1,1
2133,2553,2343,-420,4686,1,1
2095,2368,2231,-273,4463,1,1
2081,2270,2175,-189,4351,1,1
2229,2281,2255,-52,4510,1,1
1937,2291,2114,-354,4228,1,1
2107,2216,2161,-109,4323,1,1
2062,2148,2105,-86,4210,1,1
2110,2298,2204,-188,4408,1,1
2193,2370,2281,-177,4563,1,1
1950,2162,2056,-212,4112,1,1
2053,2253,2153,-200,4306,1,1
1791,2280,2035,-489,4071,1,1
2109,2332,2220,-223,4441,1,1
2321,2321,2321,0,4642,1,1
2325,2333,2329,-8,4658,1,1
2181,2487,2334,-306,4668,1,1
2203,2372,2287,-169,4575,1,1
2024,2239,2131,-215,4263,1,1
2005,2593,2299,-588,4598,1,1
1956,2130,2043,-174,4086,1,1
2214,2509,2361,-295,4723,1,1
1996,2312,2154,-316,4308,1,1
2214,2333,2273,-119,4547,1,1
2100,2230,2165,-130,4330,1,1
2190,2227,2208,-37,4417,1,1
2165,2258,2211,-93,4423,1,1
2113,2300,2206,-187,4413,1,1
2009,2377,2193,-368,4386,1,1
2056,2285,2170,-229,4341,1,1
2087,2426,2256,-339,4513,1,1
2254,2494,2374,-240,4748,1,1
2037,2190,2113,-153,4227,1,1
1879,2211,2045,-332,4090,1,1
1917,2133,2025,-216,4050,1,1
2273,2432,2352,-159,4705,1,1
2210,2211,2210,-1,4421,1,1
2123,2272,2197,-149,4395,1,1
2273,2350,2311,-77,4623,1,1
2155,2344,2249,-189,4499,1,1
2118,2283,2200,-165,4401,1,1
2130,2508,2319,-378,4638,1,1
1965,2133,2049,-168,4098,1,1
2228,2315,2271,-87,4543,1,1
2132,2186,2159,-54,4318,1,1
2193,2442,2317,-249,4635,1,1
2054,2242,2148,-188,4296,1,1
1882,2158,2020,-276,4040,1,1
1948,2316,2132,-368,4264,1,1
2151,2579,2365,-428,4730,1,1
2200,2550,2375,-350,4750,1,1
2014,2472,2243,-458,4486,1,1
2321,2351,2336,-30,4672,1,1
1986,2400,2193,-414,4386,1,1
1950,2118,2034,-168,4068,1,1
1986,2172,2079,-186,4158,1,1
2230,2320,2275,-90,4550,1,1
1935,2280,2107,-345,4215,1,1
2134,2509,2321,-375,4643,1,1
2193,2299,2246,-106,4492,1,1
2277,2423,2350,-146,4700,1,1
1717,2423,2070,-706,4140,1,1
1996,2125,2060,-129,4121,1,1
2181,2376,2278,-195,4557,1,1
2163,2579,2371,-416,4742,1,1
2287,2354,2320,-67,4641,1,1
2102,2158,2130,-56,4260,1,1
1975,2163,2069,-188,4138,1,1
2000,2329,2164,-329,4329,1,1
2023,2098,2060,-75,4121,1,1
2094,2274,2184,-180,4368,1,1
2089,2222,2155,-133,4311,1,1
2115,2517,2316,-402,4632,1,1
2138,2567,2352,-429,4705,1,1
1962,2153,2057,-191,4115,1,1
2222,2397,2309,-175,4619,1,1
2222,2293,2257,-71,4515,1,1
2116,2443,2279,-327,4559,1,1
2005,2503,2254,-498,4508,1,1
1941,2517,2229,-576,4458,1,1
1861,2281,2071,-420,4142,1,1
1967,2190,2078,-223,4157,1,1
1793,2224,2008,-431,4017,1,1
1981,2163,2072,-182,4144,1,1
2095,2308,2201,-213,4403,1,1
1814,2270,2042,-456,4084,1,1
1896,2229,2062,-333,4125,1,1
2031,2079,2055,-48,4110,1,1
2016,2118,2067,-102,4134,1,1
2166,2174,2170,-8,4340,1,1
2241,2403,2322,-162,4644,1,1
2082,2281,2181,-199,4363,1,1
2240,2315,2277,-75,4555,1,1
2106,2298,2202,-192,4404,1,1
2229,2330,2279,-101,4559,1,1
1937,2167,2052,-230,4104,1,1
1993,2495,2244,-502,4488,1,1
2075,2400,2237,-325,4475,1,1
1970,2428,2199,-458,4398,1,1
1967,2161,2064,-194,4128,1,1
2072,2336,2204,-264,4408,1,1
2057,2260,2158,-203,4317,1,1
1974,2106,2040,-132,4080,1,1
2064,2346,2205,-282,4410,1,1
1964,2213,2088,-249,4177,1,1
2223,2255,2239,-32,4478,1,1
2002,2112,2057,-110,4114,1,1
2063,2449,2256,-386,4512,1,1
2235,2308,2271,-73,4543,1,1
2124,2186,2155,-62,4310,1,1
2182,2483,2332,-301,4665,1,1
2065,2347,2206,-282,4412,1,1
2106,2216,2161,-110,4322,1,1
2007,2206,2106,-199,4213,1,1
1919,2391,2155,-472,4310,1,1
2152,2220,2186,-68,4372,1,1
2253,2298,2275,-45,4551,1,1
1622,2425,2023,-803,4047,1,1
2197,2232,2214,-35,4429,1,1
2027,2226,2126,-199,4253,1,1
2280,2318,2299,-38,4598,1,1
1789,2392,2090,-603,4181,1,1
1604,2540,2072,-936,4144,1,1
1811,2221,2016,-410,4032,1,1
2317,2316,2316,1,4633,1,1
2040,2243,2141,-203,4283,1,1
2227,2477,2352,-250,4704,1,1
1747,2561,2154,-814,4308,1,1
1921,2172,2046,-251,4093,1,1
2133,2589,2361,-456,4722,1,1
2014,2256,2135,-242,4270,1,1
2005,2280,2142,-275,4285,1,1
1912,2363,2137,-451,4275,1,1
2253,2443,2348,-190,4696,1,1
2102,2201,2151,-99,4303,1,1
2006,2204,2105,-198,4210,1,1
2015,2337,2176,-322,4352,1,1
2047,2477,2262,-430,4524,1,1
2204,2283,2243,-79,4487,1,1
2111,2312,2211,-201,4423,1,1
2093,2367,2230,-274,4460,1,1
2200,2480,2340,-280,4680,1,1
2066,2263,2164,-197,4329,1,1
2036,2283,2159,-247,4319,1,1
1953,2178,2065,-225,4131,1,1
2084,2485,2284,-401,4569,1,1
2243,2300,2271,-57,4543,1,1
1973,2177,2075,-204,4150,1,1
2017,2237,2127,-220,4254,1,1
2200,2562,2381,-362,4762,1,1
2258,2391,2324,-133,4649,1,1
2111,2161,2136,-50,4272,1,1
1906,2476,2191,-570,4382,1,1
1982,2092,2037,-110,4074,1,1
2214,2258,2236,-44,4472,1,1
2211,2528,2369,-317,4739,1,1
2182,2308,2245,-126,4490,1,1
2267,2369,2318,-102,4636,1,1
2192,2560,2376,-368,4752,1,1
2099,2233,2166,-134,4332,1,1
1984,2297,2140,-313,4281,1,1
1937,2118,2027,-181,4055,1,1
2185,2229,2207,-44,4414,1,1
2099,2283,2191,-184,4382,1,1
2187,2384,2285,-197,4571,1,1
2203,2261,2232,-58,4464,1,1
2145,2163,2154,-18,4308,1,1
2037,2213,2125,-176,4250,1,1
2070,2249,2159,-179,4319,1,1
2249,2443,2346,-194,4692,1,1
2036,2281,2158,-245,4317,1,1
1968,2117,2042,-149,4085,1,1
2270,2436,2353,-166,4706,1,1
2260,2417,2338,-157,4677,1,1
1994,2088,2041,-94,4082,1,1
2052,2125,2088,-73,4177,1,1
2179,2403,2291,-224,4582,1,1
2177,2373,2275,-196,4550,1,1
1885,2194,2039,-309,4079,1,1
2139,2510,2324,-371,4649,1,1
2059,2324,2191,-265,4383,1,1
2130,2301,2215,-171,4431,1,1
1885,2187,2036,-302,4072,1,1
2079,2389,2234,-310,4468,1,1
2210,2266,2238,-56,4476,1,1
2056,2355,2205,-299,4411,1,1
2255,2472,2363,-217,4727,1,1
2159,2322,2240,-163,4481,1,1
2147,2601,2374,-454,4748,1,1
2158,2529,2343,-371,4687,1,1
2040,2623,2331,-583,4663,1,1
2253,2350,2301,-97,4603,1,1
2180,2382,2281,-202,4562,1,1
1978,2503,2240,-525,4481,1,1
2118,2587,2352,-469,4705,1,1
2226,2392,2309,-166,4618,1,1
1787,2310,2048,-523,4097,1,1
2172,2308,2240,-136,4480,1,1
2118,2230,2174,-112,4348,1,1
2220,2240,2230,-20,4460,1,1
2059,2266,2162,-207,4325,1,1
1978,2107,2042,-129,4085,1,1
2237,2463,2350,-226,4700,1,1
2059,2287,2173,-228,4346,1,1
2092,2366,2229,-274,4458,1,1
2212,2403,2307,-191,4615,1,1
1699,2365,2032,-666,4064,1,1
2092,2137,2114,-45,4229,1,1
2019,2074,2046,-55,4093,1,1
1870,2158,2014,-288,4028,1,1
2035,2209,2122,-174,4244,1,1
2008,2248,2128,-240,4256,1,1
2040,2183,2111,-143,4223,1,1
2029,2105,2067,-76,4134,1,1
2205,2412,2308,-207,4617,1,1
2210,2396,2303,-186,4606,1,1
2093,2300,2196,-207,4393,1,1
2226,2233,2229,-7,4459,1,1
1993,2291,2142,-298,4284,1,1
2069,2195,2132,-126,4264,1,1
1951,2224,2087,-273,4175,1,1
2249,2377,2313,-128,4626,1,1
2071,2242,2156,-171,4313,1,1
2037,2172,2104,-135,4209,1,1
1961,2107,2034,-146,4068,1,1
2117,2226,2171,-109,4343,1,1
2246,2312,2279,-66,4558,1,1
2298,2319,2308,-21,4617,1,1
2139,2263,2201,-124,4402,1,1
1926,2278,2102,-352,4204,1,1
2233,2248,2240,-15,4481,1,1
2298,2320,2309,-22,4618,1,1
2099,2370,2234,-271,4469,1,1
2020,2141,2080,-121,4161,1,1
2203,2480,2341,-277,4683,1,1
1949,2334,2141,-385,4283,1,1
2250,2329,2289,-79,4579,1,1
2188,2439,2313,-251,4627,1,1
1886,2205,2045,-319,4091,1,1
1857,2398,2127,-541,4255,1,1
2196,2385,2290,-189,4581,1,1
2144,2553,2348,-409,4697,1,1
2153,2557,2355,-404,4710,1,1
1982,2263,2122,-281,4245,1,1
2206,2311,2258,-105,4517,1,1
2019,2271,2145,-252,4290,1,1
2080,2484,2282,-404,4564,1,1
2093,2401,2247,-308,4494,1,1
2148,2473,2310,-325,4621,1,1
2135,2475,2305,-340,4610,1,1
2069,2211,2140,-142,4280,1,1
2186,2237,2211,-51,4423,1,1
2045,2076,2060,-31,4121,1,1
2114,2186,2150,-72,4300,1,1
2269,2369,2319,-100,4638,1,1
2037,2163,2100,-126,4200,1,1
2059,2274,2166,-215,4333,1,1
1939,2209,2074,-270,4148,1,1
2036,2160,2098,-124,4196,1,1
1959,2107,2033,-148,4066,1,1
2083,2158,2120,-75,4241,1,1
2196,2296,2246,-100,4492,1,1
1999,2227,2113,-228,4226,1,1
2132,2453,2292,-321,4585,1,1
2192,2277,2234,-85,4469,1,1
2084,2195,2139,-111,4279,1,1
1913,2479,2196,-566,4392,1,1
2247,2443,2345,-196,4690,1,1
2112,2393,2252,-281,4505,1,1
2105,2386,2245,-281,4491,1,1
2053,2204,2128,-151,4257,1,1
2103,2219,2161,-116,4322,1,1
2029,2403,2216,-374,4432,1,1
1973,2151,2062,-178,4124,1,1
2113,2254,2183,-141,4367,1,1
2242,2277,2259,-35,4519,1,1
2160,2186,2173,-26,4346,1,1
2261,2323,2292,-62,4584,1,1
2200,2397,2298,-197,4597,1,1
2198,2264,2231,-66,4462,1,1
2108,2231,2169,-123,4339,1,1
2162,2670,2416,-508,4832,1,1
1963,2137,2050,-174,4100,1,1
2279,2409,2344,-130,4688,1,1
1977,2370,2173,-393,4347,1,1
2191,2421,2306,-230,4612,1,1
2086,2236,2161,-150,4322,1,1
2259,2320,2289,-61,4579,1,1
2200,2501,2350,-301,4701,1,1
2239,2235,2237,4,4474,1,1
2210,2353,2281,-143,4563,1,1
1977,2123,2050,-146,4100,1,1
1848,2290,2069,-442,4138,1,1
2288,2313,2300,-25,4601,1,1
2215,2441,2328,-226,4656,1,1
2024,2218,2121,-194,4242,1,1
2180,2195,2187,-15,4375,1,1
1778,2226,2002,-448,4004,1,1
2090,2460,2275,-370,4550,1,1
1957,2119,2038,-162,4076,1,1
2052,2364,2208,-312,4416,1,1
2169,2288,2228,-119,4457,1,1
2112,2507,2309,-395,4619,1,1
2105,2249,2177,-144,4354,1,1
2258,2440,2349,-182,4698,1,1
2249,2412,2330,-163,4661,1,1
2112,2445,2278,-333,4557,1,1
2094,2168,2131,-74,4262,1,1
2104,2335,2219,-231,4439,1,1
2069,2350,2209,-281,4419,1,1
1999,2365,2182,-366,4364,1,1
1950,2273,2111,-323,4223,1,1
2130,2320,2225,-190,4450,1,1
2236,2390,2313,-154,4626,1,1
2275,2402,2338,-127,4677,1,1
2150,2358,2254,-208,4508,1,1
2224,2334,2279,-110,4558,1,1
1912,2227,2069,-315,4139,1,1
2207,2330,2268,-123,4537,1,1
2287,2373,2330,-86,4660,1,1
1785,2243,2014,-458,4028,1,1
2007,2356,2181,-349,4363,1,1
2249,2489,2369,-240,4738,1,1
2131,2162,2146,-31,4293,1,1
2276,2399,2337,-123,4675,1,1
2120,2335,2227,-215,4455,1,1
1910,2412,2161,-502,4322,1,1
2056,2154,2105,-98,4210,1,1
1951,2179,2065,-228,4130,1,1
2253,2482,2367,-229,4735,1,1
2054,2532,2293,-478,4586,1,1
2071,2158,2114,-87,4229,1,1
2086,2280,2183,-194,4366,1,1
2231,2309,2270,-78,4540,1,1
2146,2512,2329,-366,4658,1,1
1940,2453,2196,-513,4393,1,1
2014,2125,2069,-111,4139,1,1
1948,2123,2035,-175,4071,1,1
2060,2242,2151,-182,4302,1,1
2137,2292,2214,-155,4429,1,1
2026,2132,2079,-106,4158,1,1
1908,2166,2037,-258,4074,1,1
2103,2474,2288,-371,4577,1,1
1873,2376,2124,-503,4249,1,1
2253,2322,2287,-69,4575,1,1
2250,2493,2371,-243,4743,1,1
1772,2649,2210,-877,4421,1,1
2293,2400,2346,-107,4693,1,1
2247,2450,2348,-203,4697,1,1
1917,2385,2151,-468,4302,1,1
2106,2404,2255,-298,4510,1,1
2227,2411,2319,-184,4638,1,1
2047,2094,2070,-47,4141,1,1
1987,2438,2212,-451,4425,1,1
2178,2386,2282,-208,4564,1,1
2150,2381,2265,-231,4531,1,1
2283,2430,2356,-147,4713,1,1
2164,2303,2233,-139,4467,1,1
2018,2341,2179,-323,4359,1,1
1913,2142,2027,-229,4055,1,1
2037,2164,2100,-127,4201,1,1
2278,2325,2301,-47,4603,1,1
1893,2453,2173,-560,4346,1,1
2104,2332,2218,-228,4436,1,1
2174,2235,2204,-61,4409,1,1
1716,2306,2011,-590,4022,1,1
1907,2327,2117,-420,4234,1,1
1993,2268,2130,-275,4261,1,1
2166,2229,2197,-63,4395,1,1
2213,2480,2346,-267,4693,1,1
2085,2392,2238,-307,4477,1,1
2197,2396,2296,-199,4593,1,1
2154,2440,2297,-286,4594,1,1
2020,2257,2138,-237,4277,1,1
2040,2118,2079,-78,4158,1,1
2267,2440,2353,-173,4707,1,1
2259,2410,2334,-151,4669,1,1
2056,2420,2238,-364,4476,1,1
2018,2301,2159,-283,4319,1,1
2023,2337,2180,-314,4360,1,1
2307,2303,2305,4,4610,1,1
2116,2292,2204,-176,4408,1,1
2187,2276,2231,-89,4463,1,1
2029,2267,2148,-238,4296,1,1
2137,2291,2214,-154,4428,1,1
2180,2475,2327,-295,4655,1,1
2178,2464,2321,-286,4642,1,1
2020,2287,2153,-267,4307,1,1
2125,2318,2221,-193,4443,1,1
1993,2129,2061,-136,4122,1,1
1949,2355,2152,-406,4304,1,1
2061,2130,2095,-69,4191,1,1
2070,2134,2102,-64,4204,1,1
1992,2455,2223,-463,4447,1,1
2051,2183,2117,-132,4234,1,1
2083,2308,2195,-225,4391,1,1
2132,2252,2192,-120,4384,1,1
2206,2356,2281,-150,4562,1,1
1956,2213,2084,-257,4169,1,1
2049,2336,2192,-287,4385,1,1
2291,2286,2288,5,4577,1,1
2300,2362,2331,-62,4662,1,1
2026,2353,2189,-327,4379,1,1
2101,2287,2194,-186,4388,1,1
2257,2281,2269,-24,4538,1,1
2143,2217,2180,-74,4360,1,1
1978,2254,2116,-276,4232,1,1
2039,2197,2118,-158,4236,1,1
2243,2441,2342,-198,4684,1,1
2152,2306,2229,-154,4458,1,1
1942,2214,2078,-272,4156,1,1
2223,2450,2336,-227,4673,1,1
2046,2408,2227,-362,4454,1,1
2258,2472,2365,-214,4730,1,1
2177,2188,2182,-11,4365,1,1
2048,2526,2287,-478,4574,1,1
1960,2350,2155,-390,4310,1,1
2081,2171,2126,-90,4252,1,1
2004,2310,2157,-306,4314,1,1
2221,2449,2335,-228,4670,1,1
2244,2401,2322,-157,4645,1,1
2030,2370,2200,-340,4400,1,1
1919,2175,2047,-256,4094,1,1
2205,2329,2267,-124,4534,1,1
2218,2252,2235,-34,4470,1,1
2099,2460,2279,-361,4559,1,1
2043,2067,2055,-24,4110,1,1
2073,2296,2184,-223,4369,1,1
2210,2451,2330,-241,4661,1,1
2242,2488,2365,-246,4730,1,1
2177,2325,2251,-148,4502,1,1
2126,2200,2163,-74,4326,1,1
2082,2218,2150,-136,4300,1,1
2062,2281,2171,-219,4343,1,1
2205,2415,2310,-210,4620,1,1
2174,2292,2233,-118,4466,1,1
2156,2545,2350,-389,4701,1,1
2146,2208,2177,-62,4354,1,1
2140,2326,2233,-186,4466,1,1
2145,2215,2180,-70,4360,1,1
2121,2256,2188,-135,4377,1,1
1899,2508,2203,-609,4407,1,1
2223,2293,2258,-70,4516,1,1
2270,2301,2285,-31,4571,1,1
2071,2090,2080,-19,4161,1,1
2159,2374,2266,-215,4533,1,1
2264,2346,2305,-82,4610,1,1
2011,2228,2119,-217,4239,1,1
2122,2506,2314,-384,4628,1,1
1948,2187,2067,-239,4135,1,1
2133,2304,2218,-171,4437,1,1
1996,2615,2305,-619,4611,1,1
2037,2170,2103,-133,4207,1,1
2213,2325,2269,-112,4538,1,1
2242,2406,2324,-164,4648,1,1
2198,2437,2317,-239,4635,1,1
2071,2438,2254,-367,4509,1,1
2196,2263,2229,-67,4459,1,1
2256,2469,2362,-213,4725,1,1
2279,2410,2344,-131,4689,1,1
2215,2343,2279,-128,4558,1,1
2211,2365,2288,-154,4576,1,1
1992,2196,2094,-204,4188,1,1
2286,2337,2311,-51,4623,1,1
2240,2325,2282,-85,4565,1,1
2208,2305,2256,-97,4513,1,1
1945,2117,2031,-172,4062,1,1
2209,2501,2355,-292,4710,1,1
2288,2335,2311,-47,4623,1,1
2018,2165,2091,-147,4183,1,1
2084,2211,2147,-127,4295,1,1
2080,2210,2145,-130,4290,1,1
2141,2312,2226,-171,4453,1,1
2122,2479,2300,-357,4601,1,1
2109,2431,2270,-322,4540,1,1
2178,2188,2183,-10,4366,1,1
2047,2234,2140,-187,4281,1,1
2260,2399,2329,-139,4659,1,1
2241,2255,2248,-14,4496,1,1
1999,2274,2136,-275,4273,1,1
2131,2359,2245,-228,4490,1,1
2086,2302,2194,-216,4388,1,1
1987,2433,2210,-446,4420,1,1
2007,2323,2165,-316,4330,1,1
2199,2437,2318,-238,4636,1,1
2235,2437,2336,-202,4672,1,1
2182,2491,2336,-309,4673,1,1
2217,2439,2328,-222,4656,1,1
2285,2414,2349,-129,4699,1,1
1938,2291,2114,-353,4229,1,1
1958,2499,2228,-541,4457,1,1
1982,2227,2104,-245,4209,1,1
2097,2222,2159,-125,4319,1,1
1958,2103,2030,-145,4061,1,1
2110,2300,2205,-190,4410,1,1
2194,2579,2386,-385,4773,1,1
2114,2268,2191,-154,4382,1,1
2119,2457,2288,-338,4576,1,1
2004,2437,2220,-433,4441,1,1
2205,2573,2389,-368,4778,1,1
2100,2412,2256,-312,4512,1,1
1971,2384,2177,-413,4355,1,1
1986,2182,2084,-196,4168,1,1
2062,2104,2083,-42,4166,1,1
1796,2308,2052,-512,4104,1,1
2044,2167,2105,-123,4211,1,1
1948,2240,2094,-292,4188,1,1
2251,2490,2370,-239,4741,1,1
2081,2181,2131,-100,4262,1,1
2270,2311,2290,-41,4581,1,1
2230,2258,2244,-28,4488,1,1
2135,2261,2198,-126,4396,1,1
2088,2170,2129,-82,4258,1,1
2092,2340,2216,-248,4432,1,1
2237,2240,2238,-3,4477,1,1
2226,2404,2315,-178,4630,1,1
2131,2521,2326,-390,4652,1,1
2050,2291,2170,-241,4341,1,1
2224,2394,2309,-170,4618,1,1
2196,2299,2247,-103,4495,1,1
2260,2304,2282,-44,4564,1,1
2165,2470,2317,-305,4635,1,1
2202,2296,2249,-94,4498,1,1
2029,2229,2129,-200,4258,1,1
2211,2377,2294,-166,4588,1,1
2108,2344,2226,-236,4452,1,1
1975,2170,2072,-195,4145,1,1
2046,2292,2169,-246,4338,1,1
1927,2250,2088,-323,4177,1,1
1978,2326,2152,-348,4304,1,1
2220,2328,2274,-108,4548,1,1
2224,2305,2264,-81,4529,1,1
2032,2474,2253,-442,4506,1,1
2059,2209,2134,-150,4268,1,1
1966,2361,2163,-395,4327,1,1
2235,2353,2294,-118,4588,1,1
2126,2359,2242,-233,4485,1,1
1934,2180,2057,-246,4114,1,1
2280,2390,2335,-110,4670,1,1
1952,2210,2081,-258,4162,1,1
2195,2586,2390,-391,4781,1,1
2145,2216,2180,-71,4361,1,1
1951,2182,2066,-231,4133,1,1
1982,2148,2065,-166,4130,1,1
1995,2161,2078,-166,4156,1,1
2221,2557,2389,-336,4778,1,1
2165,2489,2327,-324,4654,1,1
2291,2412,2351,-121,4703,1,1
2125,2475,2300,-350,4600,1,1
2171,2362,2266,-191,4533,1,1
2179,2484,2331,-305,4663,1,1
2034,2246,2140,-212,4280,1,1
2120,2245,2182,-125,4365,1,1
1923,2408,2165,-485,4331,1,1
1847,2300,2073,-453,4147,1,1
1949,2182,2065,-233,4131,1,1
2048,2271,2159,-223,4319,1,1
2079,2354,2216,-275,4433,1,1
2051,2488,2269,-437,4539,1,1
2052,2319,2185,-267,4371,1,1
1929,2254,2091,-325,4183,1,1
2209,2458,2333,-249,4667,1,1
2108,2315,2211,-207,4423,1,1
2197,2268,2232,-71,4465,1,1
2036,2177,2106,-141,4213,1,1
1979,2238,2108,-259,4217,1,1
2151,2252,2201,-101,4403,1,1
1810,2242,2026,-432,4052,1,1
2209,2337,2273,-128,4546,1,1
2125,2460,2292,-335,4585,1,1
2271,2386,2328,-115,4657,1,1
2180,2539,2359,-359,4719,1,1
2195,2261,2228,-66,4456,1,1
1977,2140,2058,-163,4117,1,1
2092,2193,2142,-101,4285,1,1
2168,2221,2194,-53,4389,1,1
2182,2291,2236,-109,4473,1,1
2216,2412,2314,-196,4628,1,1
2027,2162,2094,-135,4189,1,1
1963,2139,2051,-176,4102,1,1
2091,2262,2176,-171,4353,1,1
2289,2290,2289,-1,4579,1,1
2026,2138,2082,-112,4164,1,1
1943,2449,2196,-506,4392,1,1
2176,2273,2224,-97,4449,1,1
2060,2195,2127,-135,4255,1,1
2184,2328,2256,-144,4512,1,1
1723,2348,2035,-625,4071,1,1
1965,2120,2042,-155,4085,1,1
2124,2277,2200,-153,4401,1,1
2163,2309,2236,-146,4472,1,1
2171,2225,2198,-54,4396,1,1
2303,2376,2339,-73,4679,1,1
1981,2187,2084,-206,4168,1,1
1855,2379,2117,-524,4234,1,1
1862,2236,2049,-374,4098,1,1
2030,2225,2127,-195,4255,1,1
1976,2163,2069,-187,4139,1,1
2205,2401,2303,-196,4606,1,1
2056,2200,2128,-144,4256,1,1
2117,2316,2216,-199,4433,1,1
2142,2245,2193,-103,4387,1,1
1965,2170,2067,-205,4135,1,1
2109,2174,2141,-65,4283,1,1
2197,2337,2267,-140,4534,1,1
2033,2711,2372,-678,4744,1,1
2077,2101,2089,-24,4178,1,1
2187,2206,2196,-19,4393,1,1
1905,2292,2098,-387,4197,1,1
1684,2523,2103,-839,4207,1,1
2264,2425,2344,-161,4689,1,1
2237,2263,2250,-26,4500,1,1
1998,2093,2045,-95,4091,1,1
2195,2204,2199,-9,4399,1,1
2194,2327,2260,-133,4521,1,1
1934,2238,2086,-304,4172,1,1
2239,2398,2318,-159,4637,1,1
2073,2234,2153,-161,4307,1,1
1920,2513,2216,-593,4433,1,1
2139,2217,2178,-78,4356,1,1
1910,2134,2022,-224,4044,1,1
2261,2256,2258,5,4517,1,1
2129,2275,2202,-146,4404,1,1
2107,2300,2203,-193,4407,1,1
2230,2375,2302,-145,4605,1,1
2094,2346,2220,-252,4440,1,1
2171,2364,2267,-193,4535,1,1
2178,2366,2272,-188,4544,1,1
2224,2456,2340,-232,4680,1,1
2257,2367,2312,-110,4624,1,1
2255,2451,2353,-196,4706,1,1
2056,2284,2170,-228,4340,1,1
2064,2202,2133,-138,4266,1,1
2130,2184,2157,-54,4314,1,1
2063,2522,2292,-459,4585,1,1
2102,2181,2141,-79,4283,1,1
2222,2402,2312,-180,4624,1,1
2205,2275,2240,-70,4480,1,1
2235,2390,2312,-155,4625,1,1
2233,2295,2264,-62,4528,1,1
2202,2359,2280,-157,4561,1,1
2203,2534,2368,-331,4737,1,1
2223,2246,2234,-23,4469,1,1
1996,2166,2081,-170,4162,1,1
2089,2262,2175,-173,4351,1,1
1942,2271,2106,-329,4213,1,1
2094,2369,2231,-275,4463,1,1
1607,2367,1987,-760,3974,1,1
1819,2509,2164,-690,4328,1,1
2308,2352,2330,-44,4660,1,1
2235,2275,2255,-40,4510,1,1
2131,2610,2370,-479,4741,1,1
2308,2349,2328,-41,4657,1,1
2034,2158,2096,-124,4192,1,1
2054,2206,2130,-152,4260,1,1
2005,2232,2118,-227,4237,1,1
1992,2120,2056,-128,4112,1,1
1899,2461,2180,-562,4360,1,1
1908,2483,2195,-575,4391,1,1
2073,2376,2224,-303,4449,1,1
2086,2571,2328,-485,4657,1,1
2108,2383,2245,-275,4491,1,1
2148,2300,2224,-152,4448,1,1
2141,2284,2212,-143,4425,1,1
2007,2271,2139,-264,4278,1,1
2056,2521,2288,-465,4577,1,1
2133,2318,2225,-185,4451,1,1
1941,2131,2036,-190,4072,1,1
2074,2277,2175,-203,4351,1,1
2047,2316,2181,-269,4363,1,1
2135,2295,2215,-160,4430,1,1
2223,2439,2331,-216,4662,1,1
2339,2322,2330,17,4661,1,1
2034,2061,2047,-27,4095,1,1
2287,2411,2349,-124,4698,1,1
1910,2150,2030,-240,4060,1,1
2176,2435,2305,-259,4611,1,1
1976,2201,2088,-225,4177,1,1
2074,2489,2281,-415,4563,1,1
1880,2427,2153,-547,4307,1,1
1944,2143,2043,-199,4087,1,1
2216,2414,2315,-198,4630,1,1
2250,2392,2321,-142,4642,1,1
1772,2375,2073,-603,4147,1,1
2169,2387,2278,-218,4556,1,1
2236,2236,2236,0,4472,1,1
2231,2373,2302,-142,4604,1,1
2300,2293,2296,7,4593,1,1
2153,2255,2204,-102,4408,1,1
2095,2175,2135,-80,4270,1,1
2063,2234,2148,-171,4297,1,1
2186,2447,2316,-261,4633,1,1
1990,2208,2099,-218,4198,1,1
2117,2235,2176,-118,4352,1,1
2255,2436,2345,-181,4691,1,1
1942,2254,2098,-312,4196,1,1
2026,2224,2125,-198,4250,1,1
2004,2309,2156,-305,4313,1,1
2159,2210,2184,-51,4369,1,1
2064,2442,2253,-378,4506,1,1
1655,2289,1972,-634,3944,1,1
2000,2151,2075,-151,4151,1,1
2277,2397,2337,-120,4674,1,1
2189,2350,2269,-161,4539,1,1
2037,2290,2163,-253,4327,1,1
2051,2171,2111,-120,4222,1,1
1808,2265,2036,-457,4073,1,1
2181,2326,2253,-145,4507,1,1
2067,2487,2277,-420,4554,1,1
2197,2287,2242,-90,4484,1,1
1994,2298,2146,-304,4292,1,1
2186,2600,2393,-414,4786,1,1
2203,2258,2230,-55,4461,1,1
2053,2281,2167,-228,4334,1,1
2196,2511,2353,-315,4707,1,1
2012,2169,2090,-157,4181,1,1
2183,2347,2265,-164,4530,1,1
2110,2253,2181,-143,4363,1,1
2289,2278,2283,11,4567,1,1
2122,2265,2193,-143,4387,1,1
2011,2165,2088,-154,4176,1,1
2103,2208,2155,-105,4311,1,1
1962,2638,2300,-676,4600,1,1
2115,2441,2278,-326,4556,1,1
2002,2366,2184,-364,4368,1,1
2217,2557,2387,-340,4774,1,1
1899,2189,2044,-290,4088,1,1
2068,2596,2332,-528,4664,1,1
2066,2278,2172,-212,4344,1,1
1778,2455,2116,-677,4233,1,1
2224,2254,2239,-30,4478,1,1
2254,2410,2332,-156,4664,1,1
2056,2326,2191,-270,4382,1,1
2032,2287,2159,-255,4319,1,1
2080,2267,2173,-187,4347,1,1
2263,2404,2333,-141,4667,1,1
2132,2322,2227,-190,4454,1,1
2249,2272,2260,-23,4521,1,1
1892,2297,2094,-405,4189,1,1
2146,2390,2268,-244,4536,1,1
2164,2401,2282,-237,4565,1,1
2120,2258,2189,-138,4378,1,1
2158,2385,2271,-227,4543,1,1
1956,2230,2093,-274,4186,1,1
2124,2417,2270,-293,4541,1,1
1982,2182,2082,-200,4164,1,1
2108,2286,2197,-178,4394,1,1
2155,2441,2298,-286,4596,1,1
2298,2318,2308,-20,4616,1,1
2234,2500,2367,-266,4734,1,1
2273,2435,2354,-162,4708,1,1
2101,2117,2109,-16,4218,1,1
2122,2305,2213,-183,4427,1,1
1973,2184,2078,-211,4157,1,1
2113,2535,2324,-422,4648,1,1
1904,2315,2109,-411,4219,1,1
2171,2492,2331,-321,4663,1,1
1944,2188,2066,-244,4132,1,1
1978,2251,2114,-273,4229,1,1
2191,2275,2233,-84,4466,1,1
2123,2303,2213,-180,4426,1,1
2149,2202,2175,-53,4351,1,1
2190,2406,2298,-216,4596,1,1
2235,2368,2301,-133,4603,1,1
2207,2428,2317,-221,4635,1,1
1899,2527,2213,-628,4426,1,1
2036,2190,2113,-154,4226,1,1
1980,2155,2067,-175,4135,1,1
2153,2478,2315,-325,4631,1,1
1950,2218,2084,-268,4168,1,1
2086,2116,2101,-30,4202,1,1
2119,2229,2174,-110,4348,1,1
2094,2390,2242,-296,4484,1,1
2118,2299,2208,-181,4417,1,1
2125,2258,2191,-133,4383,1,1
1954,2157,2055,-203,4111,1,1
2149,2344,2246,-195,4493,1,1
2212,2489,2350,-277,4701,1,1
2241,2367,2304,-126,4608,1,1
2155,2438,2296,-283,4593,1,1
2045,2208,2126,-163,4253,1,1
2216,2252,2234,-36,4468,1,1
2193,2396,2294,-203,4589,1,1
1913,2252,2082,-339,4165,1,1
2215,2470,2342,-255,4685,1,1
2133,2343,2238,-210,4476,1,1
2222,2270,2246,-48,4492,1,1
2271,2348,2309,-77,4619,1,1
2229,2320,2274,-91,4549,1,1
2256,2429,2342,-173,4685,1,1
2199,2518,2358,-319,4717,1,1
2100,2211,2155,-111,4311,1,1
2246,2401,2323,-155,4647,1,1
1861,2171,2016,-310,4032,1,1
1981,2458,2219,-477,4439,1,1
1863,2362,2112,-499,4225,1,1
2032,2474,2253,-442,4506,1,1
2159,2422,2290,-263,4581,1,1
2073,2389,2231,-316,4462,1,1
2064,2253,2158,-189,4317,1,1
2029,2385,2207,-356,4414,1,1
1892,2335,2113,-443,4227,1,1
2168,2249,2208,-81,4417,1,1
2281,2423,2352,-142,4704,1,1
2253,2274,2263,-21,4527,1,1
2121,2215,2168,-94,4336,1,1
2180,2219,2199,-39,4399,1,1
2006,2420,2213,-414,4426,1,1
2013,2128,2070,-115,4141,1,1
2112,2340,2226,-228,4452,1,1
2244,2268,2256,-24,4512,1,1
1783,2247,2015,-464,4030,1,1
2291,2409,2350,-118,4700,1,1
2161,2215,2188,-54,4376,1,1
1893,2297,2095,-404,4190,1,1
2207,2386,2296,-179,4593,1,1
2070,2319,2194,-249,4389,1,1
2232,2278,2255,-46,4510,1,1
2039,2056,2047,-17,4095,1,1
2098,2269,2183,-171,4367,1,1
2234,2237,2235,-3,4471,1,1
2045,2382,2213,-337,4427,1,1
1962,2131,2046,-169,4093,1,1
2107,2376,2241,-269,4483,1,1
1969,2369,2169,-400,4338,1,1
2247,2345,2296,-98,4592,1,1
2211,2350,2280,-139,4561,1,1
2270,2375,2322,-105,4645,1,1
2160,2308,2234,-148,4468,1,1
2036,2197,2116,-161,4233,1,1
2104,2220,2162,-116,4324,1,1
2002,2126,2064,-124,4128,1,1
2157,2271,2214,-114,4428,1,1
2215,2445,2330,-230,4660,1,1
2156,2266,2211,-110,4422,1,1
2126,2457,2291,-331,4583,1,1
2033,2132,2082,-99,4165,1,1
2229,2406,2317,-177,4635,1,1
2189,2447,2318,-258,4636,1,1
2230,2300,2265,-70,4530,1,1
2206,2495,2350,-289,4701,1,1
2250,2265,2257,-15,4515,1,1
2159,2342,2250,-183,4501,1,1
2211,2272,2241,-61,4483,1,1
2017,2459,2238,-442,4476,1,1
1849,2267,2058,-418,4116,1,1
2147,2350,2248,-203,4497,1,1
2099,2281,2190,-182,4380,1,1
2030,2293,2161,-263,4323,1,1
1953,2134,2043,-181,4087,1,1
2225,2274,2249,-49,4499,1,1
2172,2617,2394,-445,4789,1,1
1793,2522,2157,-729,4315,1,1
1987,2198,2092,-211,4185,1,1
2118,2351,2234,-233,4469,1,1
2240,2250,2245,-10,4490,1,1
2146,2195,2170,-49,4341,1,1
2274,2284,2279,-10,4558,1,1
2186,2335,2260,-149,4521,1,1
1842,2583,2212,-741,4425,1,1
2073,2226,2149,-153,4299,1,1
2065,2203,2134,-138,4268,1,1
1846,2244,2045,-398,4090,1,1
1917,2467,2192,-550,4384,1,1
2087,2377,2232,-290,4464,1,1
2073,2292,2182,-219,4365,1,1
2003,2138,2070,-135,4141,1,1
2227,2388,2307,-161,4615,1,1
1993,2390,2191,-397,4383,1,1
1961,2531,2246,-570,4492,1,1
2117,2201,2159,-84,4318,1,1
2258,2275,2266,-17,4533,1,1
2096,2403,2249,-307,4499,1,1
1995,2110,2052,-115,4105,1,1
2317,2365,2341,-48,4682,1,1
1948,2364,2156,-416,4312,1,1
2059,2235,2147,-176,4294,1,1
2081,2216,2148,-135,4297,1,1
2161,2250,2205,-89,4411,1,1
1926,2308,2117,-382,4234,1,1
2244,2404,2324,-160,4648,1,1
2089,2422,2255,-333,4511,1,1
2189,2451,2320,-262,4640,1,1
2071,2269,2170,-198,4340,1,1
1776,2234,2005,-458,4010,1,1
2206,2364,2285,-158,4570,1,1
2188,2399,2293,-211,4587,1,1
2060,2208,2134,-148,4268,1,1
2242,2280,2261,-38,4522,1,1
1986,2441,2213,-455,4427,1,1
2013,2305,2159,-292,4318,1,1
1957,2126,2041,-169,4083,1,1
1932,2452,2192,-520,4384,1,1
2276,2395,2335,-119,4671,1,1
2002,2232,2117,-230,4234,1,1
2082,2351,2216,-269,4433,1,1
2127,2377,2252,-250,4504,1,1
2201,2342,2271,-141,4543,1,1
2002,2205,2103,-203,4207,1,1
2151,2383,2267,-232,4534,1,1
1888,2267,2077,-379,4155,1,1
1825,2203,2014,-378,4028,1,1
2007,2146,2076,-139,4153,1,1
2061,2359,2210,-298,4420,1,1
1961,2162,2061,-201,4123,1,1
1849,2229,2039,-380,4078,1,1
2140,2351,2245,-211,4491,1,1
2257,2364,2310,-107,4621,1,1
2144,2153,2148,-9,4297,1,1
2206,2470,2338,-264,4676,1,1
2075,2457,2266,-382,4532,1,1
2205,2415,2310,-210,4620,1,1
2147,2198,2172,-51,4345,1,1
2124,2285,2204,-161,4409,1,1
1732,2374,2053,-642,4106,1,1
2182,2406,2294,-224,4588,1,1
2156,2267,2211,-111,4423,1,1
1934,2247,2090,-313,4181,1,1
2023,2217,2120,-194,4240,1,1
2040,2272,2156,-232,4312,1,1
2230,2303,2266,-73,4533,1,1
2135,2394,2264,-259,4529,1,1
2126,2225,2175,-99,4351,1,1
1967,2121,2044,-154,4088,1,1
1999,2222,2110,-223,4221,1,1
2313,2313,2313,0,4626,1,1
2146,2238,2192,-92,4384,1,1
2136,2272,2204,-136,4408,1,1
2030,2416,2223,-386,4446,1,1
2190,2465,2327,-275,4655,1,1
2262,2450,2356,-188,4712,1,1
2028,2635,2331,-607,4663,1,1
2024,2280,2152,-256,4304,1,1
2062,2476,2269,-414,4538,1,1
2135,2170,2152,-35,4305,1,1
2097,2190,2143,-93,4287,1,1
1962,2189,2075,-227,4151,1,1
2225,2280,2252,-55,4505,1,1
2055,2365,2210,-310,4420,1,1
1983,2176,2079,-193,4159,1,1
2227,2487,2357,-260,4714,1,1
2096,2504,2300,-408,4600,1,1
2209,2411,2310,-202,4620,1,1
2134,2243,2188,-109,4377,1,1
2058,2201,2129,-143,4259,1,1
2083,2197,2140,-114,4280,1,1
2049,2174,2111,-125,4223,1,1
2067,2266,2166,-199,4333,1,1
2147,2233,2190,-86,4380,1,1
1908,2267,2087,-359,4175,1,1
1944,2303,2123,-359,4247,1,1
2209,2308,2258,-99,4517,1,1
1869,2190,2029,-321,4059,1,1
2122,2405,2263,-283,4527,1,1
2010,2278,2144,-268,4288,1,1
2121,2192,2156,-71,4313,1,1
2193,2364,2278,-171,4557,1,1
2091,2489,2290,-398,4580,1,1
2058,2381,2219,-323,4439,1,1
2285,2422,2353,-137,4707,1,1
2215,2460,2337,-245,4675,1,1
2060,2487,2273,-427,4547,1,1
2000,2235,2117,-235,4235,1,1
2069,2319,2194,-250,4388,1,1
2023,2112,2067,-89,4135,1,1
2100,2498,2299,-398,4598,1,1
1935,2135,2035,-200,4070,1,1
2183,2318,2250,-135,4501,1,1
2191,2300,2245,-109,4491,1,1
2261,2370,2315,-109,4631,1,1
2261,2392,2326,-131,4653,1,1
2122,2265,2193,-143,4387,1,1
1961,2109,2035,-148,4070,1,1
2101,2373,2237,-272,4474,1,1
2064,2262,2163,-198,4326,1,1
2258,2329,2293,-71,4587,1,1
1910,2157,2033,-247,4067,1,1
2121,2218,2169,-97,4339,1,1
2216,2505,2360,-289,4721,1,1
2243,2386,2314,-143,4629,1,1
2008,2226,2117,-218,4234,1,1
2141,2198,2169,-57,4339,1,1
2226,2433,2329,-207,4659,1,1
2231,2352,2291,-121,4583,1,1
2187,2362,2274,-175,4549,1,1
2105,2313,2209,-208,4418,1,1
1899,2489,2194,-590,4388,1,1
2113,2198,2155,-85,4311,1,1
2295,2392,2343,-97,4687,1,1
1964,2324,2144,-360,4288,1,1
1891,2313,2102,-422,4204,1,1
2212,2350,2281,-138,4562,1,1
2173,2190,2181,-17,4363,1,1
1725,2361,2043,-636,4086,1,1
2255,2432,2343,-177,4687,1,1
2003,2165,2084,-162,4168,1,1
2025,2551,2288,-526,4576,1,1
2222,2406,2314,-184,4628,1,1
1938,2399,2168,-461,4337,1,1
2004,2251,2127,-247,4255,1,1
1977,2214,2095,-237,4191,1,1
2194,2294,2244,-100,4488,1,1
2188,2315,2251,-127,4503,1,1
2005,2137,2071,-132,4142,1,1
2121,2399,2260,-278,4520,1,1
2029,2148,2088,-119,4177,1,1
2043,2219,2131,-176,4262,1,1
1890,2145,2017,-255,4035,1,1
2139,2399,2269,-260,4538,1,1
2043,2092,2067,-49,4135,1,1
2105,2135,2120,-30,4240,1,1
2124,2507,2315,-383,4631,1,1
2109,2551,2330,-442,4660,1,1
2239,2505,2372,-266,4744,1,1
1971,2099,2035,-128,4070,1,1
2048,2272,2160,-224,4320,1,1
2049,2147,2098,-98,4196,1,1
2061,2341,2201,-280,4402,1,1
2267,2373,2320,-106,4640,1,1
2254,2389,2321,-135,4643,1,1
2010,2597,2303,-587,4607,1,1
2096,2116,2106,-20,4212,1,1
1990,2196,2093,-206,4186,1,1
2170,2321,2245,-151,4491,1,1
1743,2377,2060,-634,4120,1,1
1914,2139,2026,-225,4053,1,1
1948,2189,2068,-241,4137,1,1
2049,2298,2173,-249,4347,1,1
2231,2385,2308,-154,4616,1,1
2214,2443,2328,-229,4657,1,1
2206,2370,2288,-164,4576,1,1
2046,2517,2281,-471,4563,1,1
2117,2464,2290,-347,4581,1,1
2277,2410,2343,-133,4687,1,1
2190,2449,2319,-259,4639,1,1
2081,2478,2279,-397,4559,1,1
2073,2325,2199,-252,4398,1,1
2275,2268,2271,7,4543,1,1
2109,2148,2128,-39,4257,1,1
2075,2133,2104,-58,4208,1,1
2000,2206,2103,-206,4206,1,1
2183,2255,2219,-72,4438,1,1
2202,2309,2255,-107,4511,1,1
2200,2283,2241,-83,4483,1,1
1807,2287,2047,-480,4094,1,1
2222,2378,2300,-156,4600,1,1
2011,2101,2056,-90,4112,1,1
1870,2259,2064,-389,4129,1,1
2259,2261,2260,-2,4520,1,1
2076,2437,2256,-361,4513,1,1
2172,2405,2288,-233,4577,1,1
2122,2133,2127,-11,4255,1,1
1812,2413,2112,-601,4225,1,1
2136,2361,2248,-225,4497,1,1
2123,2200,2161,-77,4323,1,1
2184,2261,2222,-77,4445,1,1
1983,2244,2113,-261,4227,1,1
2078,2573,2325,-495,4651,1,1
2057,2227,2142,-170,4284,1,1
2133,2589,2361,-456,4722,1,1
1855,2258,2056,-403,4113,1,1
2154,2209,2181,-55,4363,1,1
2081,2505,2293,-424,4586,1,1
2076,2289,2182,-213,4365,1,1
1901,2171,2036,-270,4072,1,1
1982,2132,2057,-150,4114,1,1
2249,2379,2314,-130,4628,1,1
2152,2329,2240,-177,4481,1,1
2211,2305,2258,-94,4516,1,1
2171,2190,2180,-19,4361,1,1
1980,2148,2064,-168,4128,1,1
2009,2273,2141,-264,4282,1,1
2203,2265,2234,-62,4468,1,1
2219,2317,2268,-98,4536,1,1
2222,2531,2376,-309,4753,1,1
2224,2523,2373,-299,4747,1,1
2043,2363,2203,-320,4406,1,1
2177,2304,2240,-127,4481,1,1
2157,2666,2411,-509,4823,1,1
2002,2289,2145,-287,4291,1,1
2078,2157,2117,-79,4235,1,1
1988,2257,2122,-269,4245,1,1
2212,2325,2268,-113,4537,1,1
2082,2219,2150,-137,4301,1,1
2271,2343,2307,-72,4614,1,1
2167,2360,2263,-193,4527,1,1
1937,2342,2139,-405,4279,1,1
2247,2418,2332,-171,4665,1,1
1973,2099,2036,-126,4072,1,1
1986,2103,2044,-117,4089,1,1
2084,2243,2163,-159,4327,1,1
2181,2275,2228,-94,4456,1,1
2223,2291,2257,-68,4514,1,1
2118,2283,2200,-165,4401,1,1
2112,2288,2200,-176,4400,1,1
2284,2289,2286,-5,4573,1,1
2074,2656,2365,-582,4730,1,1
2131,2303,2217,-172,4434,1,1
2087,2347,2217,-260,4434,1,1
2107,2365,2236,-258,4472,1,1
2186,2382,2284,-196,4568,1,1
2211,2241,2226,-30,4452,1,1
2238,2355,2296,-117,4593,1,1
2176,2406,2291,-230,4582,1,1
2025,2142,2083,-117,4167,1,1
2191,2408,2299,-217,4599,1,1
2136,2221,2178,-85,4357,1,1
1958,2354,2156,-396,4312,1,1
2167,2344,2255,-177,4511,1,1
2048,2212,2130,-164,4260,1,1
2205,2448,2326,-243,4653,1,1
2084,2187,2135,-103,4271,1,1
1883,2282,2082,-399,4165,1,1
2239,2469,2354,-230,4708,1,1
2236,2434,2335,-198,4670,1,1
2252,2475,2363,-223,4727,1,1
2207,2588,2397,-381,4795,1,1
2251,2317,2284,-66,4568,1,1
2169,2305,2237,-136,4474,1,1
2226,2411,2318,-185,4637,1,1
2113,2354,2233,-241,4467,1,1
2079,2533,2306,-454,4612,1,1
2158,2254,2206,-96,4412,1,1
2083,2228,2155,-145,4311,1,1
2239,2287,2263,-48,4526,1,1
2172,2557,2364,-385,4729,1,1
2152,2520,2336,-368,4672,1,1
1991,2401,2196,-410,4392,1,1
2175,2360,2267,-185,4535,1,1
2106,2437,2271,-331,4543,1,1
2065,2268,2166,-203,4333,1,1
2266,2302,2284,-36,4568,1,1
2056,2244,2150,-188,4300,1,1
2176,2426,2301,-250,4602,1,1
1971,2427,2199,-456,4398,1,1
2302,2320,2311,-18,4622,1,1
2173,2283,2228,-110,4456,1,1
2075,2184,2129,-109,4259,1,1
2285,2428,2356,-143,4713,1,1
2188,2277,2232,-89,4465,1,1
2221,2353,2287,-132,4574,1,1
1854,2257,2055,-403,4111,1,1
1936,2496,2216,-560,4432,1,1
1881,2408,2144,-527,4289,1,1
2070,2256,2163,-186,4326,1,1
2265,2330,2297,-65,4595,1,1
2202,2270,2236,-68,4472,1,1
2077,2322,2199,-245,4399,1,1
2239,2416,2327,-177,4655,1,1
2268,2336,2302,-68,4604,1,1
2220,2260,2240,-40,4480,1,1
2164,2453,2308,-289,4617,1,1
2263,2261,2262,2,4524,1,1
1907,2165,2036,-258,4072,1,1
2081,2359,2220,-278,4440,1,1
2247,2489,2368,-242,4736,1,1
2024,2189,2106,-165,4213,1,1
2112,2471,2291,-359,4583,1,1
2015,2574,2294,-559,4589,1,1
2170,2379,2274,-209,4549,1,1
2046,2595,2320,-549,4641,1,1
2003,2531,2267,-528,4534,1,1
2006,2225,2115,-219,4231,1,1
2181,2280,2230,-99,4461,1,1
2048,2342,2195,-294,4390,1,1
2166,2273,2219,-107,4439,1,1
2279,2365,2322,-86,4644,1,1
1957,2323,2140,-366,4280,1,1
2244,2459,2351,-215,4703,1,1
1976,2291,2133,-315,4267,1,1
2227,2373,2300,-146,4600,1,1
2048,2286,2167,-238,4334,1,1
1855,2407,2131,-552,4262,1,1
2239,2409,2324,-170,4648,1,1
2245,2262,2253,-17,4507,1,1
2284,2424,2354,-140,4708,1,1
2053,2234,2143,-181,4287,1,1
2073,2250,2161,-177,4323,1,1
1998,2334,2166,-336,4332,1,1
1940,2379,2159,-439,4319,1,1
2085,2262,2173,-177,4347,1,1
2251,2493,2372,-242,4744,1,1
2091,2502,2296,-411,4593,1,1
2231,2448,2339,-217,4679,1,1
2035,2337,2186,-302,4372,1,1
2315,2344,2329,-29,4659,1,1
2190,2227,2208,-37,4417,1,1
2187,2602,2394,-415,4789,1,1
2041,2239,2140,-198,4280,1,1
1925,2131,2028,-206,4056,1,1
2005,2167,2086,-162,4172,1,1
2085,2527,2306,-442,4612,1,1
2272,2379,2325,-107,4651,1,1
2060,2218,2139,-158,4278,1,1
2070,2226,2148,-156,4296,1,1
2223,2478,2350,-255,4701,1,1
1951,2144,2047,-193,4095,1,1
2151,2192,2171,-41,4343,1,1
1774,2300,2037,-526,4074,1,1
1971,2178,2074,-207,4149,1,1
2104,2233,2168,-129,4337,1,1
2081,2260,2170,-179,4341,1,1
1939,2532,2235,-593,4471,1,1
2143,2267,2205,-124,4410,1,1
2075,2298,2186,-223,4373,1,1
2204,2368,2286,-164,4572,1,1
1820,2251,2035,-431,4071,1,1
2070,2234,2152,-164,4304,1,1
2199,2331,2265,-132,4530,1,1
1969,2177,2073,-208,4146,1,1
1974,2149,2061,-175,4123,1,1
2236,2499,2367,-263,4735,1,1
2139,2169,2154,-30,4308,1,1
2245,2501,2373,-256,4746,1,1
1985,2156,2070,-171,4141,1,1
2191,2202,2196,-11,4393,1,1
1870,2239,2054,-369,4109,1,1
2230,2504,2367,-274,4734,1,1
2045,2148,2096,-103,4193,1,1
2067,2293,2180,-226,4360,1,1
2199,2325,2262,-126,4524,1,1
2216,2478,2347,-262,4694,1,1
2157,2319,2238,-162,4476,1,1
1875,2149,2012,-274,4024,1,1
2059,2340,2199,-281,4399,1,1
1854,2198,2026,-344,4052,1,1
2298,2357,2327,-59,4655,1,1
2017,2215,2116,-198,4232,1,1
2258,2376,2317,-118,4634,1,1
2116,2208,2162,-92,4324,1,1
1856,2344,2100,-488,4200,1,1
2132,2384,2258,-252,4516,1,1
1995,2355,2175,-360,4350,1,1
2274,2394,2334,-120,4668,1,1
1737,2240,1988,-503,3977,1,1
2255,2357,2306,-102,4612,1,1
2013,2302,2157,-289,4315,1,1
1904,2203,2053,-299,4107,1,1
2080,2209,2144,-129,4289,1,1
1980,2223,2101,-243,4203,1,1
2201,2409,2305,-208,4610,1,1
2169,2561,2365,-392,4730,1,1
2261,2274,2267,-13,4535,1,1
2155,2220,2187,-65,4375,1,1
2168,2420,2294,-252,4588,1,1
2189,2350,2269,-161,4539,1,1
2102,2427,2264,-325,4529,1,1
2002,2147,2074,-145,4149,1,1
2201,2299,2250,-98,4500,1,1
1803,2350,2076,-547,4153,1,1
2111,2249,2180,-138,4360,1,1
2208,2216,2212,-8,4424,1,1
1854,2229,2041,-375,4083,1,1
1799,2260,2029,-461,4059,1,1
1852,2292,2072,-440,4144,1,1
1928,2351,2139,-423,4279,1,1
2261,2468,2364,-207,4729,1,1
2259,2383,2321,-124,4642,1,1
2119,2132,2125,-13,4251,1,1
2218,2297,2257,-79,4515,1,1
1923,2125,2024,-202,4048,1,1
2210,2365,2287,-155,4575,1,1
2071,2248,2159,-177,4319,1,1
2146,2346,2246,-200,4492,1,1
2132,2363,2247,-231,4495,1,1
2025,2213,2119,-188,4238,1,1
1985,2451,2218,-466,4436,1,1
1717,2271,1994,-554,3988,1,1
2248,2478,2363,-230,4726,1,1
2153,2280,2216,-127,4433,1,1
2145,2283,2214,-138,4428,1,1
2036,2276,2156,-240,4312,1,1
2140,2493,2316,-353,4633,1,1
2088,2319,2203,-231,4407,1,1
2079,2580,2329,-501,4659,1,1
1923,2429,2176,-506,4352,1,1
2060,2574,2317,-514,4634,1,1
2081,2218,2149,-137,4299,1,1
2088,2211,2149,-123,4299,1,1
2216,2306,2261,-90,4522,1,1
2307,2381,2344,-74,4688,1,1
2113,2234,2173,-121,4347,1,1
2169,2403,2286,-234,4572,1,1
2161,2281,2221,-120,4442,1,1
2114,2281,2197,-167,4395,1,1
2256,2307,2281,-51,4563,1,1
2159,2596,2377,-437,4755,1,1
1863,2283,2073,-420,4146,1,1
2011,2226,2118,-215,4237,1,1
2214,2397,2305,-183,4611,1,1
2071,2316,2193,-245,4387,1,1
2103,2288,2195,-185,4391,1,1
2195,2381,2288,-186,4576,1,1
2195,2219,2207,-24,4414,1,1
1984,2123,2053,-139,4107,1,1
2184,2276,2230,-92,4460,1,1
2125,2252,2188,-127,4377,1,1
2182,2266,2224,-84,4448,1,1
1954,2362,2158,-408,4316,1,1
2104,2475,2289,-371,4579,1,1
2092,2277,2184,-185,4369,1,1
2086,2148,2117,-62,4234,1,1
2279,2277,2278,2,4556,1,1
1916,2239,2077,-323,4155,1,1
2038,2290,2164,-252,4328,1,1
2149,2268,2208,-119,4417,1,1
2100,2217,2158,-117,4317,1,1
2025,2326,2175,-301,4351,1,1
2193,2409,2301,-216,4602,1,1
2037,2216,2126,-179,4253,1,1
2123,2298,2210,-175,4421,1,1
2182,2328,2255,-146,4510,1,1
1883,2349,2116,-466,4232,1,1
1893,2530,2211,-637,4423,1,1
2147,2522,2334,-375,4669,1,1
2188,2393,2290,-205,4581,1,1
1821,2181,2001,-360,4002,1,1
2018,2293,2155,-275,4311,1,1
2120,2349,2234,-229,4469,1,1
2150,2361,2255,-211,4511,1,1
2141,2220,2180,-79,4361,1,1
2147,2279,2213,-132,4426,1,1
2062,2238,2150,-176,4300,1,1
2113,2403,2258,-290,4516,1,1
1827,2598,2212,-771,4425,1,1
2065,2291,2178,-226,4356,1,1
2012,2170,2091,-158,4182,1,1
1780,2246,2013,-466,4026,1,1
1902,2290,2096,-388,4192,1,1
2212,2559,2385,-347,4771,1,1
2055,2288,2171,-233,4343,1,1
2170,2500,2335,-330,4670,1,1
1747,2266,2006,-519,4013,1,1
2015,2415,2215,-400,4430,1,1
1984,2275,2129,-291,4259,1,1
2050,2110,2080,-60,4160,1,1
1955,2119,2037,-164,4074,1,1
1916,2157,2036,-241,4073,1,1
2122,2310,2216,-188,4432,1,1
2307,2359,2333,-52,4666,1,1
2149,2282,2215,-133,4431,1,1
1978,2121,2049,-143,4099,1,1
2030,2175,2102,-145,4205,1,1
2106,2377,2241,-271,4483,1,1
2118,2487,2302,-369,4605,1,1
2325,2330,2327,-5,4655,1,1
2077,2167,2122,-90,4244,1,1
2194,2580,2387,-386,4774,1,1
2029,2442,2235,-413,4471,1,1
1885,2345,2115,-460,4230,1,1
1868,2246,2057,-378,4114,1,1
1659,2276,1967,-617,3935,1,1
2062,2157,2109,-95,4219,1,1
2086,2366,2226,-280,4452,1,1
2167,2263,2215,-96,4430,1,1
2044,2420,2232,-376,4464,1,1
2201,2413,2307,-212,4614,1,1
2233,2398,2315,-165,4631,1,1
2030,2375,2202,-345,4405,1,1
2275,2337,2306,-62,4612,1,1
2243,2450,2346,-207,4693,1,1
2137,2147,2142,-10,4284,1,1
2044,2254,2149,-210,4298,1,1
2105,2351,2228,-246,4456,1,1
1806,2262,2034,-456,4068,1,1
2000,2189,2094,-189,4189,1,1
1905,2303,2104,-398,4208,1,1
2136,2376,2256,-240,4512,1,1
2182,2254,2218,-72,4436,1,1
2064,2205,2134,-141,4269,1,1
2167,2319,2243,-152,4486,1,1
1871,2282,2076,-411,4153,1,1
1770,2249,2009,-479,4019,1,1
2309,2299,2304,10,4608,1,1
2074,2403,2238,-329,4477,1,1
2045,2079,2062,-34,4124,1,1
1914,2223,2068,-309,4137,1,1
2213,2476,2344,-263,4689,1,1
2248,2321,2284,-73,4569,1,1
2286,2328,2307,-42,4614,1,1
2292,2374,2333,-82,4666,1,1
2056,2250,2153,-194,4306,1,1
1882,2225,2053,-343,4107,1,1
2287,2389,2338,-102,4676,1,1
1992,2305,2148,-313,4297,1,1
2085,2325,2205,-240,4410,1,1
2057,2256,2156,-199,4313,1,1
2000,2081,2040,-81,4081,1,1
2142,2349,2245,-207,4491,1,1
2021,2263,2142,-242,4284,1,1
1879,2169,2024,-290,4048,1,1
2063,2281,2172,-218,4344,1,1
2045,2369,2207,-324,4414,1,1
1809,2360,2084,-551,4169,1,1
2190,2445,2317,-255,4635,1,1
1892,2294,2093,-402,4186,1,1
1921,2294,2107,-373,4215,1,1
2298,2380,2339,-82,4678,1,1
2039,2378,2208,-339,4417,1,1
2203,2323,2263,-120,4526,1,1
1950,2171,2060,-221,4121,1,1
2080,2220,2150,-140,4300,1,1
2217,2316,2266,-99,4533,1,1
2216,2336,2276,-120,4552,1,1
2103,2445,2274,-342,4548,1,1
1808,2296,2052,-488,4104,1,1
2196,2371,2283,-175,4567,1,1
2280,2387,2333,-107,4667,1,1
2069,2462,2265,-393,4531,1,1
2234,2467,2350,-233,4701,1,1
2142,2220,2181,-78,4362,1,1
2167,2540,2353,-373,4707,1,1
2086,2222,2154,-136,4308,1,1
2165,2229,2197,-64,4394,1,1
2063,2128,2095,-65,4191,1,1
1889,2172,2030,-283,4061,1,1
2086,2175,2130,-89,4261,1,1
2162,2256,2209,-94,4418,1,1
2188,2306,2247,-118,4494,1,1
2097,2236,2166,-139,4333,1,1
2084,2247,2165,-163,4331,1,1
2085,2306,2195,-221,4391,1,1
2097,2394,2245,-297,4491,1,1
2173,2491,2332,-318,4664,1,1
1964,2333,2148,-369,4297,1,1
1905,2132,2018,-227,4037,1,1
2057,2376,2216,-319,4433,1,1
2079,2218,2148,-139,4297,1,1
2130,2217,2173,-87,4347,1,1
2104,2364,2234,-260,4468,1,1
2149,2399,2274,-250,4548,1,1
2201,2300,2250,-99,4501,1,1
2128,2368,2248,-240,4496,1,1
2249,2473,2361,-224,4722,1,1
2187,2237,2212,-50,4424,1,1
1971,2289,2130,-318,4260,1,1
2040,2329,2184,-289,4369,1,1
2167,2351,2259,-184,4518,1,1
1900,2290,2095,-390,4190,1,1
2277,2270,2273,7,4547,1,1
2134,2337,2235,-203,4471,1,1
2209,2245,2227,-36,4454,1,1
2073,2355,2214,-282,4428,1,1
1914,2168,2041,-254,4082,1,1
2129,2166,2147,-37,4295,1,1
2115,2287,2201,-172,4402,1,1
2268,2371,2319,-103,4639,1,1
2176,2277,2226,-101,4453,1,1
1952,2260,2106,-308,4212,1,1
1983,2130,2056,-147,4113,1,1
2314,2313,2313,1,4627,1,1
1880,2346,2113,-466,4226,1,1
2135,2194,2164,-59,4329,1,1
2169,2329,2249,-160,4498,1,1
2122,2311,2216,-189,4433,1,1
2311,2299,2305,12,4610,1,1
2083,2261,2172,-178,4344,1,1
2256,2403,2329,-147,4659,1,1
2232,2242,2237,-10,4474,1,1
2093,2247,2170,-154,4340,1,1
1786,2332,2059,-546,4118,1,1
2154,2257,2205,-103,4411,1,1
2293,2352,2322,-59,4645,1,1
2158,2414,2286,-256,4572,1,1
2087,2205,2146,-118,4292,1,1
1891,2175,2033,-284,4066,1,1
2119,2173,2146,-54,4292,1,1
2120,2211,2165,-91,4331,1,1
1859,2319,2089,-460,4178,1,1
2070,2303,2186,-233,4373,1,1
2233,2397,2315,-164,4630,1,1
2236,2388,2312,-152,4624,1,1
2256,2469,2362,-213,4725,1,1
2104,2505,2304,-401,4609,1,1
2025,2468,2246,-443,4493,1,1
2080,2252,2166,-172,4332,1,1
2128,2323,2225,-195,4451,1,1
2064,2529,2296,-465,4593,1,1
2053,2474,2263,-421,4527,1,1
2056,2088,2072,-32,4144,1,1
2194,2246,2220,-52,4440,1,1
2045,2369,2207,-324,4414,1,1
2096,2270,2183,-174,4366,1,1
1944,2152,2048,-208,4096,1,1
2205,2282,2243,-77,4487,1,1
2094,2470,2282,-376,4564,1,1
2036,2256,2146,-220,4292,1,1
2022,2101,2061,-79,4123,1,1
2201,2220,2210,-19,4421,1,1
1827,2424,2125,-597,4251,1,1
1903,2260,2081,-357,4163,1,1
2090,2429,2259,-339,4519,1,1
2243,2463,2353,-220,4706,1,1
2162,2380,2271,-218,4542,1,1
2036,2251,2143,-215,4287,1,1
2005,2128,2066,-123,4133,1,1
1888,2555,2221,-667,4443,1,1
2148,2195,2171,-47,4343,1,1
1893,2368,2130,-475,4261,1,1
2014,2318,2166,-304,4332,1,1
1970,2211,2090,-241,4181,1,1
2269,2302,2285,-33,4571,1,1
2221,2475,2348,-254,4696,1,1
2113,2181,2147,-68,4294,1,1
2050,2084,2067,-34,4134,1,1
1931,2140,2035,-209,4071,1,1
1982,2096,2039,-114,4078,1,1
2055,2158,2106,-103,4213,1,1
2179,2323,2251,-144,4502,1,1
2288,2384,2336,-96,4672,1,1
2195,2485,2340,-290,4680,1,1
2045,2179,2112,-134,4224,1,1
2265,2462,2363,-197,4727,1,1
2022,2097,2059,-75,4119,1,1
2052,2399,2225,-347,4451,1,1
2034,2129,2081,-95,4163,1,1
1904,2148,2026,-244,4052,1,1
2040,2238,2139,-198,4278,1,1
2050,2124,2087,-74,4174,1,1
2069,2185,2127,-116,4254,1,1
2055,2381,2218,-326,4436,1,1
2228,2355,2291,-127,4583,1,1
2174,2274,2224,-100,4448,1,1
2153,2294,2223,-141,4447,1,1
2138,2174,2156,-36,4312,1,1
2191,2397,2294,-206,4588,1,1
2108,2184,2146,-76,4292,1,1
2171,2340,2255,-169,4511,1,1
2123,2372,2247,-249,4495,1,1
2206,2427,2316,-221,4633,1,1
1995,2226,2110,-231,4221,1,1
2097,2308,2202,-211,4405,1,1
2006,2129,2067,-123,4135,1,1
2154,2215,2184,-61,4369,1,1
2238,2460,2349,-222,4698,1,1
2024,2505,2264,-481,4529,1,1
2117,2232,2174,-115,4349,1,1
1996,2182,2089,-186,4178,1,1
2191,2562,2376,-371,4753,1,1
2001,2236,2118,-235,4237,1,1
2168,2289,2228,-121,4457,1,1
2085,2203,2144,-118,4288,1,1
2179,2402,2290,-223,4581,1,1
1921,2431,2176,-510,4352,1,1
2097,2481,2289,-384,4578,1,1
2134,2165,2149,-31,4299,1,1
2073,2326,2199,-253,4399,1,1
2215,2403,2309,-188,4618,1,1
2195,2418,2306,-223,4613,1,1
2169,2348,2258,-179,4517,1,1
1941,2161,2051,-220,4102,1,1
2287,2337,2312,-50,4624,1,1
2074,2157,2115,-83,4231,1,1
2125,2270,2197,-145,4395,1,1
2080,2309,2194,-229,4389,1,1
2203,2241,2222,-38,4444,1,1
2075,2377,2226,-302,4452,1,1
2215,2501,2358,-286,4716,1,1
2126,2285,2205,-159,4411,1,1
2157,2256,2206,-99,4413,1,1
2055,2520,2287,-465,4575,1,1
2064,2198,2131,-134,4262,1,1
2082,2220,2151,-138,4302,1,1
2228,2325,2276,-97,4553,1,1
2244,2422,2333,-178,4666,1,1
2179,2282,2230,-103,4461,1,1
2190,2377,2283,-187,4567,1,1
2183,2322,2252,-139,4505,1,1
2291,2386,2338,-95,4677,1,1
2149,2512,2330,-363,4661,1,1
1903,2172,2037,-269,4075,1,1
2089,2147,2118,-58,4236,1,1
2082,2192,2137,-110,4274,1,1
2191,2324,2257,-133,4515,1,1
2134,2302,2218,-168,4436,1,1
2182,2301,2241,-119,4483,1,1
2199,2426,2312,-227,4625,1,1
2256,2460,2358,-204,4716,1,1
2180,2393,2286,-213,4573,1,1
2186,2604,2395,-418,4790,1,1
2279,2374,2326,-95,4653,1,1
2020,2527,2273,-507,4547,1,1
2324,2346,2335,-22,4670,1,1
1745,2282,2013,-537,4027,1,1
2277,2375,2326,-98,4652,1,1
1946,2263,2104,-317,4209,1,1
2291,2285,2288,6,4576,1,1
1983,2146,2064,-163,4129,1,1
2086,2387,2236,-301,4473,1,1
2240,2486,2363,-246,4726,1,1
1995,2127,2061,-132,4122,1,1
1784,2245,2014,-461,4029,1,1
2163,2215,2189,-52,4378,1,1
2236,2338,2287,-102,4574,1,1
2191,2523,2357,-332,4714,1,1
2291,2386,2338,-95,4677,1,1
2072,2384,2228,-312,4456,1,1
2181,2552,2366,-371,4733,1,1
2220,2451,2335,-231,4671,1,1
1960,2144,2052,-184,4104,1,1
2238,2443,2340,-205,4681,1,1
1890,2257,2073,-367,4147,1,1
2098,2276,2187,-178,4374,1,1
2206,2301,2253,-95,4507,1,1
2239,2312,2275,-73,4551,1,1
2027,2313,2170,-286,4340,1,1
1983,2141,2062,-158,4124,1,1
1922,2151,2036,-229,4073,1,1
2083,2492,2287,-409,4575,1,1
2258,2321,2289,-63,4579,1,1
2010,2121,2065,-111,4131,1,1
1891,2326,2108,-435,4217,1,1
2023,2348,2185,-325,4371,1,1
2147,2340,2243,-193,4487,1,1
2271,2277,2274,-6,4548,1,1
2152,2188,2170,-36,4340,1,1
2123,2267,2195,-144,4390,1,1
2168,2448,2308,-280,4616,1,1
2267,2338,2302,-71,4605,1,1
1994,2564,2279,-570,4558,1,1
2264,2422,2343,-158,4686,1,1
2137,2322,2229,-185,4459,1,1
2108,2460,2284,-352,4568,1,1
1962,2323,2142,-361,4285,1,1
2005,2353,2179,-348,4358,1,1
1858,2219,2038,-361,4077,1,1
1970,2483,2226,-513,4453,1,1
1764,2424,2094,-660,4188,1,1
2227,2405,2316,-178,4632,1,1
2243,2245,2244,-2,4488,1,1
1961,2172,2066,-211,4133,1,1
2074,2368,2221,-294,4442,1,1
2227,2402,2314,-175,4629,1,1
2177,2520,2348,-343,4697,1,1
1954,2424,2189,-470,4378,1,1
2181,2265,2223,-84,4446,1,1
2252,2448,2350,-196,4700,1,1
2043,2486,2264,-443,4529,1,1
1857,2245,2051,-388,4102,1,1
2066,2263,2164,-197,4329,1,1
1738,2288,2013,-550,4026,1,1
2230,2503,2366,-273,4733,1,1
2069,2287,2178,-218,4356,1,1
2005,2108,2056,-103,4113,1,1
1996,2109,2052,-113,4105,1,1
2178,2292,2235,-114,4470,1,1
1880,2177,2028,-297,4057,1,1
2252,2335,2293,-83,4587,1,1
1975,2214,2094,-239,4189,1,1
2238,2465,2351,-227,4703,1,1
1945,2245,2095,-300,4190,1,1
2231,2347,2289,-116,4578,1,1
2227,2227,2227,0,4454,1,1
1909,2211,2060,-302,4120,1,1
2198,2369,2283,-171,4567,1,1
1789,2213,2001,-424,4002,1,1
1981,2298,2139,-317,4279,1,1
1803,2215,2009,-412,4018,1,1
2107,2388,2247,-281,4495,1,1
2198,2521,2359,-323,4719,1,1
2024,2269,2146,-245,4293,1,1
2130,2327,2228,-197,4457,1,1
2163,2520,2341,-357,4683,1,1
1941,2215,2078,-274,4156,1,1
2254,2387,2320,-133,4641,1,1
2241,2312,2276,-71,4553,1,1
2274,2352,2313,-78,4626,1,1
2269,2439,2354,-170,4708,1,1
2097,2442,2269,-345,4539,1,1
2128,2335,2231,-207,4463,1,1
2088,2426,2257,-338,4514,1,1
2226,2489,2357,-263,4715,1,1
1884,2228,2056,-344,4112,1,1
2098,2222,2160,-124,4320,1,1
2170,2364,2267,-194,4534,1,1
2209,2435,2322,-226,4644,1,1
2093,2257,2175,-164,4350,1,1
2188,2384,2286,-196,4572,1,1
1893,2457,2175,-564,4350,1,1
2092,2186,2139,-94,4278,1,1
2318,2304,2311,14,4622,1,1
2022,2163,2092,-141,4185,1,1
1998,2102,2050,-104,4100,1,1
2103,2186,2144,-83,4289,1,1
2093,2347,2220,-254,4440,1,1
2103,2170,2136,-67,4273,1,1
2065,2266,2165,-201,4331,1,1
2248,2303,2275,-55,4551,1,1
2190,2573,2381,-383,4763,1,1
2000,2438,2219,-438,4438,1,1
1839,2276,2057,-437,4115,1,1
2072,2437,2254,-365,4509,1,1
2037,2352,2194,-315,4389,1,1
1949,2315,2132,-366,4264,1,1
2274,2358,2316,-84,4632,1,1
1928,2164,2046,-236,4092,1,1
1971,2242,2106,-271,4213,1,1
2159,2307,2233,-148,4466,1,1
2157,2305,2231,-148,4462,1,1
2101,2238,2169,-137,4339,1,1
2054,2126,2090,-72,4180,1,1
2222,2355,2288,-133,4577,1,1
2297,2363,2330,-66,4660,1,1
2243,2256,2249,-13,4499,1,1
1828,2195,2011,-367,4023,1,1
2191,2360,2275,-169,4551,1,1
2237,2306,2271,-69,4543,1,1
2201,2327,2264,-126,4528,1,1
2297,2400,2348,-103,4697,1,1
1979,2251,2115,-272,4230,1,1
2074,2433,2253,-359,4507,1,1
2025,2200,2112,-175,4225,1,1
1959,2345,2152,-386,4304,1,1
2198,2537,2367,-339,4735,1,1
1928,2191,2059,-263,4119,1,1
2077,2293,2185,-216,4370,1,1
2003,2150,2076,-147,4153,1,1
1934,2517,2225,-583,4451,1,1
1978,2505,2241,-527,4483,1,1
2248,2438,2343,-190,4686,1,1
2154,2338,2246,-184,4492,1,1
1989,2166,2077,-177,4155,1,1
2210,2504,2357,-294,4714,1,1
2276,2434,2355,-158,4710,1,1
1916,2304,2110,-388,4220,1,1
2003,2126,2064,-123,4129,1,1
2083,2325,2204,-242,4408,1,1
2083,2405,2244,-322,4488,1,1
2272,2267,2269,5,4539,1,1
2016,2261,2138,-245,4277,1,1
2304,2292,2298,12,4596,1,1
2020,2078,2049,-58,4098,1,1
2028,2438,2233,-410,4466,1,1
2155,2158,2156,-3,4313,1,1
1909,2210,2059,-301,4119,1,1
1999,2272,2135,-273,4271,1,1
2238,2448,2343,-210,4686,1,1
1961,2172,2066,-211,4133,1,1
2176,2331,2253,-155,4507,1,1
2128,2306,2217,-178,4434,1,1
2203,2428,2315,-225,4631,1,1
2246,2480,2363,-234,4726,1,1
2282,2368,2325,-86,4650,1,1
2011,2197,2104,-186,4208,1,1
1642,2339,1990,-697,3981,1,1
2184,2292,2238,-108,4476,1,1
2117,2273,2195,-156,4390,1,1
2051,2369,2210,-318,4420,1,1
2240,2256,2248,-16,4496,1,1
2201,2406,2303,-205,4607,1,1
2251,2466,2358,-215,4717,1,1
2136,2353,2244,-217,4489,1,1
2157,2205,2181,-48,4362,1,1
1878,2331,2104,-453,4209,1,1
2221,2309,2265,-88,4530,1,1
2282,2388,2335,-106,4670,1,1
1986,2432,2209,-446,4418,1,1
2277,2272,2274,5,4549,1,1
2081,2257,2169,-176,4338,1,1
2004,2160,2082,-156,4164,1,1
2136,2455,2295,-319,4591,1,1
1946,2401,2173,-455,4347,1,1
2214,2507,2360,-293,4721,1,1
2227,2330,2278,-103,4557,1,1
2107,2134,2120,-27,4241,1,1
1815,2460,2137,-645,4275,1,1
2300,2392,2346,-92,4692,1,1
2240,2389,2314,-149,4629,1,1
2161,2423,2292,-262,4584,1,1
2118,2336,2227,-218,4454,1,1
2129,2498,2313,-369,4627,1,1
2152,2385,2268,-233,4537,1,1
2079,2099,2089,-20,4178,1,1
2133,2481,2307,-348,4614,1,1
2102,2237,2169,-135,4339,1,1
1964,2203,2083,-239,4167,1,1
2200,2482,2341,-282,4682,1,1
2148,2371,2259,-223,4519,1,1
2188,2312,2250,-124,4500,1,1
1998,2291,2144,-293,4289,1,1
2166,2296,2231,-130,4462,1,1
2209,2212,2210,-3,4421,1,1
2176,2264,2220,-88,4440,1,1
2201,2293,2247,-92,4494,1,1
2284,2421,2352,-137,4705,1,1
2059,2354,2206,-295,4413,1,1
2084,2332,2208,-248,4416,1,1
2198,2214,2206,-16,4412,1,1
2268,2278,2273,-10,4546,1,1
2196,2322,2259,-126,4518,1,1
2245,2415,2330,-170,4660,1,1
1704,2364,2034,-660,4068,1,1
2168,2564,2366,-396,4732,1,1
2202,2347,2274,-145,4549,1,1
2093,2287,2190,-194,4380,1,1
1965,2298,2131,-333,4263,1,1
2076,2252,2164,-176,4328,1,1
2141,2249,2195,-108,4390,1,1
2248,2438,2343,-190,4686,1,1
2220,2299,2259,-79,4519,1,1
1910,2161,2035,-251,4071,1,1
2257,2250,2253,7,4507,1,1
2282,2300,2291,-18,4582,1,1
2104,2350,2227,-246,4454,1,1
2066,2495,2280,-429,4561,1,1
2035,2276,2155,-241,4311,1,1
2169,2363,2266,-194,4532,1,1
1985,2318,2151,-333,4303,1,1
2258,2385,2321,-127,4643,1,1
2213,2487,2350,-274,4700,1,1
2218,2400,2309,-182,4618,1,1
2002,2429,2215,-427,4431,1,1
1984,2198,2091,-214,4182,1,1
2101,2546,2323,-445,4647,1,1
2002,2563,2282,-561,4565,1,1
1968,2130,2049,-162,4098,1,1
2007,2281,2144,-274,4288,1,1
2125,2305,2215,-180,4430,1,1
2166,2322,2244,-156,4488,1,1
2230,2340,2285,-110,4570,1,1
2286,2337,2311,-51,4623,1,1
2256,2458,2357,-202,4714,1,1
2262,2258,2260,4,4520,1,1
2205,2374,2289,-169,4579,1,1
2179,2417,2298,-238,4596,1,1
2113,2225,2169,-112,4338,1,1
2254,2459,2356,-205,4713,1,1
2190,2304,2247,-114,4494,1,1
2200,2363,2281,-163,4563,1,1
2053,2260,2156,-207,4313,1,1
2127,2238,2182,-111,4365,1,1
2028,2091,2059,-63,4119,1,1
2250,2342,2296,-92,4592,1,1
2025,2195,2110,-170,4220,1,1
2094,2446,2270,-352,4540,1,1
2222,2249,2235,-27,4471,1,1
2039,2132,2085,-93,4171,1,1
1926,2463,2194,-537,4389,1,1
2153,2287,2220,-134,4440,1,1
2039,2435,2237,-396,4474,1,1
2242,2307,2274,-65,4549,1,1
2178,2366,2272,-188,4544,1,1
2282,2380,2331,-98,4662,1,1
2037,2391,2214,-354,4428,1,1
2002,2433,2217,-431,4435,1,1
2062,2396,2229,-334,4458,1,1
2238,2400,2319,-162,4638,1,1
2011,2181,2096,-170,4192,1,1
2023,2423,2223,-400,4446,1,1
2121,2342,2231,-221,4463,1,1
1943,2123,2033,-180,4066,1,1
1964,2171,2067,-207,4135,1,1
2119,2166,2142,-47,4285,1,1
2171,2328,2249,-157,4499,1,1
2174,2206,2190,-32,4380,1,1
2111,2412,2261,-301,4523,1,1
2015,2231,2123,-216,4246,1,1
2112,2129,2120,-17,4241,1,1
2217,2401,2309,-184,4618,1,1
2289,2395,2342,-106,4684,1,1
2038,2241,2139,-203,4279,1,1
2282,2285,2283,-3,4567,1,1
2194,2269,2231,-75,4463,1,1
1964,2174,2069,-210,4138,1,1
2064,2318,2191,-254,4382,1,1
2112,2326,2219,-214,4438,1,1
2281,2375,2328,-94,4656,1,1
2191,2465,2328,-274,4656,1,1
2298,2390,2344,-92,4688,1,1
2130,2186,2158,-56,4316,1,1
2016,2087,2051,-71,4103,1,1
2156,2206,2181,-50,4362,1,1
2006,2519,2262,-513,4525,1,1
2273,2396,2334,-123,4669,1,1
1994,2228,2111,-234,4222,1,1
2002,2365,2183,-363,4367,1,1
2082,2206,2144,-124,4288,1,1
2048,2265,2156,-217,4313,1,1
2153,2402,2277,-249,4555,1,1
2041,2269,2155,-228,4310,1,1
2026,2314,2170,-288,4340,1,1
1988,2291,2139,-303,4279,1,1
2248,2435,2341,-187,4683,1,1
2223,2233,2228,-10,4456,1,1
2224,2378,2301,-154,4602,1,1
2329,2334,2331,-5,4663,1,1
2124,2180,2152,-56,4304,1,1
2100,2305,2202,-205,4405,1,1
1722,2460,2091,-738,4182,1,1
2250,2275,2262,-25,4525,1,1
2157,2369,2263,-212,4526,1,1
2280,2373,2326,-93,4653,1,1
2024,2275,2149,-251,4299,1,1
1942,2509,2225,-567,4451,1,1
2138,2182,2160,-44,4320,1,1
1778,2360,2069,-582,4138,1,1
2173,2292,2232,-119,4465,1,1
2214,2368,2291,-154,4582,1,1
1991,2275,2133,-284,4266,1,1
1982,2185,2083,-203,4167,1,1
2224,2466,2345,-242,4690,1,1
2134,2539,2336,-405,4673,1,1
2030,2280,2155,-250,4310,1,1
2225,2351,2288,-126,4576,1,1
2016,2103,2059,-87,4119,1,1
2164,2398,2281,-234,4562,1,1
2174,2371,2272,-197,4545,1,1
2155,2558,2356,-403,4713,1,1
2178,2347,2262,-169,4525,1,1
2066,2226,2146,-160,4292,1,1
1952,2190,2071,-238,4142,1,1
1931,2210,2070,-279,4141,1,1
2172,2251,2211,-79,4423,1,1
2044,2298,2171,-254,4342,1,1
2095,2220,2157,-125,4315,1,1
2098,2414,2256,-316,4512,1,1
2184,2363,2273,-179,4547,1,1
2262,2438,2350,-176,4700,1,1
2082,2251,2166,-169,4333,1,1
2025,2370,2197,-345,4395,1,1
2119,2304,2211,-185,4423,1,1
1641,2439,2040,-798,4080,1,1
2002,2167,2084,-165,4169,1,1
2008,2285,2146,-277,4293,1,1
1851,2363,2107,-512,4214,1,1
2059,2171,2115,-112,4230,1,1
2038,2399,2218,-361,4437,1,1
2217,2507,2362,-290,4724,1,1
2076,2291,2183,-215,4367,1,1
2136,2177,2156,-41,4313,1,1
1923,2133,2028,-210,4056,1,1
2174,2194,2184,-20,4368,1,1
1791,2251,2021,-460,4042,1,1
2108,2301,2204,-193,4409,1,1
2104,2197,2150,-93,4301,1,1
2071,2582,2326,-511,4653,1,1
2140,2374,2257,-234,4514,1,1
2029,2351,2190,-322,4380,1,1
1796,2446,2121,-650,4242,1,1
2119,2533,2326,-414,4652,1,1
1908,2148,2028,-240,4056,1,1
2115,2277,2196,-162,4392,1,1
1985,2213,2099,-228,4198,1,1
2204,2315,2259,-111,4519,1,1
2009,2552,2280,-543,4561,1,1
2232,2406,2319,-174,4638,1,1
2274,2382,2328,-108,4656,1,1
2155,2370,2262,-215,4525,1,1
1917,2308,2112,-391,4225,1,1
2121,2559,2340,-438,4680,1,1
2009,2257,2133,-248,4266,1,1
1981,2325,2153,-344,4306,1,1
2052,2150,2101,-98,4202,1,1
2030,2115,2072,-85,4145,1,1
1992,2210,2101,-218,4202,1,1
2199,2405,2302,-206,4604,1,1
1851,2245,2048,-394,4096,1,1
2276,2369,2322,-93,4645,1,1
2262,2434,2348,-172,4696,1,1
1913,2291,2102,-378,4204,1,1
2214,2492,2353,-278,4706,1,1
2171,2419,2295,-248,4590,1,1
1947,2448,2197,-501,4395,1,1
2079,2380,2229,-301,4459,1,1
2204,2442,2323,-238,4646,1,1
2096,2337,2216,-241,4433,1,1
1985,2264,2124,-279,4249,1,1
2210,2338,2274,-128,4548,1,1
2228,2539,2383,-311,4767,1,1
2100,2381,2240,-281,4481,1,1
2203,2295,2249,-92,4498,1,1
1735,2447,2091,-712,4182,1,1
2190,2271,2230,-81,4461,1,1
2054,2268,2161,-214,4322,1,1
2164,2279,2221,-115,4443,1,1
2240,2427,2333,-187,4667,1,1
2128,2217,2172,-89,4345,1,1
2299,2400,2349,-101,4699,1,1
2209,2368,2288,-159,4577,1,1
2011,2203,2107,-192,4214,1,1
2304,2380,2342,-76,4684,1,1
2108,2328,2218,-220,4436,1,1
2237,2449,2343,-212,4686,1,1
2145,2207,2176,-62,4352,1,1
2041,2167,2104,-126,4208,1,1
2260,2354,2307,-94,4614,1,1
2069,2118,2093,-49,4187,1,1
2274,2455,2364,-181,4729,1,1
2036,2180,2108,-144,4216,1,1
2246,2393,2319,-147,4639,1,1
2101,2242,2171,-141,4343,1,1
2184,2250,2217,-66,4434,1,1
2042,2290,2166,-248,4332,1,1
1828,2453,2140,-625,4281,1,1
2114,2342,2228,-228,4456,1,1
2037,2167,2102,-130,4204,1,1
1828,2354,2091,-526,4182,1,1
2184,2450,2317,-266,4634,1,1
1943,2238,2090,-295,4181,1,1
2226,2259,2242,-33,4485,1,1
2207,2406,2306,-199,4613,1,1
2139,2246,2192,-107,4385,1,1
1955,2213,2084,-258,4168,1,1
2285,2363,2324,-78,4648,1,1
2221,2451,2336,-230,4672,1,1
2094,2257,2175,-163,4351,1,1
2147,2280,2213,-133,4427,1,1
2129,2403,2266,-274,4532,1,1
2042,2156,2099,-114,4198,1,1
2227,2279,2253,-52,4506,1,1
2153,2421,2287,-268,4574,1,1
2215,2382,2298,-167,4597,1,1
2064,2368,2216,-304,4432,1,1
1981,2279,2130,-298,4260,1,1
2150,2211,2180,-61,4361,1,1
2225,2428,2326,-203,4653,1,1
2160,2368,2264,-208,4528,1,1
2006,2315,2160,-309,4321,1,1
2182,2307,2244,-125,4489,1,1
2173,2275,2224,-102,4448,1,1
2195,2610,2402,-415,4805,1,1
2023,2172,2097,-149,4195,1,1
2213,2246,2229,-33,4459,1,1
2180,2449,2314,-269,4629,1,1
2213,2303,2258,-90,4516,1,1
2257,2252,2254,5,4509,1,1
1944,2128,2036,-184,4072,1,1
2044,2477,2260,-433,4521,1,1
2139,2160,2149,-21,4299,1,1
2050,2224,2137,-174,4274,1,1
2158,2167,2162,-9,4325,1,1
2146,2285,2215,-139,4431,1,1
2097,2334,2215,-237,4431,1,1
1947,2147,2047,-200,4094,1,1
2171,2516,2343,-345,4687,1,1
1976,2498,2237,-522,4474,1,1
2157,2367,2262,-210,4524,1,1
2044,2125,2084,-81,4169,1,1
2218,2267,2242,-49,4485,1,1
2211,2262,2236,-51,4473,1,1
2137,2261,2199,-124,4398,1,1
2045,2274,2159,-229,4319,1,1
2248,2377,2312,-129,4625,1,1
2271,2374,2322,-103,4645,1,1
1982,2279,2130,-297,4261,1,1
2022,2119,2070,-97,4141,1,1
2272,2416,2344,-144,4688,1,1
2111,2703,2407,-592,4814,1,1
2195,2520,2357,-325,4715,1,1
2239,2404,2321,-165,4643,1,1
2135,2352,2243,-217,4487,1,1
1942,2152,2047,-210,4094,1,1
2288,2307,2297,-19,4595,1,1
2112,2177,2144,-65,4289,1,1
2267,2420,2343,-153,4687,1,1
1914,2188,2051,-274,4102,1,1
1843,2278,2060,-435,4121,1,1
2268,2311,2289,-43,4579,1,1
1883,2370,2126,-487,4253,1,1
2185,2252,2218,-67,4437,1,1
2239,2408,2323,-169,4647,1,1
2165,2282,2223,-117,4447,1,1
2052,2428,2240,-376,4480,1,1
2220,2435,2327,-215,4655,1,1
1994,2323,2158,-329,4317,1,1
1774,2321,2047,-547,4095,1,1
2243,2241,2242,2,4484,1,1
2178,2380,2279,-202,4558,1,1
2159,2338,2248,-179,4497,1,1
2172,2389,2280,-217,4561,1,1
2255,2461,2358,-206,4716,1,1
2098,2229,2163,-131,4327,1,1
2218,2375,2296,-157,4593,1,1
2305,2387,2346,-82,4692,1,1
2082,2165,2123,-83,4247,1,1
2102,2332,2217,-230,4434,1,1
2201,2242,2221,-41,4443,1,1
2232,2300,2266,-68,4532,1,1
2284,2406,2345,-122,4690,1,1
2006,2174,2090,-168,4180,1,1
2253,2285,2269,-32,4538,1,1
2138,2182,2160,-44,4320,1,1
1884,2342,2113,-458,4226,1,1
1995,2313,2154,-318,4308,1,1
2123,2344,2233,-221,4467,1,1
2244,2391,2317,-147,4635,1,1
2227,2545,2386,-318,4772,1,1
1962,2242,2102,-280,4204,1,1
2180,2442,2311,-262,4622,1,1
2191,2390,2290,-199,4581,1,1
2284,2379,2331,-95,4663,1,1
2237,2347,2292,-110,4584,1,1
2093,2257,2175,-164,4350,1,1
2009,2331,2170,-322,4340,1,1
2076,2163,2119,-87,4239,1,1
2104,2130,2117,-26,4234,1,1
2079,2510,2294,-431,4589,1,1
1829,2442,2135,-613,4271,1,1
2237,2270,2253,-33,4507,1,1
2228,2367,2297,-139,4595,1,1
2239,2428,2333,-189,4667,1,1
2215,2415,2315,-200,4630,1,1
2305,2390,2347,-85,4695,1,1
2074,2284,2179,-210,4358,1,1
2066,2247,2156,-181,4313,1,1
1881,2146,2013,-265,4027,1,1
2172,2495,2333,-323,4667,1,1
2287,2354,2320,-67,4641,1,1
2097,2638,2367,-541,4735,1,1
2032,2226,2129,-194,4258,1,1
2249,2270,2259,-21,4519,1,1
2003,2443,2223,-440,4446,1,1
1809,2269,2039,-460,4078,1,1
2216,2275,2245,-59,4491,1,1
2035,2225,2130,-190,4260,1,1
2208,2390,2299,-182,4598,1,1
2112,2686,2399,-574,4798,1,1
1856,2243,2049,-387,4099,1,1
2201,2345,2273,-144,4546,1,1
2221,2219,2220,2,4440,1,1
2229,2416,2322,-187,4645,1,1
2120,2128,2124,-8,4248,1,1
1970,2247,2108,-277,4217,1,1
2162,2301,2231,-139,4463,1,1
2081,2249,2165,-168,4330,1,1
2192,2217,2204,-25,4409,1,1
2296,2380,2338,-84,4676,1,1
1931,2197,2064,-266,4128,1,1
2151,2346,2248,-195,4497,1,1
2253,2310,2281,-57,4563,1,1
2118,2323,2220,-205,4441,1,1
2133,2570,2351,-437,4703,1,1
2179,2255,2217,-76,4434,1,1
2116,2222,2169,-106,4338,1,1
2021,2292,2156,-271,4313,1,1
2156,2470,2313,-314,4626,1,1
2148,2567,2357,-419,4715,1,1
2053,2200,2126,-147,4253,1,1
2311,2371,2341,-60,4682,1,1
1996,2176,2086,-180,4172,1,1
2051,2358,2204,-307,4409,1,1
2183,2427,2305,-244,4610,1,1
2054,2320,2187,-266,4374,1,1
2173,2397,2285,-224,4570,1,1
2046,2595,2320,-549,4641,1,1
1977,2502,2239,-525,4479,1,1
2282,2314,2298,-32,4596,1,1
1890,2412,2151,-522,4302,1,1
2200,2352,2276,-152,4552,1,1
2054,2126,2090,-72,4180,1,1
1996,2184,2090,-188,4180,1,1
2125,2135,2130,-10,4260,1,1
2139,2375,2257,-236,4514,1,1
1850,2265,2057,-415,4115,1,1
1884,2367,2125,-483,4251,1,1
2072,2126,2099,-54,4198,1,1
2112,2188,2150,-76,4300,1,1
2251,2303,2277,-52,4554,1,1
2028,2316,2172,-288,4344,1,1
2195,2463,2329,-268,4658,1,1
1799,2434,2116,-635,4233,1,1
2273,2448,2360,-175,4721,1,1
1941,2228,2084,-287,4169,1,1
2086,2405,2245,-319,4491,1,1
2088,2276,2182,-188,4364,1,1
1950,2139,2044,-189,4089,1,1
1947,2160,2053,-213,4107,1,1
2136,2336,2236,-200,4472,1,1
2150,2556,2353,-406,4706,1,1
2073,2313,2193,-240,4386,1,1
2249,2458,2353,-209,4707,1,1
2135,2418,2276,-283,4553,1,1
2051,2408,2229,-357,4459,1,1
2174,2366,2270,-192,4540,1,1
2160,2316,2238,-156,4476,1,1
2145,2462,2303,-317,4607,1,1
2053,2195,2124,-142,4248,1,1
2296,2286,2291,10,4582,1,1
2243,2263,2253,-20,4506,1,1
2215,2441,2328,-226,4656,1,1
2203,2463,2333,-260,4666,1,1
1924,2126,2025,-202,4050,1,1
2105,2296,2200,-191,4401,1,1
2147,2339,2243,-192,4486,1,1
2222,2496,2359,-274,4718,1,1
2054,2421,2237,-367,4475,1,1
1920,2427,2173,-507,4347,1,1
2039,2144,2091,-105,4183,1,1
2117,2241,2179,-124,4358,1,1
2033,2213,2123,-180,4246,1,1
2217,2462,2339,-245,4679,1,1
2184,2277,2230,-93,4461,1,1
2038,2329,2183,-291,4367,1,1
2056,2095,2075,-39,4151,1,1
2284,2411,2347,-127,4695,1,1
2285,2306,2295,-21,4591,1,1
2024,2376,2200,-352,4400,1,1
2071,2328,2199,-257,4399,1,1
2087,2221,2154,-134,4308,1,1
2171,2338,2254,-167,4509,1,1
2010,2091,2050,-81,4101,1,1
2270,2356,2313,-86,4626,1,1
2046,2273,2159,-227,4319,1,1
2004,2380,2192,-376,4384,1,1
1963,2375,2169,-412,4338,1,1
2147,2643,2395,-496,4790,1,1
2291,2285,2288,6,4576,1,1
2001,2247,2124,-246,4248,1,1
2046,2170,2108,-124,4216,1,1
2121,2346,2233,-225,4467,1,1
2143,2362,2252,-219,4505,1,1
2241,2310,2275,-69,4551,1,1
2139,2185,2162,-46,4324,1,1
1994,2445,2219,-451,4439,1,1
2234,2311,2272,-77,4545,1,1
2030,2363,2196,-333,4393,1,1
2072,2247,2159,-175,4319,1,1
2141,2404,2272,-263,4545,1,1
2205,2275,2240,-70,4480,1,1
2274,2309,2291,-35,4583,1,1
2198,2411,2304,-213,4609,1,1
2053,2151,2102,-98,4204,1,1
1864,2210,2037,-346,4074,1,1
2278,2386,2332,-108,4664,1,1
2064,2370,2217,-306,4434,1,1
2130,2245,2187,-115,4375,1,1
2188,2612,2400,-424,4800,1,1
2263,2427,2345,-164,4690,1,1
2104,2374,2239,-270,4478,1,1
2280,2338,2309,-58,4618,1,1
2147,2441,2294,-294,4588,1,1
2168,2423,2295,-255,4591,1,1
2081,2351,2216,-270,4432,1,1
2245,2340,2292,-95,4585,1,1
1904,2312,2108,-408,4216,1,1
2089,2533,2311,-444,4622,1,1
2189,2393,2291,-204,4582,1,1
1978,2154,2066,-176,4132,1,1
2103,2146,2124,-43,4249,1,1
2005,2172,2088,-167,4177,1,1
2031,2154,2092,-123,4185,1,1
1965,2412,2188,-447,4377,1,1
2256,2317,2286,-61,4573,1,1
2198,2203,2200,-5,4401,1,1
2225,2438,2331,-213,4663,1,1
2091,2216,2153,-125,4307,1,1
2218,2285,2251,-67,4503,1,1
2152,2371,2261,-219,4523,1,1
2036,2355,2195,-319,4391,1,1
2103,2201,2152,-98,4304,1,1
1995,2108,2051,-113,4103,1,1
2170,2531,2350,-361,4701,1,1
2153,2392,2272,-239,4545,1,1
2133,2517,2325,-384,4650,1,1
2023,2107,2065,-84,4130,1,1
2090,2157,2123,-67,4247,1,1
2193,2270,2231,-77,4463,1,1
2084,2195,2139,-111,4279,1,1
2227,2381,2304,-154,4608,1,1
2000,2128,2064,-128,4128,1,1
2292,2291,2291,1,4583,1,1
2147,2267,2207,-120,4414,1,1
2232,2433,2332,-201,4665,1,1
2124,2188,2156,-64,4312,1,1
2092,2416,2254,-324,4508,1,1
2250,2307,2278,-57,4557,1,1
1991,2323,2157,-332,4314,1,1
2246,2508,2377,-262,4754,1,1
2138,2574,2356,-436,4712,1,1
2223,2478,2350,-255,4701,1,1
2230,2479,2354,-249,4709,1,1
2186,2347,2266,-161,4533,1,1
1966,2313,2139,-347,4279,1,1
2235,2503,2369,-268,4738,1,1
2196,2462,2329,-266,4658,1,1
2073,2188,2130,-115,4261,1,1
2272,2410,2341,-138,4682,1,1
2098,2248,2173,-150,4346,1,1
2258,2411,2334,-153,4669,1,1
2133,2622,2377,-489,4755,1,1
2133,2475,2304,-342,4608,1,1
2008,2244,2126,-236,4252,1,1
2010,2204,2107,-194,4214,1,1
2008,2103,2055,-95,4111,1,1
2107,2504,2305,-397,4611,1,1
2242,2402,2322,-160,4644,1,1
2095,2344,2219,-249,4439,1,1
2318,2310,2314,8,4628,1,1
2164,2257,2210,-93,4421,1,1
2108,2638,2373,-530,4746,1,1
2130,2295,2212,-165,4425,1,1
2239,2370,2304,-131,4609,1,1
2098,2164,2131,-66,4262,1,1
1965,2224,2094,-259,4189,1,1
2284,2382,2333,-98,4666,1,1
2095,2357,2226,-262,4452,1,1
2234,2534,2384,-300,4768,1,1
2003,2148,2075,-145,4151,1,1
2102,2415,2258,-313,4517,1,1
1749,2380,2064,-631,4129,1,1
2277,2387,2332,-110,4664,1,1
2204,2428,2316,-224,4632,1,1
2242,2281,2261,-39,4523,1,1
2206,2226,2216,-20,4432,1,1
1934,2123,2028,-189,4057,1,1
2036,2150,2093,-114,4186,1,1
2137,2398,2267,-261,4535,1,1
2271,2393,2332,-122,4664,1,1
2115,2217,2166,-102,4332,1,1
1933,2273,2103,-340,4206,1,1
2162,2394,2278,-232,4556,1,1
2223,2343,2283,-120,4566,1,1
2267,2278,2272,-11,4545,1,1
2084,2310,2197,-226,4394,1,1
2146,2398,2272,-252,4544,1,1
2195,2325,2260,-130,4520,1,1
2259,2328,2293,-69,4587,1,1
2188,2417,2302,-229,4605,1,1
2251,2459,2355,-208,4710,1,1
2167,2480,2323,-313,4647,1,1
1920,2392,2156,-472,4312,1,1
2307,2360,2333,-53,4667,1,1
2241,2285,2263,-44,4526,1,1
2006,2230,2118,-224,4236,1,1
2246,2397,2321,-151,4643,1,1
2216,2381,2298,-165,4597,1,1
2165,2267,2216,-102,4432,1,1
1921,2162,2041,-241,4083,1,1
2039,2194,2116,-155,4233,1,1
2203,2387,2295,-184,4590,1,1
2150,2254,2202,-104,4404,1,1
1830,2177,2003,-347,4007,1,1
1934,2358,2146,-424,4292,1,1
2167,2235,2201,-68,4402,1,1
2257,2361,2309,-104,4618,1,1
2104,2119,2111,-15,4223,1,1
2186,2312,2249,-126,4498,1,1
2220,2497,2358,-277,4717,1,1
2205,2255,2230,-50,4460,1,1
2198,2582,2390,-384,4780,1,1
2046,2076,2061,-30,4122,1,1
1958,2214,2086,-256,4172,1,1
1982,2237,2109,-255,4219,1,1
2198,2397,2297,-199,4595,1,1
1911,2137,2024,-226,4048,1,1
1977,2112,2044,-135,4089,1,1
2114,2446,2280,-332,4560,1,1
2058,2120,2089,-62,4178,1,1
2102,2268,2185,-166,4370,1,1
2178,2548,2363,-370,4726,1,1
2002,2089,2045,-87,4091,1,1
2168,2255,2211,-87,4423,1,1
1994,2501,2247,-507,4495,1,1
2196,2528,2362,-332,4724,1,1
2031,2300,2165,-269,4331,1,1
2266,2437,2351,-171,4703,1,1
2206,2346,2276,-140,4552,1,1
2164,2349,2256,-185,4513,1,1
2252,2419,2335,-167,4671,1,1
2204,2292,2248,-88,4496,1,1
2074,2338,2206,-264,4412,1,1
2064,2196,2130,-132,4260,1,1
2124,2240,2182,-116,4364,1,1
1956,2258,2107,-302,4214,1,1
2106,2404,2255,-298,4510,1,1
2268,2322,2295,-54,4590,1,1
1983,2251,2117,-268,4234,1,1
1959,2174,2066,-215,4133,1,1
2150,2376,2263,-226,4526,1,1
1949,2114,2031,-165,4063,1,1
2052,2353,2202,-301,4405,1,1
1874,2326,2100,-452,4200,1,1
2216,2487,2351,-271,4703,1,1
2280,2416,2348,-136,4696,1,1
1974,2198,2086,-224,4172,1,1
2002,2089,2045,-87,4091,1,1
2055,2135,2095,-80,4190,1,1
1994,2184,2089,-190,4178,1,1
2023,2206,2114,-183,4229,1,1
1855,2414,2134,-559,4269,1,1
2126,2352,2239,-226,4478,1,1
2129,2243,2186,-114,4372,1,1
2130,2487,2308,-357,4617,1,1
2006,2126,2066,-120,4132,1,1
1893,2193,2043,-300,4086,1,1
2095,2211,2153,-116,4306,1,1
2162,2281,2221,-119,4443,1,1
2140,2184,2162,-44,4324,1,1
2258,2458,2358,-200,4716,1,1
2177,2301,2239,-124,4478,1,1
2163,2321,2242,-158,4484,1,1
1965,2203,2084,-238,4168,1,1
1713,2339,2026,-626,4052,1,1
2151,2289,2220,-138,4440,1,1
2291,2285,2288,6,4576,1,1
2043,2427,2235,-384,4470,1,1
2257,2258,2257,-1,4515,1,1
2084,2527,2305,-443,4611,1,1
2195,2346,2270,-151,4541,1,1
2194,2388,2291,-194,4582,1,1
2054,2115,2084,-61,4169,1,1
2090,2197,2143,-107,4287,1,1
2053,2381,2217,-328,4434,1,1
2054,2327,2190,-273,4381,1,1
2154,2448,2301,-294,4602,1,1
2170,2511,2340,-341,4681,1,1
2202,2424,2313,-222,4626,1,1
2047,2256,2151,-209,4303,1,1
2019,2253,2136,-234,4272,1,1
2018,2176,2097,-158,4194,1,1
2021,2153,2087,-132,4174,1,1
2236,2417,2326,-181,4653,1,1
1746,2311,2028,-565,4057,1,1
2061,2096,2078,-35,4157,1,1
2137,2504,2320,-367,4641,1,1
1943,2305,2124,-362,4248,1,1
2186,2334,2260,-148,4520,1,1
2120,2589,2354,-469,4709,1,1
2045,2354,2199,-309,4399,1,1
2257,2464,2360,-207,4721,1,1
1973,2236,2104,-263,4209,1,1
2038,2378,2208,-340,4416,1,1
1963,2202,2082,-239,4165,1,1
2321,2330,2325,-9,4651,1,1
2205,2433,2319,-228,4638,1,1
2250,2354,2302,-104,4604,1,1
2230,2349,2289,-119,4579,1,1
2332,2336,2334,-4,4668,1,1
2034,2387,2210,-353,4421,1,1
2035,2352,2193,-317,4387,1,1
1937,2215,2076,-278,4152,1,1
2108,2331,2219,-223,4439,1,1
1950,2250,2100,-300,4200,1,1
2059,2272,2165,-213,4331,1,1
2213,2286,2249,-73,4499,1,1
1850,2320,2085,-470,4170,1,1
2016,2243,2129,-227,4259,1,1
2210,2304,2257,-94,4514,1,1
1791,2233,2012,-442,4024,1,1
2218,2335,2276,-117,4553,1,1
2187,2559,2373,-372,4746,1,1
2124,2231,2177,-107,4355,1,1
2077,2288,2182,-211,4365,1,1
2263,2434,2348,-171,4697,1,1
2124,2160,2142,-36,4284,1,1
1889,2249,2069,-360,4138,1,1
1989,2134,2061,-145,4123,1,1
2249,2482,2365,-233,4731,1,1
2232,2338,2285,-106,4570,1,1
1994,2172,2083,-178,4166,1,1
2158,2345,2251,-187,4503,1,1
1991,2320,2155,-329,4311,1,1
1938,2150,2044,-212,4088,1,1
2183,2190,2186,-7,4373,1,1
2085,2219,2152,-134,4304,1,1
2283,2395,2339,-112,4678,1,1
2194,2527,2360,-333,4721,1,1
2273,2272,2272,1,4545,1,1
1680,2475,2077,-795,4155,1,1
2027,2216,2121,-189,4243,1,1
2150,2225,2187,-75,4375,1,1
2061,2246,2153,-185,4307,1,1
2252,2471,2361,-219,4723,1,1
2165,2427,2296,-262,4592,1,1
2169,2271,2220,-102,4440,1,1
2072,2510,2291,-438,4582,1,1
1999,2151,2075,-152,4150,1,1
2006,2220,2113,-214,4226,1,1
2155,2399,2277,-244,4554,1,1
2244,2500,2372,-256,4744,1,1
1994,2156,2075,-162,4150,1,1
2086,2318,2202,-232,4404,1,1
2212,2301,2256,-89,4513,1,1
2106,2491,2298,-385,4597,1,1
2134,2358,2246,-224,4492,1,1
2066,2485,2275,-419,4551,1,1
2114,2227,2170,-113,4341,1,1
2074,2250,2162,-176,4324,1,1
2166,2443,2304,-277,4609,1,1
2210,2256,2233,-46,4466,1,1
2160,2449,2304,-289,4609,1,1
2131,2244,2187,-113,4375,1,1
2277,2426,2351,-149,4703,1,1
2059,2098,2078,-39,4157,1,1
2087,2304,2195,-217,4391,1,1
2198,2500,2349,-302,4698,1,1
2152,2265,2208,-113,4417,1,1
2025,2286,2155,-261,4311,1,1
2230,2393,2311,-163,4623,1,1
1987,2285,2136,-298,4272,1,1
1999,2172,2085,-173,4171,1,1
2110,2145,2127,-35,4255,1,1
1985,2378,2181,-393,4363,1,1
1894,2189,2041,-295,4083,1,1
1723,2365,2044,-642,4088,1,1
2190,2243,2216,-53,4433,1,1
1932,2237,2084,-305,4169,1,1
2252,2399,2325,-147,4651,1,1
1707,2435,2071,-728,4142,1,1
1879,2374,2126,-495,4253,1,1
2026,2655,2340,-629,4681,1,1
1896,2191,2043,-295,4087,1,1
2038,2278,2158,-240,4316,1,1
2077,2340,2208,-263,4417,1,1
2271,2428,2349,-157,4699,1,1
2282,2423,2352,-141,4705,1,1
2216,2399,2307,-183,4615,1,1
2231,2404,2317,-173,4635,1,1
2033,2226,2129,-193,4259,1,1
2043,2371,2207,-328,4414,1,1
2000,2083,2041,-83,4083,1,1
2165,2174,2169,-9,4339,1,1
2116,2603,2359,-487,4719,1,1
2044,2483,2263,-439,4527,1,1
2113,2224,2168,-111,4337,1,1
2127,2362,2244,-235,4489,1,1
2293,2291,2292,2,4584,1,1
2198,2334,2266,-136,4532,1,1
2235,2268,2251,-33,4503,1,1
2105,2119,2112,-14,4224,1,1
1966,2227,2096,-261,4193,1,1
2170,2457,2313,-287,4627,1,1
1727,2484,2105,-757,4211,1,1
2127,2232,2179,-105,4359,1,1
2066,2412,2239,-346,4478,1,1
2127,2410,2268,-283,4537,1,1
2176,2269,2222,-93,4445,1,1
1848,2317,2082,-469,4165,1,1
2087,2293,2190,-206,4380,1,1
1873,2399,2136,-526,4272,1,1
2025,2217,2121,-192,4242,1,1
2051,2100,2075,-49,4151,1,1
1972,2407,2189,-435,4379,1,1
2102,2503,2302,-401,4605,1,1
2074,2303,2188,-229,4377,1,1
1946,2260,2103,-314,4206,1,1
2253,2426,2339,-173,4679,1,1
2200,2226,2213,-26,4426,1,1
2140,2283,2211,-143,4423,1,1
2251,2260,2255,-9,4511,1,1
2087,2309,2198,-222,4396,1,1
2048,2250,2149,-202,4298,1,1
2041,2133,2087,-92,4174,1,1
2095,2267,2181,-172,4362,1,1
2150,2404,2277,-254,4554,1,1
2285,2332,2308,-47,4617,1,1
2205,2211,2208,-6,4416,1,1
2201,2428,2314,-227,4629,1,1
2271,2287,2279,-16,4558,1,1
2203,2226,2214,-23,4429,1,1
2073,2301,2187,-228,4374,1,1
1901,2149,2025,-248,4050,1,1
1981,2289,2135,-308,4270,1,1
2165,2247,2206,-82,4412,1,1
1994,2373,2183,-379,4367,1,1
1972,2235,2103,-263,4207,1,1
2200,2287,2243,-87,4487,1,1
2200,2252,2226,-52,4452,1,1
2240,2465,2352,-225,4705,1,1
2044,2319,2181,-275,4363,1,1
1946,2278,2112,-332,4224,1,1
2266,2316,2291,-50,4582,1,1
2024,2112,2068,-88,4136,1,1
1909,2503,2206,-594,4412,1,1
2060,2111,2085,-51,4171,1,1
1995,2200,2097,-205,4195,1,1
2158,2359,2258,-201,4517,1,1
2238,2422,2330,-184,4660,1,1
2239,2295,2267,-56,4534,1,1
2274,2278,2276,-4,4552,1,1
2150,2246,2198,-96,4396,1,1
2283,2303,2293,-20,4586,1,1
2231,2320,2275,-89,4551,1,1
2173,2303,2238,-130,4476,1,1
2201,2320,2260,-119,4521,1,1
2127,2524,2325,-397,4651,1,1
2211,2306,2258,-95,4517,1,1
1913,2214,2063,-301,4127,1,1
2133,2261,2197,-128,4394,1,1
2157,2492,2324,-335,4649,1,1
2276,2385,2330,-109,4661,1,1
2126,2229,2177,-103,4355,1,1
2093,2349,2221,-256,4442,1,1
2021,2174,2097,-153,4195,1,1
2228,2419,2323,-191,4647,1,1
2278,2442,2360,-164,4720,1,1
2069,2197,2133,-128,4266,1,1
2042,2210,2126,-168,4252,1,1
2144,2250,2197,-106,4394,1,1
1937,2137,2037,-200,4074,1,1
1912,2192,2052,-280,4104,1,1
1915,2420,2167,-505,4335,1,1
2214,2547,2380,-333,4761,1,1
2128,2290,2209,-162,4418,1,1
2140,2422,2281,-282,4562,1,1
1982,2100,2041,-118,4082,1,1
2316,2343,2329,-27,4659,1,1
2244,2263,2253,-19,4507,1,1
1940,2123,2031,-183,4063,1,1
2060,2271,2165,-211,4331,1,1
2032,2244,2138,-212,4276,1,1
2257,2407,2332,-150,4664,1,1
2100,2154,2127,-54,4254,1,1
2215,2384,2299,-169,4599,1,1
2212,2429,2320,-217,4641,1,1
1756,2234,1995,-478,3990,1,1
2217,2417,2317,-200,4634,1,1
1964,2433,2198,-469,4397,1,1
1999,2215,2107,-216,4214,1,1
2162,2447,2304,-285,4609,1,1
2083,2269,2176,-186,4352,1,1
2027,2194,2110,-167,4221,1,1
1915,2172,2043,-257,4087,1,1
2195,2386,2290,-191,4581,1,1
2019,2347,2183,-328,4366,1,1
2162,2551,2356,-389,4713,1,1
2151,2330,2240,-179,4481,1,1
1698,2273,1985,-575,3971,1,1
2103,2291,2197,-188,4394,1,1
2225,2336,2280,-111,4561,1,1
1906,2132,2019,-226,4038,1,1
1984,2103,2043,-119,4087,1,1
2024,2174,2099,-150,4198,1,1
1784,2468,2126,-684,4252,1,1
2224,2409,2316,-185,4633,1,1
2027,2152,2089,-125,4179,1,1
2162,2378,2270,-216,4540,1,1
1889,2298,2093,-409,4187,1,1
1934,2450,2192,-516,4384,1,1
2240,2253,2246,-13,4493,1,1
2139,2262,2200,-123,4401,1,1
2131,2137,2134,-6,4268,1,1
2026,2090,2058,-64,4116,1,1
2093,2265,2179,-172,4358,1,1
2175,2524,2349,-349,4699,1,1
2249,2272,2260,-23,4521,1,1
2138,2493,2315,-355,4631,1,1
2058,2229,2143,-171,4287,1,1
2144,2369,2256,-225,4513,1,1
1786,2403,2094,-617,4189,1,1
1930,2340,2135,-410,4270,1,1
1760,2336,2048,-576,4096,1,1
2005,2191,2098,-186,4196,1,1
2238,2392,2315,-154,4630,1,1
2153,2345,2249,-192,4498,1,1
2114,2357,2235,-243,4471,1,1
2231,2410,2320,-179,4641,1,1
2037,2137,2087,-100,4174,1,1
2116,2231,2173,-115,4347,1,1
1990,2198,2094,-208,4188,1,1
2124,2315,2219,-191,4439,1,1
2109,2290,2199,-181,4399,1,1
2012,2120,2066,-108,4132,1,1
2104,2181,2142,-77,4285,1,1
1980,2319,2149,-339,4299,1,1
2047,2227,2137,-180,4274,1,1
2075,2475,2275,-400,4550,1,1
2161,2314,2237,-153,4475,1,1
2207,2238,2222,-31,4445,1,1
1955,2307,2131,-352,4262,1,1
2100,2142,2121,-42,4242,1,1
2015,2333,2174,-318,4348,1,1
2278,2430,2354,-152,4708,1,1
2238,2236,2237,2,4474,1,1
2106,2124,2115,-18,4230,1,1
1996,2471,2233,-475,4467,1,1
2198,2418,2308,-220,4616,1,1
2225,2358,2291,-133,4583,1,1
1835,2175,2005,-340,4010,1,1
2250,2393,2321,-143,4643,1,1
2055,2144,2099,-89,4199,1,1
1943,2182,2062,-239,4125,1,1
2255,2378,2316,-123,4633,1,1
2131,2255,2193,-124,4386,1,1
2094,2202,2148,-108,4296,1,1
2183,2487,2335,-304,4670,1,1
2084,2152,2118,-68,4236,1,1
2041,2186,2113,-145,4227,1,1
2289,2320,2304,-31,4609,1,1
2179,2377,2278,-198,4556,1,1
2189,2441,2315,-252,4630,1,1
2011,2494,2252,-483,4505,1,1
1922,2227,2074,-305,4149,1,1
2259,2257,2258,2,4516,1,1
2136,2452,2294,-316,4588,1,1
2063,2282,2172,-219,4345,1,1
2119,2518,2318,-399,4637,1,1
2261,2367,2314,-106,4628,1,1
2041,2499,2270,-458,4540,1,1
2213,2299,2256,-86,4512,1,1
2278,2378,2328,-100,4656,1,1
2048,2218,2133,-170,4266,1,1
1949,2169,2059,-220,4118,1,1
2005,2298,2151,-293,4303,1,1
2304,2371,2337,-67,4675,1,1
2165,2204,2184,-39,4369,1,1
2088,2175,2131,-87,4263,1,1
2088,2362,2225,-274,4450,1,1
2277,2306,2291,-29,4583,1,1
2044,2142,2093,-98,4186,1,1
2203,2553,2378,-350,4756,1,1
2110,2438,2274,-328,4548,1,1
1989,2630,2309,-641,4619,1,1
2249,2341,2295,-92,4590,1,1
2296,2296,2296,0,4592,1,1
2167,2469,2318,-302,4636,1,1
2146,2436,2291,-290,4582,1,1
2157,2462,2309,-305,4619,1,1
2090,2286,2188,-196,4376,1,1
2211,2277,2244,-66,4488,1,1
2012,2100,2056,-88,4112,1,1
2024,2598,2311,-574,4622,1,1
2192,2416,2304,-224,4608,1,1
1842,2456,2149,-614,4298,1,1
2016,2263,2139,-247,4279,1,1
1991,2185,2088,-194,4176,1,1
2101,2188,2144,-87,4289,1,1
2147,2153,2150,-6,4300,1,1
2067,2492,2279,-425,4559,1,1
2189,2590,2389,-401,4779,1,1
1925,2185,2055,-260,4110,1,1
2068,2487,2277,-419,4555,1,1
2211,2242,2226,-31,4453,1,1
2165,2419,2292,-254,4584,1,1
1965,2656,2310,-691,4621,1,1
2207,2413,2310,-206,4620,1,1
2181,2407,2294,-226,4588,1,1
1785,2429,2107,-644,4214,1,1
2305,2369,2337,-64,4674,1,1
1974,2152,2063,-178,4126,1,1
2227,2468,2347,-241,4695,1,1
1961,2159,2060,-198,4120,1,1
2205,2287,2246,-82,4492,1,1
2091,2240,2165,-149,4331,1,1
2125,2426,2275,-301,4551,1,1
1988,2385,2186,-397,4373,1,1
2239,2383,2311,-144,4622,1,1
2273,2398,2335,-125,4671,1,1
1864,2287,2075,-423,4151,1,1
1886,2263,2074,-377,4149,1,1
1895,2346,2120,-451,4241,1,1
2115,2406,2260,-291,4521,1,1
2020,2267,2143,-247,4287,1,1
1949,2276,2112,-327,4225,1,1
2020,2089,2054,-69,4109,1,1
2055,2268,2161,-213,4323,1,1
2242,2475,2358,-233,4717,1,1
2007,2491,2249,-484,4498,1,1
2099,2283,2191,-184,4382,1,1
1885,2205,2045,-320,4090,1,1
2043,2218,2130,-175,4261,1,1
2172,2525,2348,-353,4697,1,1
2176,2351,2263,-175,4527,1,1
2039,2392,2215,-353,4431,1,1
2323,2329,2326,-6,4652,1,1
2013,2122,2067,-109,4135,1,1
2130,2199,2164,-69,4329,1,1
2041,2238,2139,-197,4279,1,1
2148,2360,2254,-212,4508,1,1
2040,2199,2119,-159,4239,1,1
2227,2247,2237,-20,4474,1,1
2090,2467,2278,-377,4557,1,1
2297,2337,2317,-40,4634,1,1
2209,2228,2218,-19,4437,1,1
2157,2481,2319,-324,4638,1,1
2077,2242,2159,-165,4319,1,1
2029,2372,2200,-343,4401,1,1
2112,2348,2230,-236,4460,1,1
1969,2298,2133,-329,4267,1,1
1898,2256,2077,-358,4154,1,1
2141,2423,2282,-282,4564,1,1
1927,2141,2034,-214,4068,1,1
2259,2361,2310,-102,4620,1,1
1842,2263,2052,-421,4105,1,1
2095,2336,2215,-241,4431,1,1
2188,2249,2218,-61,4437,1,1
2227,2456,2341,-229,4683,1,1
2232,2252,2242,-20,4484,1,1
2045,2365,2205,-320,4410,1,1
2028,2301,2164,-273,4329,1,1
2207,2267,2237,-60,4474,1,1
2100,2356,2228,-256,4456,1,1
2238,2397,2317,-159,4635,1,1
2108,2521,2314,-413,4629,1,1
2087,2263,2175,-176,4350,1,1
2238,2379,2308,-141,4617,1,1
2132,2266,2199,-134,4398,1,1
2066,2388,2227,-322,4454,1,1
2286,2284,2285,2,4570,1,1
2241,2335,2288,-94,4576,1,1
2049,2100,2074,-51,4149,1,1
2108,2147,2127,-39,4255,1,1
1932,2398,2165,-466,4330,1,1
2143,2261,2202,-118,4404,1,1
2156,2313,2234,-157,4469,1,1
2111,2557,2334,-446,4668,1,1
2192,2461,2326,-269,4653,1,1
2164,2503,2333,-339,4667,1,1
1935,2472,2203,-537,4407,1,1
2179,2356,2267,-177,4535,1,1
2207,2221,2214,-14,4428,1,1
2037,2211,2124,-174,4248,1,1
2213,2530,2371,-317,4743,1,1
1877,2381,2129,-504,4258,1,1
1916,2261,2088,-345,4177,1,1
2113,2314,2213,-201,4427,1,1
2143,2362,2252,-219,4505,1,1
2002,2318,2160,-316,4320,1,1
1916,2219,2067,-303,4135,1,1
2121,2402,2261,-281,4523,1,1
1748,2562,2155,-814,4310,1,1
1838,2474,2156,-636,4312,1,1
1939,2205,2072,-266,4144,1,1
1764,2271,2017,-507,4035,1,1
2243,2280,2261,-37,4523,1,1
2265,2434,2349,-169,4699,1,1
2159,2271,2215,-112,4430,1,1
2035,2225,2130,-190,4260,1,1
2070,2295,2182,-225,4365,1,1
2213,2455,2334,-242,4668,1,1
2209,2403,2306,-194,4612,1,1
1937,2169,2053,-232,4106,1,1
1969,2208,2088,-239,4177,1,1
2262,2349,2305,-87,4611,1,1
2161,2310,2235,-149,4471,1,1
1882,2148,2015,-266,4030,1,1
2053,2069,2061,-16,4122,1,1
2225,2406,2315,-181,4631,1,1
2069,2113,2091,-44,4182,1,1
1967,2254,2110,-287,4221,1,1
1899,2390,2144,-491,4289,1,1
2185,2494,2339,-309,4679,1,1
1995,2548,2271,-553,4543,1,1
2282,2339,2310,-57,4621,1,1
2112,2322,2217,-210,4434,1,1
2039,2103,2071,-64,4142,1,1
2267,2359,2313,-92,4626,1,1
2252,2365,2308,-113,4617,1,1
2086,2151,2118,-65,4237,1,1
2091,2223,2157,-132,4314,1,1
2167,2321,2244,-154,4488,1,1
2211,2374,2292,-163,4585,1,1
2073,2134,2103,-61,4207,1,1
2126,2488,2307,-362,4614,1,1
2243,2504,2373,-261,4747,1,1
1952,2223,2087,-271,4175,1,1
2230,2336,2283,-106,4566,1,1
2179,2335,2257,-156,4514,1,1
2317,2337,2327,-20,4654,1,1
2090,2147,2118,-57,4237,1,1
1632,2301,1966,-669,3933,1,1
2249,2376,2312,-127,4625,1,1
2214,2254,2234,-40,4468,1,1
2308,2348,2328,-40,4656,1,1
