WhiteElo,BlackElo,MeanElos,DiffElos,SumElos,Class
2437,2254,2345,183,4691,master
2449,2201,2325,248,4650,master
2553,2052,2302,501,4605,master
2611,2520,2565,91,5131,grandmaster
2108,2273,2190,-165,4381,average
2047,2186,2116,-139,4233,average
2357,2110,2233,247,4467,average
2295,2191,2243,104,4486,average
2345,2560,2452,-215,4905,master
2550,2502,2526,48,5052,grandmaster
2392,2272,2332,120,4664,master
2119,2136,2127,-17,4255,average
2482,2329,2405,153,4811,master
2345,2291,2318,54,4636,master
1941,2184,2062,-243,4125,novice
1889,2307,2098,-418,4196,novice
2529,2255,2392,274,4784,master
2130,1943,2036,187,4073,novice
2450,2170,2310,280,4620,master
2079,2202,2140,-123,4281,average
2148,2197,2172,-49,4345,average
2485,2293,2389,192,4778,master
2453,2268,2360,185,4721,master
2232,2344,2288,-112,4576,average
1902,2145,2023,-243,4047,novice
2248,2512,2380,-264,4760,master
2368,2248,2308,120,4616,master
2241,1776,2008,465,4017,novice
2466,2233,2349,233,4699,master
2516,2706,2611,-190,5222,grandmaster
2152,2255,2203,-103,4407,average
2391,2431,2411,-40,4822,master
2270,2152,2211,118,4422,average
2460,2329,2394,131,4789,master
2484,2507,2495,-23,4991,master
2531,2552,2541,-21,5083,grandmaster
2291,2459,2375,-168,4750,master
2250,2680,2465,-430,4930,master
2645,2522,2583,123,5167,grandmaster
2534,2731,2632,-197,5265,grandmaster
2382,2580,2481,-198,4962,master
2469,2663,2566,-194,5132,grandmaster
2359,2356,2357,3,4715,master
2543,2176,2359,367,4719,master
2527,2507,2517,20,5034,grandmaster
2368,2222,2295,146,4590,average
2430,2410,2420,20,4840,master
2276,2455,2365,-179,4731,master
2595,2614,2604,-19,5209,grandmaster
2476,2169,2322,307,4645,master
2427,2322,2374,105,4749,master
2409,2354,2381,55,4763,master
2191,1991,2091,200,4182,novice
2126,2168,2147,-42,4294,average
2480,1799,2139,681,4279,average
2164,2191,2177,-27,4355,average
2211,2317,2264,-106,4528,average
2437,2359,2398,78,4796,master
2225,2050,2137,175,4275,average
2230,1846,2038,384,4076,novice
2336,2225,2280,111,4561,average
2469,2608,2538,-139,5077,grandmaster
1876,1904,1890,-28,3780,novice
2430,2550,2490,-120,4980,master
2329,2468,2398,-139,4797,master
2075,2369,2222,-294,4444,average
2346,2114,2230,232,4460,average
2347,2479,2413,-132,4826,master
1985,2255,2120,-270,4240,average
2390,2034,2212,356,4424,average
2298,2516,2407,-218,4814,master
2284,2092,2188,192,4376,average
2177,2356,2266,-179,4533,average
2145,2351,2248,-206,4496,average
2334,2166,2250,168,4500,average
2559,2440,2499,119,4999,master
2091,2581,2336,-490,4672,master
2144,2068,2106,76,4212,average
2229,2457,2343,-228,4686,master
2538,2394,2466,144,4932,master
2411,2201,2306,210,4612,master
2442,2171,2306,271,4613,master
2022,2205,2113,-183,4227,average
2287,2496,2391,-209,4783,master
2549,2185,2367,364,4734,master
2548,2477,2512,71,5025,grandmaster
2049,2309,2179,-260,4358,average
2625,2244,2434,381,4869,master
2505,2287,2396,218,4792,master
2624,2621,2622,3,5245,grandmaster
2459,2312,2385,147,4771,master
2379,2297,2338,82,4676,master
2436,2263,2349,173,4699,master
2263,2307,2285,-44,4570,average
2442,2280,2361,162,4722,master
2140,2375,2257,-235,4515,average
2411,2493,2452,-82,4904,master
2165,1850,2007,315,4015,novice
1639,1924,1781,-285,3563,novice
2408,2399,2403,9,4807,master
2506,2194,2350,312,4700,master
2699,2764,2731,-65,5463,grandmaster
2388,2233,2310,155,4621,master
2449,2303,2376,146,4752,master
2464,2493,2478,-29,4957,master
2256,2377,2316,-121,4633,master
2442,2397,2419,45,4839,master
2161,2532,2346,-371,4693,master
2208,1999,2103,209,4207,average
2224,2428,2326,-204,4652,master
2414,2404,2409,10,4818,master
2394,2255,2324,139,4649,master
2387,2222,2304,165,4609,master
2466,2270,2368,196,4736,master
2511,2403,2457,108,4914,master
2354,2491,2422,-137,4845,master
1902,2153,2027,-251,4055,novice
1623,2146,1884,-523,3769,novice
2225,2234,2229,-9,4459,average
2191,2520,2355,-329,4711,master
2265,2381,2323,-116,4646,master
2364,2398,2381,-34,4762,master
2241,2439,2340,-198,4680,master
2479,2310,2394,169,4789,master
2464,2424,2444,40,4888,master
2198,1968,2083,230,4166,novice
2638,2388,2513,250,5026,grandmaster
2521,2344,2432,177,4865,master
2695,2612,2653,83,5307,grandmaster
2345,2534,2439,-189,4879,master
2454,2472,2463,-18,4926,master
2568,2440,2504,128,5008,grandmaster
2470,2226,2348,244,4696,master
1884,2547,2215,-663,4431,average
2374,2554,2464,-180,4928,master
2301,2119,2210,182,4420,average
2596,2291,2443,305,4887,master
2645,2302,2473,343,4947,master
1939,2052,1995,-113,3991,novice
2543,2412,2477,131,4955,master
2138,1927,2032,211,4065,novice
2457,2309,2383,148,4766,master
2481,2252,2366,229,4733,master
2392,2275,2333,117,4667,master
2631,2711,2671,-80,5342,grandmaster
2123,2358,2240,-235,4481,average
2457,2063,2260,394,4520,average
2144,2534,2339,-390,4678,master
2497,2351,2424,146,4848,master
2404,2414,2409,-10,4818,master
2583,2206,2394,377,4789,master
2164,2434,2299,-270,4598,average
2395,2270,2332,125,4665,master
2667,2375,2521,292,5042,grandmaster
2693,2469,2581,224,5162,grandmaster
2521,2475,2498,46,4996,master
2053,2205,2129,-152,4258,average
2445,2583,2514,-138,5028,grandmaster
2049,2328,2188,-279,4377,average
2182,1869,2025,313,4051,novice
2409,2573,2491,-164,4982,master
2127,2498,2312,-371,4625,master
2203,2365,2284,-162,4568,average
2313,2366,2339,-53,4679,master
1730,1921,1825,-191,3651,novice
2398,2370,2384,28,4768,master
2664,2610,2637,54,5274,grandmaster
2566,2501,2533,65,5067,grandmaster
2678,2734,2706,-56,5412,grandmaster
2237,2209,2223,28,4446,average
2299,2494,2396,-195,4793,master
2433,2377,2405,56,4810,master
2639,2368,2503,271,5007,grandmaster
2004,1886,1945,118,3890,novice
2551,2205,2378,346,4756,master
2460,2226,2343,234,4686,master
1663,1948,1805,-285,3611,novice
2366,2516,2441,-150,4882,master
2405,2445,2425,-40,4850,master
2451,2187,2319,264,4638,master
2309,2356,2332,-47,4665,master
2271,2379,2325,-108,4650,master
2335,2436,2385,-101,4771,master
2786,2772,2779,14,5558,grandmaster
2261,2427,2344,-166,4688,master
2232,2037,2134,195,4269,average
2330,2563,2446,-233,4893,master
2536,2421,2478,115,4957,master
2421,2159,2290,262,4580,average
2490,2422,2456,68,4912,master
2548,2118,2333,430,4666,master
1951,2213,2082,-262,4164,novice
2513,2392,2452,121,4905,master
2312,2417,2364,-105,4729,master
2543,2399,2471,144,4942,master
2371,2436,2403,-65,4807,master
1712,1747,1729,-35,3459,novice
2454,2218,2336,236,4672,master
2526,2409,2467,117,4935,master
2465,2474,2469,-9,4939,master
2544,2695,2619,-151,5239,grandmaster
2355,2092,2223,263,4447,average
2422,2275,2348,147,4697,master
2385,2482,2433,-97,4867,master
1888,1690,1789,198,3578,novice
2257,2145,2201,112,4402,average
2573,2487,2530,86,5060,grandmaster
2224,2026,2125,198,4250,average
2454,2482,2468,-28,4936,master
2588,2549,2568,39,5137,grandmaster
2315,2480,2397,-165,4795,master
2254,2325,2289,-71,4579,average
1881,2295,2088,-414,4176,novice
2322,2315,2318,7,4637,master
2234,2379,2306,-145,4613,master
2316,2531,2423,-215,4847,master
2259,2422,2340,-163,4681,master
2024,2189,2106,-165,4213,average
2524,2124,2324,400,4648,master
1932,2153,2042,-221,4085,novice
2342,2204,2273,138,4546,average
2483,2526,2504,-43,5009,grandmaster
2321,2274,2297,47,4595,average
2275,2409,2342,-134,4684,master
2450,2683,2566,-233,5133,grandmaster
2124,2013,2068,111,4137,novice
2348,2628,2488,-280,4976,master
2098,1932,2015,166,4030,novice
2431,2187,2309,244,4618,master
2265,2569,2417,-304,4834,master
2261,1961,2111,300,4222,average
2410,2549,2479,-139,4959,master
2459,2408,2433,51,4867,master
2481,2445,2463,36,4926,master
2076,2080,2078,-4,4156,novice
2107,1876,1991,231,3983,novice
2306,2229,2267,77,4535,average
2628,2616,2622,12,5244,grandmaster
2508,2216,2362,292,4724,master
2403,2232,2317,171,4635,master
2378,2274,2326,104,4652,master
2510,2549,2529,-39,5059,grandmaster
2621,2444,2532,177,5065,grandmaster
2375,2339,2357,36,4714,master
2562,2487,2524,75,5049,grandmaster
2580,2779,2679,-199,5359,grandmaster
2261,2442,2351,-181,4703,master
2244,1984,2114,260,4228,average
2506,2468,2487,38,4974,master
2164,2395,2279,-231,4559,average
2365,2422,2393,-57,4787,master
2181,2351,2266,-170,4532,average
2558,2494,2526,64,5052,grandmaster
2069,2345,2207,-276,4414,average
1889,1936,1912,-47,3825,novice
2612,2434,2523,178,5046,grandmaster
2162,2271,2216,-109,4433,average
2235,2440,2337,-205,4675,master
2711,2226,2468,485,4937,master
2385,2148,2266,237,4533,average
2553,2464,2508,89,5017,grandmaster
2391,2312,2351,79,4703,master
2657,2530,2593,127,5187,grandmaster
1774,1997,1885,-223,3771,novice
2438,2354,2396,84,4792,master
2393,2489,2441,-96,4882,master
2746,2702,2724,44,5448,grandmaster
2550,2480,2515,70,5030,grandmaster
2513,2494,2503,19,5007,grandmaster
2288,2475,2381,-187,4763,master
2318,2349,2333,-31,4667,master
2153,2463,2308,-310,4616,master
2324,2509,2416,-185,4833,master
2284,1969,2126,315,4253,average
2436,2468,2452,-32,4904,master
1810,1921,1865,-111,3731,novice
2390,2076,2233,314,4466,average
2486,2366,2426,120,4852,master
2315,2549,2432,-234,4864,master
2254,2074,2164,180,4328,average
2379,2617,2498,-238,4996,master
2377,2329,2353,48,4706,master
2207,2095,2151,112,4302,average
2461,2178,2319,283,4639,master
2404,2314,2359,90,4718,master
2324,2376,2350,-52,4700,master
2083,2100,2091,-17,4183,novice
2238,2366,2302,-128,4604,master
2547,2353,2450,194,4900,master
2132,2553,2342,-421,4685,master
2430,2418,2424,12,4848,master
2343,2275,2309,68,4618,master
2299,2207,2253,92,4506,average
2194,2339,2266,-145,4533,average
2406,2498,2452,-92,4904,master
2156,1956,2056,200,4112,novice
2425,2533,2479,-108,4958,master
2493,2529,2511,-36,5022,grandmaster
2293,2580,2436,-287,4873,master
2512,2453,2482,59,4965,master
1894,2048,1971,-154,3942,novice
2578,2648,2613,-70,5226,grandmaster
2561,2449,2505,112,5010,grandmaster
2305,2270,2287,35,4575,average
2402,2569,2485,-167,4971,master
2441,2567,2504,-126,5008,grandmaster
2130,1962,2046,168,4092,novice
1836,2161,1998,-325,3997,novice
2663,2589,2626,74,5252,grandmaster
2740,2676,2708,64,5416,grandmaster
2310,2391,2350,-81,4701,master
2316,1929,2122,387,4245,average
2174,2368,2271,-194,4542,average
2589,2288,2438,301,4877,master
2397,2297,2347,100,4694,master
2327,2105,2216,222,4432,average
2285,2433,2359,-148,4718,master
2388,2311,2349,77,4699,master
2101,1984,2042,117,4085,novice
1896,1557,1726,339,3453,novice
2369,2558,2463,-189,4927,master
2213,1975,2094,238,4188,novice
2402,2579,2490,-177,4981,master
2560,2368,2464,192,4928,master
2137,2288,2212,-151,4425,average
2337,2267,2302,70,4604,master
2154,1956,2055,198,4110,novice
2107,2155,2131,-48,4262,average
2602,2518,2560,84,5120,grandmaster
2437,2453,2445,-16,4890,master
2025,2416,2220,-391,4441,average
2475,2457,2466,18,4932,master
2488,2281,2384,207,4769,master
2484,2638,2561,-154,5122,grandmaster
2275,2319,2297,-44,4594,average
2043,1802,1922,241,3845,novice
2531,2678,2604,-147,5209,grandmaster
1755,1713,1734,42,3468,novice
2509,2462,2485,47,4971,master
2330,2449,2389,-119,4779,master
2311,2458,2384,-147,4769,master
2176,1865,2020,311,4041,novice
2387,2434,2410,-47,4821,master
2389,2488,2438,-99,4877,master
2125,2256,2190,-131,4381,average
2251,2449,2350,-198,4700,master
2443,2482,2462,-39,4925,master
2357,2407,2382,-50,4764,master
2205,2436,2320,-231,4641,master
2021,2287,2154,-266,4308,average
1888,2064,1976,-176,3952,novice
2253,2292,2272,-39,4545,average
2658,2729,2693,-71,5387,grandmaster
2753,2734,2743,19,5487,grandmaster
2349,2167,2258,182,4516,average
2258,1845,2051,413,4103,novice
2500,2744,2622,-244,5244,grandmaster
2269,2369,2319,-100,4638,master
2749,2663,2706,86,5412,grandmaster
2064,2239,2151,-175,4303,average
2062,1943,2002,119,4005,novice
2462,2161,2311,301,4623,master
2294,2104,2199,190,4398,average
2053,2236,2144,-183,4289,average
2173,2138,2155,35,4311,average
2381,2508,2444,-127,4889,master
2477,2279,2378,198,4756,master
2389,2150,2269,239,4539,average
2579,2549,2564,30,5128,grandmaster
2305,2248,2276,57,4553,average
2544,2111,2327,433,4655,master
1827,1605,1716,222,3432,novice
2289,2431,2360,-142,4720,master
2706,2734,2720,-28,5440,grandmaster
1983,1890,1936,93,3873,novice
2178,2032,2105,146,4210,average
2415,2525,2470,-110,4940,master
2438,2539,2488,-101,4977,master
2435,2643,2539,-208,5078,grandmaster
2329,2504,2416,-175,4833,master
2516,2237,2376,279,4753,master
1913,1744,1828,169,3657,novice
2299,2055,2177,244,4354,average
2377,2540,2458,-163,4917,master
2391,2505,2448,-114,4896,master
2560,2176,2368,384,4736,master
1929,2187,2058,-258,4116,novice
2281,2174,2227,107,4455,average
2402,2062,2232,340,4464,average
2244,2367,2305,-123,4611,master
2371,1845,2108,526,4216,average
2383,2269,2326,114,4652,master
2365,1909,2137,456,4274,average
2552,2438,2495,114,4990,master
2714,2501,2607,213,5215,grandmaster
2365,2499,2432,-134,4864,master
2548,2412,2480,136,4960,master
2360,2464,2412,-104,4824,master
2533,2520,2526,13,5053,grandmaster
2327,2334,2330,-7,4661,master
2438,2473,2455,-35,4911,master
2364,2398,2381,-34,4762,master
2226,1997,2111,229,4223,average
2537,2312,2424,225,4849,master
2084,2281,2182,-197,4365,average
2338,2112,2225,226,4450,average
2766,2732,2749,34,5498,grandmaster
2118,2287,2202,-169,4405,average
1863,1414,1638,449,3277,novice
2239,2003,2121,236,4242,average
2428,2239,2333,189,4667,master
2109,2331,2220,-222,4440,average
2637,2631,2634,6,5268,grandmaster
2528,2686,2607,-158,5214,grandmaster
1978,1952,1965,26,3930,novice
2402,2385,2393,17,4787,master
2400,2488,2444,-88,4888,master
2441,2510,2475,-69,4951,master
2471,2583,2527,-112,5054,grandmaster
2571,2289,2430,282,4860,master
1693,1393,1543,300,3086,novice
2704,2617,2660,87,5321,grandmaster
2385,2109,2247,276,4494,average
2476,2226,2351,250,4702,master
2712,2498,2605,214,5210,grandmaster
2399,2316,2357,83,4715,master
2678,2172,2425,506,4850,master
2620,2460,2540,160,5080,grandmaster
2330,2455,2392,-125,4785,master
2700,2647,2673,53,5347,grandmaster
2292,2403,2347,-111,4695,master
2356,2327,2341,29,4683,master
2563,2288,2425,275,4851,master
2555,2379,2467,176,4934,master
2448,2007,2227,441,4455,average
2351,2313,2332,38,4664,master
2289,1994,2141,295,4283,average
2266,2188,2227,78,4454,average
2621,2714,2667,-93,5335,grandmaster
2605,2613,2609,-8,5218,grandmaster
2571,2478,2524,93,5049,grandmaster
2183,1781,1982,402,3964,novice
1876,2101,1988,-225,3977,novice
2487,2449,2468,38,4936,master
2274,2166,2220,108,4440,average
2170,2016,2093,154,4186,novice
2672,2713,2692,-41,5385,grandmaster
2561,2451,2506,110,5012,grandmaster
2486,2488,2487,-2,4974,master
2627,2628,2627,-1,5255,grandmaster
2593,2590,2591,3,5183,grandmaster
2640,2541,2590,99,5181,grandmaster
2720,2792,2756,-72,5512,grandmaster
2374,2309,2341,65,4683,master
2456,2378,2417,78,4834,master
2305,2138,2221,167,4443,average
2540,2576,2558,-36,5116,grandmaster
2444,2207,2325,237,4651,master
2380,2456,2418,-76,4836,master
2417,2448,2432,-31,4865,master
2351,2542,2446,-191,4893,master
2495,2404,2449,91,4899,master
2013,2107,2060,-94,4120,novice
2538,2582,2560,-44,5120,grandmaster
2115,2267,2191,-152,4382,average
2192,2101,2146,91,4293,average
2310,2091,2200,219,4401,average
2479,2238,2358,241,4717,master
2377,2374,2375,3,4751,master
2439,2187,2313,252,4626,master
2183,2019,2101,164,4202,average
2379,2205,2292,174,4584,average
2095,2569,2332,-474,4664,master
2196,2261,2228,-65,4457,average
2358,2422,2390,-64,4780,master
2544,2529,2536,15,5073,grandmaster
2214,2178,2196,36,4392,average
2455,2546,2500,-91,5001,master
2171,2126,2148,45,4297,average
2537,2512,2524,25,5049,grandmaster
2230,2417,2323,-187,4647,master
2474,2608,2541,-134,5082,grandmaster
2243,2578,2410,-335,4821,master
2386,2510,2448,-124,4896,master
2272,2598,2435,-326,4870,master
2366,2616,2491,-250,4982,master
2567,2158,2362,409,4725,master
2486,2492,2489,-6,4978,master
2345,2525,2435,-180,4870,master
2402,2367,2384,35,4769,master
2368,2253,2310,115,4621,master
2547,2443,2495,104,4990,master
2506,2345,2425,161,4851,master
2604,2571,2587,33,5175,grandmaster
2069,2193,2131,-124,4262,average
2399,2369,2384,30,4768,master
2516,2475,2495,41,4991,master
2510,2269,2389,241,4779,master
2436,2638,2537,-202,5074,grandmaster
2551,2421,2486,130,4972,master
2574,2340,2457,234,4914,master
2065,2198,2131,-133,4263,average
2550,2416,2483,134,4966,master
1973,1919,1946,54,3892,novice
2418,2358,2388,60,4776,master
1645,1893,1769,-248,3538,novice
2299,2533,2416,-234,4832,master
1849,2173,2011,-324,4022,novice
2563,2412,2487,151,4975,master
2552,2326,2439,226,4878,master
2383,2396,2389,-13,4779,master
2500,2562,2531,-62,5062,grandmaster
2079,2048,2063,31,4127,novice
2663,2438,2550,225,5101,grandmaster
2591,2420,2505,171,5011,grandmaster
2063,2143,2103,-80,4206,average
2394,2473,2433,-79,4867,master
2340,2457,2398,-117,4797,master
2098,2552,2325,-454,4650,master
2560,2318,2439,242,4878,master
2527,2421,2474,106,4948,master
2316,2470,2393,-154,4786,master
2623,2383,2503,240,5006,grandmaster
2503,2418,2460,85,4921,master
2608,2543,2575,65,5151,grandmaster
2250,2609,2429,-359,4859,master
2322,2304,2313,18,4626,master
1776,1995,1885,-219,3771,novice
2263,2461,2362,-198,4724,master
2090,1946,2018,144,4036,novice
2288,2579,2433,-291,4867,master
2593,2511,2552,82,5104,grandmaster
2000,2069,2034,-69,4069,novice
2484,2432,2458,52,4916,master
2212,1937,2074,275,4149,novice
2336,2015,2175,321,4351,average
2401,2512,2456,-111,4913,master
2304,2263,2283,41,4567,average
2222,2438,2330,-216,4660,master
2377,2060,2218,317,4437,average
2400,2232,2316,168,4632,master
2428,2549,2488,-121,4977,master
2539,2269,2404,270,4808,master
2541,2556,2548,-15,5097,grandmaster
1609,2167,1888,-558,3776,novice
2324,2337,2330,-13,4661,master
2582,2545,2563,37,5127,grandmaster
2081,1933,2007,148,4014,novice
2368,2078,2223,290,4446,average
2429,2563,2496,-134,4992,master
2001,2030,2015,-29,4031,novice
2521,2067,2294,454,4588,average
2484,2446,2465,38,4930,master
2353,2076,2214,277,4429,average
2364,2716,2540,-352,5080,grandmaster
2557,2264,2410,293,4821,master
2570,2454,2512,116,5024,grandmaster
1823,2071,1947,-248,3894,novice
2706,2417,2561,289,5123,grandmaster
2500,2425,2462,75,4925,master
2387,2277,2332,110,4664,master
2366,2196,2281,170,4562,average
2177,2435,2306,-258,4612,master
2344,2546,2445,-202,4890,master
1657,2000,1828,-343,3657,novice
2304,2237,2270,67,4541,average
2253,2386,2319,-133,4639,master
2304,2049,2176,255,4353,average
2658,2709,2683,-51,5367,grandmaster
2548,2338,2443,210,4886,master
2350,2111,2230,239,4461,average
2422,2373,2397,49,4795,master
2511,2541,2526,-30,5052,grandmaster
2182,2591,2386,-409,4773,master
2531,2339,2435,192,4870,master
2612,2472,2542,140,5084,grandmaster
2403,2368,2385,35,4771,master
2605,2524,2564,81,5129,grandmaster
2247,2287,2267,-40,4534,average
2385,2233,2309,152,4618,master
2469,2439,2454,30,4908,master
1558,1799,1678,-241,3357,novice
2254,1737,1995,517,3991,novice
2496,2314,2405,182,4810,master
2130,2022,2076,108,4152,novice
2074,2184,2129,-110,4258,average
2571,2420,2495,151,4991,master
2270,2443,2356,-173,4713,master
2144,2256,2200,-112,4400,average
2542,2608,2575,-66,5150,grandmaster
1995,2307,2151,-312,4302,average
2399,2178,2288,221,4577,average
2536,2669,2602,-133,5205,grandmaster
2358,2402,2380,-44,4760,master
2430,2234,2332,196,4664,master
1796,2081,1938,-285,3877,novice
2599,2659,2629,-60,5258,grandmaster
2448,2490,2469,-42,4938,master
2151,2391,2271,-240,4542,average
2257,2180,2218,77,4437,average
2392,2526,2459,-134,4918,master
2816,2697,2756,119,5513,grandmaster
2454,2721,2587,-267,5175,grandmaster
2734,2753,2743,-19,5487,grandmaster
2363,2506,2434,-143,4869,master
2444,2498,2471,-54,4942,master
2426,2522,2474,-96,4948,master
2422,2546,2484,-124,4968,master
2139,2518,2328,-379,4657,master
2526,2105,2315,421,4631,master
2547,2581,2564,-34,5128,grandmaster
2442,2723,2582,-281,5165,grandmaster
2449,2349,2399,100,4798,master
2402,2270,2336,132,4672,master
2433,2375,2404,58,4808,master
2630,2482,2556,148,5112,grandmaster
2414,2083,2248,331,4497,average
2440,2210,2325,230,4650,master
2214,2291,2252,-77,4505,average
2214,2395,2304,-181,4609,master
2258,2340,2299,-82,4598,average
2284,2619,2451,-335,4903,master
2292,2427,2359,-135,4719,master
2275,2147,2211,128,4422,average
2105,2299,2202,-194,4404,average
2296,2538,2417,-242,4834,master
2487,2515,2501,-28,5002,grandmaster
2547,2271,2409,276,4818,master
2518,2644,2581,-126,5162,grandmaster
2540,2505,2522,35,5045,grandmaster
2001,1824,1912,177,3825,novice
2498,2628,2563,-130,5126,grandmaster
2431,2546,2488,-115,4977,master
2066,2278,2172,-212,4344,average
2257,2514,2385,-257,4771,master
2609,2705,2657,-96,5314,grandmaster
2476,2418,2447,58,4894,master
2516,2242,2379,274,4758,master
2396,2585,2490,-189,4981,master
2230,2409,2319,-179,4639,master
2258,2190,2224,68,4448,average
2639,2535,2587,104,5174,grandmaster
2529,2545,2537,-16,5074,grandmaster
2504,2358,2431,146,4862,master
2408,2487,2447,-79,4895,master
2536,2132,2334,404,4668,master
2375,2496,2435,-121,4871,master
2267,2548,2407,-281,4815,master
2161,2260,2210,-99,4421,average
2199,2304,2251,-105,4503,average
2050,2023,2036,27,4073,novice
2585,2508,2546,77,5093,grandmaster
1918,2079,1998,-161,3997,novice
2518,2427,2472,91,4945,master
2305,2231,2268,74,4536,average
2678,2706,2692,-28,5384,grandmaster
2417,2389,2403,28,4806,master
2570,2277,2423,293,4847,master
2380,2325,2352,55,4705,master
2273,1975,2124,298,4248,average
2329,2222,2275,107,4551,average
2117,2547,2332,-430,4664,master
2093,1921,2007,172,4014,novice
2488,2645,2566,-157,5133,grandmaster
2371,2458,2414,-87,4829,master
2170,2071,2120,99,4241,average
2095,2269,2182,-174,4364,average
2599,2374,2486,225,4973,master
2193,2188,2190,5,4381,average
2604,2295,2449,309,4899,master
2070,2422,2246,-352,4492,average
1995,1896,1945,99,3891,novice
2489,2281,2385,208,4770,master
1956,2148,2052,-192,4104,novice
2413,2330,2371,83,4743,master
2298,2184,2241,114,4482,average
2162,2541,2351,-379,4703,master
2163,2312,2237,-149,4475,average
2080,2001,2040,79,4081,novice
2196,2299,2247,-103,4495,average
2570,2410,2490,160,4980,master
2601,2614,2607,-13,5215,grandmaster
2105,1969,2037,136,4074,novice
2556,2411,2483,145,4967,master
2495,2289,2392,206,4784,master
2655,2544,2599,111,5199,grandmaster
2220,2303,2261,-83,4523,average
1997,2246,2121,-249,4243,average
2688,2619,2653,69,5307,grandmaster
2031,2238,2134,-207,4269,average
2178,2376,2277,-198,4554,average
2108,1890,1999,218,3998,novice
2555,2651,2603,-96,5206,grandmaster
2485,2281,2383,204,4766,master
2257,2223,2240,34,4480,average
2340,2332,2336,8,4672,master
2091,2032,2061,59,4123,novice
2315,2512,2413,-197,4827,master
2477,2499,2488,-22,4976,master
2575,2641,2608,-66,5216,grandmaster
2066,1969,2017,97,4035,novice
2403,2125,2264,278,4528,average
2447,2430,2438,17,4877,master
2400,2261,2330,139,4661,master
2321,2507,2414,-186,4828,master
2282,2706,2494,-424,4988,master
2187,1929,2058,258,4116,novice
2006,1835,1920,171,3841,novice
1852,1677,1764,175,3529,novice
2455,2210,2332,245,4665,master
2423,2426,2424,-3,4849,master
1980,2013,1996,-33,3993,novice
1938,2099,2018,-161,4037,novice
2472,2311,2391,161,4783,master
2299,1797,2048,502,4096,novice
2198,1908,2053,290,4106,novice
2552,2379,2465,173,4931,master
2665,2639,2652,26,5304,grandmaster
2192,1847,2019,345,4039,novice
2564,2046,2305,518,4610,master
2009,1755,1882,254,3764,novice
2507,2294,2400,213,4801,master
2428,2489,2458,-61,4917,master
2516,2711,2613,-195,5227,grandmaster
2625,2425,2525,200,5050,grandmaster
2316,2362,2339,-46,4678,master
2438,2185,2311,253,4623,master
2250,2078,2164,172,4328,average
2473,2273,2373,200,4746,master
2528,2428,2478,100,4956,master
2338,2581,2459,-243,4919,master
2323,2328,2325,-5,4651,master
2605,2418,2511,187,5023,grandmaster
2211,2227,2219,-16,4438,average
1785,2069,1927,-284,3854,novice
1914,2040,1977,-126,3954,novice
2244,2445,2344,-201,4689,master
2564,2352,2458,212,4916,master
2295,2203,2249,92,4498,average
2331,2328,2329,3,4659,master
2288,2227,2257,61,4515,average
2496,2174,2335,322,4670,master
2458,2511,2484,-53,4969,master
2675,2534,2604,141,5209,grandmaster
2438,2347,2392,91,4785,master
2525,2464,2494,61,4989,master
2063,1911,1987,152,3974,novice
2428,2265,2346,163,4693,master
2164,1995,2079,169,4159,novice
2244,2121,2182,123,4365,average
2373,2507,2440,-134,4880,master
2251,2286,2268,-35,4537,average
2434,2338,2386,96,4772,master
2450,2482,2466,-32,4932,master
2436,2673,2554,-237,5109,grandmaster
2416,2481,2448,-65,4897,master
2010,2362,2186,-352,4372,average
2659,2451,2555,208,5110,grandmaster
1676,1808,1742,-132,3484,novice
2238,2356,2297,-118,4594,average
2595,2479,2537,116,5074,grandmaster
2184,2327,2255,-143,4511,average
2469,2493,2481,-24,4962,master
2375,2514,2444,-139,4889,master
2311,2460,2385,-149,4771,master
2048,2515,2281,-467,4563,average
2397,2219,2308,178,4616,master
1767,1950,1858,-183,3717,novice
2506,2409,2457,97,4915,master
2136,2484,2310,-348,4620,master
2391,2296,2343,95,4687,master
2308,2491,2399,-183,4799,master
2053,2278,2165,-225,4331,average
2480,2234,2357,246,4714,master
2275,2469,2372,-194,4744,master
2490,2464,2477,26,4954,master
2593,2574,2583,19,5167,grandmaster
2361,2493,2427,-132,4854,master
2574,2286,2430,288,4860,master
1756,1729,1742,27,3485,novice
2401,2474,2437,-73,4875,master
1990,2256,2123,-266,4246,average
2505,2642,2573,-137,5147,grandmaster
2663,2471,2567,192,5134,grandmaster
2322,2297,2309,25,4619,master
2332,2300,2316,32,4632,master
2506,2771,2638,-265,5277,grandmaster
2338,2445,2391,-107,4783,master
2428,2069,2248,359,4497,average
2463,2432,2447,31,4895,master
2377,2656,2516,-279,5033,grandmaster
2441,2512,2476,-71,4953,master
2560,2669,2614,-109,5229,grandmaster
2669,2500,2584,169,5169,grandmaster
2568,2329,2448,239,4897,master
1962,2127,2044,-165,4089,novice
2368,2267,2317,101,4635,master
2651,2659,2655,-8,5310,grandmaster
2251,2362,2306,-111,4613,master
2364,2362,2363,2,4726,master
2499,2254,2376,245,4753,master
2498,2471,2484,27,4969,master
2437,2294,2365,143,4731,master
2724,2672,2698,52,5396,grandmaster
2020,2155,2087,-135,4175,novice
2156,2401,2278,-245,4557,average
2366,2443,2404,-77,4809,master
2361,2360,2360,1,4721,master
2594,2320,2457,274,4914,master
2249,2113,2181,136,4362,average
2363,2426,2394,-63,4789,master
2505,2196,2350,309,4701,master
1880,2207,2043,-327,4087,novice
2432,2286,2359,146,4718,master
2448,2359,2403,89,4807,master
2169,2237,2203,-68,4406,average
2301,2350,2325,-49,4651,master
2592,2531,2561,61,5123,grandmaster
2381,2457,2419,-76,4838,master
2274,2338,2306,-64,4612,master
2678,2628,2653,50,5306,grandmaster
2536,2316,2426,220,4852,master
2108,2331,2219,-223,4439,average
2624,2526,2575,98,5150,grandmaster
2531,2554,2542,-23,5085,grandmaster
2503,2385,2444,118,4888,master
2106,1986,2046,120,4092,novice
2367,2310,2338,57,4677,master
2267,2416,2341,-149,4683,master
2316,2074,2195,242,4390,average
2373,2136,2254,237,4509,average
2363,2479,2421,-116,4842,master
2066,2254,2160,-188,4320,average
2679,2771,2725,-92,5450,grandmaster
2346,2444,2395,-98,4790,master
2397,2298,2347,99,4695,master
2346,2537,2441,-191,4883,master
2201,2307,2254,-106,4508,average
2440,2395,2417,45,4835,master
2586,2523,2554,63,5109,grandmaster
1962,2225,2093,-263,4187,novice
2491,2358,2424,133,4849,master
2356,2494,2425,-138,4850,master
2491,2688,2589,-197,5179,grandmaster
2527,2597,2562,-70,5124,grandmaster
2248,2141,2194,107,4389,average
2396,2520,2458,-124,4916,master
2235,2416,2325,-181,4651,master
2181,2538,2359,-357,4719,master
2636,2294,2465,342,4930,master
2182,2426,2304,-244,4608,master
2233,2087,2160,146,4320,average
2065,1947,2006,118,4012,novice
2332,2166,2249,166,4498,average
2229,2425,2327,-196,4654,master
2101,2416,2258,-315,4517,average
2067,2313,2190,-246,4380,average
2198,2058,2128,140,4256,average
2508,2514,2511,-6,5022,grandmaster
2232,2377,2304,-145,4609,master
2308,2526,2417,-218,4834,master
2391,2469,2430,-78,4860,master
2630,2563,2596,67,5193,grandmaster
2212,2290,2251,-78,4502,average
2785,2632,2708,153,5417,grandmaster
1956,2589,2272,-633,4545,average
2514,2399,2456,115,4913,master
2506,2489,2497,17,4995,master
2284,2112,2198,172,4396,average
2217,2526,2371,-309,4743,master
2270,2493,2381,-223,4763,master
2469,2507,2488,-38,4976,master
2368,2486,2427,-118,4854,master
1927,2116,2021,-189,4043,novice
2527,2421,2474,106,4948,master
2417,2580,2498,-163,4997,master
2669,2141,2405,528,4810,master
2417,2398,2407,19,4815,master
2387,2597,2492,-210,4984,master
2192,2654,2423,-462,4846,master
2193,2325,2259,-132,4518,average
2446,2242,2344,204,4688,master
2328,2308,2318,20,4636,master
2115,1753,1934,362,3868,novice
2382,2175,2278,207,4557,average
2525,2353,2439,172,4878,master
2237,2540,2388,-303,4777,master
2623,2327,2475,296,4950,master
2549,2390,2469,159,4939,master
2422,2327,2374,95,4749,master
2637,2500,2568,137,5137,grandmaster
2422,2246,2334,176,4668,master
2134,1994,2064,140,4128,novice
2435,2595,2515,-160,5030,grandmaster
2302,2532,2417,-230,4834,master
2608,2345,2476,263,4953,master
2363,2244,2303,119,4607,master
2123,2356,2239,-233,4479,average
2525,2362,2443,163,4887,master
2071,2297,2184,-226,4368,average
2463,2618,2540,-155,5081,grandmaster
2006,2190,2098,-184,4196,novice
2336,2235,2285,101,4571,average
2469,2358,2413,111,4827,master
2476,2384,2430,92,4860,master
2518,2365,2441,153,4883,master
2446,2233,2339,213,4679,master
2471,2557,2514,-86,5028,grandmaster
2467,2194,2330,273,4661,master
2410,2472,2441,-62,4882,master
2531,2462,2496,69,4993,master
2195,2199,2197,-4,4394,average
2397,2343,2370,54,4740,master
1927,1974,1950,-47,3901,novice
2346,2481,2413,-135,4827,master
2392,2588,2490,-196,4980,master
2409,2258,2333,151,4667,master
2483,2457,2470,26,4940,master
2397,2246,2321,151,4643,master
2458,2372,2415,86,4830,master
2554,2240,2397,314,4794,master
2451,2345,2398,106,4796,master
2326,2652,2489,-326,4978,master
2204,1980,2092,224,4184,novice
2761,2826,2793,-65,5587,grandmaster
1884,2313,2098,-429,4197,novice
2404,2170,2287,234,4574,average
2599,2388,2493,211,4987,master
2235,2027,2131,208,4262,average
2138,1916,2027,222,4054,novice
1691,1955,1823,-264,3646,novice
2499,2158,2328,341,4657,master
2242,2453,2347,-211,4695,master
2398,2310,2354,88,4708,master
2042,2273,2157,-231,4315,average
2148,2401,2274,-253,4549,average
2304,2404,2354,-100,4708,master
2203,2287,2245,-84,4490,average
2484,2301,2392,183,4785,master
2370,2630,2500,-260,5000,master
1919,2119,2019,-200,4038,novice
2078,1831,1954,247,3909,novice
1927,2094,2010,-167,4021,novice
2387,2559,2473,-172,4946,master
2244,2080,2162,164,4324,average
2141,2246,2193,-105,4387,average
2226,2613,2419,-387,4839,master
2449,2599,2524,-150,5048,grandmaster
2344,2320,2332,24,4664,master
2179,1989,2084,190,4168,novice
2265,2532,2398,-267,4797,master
2383,2008,2195,375,4391,average
2221,2292,2256,-71,4513,average
1911,2201,2056,-290,4112,novice
2253,2347,2300,-94,4600,average
2287,2536,2411,-249,4823,master
2445,2110,2277,335,4555,average
2285,2072,2178,213,4357,average
2342,2354,2348,-12,4696,master
2052,1952,2002,100,4004,novice
2203,2093,2148,110,4296,average
2228,1965,2096,263,4193,novice
2535,2641,2588,-106,5176,grandmaster
2580,2438,2509,142,5018,grandmaster
2270,2114,2192,156,4384,average
2560,2596,2578,-36,5156,grandmaster
2518,2449,2483,69,4967,master
2645,2604,2624,41,5249,grandmaster
2430,2550,2490,-120,4980,master
2417,2429,2423,-12,4846,master
1929,2204,2066,-275,4133,novice
2396,1978,2187,418,4374,average
2775,2681,2728,94,5456,grandmaster
2407,2532,2469,-125,4939,master
2278,2403,2340,-125,4681,master
2114,2194,2154,-80,4308,average
2741,2775,2758,-34,5516,grandmaster
2498,2285,2391,213,4783,master
2098,2414,2256,-316,4512,average
2468,2429,2448,39,4897,master
2026,1941,1983,85,3967,novice
2557,2406,2481,151,4963,master
2368,2259,2313,109,4627,master
1788,2306,2047,-518,4094,novice
2620,2598,2609,22,5218,grandmaster
2472,2410,2441,62,4882,master
2479,2396,2437,83,4875,master
2093,2235,2164,-142,4328,average
2296,2519,2407,-223,4815,master
2214,2486,2350,-272,4700,master
2339,2006,2172,333,4345,average
2393,2407,2400,-14,4800,master
2211,2116,2163,95,4327,average
2451,2416,2433,35,4867,master
2452,2242,2347,210,4694,master
2448,2206,2327,242,4654,master
2771,2616,2693,155,5387,grandmaster
2403,2471,2437,-68,4874,master
2438,2313,2375,125,4751,master
1919,2026,1972,-107,3945,novice
2353,2353,2353,0,4706,master
2268,2122,2195,146,4390,average
2638,2473,2555,165,5111,grandmaster
2481,2473,2477,8,4954,master
2487,2312,2399,175,4799,master
2137,2282,2209,-145,4419,average
2605,2487,2546,118,5092,grandmaster
2082,2173,2127,-91,4255,average
2643,2502,2572,141,5145,grandmaster
2360,2391,2375,-31,4751,master
2245,2421,2333,-176,4666,master
1924,2398,2161,-474,4322,average
2477,2382,2429,95,4859,master
2572,2190,2381,382,4762,master
2320,2443,2381,-123,4763,master
2259,2462,2360,-203,4721,master
2377,2244,2310,133,4621,master
2510,2273,2391,237,4783,master
2236,2460,2348,-224,4696,master
2039,2326,2182,-287,4365,average
2120,2291,2205,-171,4411,average
2532,2687,2609,-155,5219,grandmaster
2531,2610,2570,-79,5141,grandmaster
2579,1939,2259,640,4518,average
2121,2282,2201,-161,4403,average
2553,2418,2485,135,4971,master
2516,2346,2431,170,4862,master
2525,2788,2656,-263,5313,grandmaster
2352,2526,2439,-174,4878,master
2501,2655,2578,-154,5156,grandmaster
2307,2161,2234,146,4468,average
2534,2496,2515,38,5030,grandmaster
2478,2428,2453,50,4906,master
2368,2279,2323,89,4647,master
2132,2413,2272,-281,4545,average
2401,2226,2313,175,4627,master
2203,1811,2007,392,4014,novice
2299,2228,2263,71,4527,average
2541,2424,2482,117,4965,master
2567,2343,2455,224,4910,master
2722,2712,2717,10,5434,grandmaster
2259,2339,2299,-80,4598,average
2402,2400,2401,2,4802,master
2398,2371,2384,27,4769,master
2538,2622,2580,-84,5160,grandmaster
2201,2231,2216,-30,4432,average
2442,2121,2281,321,4563,average
1912,2228,2070,-316,4140,novice
1636,1940,1788,-304,3576,novice
2680,2548,2614,132,5228,grandmaster
2664,2683,2673,-19,5347,grandmaster
1931,2334,2132,-403,4265,average
2372,2405,2388,-33,4777,master
2457,2594,2525,-137,5051,grandmaster
2423,2277,2350,146,4700,master
2518,2434,2476,84,4952,master
2449,2477,2463,-28,4926,master
1616,1835,1725,-219,3451,novice
2420,2563,2491,-143,4983,master
2434,2256,2345,178,4690,master
2413,2208,2310,205,4621,master
2620,2693,2656,-73,5313,grandmaster
2463,2528,2495,-65,4991,master
2278,2476,2377,-198,4754,master
2475,2443,2459,32,4918,master
2196,2685,2440,-489,4881,master
2518,2370,2444,148,4888,master
2227,2114,2170,113,4341,average
2419,2468,2443,-49,4887,master
1610,1953,1781,-343,3563,novice
2470,2045,2257,425,4515,average
2088,2328,2208,-240,4416,average
2300,2149,2224,151,4449,average
2418,2482,2450,-64,4900,master
2552,2416,2484,136,4968,master
1981,2618,2299,-637,4599,average
2297,2487,2392,-190,4784,master
2145,2426,2285,-281,4571,average
2420,2464,2442,-44,4884,master
2528,2524,2526,4,5052,grandmaster
2223,2415,2319,-192,4638,master
2437,2301,2369,136,4738,master
2558,2620,2589,-62,5178,grandmaster
2183,2310,2246,-127,4493,average
2311,2423,2367,-112,4734,master
2397,2521,2459,-124,4918,master
2353,2426,2389,-73,4779,master
2298,2477,2387,-179,4775,master
1786,1792,1789,-6,3578,novice
2591,2297,2444,294,4888,master
2452,2602,2527,-150,5054,grandmaster
2626,2710,2668,-84,5336,grandmaster
2495,2117,2306,378,4612,master
2556,2453,2504,103,5009,grandmaster
2047,2144,2095,-97,4191,novice
2590,2367,2478,223,4957,master
1923,1820,1871,103,3743,novice
2347,2366,2356,-19,4713,master
2617,2295,2456,322,4912,master
2394,2325,2359,69,4719,master
2177,2058,2117,119,4235,average
2310,2282,2296,28,4592,average
2410,2440,2425,-30,4850,master
2588,2254,2421,334,4842,master
2260,2340,2300,-80,4600,average
2563,2467,2515,96,5030,grandmaster
2322,2396,2359,-74,4718,master
2547,2419,2483,128,4966,master
1995,2174,2084,-179,4169,novice
2506,2367,2436,139,4873,master
2412,2010,2211,402,4422,average
2516,2559,2537,-43,5075,grandmaster
2474,2180,2327,294,4654,master
2237,2166,2201,71,4403,average
2417,2312,2364,105,4729,master
2281,2142,2211,139,4423,average
2235,2227,2231,8,4462,average
1848,1634,1741,214,3482,novice
2572,2711,2641,-139,5283,grandmaster
2307,2166,2236,141,4473,average
2208,2449,2328,-241,4657,master
2227,2147,2187,80,4374,average
2260,2631,2445,-371,4891,master
2246,1713,1979,533,3959,novice
2056,2381,2218,-325,4437,average
2243,2269,2256,-26,4512,average
2558,2565,2561,-7,5123,grandmaster
2479,2584,2531,-105,5063,grandmaster
2575,2426,2500,149,5001,master
2415,2542,2478,-127,4957,master
2522,2487,2504,35,5009,grandmaster
2534,2537,2535,-3,5071,grandmaster
2173,2533,2353,-360,4706,master
2040,2147,2093,-107,4187,novice
2490,2241,2365,249,4731,master
2429,2443,2436,-14,4872,master
1957,1812,1884,145,3769,novice
2355,2438,2396,-83,4793,master
2329,2261,2295,68,4590,average
2623,2370,2496,253,4993,master
2461,2410,2435,51,4871,master
2575,2399,2487,176,4974,master
2402,2484,2443,-82,4886,master
2375,2500,2437,-125,4875,master
2344,2141,2242,203,4485,average
2359,2476,2417,-117,4835,master
2365,2428,2396,-63,4793,master
2370,2431,2400,-61,4801,master
2311,2169,2240,142,4480,average
2587,2342,2464,245,4929,master
2281,2290,2285,-9,4571,average
2544,2489,2516,55,5033,grandmaster
2304,2356,2330,-52,4660,master
2419,2252,2335,167,4671,master
2207,2346,2276,-139,4553,average
2422,2233,2327,189,4655,master
2635,2451,2543,184,5086,grandmaster
2404,2460,2432,-56,4864,master
2412,2271,2341,141,4683,master
1737,2270,2003,-533,4007,novice
2020,2235,2127,-215,4255,average
2521,2593,2557,-72,5114,grandmaster
2457,2176,2316,281,4633,master
2451,2408,2429,43,4859,master
2404,2249,2326,155,4653,master
2469,2681,2575,-212,5150,grandmaster
2154,1991,2072,163,4145,novice
2434,2078,2256,356,4512,average
2331,2462,2396,-131,4793,master
2453,2614,2533,-161,5067,grandmaster
2343,1976,2159,367,4319,average
2305,2312,2308,-7,4617,master
2392,2306,2349,86,4698,master
2166,2377,2271,-211,4543,average
2371,2423,2397,-52,4794,master
2511,2465,2488,46,4976,master
2548,2620,2584,-72,5168,grandmaster
2642,2491,2566,151,5133,grandmaster
1919,1885,1902,34,3804,novice
2285,1971,2128,314,4256,average
2458,2213,2335,245,4671,master
2233,2108,2170,125,4341,average
1989,2137,2063,-148,4126,novice
2457,2152,2304,305,4609,master
2439,2211,2325,228,4650,master
2276,2139,2207,137,4415,average
2475,2549,2512,-74,5024,grandmaster
2602,2473,2537,129,5075,grandmaster
2348,1890,2119,458,4238,average
2524,2263,2393,261,4787,master
2438,2355,2396,83,4793,master
2397,2257,2327,140,4654,master
2448,2571,2509,-123,5019,grandmaster
2386,2275,2330,111,4661,master
2356,2112,2234,244,4468,average
2368,2242,2305,126,4610,master
2365,1978,2171,387,4343,average
2251,2322,2286,-71,4573,average
2533,2344,2438,189,4877,master
2187,2381,2284,-194,4568,average
2502,2581,2541,-79,5083,grandmaster
2552,2501,2526,51,5053,grandmaster
2425,2525,2475,-100,4950,master
2324,2260,2292,64,4584,average
2138,2092,2115,46,4230,average
1744,1849,1796,-105,3593,novice
2388,2512,2450,-124,4900,master
2269,2430,2349,-161,4699,master
2185,2381,2283,-196,4566,average
2457,2348,2402,109,4805,master
1645,1879,1762,-234,3524,novice
2735,2771,2753,-36,5506,grandmaster
2523,2313,2418,210,4836,master
2185,1867,2026,318,4052,novice
2306,2289,2297,17,4595,average
2358,2590,2474,-232,4948,master
2410,2416,2413,-6,4826,master
2328,2497,2412,-169,4825,master
2546,2281,2413,265,4827,master
2124,2260,2192,-136,4384,average
2529,2430,2479,99,4959,master
1655,2151,1903,-496,3806,novice
2360,2643,2501,-283,5003,grandmaster
2586,2637,2611,-51,5223,grandmaster
2390,2530,2460,-140,4920,master
2394,2469,2431,-75,4863,master
2639,2523,2581,116,5162,grandmaster
2176,2343,2259,-167,4519,average
2263,2327,2295,-64,4590,average
2391,2402,2396,-11,4793,master
2340,1877,2108,463,4217,average
2634,2511,2572,123,5145,grandmaster
2522,2179,2350,343,4701,master
2662,2672,2667,-10,5334,grandmaster
2389,2531,2460,-142,4920,master
2256,1922,2089,334,4178,novice
2148,2567,2357,-419,4715,master
2644,2573,2608,71,5217,grandmaster
1872,1872,1872,0,3744,novice
2203,1927,2065,276,4130,novice
2463,2293,2378,170,4756,master
2487,2257,2372,230,4744,master
2398,2538,2468,-140,4936,master
2329,1947,2138,382,4276,average
2561,2328,2444,233,4889,master
2603,2530,2566,73,5133,grandmaster
2257,2453,2355,-196,4710,master
2620,2495,2557,125,5115,grandmaster
2441,2458,2449,-17,4899,master
2521,2370,2445,151,4891,master
2284,2468,2376,-184,4752,master
2137,2458,2297,-321,4595,average
2046,2390,2218,-344,4436,average
2619,2655,2637,-36,5274,grandmaster
2303,2309,2306,-6,4612,master
2254,2245,2249,9,4499,average
2046,2126,2086,-80,4172,novice
2554,2372,2463,182,4926,master
2248,2554,2401,-306,4802,master
2495,2457,2476,38,4952,master
2616,2250,2433,366,4866,master
2215,2533,2374,-318,4748,master
2529,2218,2373,311,4747,master
1913,2289,2101,-376,4202,average
2480,2256,2368,224,4736,master
2462,2594,2528,-132,5056,grandmaster
2069,2169,2119,-100,4238,average
2549,2328,2438,221,4877,master
2412,2403,2407,9,4815,master
2332,2352,2342,-20,4684,master
2087,2260,2173,-173,4347,average
2147,1958,2052,189,4105,novice
2033,2136,2084,-103,4169,novice
2495,2261,2378,234,4756,master
2581,2529,2555,52,5110,grandmaster
2741,2656,2698,85,5397,grandmaster
2779,2753,2766,26,5532,grandmaster
2416,2613,2514,-197,5029,grandmaster
2271,2427,2349,-156,4698,master
2437,2412,2424,25,4849,master
2556,2600,2578,-44,5156,grandmaster
2542,2453,2497,89,4995,master
2572,2660,2616,-88,5232,grandmaster
2512,2295,2403,217,4807,master
1834,2031,1932,-197,3865,novice
2173,2562,2367,-389,4735,master
2127,2222,2174,-95,4349,average
2650,2685,2667,-35,5335,grandmaster
2170,2464,2317,-294,4634,master
2661,2757,2709,-96,5418,grandmaster
2259,2276,2267,-17,4535,average
2485,2343,2414,142,4828,master
2284,1988,2136,296,4272,average
2498,2423,2460,75,4921,master
2672,2785,2728,-113,5457,grandmaster
2126,1926,2026,200,4052,novice
2486,2353,2419,133,4839,master
2387,2576,2481,-189,4963,master
2209,2005,2107,204,4214,average
2413,2445,2429,-32,4858,master
2368,2246,2307,122,4614,master
2132,2339,2235,-207,4471,average
2396,2515,2455,-119,4911,master
2018,1830,1924,188,3848,novice
2422,2495,2458,-73,4917,master
2418,2583,2500,-165,5001,master
2572,2562,2567,10,5134,grandmaster
2008,1758,1883,250,3766,novice
2397,2233,2315,164,4630,master
2392,2320,2356,72,4712,master
2540,2434,2487,106,4974,master
2094,2293,2193,-199,4387,average
2184,2229,2206,-45,4413,average
2636,2490,2563,146,5126,grandmaster
2561,2495,2528,66,5056,grandmaster
1950,2032,1991,-82,3982,novice
2630,2508,2569,122,5138,grandmaster
2459,2276,2367,183,4735,master
2230,2398,2314,-168,4628,master
2667,2621,2644,46,5288,grandmaster
2603,2204,2403,399,4807,master
2066,1703,1884,363,3769,novice
2302,2485,2393,-183,4787,master
2263,2400,2331,-137,4663,master
2317,2429,2373,-112,4746,master
2247,2361,2304,-114,4608,master
2096,2354,2225,-258,4450,average
2391,2452,2421,-61,4843,master
2470,2531,2500,-61,5001,master
2419,2388,2403,31,4807,master
1928,2080,2004,-152,4008,novice
1980,2127,2053,-147,4107,novice
2344,2334,2339,10,4678,master
2120,2317,2218,-197,4437,average
2315,2051,2183,264,4366,average
2033,2423,2228,-390,4456,average
2399,2516,2457,-117,4915,master
2266,1999,2132,267,4265,average
2154,2292,2223,-138,4446,average
2555,2518,2536,37,5073,grandmaster
2249,2557,2403,-308,4806,master
2401,2466,2433,-65,4867,master
2208,2362,2285,-154,4570,average
2514,2218,2366,296,4732,master
2520,2409,2464,111,4929,master
2495,2395,2445,100,4890,master
2320,2367,2343,-47,4687,master
2490,2536,2513,-46,5026,grandmaster
2356,2154,2255,202,4510,average
2467,2330,2398,137,4797,master
2254,2145,2199,109,4399,average
2396,2539,2467,-143,4935,master
2409,2129,2269,280,4538,average
2334,2428,2381,-94,4762,master
2217,2392,2304,-175,4609,master
2389,2371,2380,18,4760,master
2405,2463,2434,-58,4868,master
2249,2000,2124,249,4249,average
2392,2246,2319,146,4638,master
1898,1975,1936,-77,3873,novice
2609,2419,2514,190,5028,grandmaster
2644,2543,2593,101,5187,grandmaster
1929,2037,1983,-108,3966,novice
2341,2492,2416,-151,4833,master
2330,2442,2386,-112,4772,master
2576,2578,2577,-2,5154,grandmaster
2711,2560,2635,151,5271,grandmaster
2319,2163,2241,156,4482,average
2413,2418,2415,-5,4831,master
2049,1922,1985,127,3971,novice
2531,2541,2536,-10,5072,grandmaster
2580,2406,2493,174,4986,master
2279,2224,2251,55,4503,average
2521,2477,2499,44,4998,master
2209,1854,2031,355,4063,novice
2325,2422,2373,-97,4747,master
2141,1852,1996,289,3993,novice
2519,2346,2432,173,4865,master
1950,2153,2051,-203,4103,novice
2197,2450,2323,-253,4647,master
2242,2238,2240,4,4480,average
2067,2457,2262,-390,4524,average
2354,2425,2389,-71,4779,master
2449,2350,2399,99,4799,master
2305,2177,2241,128,4482,average
2421,2485,2453,-64,4906,master
2182,2142,2162,40,4324,average
2098,2138,2118,-40,4236,average
2374,2562,2468,-188,4936,master
2344,2257,2300,87,4601,average
2558,2510,2534,48,5068,grandmaster
2628,2516,2572,112,5144,grandmaster
2088,1898,1993,190,3986,novice
2506,2338,2422,168,4844,master
2434,2538,2486,-104,4972,master
2810,2764,2787,46,5574,grandmaster
2139,2232,2185,-93,4371,average
2675,2632,2653,43,5307,grandmaster
2013,2246,2129,-233,4259,average
2218,2431,2324,-213,4649,master
2461,2207,2334,254,4668,master
2189,2602,2395,-413,4791,master
2447,2483,2465,-36,4930,master
2571,2450,2510,121,5021,grandmaster
2555,2360,2457,195,4915,master
2312,2572,2442,-260,4884,master
2387,2485,2436,-98,4872,master
2510,2412,2461,98,4922,master
2517,2140,2328,377,4657,master
2287,2356,2321,-69,4643,master
2182,2258,2220,-76,4440,average
2180,1997,2088,183,4177,novice
2146,2325,2235,-179,4471,average
2018,2212,2115,-194,4230,average
2143,2650,2396,-507,4793,master
2562,2370,2466,192,4932,master
2239,2177,2208,62,4416,average
2636,2620,2628,16,5256,grandmaster
2050,2450,2250,-400,4500,average
2323,1994,2158,329,4317,average
2521,2193,2357,328,4714,master
2638,2477,2557,161,5115,grandmaster
2500,2574,2537,-74,5074,grandmaster
2535,2421,2478,114,4956,master
2410,2495,2452,-85,4905,master
2539,2248,2393,291,4787,master
2634,2426,2530,208,5060,grandmaster
2503,2392,2447,111,4895,master
2276,2068,2172,208,4344,average
2368,2449,2408,-81,4817,master
2381,2429,2405,-48,4810,master
2484,2699,2591,-215,5183,grandmaster
2461,2508,2484,-47,4969,master
2549,2436,2492,113,4985,master
2140,2461,2300,-321,4601,average
2664,2424,2544,240,5088,grandmaster
2264,2294,2279,-30,4558,average
2198,2513,2355,-315,4711,master
2559,2348,2453,211,4907,master
2266,2300,2283,-34,4566,average
2171,2509,2340,-338,4680,master
2598,2680,2639,-82,5278,grandmaster
2203,2141,2172,62,4344,average
2338,2419,2378,-81,4757,master
2358,2545,2451,-187,4903,master
2531,2438,2484,93,4969,master
2481,2515,2498,-34,4996,master
1892,1839,1865,53,3731,novice
2609,2663,2636,-54,5272,grandmaster
2162,2329,2245,-167,4491,average
2613,2440,2526,173,5053,grandmaster
2072,2307,2189,-235,4379,average
2532,2331,2431,201,4863,master
2466,2087,2276,379,4553,average
2351,2569,2460,-218,4920,master
2384,2613,2498,-229,4997,master
2157,1710,1933,447,3867,novice
2454,2457,2455,-3,4911,master
2345,2143,2244,202,4488,average
2572,2339,2455,233,4911,master
1985,2655,2320,-670,4640,master
2491,2330,2410,161,4821,master
2303,2029,2166,274,4332,average
2038,2475,2256,-437,4513,average
2399,2153,2276,246,4552,average
2255,2647,2451,-392,4902,master
2121,2088,2104,33,4209,average
1915,2144,2029,-229,4059,novice
2605,2688,2646,-83,5293,grandmaster
2095,2430,2262,-335,4525,average
2555,2425,2490,130,4980,master
2561,2234,2397,327,4795,master
2139,2262,2200,-123,4401,average
2449,2310,2379,139,4759,master
2490,2401,2445,89,4891,master
2391,2470,2430,-79,4861,master
2003,1777,1890,226,3780,novice
2016,1878,1947,138,3894,novice
2539,2610,2574,-71,5149,grandmaster
2148,1957,2052,191,4105,novice
2470,2487,2478,-17,4957,master
2422,2515,2468,-93,4937,master
2311,2152,2231,159,4463,average
2557,2300,2428,257,4857,master
2573,2297,2435,276,4870,master
2236,2474,2355,-238,4710,master
2089,2245,2167,-156,4334,average
2374,2528,2451,-154,4902,master
2220,2344,2282,-124,4564,average
2635,2425,2530,210,5060,grandmaster
2445,2583,2514,-138,5028,grandmaster
2254,2341,2297,-87,4595,average
2413,2490,2451,-77,4903,master
2296,2622,2459,-326,4918,master
2584,2435,2509,149,5019,grandmaster
2509,2269,2389,240,4778,master
2516,2391,2453,125,4907,master
2680,2340,2510,340,5020,grandmaster
2478,2392,2435,86,4870,master
1734,1953,1843,-219,3687,novice
2396,2607,2501,-211,5003,grandmaster
2210,2251,2230,-41,4461,average
2140,2586,2363,-446,4726,master
2402,2538,2470,-136,4940,master
2645,2482,2563,163,5127,grandmaster
2566,2391,2478,175,4957,master
2393,2454,2423,-61,4847,master
2468,2296,2382,172,4764,master
2753,2678,2715,75,5431,grandmaster
2657,2556,2606,101,5213,grandmaster
2348,2449,2398,-101,4797,master
2610,2667,2638,-57,5277,grandmaster
2108,2080,2094,28,4188,novice
2172,2581,2376,-409,4753,master
2522,2332,2427,190,4854,master
2246,2469,2357,-223,4715,master
2516,2446,2481,70,4962,master
2815,2644,2729,171,5459,grandmaster
2290,2239,2264,51,4529,average
2585,2647,2616,-62,5232,grandmaster
2356,2097,2226,259,4453,average
2426,2459,2442,-33,4885,master
2273,2472,2372,-199,4745,master
2151,2632,2391,-481,4783,master
2442,2337,2389,105,4779,master
2402,2321,2361,81,4723,master
2403,2002,2202,401,4405,average
2301,2130,2215,171,4431,average
2527,2550,2538,-23,5077,grandmaster
2377,2441,2409,-64,4818,master
2348,2450,2399,-102,4798,master
2388,2526,2457,-138,4914,master
2275,2143,2209,132,4418,average
2173,2575,2374,-402,4748,master
1622,1865,1743,-243,3487,novice
2365,2147,2256,218,4512,average
2435,2549,2492,-114,4984,master
2387,2538,2462,-151,4925,master
2499,2460,2479,39,4959,master
2046,2150,2098,-104,4196,novice
2074,2168,2121,-94,4242,average
2506,2551,2528,-45,5057,grandmaster
2599,2486,2542,113,5085,grandmaster
2236,2281,2258,-45,4517,average
2244,2451,2347,-207,4695,master
2630,2476,2553,154,5106,grandmaster
1381,1845,1613,-464,3226,novice
2320,2481,2400,-161,4801,master
2235,1953,2094,282,4188,novice
2429,2458,2443,-29,4887,master
2000,1992,1996,8,3992,novice
2396,2308,2352,88,4704,master
2439,2337,2388,102,4776,master
2522,2271,2396,251,4793,master
1576,2302,1939,-726,3878,novice
2443,2613,2528,-170,5056,grandmaster
2373,2469,2421,-96,4842,master
2376,2204,2290,172,4580,average
2087,2079,2083,8,4166,novice
2419,2397,2408,22,4816,master
2414,2594,2504,-180,5008,grandmaster
2304,2519,2411,-215,4823,master
2238,1951,2094,287,4189,novice
2292,2106,2199,186,4398,average
2111,2282,2196,-171,4393,average
2644,2328,2486,316,4972,master
2448,2411,2429,37,4859,master
2352,2481,2416,-129,4833,master
2323,2077,2200,246,4400,average
2158,2272,2215,-114,4430,average
2619,2524,2571,95,5143,grandmaster
1991,2280,2135,-289,4271,average
2035,1928,1981,107,3963,novice
2331,1835,2083,496,4166,novice
2281,2464,2372,-183,4745,master
2397,2442,2419,-45,4839,master
2632,2487,2559,145,5119,grandmaster
2284,2555,2419,-271,4839,master
2348,2088,2218,260,4436,average
2618,2407,2512,211,5025,grandmaster
2377,2362,2369,15,4739,master
2457,2313,2385,144,4770,master
2226,1759,1992,467,3985,novice
2476,2453,2464,23,4929,master
2409,2315,2362,94,4724,master
2220,2519,2369,-299,4739,master
2241,1876,2058,365,4117,novice
2511,2381,2446,130,4892,master
2147,2062,2104,85,4209,average
2434,2328,2381,106,4762,master
1996,2002,1999,-6,3998,novice
2772,2660,2716,112,5432,grandmaster
2417,2188,2302,229,4605,master
2308,2020,2164,288,4328,average
2637,2069,2353,568,4706,master
2569,2218,2393,351,4787,master
2221,2031,2126,190,4252,average
1410,1369,1389,41,2779,novice
2607,2586,2596,21,5193,grandmaster
2253,2391,2322,-138,4644,master
2019,2227,2123,-208,4246,average
2186,2083,2134,103,4269,average
2308,1869,2088,439,4177,novice
2304,2599,2451,-295,4903,master
2527,2684,2605,-157,5211,grandmaster
2530,2243,2386,287,4773,master
2408,2382,2395,26,4790,master
1843,2049,1946,-206,3892,novice
2429,2301,2365,128,4730,master
2455,2293,2374,162,4748,master
2316,2413,2364,-97,4729,master
2710,2553,2631,157,5263,grandmaster
2120,2567,2343,-447,4687,master
2431,2478,2454,-47,4909,master
2127,2191,2159,-64,4318,average
2319,2173,2246,146,4492,average
2599,2671,2635,-72,5270,grandmaster
2325,2610,2467,-285,4935,master
2476,2255,2365,221,4731,master
2474,2441,2457,33,4915,master
1962,2392,2177,-430,4354,average
2505,2253,2379,252,4758,master
2577,2261,2419,316,4838,master
2385,2035,2210,350,4420,average
1905,2208,2056,-303,4113,novice
2410,2583,2496,-173,4993,master
2362,2527,2444,-165,4889,master
2216,2127,2171,89,4343,average
2539,2539,2539,0,5078,grandmaster
2564,2500,2532,64,5064,grandmaster
2246,2110,2178,136,4356,average
2460,2447,2453,13,4907,master
2281,2392,2336,-111,4673,master
2631,2505,2568,126,5136,grandmaster
2412,2294,2353,118,4706,master
2389,2360,2374,29,4749,master
2569,2635,2602,-66,5204,grandmaster
2423,2251,2337,172,4674,master
1790,2040,1915,-250,3830,novice
2098,2350,2224,-252,4448,average
2541,2445,2493,96,4986,master
2358,2090,2224,268,4448,average
2043,2142,2092,-99,4185,novice
2579,2249,2414,330,4828,master
2192,2090,2141,102,4282,average
2434,2246,2340,188,4680,master
2414,2439,2426,-25,4853,master
2475,2430,2452,45,4905,master
1715,2031,1873,-316,3746,novice
2522,2450,2486,72,4972,master
2419,2422,2420,-3,4841,master
2411,2521,2466,-110,4932,master
2228,2378,2303,-150,4606,master
2205,2308,2256,-103,4513,average
2694,2546,2620,148,5240,grandmaster
2309,2043,2176,266,4352,average
2238,2315,2276,-77,4553,average
2462,2174,2318,288,4636,master
2408,2387,2397,21,4795,master
2393,2514,2453,-121,4907,master
2153,2163,2158,-10,4316,average
1957,2287,2122,-330,4244,average
2521,2516,2518,5,5037,grandmaster
2595,2559,2577,36,5154,grandmaster
2452,2580,2516,-128,5032,grandmaster
2385,2333,2359,52,4718,master
2464,2317,2390,147,4781,master
2585,2536,2560,49,5121,grandmaster
1934,2205,2069,-271,4139,novice
2446,2592,2519,-146,5038,grandmaster
2704,2471,2587,233,5175,grandmaster
2663,2616,2639,47,5279,grandmaster
2436,2167,2301,269,4603,master
2288,2366,2327,-78,4654,master
2602,2663,2632,-61,5265,grandmaster
2484,2402,2443,82,4886,master
2285,1650,1967,635,3935,novice
2526,2200,2363,326,4726,master
2116,1996,2056,120,4112,novice
2455,2405,2430,50,4860,master
2314,2423,2368,-109,4737,master
2380,2155,2267,225,4535,average
1675,2084,1879,-409,3759,novice
2204,2503,2353,-299,4707,master
2682,2394,2538,288,5076,grandmaster
2055,2700,2377,-645,4755,master
2522,2585,2553,-63,5107,grandmaster
2480,2387,2433,93,4867,master
2239,2431,2335,-192,4670,master
2365,2395,2380,-30,4760,master
2280,2281,2280,-1,4561,average
2182,2415,2298,-233,4597,average
2079,2368,2223,-289,4447,average
2516,2104,2310,412,4620,master
2635,2505,2570,130,5140,grandmaster
2624,2720,2672,-96,5344,grandmaster
1655,1866,1760,-211,3521,novice
2531,2508,2519,23,5039,grandmaster
2548,2608,2578,-60,5156,grandmaster
1959,1710,1834,249,3669,novice
2302,2163,2232,139,4465,average
2734,2498,2616,236,5232,grandmaster
1946,2047,1996,-101,3993,novice
2075,2541,2308,-466,4616,master
2511,2490,2500,21,5001,master
2605,2608,2606,-3,5213,grandmaster
2513,2316,2414,197,4829,master
2261,2400,2330,-139,4661,master
2498,2471,2484,27,4969,master
2089,2088,2088,1,4177,novice
2300,2425,2362,-125,4725,master
2126,2559,2342,-433,4685,master
2546,2253,2399,293,4799,master
2622,2771,2696,-149,5393,grandmaster
2392,2098,2245,294,4490,average
2261,2407,2334,-146,4668,master
2354,2262,2308,92,4616,master
2470,2356,2413,114,4826,master
1858,1796,1827,62,3654,novice
1902,2166,2034,-264,4068,novice
2460,2345,2402,115,4805,master
2579,2610,2594,-31,5189,grandmaster
2044,2347,2195,-303,4391,average
2367,2628,2497,-261,4995,master
2487,2326,2406,161,4813,master
2482,2182,2332,300,4664,master
1794,2659,2226,-865,4453,average
2331,2275,2303,56,4606,master
2377,2282,2329,95,4659,master
2715,2561,2638,154,5276,grandmaster
2365,2305,2335,60,4670,master
2481,2460,2470,21,4941,master
2530,2642,2586,-112,5172,grandmaster
1973,2201,2087,-228,4174,novice
2378,1997,2187,381,4375,average
2362,2269,2315,93,4631,master
2184,1832,2008,352,4016,novice
2313,1783,2048,530,4096,novice
2519,2372,2445,147,4891,master
2183,2549,2366,-366,4732,master
2127,2183,2155,-56,4310,average
2294,2318,2306,-24,4612,master
2558,2574,2566,-16,5132,grandmaster
2539,2670,2604,-131,5209,grandmaster
2171,1655,1913,516,3826,novice
2696,2609,2652,87,5305,grandmaster
2345,2363,2354,-18,4708,master
2007,2288,2147,-281,4295,average
2560,2479,2519,81,5039,grandmaster
2317,2160,2238,157,4477,average
2578,2419,2498,159,4997,master
2454,2241,2347,213,4695,master
2486,2328,2407,158,4814,master
1964,2157,2060,-193,4121,novice
2542,2637,2589,-95,5179,grandmaster
2371,2195,2283,176,4566,average
2545,2186,2365,359,4731,master
2410,2524,2467,-114,4934,master
2011,2237,2124,-226,4248,average
2675,2586,2630,89,5261,grandmaster
2539,2424,2481,115,4963,master
2385,1808,2096,577,4193,novice
2265,2482,2373,-217,4747,master
1985,2196,2090,-211,4181,novice
2043,1982,2012,61,4025,novice
2568,2492,2530,76,5060,grandmaster
2394,2447,2420,-53,4841,master
2354,2602,2478,-248,4956,master
2220,2379,2299,-159,4599,average
2450,2440,2445,10,4890,master
2747,2500,2623,247,5247,grandmaster
1967,2255,2111,-288,4222,average
1994,2431,2212,-437,4425,average
2529,2132,2330,397,4661,master
2339,2098,2218,241,4437,average
2503,2654,2578,-151,5157,grandmaster
2525,2379,2452,146,4904,master
2340,2210,2275,130,4550,average
2369,2555,2462,-186,4924,master
2206,2133,2169,73,4339,average
2284,2576,2430,-292,4860,master
2624,2299,2461,325,4923,master
2421,2194,2307,227,4615,master
2568,2413,2490,155,4981,master
2200,2452,2326,-252,4652,master
2387,2385,2386,2,4772,master
2495,2226,2360,269,4721,master
2154,2516,2335,-362,4670,master
2112,2580,2346,-468,4692,master
2150,2339,2244,-189,4489,average
2169,2361,2265,-192,4530,average
2489,2480,2484,9,4969,master
1838,1763,1800,75,3601,novice
2388,2302,2345,86,4690,master
2037,2324,2180,-287,4361,average
2450,2141,2295,309,4591,average
2460,2421,2440,39,4881,master
2257,2031,2144,226,4288,average
2399,2289,2344,110,4688,master
2269,2529,2399,-260,4798,master
2394,2358,2376,36,4752,master
2391,2650,2520,-259,5041,grandmaster
2673,2613,2643,60,5286,grandmaster
2574,2484,2529,90,5058,grandmaster
2265,2362,2313,-97,4627,master
2321,2411,2366,-90,4732,master
2538,2543,2540,-5,5081,grandmaster
2650,2286,2468,364,4936,master
2368,2300,2334,68,4668,master
1917,2049,1983,-132,3966,novice
2688,2563,2625,125,5251,grandmaster
2350,2399,2374,-49,4749,master
2468,2327,2397,141,4795,master
2377,2060,2218,317,4437,average
2347,1838,2092,509,4185,novice
2514,2322,2418,192,4836,master
2101,1961,2031,140,4062,novice
2566,2718,2642,-152,5284,grandmaster
1915,2316,2115,-401,4231,average
2500,2581,2540,-81,5081,grandmaster
2368,2444,2406,-76,4812,master
2266,2260,2263,6,4526,average
2279,2270,2274,9,4549,average
2405,2307,2356,98,4712,master
1878,2025,1951,-147,3903,novice
2217,2585,2401,-368,4802,master
2285,2380,2332,-95,4665,master
2477,2503,2490,-26,4980,master
2388,2616,2502,-228,5004,grandmaster
2622,2445,2533,177,5067,grandmaster
2459,2239,2349,220,4698,master
2389,2540,2464,-151,4929,master
2437,2522,2479,-85,4959,master
2423,2559,2491,-136,4982,master
2316,2449,2382,-133,4765,master
1996,2167,2081,-171,4163,novice
2230,2113,2171,117,4343,average
2380,2316,2348,64,4696,master
2704,2621,2662,83,5325,grandmaster
1871,2073,1972,-202,3944,novice
2460,2259,2359,201,4719,master
2666,2462,2564,204,5128,grandmaster
2489,2609,2549,-120,5098,grandmaster
2463,2380,2421,83,4843,master
2491,2553,2522,-62,5044,grandmaster
1993,2170,2081,-177,4163,novice
2377,2286,2331,91,4663,master
2611,2500,2555,111,5111,grandmaster
2643,2678,2660,-35,5321,grandmaster
2197,2469,2333,-272,4666,master
1814,2227,2020,-413,4041,novice
2695,2569,2632,126,5264,grandmaster
2146,2324,2235,-178,4470,average
2376,2405,2390,-29,4781,master
2560,2136,2348,424,4696,master
2472,2328,2400,144,4800,master
2439,2496,2467,-57,4935,master
2046,2570,2308,-524,4616,master
2325,2384,2354,-59,4709,master
2425,2349,2387,76,4774,master
2358,2212,2285,146,4570,average
2428,2449,2438,-21,4877,master
2400,2370,2385,30,4770,master
2055,2203,2129,-148,4258,average
2440,2400,2420,40,4840,master
2296,2118,2207,178,4414,average
2246,2303,2274,-57,4549,average
2345,1989,2167,356,4334,average
2667,2390,2528,277,5057,grandmaster
2299,2379,2339,-80,4678,master
2169,2125,2147,44,4294,average
2024,2335,2179,-311,4359,average
2267,2004,2135,263,4271,average
2354,2236,2295,118,4590,average
2320,2452,2386,-132,4772,master
2280,2355,2317,-75,4635,master
2084,2375,2229,-291,4459,average
2314,2381,2347,-67,4695,master
2483,2595,2539,-112,5078,grandmaster
2252,2372,2312,-120,4624,master
2290,2016,2153,274,4306,average
2596,2426,2511,170,5022,grandmaster
2335,2414,2374,-79,4749,master
2104,2370,2237,-266,4474,average
2498,2282,2390,216,4780,master
2388,2474,2431,-86,4862,master
2559,2527,2543,32,5086,grandmaster
2480,2361,2420,119,4841,master
2421,2162,2291,259,4583,average
2473,2450,2461,23,4923,master
2085,2502,2293,-417,4587,average
1952,2197,2074,-245,4149,novice
2602,2561,2581,41,5163,grandmaster
2491,2501,2496,-10,4992,master
2382,2428,2405,-46,4810,master
2443,2413,2428,30,4856,master
2551,2775,2663,-224,5326,grandmaster
2066,2383,2224,-317,4449,average
2567,2421,2494,146,4988,master
2529,2644,2586,-115,5173,grandmaster
2387,2292,2339,95,4679,master
2525,2352,2438,173,4877,master
2329,2319,2324,10,4648,master
2340,2452,2396,-112,4792,master
2542,2542,2542,0,5084,grandmaster
2065,2478,2271,-413,4543,average
2627,2696,2661,-69,5323,grandmaster
2178,2326,2252,-148,4504,average
2376,2272,2324,104,4648,master
1934,2240,2087,-306,4174,novice
2608,2583,2595,25,5191,grandmaster
2072,2390,2231,-318,4462,average
2411,2200,2305,211,4611,master
2792,2649,2720,143,5441,grandmaster
2615,2293,2454,322,4908,master
2427,2543,2485,-116,4970,master
2295,2087,2191,208,4382,average
2444,2164,2304,280,4608,master
2368,2405,2386,-37,4773,master
2533,2164,2348,369,4697,master
2351,2422,2386,-71,4773,master
2501,2452,2476,49,4953,master
2299,2577,2438,-278,4876,master
2443,2066,2254,377,4509,average
2461,2276,2368,185,4737,master
2146,2165,2155,-19,4311,average
2213,2682,2447,-469,4895,master
1878,2318,2098,-440,4196,novice
2418,2367,2392,51,4785,master
2470,2417,2443,53,4887,master
2407,2628,2517,-221,5035,grandmaster
2493,2112,2302,381,4605,master
2157,2327,2242,-170,4484,average
2442,2256,2349,186,4698,master
2418,2248,2333,170,4666,master
2541,2558,2549,-17,5099,grandmaster
2320,2254,2287,66,4574,average
2343,2386,2364,-43,4729,master
2365,2250,2307,115,4615,master
2176,2356,2266,-180,4532,average
2577,2628,2602,-51,5205,grandmaster
2355,2088,2221,267,4443,average
2489,2332,2410,157,4821,master
2145,2221,2183,-76,4366,average
2236,2434,2335,-198,4670,master
2263,2595,2429,-332,4858,master
1914,2200,2057,-286,4114,novice
2296,2051,2173,245,4347,average
2186,2427,2306,-241,4613,master
1752,2158,1955,-406,3910,novice
2379,2534,2456,-155,4913,master
2188,2650,2419,-462,4838,master
2402,2376,2389,26,4778,master
2413,2572,2492,-159,4985,master
2566,2486,2526,80,5052,grandmaster
2420,2347,2383,73,4767,master
2659,2434,2546,225,5093,grandmaster
2434,2227,2330,207,4661,master
1612,1861,1736,-249,3473,novice
2616,2547,2581,69,5163,grandmaster
2002,1627,1814,375,3629,novice
2284,2531,2407,-247,4815,master
2275,2242,2258,33,4517,average
2292,2330,2311,-38,4622,master
2536,2559,2547,-23,5095,grandmaster
1948,2361,2154,-413,4309,average
2252,2539,2395,-287,4791,master
2368,2319,2343,49,4687,master
2202,2167,2184,35,4369,average
2326,2332,2329,-6,4658,master
2680,2508,2594,172,5188,grandmaster
2289,2253,2271,36,4542,average
1994,2186,2090,-192,4180,novice
2489,2377,2433,112,4866,master
2301,2421,2361,-120,4722,master
2213,2456,2334,-243,4669,master
2417,2375,2396,42,4792,master
2491,2552,2521,-61,5043,grandmaster
2249,2417,2333,-168,4666,master
2492,2528,2510,-36,5020,grandmaster
2290,2262,2276,28,4552,average
2446,2187,2316,259,4633,master
2706,2559,2632,147,5265,grandmaster
2334,2415,2374,-81,4749,master
2084,2534,2309,-450,4618,master
2547,2202,2374,345,4749,master
2468,2254,2361,214,4722,master
2222,1950,2086,272,4172,novice
2354,2420,2387,-66,4774,master
2734,2702,2718,32,5436,grandmaster
2372,2189,2280,183,4561,average
2256,2543,2399,-287,4799,master
2375,2643,2509,-268,5018,grandmaster
2383,2566,2474,-183,4949,master
2016,2336,2176,-320,4352,average
2432,2252,2342,180,4684,master
2078,2396,2237,-318,4474,average
2165,1965,2065,200,4130,novice
2337,2304,2320,33,4641,master
2088,2244,2166,-156,4332,average
2406,2510,2458,-104,4916,master
2725,2784,2754,-59,5509,grandmaster
2324,2439,2381,-115,4763,master
2283,2008,2145,275,4291,average
2162,2554,2358,-392,4716,master
2242,2371,2306,-129,4613,master
2161,1907,2034,254,4068,novice
2250,2252,2251,-2,4502,average
2256,2146,2201,110,4402,average
2371,2237,2304,134,4608,master
2062,2317,2189,-255,4379,average
2513,2446,2479,67,4959,master
2515,2381,2448,134,4896,master
2254,2248,2251,6,4502,average
2482,2446,2464,36,4928,master
2494,2331,2412,163,4825,master
2191,2064,2127,127,4255,average
2447,2284,2365,163,4731,master
2472,2364,2418,108,4836,master
2366,2036,2201,330,4402,average
2660,2496,2578,164,5156,grandmaster
2437,2300,2368,137,4737,master
2465,2166,2315,299,4631,master
2638,2579,2608,59,5217,grandmaster
2510,2491,2500,19,5001,master
2574,2411,2492,163,4985,master
2202,2427,2314,-225,4629,master
2678,2740,2709,-62,5418,grandmaster
2211,2225,2218,-14,4436,average
1978,2448,2213,-470,4426,average
2238,2424,2331,-186,4662,master
2220,2109,2164,111,4329,average
2538,2642,2590,-104,5180,grandmaster
2404,2199,2301,205,4603,master
2375,2409,2392,-34,4784,master
2691,2678,2684,13,5369,grandmaster
2256,2386,2321,-130,4642,master
2556,2542,2549,14,5098,grandmaster
2672,2442,2557,230,5114,grandmaster
2185,2564,2374,-379,4749,master
2495,2614,2554,-119,5109,grandmaster
2548,2444,2496,104,4992,master
2458,2168,2313,290,4626,master
2424,2261,2342,163,4685,master
2716,2374,2545,342,5090,grandmaster
2639,2619,2629,20,5258,grandmaster
2378,2518,2448,-140,4896,master
2385,2171,2278,214,4556,average
2215,2561,2388,-346,4776,master
2273,2506,2389,-233,4779,master
2430,2561,2495,-131,4991,master
2413,1933,2173,480,4346,average
2360,2111,2235,249,4471,average
2141,2523,2332,-382,4664,master
2126,2230,2178,-104,4356,average
2356,2584,2470,-228,4940,master
2547,2480,2513,67,5027,grandmaster
2337,2221,2279,116,4558,average
2286,2440,2363,-154,4726,master
2480,2437,2458,43,4917,master
2551,2381,2466,170,4932,master
2391,2677,2534,-286,5068,grandmaster
2357,2485,2421,-128,4842,master
1986,2197,2091,-211,4183,novice
2211,1835,2023,376,4046,novice
2172,2018,2095,154,4190,novice
2244,2341,2292,-97,4585,average
2346,2177,2261,169,4523,average
2435,2217,2326,218,4652,master
2245,2409,2327,-164,4654,master
2629,2470,2549,159,5099,grandmaster
2552,2434,2493,118,4986,master
2304,2394,2349,-90,4698,master
2531,2302,2416,229,4833,master
2534,2118,2326,416,4652,master
2133,2470,2301,-337,4603,master
2515,2473,2494,42,4988,master
2153,2025,2089,128,4178,novice
2468,2599,2533,-131,5067,grandmaster
2029,2300,2164,-271,4329,average
2317,2585,2451,-268,4902,master
2425,2742,2583,-317,5167,grandmaster
2256,2428,2342,-172,4684,master
2552,2696,2624,-144,5248,grandmaster
2684,2537,2610,147,5221,grandmaster
2286,2406,2346,-120,4692,master
2314,2338,2326,-24,4652,master
2414,2449,2431,-35,4863,master
2267,2083,2175,184,4350,average
2310,2069,2189,241,4379,average
2156,2211,2183,-55,4367,average
2723,2705,2714,18,5428,grandmaster
2467,2321,2394,146,4788,master
2476,2303,2389,173,4779,master
1755,2015,1885,-260,3770,novice
2538,2325,2431,213,4863,master
2639,2540,2589,99,5179,grandmaster
2453,2633,2543,-180,5086,grandmaster
2348,2545,2446,-197,4893,master
2276,2381,2328,-105,4657,master
1930,1952,1941,-22,3882,novice
2268,2162,2215,106,4430,average
2260,2304,2282,-44,4564,average
2559,1922,2240,637,4481,average
2199,2335,2267,-136,4534,average
2007,2268,2137,-261,4275,average
2472,2665,2568,-193,5137,grandmaster
2243,2461,2352,-218,4704,master
1940,2095,2017,-155,4035,novice
2276,2487,2381,-211,4763,master
2089,2271,2180,-182,4360,average
2158,1885,2021,273,4043,novice
2135,2213,2174,-78,4348,average
2227,2381,2304,-154,4608,master
2444,1849,2146,595,4293,average
2475,2249,2362,226,4724,master
1874,1788,1831,86,3662,novice
2340,2371,2355,-31,4711,master
2377,2192,2284,185,4569,average
2419,2204,2311,215,4623,master
2385,2253,2319,132,4638,master
1983,1977,1980,6,3960,novice
2543,2201,2372,342,4744,master
2409,2193,2301,216,4602,master
2475,2429,2452,46,4904,master
2176,2562,2369,-386,4738,master
2395,2260,2327,135,4655,master
2429,2550,2489,-121,4979,master
2291,2308,2299,-17,4599,average
2477,2423,2450,54,4900,master
2204,2632,2418,-428,4836,master
2239,2423,2331,-184,4662,master
2592,2345,2468,247,4937,master
2664,2533,2598,131,5197,grandmaster
2368,2211,2289,157,4579,average
2455,2335,2395,120,4790,master
2485,2410,2447,75,4895,master
1864,2372,2118,-508,4236,average
2279,2517,2398,-238,4796,master
1861,1884,1872,-23,3745,novice
2599,2455,2527,144,5054,grandmaster
2491,2390,2440,101,4881,master
2579,2367,2473,212,4946,master
2116,2004,2060,112,4120,novice
2329,2407,2368,-78,4736,master
2584,2393,2488,191,4977,master
2296,2556,2426,-260,4852,master
2194,2526,2360,-332,4720,master
2269,2556,2412,-287,4825,master
2240,2112,2176,128,4352,average
2115,2484,2299,-369,4599,average
2486,2707,2596,-221,5193,grandmaster
2477,1987,2232,490,4464,average
2496,2407,2451,89,4903,master
1823,2077,1950,-254,3900,novice
2205,2005,2105,200,4210,average
2638,2410,2524,228,5048,grandmaster
2053,2205,2129,-152,4258,average
2631,2661,2646,-30,5292,grandmaster
2352,2572,2462,-220,4924,master
1978,2230,2104,-252,4208,average
2405,2311,2358,94,4716,master
2244,2436,2340,-192,4680,master
2311,2086,2198,225,4397,average
2340,2048,2194,292,4388,average
2269,2346,2307,-77,4615,master
2585,2259,2422,326,4844,master
2405,2517,2461,-112,4922,master
2474,2101,2287,373,4575,average
1846,2281,2063,-435,4127,novice
2339,1796,2067,543,4135,novice
2531,2226,2378,305,4757,master
2459,2523,2491,-64,4982,master
1905,2064,1984,-159,3969,novice
2326,2495,2410,-169,4821,master
2250,2504,2377,-254,4754,master
2424,2191,2307,233,4615,master
2336,2313,2324,23,4649,master
2406,2398,2402,8,4804,master
2124,1942,2033,182,4066,novice
2507,2240,2373,267,4747,master
2422,2383,2402,39,4805,master
2526,2405,2465,121,4931,master
2741,2668,2704,73,5409,grandmaster
2640,2292,2466,348,4932,master
2439,2292,2365,147,4731,master
2304,2189,2246,115,4493,average
2298,2196,2247,102,4494,average
2210,2250,2230,-40,4460,average
2559,2646,2602,-87,5205,grandmaster
2409,2238,2323,171,4647,master
2191,2445,2318,-254,4636,master
2483,2337,2410,146,4820,master
2290,2420,2355,-130,4710,master
2209,2410,2309,-201,4619,master
2705,2508,2606,197,5213,grandmaster
2052,2058,2055,-6,4110,novice
2515,2440,2477,75,4955,master
2328,1981,2154,347,4309,average
2241,2266,2253,-25,4507,average
2292,2401,2346,-109,4693,master
2369,2147,2258,222,4516,average
2574,2313,2443,261,4887,master
2458,2299,2378,159,4757,master
2387,2514,2450,-127,4901,master
2360,2301,2330,59,4661,master
2529,2416,2472,113,4945,master
2377,2284,2330,93,4661,master
2338,2518,2428,-180,4856,master
2344,2327,2335,17,4671,master
2240,1967,2103,273,4207,average
2405,2423,2414,-18,4828,master
2270,1783,2026,487,4053,novice
1899,1740,1819,159,3639,novice
2339,2390,2364,-51,4729,master
2513,2419,2466,94,4932,master
2692,2689,2690,3,5381,grandmaster
2204,2425,2314,-221,4629,master
2688,2562,2625,126,5250,grandmaster
2320,2415,2367,-95,4735,master
1972,2267,2119,-295,4239,average
2264,2106,2185,158,4370,average
2428,2229,2328,199,4657,master
2287,2369,2328,-82,4656,master
2285,1795,2040,490,4080,novice
2512,2558,2535,-46,5070,grandmaster
2388,2221,2304,167,4609,master
2685,2734,2709,-49,5419,grandmaster
2775,2707,2741,68,5482,grandmaster
1705,2370,2037,-665,4075,novice
2240,2239,2239,1,4479,average
2267,2407,2337,-140,4674,master
2392,2226,2309,166,4618,master
2172,2505,2338,-333,4677,master
1991,2359,2175,-368,4350,average
1708,1990,1849,-282,3698,novice
2181,1987,2084,194,4168,novice
2432,2267,2349,165,4699,master
2637,2722,2679,-85,5359,grandmaster
2368,2246,2307,122,4614,master
2784,2760,2772,24,5544,grandmaster
2385,2436,2410,-51,4821,master
2417,2085,2251,332,4502,average
2599,2290,2444,309,4889,master
2212,2442,2327,-230,4654,master
2369,2121,2245,248,4490,average
2347,2500,2423,-153,4847,master
2364,2022,2193,342,4386,average
2281,2365,2323,-84,4646,master
2210,2563,2386,-353,4773,master
2477,2412,2444,65,4889,master
2379,1942,2160,437,4321,average
2427,2567,2497,-140,4994,master
2313,2550,2431,-237,4863,master
2540,2667,2603,-127,5207,grandmaster
2191,2410,2300,-219,4601,average
2484,2503,2493,-19,4987,master
2153,2180,2166,-27,4333,average
2505,2633,2569,-128,5138,grandmaster
2476,2203,2339,273,4679,master
2030,2106,2068,-76,4136,novice
2168,2064,2116,104,4232,average
2365,2499,2432,-134,4864,master
2306,2190,2248,116,4496,average
2383,2515,2449,-132,4898,master
2359,2353,2356,6,4712,master
2231,2334,2282,-103,4565,average
2675,2511,2593,164,5186,grandmaster
2522,2247,2384,275,4769,master
2536,2398,2467,138,4934,master
2477,2130,2303,347,4607,master
2706,2676,2691,30,5382,grandmaster
2398,2344,2371,54,4742,master
2186,2154,2170,32,4340,average
2787,2766,2776,21,5553,grandmaster
1920,2043,1981,-123,3963,novice
2290,2103,2196,187,4393,average
2536,2421,2478,115,4957,master
2030,2190,2110,-160,4220,average
2168,2569,2368,-401,4737,master
1829,1980,1904,-151,3809,novice
2168,2482,2325,-314,4650,master
2532,2445,2488,87,4977,master
2328,2397,2362,-69,4725,master
2257,2380,2318,-123,4637,master
2112,2420,2266,-308,4532,average
2361,2636,2498,-275,4997,master
2460,2316,2388,144,4776,master
2524,2358,2441,166,4882,master
2528,2419,2473,109,4947,master
2366,2222,2294,144,4588,average
2200,2448,2324,-248,4648,master
2380,2459,2419,-79,4839,master
2259,2460,2359,-201,4719,master
2520,2241,2380,279,4761,master
2014,2140,2077,-126,4154,novice
2565,2635,2600,-70,5200,grandmaster
2322,2243,2282,79,4565,average
2437,2562,2499,-125,4999,master
2246,2428,2337,-182,4674,master
2399,2203,2301,196,4602,master
2057,2267,2162,-210,4324,average
2362,2423,2392,-61,4785,master
2707,2544,2625,163,5251,grandmaster
2682,2706,2694,-24,5388,grandmaster
2276,2157,2216,119,4433,average
2447,2445,2446,2,4892,master
2368,2610,2489,-242,4978,master
2448,2607,2527,-159,5055,grandmaster
2611,2582,2596,29,5193,grandmaster
2173,2433,2303,-260,4606,master
2199,2442,2320,-243,4641,master
2375,2582,2478,-207,4957,master
2374,2441,2407,-67,4815,master
2336,2590,2463,-254,4926,master
2565,2272,2418,293,4837,master
2345,2458,2401,-113,4803,master
2039,2159,2099,-120,4198,novice
2475,2339,2407,136,4814,master
2767,2793,2780,-26,5560,grandmaster
1995,2287,2141,-292,4282,average
2550,2393,2471,157,4943,master
2227,2371,2299,-144,4598,average
2494,2421,2457,73,4915,master
2313,2368,2340,-55,4681,master
2447,2419,2433,28,4866,master
2461,2441,2451,20,4902,master
2554,2677,2615,-123,5231,grandmaster
2374,2572,2473,-198,4946,master
2405,2282,2343,123,4687,master
2496,2613,2554,-117,5109,grandmaster
2616,2570,2593,46,5186,grandmaster
1651,1811,1731,-160,3462,novice
2304,2493,2398,-189,4797,master
1833,2128,1980,-295,3961,novice
2117,2369,2243,-252,4486,average
2543,2598,2570,-55,5141,grandmaster
2507,2514,2510,-7,5021,grandmaster
2229,2211,2220,18,4440,average
2214,2379,2296,-165,4593,average
2168,1762,1965,406,3930,novice
2233,2381,2307,-148,4614,master
2529,2427,2478,102,4956,master
2324,2056,2190,268,4380,average
2567,2619,2593,-52,5186,grandmaster
2667,2184,2425,483,4851,master
2664,2531,2597,133,5195,grandmaster
2552,2415,2483,137,4967,master
2435,2627,2531,-192,5062,grandmaster
2113,1793,1953,320,3906,novice
2337,1985,2161,352,4322,average
2079,2262,2170,-183,4341,average
2414,2151,2282,263,4565,average
1992,2014,2003,-22,4006,novice
2595,2570,2582,25,5165,grandmaster
1857,1935,1896,-78,3792,novice
2404,2537,2470,-133,4941,master
2565,2446,2505,119,5011,grandmaster
2554,2453,2503,101,5007,grandmaster
1944,2303,2123,-359,4247,average
2565,2286,2425,279,4851,master
2377,2240,2308,137,4617,master
2472,2053,2262,419,4525,average
2624,2301,2462,323,4925,master
2468,2239,2353,229,4707,master
2477,2259,2368,218,4736,master
2556,2485,2520,71,5041,grandmaster
1684,1977,1830,-293,3661,novice
2653,2455,2554,198,5108,grandmaster
2062,2545,2303,-483,4607,master
2076,2337,2206,-261,4413,average
2688,2664,2676,24,5352,grandmaster
2218,2323,2270,-105,4541,average
2673,2106,2389,567,4779,master
2377,2241,2309,136,4618,master
2374,2177,2275,197,4551,average
2180,1954,2067,226,4134,novice
2419,2249,2334,170,4668,master
2291,2423,2357,-132,4714,master
2461,2317,2389,144,4778,master
2325,2557,2441,-232,4882,master
2151,1868,2009,283,4019,novice
2238,2449,2343,-211,4687,master
2556,2412,2484,144,4968,master
2281,2302,2291,-21,4583,average
2720,2861,2790,-141,5581,grandmaster
2345,2598,2471,-253,4943,master
2238,2448,2343,-210,4686,master
2533,2590,2561,-57,5123,grandmaster
2052,2226,2139,-174,4278,average
2521,2379,2450,142,4900,master
2201,2003,2102,198,4204,average
2659,2572,2615,87,5231,grandmaster
2460,2218,2339,242,4678,master
2329,2564,2446,-235,4893,master
2396,2547,2471,-151,4943,master
2488,2710,2599,-222,5198,grandmaster
2121,1767,1944,354,3888,novice
1952,2213,2082,-261,4165,novice
2441,2168,2304,273,4609,master
1881,1731,1806,150,3612,novice
2484,2490,2487,-6,4974,master
2493,2452,2472,41,4945,master
2062,2394,2228,-332,4456,average
2499,2262,2380,237,4761,master
2182,2599,2390,-417,4781,master
2222,2148,2185,74,4370,average
2290,2472,2381,-182,4762,master
2340,2618,2479,-278,4958,master
2408,2563,2485,-155,4971,master
2185,2568,2376,-383,4753,master
2551,2535,2543,16,5086,grandmaster
2632,2635,2633,-3,5267,grandmaster
2275,2149,2212,126,4424,average
1825,1649,1737,176,3474,novice
2282,2164,2223,118,4446,average
2477,2247,2362,230,4724,master
2368,2529,2448,-161,4897,master
2257,1985,2121,272,4242,average
2240,2037,2138,203,4277,average
2254,2223,2238,31,4477,average
2046,2398,2222,-352,4444,average
2559,2595,2577,-36,5154,grandmaster
2365,2456,2410,-91,4821,master
2360,2248,2304,112,4608,master
2254,2453,2353,-199,4707,master
2472,2026,2249,446,4498,average
2494,2607,2550,-113,5101,grandmaster
2712,2616,2664,96,5328,grandmaster
2237,2471,2354,-234,4708,master
1949,2120,2034,-171,4069,novice
2217,1886,2051,331,4103,novice
2462,2174,2318,288,4636,master
2500,2356,2428,144,4856,master
2349,2562,2455,-213,4911,master
2327,2394,2360,-67,4721,master
2459,2399,2429,60,4858,master
2477,2343,2410,134,4820,master
2676,2702,2689,-26,5378,grandmaster
2441,2650,2545,-209,5091,grandmaster
1887,2272,2079,-385,4159,novice
2389,2511,2450,-122,4900,master
2101,1978,2039,123,4079,novice
1904,2458,2181,-554,4362,average
2107,2206,2156,-99,4313,average
2582,2372,2477,210,4954,master
2491,2234,2362,257,4725,master
2595,2577,2586,18,5172,grandmaster
2392,1997,2194,395,4389,average
2590,2256,2423,334,4846,master
2601,2599,2600,2,5200,grandmaster
2476,2499,2487,-23,4975,master
2678,2646,2662,32,5324,grandmaster
2190,2487,2338,-297,4677,master
2387,2303,2345,84,4690,master
2381,2401,2391,-20,4782,master
2564,2417,2490,147,4981,master
2336,2533,2434,-197,4869,master
2309,2425,2367,-116,4734,master
2321,2416,2368,-95,4737,master
2244,2595,2419,-351,4839,master
2293,2292,2292,1,4585,average
2347,2552,2449,-205,4899,master
2513,2338,2425,175,4851,master
2584,2333,2458,251,4917,master
2236,2337,2286,-101,4573,average
2391,2233,2312,158,4624,master
2254,2001,2127,253,4255,average
2256,2386,2321,-130,4642,master
2380,2347,2363,33,4727,master
2123,2486,2304,-363,4609,master
2572,2435,2503,137,5007,grandmaster
2249,2171,2210,78,4420,average
2552,2665,2608,-113,5217,grandmaster
2285,2364,2324,-79,4649,master
2031,2254,2142,-223,4285,average
2318,2286,2302,32,4604,master
2680,2627,2653,53,5307,grandmaster
2197,2371,2284,-174,4568,average
2425,2286,2355,139,4711,master
2534,2239,2386,295,4773,master
2374,2566,2470,-192,4940,master
2560,2528,2544,32,5088,grandmaster
2344,2580,2462,-236,4924,master
2313,2374,2343,-61,4687,master
2589,2650,2619,-61,5239,grandmaster
2464,2388,2426,76,4852,master
2473,2578,2525,-105,5051,grandmaster
2610,2565,2587,45,5175,grandmaster
2439,2253,2346,186,4692,master
2719,2051,2385,668,4770,master
2396,2534,2465,-138,4930,master
2476,2324,2400,152,4800,master
2317,2505,2411,-188,4822,master
2486,2267,2376,219,4753,master
2566,2533,2549,33,5099,grandmaster
2410,2463,2436,-53,4873,master
2242,2226,2234,16,4468,average
2300,2117,2208,183,4417,average
2526,2401,2463,125,4927,master
2569,2430,2499,139,4999,master
2511,2269,2390,242,4780,master
2702,2664,2683,38,5366,grandmaster
2634,2402,2518,232,5036,grandmaster
2340,2025,2182,315,4365,average
2195,2368,2281,-173,4563,average
2340,2501,2420,-161,4841,master
2422,2498,2460,-76,4920,master
2442,2393,2417,49,4835,master
2615,2466,2540,149,5081,grandmaster
2309,2307,2308,2,4616,master
2378,2611,2494,-233,4989,master
2508,2407,2457,101,4915,master
2409,2500,2454,-91,4909,master
2404,2556,2480,-152,4960,master
2214,2497,2355,-283,4711,master
2723,2727,2725,-4,5450,grandmaster
2177,2205,2191,-28,4382,average
2191,2415,2303,-224,4606,master
2510,2526,2518,-16,5036,grandmaster
2483,2428,2455,55,4911,master
2543,2340,2441,203,4883,master
2572,2343,2457,229,4915,master
2385,2414,2399,-29,4799,master
2426,2358,2392,68,4784,master
2314,2417,2365,-103,4731,master
1607,1716,1661,-109,3323,novice
2236,2458,2347,-222,4694,master
2269,2378,2323,-109,4647,master
2353,2289,2321,64,4642,master
2451,2353,2402,98,4804,master
2241,2263,2252,-22,4504,average
2367,2362,2364,5,4729,master
2328,2204,2266,124,4532,average
2217,2510,2363,-293,4727,master
2196,2574,2385,-378,4770,master
2179,2266,2222,-87,4445,average
2361,2374,2367,-13,4735,master
2541,2461,2501,80,5002,grandmaster
2210,2406,2308,-196,4616,master
2172,2526,2349,-354,4698,master
2510,2547,2528,-37,5057,grandmaster
2406,2210,2308,196,4616,master
2359,1918,2138,441,4277,average
2102,2428,2265,-326,4530,average
2484,2091,2287,393,4575,average
2486,2242,2364,244,4728,master
2436,2580,2508,-144,5016,grandmaster
2499,2344,2421,155,4843,master
2317,2184,2250,133,4501,average
2397,2541,2469,-144,4938,master
2656,2631,2643,25,5287,grandmaster
1929,2334,2131,-405,4263,average
2529,2557,2543,-28,5086,grandmaster
2709,2632,2670,77,5341,grandmaster
2198,2322,2260,-124,4520,average
2375,2364,2369,11,4739,master
2520,2519,2519,1,5039,grandmaster
2274,2420,2347,-146,4694,master
2505,2533,2519,-28,5038,grandmaster
2235,2473,2354,-238,4708,master
2282,2366,2324,-84,4648,master
2277,2547,2412,-270,4824,master
2412,2530,2471,-118,4942,master
2113,2227,2170,-114,4340,average
2290,2013,2151,277,4303,average
2574,2530,2552,44,5104,grandmaster
2425,2132,2278,293,4557,average
2333,2193,2263,140,4526,average
2217,2404,2310,-187,4621,master
2116,2166,2141,-50,4282,average
2245,2483,2364,-238,4728,master
2442,2346,2394,96,4788,master
2362,2476,2419,-114,4838,master
2420,2447,2433,-27,4867,master
2143,2486,2314,-343,4629,master
2385,2174,2279,211,4559,average
2427,2203,2315,224,4630,master
2597,2390,2493,207,4987,master
2407,2133,2270,274,4540,average
2378,2582,2480,-204,4960,master
2522,2242,2382,280,4764,master
2403,2282,2342,121,4685,master
2618,2626,2622,-8,5244,grandmaster
2648,2657,2652,-9,5305,grandmaster
2027,2324,2175,-297,4351,average
2261,2439,2350,-178,4700,master
2498,2521,2509,-23,5019,grandmaster
2449,2313,2381,136,4762,master
2638,2601,2619,37,5239,grandmaster
2401,2454,2427,-53,4855,master
2431,2567,2499,-136,4998,master
2651,2366,2508,285,5017,grandmaster
2624,2478,2551,146,5102,grandmaster
2549,2669,2609,-120,5218,grandmaster
2475,2603,2539,-128,5078,grandmaster
2550,2278,2414,272,4828,master
2474,2426,2450,48,4900,master
2210,2428,2319,-218,4638,master
2607,2536,2571,71,5143,grandmaster
2565,2458,2511,107,5023,grandmaster
2788,2644,2716,144,5432,grandmaster
2539,2554,2546,-15,5093,grandmaster
2416,2065,2240,351,4481,average
2363,2241,2302,122,4604,master
2363,2494,2428,-131,4857,master
2507,2503,2505,4,5010,grandmaster
2376,2291,2333,85,4667,master
2357,2217,2287,140,4574,average
2167,2354,2260,-187,4521,average
2633,2590,2611,43,5223,grandmaster
2494,2423,2458,71,4917,master
2004,2407,2205,-403,4411,average
2428,2249,2338,179,4677,master
2286,2443,2364,-157,4729,master
2218,2275,2246,-57,4493,average
1959,2029,1994,-70,3988,novice
2580,2655,2617,-75,5235,grandmaster
2588,2463,2525,125,5051,grandmaster
2095,2170,2132,-75,4265,average
2542,2228,2385,314,4770,master
2206,2522,2364,-316,4728,master
2069,1607,1838,462,3676,novice
2386,2003,2194,383,4389,average
2284,2306,2295,-22,4590,average
1941,1744,1842,197,3685,novice
2702,2706,2704,-4,5408,grandmaster
2313,2266,2289,47,4579,average
2331,2340,2335,-9,4671,master
2674,2666,2670,8,5340,grandmaster
1983,2149,2066,-166,4132,novice
2516,2275,2395,241,4791,master
2451,2250,2350,201,4701,master
2430,2513,2471,-83,4943,master
2793,2744,2768,49,5537,grandmaster
2027,2630,2328,-603,4657,master
2259,2395,2327,-136,4654,master
2458,2547,2502,-89,5005,grandmaster
2014,1936,1975,78,3950,novice
2134,2312,2223,-178,4446,average
1845,2330,2087,-485,4175,novice
2371,2382,2376,-11,4753,master
2551,2595,2573,-44,5146,grandmaster
2021,2297,2159,-276,4318,average
2482,2437,2459,45,4919,master
2398,2427,2412,-29,4825,master
2567,2518,2542,49,5085,grandmaster
2518,2406,2462,112,4924,master
2449,2336,2392,113,4785,master
1959,2089,2024,-130,4048,novice
2572,2406,2489,166,4978,master
2503,2635,2569,-132,5138,grandmaster
2302,2553,2427,-251,4855,master
2267,2223,2245,44,4490,average
2413,2556,2484,-143,4969,master
2641,2547,2594,94,5188,grandmaster
2472,2270,2371,202,4742,master
2406,2120,2263,286,4526,average
2172,2089,2130,83,4261,average
2336,2441,2388,-105,4777,master
2200,2389,2294,-189,4589,average
2214,2001,2107,213,4215,average
2219,1933,2076,286,4152,novice
2597,2413,2505,184,5010,grandmaster
2431,2462,2446,-31,4893,master
2510,2274,2392,236,4784,master
2580,2234,2407,346,4814,master
2676,2505,2590,171,5181,grandmaster
2253,2655,2454,-402,4908,master
2568,2410,2489,158,4978,master
2419,2484,2451,-65,4903,master
2235,2634,2434,-399,4869,master
2332,2680,2506,-348,5012,grandmaster
2434,2550,2492,-116,4984,master
2453,2402,2427,51,4855,master
2784,2803,2793,-19,5587,grandmaster
2283,2594,2438,-311,4877,master
2557,2708,2632,-151,5265,grandmaster
2151,2104,2127,47,4255,average
2343,2294,2318,49,4637,master
2333,2132,2232,201,4465,average
2024,2254,2139,-230,4278,average
2682,2455,2568,227,5137,grandmaster
2438,2287,2362,151,4725,master
1955,2198,2076,-243,4153,novice
2417,2404,2410,13,4821,master
2402,2582,2492,-180,4984,master
2123,2147,2135,-24,4270,average
2074,2255,2164,-181,4329,average
2303,2430,2366,-127,4733,master
2308,2199,2253,109,4507,average
2462,1978,2220,484,4440,average
2294,2572,2433,-278,4866,master
2562,2308,2435,254,4870,master
1893,2024,1958,-131,3917,novice
2348,2242,2295,106,4590,average
1438,1700,1569,-262,3138,novice
2284,2534,2409,-250,4818,master
2385,2267,2326,118,4652,master
2145,1955,2050,190,4100,novice
2211,2305,2258,-94,4516,average
2064,2259,2161,-195,4323,average
2277,2005,2141,272,4282,average
2572,2126,2349,446,4698,master
2230,2320,2275,-90,4550,average
2275,2034,2154,241,4309,average
2209,2316,2262,-107,4525,average
2367,2092,2229,275,4459,average
2444,2424,2434,20,4868,master
2178,2516,2347,-338,4694,master
2560,2602,2581,-42,5162,grandmaster
2120,2079,2099,41,4199,novice
2206,2670,2438,-464,4876,master
2418,2526,2472,-108,4944,master
2436,2410,2423,26,4846,master
2160,2262,2211,-102,4422,average
2683,2708,2695,-25,5391,grandmaster
2441,2502,2471,-61,4943,master
2412,2317,2364,95,4729,master
2665,2457,2561,208,5122,grandmaster
2517,2389,2453,128,4906,master
2408,2534,2471,-126,4942,master
2530,2407,2468,123,4937,master
2401,2355,2378,46,4756,master
1706,2229,1967,-523,3935,novice
2196,2385,2290,-189,4581,average
2469,2805,2637,-336,5274,grandmaster
1768,2165,1966,-397,3933,novice
2568,2449,2508,119,5017,grandmaster
2030,1844,1937,186,3874,novice
2644,2591,2617,53,5235,grandmaster
2507,2577,2542,-70,5084,grandmaster
2609,2183,2396,426,4792,master
2082,2237,2159,-155,4319,average
2666,2687,2676,-21,5353,grandmaster
2194,2444,2319,-250,4638,master
2414,2390,2402,24,4804,master
2090,1969,2029,121,4059,novice
2293,2205,2249,88,4498,average
2292,2533,2412,-241,4825,master
2282,2725,2503,-443,5007,grandmaster
2085,2502,2293,-417,4587,average
2278,2144,2211,134,4422,average
2389,2359,2374,30,4748,master
2423,2197,2310,226,4620,master
2237,2231,2234,6,4468,average
2302,2245,2273,57,4547,average
2158,2228,2193,-70,4386,average
2321,2545,2433,-224,4866,master
2068,2161,2114,-93,4229,average
2267,2545,2406,-278,4812,master
2074,2235,2154,-161,4309,average
2579,2618,2598,-39,5197,grandmaster
2213,1781,1997,432,3994,novice
2308,2475,2391,-167,4783,master
2339,2387,2363,-48,4726,master
2341,2178,2259,163,4519,average
2212,2185,2198,27,4397,average
2403,2059,2231,344,4462,average
2274,2228,2251,46,4502,average
2412,2223,2317,189,4635,master
2293,2436,2364,-143,4729,master
2446,2242,2344,204,4688,master
2517,2308,2412,209,4825,master
2173,1786,1979,387,3959,novice
2503,2498,2500,5,5001,master
2206,2085,2145,121,4291,average
1896,2140,2018,-244,4036,novice
2255,2476,2365,-221,4731,master
2547,2354,2450,193,4901,master
2356,2390,2373,-34,4746,master
2502,2604,2553,-102,5106,grandmaster
1792,1546,1669,246,3338,novice
2639,2663,2651,-24,5302,grandmaster
2330,2197,2263,133,4527,average
1811,2108,1959,-297,3919,novice
2129,2074,2101,55,4203,average
2285,2259,2272,26,4544,average
2285,2575,2430,-290,4860,master
2359,2415,2387,-56,4774,master
2092,2292,2192,-200,4384,average
2739,2619,2679,120,5358,grandmaster
2296,2616,2456,-320,4912,master
2271,2635,2453,-364,4906,master
1876,2320,2098,-444,4196,novice
2380,2570,2475,-190,4950,master
2298,2137,2217,161,4435,average
2321,2447,2384,-126,4768,master
2404,2593,2498,-189,4997,master
2517,2298,2407,219,4815,master
1811,2116,1963,-305,3927,novice
2025,2081,2053,-56,4106,novice
2447,2623,2535,-176,5070,grandmaster
2254,2445,2349,-191,4699,master
2300,2377,2338,-77,4677,master
2338,2185,2261,153,4523,average
2194,2131,2162,63,4325,average
2378,2636,2507,-258,5014,grandmaster
2368,2153,2260,215,4521,average
2434,2556,2495,-122,4990,master
2585,2173,2379,412,4758,master
2016,2335,2175,-319,4351,average
2577,2758,2667,-181,5335,grandmaster
2730,2544,2637,186,5274,grandmaster
2384,2347,2365,37,4731,master
2257,2680,2468,-423,4937,master
2655,2499,2577,156,5154,grandmaster
2158,1928,2043,230,4086,novice
2641,2315,2478,326,4956,master
2254,2380,2317,-126,4634,master
2521,2585,2553,-64,5106,grandmaster
2506,2295,2400,211,4801,master
2244,2574,2409,-330,4818,master
2358,2505,2431,-147,4863,master
2315,2446,2380,-131,4761,master
2431,2516,2473,-85,4947,master
2296,2296,2296,0,4592,average
2342,2054,2198,288,4396,average
2441,2512,2476,-71,4953,master
2436,2214,2325,222,4650,master
2723,2553,2638,170,5276,grandmaster
2049,2229,2139,-180,4278,average
2273,2521,2397,-248,4794,master
2377,2467,2422,-90,4844,master
2303,2181,2242,122,4484,average
2309,2256,2282,53,4565,average
2605,2375,2490,230,4980,master
2336,2274,2305,62,4610,master
2320,2398,2359,-78,4718,master
2473,2319,2396,154,4792,master
2292,2458,2375,-166,4750,master
2120,2518,2319,-398,4638,master
2592,2325,2458,267,4917,master
2420,1951,2185,469,4371,average
2176,2133,2154,43,4309,average
1974,1830,1902,144,3804,novice
2138,2250,2194,-112,4388,average
2388,2446,2417,-58,4834,master
2133,2300,2216,-167,4433,average
2486,2427,2456,59,4913,master
2298,2082,2190,216,4380,average
2550,2567,2558,-17,5117,grandmaster
2474,2528,2501,-54,5002,grandmaster
2611,2450,2530,161,5061,grandmaster
2187,1767,1977,420,3954,novice
2319,2166,2242,153,4485,average
2268,2436,2352,-168,4704,master
2342,2369,2355,-27,4711,master
2428,2053,2240,375,4481,average
2560,2375,2467,185,4935,master
2520,2229,2374,291,4749,master
2289,1980,2134,309,4269,average
2062,2211,2136,-149,4273,average
2484,2390,2437,94,4874,master
2483,2417,2450,66,4900,master
2029,2302,2165,-273,4331,average
2410,2405,2407,5,4815,master
2404,2519,2461,-115,4923,master
2573,2464,2518,109,5037,grandmaster
2538,2449,2493,89,4987,master
2344,2183,2263,161,4527,average
1880,2139,2009,-259,4019,novice
2545,2312,2428,233,4857,master
1989,2161,2075,-172,4150,novice
2338,2332,2335,6,4670,master
1838,1970,1904,-132,3808,novice
2302,2506,2404,-204,4808,master
2476,2524,2500,-48,5000,master
2234,2081,2157,153,4315,average
2041,2275,2158,-234,4316,average
2131,2141,2136,-10,4272,average
2399,2571,2485,-172,4970,master
2331,2380,2355,-49,4711,master
2167,2007,2087,160,4174,novice
2626,2567,2596,59,5193,grandmaster
2302,2524,2413,-222,4826,master
1698,1831,1764,-133,3529,novice
2465,2552,2508,-87,5017,grandmaster
2248,2566,2407,-318,4814,master
2494,2660,2577,-166,5154,grandmaster
2209,2094,2151,115,4303,average
2167,2540,2353,-373,4707,master
1946,1918,1932,28,3864,novice
2289,2416,2352,-127,4705,master
2134,2255,2194,-121,4389,average
2478,2557,2517,-79,5035,grandmaster
1972,2447,2209,-475,4419,average
2354,2237,2295,117,4591,average
2610,2181,2395,429,4791,master
2637,2622,2629,15,5259,grandmaster
2523,2579,2551,-56,5102,grandmaster
2530,2350,2440,180,4880,master
2145,2303,2224,-158,4448,average
2699,2538,2618,161,5237,grandmaster
2388,2240,2314,148,4628,master
2393,2529,2461,-136,4922,master
2624,2663,2643,-39,5287,grandmaster
2320,2533,2426,-213,4853,master
2170,2250,2210,-80,4420,average
2723,2586,2654,137,5309,grandmaster
2355,2512,2433,-157,4867,master
2483,2564,2523,-81,5047,grandmaster
2289,2273,2281,16,4562,average
2785,2724,2754,61,5509,grandmaster
2200,2508,2354,-308,4708,master
2585,2389,2487,196,4974,master
2221,2340,2280,-119,4561,average
2490,2543,2516,-53,5033,grandmaster
2198,1967,2082,231,4165,novice
2235,2278,2256,-43,4513,average
2266,2343,2304,-77,4609,master
2241,2413,2327,-172,4654,master
2503,2417,2460,86,4920,master
2584,2682,2633,-98,5266,grandmaster
2280,2467,2373,-187,4747,master
2617,2679,2648,-62,5296,grandmaster
2384,2333,2358,51,4717,master
1953,2178,2065,-225,4131,novice
2371,2273,2322,98,4644,master
2429,2523,2476,-94,4952,master
2492,2348,2420,144,4840,master
2485,2713,2599,-228,5198,grandmaster
2598,2375,2486,223,4973,master
2503,2409,2456,94,4912,master
2500,2281,2390,219,4781,master
2442,2201,2321,241,4643,master
2324,2458,2391,-134,4782,master
2556,2724,2640,-168,5280,grandmaster
2214,2423,2318,-209,4637,master
2633,2359,2496,274,4992,master
2306,2207,2256,99,4513,average
2559,2427,2493,132,4986,master
2445,2509,2477,-64,4954,master
2410,2218,2314,192,4628,master
2500,2106,2303,394,4606,master
2100,2003,2051,97,4103,novice
2346,2399,2372,-53,4745,master
2632,2446,2539,186,5078,grandmaster
2613,2564,2588,49,5177,grandmaster
2326,2534,2430,-208,4860,master
2534,2552,2543,-18,5086,grandmaster
2305,2532,2418,-227,4837,master
2772,2567,2669,205,5339,grandmaster
2140,2549,2344,-409,4689,master
2279,2566,2422,-287,4845,master
2121,2409,2265,-288,4530,average
2178,2350,2264,-172,4528,average
2661,2200,2430,461,4861,master
2622,2297,2459,325,4919,master
2507,2392,2449,115,4899,master
2562,2175,2368,387,4737,master
2457,2463,2460,-6,4920,master
2502,2331,2416,171,4833,master
2248,2378,2313,-130,4626,master
2441,2564,2502,-123,5005,grandmaster
2754,2582,2668,172,5336,grandmaster
2412,2346,2379,66,4758,master
2253,2420,2336,-167,4673,master
2474,2471,2472,3,4945,master
2215,2361,2288,-146,4576,average
2336,2564,2450,-228,4900,master
2418,2285,2351,133,4703,master
2237,2250,2243,-13,4487,average
2305,2518,2411,-213,4823,master
2107,1958,2032,149,4065,novice
2292,2195,2243,97,4487,average
2752,2773,2762,-21,5525,grandmaster
2757,2578,2667,179,5335,grandmaster
2260,2460,2360,-200,4720,master
2557,2324,2440,233,4881,master
2322,2303,2312,19,4625,master
2482,2535,2508,-53,5017,grandmaster
2506,2717,2611,-211,5223,grandmaster
2318,1848,2083,470,4166,novice
2285,2416,2350,-131,4701,master
2244,2115,2179,129,4359,average
2137,2361,2249,-224,4498,average
2154,2308,2231,-154,4462,average
2436,2436,2436,0,4872,master
1861,2027,1944,-166,3888,novice
2548,2296,2422,252,4844,master
2368,2491,2429,-123,4859,master
2304,2352,2328,-48,4656,master
2321,2148,2234,173,4469,average
2625,2416,2520,209,5041,grandmaster
1739,2096,1917,-357,3835,novice
2449,2053,2251,396,4502,average
2162,2026,2094,136,4188,novice
2660,2633,2646,27,5293,grandmaster
2428,2433,2430,-5,4861,master
2538,2257,2397,281,4795,master
2172,1958,2065,214,4130,novice
2521,2294,2407,227,4815,master
2272,2622,2447,-350,4894,master
2338,2153,2245,185,4491,average
2131,2351,2241,-220,4482,average
2412,2520,2466,-108,4932,master
2366,2522,2444,-156,4888,master
2586,2659,2622,-73,5245,grandmaster
2318,2008,2163,310,4326,average
2613,2664,2638,-51,5277,grandmaster
2234,2453,2343,-219,4687,master
2067,2311,2189,-244,4378,average
2468,2437,2452,31,4905,master
2345,2473,2409,-128,4818,master
2308,2586,2447,-278,4894,master
2405,2025,2215,380,4430,average
2224,2204,2214,20,4428,average
2297,2430,2363,-133,4727,master
2580,2466,2523,114,5046,grandmaster
2146,2322,2234,-176,4468,average
2700,2497,2598,203,5197,grandmaster
2588,2667,2627,-79,5255,grandmaster
2372,2496,2434,-124,4868,master
2520,2278,2399,242,4798,master
2140,2360,2250,-220,4500,average
2161,2284,2222,-123,4445,average
2717,2712,2714,5,5429,grandmaster
2163,2424,2293,-261,4587,average
2123,2341,2232,-218,4464,average
2471,2643,2557,-172,5114,grandmaster
2512,2192,2352,320,4704,master
2444,2574,2509,-130,5018,grandmaster
2338,2242,2290,96,4580,average
2372,2239,2305,133,4611,master
2233,2344,2288,-111,4577,average
2129,2017,2073,112,4146,novice
2408,2468,2438,-60,4876,master
2399,2570,2484,-171,4969,master
2570,2619,2594,-49,5189,grandmaster
2084,2306,2195,-222,4390,average
2456,2135,2295,321,4591,average
2411,2372,2391,39,4783,master
2136,2188,2162,-52,4324,average
2051,2418,2234,-367,4469,average
2559,2176,2367,383,4735,master
2172,2416,2294,-244,4588,average
1793,2066,1929,-273,3859,novice
2527,2043,2285,484,4570,average
2104,2365,2234,-261,4469,average
2034,2139,2086,-105,4173,novice
2269,2263,2266,6,4532,average
2135,2049,2092,86,4184,novice
2111,2113,2112,-2,4224,average
2224,2081,2152,143,4305,average
2433,2338,2385,95,4771,master
2068,2206,2137,-138,4274,average
2067,1874,1970,193,3941,novice
2038,2237,2137,-199,4275,average
2263,2347,2305,-84,4610,master
2246,2076,2161,170,4322,average
2530,2437,2483,93,4967,master
2051,2403,2227,-352,4454,average
2433,2353,2393,80,4786,master
2383,2078,2230,305,4461,average
1827,2181,2004,-354,4008,novice
2624,2489,2556,135,5113,grandmaster
2403,2521,2462,-118,4924,master
2304,2515,2409,-211,4819,master
2457,2318,2387,139,4775,master
2608,2485,2546,123,5093,grandmaster
2153,1996,2074,157,4149,novice
2532,2412,2472,120,4944,master
2224,2402,2313,-178,4626,master
1817,2199,2008,-382,4016,novice
2000,2177,2088,-177,4177,novice
2211,2255,2233,-44,4466,average
2381,2571,2476,-190,4952,master
2147,2293,2220,-146,4440,average
2550,2313,2431,237,4863,master
2192,2253,2222,-61,4445,average
2266,2462,2364,-196,4728,master
2218,2572,2395,-354,4790,master
2447,2367,2407,80,4814,master
2523,2556,2539,-33,5079,grandmaster
2132,2287,2209,-155,4419,average
2092,2334,2213,-242,4426,average
2160,2375,2267,-215,4535,average
1919,2352,2135,-433,4271,average
2533,2332,2432,201,4865,master
2222,2596,2409,-374,4818,master
2625,2621,2623,4,5246,grandmaster
2535,2273,2404,262,4808,master
2206,2114,2160,92,4320,average
2803,2734,2768,69,5537,grandmaster
2419,2371,2395,48,4790,master
2764,2740,2752,24,5504,grandmaster
2519,2320,2419,199,4839,master
2434,2330,2382,104,4764,master
2521,2455,2488,66,4976,master
2328,2546,2437,-218,4874,master
2024,2250,2137,-226,4274,average
2078,2361,2219,-283,4439,average
2303,2468,2385,-165,4771,master
2571,2501,2536,70,5072,grandmaster
1783,1982,1882,-199,3765,novice
2320,1942,2131,378,4262,average
2508,2271,2389,237,4779,master
2636,2525,2580,111,5161,grandmaster
1950,1702,1826,248,3652,novice
2560,2153,2356,407,4713,master
2491,2212,2351,279,4703,master
2420,2504,2462,-84,4924,master
2576,2597,2586,-21,5173,grandmaster
2287,2376,2331,-89,4663,master
2288,2350,2319,-62,4638,master
2375,2388,2381,-13,4763,master
2387,2503,2445,-116,4890,master
2204,2334,2269,-130,4538,average
2130,2110,2120,20,4240,average
2455,2226,2340,229,4681,master
2425,2576,2500,-151,5001,master
2465,2246,2355,219,4711,master
2730,2792,2761,-62,5522,grandmaster
2118,2228,2173,-110,4346,average
2483,2222,2352,261,4705,master
2642,2561,2601,81,5203,grandmaster
2244,2095,2169,149,4339,average
2551,2278,2414,273,4829,master
2461,2406,2433,55,4867,master
2085,2228,2156,-143,4313,average
1498,2144,1821,-646,3642,novice
2433,2552,2492,-119,4985,master
2510,2568,2539,-58,5078,grandmaster
2414,2274,2344,140,4688,master
2286,2459,2372,-173,4745,master
2157,2177,2167,-20,4334,average
2419,2554,2486,-135,4973,master
2318,2153,2235,165,4471,average
2651,2558,2604,93,5209,grandmaster
2539,2448,2493,91,4987,master
2340,2591,2465,-251,4931,master
2515,2470,2492,45,4985,master
2054,1883,1968,171,3937,novice
2429,2237,2333,192,4666,master
2454,2544,2499,-90,4998,master
1973,2144,2058,-171,4117,novice
2583,2212,2397,371,4795,master
1904,2179,2041,-275,4083,novice
2247,2301,2274,-54,4548,average
2542,2491,2516,51,5033,grandmaster
2185,2464,2324,-279,4649,master
2113,2458,2285,-345,4571,average
2109,2417,2263,-308,4526,average
2546,2339,2442,207,4885,master
2203,2104,2153,99,4307,average
2060,2062,2061,-2,4122,novice
2389,2477,2433,-88,4866,master
2135,2168,2151,-33,4303,average
2117,2102,2109,15,4219,average
2430,2538,2484,-108,4968,master
2118,2501,2309,-383,4619,master
2442,2663,2552,-221,5105,grandmaster
2223,2481,2352,-258,4704,master
2472,2076,2274,396,4548,average
2533,2373,2453,160,4906,master
2254,2407,2330,-153,4661,master
2334,2533,2433,-199,4867,master
2317,2574,2445,-257,4891,master
2167,2106,2136,61,4273,average
2449,2179,2314,270,4628,master
2279,2636,2457,-357,4915,master
2058,2309,2183,-251,4367,average
2711,2119,2415,592,4830,master
2427,2164,2295,263,4591,average
2208,2342,2275,-134,4550,average
2523,2322,2422,201,4845,master
2306,2505,2405,-199,4811,master
2391,2441,2416,-50,4832,master
2609,2683,2646,-74,5292,grandmaster
2568,2286,2427,282,4854,master
2505,2380,2442,125,4885,master
2600,2327,2463,273,4927,master
2489,2501,2495,-12,4990,master
2432,2281,2356,151,4713,master
2398,2295,2346,103,4693,master
1931,2199,2065,-268,4130,novice
2333,2320,2326,13,4653,master
2375,2230,2302,145,4605,master
2507,2650,2578,-143,5157,grandmaster
2556,2518,2537,38,5074,grandmaster
2522,2361,2441,161,4883,master
2455,2335,2395,120,4790,master
2106,2440,2273,-334,4546,average
2628,2201,2414,427,4829,master
2537,2417,2477,120,4954,master
2140,2301,2220,-161,4441,average
2477,2343,2410,134,4820,master
2393,2560,2476,-167,4953,master
2616,2625,2620,-9,5241,grandmaster
2051,1759,1905,292,3810,novice
2488,2567,2527,-79,5055,grandmaster
2432,2533,2482,-101,4965,master
2568,2652,2610,-84,5220,grandmaster
2409,2250,2329,159,4659,master
1700,1971,1835,-271,3671,novice
2075,2377,2226,-302,4452,average
2541,2171,2356,370,4712,master
2484,2481,2482,3,4965,master
2278,2094,2186,184,4372,average
2303,2391,2347,-88,4694,master
2511,2391,2451,120,4902,master
2353,2092,2222,261,4445,average
2244,1951,2097,293,4195,novice
2600,2655,2627,-55,5255,grandmaster
1544,1812,1678,-268,3356,novice
2475,2502,2488,-27,4977,master
2452,2475,2463,-23,4927,master
2072,2373,2222,-301,4445,average
2594,2335,2464,259,4929,master
2606,2322,2464,284,4928,master
2411,2264,2337,147,4675,master
2188,2029,2108,159,4217,average
2351,2277,2314,74,4628,master
2113,2051,2082,62,4164,novice
1971,2245,2108,-274,4216,average
2383,2438,2410,-55,4821,master
2663,2683,2673,-20,5346,grandmaster
2379,2542,2460,-163,4921,master
2408,2484,2446,-76,4892,master
2507,2461,2484,46,4968,master
2295,2291,2293,4,4586,average
2493,2625,2559,-132,5118,grandmaster
2401,2481,2441,-80,4882,master
2245,2305,2275,-60,4550,average
2426,2018,2222,408,4444,average
2063,2108,2085,-45,4171,novice
2189,2070,2129,119,4259,average
2662,2509,2585,153,5171,grandmaster
2569,2128,2348,441,4697,master
1998,2210,2104,-212,4208,average
2764,2815,2789,-51,5579,grandmaster
2276,2375,2325,-99,4651,master
2317,2065,2191,252,4382,average
2520,2290,2405,230,4810,master
2316,2391,2353,-75,4707,master
2327,2499,2413,-172,4826,master
2500,2107,2303,393,4607,master
2303,2087,2195,216,4390,average
2499,2554,2526,-55,5053,grandmaster
2417,2594,2505,-177,5011,grandmaster
1985,2231,2108,-246,4216,average
2259,2114,2186,145,4373,average
2546,2312,2429,234,4858,master
2268,2379,2323,-111,4647,master
2446,2356,2401,90,4802,master
2386,2401,2393,-15,4787,master
2433,2418,2425,15,4851,master
2355,2235,2295,120,4590,average
2551,2696,2623,-145,5247,grandmaster
2492,2563,2527,-71,5055,grandmaster
2205,1740,1972,465,3945,novice
2404,2198,2301,206,4602,master
2654,1726,2190,928,4380,average
2469,2310,2389,159,4779,master
2017,1939,1978,78,3956,novice
2152,1899,2025,253,4051,novice
2449,2377,2413,72,4826,master
2598,2215,2406,383,4813,master
2173,2300,2236,-127,4473,average
2425,2412,2418,13,4837,master
2525,2615,2570,-90,5140,grandmaster
2143,2152,2147,-9,4295,average
2516,2302,2409,214,4818,master
2244,2183,2213,61,4427,average
2209,2255,2232,-46,4464,average
2319,2684,2501,-365,5003,grandmaster
2382,2549,2465,-167,4931,master
2383,2255,2319,128,4638,master
2412,2413,2412,-1,4825,master
2415,2538,2476,-123,4953,master
2409,2546,2477,-137,4955,master
2279,1721,2000,558,4000,novice
2511,2705,2608,-194,5216,grandmaster
2143,2179,2161,-36,4322,average
2379,2502,2440,-123,4881,master
2388,2661,2524,-273,5049,grandmaster
2570,2581,2575,-11,5151,grandmaster
2469,2290,2379,179,4759,master
1860,2089,1974,-229,3949,novice
2374,2157,2265,217,4531,average
2422,2298,2360,124,4720,master
2312,2263,2287,49,4575,average
2544,2635,2589,-91,5179,grandmaster
2244,2066,2155,178,4310,average
2143,2301,2222,-158,4444,average
2313,2442,2377,-129,4755,master
2203,2364,2283,-161,4567,average
2474,2353,2413,121,4827,master
2179,2433,2306,-254,4612,master
2291,2546,2418,-255,4837,master
2051,2272,2161,-221,4323,average
2234,2501,2367,-267,4735,master
2144,2327,2235,-183,4471,average
2696,2568,2632,128,5264,grandmaster
2556,2404,2480,152,4960,master
2524,2147,2335,377,4671,master
2682,2575,2628,107,5257,grandmaster
2196,2037,2116,159,4233,average
1921,2132,2026,-211,4053,novice
2226,2498,2362,-272,4724,master
2302,2551,2426,-249,4853,master
2148,2005,2076,143,4153,novice
2458,2411,2434,47,4869,master
2462,2100,2281,362,4562,average
2226,2373,2299,-147,4599,average
2066,2205,2135,-139,4271,average
2219,2070,2144,149,4289,average
2577,2501,2539,76,5078,grandmaster
2368,2444,2406,-76,4812,master
2428,2478,2453,-50,4906,master
2249,2490,2369,-241,4739,master
2418,2336,2377,82,4754,master
2437,2264,2350,173,4701,master
2567,2720,2643,-153,5287,grandmaster
1756,1646,1701,110,3402,novice
1723,2166,1944,-443,3889,novice
2390,2503,2446,-113,4893,master
2352,2392,2372,-40,4744,master
2131,2415,2273,-284,4546,average
2595,2339,2467,256,4934,master
2470,2395,2432,75,4865,master
2412,2227,2319,185,4639,master
2250,2320,2285,-70,4570,average
2353,2415,2384,-62,4768,master
2556,2642,2599,-86,5198,grandmaster
2484,2559,2521,-75,5043,grandmaster
2076,2205,2140,-129,4281,average
2082,2221,2151,-139,4303,average
2506,2275,2390,231,4781,master
2423,2398,2410,25,4821,master
2327,2093,2210,234,4420,average
2417,2434,2425,-17,4851,master
2558,2274,2416,284,4832,master
2481,2260,2370,221,4741,master
2223,2327,2275,-104,4550,average
2630,2559,2594,71,5189,grandmaster
2309,2413,2361,-104,4722,master
2285,2444,2364,-159,4729,master
2219,2283,2251,-64,4502,average
2473,2479,2476,-6,4952,master
2375,2279,2327,96,4654,master
2144,2008,2076,136,4152,novice
2513,2171,2342,342,4684,master
2657,2473,2565,184,5130,grandmaster
2108,2054,2081,54,4162,novice
2015,1633,1824,382,3648,novice
2010,2085,2047,-75,4095,novice
2402,2041,2221,361,4443,average
2562,2697,2629,-135,5259,grandmaster
2581,2396,2488,185,4977,master
2386,2207,2296,179,4593,average
2391,2271,2331,120,4662,master
2132,2290,2211,-158,4422,average
2520,2437,2478,83,4957,master
2387,2602,2494,-215,4989,master
2262,2559,2410,-297,4821,master
2370,2544,2457,-174,4914,master
2555,2412,2483,143,4967,master
2327,2580,2453,-253,4907,master
2277,2010,2143,267,4287,average
2404,2382,2393,22,4786,master
2405,2549,2477,-144,4954,master
2210,2327,2268,-117,4537,average
1840,2101,1970,-261,3941,novice
2048,2188,2118,-140,4236,average
2336,2303,2319,33,4639,master
2086,2427,2256,-341,4513,average
2609,2660,2634,-51,5269,grandmaster
2101,2023,2062,78,4124,novice
1904,2074,1989,-170,3978,novice
2607,2720,2663,-113,5327,grandmaster
2534,2605,2569,-71,5139,grandmaster
2370,2655,2512,-285,5025,grandmaster
2403,2192,2297,211,4595,average
2425,2252,2338,173,4677,master
2457,2325,2391,132,4782,master
2482,2466,2474,16,4948,master
2637,2554,2595,83,5191,grandmaster
2369,2593,2481,-224,4962,master
2040,2068,2054,-28,4108,novice
2168,1881,2024,287,4049,novice
2528,2336,2432,192,4864,master
2428,2313,2370,115,4741,master
2636,2479,2557,157,5115,grandmaster
2043,2187,2115,-144,4230,average
2297,2437,2367,-140,4734,master
2102,1984,2043,118,4086,novice
2580,2621,2600,-41,5201,grandmaster
2497,2484,2490,13,4981,master
2397,2384,2390,13,4781,master
2306,2380,2343,-74,4686,master
2201,2367,2284,-166,4568,average
2383,1939,2161,444,4322,average
2179,2560,2369,-381,4739,master
2713,2695,2704,18,5408,grandmaster
2061,2534,2297,-473,4595,average
1984,1886,1935,98,3870,novice
2273,2434,2353,-161,4707,master
1857,2048,1952,-191,3905,novice
2494,2446,2470,48,4940,master
2438,2259,2348,179,4697,master
2053,2268,2160,-215,4321,average
2309,2086,2197,223,4395,average
2547,2501,2524,46,5048,grandmaster
2746,2702,2724,44,5448,grandmaster
2025,1839,1932,186,3864,novice
2530,2353,2441,177,4883,master
2204,2081,2142,123,4285,average
2308,2460,2384,-152,4768,master
2390,2180,2285,210,4570,average
2503,2333,2418,170,4836,master
2449,2180,2314,269,4629,master
2809,2801,2805,8,5610,grandmaster
2401,2337,2369,64,4738,master
2514,2389,2451,125,4903,master
2453,2324,2388,129,4777,master
1871,2002,1936,-131,3873,novice
1936,2092,2014,-156,4028,novice
2418,2600,2509,-182,5018,grandmaster
2212,2373,2292,-161,4585,average
2742,2637,2689,105,5379,grandmaster
2082,2438,2260,-356,4520,average
2654,2634,2644,20,5288,grandmaster
2009,1961,1985,48,3970,novice
2442,2366,2404,76,4808,master
2215,2449,2332,-234,4664,master
2428,2563,2495,-135,4991,master
2262,2130,2196,132,4392,average
2335,2237,2286,98,4572,average
2545,2193,2369,352,4738,master
2053,2270,2161,-217,4323,average
2473,2373,2423,100,4846,master
2577,2596,2586,-19,5173,grandmaster
1932,2223,2077,-291,4155,novice
2490,2448,2469,42,4938,master
2423,2065,2244,358,4488,average
2015,2350,2182,-335,4365,average
2199,2457,2328,-258,4656,master
2242,2325,2283,-83,4567,average
2363,2274,2318,89,4637,master
2358,2450,2404,-92,4808,master
2435,2235,2335,200,4670,master
2581,2361,2471,220,4942,master
2315,2475,2395,-160,4790,master
2528,2323,2425,205,4851,master
2418,2481,2449,-63,4899,master
2732,2738,2735,-6,5470,grandmaster
2454,2605,2529,-151,5059,grandmaster
2454,2693,2573,-239,5147,grandmaster
2324,2476,2400,-152,4800,master
2237,2442,2339,-205,4679,master
2216,2455,2335,-239,4671,master
2319,2268,2293,51,4587,average
1984,2529,2256,-545,4513,average
2258,2073,2165,185,4331,average
2706,2702,2704,4,5408,grandmaster
2377,2516,2446,-139,4893,master
2286,2069,2177,217,4355,average
2304,2569,2436,-265,4873,master
2076,2288,2182,-212,4364,average
2598,2417,2507,181,5015,grandmaster
1752,1770,1761,-18,3522,novice
2271,2292,2281,-21,4563,average
2421,2470,2445,-49,4891,master
2528,2104,2316,424,4632,master
2368,2523,2445,-155,4891,master
2713,2803,2758,-90,5516,grandmaster
2405,2233,2319,172,4638,master
1883,1699,1791,184,3582,novice
2327,2512,2419,-185,4839,master
2576,2563,2569,13,5139,grandmaster
2073,2261,2167,-188,4334,average
2501,2594,2547,-93,5095,grandmaster
2100,2498,2299,-398,4598,average
2343,2482,2412,-139,4825,master
2448,2466,2457,-18,4914,master
2297,2298,2297,-1,4595,average
2703,2646,2674,57,5349,grandmaster
2496,2478,2487,18,4974,master
2407,2473,2440,-66,4880,master
2100,2302,2201,-202,4402,average
2405,2693,2549,-288,5098,grandmaster
2260,2396,2328,-136,4656,master
2406,2235,2320,171,4641,master
2376,2553,2464,-177,4929,master
2531,2285,2408,246,4816,master
2000,2108,2054,-108,4108,novice
2325,2619,2472,-294,4944,master
2441,2367,2404,74,4808,master
2559,2367,2463,192,4926,master
2119,2132,2125,-13,4251,average
2175,2487,2331,-312,4662,master
2569,1878,2223,691,4447,average
2330,2223,2276,107,4553,average
2339,2526,2432,-187,4865,master
2477,2359,2418,118,4836,master
1991,1940,1965,51,3931,novice
2160,2477,2318,-317,4637,master
2385,2013,2199,372,4398,average
2381,2125,2253,256,4506,average
2252,2549,2400,-297,4801,master
2071,2463,2267,-392,4534,average
2489,2508,2498,-19,4997,master
2341,1913,2127,428,4254,average
2150,1778,1964,372,3928,novice
2659,2602,2630,57,5261,grandmaster
2301,2096,2198,205,4397,average
2481,2442,2461,39,4923,master
2454,2212,2333,242,4666,master
2428,2418,2423,10,4846,master
2450,2493,2471,-43,4943,master
2212,1929,2070,283,4141,novice
2423,2547,2485,-124,4970,master
2619,2484,2551,135,5103,grandmaster
1889,2017,1953,-128,3906,novice
2615,2554,2584,61,5169,grandmaster
2418,2580,2499,-162,4998,master
1893,1995,1944,-102,3888,novice
2167,2050,2108,117,4217,average
2363,2609,2486,-246,4972,master
2230,2243,2236,-13,4473,average
2397,2591,2494,-194,4988,master
2461,2397,2429,64,4858,master
2079,1821,1950,258,3900,novice
2754,2703,2728,51,5457,grandmaster
2635,2546,2590,89,5181,grandmaster
2570,2457,2513,113,5027,grandmaster
2320,2336,2328,-16,4656,master
2212,2387,2299,-175,4599,average
2249,1981,2115,268,4230,average
2180,2499,2339,-319,4679,master
2619,2622,2620,-3,5241,grandmaster
2557,2252,2404,305,4809,master
2318,2123,2220,195,4441,average
2153,2030,2091,123,4183,novice
2158,2064,2111,94,4222,average
2431,2510,2470,-79,4941,master
2562,2319,2440,243,4881,master
2408,2318,2363,90,4726,master
2298,2589,2443,-291,4887,master
1965,2126,2045,-161,4091,novice
2524,2643,2583,-119,5167,grandmaster
2011,2294,2152,-283,4305,average
2319,2548,2433,-229,4867,master
2276,2540,2408,-264,4816,master
2592,2370,2481,222,4962,master
2687,2574,2630,113,5261,grandmaster
1901,2201,2051,-300,4102,novice
2367,2665,2516,-298,5032,grandmaster
2320,2045,2182,275,4365,average
2086,2565,2325,-479,4651,master
2492,2436,2464,56,4928,master
1646,1765,1705,-119,3411,novice
2505,2511,2508,-6,5016,grandmaster
2369,2293,2331,76,4662,master
2400,2646,2523,-246,5046,grandmaster
2486,2344,2415,142,4830,master
2300,2315,2307,-15,4615,master
2482,2358,2420,124,4840,master
2470,2357,2413,113,4827,master
2356,2137,2246,219,4493,average
2164,2282,2223,-118,4446,average
2213,2029,2121,184,4242,average
2296,2505,2400,-209,4801,master
2302,2155,2228,147,4457,average
2535,2386,2460,149,4921,master
2546,2497,2521,49,5043,grandmaster
2277,2303,2290,-26,4580,average
2699,2719,2709,-20,5418,grandmaster
2269,2552,2410,-283,4821,master
2594,2287,2440,307,4881,master
2537,2251,2394,286,4788,master
2434,2200,2317,234,4634,master
2327,2347,2337,-20,4674,master
2259,2417,2338,-158,4676,master
2151,2237,2194,-86,4388,average
2522,2422,2472,100,4944,master
2173,2026,2099,147,4199,novice
2188,2399,2293,-211,4587,average
2105,1933,2019,172,4038,novice
2567,2491,2529,76,5058,grandmaster
2467,2476,2471,-9,4943,master
2325,2176,2250,149,4501,average
2484,2723,2603,-239,5207,grandmaster
2099,2258,2178,-159,4357,average
1996,2107,2051,-111,4103,novice
2501,2235,2368,266,4736,master
2284,2094,2189,190,4378,average
2522,2643,2582,-121,5165,grandmaster
2086,2280,2183,-194,4366,average
1654,2045,1849,-391,3699,novice
2239,2568,2403,-329,4807,master
2286,2278,2282,8,4564,average
2432,2350,2391,82,4782,master
2388,2481,2434,-93,4869,master
2266,2050,2158,216,4316,average
2442,2182,2312,260,4624,master
2801,2877,2839,-76,5678,grandmaster
2486,2304,2395,182,4790,master
2199,2014,2106,185,4213,average
2124,2051,2087,73,4175,novice
2398,2560,2479,-162,4958,master
2450,2497,2473,-47,4947,master
2605,2354,2479,251,4959,master
2330,2511,2420,-181,4841,master
2610,2451,2530,159,5061,grandmaster
2167,1961,2064,206,4128,novice
2696,2490,2593,206,5186,grandmaster
2328,2426,2377,-98,4754,master
2298,2530,2414,-232,4828,master
1941,2039,1990,-98,3980,novice
2263,2300,2281,-37,4563,average
2401,2389,2395,12,4790,master
2500,2454,2477,46,4954,master
2499,2310,2404,189,4809,master
2229,2374,2301,-145,4603,master
2454,2295,2374,159,4749,master
2500,2331,2415,169,4831,master
2004,1504,1754,500,3508,novice
2180,2364,2272,-184,4544,average
2372,2552,2462,-180,4924,master
2042,1809,1925,233,3851,novice
2591,2462,2526,129,5053,grandmaster
2029,2200,2114,-171,4229,average
2686,2725,2705,-39,5411,grandmaster
2125,2149,2137,-24,4274,average
2472,2482,2477,-10,4954,master
2400,2591,2495,-191,4991,master
2523,2326,2424,197,4849,master
2616,2593,2604,23,5209,grandmaster
2635,2480,2557,155,5115,grandmaster
2390,2302,2346,88,4692,master
2272,2266,2269,6,4538,average
2757,2709,2733,48,5466,grandmaster
2323,2459,2391,-136,4782,master
2389,2247,2318,142,4636,master
2470,2645,2557,-175,5115,grandmaster
2336,2290,2313,46,4626,master
2527,2353,2440,174,4880,master
2270,2391,2330,-121,4661,master
2459,2468,2463,-9,4927,master
2234,2465,2349,-231,4699,master
2413,2225,2319,188,4638,master
2452,2555,2503,-103,5007,grandmaster
2252,2308,2280,-56,4560,average
2442,2449,2445,-7,4891,master
2693,2779,2736,-86,5472,grandmaster
2388,2362,2375,26,4750,master
2637,2618,2627,19,5255,grandmaster
2628,2299,2463,329,4927,master
2646,2650,2648,-4,5296,grandmaster
2079,2056,2067,23,4135,novice
2091,1935,2013,156,4026,novice
2118,2550,2334,-432,4668,master
2708,2687,2697,21,5395,grandmaster
2451,2415,2433,36,4866,master
2120,1763,1941,357,3883,novice
2283,2336,2309,-53,4619,master
2208,2537,2372,-329,4745,master
2671,2647,2659,24,5318,grandmaster
2512,2290,2401,222,4802,master
2131,2346,2238,-215,4477,average
2389,2639,2514,-250,5028,grandmaster
2080,2178,2129,-98,4258,average
2375,2222,2298,153,4597,average
2549,2341,2445,208,4890,master
2427,2023,2225,404,4450,average
2109,2274,2191,-165,4383,average
2272,2128,2200,144,4400,average
1971,2393,2182,-422,4364,average
2405,2490,2447,-85,4895,master
2433,2489,2461,-56,4922,master
2468,2481,2474,-13,4949,master
2324,2164,2244,160,4488,average
2125,2305,2215,-180,4430,average
2444,1926,2185,518,4370,average
2114,2303,2208,-189,4417,average
2193,2449,2321,-256,4642,master
2524,2006,2265,518,4530,average
2719,2789,2754,-70,5508,grandmaster
2385,2468,2426,-83,4853,master
2336,2192,2264,144,4528,average
2384,2413,2398,-29,4797,master
2371,2409,2390,-38,4780,master
2461,1917,2189,544,4378,average
2242,2617,2429,-375,4859,master
2700,2679,2689,21,5379,grandmaster
2146,2282,2214,-136,4428,average
2032,2282,2157,-250,4314,average
2157,2308,2232,-151,4465,average
2594,2537,2565,57,5131,grandmaster
2492,2335,2413,157,4827,master
2034,2397,2215,-363,4431,average
2579,2192,2385,387,4771,master
2317,2135,2226,182,4452,average
2445,2300,2372,145,4745,master
2203,2459,2331,-256,4662,master
2564,2345,2454,219,4909,master
2412,2444,2428,-32,4856,master
2342,2517,2429,-175,4859,master
2366,2112,2239,254,4478,average
2169,2433,2301,-264,4602,master
2376,2512,2444,-136,4888,master
2445,2221,2333,224,4666,master
2524,2404,2464,120,4928,master
2358,2298,2328,60,4656,master
2519,2326,2422,193,4845,master
2390,2175,2282,215,4565,average
2511,2440,2475,71,4951,master
2359,2355,2357,4,4714,master
2316,2536,2426,-220,4852,master
2526,2284,2405,242,4810,master
2487,2734,2610,-247,5221,grandmaster
2074,2173,2123,-99,4247,average
2638,2498,2568,140,5136,grandmaster
2046,2439,2242,-393,4485,average
2233,2340,2286,-107,4573,average
2139,1902,2020,237,4041,novice
2462,2427,2444,35,4889,master
2591,2114,2352,477,4705,master
2307,2357,2332,-50,4664,master
2030,2396,2213,-366,4426,average
1734,1920,1827,-186,3654,novice
2107,2287,2197,-180,4394,average
2121,2270,2195,-149,4391,average
2431,2276,2353,155,4707,master
2347,2440,2393,-93,4787,master
2456,2258,2357,198,4714,master
1952,2052,2002,-100,4004,novice
2432,2320,2376,112,4752,master
2282,1988,2135,294,4270,average
2292,2120,2206,172,4412,average
2547,2638,2592,-91,5185,grandmaster
2637,2376,2506,261,5013,grandmaster
2377,2140,2258,237,4517,average
2512,2408,2460,104,4920,master
2548,2467,2507,81,5015,grandmaster
2708,2608,2658,100,5316,grandmaster
2124,1964,2044,160,4088,novice
2517,2286,2401,231,4803,master
2311,2430,2370,-119,4741,master
2153,2260,2206,-107,4413,average
2324,2421,2372,-97,4745,master
2654,2555,2604,99,5209,grandmaster
1951,2089,2020,-138,4040,novice
2404,2520,2462,-116,4924,master
1749,2069,1909,-320,3818,novice
1999,2026,2012,-27,4025,novice
2332,2492,2412,-160,4824,master
2140,1722,1931,418,3862,novice
2339,2419,2379,-80,4758,master
2642,2687,2664,-45,5329,grandmaster
2210,2417,2313,-207,4627,master
2101,2411,2256,-310,4512,average
2487,2297,2392,190,4784,master
2128,2476,2302,-348,4604,master
2163,2270,2216,-107,4433,average
1931,2201,2066,-270,4132,novice
2355,2095,2225,260,4450,average
2546,2380,2463,166,4926,master
2364,2355,2359,9,4719,master
2650,2659,2654,-9,5309,grandmaster
2484,1943,2213,541,4427,average
2297,2131,2214,166,4428,average
2344,2159,2251,185,4503,average
2456,2267,2361,189,4723,master
2459,2511,2485,-52,4970,master
2378,2538,2458,-160,4916,master
2185,2113,2149,72,4298,average
2435,2374,2404,61,4809,master
2457,2309,2383,148,4766,master
2518,2326,2422,192,4844,master
2468,2478,2473,-10,4946,master
2221,1872,2046,349,4093,novice
2467,2363,2415,104,4830,master
2597,2073,2335,524,4670,master
2318,2399,2358,-81,4717,master
2533,2301,2417,232,4834,master
2634,2201,2417,433,4835,master
1791,2033,1912,-242,3824,novice
2517,2250,2383,267,4767,master
2428,2168,2298,260,4596,average
2709,2784,2746,-75,5493,grandmaster
2506,2450,2478,56,4956,master
2417,2309,2363,108,4726,master
2424,2453,2438,-29,4877,master
2308,1870,2089,438,4178,novice
2383,2635,2509,-252,5018,grandmaster
2131,2166,2148,-35,4297,average
2490,2351,2420,139,4841,master
2555,2637,2596,-82,5192,grandmaster
2053,1861,1957,192,3914,novice
2566,2526,2546,40,5092,grandmaster
2414,2182,2298,232,4596,average
2527,2704,2615,-177,5231,grandmaster
2521,2378,2449,143,4899,master
2391,2530,2460,-139,4921,master
2259,2005,2132,254,4264,average
2252,2311,2281,-59,4563,average
2458,1810,2134,648,4268,average
2423,2570,2496,-147,4993,master
2273,2257,2265,16,4530,average
2153,2013,2083,140,4166,novice
2550,2450,2500,100,5000,master
2035,2331,2183,-296,4366,average
2540,2432,2486,108,4972,master
2394,2417,2405,-23,4811,master
2463,2317,2390,146,4780,master
2190,2246,2218,-56,4436,average
2492,2602,2547,-110,5094,grandmaster
2268,2118,2193,150,4386,average
2244,2590,2417,-346,4834,master
2558,2704,2631,-146,5262,grandmaster
2210,1828,2019,382,4038,novice
2321,2496,2408,-175,4817,master
2696,2673,2684,23,5369,grandmaster
2320,2403,2361,-83,4723,master
1976,2180,2078,-204,4156,novice
2118,2357,2237,-239,4475,average
2316,2552,2434,-236,4868,master
2569,2397,2483,172,4966,master
2279,2103,2191,176,4382,average
2474,2405,2439,69,4879,master
2232,2380,2306,-148,4612,master
1746,2131,1938,-385,3877,novice
2227,2343,2285,-116,4570,average
2055,2314,2184,-259,4369,average
2137,2709,2423,-572,4846,master
2101,2082,2091,19,4183,novice
1991,1717,1854,274,3708,novice
1803,1987,1895,-184,3790,novice
1794,1572,1683,222,3366,novice
2450,2387,2418,63,4837,master
2645,2507,2576,138,5152,grandmaster
2118,1848,1983,270,3966,novice
2142,2162,2152,-20,4304,average
2361,2469,2415,-108,4830,master
2564,2477,2520,87,5041,grandmaster
2732,2736,2734,-4,5468,grandmaster
2048,1953,2000,95,4001,novice
2438,2529,2483,-91,4967,master
2449,2301,2375,148,4750,master
2549,2390,2469,159,4939,master
2306,2333,2319,-27,4639,master
2396,2225,2310,171,4621,master
2206,2505,2355,-299,4711,master
2023,2273,2148,-250,4296,average
2596,2452,2524,144,5048,grandmaster
2425,2564,2494,-139,4989,master
2304,2494,2399,-190,4798,master
2321,2396,2358,-75,4717,master
2343,2467,2405,-124,4810,master
1525,1899,1712,-374,3424,novice
2104,2331,2217,-227,4435,average
2203,2110,2156,93,4313,average
2675,2468,2571,207,5143,grandmaster
2741,2775,2758,-34,5516,grandmaster
2323,2357,2340,-34,4680,master
2262,2475,2368,-213,4737,master
2297,2270,2283,27,4567,average
2168,2467,2317,-299,4635,master
2156,2360,2258,-204,4516,average
2550,2688,2619,-138,5238,grandmaster
2602,2363,2482,239,4965,master
2379,2572,2475,-193,4951,master
2027,2309,2168,-282,4336,average
1645,2181,1913,-536,3826,novice
2435,2270,2352,165,4705,master
2192,1952,2072,240,4144,novice
2523,2744,2633,-221,5267,grandmaster
2351,2304,2327,47,4655,master
2194,1780,1987,414,3974,novice
2211,2364,2287,-153,4575,average
2207,2341,2274,-134,4548,average
2350,2420,2385,-70,4770,master
2540,2417,2478,123,4957,master
2380,2225,2302,155,4605,master
2380,2105,2242,275,4485,average
2473,2431,2452,42,4904,master
2402,2438,2420,-36,4840,master
2107,2219,2163,-112,4326,average
2020,2148,2084,-128,4168,novice
1921,2176,2048,-255,4097,novice
1985,1913,1949,72,3898,novice
2440,2209,2324,231,4649,master
2717,2608,2662,109,5325,grandmaster
2470,2326,2398,144,4796,master
2109,2043,2076,66,4152,novice
2369,2236,2302,133,4605,master
2308,2491,2399,-183,4799,master
2178,2205,2191,-27,4383,average
1891,2055,1973,-164,3946,novice
2346,2384,2365,-38,4730,master
2295,2032,2163,263,4327,average
2459,2228,2343,231,4687,master
2269,2425,2347,-156,4694,master
2296,2462,2379,-166,4758,master
2088,2569,2328,-481,4657,master
1841,2036,1938,-195,3877,novice
2527,2629,2578,-102,5156,grandmaster
2667,2687,2677,-20,5354,grandmaster
2311,2270,2290,41,4581,average
2191,2260,2225,-69,4451,average
2364,2249,2306,115,4613,master
2312,2218,2265,94,4530,average
2090,2107,2098,-17,4197,novice
2198,2159,2178,39,4357,average
2399,2514,2456,-115,4913,master
2367,2283,2325,84,4650,master
2644,2321,2482,323,4965,master
2706,2575,2640,131,5281,grandmaster
2426,2393,2409,33,4819,master
2327,2343,2335,-16,4670,master
2212,2283,2247,-71,4495,average
2202,2040,2121,162,4242,average
2480,2356,2418,124,4836,master
2253,2098,2175,155,4351,average
2156,1865,2010,291,4021,novice
2555,2508,2531,47,5063,grandmaster
2465,2786,2625,-321,5251,grandmaster
2432,2292,2362,140,4724,master
2468,2445,2456,23,4913,master
1813,2040,1926,-227,3853,novice
2223,1870,2046,353,4093,novice
2450,2408,2429,42,4858,master
2170,2244,2207,-74,4414,average
2037,1878,1957,159,3915,novice
2289,2336,2312,-47,4625,master
2395,2601,2498,-206,4996,master
2077,2346,2211,-269,4423,average
2414,2522,2468,-108,4936,master
2432,2541,2486,-109,4973,master
2545,2117,2331,428,4662,master
2453,2177,2315,276,4630,master
2343,2279,2311,64,4622,master
2406,2240,2323,166,4646,master
2556,2369,2462,187,4925,master
2195,1835,2015,360,4030,novice
2435,1862,2148,573,4297,average
2098,2365,2231,-267,4463,average
2297,2164,2230,133,4461,average
2232,2126,2179,106,4358,average
1807,1929,1868,-122,3736,novice
2578,2562,2570,16,5140,grandmaster
2460,2148,2304,312,4608,master
2164,2537,2350,-373,4701,master
2712,2251,2481,461,4963,master
2642,2581,2611,61,5223,grandmaster
2456,2521,2488,-65,4977,master
2427,2401,2414,26,4828,master
2282,2278,2280,4,4560,average
2615,2044,2329,571,4659,master
2037,1581,1809,456,3618,novice
2174,2401,2287,-227,4575,average
2332,1904,2118,428,4236,average
2137,2256,2196,-119,4393,average
2299,2467,2383,-168,4766,master
2455,2422,2438,33,4877,master
2416,2239,2327,177,4655,master
1975,2208,2091,-233,4183,novice
2214,2394,2304,-180,4608,master
2308,2239,2273,69,4547,average
2471,2066,2268,405,4537,average
2426,2356,2391,70,4782,master
2313,2471,2392,-158,4784,master
2088,2177,2132,-89,4265,average
1951,1991,1971,-40,3942,novice
2043,2302,2172,-259,4345,average
2550,2313,2431,237,4863,master
2136,2464,2300,-328,4600,average
2149,1965,2057,184,4114,novice
2233,2539,2386,-306,4772,master
2337,2490,2413,-153,4827,master
1939,2050,1994,-111,3989,novice
2667,2432,2549,235,5099,grandmaster
2569,2327,2448,242,4896,master
2459,2395,2427,64,4854,master
2525,2568,2546,-43,5093,grandmaster
2540,2294,2417,246,4834,master
2557,2556,2556,1,5113,grandmaster
2457,2577,2517,-120,5034,grandmaster
2329,2563,2446,-234,4892,master
2216,2359,2287,-143,4575,average
2318,2172,2245,146,4490,average
2327,2461,2394,-134,4788,master
2772,2648,2710,124,5420,grandmaster
2540,2566,2553,-26,5106,grandmaster
2239,2454,2346,-215,4693,master
1953,2060,2006,-107,4013,novice
2529,2323,2426,206,4852,master
2684,2602,2643,82,5286,grandmaster
2480,2621,2550,-141,5101,grandmaster
2251,2438,2344,-187,4689,master
2547,2455,2501,92,5002,grandmaster
2290,2434,2362,-144,4724,master
2590,2422,2506,168,5012,grandmaster
2237,1760,1998,477,3997,novice
2099,2411,2255,-312,4510,average
2603,2281,2442,322,4884,master
2170,2048,2109,122,4218,average
2182,2518,2350,-336,4700,master
2052,2524,2288,-472,4576,average
2424,2159,2291,265,4583,average
2387,2506,2446,-119,4893,master
2497,2351,2424,146,4848,master
2431,2389,2410,42,4820,master
2240,2262,2251,-22,4502,average
2056,2147,2101,-91,4203,average
2364,2206,2285,158,4570,average
2332,2492,2412,-160,4824,master
2248,2170,2209,78,4418,average
1932,1884,1908,48,3816,novice
2277,2230,2253,47,4507,average
2149,2345,2247,-196,4494,average
1890,2249,2069,-359,4139,novice
2108,2554,2331,-446,4662,master
2557,2538,2547,19,5095,grandmaster
2308,2574,2441,-266,4882,master
2217,1991,2104,226,4208,average
2635,2419,2527,216,5054,grandmaster
2307,2164,2235,143,4471,average
2131,2470,2300,-339,4601,average
2062,2133,2097,-71,4195,novice
2105,2021,2063,84,4126,novice
2418,2307,2362,111,4725,master
2187,2495,2341,-308,4682,master
2621,2156,2388,465,4777,master
2570,2392,2481,178,4962,master
2498,2387,2442,111,4885,master
2775,2551,2663,224,5326,grandmaster
2291,2319,2305,-28,4610,master
2419,2336,2377,83,4755,master
2325,2554,2439,-229,4879,master
2490,2418,2454,72,4908,master
2284,2055,2169,229,4339,average
2785,2589,2687,196,5374,grandmaster
2757,2780,2768,-23,5537,grandmaster
1918,2481,2199,-563,4399,average
2449,2332,2390,117,4781,master
2372,2380,2376,-8,4752,master
1926,1884,1905,42,3810,novice
2395,2609,2502,-214,5004,grandmaster
2106,1926,2016,180,4032,novice
2520,2357,2438,163,4877,master
2412,2416,2414,-4,4828,master
2620,2567,2593,53,5187,grandmaster
1880,2057,1968,-177,3937,novice
2210,1967,2088,243,4177,novice
2237,2326,2281,-89,4563,average
2279,2360,2319,-81,4639,master
2307,2451,2379,-144,4758,master
2116,2423,2269,-307,4539,average
2136,1951,2043,185,4087,novice
2434,2284,2359,150,4718,master
2203,2454,2328,-251,4657,master
2381,2492,2436,-111,4873,master
2488,2142,2315,346,4630,master
2364,2190,2277,174,4554,average
2379,2191,2285,188,4570,average
2361,2147,2254,214,4508,average
2417,2404,2410,13,4821,master
2352,2357,2354,-5,4709,master
2649,2529,2589,120,5178,grandmaster
2605,2752,2678,-147,5357,grandmaster
2444,2559,2501,-115,5003,grandmaster
2213,2476,2344,-263,4689,master
2235,2341,2288,-106,4576,average
2406,2294,2350,112,4700,master
2394,2557,2475,-163,4951,master
2239,2424,2331,-185,4663,master
2276,2496,2386,-220,4772,master
2368,2577,2472,-209,4945,master
2548,2233,2390,315,4781,master
2204,2272,2238,-68,4476,average
2310,2163,2236,147,4473,average
2593,2447,2520,146,5040,grandmaster
2723,2622,2672,101,5345,grandmaster
2629,2319,2474,310,4948,master
2563,2132,2347,431,4695,master
2291,2431,2361,-140,4722,master
2163,2204,2183,-41,4367,average
2411,2469,2440,-58,4880,master
2249,2173,2211,76,4422,average
2656,2368,2512,288,5024,grandmaster
2250,2356,2303,-106,4606,master
2259,1850,2054,409,4109,novice
2467,2557,2512,-90,5024,grandmaster
2183,2408,2295,-225,4591,average
2266,2208,2237,58,4474,average
2573,2297,2435,276,4870,master
2580,2457,2518,123,5037,grandmaster
2542,2486,2514,56,5028,grandmaster
2385,2186,2285,199,4571,average
2329,2659,2494,-330,4988,master
2414,2422,2418,-8,4836,master
2391,2369,2380,22,4760,master
2601,2268,2434,333,4869,master
2565,2324,2444,241,4889,master
2332,2283,2307,49,4615,master
2437,2681,2559,-244,5118,grandmaster
2328,2218,2273,110,4546,average
2516,2377,2446,139,4893,master
2314,2557,2435,-243,4871,master
2516,2625,2570,-109,5141,grandmaster
2428,2306,2367,122,4734,master
2526,2514,2520,12,5040,grandmaster
2239,2426,2332,-187,4665,master
2489,2223,2356,266,4712,master
2248,2605,2426,-357,4853,master
2369,2584,2476,-215,4953,master
2423,2290,2356,133,4713,master
2487,2200,2343,287,4687,master
2045,2419,2232,-374,4464,average
2392,2444,2418,-52,4836,master
2246,2434,2340,-188,4680,master
2402,2513,2457,-111,4915,master
2612,2608,2610,4,5220,grandmaster
2580,2468,2524,112,5048,grandmaster
2217,2594,2405,-377,4811,master
2458,2471,2464,-13,4929,master
1931,2076,2003,-145,4007,novice
2194,2208,2201,-14,4402,average
2541,2631,2586,-90,5172,grandmaster
2320,2369,2344,-49,4689,master
2491,2371,2431,120,4862,master
2684,2473,2578,211,5157,grandmaster
2459,2643,2551,-184,5102,grandmaster
2073,2000,2036,73,4073,novice
2232,2409,2320,-177,4641,master
2562,2428,2495,134,4990,master
2211,1970,2090,241,4181,novice
2274,2210,2242,64,4484,average
2208,2046,2127,162,4254,average
2218,2576,2397,-358,4794,master
2436,2259,2347,177,4695,master
2559,2518,2538,41,5077,grandmaster
2457,2372,2414,85,4829,master
2368,2222,2295,146,4590,average
2198,2488,2343,-290,4686,master
2639,2431,2535,208,5070,grandmaster
2046,2285,2165,-239,4331,average
1767,2637,2202,-870,4404,average
2638,2678,2658,-40,5316,grandmaster
2221,2421,2321,-200,4642,master
2250,2113,2181,137,4363,average
2404,2575,2489,-171,4979,master
2279,2397,2338,-118,4676,master
2365,2509,2437,-144,4874,master
2120,2246,2183,-126,4366,average
2377,2239,2308,138,4616,master
2319,2525,2422,-206,4844,master
2151,2371,2261,-220,4522,average
2157,2064,2110,93,4221,average
2419,2374,2396,45,4793,master
2322,2324,2323,-2,4646,master
2195,2343,2269,-148,4538,average
2210,2010,2110,200,4220,average
1993,1924,1958,69,3917,novice
2102,2502,2302,-400,4604,master
2536,2421,2478,115,4957,master
2540,2178,2359,362,4718,master
1956,2205,2080,-249,4161,novice
2437,2244,2340,193,4681,master
2387,2601,2494,-214,4988,master
2141,2471,2306,-330,4612,master
2540,2269,2404,271,4809,master
2328,2173,2250,155,4501,average
2407,2322,2364,85,4729,master
2310,2349,2329,-39,4659,master
2468,2197,2332,271,4665,master
2261,2471,2366,-210,4732,master
2186,2336,2261,-150,4522,average
2591,2475,2533,116,5066,grandmaster
2379,2367,2373,12,4746,master
2572,2449,2510,123,5021,grandmaster
1952,2189,2070,-237,4141,novice
2384,2525,2454,-141,4909,master
2426,2290,2358,136,4716,master
2683,2445,2564,238,5128,grandmaster
2559,2370,2464,189,4929,master
2602,2298,2450,304,4900,master
2501,2666,2583,-165,5167,grandmaster
2328,2441,2384,-113,4769,master
2074,1880,1977,194,3954,novice
2559,2650,2604,-91,5209,grandmaster
2174,2343,2258,-169,4517,average
2210,2191,2200,19,4401,average
1762,1748,1755,14,3510,novice
2506,2656,2581,-150,5162,grandmaster
2369,2339,2354,30,4708,master
2547,2669,2608,-122,5216,grandmaster
2398,2537,2467,-139,4935,master
2105,2507,2306,-402,4612,master
2648,2311,2479,337,4959,master
2402,2339,2370,63,4741,master
2489,2177,2333,312,4666,master
2557,1896,2226,661,4453,average
2562,2318,2440,244,4880,master
2389,2454,2421,-65,4843,master
2400,2358,2379,42,4758,master
2564,2269,2416,295,4833,master
2324,2327,2325,-3,4651,master
2486,2375,2430,111,4861,master
2445,2151,2298,294,4596,average
2497,2668,2582,-171,5165,grandmaster
2644,2315,2479,329,4959,master
2379,2390,2384,-11,4769,master
2394,2563,2478,-169,4957,master
2073,2396,2234,-323,4469,average
2295,2300,2297,-5,4595,average
2632,2588,2610,44,5220,grandmaster
2414,2463,2438,-49,4877,master
2397,2529,2463,-132,4926,master
2265,2404,2334,-139,4669,master
2579,2734,2656,-155,5313,grandmaster
2243,2290,2266,-47,4533,average
2397,2389,2393,8,4786,master
2417,2589,2503,-172,5006,grandmaster
2459,2463,2461,-4,4922,master
2471,2584,2527,-113,5055,grandmaster
2247,2129,2188,118,4376,average
2537,2437,2487,100,4974,master
1962,2164,2063,-202,4126,novice
2360,2465,2412,-105,4825,master
2272,2402,2337,-130,4674,master
2530,2448,2489,82,4978,master
2192,1992,2092,200,4184,novice
2373,2261,2317,112,4634,master
1836,2067,1951,-231,3903,novice
2473,2401,2437,72,4874,master
2337,1931,2134,406,4268,average
2159,2538,2348,-379,4697,master
2009,2257,2133,-248,4266,average
2434,2475,2454,-41,4909,master
2054,1858,1956,196,3912,novice
2106,2399,2252,-293,4505,average
2278,2068,2173,210,4346,average
2432,2509,2470,-77,4941,master
2436,2670,2553,-234,5106,grandmaster
2461,2516,2488,-55,4977,master
2198,2214,2206,-16,4412,average
2110,2395,2252,-285,4505,average
2175,2454,2314,-279,4629,master
1817,2418,2117,-601,4235,average
2345,2096,2220,249,4441,average
2653,2477,2565,176,5130,grandmaster
2098,2416,2257,-318,4514,average
2544,2170,2357,374,4714,master
2634,2455,2544,179,5089,grandmaster
2300,2410,2355,-110,4710,master
2246,2483,2364,-237,4729,master
2078,2574,2326,-496,4652,master
2034,2553,2293,-519,4587,average
2458,2378,2418,80,4836,master
2311,2067,2189,244,4378,average
2203,1969,2086,234,4172,novice
2645,2468,2556,177,5113,grandmaster
1904,2037,1970,-133,3941,novice
2330,1930,2130,400,4260,average
2084,2218,2151,-134,4302,average
2726,2749,2737,-23,5475,grandmaster
1667,1954,1810,-287,3621,novice
2093,1799,1946,294,3892,novice
2593,2486,2539,107,5079,grandmaster
2615,2502,2558,113,5117,grandmaster
2534,2367,2450,167,4901,master
2393,2485,2439,-92,4878,master
2489,2706,2597,-217,5195,grandmaster
1988,2197,2092,-209,4185,novice
2013,2025,2019,-12,4038,novice
1969,2094,2031,-125,4063,novice
2105,1811,1958,294,3916,novice
2488,2227,2357,261,4715,master
2451,2360,2405,91,4811,master
2297,2075,2186,222,4372,average
2538,2380,2459,158,4918,master
2411,2231,2321,180,4642,master
2655,2547,2601,108,5202,grandmaster
2355,2360,2357,-5,4715,master
2377,2542,2459,-165,4919,master
2361,2324,2342,37,4685,master
2449,2512,2480,-63,4961,master
2338,2520,2429,-182,4858,master
2709,2480,2594,229,5189,grandmaster
2554,2441,2497,113,4995,master
2186,2189,2187,-3,4375,average
2361,2530,2445,-169,4891,master
2509,2566,2537,-57,5075,grandmaster
2446,2501,2473,-55,4947,master
2366,2468,2417,-102,4834,master
2645,2343,2494,302,4988,master
2267,2547,2407,-280,4814,master
2330,2492,2411,-162,4822,master
2636,2398,2517,238,5034,grandmaster
2409,2270,2339,139,4679,master
1734,2083,1908,-349,3817,novice
2477,2290,2383,187,4767,master
2377,2367,2372,10,4744,master
2399,2236,2317,163,4635,master
2302,2638,2470,-336,4940,master
1898,2110,2004,-212,4008,novice
2611,2417,2514,194,5028,grandmaster
2284,2325,2304,-41,4609,master
2282,2077,2179,205,4359,average
2637,2218,2427,419,4855,master
2374,2285,2329,89,4659,master
2487,2596,2541,-109,5083,grandmaster
1997,2173,2085,-176,4170,novice
2620,2438,2529,182,5058,grandmaster
2355,2068,2211,287,4423,average
2334,2456,2395,-122,4790,master
2460,2279,2369,181,4739,master
2628,2503,2565,125,5131,grandmaster
2252,2449,2350,-197,4701,master
1991,1729,1860,262,3720,novice
2351,2325,2338,26,4676,master
2325,2066,2195,259,4391,average
2466,2481,2473,-15,4947,master
2010,2215,2112,-205,4225,average
2343,2307,2325,36,4650,master
2457,2413,2435,44,4870,master
2472,2343,2407,129,4815,master
2507,2382,2444,125,4889,master
2429,2021,2225,408,4450,average
2506,2677,2591,-171,5183,grandmaster
2296,2433,2364,-137,4729,master
2786,2539,2662,247,5325,grandmaster
2383,2276,2329,107,4659,master
2018,2030,2024,-12,4048,novice
2232,2430,2331,-198,4662,master
2586,2384,2485,202,4970,master
2288,2170,2229,118,4458,average
2297,2478,2387,-181,4775,master
2289,2187,2238,102,4476,average
2438,2269,2353,169,4707,master
2144,2001,2072,143,4145,novice
2627,2515,2571,112,5142,grandmaster
2609,2291,2450,318,4900,master
2682,2357,2519,325,5039,grandmaster
2254,2232,2243,22,4486,average
2284,2409,2346,-125,4693,master
2532,2415,2473,117,4947,master
2081,2457,2269,-376,4538,average
2644,2343,2493,301,4987,master
2509,2312,2410,197,4821,master
2307,2352,2329,-45,4659,master
2422,2567,2494,-145,4989,master
2542,2559,2550,-17,5101,grandmaster
2735,2783,2759,-48,5518,grandmaster
2252,2034,2143,218,4286,average
2418,2277,2347,141,4695,master
2508,2488,2498,20,4996,master
2415,2226,2320,189,4641,master
2693,2730,2711,-37,5423,grandmaster
2631,2324,2477,307,4955,master
1679,1969,1824,-290,3648,novice
2317,2611,2464,-294,4928,master
2170,2353,2261,-183,4523,average
2284,1936,2110,348,4220,average
2201,2149,2175,52,4350,average
2564,2275,2419,289,4839,master
2461,2400,2430,61,4861,master
2376,2282,2329,94,4658,master
2159,2547,2353,-388,4706,master
2141,2275,2208,-134,4416,average
2550,2361,2455,189,4911,master
1885,2440,2162,-555,4325,average
2493,2265,2379,228,4758,master
2411,2509,2460,-98,4920,master
2505,2477,2491,28,4982,master
2385,2603,2494,-218,4988,master
1942,2209,2075,-267,4151,novice
2603,2411,2507,192,5014,grandmaster
2382,2220,2301,162,4602,master
2339,2541,2440,-202,4880,master
1885,2018,1951,-133,3903,novice
2298,2563,2430,-265,4861,master
2582,2095,2338,487,4677,master
2644,2511,2577,133,5155,grandmaster
2521,2362,2441,159,4883,master
2269,2519,2394,-250,4788,master
2552,2504,2528,48,5056,grandmaster
2183,2214,2198,-31,4397,average
2051,2180,2115,-129,4231,average
2540,2349,2444,191,4889,master
2318,2227,2272,91,4545,average
2127,1760,1943,367,3887,novice
2097,2400,2248,-303,4497,average
2252,2494,2373,-242,4746,master
2078,1890,1984,188,3968,novice
2286,2352,2319,-66,4638,master
2550,2209,2379,341,4759,master
2458,2578,2518,-120,5036,grandmaster
2582,2347,2464,235,4929,master
2325,2481,2403,-156,4806,master
2103,2602,2352,-499,4705,master
2345,2544,2444,-199,4889,master
2554,2564,2559,-10,5118,grandmaster
2510,2633,2571,-123,5143,grandmaster
1750,2026,1888,-276,3776,novice
2325,2180,2252,145,4505,average
2462,2179,2320,283,4641,master
2120,2249,2184,-129,4369,average
2543,2391,2467,152,4934,master
2238,2419,2328,-181,4657,master
2483,2189,2336,294,4672,master
2306,2361,2333,-55,4667,master
2552,2645,2598,-93,5197,grandmaster
2165,2275,2220,-110,4440,average
1797,1940,1868,-143,3737,novice
1869,2182,2025,-313,4051,novice
2309,2292,2300,17,4601,average
2418,2386,2402,32,4804,master
2603,2384,2493,219,4987,master
2490,2395,2442,95,4885,master
2681,2512,2596,169,5193,grandmaster
2188,2290,2239,-102,4478,average
2612,2463,2537,149,5075,grandmaster
2651,2482,2566,169,5133,grandmaster
2285,2594,2439,-309,4879,master
2270,2274,2272,-4,4544,average
2396,2392,2394,4,4788,master
2156,2484,2320,-328,4640,master
2309,2604,2456,-295,4913,master
2295,2563,2429,-268,4858,master
2506,2327,2416,179,4833,master
2139,1960,2049,179,4099,novice
2348,2372,2360,-24,4720,master
2413,2540,2476,-127,4953,master
2529,1886,2207,643,4415,average
2235,2287,2261,-52,4522,average
2315,2528,2421,-213,4843,master
2425,2468,2446,-43,4893,master
2066,1961,2013,105,4027,novice
2237,2238,2237,-1,4475,average
2358,2108,2233,250,4466,average
2570,2421,2495,149,4991,master
2235,2408,2321,-173,4643,master
1953,2284,2118,-331,4237,average
2422,2449,2435,-27,4871,master
2267,2265,2266,2,4532,average
2262,2479,2370,-217,4741,master
2268,2491,2379,-223,4759,master
2510,2399,2454,111,4909,master
2381,2128,2254,253,4509,average
2198,1972,2085,226,4170,novice
2630,2651,2640,-21,5281,grandmaster
2461,2527,2494,-66,4988,master
1895,2533,2214,-638,4428,average
2731,2784,2757,-53,5515,grandmaster
2106,2468,2287,-362,4574,average
2689,2726,2707,-37,5415,grandmaster
2275,2045,2160,230,4320,average
1948,2324,2136,-376,4272,average
2481,2320,2400,161,4801,master
2412,2143,2277,269,4555,average
2068,2308,2188,-240,4376,average
1865,1556,1710,309,3421,novice
2359,2508,2433,-149,4867,master
2410,2229,2319,181,4639,master
1900,1567,1733,333,3467,novice
2157,2364,2260,-207,4521,average
2431,2285,2358,146,4716,master
2334,2425,2379,-91,4759,master
2585,2506,2545,79,5091,grandmaster
2282,2400,2341,-118,4682,master
1676,1862,1769,-186,3538,novice
2532,2106,2319,426,4638,master
2599,2462,2530,137,5061,grandmaster
2537,2532,2534,5,5069,grandmaster
2602,2583,2592,19,5185,grandmaster
1879,2051,1965,-172,3930,novice
2289,2315,2302,-26,4604,master
2564,2458,2511,106,5022,grandmaster
2597,2546,2571,51,5143,grandmaster
2386,2485,2435,-99,4871,master
2570,2433,2501,137,5003,grandmaster
2297,2454,2375,-157,4751,master
1560,1223,1391,337,2783,novice
2560,2500,2530,60,5060,grandmaster
2275,2085,2180,190,4360,average
2134,1904,2019,230,4038,novice
2438,2119,2278,319,4557,average
2354,2634,2494,-280,4988,master
2516,2421,2468,95,4937,master
2248,2418,2333,-170,4666,master
2569,2417,2493,152,4986,master
2270,1989,2129,281,4259,average
2631,2713,2672,-82,5344,grandmaster
1960,2380,2170,-420,4340,average
2464,2308,2386,156,4772,master
1993,2073,2033,-80,4066,novice
2260,2235,2247,25,4495,average
2351,2589,2470,-238,4940,master
1759,2116,1937,-357,3875,novice
2424,2430,2427,-6,4854,master
2376,2243,2309,133,4619,master
2197,2530,2363,-333,4727,master
2480,2269,2374,211,4749,master
2425,2195,2310,230,4620,master
1805,2125,1965,-320,3930,novice
1218,1278,1248,-60,2496,novice
2736,2421,2578,315,5157,grandmaster
2458,2390,2424,68,4848,master
2190,2334,2262,-144,4524,average
2262,2651,2456,-389,4913,master
2218,2477,2347,-259,4695,master
2522,2677,2599,-155,5199,grandmaster
2392,2268,2330,124,4660,master
2533,2206,2369,327,4739,master
2398,2235,2316,163,4633,master
2364,2461,2412,-97,4825,master
2609,2250,2429,359,4859,master
2546,2220,2383,326,4766,master
2553,2704,2628,-151,5257,grandmaster
1876,1798,1837,78,3674,novice
2442,2564,2503,-122,5006,grandmaster
2365,2215,2290,150,4580,average
2617,2537,2577,80,5154,grandmaster
2185,2420,2302,-235,4605,master
2574,2650,2612,-76,5224,grandmaster
2478,2186,2332,292,4664,master
2125,2533,2329,-408,4658,master
2235,2386,2310,-151,4621,master
2519,2582,2550,-63,5101,grandmaster
2656,2571,2613,85,5227,grandmaster
2020,2224,2122,-204,4244,average
2200,2479,2339,-279,4679,master
2408,2491,2449,-83,4899,master
2126,2249,2187,-123,4375,average
2390,2542,2466,-152,4932,master
2531,2241,2386,290,4772,master
2643,2204,2423,439,4847,master
2145,2388,2266,-243,4533,average
2512,2740,2626,-228,5252,grandmaster
2296,2172,2234,124,4468,average
2411,2377,2394,34,4788,master
2380,2540,2460,-160,4920,master
2417,2026,2221,391,4443,average
2334,2577,2455,-243,4911,master
2340,2314,2327,26,4654,master
2442,2319,2380,123,4761,master
2526,2443,2484,83,4969,master
2481,2423,2452,58,4904,master
2421,2273,2347,148,4694,master
2282,2516,2399,-234,4798,master
1704,2023,1863,-319,3727,novice
2245,2460,2352,-215,4705,master
1828,1971,1899,-143,3799,novice
2218,2424,2321,-206,4642,master
2274,2062,2168,212,4336,average
2035,2396,2215,-361,4431,average
2228,2540,2384,-312,4768,master
2530,2350,2440,180,4880,master
2578,2287,2432,291,4865,master
2180,2369,2274,-189,4549,average
2190,2188,2189,2,4378,average
2514,2413,2463,101,4927,master
2508,2310,2409,198,4818,master
2712,2682,2697,30,5394,grandmaster
2305,2410,2357,-105,4715,master
2710,2718,2714,-8,5428,grandmaster
2398,2606,2502,-208,5004,grandmaster
2273,1715,1994,558,3988,novice
2332,2117,2224,215,4449,average
2427,2222,2324,205,4649,master
2165,1964,2064,201,4129,novice
2190,2007,2098,183,4197,novice
2399,1938,2168,461,4337,average
2480,2226,2353,254,4706,master
2444,2572,2508,-128,5016,grandmaster
2486,2132,2309,354,4618,master
2229,2386,2307,-157,4615,master
2278,2169,2223,109,4447,average
2260,1961,2110,299,4221,average
2659,2548,2603,111,5207,grandmaster
2455,2359,2407,96,4814,master
2357,2271,2314,86,4628,master
2119,2095,2107,24,4214,average
2414,2259,2336,155,4673,master
2698,2629,2663,69,5327,grandmaster
2493,2209,2351,284,4702,master
2301,2208,2254,93,4509,average
2241,2132,2186,109,4373,average
2035,2203,2119,-168,4238,average
2391,2217,2304,174,4608,master
2277,2242,2259,35,4519,average
2409,2348,2378,61,4757,master
2543,2442,2492,101,4985,master
2415,2161,2288,254,4576,average
2597,2326,2461,271,4923,master
2491,2565,2528,-74,5056,grandmaster
2140,2272,2206,-132,4412,average
2398,2589,2493,-191,4987,master
2530,2372,2451,158,4902,master
2405,2680,2542,-275,5085,grandmaster
1830,2144,1987,-314,3974,novice
2543,2619,2581,-76,5162,grandmaster
2151,2445,2298,-294,4596,average
2601,2415,2508,186,5016,grandmaster
2606,2453,2529,153,5059,grandmaster
2270,2099,2184,171,4369,average
1933,1968,1950,-35,3901,novice
2090,2611,2350,-521,4701,master
2311,2225,2268,86,4536,average
2209,2027,2118,182,4236,average
2374,2348,2361,26,4722,master
2430,2236,2333,194,4666,master
2218,2369,2293,-151,4587,average
2502,2216,2359,286,4718,master
2712,2694,2703,18,5406,grandmaster
2551,2577,2564,-26,5128,grandmaster
2235,2249,2242,-14,4484,average
2377,2479,2428,-102,4856,master
2433,2230,2331,203,4663,master
2435,2420,2427,15,4855,master
2368,2652,2510,-284,5020,grandmaster
2115,1967,2041,148,4082,novice
2653,2560,2606,93,5213,grandmaster
2247,2180,2213,67,4427,average
2436,2572,2504,-136,5008,grandmaster
2598,2240,2419,358,4838,master
2209,2181,2195,28,4390,average
2380,2551,2465,-171,4931,master
2199,2123,2161,76,4322,average
2440,2250,2345,190,4690,master
2544,2353,2448,191,4897,master
2538,2423,2480,115,4961,master
2308,2032,2170,276,4340,average
2465,2386,2425,79,4851,master
2205,2180,2192,25,4385,average
2582,2331,2456,251,4913,master
2519,2393,2456,126,4912,master
2340,2240,2290,100,4580,average
2331,2100,2215,231,4431,average
2085,2255,2170,-170,4340,average
2546,2561,2553,-15,5107,grandmaster
2526,2316,2421,210,4842,master
1848,2269,2058,-421,4117,novice
2421,2346,2383,75,4767,master
2402,2517,2459,-115,4919,master
2095,2286,2190,-191,4381,average
2660,2733,2696,-73,5393,grandmaster
2341,2303,2322,38,4644,master
2694,2511,2602,183,5205,grandmaster
2315,2329,2322,-14,4644,master
2667,2194,2430,473,4861,master
1746,1730,1738,16,3476,novice
2422,2391,2406,31,4813,master
2216,2389,2302,-173,4605,master
2403,2034,2218,369,4437,average
2192,2170,2181,22,4362,average
2156,2127,2141,29,4283,average
1871,2196,2033,-325,4067,novice
2267,2084,2175,183,4351,average
2453,2513,2483,-60,4966,master
2312,2347,2329,-35,4659,master
2282,2388,2335,-106,4670,master
1964,2132,2048,-168,4096,novice
1873,2071,1972,-198,3944,novice
2337,2150,2243,187,4487,average
2278,2498,2388,-220,4776,master
2511,2091,2301,420,4602,master
2161,2265,2213,-104,4426,average
2379,2483,2431,-104,4862,master
2415,2263,2339,152,4678,master
2392,2360,2376,32,4752,master
1933,2099,2016,-166,4032,novice
2456,2422,2439,34,4878,master
2435,2205,2320,230,4640,master
2419,2075,2247,344,4494,average
2535,2368,2451,167,4903,master
2225,2412,2318,-187,4637,master
2216,2114,2165,102,4330,average
1973,2489,2231,-516,4462,average
2056,2002,2029,54,4058,novice
2721,2731,2726,-10,5452,grandmaster
2594,2442,2518,152,5036,grandmaster
2318,2620,2469,-302,4938,master
2567,2595,2581,-28,5162,grandmaster
2251,2192,2221,59,4443,average
2212,2519,2365,-307,4731,master
2385,2236,2310,149,4621,master
2259,2637,2448,-378,4896,master
1846,1984,1915,-138,3830,novice
2270,2424,2347,-154,4694,master
2757,2810,2783,-53,5567,grandmaster
2318,2143,2230,175,4461,average
2596,2448,2522,148,5044,grandmaster
2294,2549,2421,-255,4843,master
2441,2301,2371,140,4742,master
2456,1924,2190,532,4380,average
1745,1997,1871,-252,3742,novice
2176,2477,2326,-301,4653,master
2462,2380,2421,82,4842,master
2554,2415,2484,139,4969,master
1832,2330,2081,-498,4162,novice
2708,2737,2722,-29,5445,grandmaster
2576,2390,2483,186,4966,master
2554,2232,2393,322,4786,master
2471,2349,2410,122,4820,master
2243,2519,2381,-276,4762,master
2540,2516,2528,24,5056,grandmaster
2373,2148,2260,225,4521,average
1780,1895,1837,-115,3675,novice
2355,2515,2435,-160,4870,master
2242,2123,2182,119,4365,average
2660,2609,2634,51,5269,grandmaster
2417,2640,2528,-223,5057,grandmaster
2238,2349,2293,-111,4587,average
2506,2436,2471,70,4942,master
1951,2311,2131,-360,4262,average
2306,2317,2311,-11,4623,master
2337,2525,2431,-188,4862,master
2271,2085,2178,186,4356,average
2557,2250,2403,307,4807,master
2174,2101,2137,73,4275,average
2278,1659,1968,619,3937,novice
1819,1967,1893,-148,3786,novice
2291,2180,2235,111,4471,average
2203,2408,2305,-205,4611,master
2381,2235,2308,146,4616,master
2580,2367,2473,213,4947,master
2344,2328,2336,16,4672,master
2129,2391,2260,-262,4520,average
2333,2595,2464,-262,4928,master
2311,2518,2414,-207,4829,master
2547,2379,2463,168,4926,master
2344,2547,2445,-203,4891,master
2302,2291,2296,11,4593,average
2256,2368,2312,-112,4624,master
2471,2343,2407,128,4814,master
2335,2241,2288,94,4576,average
2525,2370,2447,155,4895,master
2342,2522,2432,-180,4864,master
2352,2542,2447,-190,4894,master
2446,2631,2538,-185,5077,grandmaster
2399,2319,2359,80,4718,master
2571,2380,2475,191,4951,master
2012,2310,2161,-298,4322,average
2535,2302,2418,233,4837,master
1969,2172,2070,-203,4141,novice
2142,2354,2248,-212,4496,average
1888,2278,2083,-390,4166,novice
2309,2533,2421,-224,4842,master
2284,1812,2048,472,4096,novice
2438,2212,2325,226,4650,master
2567,2423,2495,144,4990,master
2230,2503,2366,-273,4733,master
2658,2680,2669,-22,5338,grandmaster
2391,2543,2467,-152,4934,master
2708,2785,2746,-77,5493,grandmaster
2539,2393,2466,146,4932,master
2356,2406,2381,-50,4762,master
2505,2667,2586,-162,5172,grandmaster
2710,2651,2680,59,5361,grandmaster
2330,2577,2453,-247,4907,master
2033,2384,2208,-351,4417,average
2105,2511,2308,-406,4616,master
2242,2603,2422,-361,4845,master
2467,2185,2326,282,4652,master
2517,2475,2496,42,4992,master
2327,2418,2372,-91,4745,master
2440,2489,2464,-49,4929,master
2331,2514,2422,-183,4845,master
2393,2239,2316,154,4632,master
2207,2409,2308,-202,4616,master
2313,2185,2249,128,4498,average
2510,2415,2462,95,4925,master
2529,2628,2578,-99,5157,grandmaster
2201,2435,2318,-234,4636,master
2654,2269,2461,385,4923,master
2024,2589,2306,-565,4613,master
2385,2328,2356,57,4713,master
1708,1829,1768,-121,3537,novice
2215,1882,2048,333,4097,novice
2380,2045,2212,335,4425,average
2473,2499,2486,-26,4972,master
2170,2338,2254,-168,4508,average
2286,2467,2376,-181,4753,master
1919,2145,2032,-226,4064,novice
2439,2362,2400,77,4801,master
2379,2320,2349,59,4699,master
2527,2485,2506,42,5012,grandmaster
2406,2597,2501,-191,5003,grandmaster
2556,2523,2539,33,5079,grandmaster
2044,2120,2082,-76,4164,novice
2356,2312,2334,44,4668,master
2297,2172,2234,125,4469,average
2292,2304,2298,-12,4596,average
2511,2587,2549,-76,5098,grandmaster
2493,2441,2467,52,4934,master
2270,2459,2364,-189,4729,master
2438,2636,2537,-198,5074,grandmaster
2594,2506,2550,88,5100,grandmaster
2216,2178,2197,38,4394,average
2325,2186,2255,139,4511,average
2241,2427,2334,-186,4668,master
2450,2423,2436,27,4873,master
2487,2464,2475,23,4951,master
2528,2356,2442,172,4884,master
2309,2527,2418,-218,4836,master
2100,2283,2191,-183,4383,average
2305,2245,2275,60,4550,average
2353,1983,2168,370,4336,average
2426,2104,2265,322,4530,average
2465,1890,2177,575,4355,average
2496,2483,2489,13,4979,master
2258,2611,2434,-353,4869,master
2276,1815,2045,461,4091,novice
2404,2490,2447,-86,4894,master
2437,2229,2333,208,4666,master
2347,2298,2322,49,4645,master
2391,2471,2431,-80,4862,master
2375,2469,2422,-94,4844,master
2295,2374,2334,-79,4669,master
2460,2605,2532,-145,5065,grandmaster
2249,1544,1896,705,3793,novice
1995,1704,1849,291,3699,novice
2782,2708,2745,74,5490,grandmaster
1860,1935,1897,-75,3795,novice
2137,2259,2198,-122,4396,average
2276,1873,2074,403,4149,novice
2479,2273,2376,206,4752,master
2187,1940,2063,247,4127,novice
2607,2293,2450,314,4900,master
2259,2471,2365,-212,4730,master
2639,2551,2595,88,5190,grandmaster
2188,2007,2097,181,4195,novice
2324,2438,2381,-114,4762,master
2481,2437,2459,44,4918,master
2104,2391,2247,-287,4495,average
2423,2396,2409,27,4819,master
2386,2296,2341,90,4682,master
2327,2397,2362,-70,4724,master
1913,2014,1963,-101,3927,novice
2423,1760,2091,663,4183,novice
2711,2085,2398,626,4796,master
2377,2443,2410,-66,4820,master
2373,2440,2406,-67,4813,master
2260,2536,2398,-276,4796,master
2250,2373,2311,-123,4623,master
1930,1983,1956,-53,3913,novice
2531,2269,2400,262,4800,master
2472,2598,2535,-126,5070,grandmaster
2538,2582,2560,-44,5120,grandmaster
2170,2017,2093,153,4187,novice
2438,2622,2530,-184,5060,grandmaster
2126,2267,2196,-141,4393,average
2519,2490,2504,29,5009,grandmaster
2123,2345,2234,-222,4468,average
2455,2103,2279,352,4558,average
2460,2363,2411,97,4823,master
2418,2568,2493,-150,4986,master
2418,2481,2449,-63,4899,master
1681,2033,1857,-352,3714,novice
2455,2353,2404,102,4808,master
2346,2088,2217,258,4434,average
2423,2285,2354,138,4708,master
2100,2479,2289,-379,4579,average
2535,2285,2410,250,4820,master
2256,2558,2407,-302,4814,master
2384,2258,2321,126,4642,master
2280,2368,2324,-88,4648,master
2548,2652,2600,-104,5200,grandmaster
2412,2447,2429,-35,4859,master
2634,2408,2521,226,5042,grandmaster
2009,1900,1954,109,3909,novice
2430,2161,2295,269,4591,average
1972,2026,1999,-54,3998,novice
1988,2242,2115,-254,4230,average
2747,2786,2766,-39,5533,grandmaster
2643,2398,2520,245,5041,grandmaster
2359,2481,2420,-122,4840,master
1933,2014,1973,-81,3947,novice
2371,2498,2434,-127,4869,master
2517,2429,2473,88,4946,master
2294,2131,2212,163,4425,average
2477,2352,2414,125,4829,master
2530,2322,2426,208,4852,master
2449,2540,2494,-91,4989,master
2500,2298,2399,202,4798,master
2253,1791,2022,462,4044,novice
2341,2662,2501,-321,5003,grandmaster
2224,2134,2179,90,4358,average
2266,2095,2180,171,4361,average
2474,2509,2491,-35,4983,master
2257,2262,2259,-5,4519,average
2385,2328,2356,57,4713,master
2446,2238,2342,208,4684,master
2413,2287,2350,126,4700,master
2472,2375,2423,97,4847,master
2308,2589,2448,-281,4897,master
2516,2521,2518,-5,5037,grandmaster
2505,2386,2445,119,4891,master
2436,2650,2543,-214,5086,grandmaster
2388,2387,2387,1,4775,master
2730,2717,2723,13,5447,grandmaster
2619,2638,2628,-19,5257,grandmaster
2290,2230,2260,60,4520,average
2436,2505,2470,-69,4941,master
1939,2168,2053,-229,4107,novice
2393,2641,2517,-248,5034,grandmaster
2319,2368,2343,-49,4687,master
2502,2443,2472,59,4945,master
2105,2011,2058,94,4116,novice
2112,2493,2302,-381,4605,master
2462,2498,2480,-36,4960,master
2512,2279,2395,233,4791,master
2440,2447,2443,-7,4887,master
2572,2557,2564,15,5129,grandmaster
2189,2426,2307,-237,4615,master
1761,1909,1835,-148,3670,novice
2453,2524,2488,-71,4977,master
2427,2209,2318,218,4636,master
2431,2530,2480,-99,4961,master
2245,2069,2157,176,4314,average
2263,2587,2425,-324,4850,master
2394,2284,2339,110,4678,master
2090,2290,2190,-200,4380,average
2393,2198,2295,195,4591,average
2440,2248,2344,192,4688,master
2447,2385,2416,62,4832,master
2311,1724,2017,587,4035,novice
2441,2593,2517,-152,5034,grandmaster
2392,2251,2321,141,4643,master
2521,2256,2388,265,4777,master
2505,2356,2430,149,4861,master
1987,1835,1911,152,3822,novice
2055,2389,2222,-334,4444,average
2021,2414,2217,-393,4435,average
2427,2224,2325,203,4651,master
2612,2499,2555,113,5111,grandmaster
2216,2580,2398,-364,4796,master
2126,2207,2166,-81,4333,average
2411,2376,2393,35,4787,master
2255,2408,2331,-153,4663,master
2549,2528,2538,21,5077,grandmaster
2586,2672,2629,-86,5258,grandmaster
2560,2398,2479,162,4958,master
2127,1969,2048,158,4096,novice
2086,2199,2142,-113,4285,average
2188,2566,2377,-378,4754,master
2408,2284,2346,124,4692,master
2654,2682,2668,-28,5336,grandmaster
2652,2726,2689,-74,5378,grandmaster
2356,2162,2259,194,4518,average
2553,2268,2410,285,4821,master
2162,2321,2241,-159,4483,average
2096,2037,2066,59,4133,novice
2573,2097,2335,476,4670,master
2688,2441,2564,247,5129,grandmaster
2153,2266,2209,-113,4419,average
2361,2501,2431,-140,4862,master
2645,2446,2545,199,5091,grandmaster
2075,2305,2190,-230,4380,average
2753,2679,2716,74,5432,grandmaster
2408,2340,2374,68,4748,master
2558,2591,2574,-33,5149,grandmaster
2580,2707,2643,-127,5287,grandmaster
2406,2641,2523,-235,5047,grandmaster
1865,2461,2163,-596,4326,average
1967,2243,2105,-276,4210,average
2366,2533,2449,-167,4899,master
2681,2764,2722,-83,5445,grandmaster
2430,2538,2484,-108,4968,master
2097,1759,1928,338,3856,novice
1689,2131,1910,-442,3820,novice
2507,2714,2610,-207,5221,grandmaster
2183,2239,2211,-56,4422,average
2395,2378,2386,17,4773,master
2343,2498,2420,-155,4841,master
2455,2141,2298,314,4596,average
2291,2028,2159,263,4319,average
2222,2310,2266,-88,4532,average
2476,2290,2383,186,4766,master
2215,2482,2348,-267,4697,master
2377,2532,2454,-155,4909,master
2039,2066,2052,-27,4105,novice
2401,2441,2421,-40,4842,master
2403,2277,2340,126,4680,master
2557,2705,2631,-148,5262,grandmaster
2294,2107,2200,187,4401,average
2282,2327,2304,-45,4609,master
1611,1755,1683,-144,3366,novice
2534,2298,2416,236,4832,master
2232,2449,2340,-217,4681,master
2473,2185,2329,288,4658,master
2483,2710,2596,-227,5193,grandmaster
2293,2489,2391,-196,4782,master
2378,2246,2312,132,4624,master
1726,2007,1866,-281,3733,novice
2530,2550,2540,-20,5080,grandmaster
1931,2237,2084,-306,4168,novice
2551,2328,2439,223,4879,master
2621,2586,2603,35,5207,grandmaster
2249,2316,2282,-67,4565,average
2108,1835,1971,273,3943,novice
2487,2506,2496,-19,4993,master
2739,2561,2650,178,5300,grandmaster
2311,2295,2303,16,4606,master
2351,2348,2349,3,4699,master
2421,2519,2470,-98,4940,master
2168,2187,2177,-19,4355,average
2408,2215,2311,193,4623,master
2596,2532,2564,64,5128,grandmaster
2296,2344,2320,-48,4640,master
2438,2291,2364,147,4729,master
2584,2710,2647,-126,5294,grandmaster
2527,2632,2579,-105,5159,grandmaster
2158,2152,2155,6,4310,average
2418,2288,2353,130,4706,master
2333,2138,2235,195,4471,average
2318,2206,2262,112,4524,average
2624,2563,2593,61,5187,grandmaster
2511,2421,2466,90,4932,master
2227,2159,2193,68,4386,average
2589,2711,2650,-122,5300,grandmaster
2436,2132,2284,304,4568,average
2188,2511,2349,-323,4699,master
2742,2581,2661,161,5323,grandmaster
2450,2688,2569,-238,5138,grandmaster
2260,2447,2353,-187,4707,master
2686,2556,2621,130,5242,grandmaster
2303,2390,2346,-87,4693,master
2061,2174,2117,-113,4235,average
2570,2417,2493,153,4987,master
2482,2359,2420,123,4841,master
2221,2392,2306,-171,4613,master
2392,2495,2443,-103,4887,master
2404,2477,2440,-73,4881,master
2324,2108,2216,216,4432,average
1750,1969,1859,-219,3719,novice
2137,2002,2069,135,4139,novice
1626,1960,1793,-334,3586,novice
2585,2470,2527,115,5055,grandmaster
2683,2531,2607,152,5214,grandmaster
2148,2493,2320,-345,4641,master
2066,2208,2137,-142,4274,average
2434,2358,2396,76,4792,master
1822,2243,2032,-421,4065,novice
2113,2509,2311,-396,4622,master
2332,2381,2356,-49,4713,master
2140,2144,2142,-4,4284,average
2263,2238,2250,25,4501,average
2355,2558,2456,-203,4913,master
1578,1695,1636,-117,3273,novice
2600,2558,2579,42,5158,grandmaster
2149,2060,2104,89,4209,average
2423,2407,2415,16,4830,master
2375,2243,2309,132,4618,master
2477,2570,2523,-93,5047,grandmaster
2295,2307,2301,-12,4602,master
2464,2350,2407,114,4814,master
2410,2540,2475,-130,4950,master
2501,2368,2434,133,4869,master
2434,2239,2336,195,4673,master
2707,2645,2676,62,5352,grandmaster
2636,2437,2536,199,5073,grandmaster
2672,2586,2629,86,5258,grandmaster
2447,2677,2562,-230,5124,grandmaster
2326,2533,2429,-207,4859,master
2531,2259,2395,272,4790,master
2134,2328,2231,-194,4462,average
2318,2352,2335,-34,4670,master
2268,2416,2342,-148,4684,master
2133,2553,2343,-420,4686,master
2194,2159,2176,35,4353,average
2554,2625,2589,-71,5179,grandmaster
2327,2409,2368,-82,4736,master
2244,2229,2236,15,4473,average
2379,2387,2383,-8,4766,master
2110,2298,2204,-188,4408,average
2375,2046,2210,329,4421,average
2331,2423,2377,-92,4754,master
2629,2456,2542,173,5085,grandmaster
2173,2046,2109,127,4219,average
2422,2395,2408,27,4817,master
2564,2449,2506,115,5013,grandmaster
2447,2282,2364,165,4729,master
2445,2187,2316,258,4632,master
2101,2055,2078,46,4156,novice
2448,2227,2337,221,4675,master
2321,2321,2321,0,4642,master
2338,2095,2216,243,4433,average
2325,2333,2329,-8,4658,master
2181,2487,2334,-306,4668,master
2383,2507,2445,-124,4890,master
2551,2478,2514,73,5029,grandmaster
2526,2361,2443,165,4887,master
2220,2067,2143,153,4287,average
2394,2581,2487,-187,4975,master
2641,2627,2634,14,5268,grandmaster
2024,2239,2131,-215,4263,average
2639,2495,2567,144,5134,grandmaster
1956,2130,2043,-174,4086,novice
2325,2526,2425,-201,4851,master
2087,1718,1902,369,3805,novice
2214,2509,2361,-295,4723,master
2508,2221,2364,287,4729,master
2655,2467,2561,188,5122,grandmaster
2621,2742,2681,-121,5363,grandmaster
2558,2362,2460,196,4920,master
2414,2494,2454,-80,4908,master
2628,2783,2705,-155,5411,grandmaster
2626,2618,2622,8,5244,grandmaster
2100,2230,2165,-130,4330,average
2439,2402,2420,37,4841,master
2391,2501,2446,-110,4892,master
2492,2429,2460,63,4921,master
2554,2093,2323,461,4647,master
2760,2549,2654,211,5309,grandmaster
2539,2397,2468,142,4936,master
2254,2494,2374,-240,4748,master
2650,2578,2614,72,5228,grandmaster
2809,2757,2783,52,5566,grandmaster
2479,2225,2352,254,4704,master
2483,2367,2425,116,4850,master
2273,2432,2352,-159,4705,master
2551,2335,2443,216,4886,master
2210,2211,2210,-1,4421,average
2667,2509,2588,158,5176,grandmaster
2273,2350,2311,-77,4623,master
2155,2344,2249,-189,4499,average
2118,2283,2200,-165,4401,average
2286,2084,2185,202,4370,average
2427,2358,2392,69,4785,master
2410,2683,2546,-273,5093,grandmaster
2671,2516,2593,155,5187,grandmaster
2596,2277,2436,319,4873,master
2200,2103,2151,97,4303,average
2740,2678,2709,62,5418,grandmaster
2600,2425,2512,175,5025,grandmaster
2193,2442,2317,-249,4635,master
2434,2245,2339,189,4679,master
1882,2158,2020,-276,4040,novice
2151,2579,2365,-428,4730,master
2200,2550,2375,-350,4750,master
2644,2210,2427,434,4854,master
2368,2532,2450,-164,4900,master
2644,2154,2399,490,4798,master
2571,2349,2460,222,4920,master
2473,2549,2511,-76,5022,grandmaster
2433,2396,2414,37,4829,master
2321,2351,2336,-30,4672,master
2221,2587,2404,-366,4808,master
2298,2625,2461,-327,4923,master
1986,2172,2079,-186,4158,novice
2404,2201,2302,203,4605,master
1893,1992,1942,-99,3885,novice
2134,2509,2321,-375,4643,master
2277,2423,2350,-146,4700,master
2470,2278,2374,192,4748,master
1717,2423,2070,-706,4140,novice
1701,1936,1818,-235,3637,novice
2381,2124,2252,257,4505,average
2494,2207,2350,287,4701,master
2450,2550,2500,-100,5000,master
2338,2245,2291,93,4583,average
2504,2360,2432,144,4864,master
2613,2671,2642,-58,5284,grandmaster
1975,2163,2069,-188,4138,novice
2005,1907,1956,98,3912,novice
2023,2098,2060,-75,4121,novice
1516,1504,1510,12,3020,novice
2089,2222,2155,-133,4311,average
2018,2064,2041,-46,4082,novice
1887,2081,1984,-194,3968,novice
2494,2597,2545,-103,5091,grandmaster
2649,2570,2609,79,5219,grandmaster
2138,2567,2352,-429,4705,master
2379,2239,2309,140,4618,master
1698,1939,1818,-241,3637,novice
2397,2578,2487,-181,4975,master
2430,2432,2431,-2,4862,master
2529,2279,2404,250,4808,master
2025,2015,2020,10,4040,novice
2355,2273,2314,82,4628,master
2408,2319,2363,89,4727,master
2723,2637,2680,86,5360,grandmaster
2449,2299,2374,150,4748,master
2090,1818,1954,272,3908,novice
2600,2538,2569,62,5138,grandmaster
2313,2476,2394,-163,4789,master
2455,2611,2533,-156,5066,grandmaster
2409,2304,2356,105,4713,master
2351,2536,2443,-185,4887,master
2615,2384,2499,231,4999,master
2270,2489,2379,-219,4759,master
2343,2323,2333,20,4666,master
2599,2709,2654,-110,5308,grandmaster
2532,2436,2484,96,4968,master
2760,2762,2761,-2,5522,grandmaster
2394,2256,2325,138,4650,master
2145,2046,2095,99,4191,novice
1896,2229,2062,-333,4125,novice
2263,1835,2049,428,4098,novice
2371,2146,2258,225,4517,average
2129,1843,1986,286,3972,novice
2166,2174,2170,-8,4340,average
2549,2633,2591,-84,5182,grandmaster
2236,2143,2189,93,4379,average
2330,1991,2160,339,4321,average
2485,2374,2429,111,4859,master
2517,2477,2497,40,4994,master
1937,2167,2052,-230,4104,novice
2040,1560,1800,480,3600,novice
2313,1753,2033,560,4066,novice
2459,2284,2371,175,4743,master
2506,2396,2451,110,4902,master
1981,1897,1939,84,3878,novice
2334,2288,2311,46,4622,master
2664,2737,2700,-73,5401,grandmaster
2492,2141,2316,351,4633,master
2386,2297,2341,89,4683,master
2672,2638,2655,34,5310,grandmaster
2564,2258,2411,306,4822,master
2154,2010,2082,144,4164,novice
2428,2237,2332,191,4665,master
1964,2213,2088,-249,4177,novice
2805,2740,2772,65,5545,grandmaster
2068,1994,2031,74,4062,novice
2353,2468,2410,-115,4821,master
2002,2112,2057,-110,4114,novice
2323,2565,2444,-242,4888,master
2124,2186,2155,-62,4310,average
2176,1968,2072,208,4144,novice
1623,1548,1585,75,3171,novice
2558,2324,2441,234,4882,master
2007,2206,2106,-199,4213,average
2152,2220,2186,-68,4372,average
2461,2518,2489,-57,4979,master
2240,2563,2401,-323,4803,master
2253,2298,2275,-45,4551,average
2472,2229,2350,243,4701,master
2496,2429,2462,67,4925,master
2197,2232,2214,-35,4429,average
2280,2318,2299,-38,4598,average
2274,1706,1990,568,3980,novice
2380,2551,2465,-171,4931,master
2724,2689,2706,35,5413,grandmaster
2408,2257,2332,151,4665,master
2376,2422,2399,-46,4798,master
1923,1790,1856,133,3713,novice
2406,2194,2300,212,4600,average
2608,2495,2551,113,5103,grandmaster
2317,2316,2316,1,4633,master
2618,2546,2582,72,5164,grandmaster
2633,2782,2707,-149,5415,grandmaster
2635,2315,2475,320,4950,master
2352,2233,2292,119,4585,average
2520,2685,2602,-165,5205,grandmaster
2323,2508,2415,-185,4831,master
2509,2236,2372,273,4745,master
2306,2010,2158,296,4316,average
2428,2346,2387,82,4774,master
2318,2452,2385,-134,4770,master
1921,2172,2046,-251,4093,novice
2407,2238,2322,169,4645,master
2616,2416,2516,200,5032,grandmaster
2501,2430,2465,71,4931,master
2071,1942,2006,129,4013,novice
2423,2257,2340,166,4680,master
2014,2256,2135,-242,4270,average
2543,2393,2468,150,4936,master
2303,2098,2200,205,4401,average
2568,2205,2386,363,4773,master
2005,2280,2142,-275,4285,average
1912,2363,2137,-451,4275,average
2346,2493,2419,-147,4839,master
2220,1943,2081,277,4163,novice
2306,2496,2401,-190,4802,master
2271,1820,2045,451,4091,novice
2389,2211,2300,178,4600,average
2274,2212,2243,62,4486,average
2661,2174,2417,487,4835,master
2158,1930,2044,228,4088,novice
2521,2280,2400,241,4801,master
2046,1956,2001,90,4002,novice
2111,2312,2211,-201,4423,average
2407,2407,2407,0,4814,master
2474,2239,2356,235,4713,master
2200,2480,2340,-280,4680,master
2486,2415,2450,71,4901,master
2439,2282,2360,157,4721,master
2450,2439,2444,11,4889,master
2243,2300,2271,-57,4543,average
1957,1929,1943,28,3886,novice
2472,2190,2331,282,4662,master
2528,2246,2387,282,4774,master
2469,2310,2389,159,4779,master
2394,2525,2459,-131,4919,master
2429,2425,2427,4,4854,master
2660,2562,2611,98,5222,grandmaster
2387,2098,2242,289,4485,average
2211,2528,2369,-317,4739,master
2545,2497,2521,48,5042,grandmaster
2267,2369,2318,-102,4636,master
2711,2557,2634,154,5268,grandmaster
2514,2568,2541,-54,5082,grandmaster
2364,2054,2209,310,4418,average
2586,2477,2531,109,5063,grandmaster
2779,2531,2655,248,5310,grandmaster
2481,2351,2416,130,4832,master
1984,2297,2140,-313,4281,average
2103,1814,1958,289,3917,novice
2187,2384,2285,-197,4571,average
2222,2112,2167,110,4334,average
2479,2561,2520,-82,5040,grandmaster
2554,2456,2505,98,5010,grandmaster
2561,2479,2520,82,5040,grandmaster
2398,2591,2494,-193,4989,master
2440,1995,2217,445,4435,average
1960,1570,1765,390,3530,novice
2564,2647,2605,-83,5211,grandmaster
2068,1842,1955,226,3910,novice
2262,2605,2433,-343,4867,master
2554,2401,2477,153,4955,master
2361,2565,2463,-204,4926,master
2558,2482,2520,76,5040,grandmaster
2588,2175,2381,413,4763,master
2487,2444,2465,43,4931,master
2036,2281,2158,-245,4317,average
2260,2417,2338,-157,4677,master
2665,2418,2541,247,5083,grandmaster
2177,2373,2275,-196,4550,average
2396,2517,2456,-121,4913,master
2057,2006,2031,51,4063,novice
2415,2458,2436,-43,4873,master
2139,2510,2324,-371,4649,master
2421,2675,2548,-254,5096,grandmaster
2626,2536,2581,90,5162,grandmaster
2386,2456,2421,-70,4842,master
2293,2428,2360,-135,4721,master
2213,2071,2142,142,4284,average
2481,2266,2373,215,4747,master
2583,2444,2513,139,5027,grandmaster
2185,2156,2170,29,4341,average
2210,2266,2238,-56,4476,average
2074,2008,2041,66,4082,novice
2159,2322,2240,-163,4481,average
1680,1740,1710,-60,3420,novice
2474,2626,2550,-152,5100,grandmaster
2520,2229,2374,291,4749,master
2350,2508,2429,-158,4858,master
2593,2589,2591,4,5182,grandmaster
2006,1935,1970,71,3941,novice
2304,2583,2443,-279,4887,master
1886,1977,1931,-91,3863,novice
2484,2279,2381,205,4763,master
2158,2529,2343,-371,4687,master
2567,2407,2487,160,4974,master
2253,2350,2301,-97,4603,master
2625,2455,2540,170,5080,grandmaster
2449,2222,2335,227,4671,master
2385,2311,2348,74,4696,master
2536,2093,2314,443,4629,master
1715,2216,1965,-501,3931,novice
2347,2209,2278,138,4556,average
2507,2671,2589,-164,5178,grandmaster
2118,2587,2352,-469,4705,master
2226,2392,2309,-166,4618,master
2411,2095,2253,316,4506,average
2581,2408,2494,173,4989,master
1799,2165,1982,-366,3964,novice
2585,1914,2249,671,4499,average
2092,2366,2229,-274,4458,average
2351,2485,2418,-134,4836,master
1699,2365,2032,-666,4064,novice
2526,2314,2420,212,4840,master
2549,2375,2462,174,4924,master
2092,2137,2114,-45,4229,average
2579,2193,2386,386,4772,master
2411,2166,2288,245,4577,average
2723,2730,2726,-7,5453,grandmaster
2355,1768,2061,587,4123,novice
1870,2158,2014,-288,4028,novice
2008,2248,2128,-240,4256,average
2425,2422,2423,3,4847,master
2495,2179,2337,316,4674,master
2159,2027,2093,132,4186,novice
2709,2563,2636,146,5272,grandmaster
2431,2401,2416,30,4832,master
2338,2612,2475,-274,4950,master
2210,2396,2303,-186,4606,master
2672,2041,2356,631,4713,master
2406,2491,2448,-85,4897,master
2298,2445,2371,-147,4743,master
2371,2212,2291,159,4583,average
2069,2195,2132,-126,4264,average
2393,2515,2454,-122,4908,master
2540,2372,2456,168,4912,master
2249,2377,2313,-128,4626,master
2471,2469,2470,2,4940,master
2392,2402,2397,-10,4794,master
2037,2172,2104,-135,4209,average
2508,2547,2527,-39,5055,grandmaster
2691,2542,2616,149,5233,grandmaster
2688,2689,2688,-1,5377,grandmaster
2246,2312,2279,-66,4558,average
2215,2637,2426,-422,4852,master
2298,2319,2308,-21,4617,master
2404,2273,2338,131,4677,master
2729,2390,2559,339,5119,grandmaster
2602,2589,2595,13,5191,grandmaster
2233,2248,2240,-15,4481,average
2453,2524,2488,-71,4977,master
2099,2370,2234,-271,4469,average
2343,2571,2457,-228,4914,master
2120,1705,1912,415,3825,novice
2544,2161,2352,383,4705,master
2203,2480,2341,-277,4683,master
2561,2304,2432,257,4865,master
1949,2334,2141,-385,4283,average
2250,2329,2289,-79,4579,average
2709,2492,2600,217,5201,grandmaster
2188,2439,2313,-251,4627,master
2470,2465,2467,5,4935,master
2662,1967,2314,695,4629,master
2334,2488,2411,-154,4822,master
2486,2200,2343,286,4686,master
2420,2218,2319,202,4638,master
2590,2680,2635,-90,5270,grandmaster
2144,2553,2348,-409,4697,master
2557,2331,2444,226,4888,master
2607,2701,2654,-94,5308,grandmaster
2475,2546,2510,-71,5021,grandmaster
2153,2557,2355,-404,4710,master
2340,2359,2349,-19,4699,master
2206,2311,2258,-105,4517,average
2226,2619,2422,-393,4845,master
2182,2715,2448,-533,4897,master
2247,1987,2117,260,4234,average
2659,2700,2679,-41,5359,grandmaster
2296,2414,2355,-118,4710,master
2786,2713,2749,73,5499,grandmaster
2227,1846,2036,381,4073,novice
2422,2376,2399,46,4798,master
2135,2475,2305,-340,4610,master
2578,2517,2547,61,5095,grandmaster
2614,2650,2632,-36,5264,grandmaster
2581,2484,2532,97,5065,grandmaster
2255,2001,2128,254,4256,average
2069,2211,2140,-142,4280,average
2469,2005,2237,464,4474,average
2331,2162,2246,169,4493,average
2471,2335,2403,136,4806,master
2521,2294,2407,227,4815,master
2482,2409,2445,73,4891,master
2264,2191,2227,73,4455,average
2471,2179,2325,292,4650,master
2045,2076,2060,-31,4121,novice
2417,2540,2478,-123,4957,master
2014,1730,1872,284,3744,novice
2418,2454,2436,-36,4872,master
2312,2436,2374,-124,4748,master
2426,2232,2329,194,4658,master
2510,2680,2595,-170,5190,grandmaster
2268,2478,2373,-210,4746,master
2431,2220,2325,211,4651,master
1705,2173,1939,-468,3878,novice
2299,1947,2123,352,4246,average
2037,2163,2100,-126,4200,novice
1881,2105,1993,-224,3986,novice
2414,2274,2344,140,4688,master
2011,1880,1945,131,3891,novice
2051,1651,1851,400,3702,novice
2531,2492,2511,39,5023,grandmaster
2360,2254,2307,106,4614,master
2528,2445,2486,83,4973,master
2059,2274,2166,-215,4333,average
2713,2731,2722,-18,5444,grandmaster
2406,2445,2425,-39,4851,master
2672,2165,2418,507,4837,master
2336,2285,2310,51,4621,master
2429,2262,2345,167,4691,master
2036,2160,2098,-124,4196,novice
2535,2536,2535,-1,5071,grandmaster
2196,2296,2246,-100,4492,average
2340,2376,2358,-36,4716,master
2359,2466,2412,-107,4825,master
2544,2458,2501,86,5002,grandmaster
2516,2293,2404,223,4809,master
2445,2362,2403,83,4807,master
1706,1879,1792,-173,3585,novice
2192,2277,2234,-85,4469,average
2548,2575,2561,-27,5123,grandmaster
2625,2446,2535,179,5071,grandmaster
2571,2126,2348,445,4697,master
2541,2243,2392,298,4784,master
2574,2411,2492,163,4985,master
2311,2132,2221,179,4443,average
2499,2407,2453,92,4906,master
2414,2644,2529,-230,5058,grandmaster
1936,1853,1894,83,3789,novice
2539,2386,2462,153,4925,master
2407,2691,2549,-284,5098,grandmaster
2427,2290,2358,137,4717,master
2462,2482,2472,-20,4944,master
2113,2254,2183,-141,4367,average
2242,2277,2259,-35,4519,average
2575,2235,2405,340,4810,master
2160,2186,2173,-26,4346,average
2682,2101,2391,581,4783,master
2372,2064,2218,308,4436,average
2261,2323,2292,-62,4584,average
2676,2447,2561,229,5123,grandmaster
2503,2340,2421,163,4843,master
2558,2067,2312,491,4625,master
2527,2660,2593,-133,5187,grandmaster
2108,2231,2169,-123,4339,average
2451,2376,2413,75,4827,master
2279,2409,2344,-130,4688,master
2208,2044,2126,164,4252,average
1574,1949,1761,-375,3523,novice
2552,2454,2503,98,5006,grandmaster
2376,2252,2314,124,4628,master
2191,2421,2306,-230,4612,master
2317,2505,2411,-188,4822,master
2259,2320,2289,-61,4579,average
2200,2501,2350,-301,4701,master
2288,2313,2300,-25,4601,average
2693,2664,2678,29,5357,grandmaster
2215,2441,2328,-226,4656,master
2438,2570,2504,-132,5008,grandmaster
2653,2473,2563,180,5126,grandmaster
2656,2718,2687,-62,5374,grandmaster
2617,2518,2567,99,5135,grandmaster
2413,1958,2185,455,4371,average
2565,2432,2498,133,4997,master
2331,2515,2423,-184,4846,master
2469,2485,2477,-16,4954,master
2524,2503,2513,21,5027,grandmaster
2455,2415,2435,40,4870,master
2052,2364,2208,-312,4416,average
2169,2288,2228,-119,4457,average
2112,2507,2309,-395,4619,master
2457,2356,2406,101,4813,master
2471,2386,2428,85,4857,master
2630,2513,2571,117,5143,grandmaster
2249,2412,2330,-163,4661,master
2334,2135,2234,199,4469,average
2473,2601,2537,-128,5074,grandmaster
2710,2544,2627,166,5254,grandmaster
2104,2335,2219,-231,4439,average
2302,1927,2114,375,4229,average
2096,1894,1995,202,3990,novice
2345,2577,2461,-232,4922,master
2478,2558,2518,-80,5036,grandmaster
2530,2225,2377,305,4755,master
2032,1892,1962,140,3924,novice
2308,2112,2210,196,4420,average
1782,2018,1900,-236,3800,novice
2461,2229,2345,232,4690,master
2545,2090,2317,455,4635,master
2236,2390,2313,-154,4626,master
2275,2402,2338,-127,4677,master
2523,2364,2443,159,4887,master
2302,2491,2396,-189,4793,master
2651,2636,2643,15,5287,grandmaster
2308,1971,2139,337,4279,average
2150,2358,2254,-208,4508,average
2308,2273,2290,35,4581,average
2287,2373,2330,-86,4660,master
1785,2243,2014,-458,4028,novice
1917,2103,2010,-186,4020,novice
2691,2605,2648,86,5296,grandmaster
2228,2081,2154,147,4309,average
2542,2107,2324,435,4649,master
2249,2489,2369,-240,4738,master
2275,2484,2379,-209,4759,master
2131,2162,2146,-31,4293,average
2276,2399,2337,-123,4675,master
2423,2434,2428,-11,4857,master
2099,1828,1963,271,3927,novice
2559,2680,2619,-121,5239,grandmaster
2281,2718,2499,-437,4999,master
2315,2398,2356,-83,4713,master
2278,2094,2186,184,4372,average
2494,2461,2477,33,4955,master
2253,2482,2367,-229,4735,master
2539,2326,2432,213,4865,master
2600,2539,2569,61,5139,grandmaster
2775,2695,2735,80,5470,grandmaster
2099,1892,1995,207,3991,novice
2164,1990,2077,174,4154,novice
2626,2574,2600,52,5200,grandmaster
2231,2309,2270,-78,4540,average
2439,2180,2309,259,4619,master
2308,2182,2245,126,4490,average
2309,2406,2357,-97,4715,master
2501,2382,2441,119,4883,master
2636,2668,2652,-32,5304,grandmaster
2432,2553,2492,-121,4985,master
2518,2405,2461,113,4923,master
2526,2369,2447,157,4895,master
2405,2342,2373,63,4747,master
2390,2187,2288,203,4577,average
2473,2397,2435,76,4870,master
1948,2123,2035,-175,4071,novice
2423,2227,2325,196,4650,master
2060,2242,2151,-182,4302,average
2277,2176,2226,101,4453,average
1761,1617,1689,144,3378,novice
2583,2396,2489,187,4979,master
2094,1902,1998,192,3996,novice
2691,2237,2464,454,4928,master
2407,2549,2478,-142,4956,master
2367,2231,2299,136,4598,average
2428,1937,2182,491,4365,average
2247,2450,2348,-203,4697,master
2214,2183,2198,31,4397,average
2415,2472,2443,-57,4887,master
2499,2249,2374,250,4748,master
2027,2017,2022,10,4044,novice
2494,2370,2432,124,4864,master
2384,2495,2439,-111,4879,master
1838,2113,1975,-275,3951,novice
2227,2411,2319,-184,4638,master
2358,2217,2287,141,4575,average
2475,2182,2328,293,4657,master
2150,2381,2265,-231,4531,average
2524,2257,2390,267,4781,master
2310,2443,2376,-133,4753,master
2275,2233,2254,42,4508,average
2416,2254,2335,162,4670,master
2297,2446,2371,-149,4743,master
1852,1765,1808,87,3617,novice
2256,1939,2097,317,4195,novice
2730,2753,2741,-23,5483,grandmaster
2525,2274,2399,251,4799,master
2417,2228,2322,189,4645,master
2517,2549,2533,-32,5066,grandmaster
2345,2569,2457,-224,4914,master
2018,2341,2179,-323,4359,average
2726,2613,2669,113,5339,grandmaster
2385,2312,2348,73,4697,master
2441,2567,2504,-126,5008,grandmaster
2533,2266,2399,267,4799,master
2522,2247,2384,275,4769,master
2486,1856,2171,630,4342,average
2661,2545,2603,116,5206,grandmaster
2349,2366,2357,-17,4715,master
2600,2359,2479,241,4959,master
2446,2370,2408,76,4816,master
2564,2505,2534,59,5069,grandmaster
2174,2235,2204,-61,4409,average
2401,2433,2417,-32,4834,master
2449,2140,2294,309,4589,average
1795,1933,1864,-138,3728,novice
2213,2480,2346,-267,4693,master
1882,2082,1982,-200,3964,novice
2369,2480,2424,-111,4849,master
2085,2392,2238,-307,4477,average
2492,2134,2313,358,4626,master
2367,2078,2222,289,4445,average
2267,2440,2353,-173,4707,master
2491,2291,2391,200,4782,master
2559,2546,2552,13,5105,grandmaster
2525,2420,2472,105,4945,master
2437,2620,2528,-183,5057,grandmaster
2455,2278,2366,177,4733,master
2433,2242,2337,191,4675,master
2399,2245,2322,154,4644,master
2018,2301,2159,-283,4319,average
2023,2337,2180,-314,4360,average
2195,1955,2075,240,4150,novice
2531,2336,2433,195,4867,master
2307,2303,2305,4,4610,master
2164,1908,2036,256,4072,novice
2461,2426,2443,35,4887,master
2315,2244,2279,71,4559,average
2268,2537,2402,-269,4805,master
2280,1915,2097,365,4195,novice
2445,2433,2439,12,4878,master
2638,2244,2441,394,4882,master
2365,2604,2484,-239,4969,master
2464,2618,2541,-154,5082,grandmaster
2486,2609,2547,-123,5095,grandmaster
2180,2475,2327,-295,4655,master
2653,2613,2633,40,5266,grandmaster
2512,2740,2626,-228,5252,grandmaster
2268,2154,2211,114,4422,average
1993,2129,2061,-136,4122,novice
2257,2103,2180,154,4360,average
1949,2355,2152,-406,4304,average
2304,2505,2404,-201,4809,master
2573,2320,2446,253,4893,master
2466,2299,2382,167,4765,master
1992,2455,2223,-463,4447,average
2386,2518,2452,-132,4904,master
2391,2408,2399,-17,4799,master
2545,2377,2461,168,4922,master
2154,2003,2078,151,4157,novice
2447,2320,2383,127,4767,master
2509,2467,2488,42,4976,master
2557,2092,2324,465,4649,master
2431,2173,2302,258,4604,master
2424,2363,2393,61,4787,master
2291,2286,2288,5,4577,average
2492,2486,2489,6,4978,master
2363,2018,2190,345,4381,average
2361,2455,2408,-94,4816,master
2570,2544,2557,26,5114,grandmaster
2497,2447,2472,50,4944,master
2300,2362,2331,-62,4662,master
2558,2244,2401,314,4802,master
2555,2378,2466,177,4933,master
2649,2522,2585,127,5171,grandmaster
2357,2273,2315,84,4630,master
2432,2279,2355,153,4711,master
2200,2127,2163,73,4327,average
2024,1877,1950,147,3901,novice
2381,2290,2335,91,4671,master
2362,2231,2296,131,4593,average
2347,2559,2453,-212,4906,master
1769,1971,1870,-202,3740,novice
2534,2291,2412,243,4825,master
2549,2424,2486,125,4973,master
2464,2648,2556,-184,5112,grandmaster
2243,2441,2342,-198,4684,master
1971,2086,2028,-115,4057,novice
2519,2199,2359,320,4718,master
1745,1973,1859,-228,3718,novice
1744,2121,1932,-377,3865,novice
2360,2381,2370,-21,4741,master
2325,2086,2205,239,4411,average
2223,2450,2336,-227,4673,master
2046,2408,2227,-362,4454,average
2488,2388,2438,100,4876,master
2258,2472,2365,-214,4730,master
2566,2489,2527,77,5055,grandmaster
2048,2526,2287,-478,4574,average
2259,1917,2088,342,4176,novice
2354,2265,2309,89,4619,master
2341,2288,2314,53,4629,master
2423,2043,2233,380,4466,average
2370,2379,2374,-9,4749,master
2081,2171,2126,-90,4252,average
2573,2351,2462,222,4924,master
2387,2434,2410,-47,4821,master
2470,2384,2427,86,4854,master
2436,2539,2487,-103,4975,master
1919,2175,2047,-256,4094,novice
2429,2707,2568,-278,5136,grandmaster
2392,1952,2172,440,4344,average
2468,2330,2399,138,4798,master
2205,2329,2267,-124,4534,average
2295,1959,2127,336,4254,average
2563,2429,2496,134,4992,master
2690,2591,2640,99,5281,grandmaster
2495,2499,2497,-4,4994,master
2043,2067,2055,-24,4110,novice
2552,2247,2399,305,4799,master
2210,2451,2330,-241,4661,master
2242,2488,2365,-246,4730,master
2570,2417,2493,153,4987,master
2423,2300,2361,123,4723,master
1990,1844,1917,146,3834,novice
2642,2307,2474,335,4949,master
2325,2520,2422,-195,4845,master
2082,2218,2150,-136,4300,average
2493,2586,2539,-93,5079,grandmaster
2568,2398,2483,170,4966,master
2531,2499,2515,32,5030,grandmaster
2205,2415,2310,-210,4620,master
2382,2377,2379,5,4759,master
2700,2609,2654,91,5309,grandmaster
2372,2176,2274,196,4548,average
2355,2664,2509,-309,5019,grandmaster
2345,2418,2381,-73,4763,master
2156,2545,2350,-389,4701,master
2140,2326,2233,-186,4466,average
2258,2178,2218,80,4436,average
2145,2215,2180,-70,4360,average
2121,2256,2188,-135,4377,average
2335,2356,2345,-21,4691,master
2223,2293,2258,-70,4516,average
2270,2301,2285,-31,4571,average
2290,2603,2446,-313,4893,master
2595,2598,2596,-3,5193,grandmaster
2159,2374,2266,-215,4533,average
2815,2771,2793,44,5586,grandmaster
2586,2323,2454,263,4909,master
2388,2410,2399,-22,4798,master
2133,2304,2218,-171,4437,average
2550,2603,2576,-53,5153,grandmaster
2541,2500,2520,41,5041,grandmaster
2537,2404,2470,133,4941,master
2312,2506,2409,-194,4818,master
2114,1955,2034,159,4069,novice
2037,2170,2103,-133,4207,average
2341,2328,2334,13,4669,master
2242,2406,2324,-164,4648,master
2198,2437,2317,-239,4635,master
2196,2263,2229,-67,4459,average
2353,2295,2324,58,4648,master
2279,2410,2344,-131,4689,master
2568,2534,2551,34,5102,grandmaster
2215,2343,2279,-128,4558,average
2148,1852,2000,296,4000,novice
2491,2372,2431,119,4863,master
2383,2476,2429,-93,4859,master
2483,2457,2470,26,4940,master
2682,2611,2646,71,5293,grandmaster
2618,2097,2357,521,4715,master
2397,2389,2393,8,4786,master
2514,2303,2408,211,4817,master
2787,2644,2715,143,5431,grandmaster
2016,1831,1923,185,3847,novice
2467,2421,2444,46,4888,master
2713,2614,2663,99,5327,grandmaster
2208,2305,2256,-97,4513,average
2209,2501,2355,-292,4710,master
2471,2788,2629,-317,5259,grandmaster
2498,2712,2605,-214,5210,grandmaster
2466,2472,2469,-6,4938,master
2109,2431,2270,-322,4540,average
2476,2353,2414,123,4829,master
2440,2254,2347,186,4694,master
2437,2421,2429,16,4858,master
2663,2602,2632,61,5265,grandmaster
2532,2124,2328,408,4656,master
2214,2111,2162,103,4325,average
2256,2067,2161,189,4323,average
2369,2471,2420,-102,4840,master
2591,2649,2620,-58,5240,grandmaster
2419,2641,2530,-222,5060,grandmaster
2340,2223,2281,117,4563,average
2537,2229,2383,308,4766,master
1864,2141,2002,-277,4005,novice
2431,2481,2456,-50,4912,master
2566,2623,2594,-57,5189,grandmaster
2260,2399,2329,-139,4659,master
2337,2414,2375,-77,4751,master
2273,2478,2375,-205,4751,master
2509,2501,2505,8,5010,grandmaster
2472,2544,2508,-72,5016,grandmaster
2241,2255,2248,-14,4496,average
2587,2244,2415,343,4831,master
2305,2477,2391,-172,4782,master
2560,2555,2557,5,5115,grandmaster
2426,2018,2222,408,4444,average
2393,2180,2286,213,4573,average
2332,2299,2315,33,4631,master
2163,1937,2050,226,4100,novice
2515,2354,2434,161,4869,master
2421,2578,2499,-157,4999,master
2199,2437,2318,-238,4636,master
2333,2538,2435,-205,4871,master
2283,2564,2423,-281,4847,master
2285,2414,2349,-129,4699,master
2566,2482,2524,84,5048,grandmaster
2758,2724,2741,34,5482,grandmaster
2199,2006,2102,193,4205,average
2324,2135,2229,189,4459,average
2085,1812,1948,273,3897,novice
2552,2489,2520,63,5041,grandmaster
2592,2617,2604,-25,5209,grandmaster
2678,2702,2690,-24,5380,grandmaster
1938,2291,2114,-353,4229,average
2394,2006,2200,388,4400,average
2263,2539,2401,-276,4802,master
2297,2244,2270,53,4541,average
2326,2181,2253,145,4507,average
2733,2465,2599,268,5198,grandmaster
2342,2412,2377,-70,4754,master
2599,2540,2569,59,5139,grandmaster
2313,2167,2240,146,4480,average
2492,2282,2387,210,4774,master
2514,2627,2570,-113,5141,grandmaster
2572,2257,2414,315,4829,master
2110,2300,2205,-190,4410,average
2319,2175,2247,144,4494,average
2320,2385,2352,-65,4705,master
2429,2544,2486,-115,4973,master
2194,2579,2386,-385,4773,master
2119,2457,2288,-338,4576,average
2456,2484,2470,-28,4940,master
2429,2447,2438,-18,4876,master
2004,2437,2220,-433,4441,average
1816,2182,1999,-366,3998,novice
2100,2412,2256,-312,4512,average
2062,2104,2083,-42,4166,novice
2044,2167,2105,-123,4211,average
2403,2233,2318,170,4636,master
2627,2291,2459,336,4918,master
2251,2490,2370,-239,4741,master
2124,2012,2068,112,4136,novice
2203,2107,2155,96,4310,average
2352,2355,2353,-3,4707,master
2230,2258,2244,-28,4488,average
2381,2449,2415,-68,4830,master
1971,1907,1939,64,3878,novice
2404,2214,2309,190,4618,master
2569,2441,2505,128,5010,grandmaster
2713,2717,2715,-4,5430,grandmaster
2237,2240,2238,-3,4477,average
2450,2535,2492,-85,4985,master
2271,2202,2236,69,4473,average
2549,2411,2480,138,4960,master
1808,2114,1961,-306,3922,novice
2514,2514,2514,0,5028,grandmaster
2388,2196,2292,192,4584,average
2499,2232,2365,267,4731,master
2837,2738,2787,99,5575,grandmaster
2226,2404,2315,-178,4630,master
2131,2521,2326,-390,4652,master
2373,1940,2156,433,4313,average
2224,2394,2309,-170,4618,master
2386,2314,2350,72,4700,master
2441,2470,2455,-29,4911,master
2425,2575,2500,-150,5000,master
2466,2423,2444,43,4889,master
2260,2304,2282,-44,4564,average
2429,2386,2407,43,4815,master
2419,2562,2490,-143,4981,master
2202,2296,2249,-94,4498,average
2029,2229,2129,-200,4258,average
2399,2305,2352,94,4704,master
2048,1935,1991,113,3983,novice
2400,2484,2442,-84,4884,master
2409,2399,2404,10,4808,master
2596,2569,2582,27,5165,grandmaster
2129,2076,2102,53,4205,average
2400,2145,2272,255,4545,average
2046,2292,2169,-246,4338,average
2493,2517,2505,-24,5010,grandmaster
2343,2093,2218,250,4436,average
2342,2559,2450,-217,4901,master
2611,2521,2566,90,5132,grandmaster
1978,2326,2152,-348,4304,average
2622,2549,2585,73,5171,grandmaster
2455,2285,2370,170,4740,master
2486,2242,2364,244,4728,master
2220,2328,2274,-108,4548,average
2320,2472,2396,-152,4792,master
2540,2669,2604,-129,5209,grandmaster
2383,2560,2471,-177,4943,master
2059,2209,2134,-150,4268,average
2219,2040,2129,179,4259,average
2532,2482,2507,50,5014,grandmaster
2409,2587,2498,-178,4996,master
2315,2376,2345,-61,4691,master
1966,2361,2163,-395,4327,average
2488,2310,2399,178,4798,master
2354,2530,2442,-176,4884,master
2186,1994,2090,192,4180,novice
2705,2618,2661,87,5323,grandmaster
2458,2521,2489,-63,4979,master
2596,2501,2548,95,5097,grandmaster
2326,2387,2356,-61,4713,master
1979,1782,1880,197,3761,novice
2361,2377,2369,-16,4738,master
2602,2068,2335,534,4670,master
2195,2586,2390,-391,4781,master
2510,2552,2531,-42,5062,grandmaster
2145,2216,2180,-71,4361,average
2325,2253,2289,72,4578,average
2570,2556,2563,14,5126,grandmaster
2440,2174,2307,266,4614,master
1951,2182,2066,-231,4133,novice
2317,2100,2208,217,4417,average
1982,2148,2065,-166,4130,novice
2316,2258,2287,58,4574,average
2247,2567,2407,-320,4814,master
2476,2344,2410,132,4820,master
2406,2202,2304,204,4608,master
2368,2418,2393,-50,4786,master
2221,2557,2389,-336,4778,master
2165,2489,2327,-324,4654,master
2276,2628,2452,-352,4904,master
2142,1981,2061,161,4123,novice
2376,2360,2368,16,4736,master
2661,2576,2618,85,5237,grandmaster
2506,2600,2553,-94,5106,grandmaster
2120,2245,2182,-125,4365,average
2366,2313,2339,53,4679,master
2511,2616,2563,-105,5127,grandmaster
2410,2429,2419,-19,4839,master
1923,2408,2165,-485,4331,average
2509,2248,2378,261,4757,master
2486,2389,2437,97,4875,master
2365,2249,2307,116,4614,master
2641,2503,2572,138,5144,grandmaster
2489,2714,2601,-225,5203,grandmaster
2295,2494,2394,-199,4789,master
2311,2512,2411,-201,4823,master
2469,2400,2434,69,4869,master
1929,2254,2091,-325,4183,novice
2552,2378,2465,174,4930,master
2058,1799,1928,259,3857,novice
2108,2315,2211,-207,4423,average
2601,2306,2453,295,4907,master
2464,2563,2513,-99,5027,grandmaster
2562,2497,2529,65,5059,grandmaster
1869,2031,1950,-162,3900,novice
2457,2396,2426,61,4853,master
1979,2238,2108,-259,4217,average
2151,2252,2201,-101,4403,average
2209,2337,2273,-128,4546,average
2482,2221,2351,261,4703,master
2271,2386,2328,-115,4657,master
2239,2021,2130,218,4260,average
2410,2098,2254,312,4508,average
2180,2539,2359,-359,4719,master
2554,2318,2436,236,4872,master
2677,2140,2408,537,4817,master
2508,2435,2471,73,4943,master
2416,2379,2397,37,4795,master
2092,2193,2142,-101,4285,average
2115,1912,2013,203,4027,novice
2785,2736,2760,49,5521,grandmaster
2472,2432,2452,40,4904,master
2370,2460,2415,-90,4830,master
2216,2412,2314,-196,4628,master
2288,2645,2466,-357,4933,master
1963,2139,2051,-176,4102,novice
2628,2595,2611,33,5223,grandmaster
2157,1839,1998,318,3996,novice
2289,2290,2289,-1,4579,average
2404,2454,2429,-50,4858,master
1943,2449,2196,-506,4392,average
2474,2307,2390,167,4781,master
2536,2361,2448,175,4897,master
2626,2621,2623,5,5247,grandmaster
2575,2634,2604,-59,5209,grandmaster
2602,2029,2315,573,4631,master
2303,2376,2339,-73,4679,master
1981,2187,2084,-206,4168,novice
2575,2304,2439,271,4879,master
2670,2185,2427,485,4855,master
2567,2577,2572,-10,5144,grandmaster
2505,2263,2384,242,4768,master
2577,2452,2514,125,5029,grandmaster
2651,2673,2662,-22,5324,grandmaster
2001,1979,1990,22,3980,novice
2338,2334,2336,4,4672,master
2443,2438,2440,5,4881,master
2140,1999,2069,141,4139,novice
2205,2401,2303,-196,4606,master
2117,2316,2216,-199,4433,average
2562,2353,2457,209,4915,master
2207,2120,2163,87,4327,average
2620,2380,2500,240,5000,master
2391,2471,2431,-80,4862,master
2512,2569,2540,-57,5081,grandmaster
2433,2199,2316,234,4632,master
2381,2621,2501,-240,5002,grandmaster
2455,2052,2253,403,4507,average
2639,2578,2608,61,5217,grandmaster
2619,2456,2537,163,5075,grandmaster
2174,1868,2021,306,4042,novice
2334,2220,2277,114,4554,average
2408,2238,2323,170,4646,master
2518,2342,2430,176,4860,master
2531,2400,2465,131,4931,master
2672,2658,2665,14,5330,grandmaster
2407,2343,2375,64,4750,master
2169,1824,1996,345,3993,novice
2532,2373,2452,159,4905,master
2554,2444,2499,110,4998,master
2427,2583,2505,-156,5010,grandmaster
2370,2471,2420,-101,4841,master
2389,2366,2377,23,4755,master
2109,1941,2025,168,4050,novice
2239,2398,2318,-159,4637,master
2073,2234,2153,-161,4307,average
2288,1753,2020,535,4041,novice
2616,2340,2478,276,4956,master
2460,2202,2331,258,4662,master
1920,2513,2216,-593,4433,average
1920,1598,1759,322,3518,novice
2139,2217,2178,-78,4356,average
2509,2174,2341,335,4683,master
2554,2556,2555,-2,5110,grandmaster
2718,2581,2649,137,5299,grandmaster
2129,2275,2202,-146,4404,average
2580,2314,2447,266,4894,master
2132,2081,2106,51,4213,average
2502,2563,2532,-61,5065,grandmaster
2372,2559,2465,-187,4931,master
2506,2239,2372,267,4745,master
2107,2300,2203,-193,4407,average
2171,2364,2267,-193,4535,average
2449,2323,2386,126,4772,master
2511,2377,2444,134,4888,master
2468,2491,2479,-23,4959,master
2351,2571,2461,-220,4922,master
2587,2462,2524,125,5049,grandmaster
2348,2359,2353,-11,4707,master
2224,2456,2340,-232,4680,master
2257,2367,2312,-110,4624,master
2224,2205,2214,19,4429,average
2485,2507,2496,-22,4992,master
2120,2110,2115,10,4230,average
2318,2206,2262,112,4524,average
2064,2202,2133,-138,4266,average
2130,2184,2157,-54,4314,average
2063,2522,2292,-459,4585,average
2303,2222,2262,81,4525,average
2139,1928,2033,211,4067,novice
2460,2457,2458,3,4917,master
2222,2402,2312,-180,4624,master
2262,2034,2148,228,4296,average
2205,2275,2240,-70,4480,average
2235,2390,2312,-155,4625,master
2233,2295,2264,-62,4528,average
2453,2437,2445,16,4890,master
2326,2523,2424,-197,4849,master
2473,2172,2322,301,4645,master
2534,2387,2460,147,4921,master
2223,2246,2234,-23,4469,average
2585,1965,2275,620,4550,average
2321,2501,2411,-180,4822,master
2407,2378,2392,29,4785,master
2732,2769,2750,-37,5501,grandmaster
2327,1799,2063,528,4126,novice
2508,2202,2355,306,4710,master
2094,2369,2231,-275,4463,average
2506,2390,2448,116,4896,master
2308,2352,2330,-44,4660,master
2520,2213,2366,307,4733,master
2581,2288,2434,293,4869,master
2386,2255,2320,131,4641,master
2308,2349,2328,-41,4657,master
2054,2206,2130,-152,4260,average
2334,2339,2336,-5,4673,master
1946,1696,1821,250,3642,novice
2629,2336,2482,293,4965,master
1908,2483,2195,-575,4391,average
2567,2507,2537,60,5074,grandmaster
2086,2571,2328,-485,4657,master
2443,2368,2405,75,4811,master
2421,2570,2495,-149,4991,master
2108,2383,2245,-275,4491,average
2241,2129,2185,112,4370,average
2721,2500,2610,221,5221,grandmaster
2066,1950,2008,116,4016,novice
2447,2520,2483,-73,4967,master
2141,2284,2212,-143,4425,average
2458,2308,2383,150,4766,master
2602,2539,2570,63,5141,grandmaster
1827,1932,1879,-105,3759,novice
2373,2592,2482,-219,4965,master
2460,2017,2238,443,4477,average
2379,2089,2234,290,4468,average
2542,2632,2587,-90,5174,grandmaster
2418,2427,2422,-9,4845,master
1740,1944,1842,-204,3684,novice
2403,2580,2491,-177,4983,master
2267,2570,2418,-303,4837,master
2327,2308,2317,19,4635,master
2374,2322,2348,52,4696,master
2472,2627,2549,-155,5099,grandmaster
2285,2142,2213,143,4427,average
2528,2438,2483,90,4966,master
2741,2647,2694,94,5388,grandmaster
2339,2322,2330,17,4661,master
2287,2411,2349,-124,4698,master
1976,2201,2088,-225,4177,novice
2525,2394,2459,131,4919,master
2493,2448,2470,45,4941,master
2543,2556,2549,-13,5099,grandmaster
2356,2491,2423,-135,4847,master
1923,1821,1872,102,3744,novice
2250,2392,2321,-142,4642,master
2511,2550,2530,-39,5061,grandmaster
2521,2218,2369,303,4739,master
2300,2293,2296,7,4593,average
2153,2255,2204,-102,4408,average
2482,2502,2492,-20,4984,master
2478,2640,2559,-162,5118,grandmaster
2095,2175,2135,-80,4270,average
2596,2445,2520,151,5041,grandmaster
2614,2423,2518,191,5037,grandmaster
2557,2178,2367,379,4735,master
2382,2599,2490,-217,4981,master
2513,2438,2475,75,4951,master
2467,2660,2563,-193,5127,grandmaster
2448,2377,2412,71,4825,master
2652,2291,2471,361,4943,master
2655,2549,2602,106,5204,grandmaster
2004,2309,2156,-305,4313,average
2538,2547,2542,-9,5085,grandmaster
2479,2280,2379,199,4759,master
2709,2830,2769,-121,5539,grandmaster
2559,2326,2442,233,4885,master
2456,2495,2475,-39,4951,master
2304,2229,2266,75,4533,average
2027,1989,2008,38,4016,novice
2506,2590,2548,-84,5096,grandmaster
2317,2203,2260,114,4520,average
1926,1893,1909,33,3819,novice
2273,2259,2266,14,4532,average
2051,2171,2111,-120,4222,average
2525,2367,2446,158,4892,master
1808,2265,2036,-457,4073,novice
2518,2638,2578,-120,5156,grandmaster
2293,2516,2404,-223,4809,master
2197,2287,2242,-90,4484,average
2186,2600,2393,-414,4786,master
2334,2304,2319,30,4638,master
2368,2345,2356,23,4713,master
2469,2496,2482,-27,4965,master
2422,2259,2340,163,4681,master
2292,2441,2366,-149,4733,master
2362,2515,2438,-153,4877,master
2512,2402,2457,110,4914,master
2308,2460,2384,-152,4768,master
1866,2082,1974,-216,3948,novice
2689,2531,2610,158,5220,grandmaster
2409,2179,2294,230,4588,average
2183,2347,2265,-164,4530,average
2073,1751,1912,322,3824,novice
2526,2384,2455,142,4910,master
2601,2460,2530,141,5061,grandmaster
2449,2383,2416,66,4832,master
2482,2623,2552,-141,5105,grandmaster
2320,2471,2395,-151,4791,master
2600,2442,2521,158,5042,grandmaster
2472,2605,2538,-133,5077,grandmaster
2538,2646,2592,-108,5184,grandmaster
2516,2323,2419,193,4839,master
2222,2144,2183,78,4366,average
2103,2208,2155,-105,4311,average
2346,2431,2388,-85,4777,master
2364,2350,2357,14,4714,master
2291,2421,2356,-130,4712,master
2693,2749,2721,-56,5442,grandmaster
2115,2441,2278,-326,4556,average
2002,2366,2184,-364,4368,average
2487,2373,2430,114,4860,master
2217,2557,2387,-340,4774,master
2539,2268,2403,271,4807,master
2676,2471,2573,205,5147,grandmaster
2254,2410,2332,-156,4664,master
2419,2669,2544,-250,5088,grandmaster
2561,2709,2635,-148,5270,grandmaster
1929,1630,1779,299,3559,novice
2463,2337,2400,126,4800,master
2263,2404,2333,-141,4667,master
2446,2288,2367,158,4734,master
2382,2512,2447,-130,4894,master
2419,2287,2353,132,4706,master
2516,2401,2458,115,4917,master
2146,2390,2268,-244,4536,average
2586,2415,2500,171,5001,master
2460,2290,2375,170,4750,master
2429,2566,2497,-137,4995,master
2443,2252,2347,191,4695,master
2339,2563,2451,-224,4902,master
2747,2683,2715,64,5430,grandmaster
2108,2286,2197,-178,4394,average
2311,2295,2303,16,4606,master
2155,2441,2298,-286,4596,average
2400,2549,2474,-149,4949,master
2234,2500,2367,-266,4734,master
2358,2132,2245,226,4490,average
2273,2435,2354,-162,4708,master
2671,2437,2554,234,5108,grandmaster
2430,2546,2488,-116,4976,master
2535,2147,2341,388,4682,master
2463,2213,2338,250,4676,master
2419,2352,2385,67,4771,master
2459,2394,2426,65,4853,master
1563,1716,1639,-153,3279,novice
2326,2255,2290,71,4581,average
2628,2579,2603,49,5207,grandmaster
1944,2188,2066,-244,4132,novice
2191,2275,2233,-84,4466,average
2342,2483,2412,-141,4825,master
2621,2587,2604,34,5208,grandmaster
2501,2560,2530,-59,5061,grandmaster
2325,2167,2246,158,4492,average
2355,2373,2364,-18,4728,master
2635,2672,2653,-37,5307,grandmaster
2492,2257,2374,235,4749,master
2190,2406,2298,-216,4596,average
2207,2428,2317,-221,4635,master
1899,2527,2213,-628,4426,average
1980,2155,2067,-175,4135,novice
2323,2553,2438,-230,4876,master
2153,2478,2315,-325,4631,master
2264,2503,2383,-239,4767,master
2153,2129,2141,24,4282,average
2499,2274,2386,225,4773,master
2272,2048,2160,224,4320,average
2400,2315,2357,85,4715,master
2378,2377,2377,1,4755,master
2125,2258,2191,-133,4383,average
2362,2354,2358,8,4716,master
2395,2508,2451,-113,4903,master
2430,2275,2352,155,4705,master
2571,2474,2522,97,5045,grandmaster
2430,2506,2468,-76,4936,master
2314,2542,2428,-228,4856,master
2298,2165,2231,133,4463,average
2137,2002,2069,135,4139,novice
2626,2545,2585,81,5171,grandmaster
2496,2142,2319,354,4638,master
2367,2134,2250,233,4501,average
2212,2489,2350,-277,4701,master
2328,2140,2234,188,4468,average
2241,2367,2304,-126,4608,master
2546,2143,2344,403,4689,master
2183,2021,2102,162,4204,average
2215,2470,2342,-255,4685,master
2410,2216,2313,194,4626,master
2549,2301,2425,248,4850,master
2351,2387,2369,-36,4738,master
2271,2348,2309,-77,4619,master
2413,2417,2415,-4,4830,master
2354,2561,2457,-207,4915,master
2379,2358,2368,21,4737,master
2557,2382,2469,175,4939,master
2254,1707,1980,547,3961,novice
2100,2211,2155,-111,4311,average
1992,1809,1900,183,3801,novice
2425,2256,2340,169,4681,master
2434,2558,2496,-124,4992,master
2246,2401,2323,-155,4647,master
2713,2782,2747,-69,5495,grandmaster
2551,2332,2441,219,4883,master
2100,1952,2026,148,4052,novice
2351,2363,2357,-12,4714,master
2366,2239,2302,127,4605,master
2368,2604,2486,-236,4972,master
2627,2504,2565,123,5131,grandmaster
2381,2130,2255,251,4511,average
2436,2032,2234,404,4468,average
2423,2224,2323,199,4647,master
2422,2351,2386,71,4773,master
2123,1944,2033,179,4067,novice
2548,2557,2552,-9,5105,grandmaster
2168,2249,2208,-81,4417,average
2636,2441,2538,195,5077,grandmaster
2474,2223,2348,251,4697,master
2538,2307,2422,231,4845,master
2371,2509,2440,-138,4880,master
2496,2196,2346,300,4692,master
2709,2536,2622,173,5245,grandmaster
2368,2304,2336,64,4672,master
2554,2287,2420,267,4841,master
2180,2219,2199,-39,4399,average
2443,2370,2406,73,4813,master
2006,2420,2213,-414,4426,average
2395,2392,2393,3,4787,master
2458,2499,2478,-41,4957,master
2381,2500,2440,-119,4881,master
2295,2451,2373,-156,4746,master
2161,2215,2188,-54,4376,average
2207,2386,2296,-179,4593,average
2269,2469,2369,-200,4738,master
2070,2319,2194,-249,4389,average
2276,2622,2449,-346,4898,master
2460,2525,2492,-65,4985,master
2463,2495,2479,-32,4958,master
2471,2336,2403,135,4807,master
1962,2131,2046,-169,4093,novice
2637,2713,2675,-76,5350,grandmaster
2504,2306,2405,198,4810,master
2514,2318,2416,196,4832,master
2598,2335,2466,263,4933,master
2602,2741,2671,-139,5343,grandmaster
2247,2345,2296,-98,4592,average
2270,2375,2322,-105,4645,master
2160,2308,2234,-148,4468,average
2591,2230,2410,361,4821,master
2104,2220,2162,-116,4324,average
2365,2644,2504,-279,5009,grandmaster
2419,2069,2244,350,4488,average
2273,2124,2198,149,4397,average
2449,2315,2382,134,4764,master
2092,1945,2018,147,4037,novice
2401,2306,2353,95,4707,master
2575,2700,2637,-125,5275,grandmaster
2464,2509,2486,-45,4973,master
2189,2447,2318,-258,4636,master
2277,2650,2463,-373,4927,master
2444,2510,2477,-66,4954,master
2382,2005,2193,377,4387,average
2565,2546,2555,19,5111,grandmaster
2427,2564,2495,-137,4991,master
2250,2265,2257,-15,4515,average
2523,2516,2519,7,5039,grandmaster
2304,2116,2210,188,4420,average
2147,2350,2248,-203,4497,average
2099,2281,2190,-182,4380,average
2506,2195,2350,311,4701,master
2630,2616,2623,14,5246,grandmaster
2464,2698,2581,-234,5162,grandmaster
2632,2588,2610,44,5220,grandmaster
2172,2617,2394,-445,4789,master
2375,2037,2206,338,4412,average
2482,2276,2379,206,4758,master
2473,2554,2513,-81,5027,grandmaster
2473,2407,2440,66,4880,master
2240,2250,2245,-10,4490,average
2595,2562,2578,33,5157,grandmaster
2297,2210,2253,87,4507,average
2428,2584,2506,-156,5012,grandmaster
2274,2284,2279,-10,4558,average
2460,2278,2369,182,4738,master
2186,2335,2260,-149,4521,average
1842,2583,2212,-741,4425,average
2515,2450,2482,65,4965,master
2529,2417,2473,112,4946,master
2508,2408,2458,100,4916,master
2517,2294,2405,223,4811,master
2556,2249,2402,307,4805,master
2236,1852,2044,384,4088,novice
2727,2772,2749,-45,5499,grandmaster
2524,2628,2576,-104,5152,grandmaster
2339,2078,2208,261,4417,average
2443,2416,2429,27,4859,master
2065,2203,2134,-138,4268,average
1846,2244,2045,-398,4090,novice
2073,2292,2182,-219,4365,average
2003,2138,2070,-135,4141,novice
2587,2405,2496,182,4992,master
2227,2388,2307,-161,4615,master
1961,2531,2246,-570,4492,average
2514,2602,2558,-88,5116,grandmaster
2258,2275,2266,-17,4533,average
2654,2445,2549,209,5099,grandmaster
2548,2410,2479,138,4958,master
2417,2655,2536,-238,5072,grandmaster
2454,2183,2318,271,4637,master
1633,1764,1698,-131,3397,novice
2407,2112,2259,295,4519,average
2317,2365,2341,-48,4682,master
2081,2216,2148,-135,4297,average
2364,2508,2436,-144,4872,master
1926,2308,2117,-382,4234,average
1916,2036,1976,-120,3952,novice
2515,2418,2466,97,4933,master
2389,2126,2257,263,4515,average
2027,1955,1991,72,3982,novice
2417,2581,2499,-164,4998,master
2515,2277,2396,238,4792,master
2303,2503,2403,-200,4806,master
2355,2465,2410,-110,4820,master
2683,2248,2465,435,4931,master
2015,1608,1811,407,3623,novice
2200,2169,2184,31,4369,average
2477,2301,2389,176,4778,master
2239,1959,2099,280,4198,novice
2527,2218,2372,309,4745,master
2064,1962,2013,102,4026,novice
2518,2253,2385,265,4771,master
2490,2209,2349,281,4699,master
2741,2862,2801,-121,5603,grandmaster
2473,2364,2418,109,4837,master
2327,2449,2388,-122,4776,master
2549,2606,2577,-57,5155,grandmaster
2279,2641,2460,-362,4920,master
2382,2165,2273,217,4547,average
1747,1912,1829,-165,3659,novice
2013,2305,2159,-292,4318,average
2350,2262,2306,88,4612,master
2340,2330,2335,10,4670,master
2276,2395,2335,-119,4671,master
2564,2500,2532,64,5064,grandmaster
2400,2277,2338,123,4677,master
2018,1996,2007,22,4014,novice
2520,2498,2509,22,5018,grandmaster
2586,2383,2484,203,4969,master
2382,2129,2255,253,4511,average
2511,2104,2307,407,4615,master
2266,2177,2221,89,4443,average
2242,2053,2147,189,4295,average
1961,2162,2061,-201,4123,novice
2608,2391,2499,217,4999,master
2557,2387,2472,170,4944,master
2303,2270,2286,33,4573,average
2393,2564,2478,-171,4957,master
2494,2216,2355,278,4710,master
2448,2388,2418,60,4836,master
2565,2204,2384,361,4769,master
2347,2229,2288,118,4576,average
2310,2640,2475,-330,4950,master
2491,2427,2459,64,4918,master
2339,2430,2384,-91,4769,master
2291,2556,2423,-265,4847,master
2486,2232,2359,254,4718,master
2270,2142,2206,128,4412,average
2319,2527,2423,-208,4846,master
2708,2482,2595,226,5190,grandmaster
2531,2354,2442,177,4885,master
2793,2767,2780,26,5560,grandmaster
2278,2197,2237,81,4475,average
2206,2470,2338,-264,4676,master
2375,2375,2375,0,4750,master
2539,2300,2419,239,4839,master
2205,2415,2310,-210,4620,master
2413,2198,2305,215,4611,master
2124,2285,2204,-161,4409,average
2182,2406,2294,-224,4588,average
2268,2532,2400,-264,4800,master
2366,2184,2275,182,4550,average
2291,2102,2196,189,4393,average
2379,2325,2352,54,4704,master
2156,2267,2211,-111,4423,average
1792,2069,1930,-277,3861,novice
2465,2514,2489,-49,4979,master
2425,2295,2360,130,4720,master
2040,2272,2156,-232,4312,average
2230,2303,2266,-73,4533,average
2449,2578,2513,-129,5027,grandmaster
2135,2394,2264,-259,4529,average
2617,2530,2573,87,5147,grandmaster
2451,2395,2423,56,4846,master
2196,2663,2429,-467,4859,master
2736,2773,2754,-37,5509,grandmaster
2348,2272,2310,76,4620,master
2350,2583,2466,-233,4933,master
2361,2262,2311,99,4623,master
2569,2426,2497,143,4995,master
1808,2007,1907,-199,3815,novice
2264,2502,2383,-238,4766,master
2412,2457,2434,-45,4869,master
2328,2123,2225,205,4451,average
2190,2465,2327,-275,4655,master
2262,2450,2356,-188,4712,master
2556,2457,2506,99,5013,grandmaster
2544,2458,2501,86,5002,grandmaster
2062,2476,2269,-414,4538,average
2296,2450,2373,-154,4746,master
2523,2093,2308,430,4616,master
2428,2416,2422,12,4844,master
2326,2296,2311,30,4622,master
2547,2419,2483,128,4966,master
2442,2650,2546,-208,5092,grandmaster
2475,2616,2545,-141,5091,grandmaster
2273,2554,2413,-281,4827,master
2312,2554,2433,-242,4866,master
2436,2426,2431,10,4862,master
2354,2381,2367,-27,4735,master
2334,2425,2379,-91,4759,master
2577,2339,2458,238,4916,master
2055,2365,2210,-310,4420,average
2096,2504,2300,-408,4600,average
2593,2528,2560,65,5121,grandmaster
2209,2411,2310,-202,4620,master
2489,2188,2338,301,4677,master
2058,2201,2129,-143,4259,average
2083,2197,2140,-114,4280,average
2536,2494,2515,42,5030,grandmaster
2067,2266,2166,-199,4333,average
2338,2445,2391,-107,4783,master
2465,2301,2383,164,4766,master
1944,2303,2123,-359,4247,average
2486,2430,2458,56,4916,master
2696,2412,2554,284,5108,grandmaster
2617,2463,2540,154,5080,grandmaster
2122,2405,2263,-283,4527,average
2010,2278,2144,-268,4288,average
2727,2378,2552,349,5105,grandmaster
2526,2558,2542,-32,5084,grandmaster
2434,2277,2355,157,4711,master
2508,2321,2414,187,4829,master
2365,2409,2387,-44,4774,master
2287,2448,2367,-161,4735,master
2456,2115,2285,341,4571,average
2215,2460,2337,-245,4675,master
2331,2014,2172,317,4345,average
2626,2371,2498,255,4997,master
2463,2264,2363,199,4727,master
2434,2482,2458,-48,4916,master
2060,2487,2273,-427,4547,average
2408,2126,2267,282,4534,average
2582,2504,2543,78,5086,grandmaster
2577,2549,2563,28,5126,grandmaster
2493,2429,2461,64,4922,master
2262,2483,2372,-221,4745,master
2000,2235,2117,-235,4235,average
2356,2468,2412,-112,4824,master
2069,2319,2194,-250,4388,average
2577,2479,2528,98,5056,grandmaster
2205,2029,2117,176,4234,average
2187,1968,2077,219,4155,novice
2560,2295,2427,265,4855,master
2297,2046,2171,251,4343,average
2609,2696,2652,-87,5305,grandmaster
2473,2629,2551,-156,5102,grandmaster
1756,2075,1915,-319,3831,novice
2638,2410,2524,228,5048,grandmaster
2631,2674,2652,-43,5305,grandmaster
2286,2237,2261,49,4523,average
2261,2392,2326,-131,4653,master
2590,2168,2379,422,4758,master
2053,1943,1998,110,3996,novice
2384,2513,2448,-129,4897,master
2361,2617,2489,-256,4978,master
1910,2157,2033,-247,4067,novice
2345,2257,2301,88,4602,master
2408,2236,2322,172,4644,master
2769,2687,2728,82,5456,grandmaster
2216,2505,2360,-289,4721,master
2371,2507,2439,-136,4878,master
2616,2533,2574,83,5149,grandmaster
2336,2482,2409,-146,4818,master
2243,2386,2314,-143,4629,master
2719,2564,2641,155,5283,grandmaster
2174,1971,2072,203,4145,novice
2545,2442,2493,103,4987,master
2720,2764,2742,-44,5484,grandmaster
2488,2577,2532,-89,5065,grandmaster
2651,2372,2511,279,5023,grandmaster
2226,2433,2329,-207,4659,master
2231,2352,2291,-121,4583,average
2424,2328,2376,96,4752,master
2340,2559,2449,-219,4899,master
2310,2416,2363,-106,4726,master
1867,2089,1978,-222,3956,novice
2579,2710,2644,-131,5289,grandmaster
2504,2642,2573,-138,5146,grandmaster
2493,2569,2531,-76,5062,grandmaster
2113,2198,2155,-85,4311,average
2295,2392,2343,-97,4687,master
2388,2203,2295,185,4591,average
2491,2293,2392,198,4784,master
1891,2313,2102,-422,4204,average
2212,2350,2281,-138,4562,average
2420,1823,2121,597,4243,average
2554,2564,2559,-10,5118,grandmaster
2377,2344,2360,33,4721,master
1725,2361,2043,-636,4086,novice
2098,1917,2007,181,4015,novice
2290,2063,2176,227,4353,average
2646,2389,2517,257,5035,grandmaster
1718,1951,1834,-233,3669,novice
2585,2374,2479,211,4959,master
2069,1948,2008,121,4017,novice
2383,2570,2476,-187,4953,master
2003,2165,2084,-162,4168,novice
2801,2330,2565,471,5131,grandmaster
2458,2120,2289,338,4578,average
2373,2630,2501,-257,5003,grandmaster
2308,2477,2392,-169,4785,master
2435,2450,2442,-15,4885,master
2222,2406,2314,-184,4628,master
2492,2549,2520,-57,5041,grandmaster
1903,1979,1941,-76,3882,novice
1861,2144,2002,-283,4005,novice
2481,2445,2463,36,4926,master
2476,2447,2461,29,4923,master
1938,2399,2168,-461,4337,average
2380,2233,2306,147,4613,master
2255,1996,2125,259,4251,average
2194,2294,2244,-100,4488,average
2347,2608,2477,-261,4955,master
2376,2236,2306,140,4612,master
2512,2414,2463,98,4926,master
2188,2315,2251,-127,4503,average
2363,2418,2390,-55,4781,master
2392,1936,2164,456,4328,average
2367,2460,2413,-93,4827,master
2321,2454,2387,-133,4775,master
2284,2236,2260,48,4520,average
2005,2137,2071,-132,4142,novice
2029,2148,2088,-119,4177,novice
2418,2142,2280,276,4560,average
2043,2219,2131,-176,4262,average
2241,2594,2417,-353,4835,master
2491,2331,2411,160,4822,master
2139,2399,2269,-260,4538,average
2534,2350,2442,184,4884,master
2378,2437,2407,-59,4815,master
2482,2536,2509,-54,5018,grandmaster
2575,2270,2422,305,4845,master
2005,1880,1942,125,3885,novice
2634,2558,2596,76,5192,grandmaster
2511,2335,2423,176,4846,master
2651,2488,2569,163,5139,grandmaster
2607,2660,2633,-53,5267,grandmaster
2358,2361,2359,-3,4719,master
2544,2059,2301,485,4603,master
2638,2616,2627,22,5254,grandmaster
2338,2449,2393,-111,4787,master
2124,2507,2315,-383,4631,master
2268,2203,2235,65,4471,average
2109,2551,2330,-442,4660,master
2473,2490,2481,-17,4963,master
2609,2634,2621,-25,5243,grandmaster
2547,2291,2419,256,4838,master
2518,2268,2393,250,4786,master
2618,2406,2512,212,5024,grandmaster
2283,2441,2362,-158,4724,master
2305,2138,2221,167,4443,average
2455,2145,2300,310,4600,average
2061,2341,2201,-280,4402,average
2518,2456,2487,62,4974,master
2345,2522,2433,-177,4867,master
2358,2458,2408,-100,4816,master
2386,2609,2497,-223,4995,master
2579,2266,2422,313,4845,master
2254,2389,2321,-135,4643,master
2543,2264,2403,279,4807,master
2638,2682,2660,-44,5320,grandmaster
2452,2524,2488,-72,4976,master
2333,2401,2367,-68,4734,master
2449,2425,2437,24,4874,master
2247,2100,2173,147,4347,average
2010,2597,2303,-587,4607,master
2297,2238,2267,59,4535,average
2313,2593,2453,-280,4906,master
1868,1926,1897,-58,3794,novice
2383,2323,2353,60,4706,master
2475,2325,2400,150,4800,master
2350,2506,2428,-156,4856,master
1914,2139,2026,-225,4053,novice
2547,2377,2462,170,4924,master
2552,2378,2465,174,4930,master
2587,2444,2515,143,5031,grandmaster
2487,2208,2347,279,4695,master
2480,2368,2424,112,4848,master
2313,2547,2430,-234,4860,master
2500,2578,2539,-78,5078,grandmaster
2231,2385,2308,-154,4616,master
2473,2372,2422,101,4845,master
2448,2507,2477,-59,4955,master
2353,2600,2476,-247,4953,master
2481,2519,2500,-38,5000,master
2158,2003,2080,155,4161,novice
2010,1837,1923,173,3847,novice
2436,2569,2502,-133,5005,grandmaster
2150,2089,2119,61,4239,average
2477,2347,2412,130,4824,master
2206,2370,2288,-164,4576,average
2435,2351,2393,84,4786,master
2255,2002,2128,253,4257,average
2345,2659,2502,-314,5004,grandmaster
2460,2162,2311,298,4622,master
2493,2251,2372,242,4744,master
2234,2201,2217,33,4435,average
2514,2520,2517,-6,5034,grandmaster
2414,2246,2330,168,4660,master
2559,2438,2498,121,4997,master
2740,2579,2659,161,5319,grandmaster
2277,2410,2343,-133,4687,master
2415,2224,2319,191,4639,master
1969,2088,2028,-119,4057,novice
2190,2449,2319,-259,4639,master
2081,2478,2279,-397,4559,average
2025,2062,2043,-37,4087,novice
2344,2521,2432,-177,4865,master
2606,2382,2494,224,4988,master
2554,2174,2364,380,4728,master
2677,2745,2711,-68,5422,grandmaster
2278,2500,2389,-222,4778,master
1897,2042,1969,-145,3939,novice
2309,2457,2383,-148,4766,master
2183,2255,2219,-72,4438,average
1985,2013,1999,-28,3998,novice
2524,2461,2492,63,4985,master
2202,2309,2255,-107,4511,average
2455,2283,2369,172,4738,master
2293,2430,2361,-137,4723,master
2519,2314,2416,205,4833,master
2628,2105,2366,523,4733,master
2549,2427,2488,122,4976,master
2634,2557,2595,77,5191,grandmaster
2453,2503,2478,-50,4956,master
2559,2447,2503,112,5006,grandmaster
2263,2008,2135,255,4271,average
2296,2443,2369,-147,4739,master
2643,2447,2545,196,5090,grandmaster
2771,2632,2701,139,5403,grandmaster
2503,2446,2474,57,4949,master
2654,2640,2647,14,5294,grandmaster
2227,1832,2029,395,4059,novice
2493,2368,2430,125,4861,master
2515,2275,2395,240,4790,master
2480,2225,2352,255,4705,master
2122,2133,2127,-11,4255,average
2479,2549,2514,-70,5028,grandmaster
2394,2120,2257,274,4514,average
2305,2184,2244,121,4489,average
1821,2099,1960,-278,3920,novice
2437,2395,2416,42,4832,master
2536,2375,2455,161,4911,master
2154,2209,2181,-55,4363,average
2477,2258,2367,219,4735,master
2536,2389,2462,147,4925,master
2510,2198,2354,312,4708,master
2249,2379,2314,-130,4628,master
2152,2329,2240,-177,4481,average
2518,2293,2405,225,4811,master
2713,2658,2685,55,5371,grandmaster
2267,2046,2156,221,4313,average
2394,2078,2236,316,4472,average
2547,2452,2499,95,4999,master
2387,2253,2320,134,4640,master
1719,1836,1777,-117,3555,novice
2224,2523,2373,-299,4747,master
2518,2393,2455,125,4911,master
2511,2662,2586,-151,5173,grandmaster
2157,2666,2411,-509,4823,master
2501,2443,2472,58,4944,master
2289,2490,2389,-201,4779,master
2301,2525,2413,-224,4826,master
2617,2386,2501,231,5003,grandmaster
2480,2598,2539,-118,5078,grandmaster
2596,2490,2543,106,5086,grandmaster
1988,2257,2122,-269,4245,average
2366,2437,2401,-71,4803,master
2082,2219,2150,-137,4301,average
2333,2461,2397,-128,4794,master
2433,2220,2326,213,4653,master
2271,2343,2307,-72,4614,master
2055,2051,2053,4,4106,novice
2247,2418,2332,-171,4665,master
2252,2143,2197,109,4395,average
2635,2072,2353,563,4707,master
2548,2738,2643,-190,5286,grandmaster
2360,2263,2311,97,4623,master
1786,1974,1880,-188,3760,novice
2131,2303,2217,-172,4434,average
2186,2382,2284,-196,4568,average
2499,2220,2359,279,4719,master
2411,2459,2435,-48,4870,master
2438,2374,2406,64,4812,master
2176,2406,2291,-230,4582,average
1927,1965,1946,-38,3892,novice
2572,2393,2482,179,4965,master
2626,2277,2451,349,4903,master
2523,2390,2456,133,4913,master
2514,2405,2459,109,4919,master
2338,2108,2223,230,4446,average
2693,2458,2575,235,5151,grandmaster
2480,2350,2415,130,4830,master
2351,2360,2355,-9,4711,master
2300,2221,2260,79,4521,average
2350,2462,2406,-112,4812,master
2161,2031,2096,130,4192,novice
2535,2447,2491,88,4982,master
2308,2448,2378,-140,4756,master
2462,2429,2445,33,4891,master
2383,2476,2429,-93,4859,master
2344,2473,2408,-129,4817,master
2084,2187,2135,-103,4271,average
2375,2495,2435,-120,4870,master
2559,2486,2522,73,5045,grandmaster
2409,2477,2443,-68,4886,master
2203,2021,2112,182,4224,average
2236,2434,2335,-198,4670,master
2252,2475,2363,-223,4727,master
2318,2202,2260,116,4520,average
1875,1900,1887,-25,3775,novice
2296,2098,2197,198,4394,average
2308,2591,2449,-283,4899,master
2393,2263,2328,130,4656,master
1776,2093,1934,-317,3869,novice
2595,2268,2431,327,4863,master
2508,2534,2521,-26,5042,grandmaster
2251,2317,2284,-66,4568,average
2070,1731,1900,339,3801,novice
2151,1966,2058,185,4117,novice
2079,2533,2306,-454,4612,master
2587,2686,2636,-99,5273,grandmaster
2566,2365,2465,201,4931,master
2525,2091,2308,434,4616,master
2593,2579,2586,14,5172,grandmaster
2312,2414,2363,-102,4726,master
2368,2429,2398,-61,4797,master
2239,2287,2263,-48,4526,average
2468,2345,2406,123,4813,master
2287,2071,2179,216,4358,average
2152,2520,2336,-368,4672,master
2494,2307,2400,187,4801,master
2175,2360,2267,-185,4535,average
2433,2530,2481,-97,4963,master
2548,2412,2480,136,4960,master
2410,2572,2491,-162,4982,master
2570,2527,2548,43,5097,grandmaster
1971,2427,2199,-456,4398,average
2173,2283,2228,-110,4456,average
2322,2414,2368,-92,4736,master
2188,2277,2232,-89,4465,average
2221,2353,2287,-132,4574,average
2590,2390,2490,200,4980,master
1995,1926,1960,69,3921,novice
2342,2261,2301,81,4603,master
2366,2269,2317,97,4635,master
1889,1815,1852,74,3704,novice
2423,2508,2465,-85,4931,master
2284,2079,2181,205,4363,average
2407,2346,2376,61,4753,master
2438,2265,2351,173,4703,master
2294,2581,2437,-287,4875,master
2468,2549,2508,-81,5017,grandmaster
2406,2474,2440,-68,4880,master
1813,1611,1712,202,3424,novice
2425,2353,2389,72,4778,master
2202,2270,2236,-68,4472,average
2239,2416,2327,-177,4655,master
2458,2312,2385,146,4770,master
1555,1806,1680,-251,3361,novice
2656,2584,2620,72,5240,grandmaster
2461,2443,2452,18,4904,master
2312,2420,2366,-108,4732,master
2344,2503,2423,-159,4847,master
2502,2255,2378,247,4757,master
2268,2336,2302,-68,4604,master
2220,2260,2240,-40,4480,average
2353,2394,2373,-41,4747,master
2489,2412,2450,77,4901,master
2486,2490,2488,-4,4976,master
2505,2397,2451,108,4902,master
2536,2449,2492,87,4985,master
2609,2536,2572,73,5145,grandmaster
2423,2158,2290,265,4581,average
2698,2750,2724,-52,5448,grandmaster
2643,2474,2558,169,5117,grandmaster
1799,1698,1748,101,3497,novice
2382,1901,2141,481,4283,average
2803,2703,2753,100,5506,grandmaster
2247,2489,2368,-242,4736,master
2572,2441,2506,131,5013,grandmaster
2024,2189,2106,-165,4213,average
2315,2436,2375,-121,4751,master
2594,2199,2396,395,4793,master
2450,2298,2374,152,4748,master
2006,2225,2115,-219,4231,average
2520,2602,2561,-82,5122,grandmaster
2181,2280,2230,-99,4461,average
2710,2696,2703,14,5406,grandmaster
2430,2511,2470,-81,4941,master
2251,2599,2425,-348,4850,master
2259,2219,2239,40,4478,average
2480,2191,2335,289,4671,master
2279,2365,2322,-86,4644,master
2404,2135,2269,269,4539,average
2525,2508,2516,17,5033,grandmaster
2336,2540,2438,-204,4876,master
2290,2220,2255,70,4510,average
1976,2291,2133,-315,4267,average
2587,2198,2392,389,4785,master
2471,2547,2509,-76,5018,grandmaster
2417,2572,2494,-155,4989,master
2048,2286,2167,-238,4334,average
2439,2408,2423,31,4847,master
2231,2020,2125,211,4251,average
2344,2206,2275,138,4550,average
2239,2409,2324,-170,4648,master
2083,1880,1981,203,3963,novice
2490,2304,2397,186,4794,master
2683,2691,2687,-8,5374,grandmaster
2385,2297,2341,88,4682,master
1651,2230,1940,-579,3881,novice
2284,2424,2354,-140,4708,master
2621,2654,2637,-33,5275,grandmaster
2418,2505,2461,-87,4923,master
2663,2381,2522,282,5044,grandmaster
2354,2129,2241,225,4483,average
2409,2451,2430,-42,4860,master
2341,1998,2169,343,4339,average
2469,2511,2490,-42,4980,master
2353,2188,2270,165,4541,average
2329,2498,2413,-169,4827,master
1998,2334,2166,-336,4332,average
1940,2379,2159,-439,4319,average
2412,2463,2437,-51,4875,master
2328,2190,2259,138,4518,average
2500,2034,2267,466,4534,average
2091,2502,2296,-411,4593,average
2257,2511,2384,-254,4768,master
2445,2300,2372,145,4745,master
2187,2602,2394,-415,4789,master
2683,2081,2382,602,4764,master
2041,2239,2140,-198,4280,average
2501,2278,2389,223,4779,master
2458,2614,2536,-156,5072,grandmaster
2404,2722,2563,-318,5126,grandmaster
2359,2312,2335,47,4671,master
2334,2404,2369,-70,4738,master
2700,2647,2673,53,5347,grandmaster
1731,1696,1713,35,3427,novice
2437,2326,2381,111,4763,master
2501,2370,2435,131,4871,master
2522,2634,2578,-112,5156,grandmaster
2223,2478,2350,-255,4701,master
2430,2256,2343,174,4686,master
2339,1813,2076,526,4152,novice
2305,2402,2353,-97,4707,master
2385,1927,2156,458,4312,average
2104,2233,2168,-129,4337,average
2577,2521,2549,56,5098,grandmaster
2315,2584,2449,-269,4899,master
2569,2148,2358,421,4717,master
2081,2260,2170,-179,4341,average
2502,2535,2518,-33,5037,grandmaster
1939,2532,2235,-593,4471,average
2376,2187,2281,189,4563,average
2293,2465,2379,-172,4758,master
2143,2267,2205,-124,4410,average
2612,2304,2458,308,4916,master
2199,2331,2265,-132,4530,average
2236,2499,2367,-263,4735,master
2507,2404,2455,103,4911,master
2448,2523,2485,-75,4971,master
2492,2567,2529,-75,5059,grandmaster
2435,2574,2504,-139,5009,grandmaster
2639,2532,2585,107,5171,grandmaster
2277,2194,2235,83,4471,average
2313,2426,2369,-113,4739,master
2655,2705,2680,-50,5360,grandmaster
1870,2239,2054,-369,4109,novice
2260,2044,2152,216,4304,average
2864,2713,2788,151,5577,grandmaster
2625,1816,2220,809,4441,average
2509,2484,2496,25,4993,master
2337,2286,2311,51,4623,master
2538,2637,2587,-99,5175,grandmaster
2512,2402,2457,110,4914,master
2577,2613,2595,-36,5190,grandmaster
2420,2523,2471,-103,4943,master
2422,2432,2427,-10,4854,master
2423,2145,2284,278,4568,average
2506,2417,2461,89,4923,master
2216,2478,2347,-262,4694,master
2298,2357,2327,-59,4655,master
2350,2520,2435,-170,4870,master
2258,2376,2317,-118,4634,master
2568,2574,2571,-6,5142,grandmaster
2599,2368,2483,231,4967,master
2612,2290,2451,322,4902,master
2367,2239,2303,128,4606,master
2635,2378,2506,257,5013,grandmaster
2376,2480,2428,-104,4856,master
2319,2536,2427,-217,4855,master
2506,2619,2562,-113,5125,grandmaster
2549,2440,2494,109,4989,master
2485,2567,2526,-82,5052,grandmaster
2274,2394,2334,-120,4668,master
2509,2397,2453,112,4906,master
2255,2357,2306,-102,4612,master
2481,2274,2377,207,4755,master
2556,2364,2460,192,4920,master
2201,2409,2305,-208,4610,master
2169,2561,2365,-392,4730,master
2407,2370,2388,37,4777,master
2337,2264,2300,73,4601,average
2327,2034,2180,293,4361,average
2492,2468,2480,24,4960,master
2289,2171,2230,118,4460,average
2323,2241,2282,82,4564,average
2730,2641,2685,89,5371,grandmaster
2208,2216,2212,-8,4424,average
2530,2195,2362,335,4725,master
2712,2637,2674,75,5349,grandmaster
1788,2168,1978,-380,3956,novice
2363,2550,2456,-187,4913,master
2511,2180,2345,331,4691,master
2618,2526,2572,92,5144,grandmaster
1854,2229,2041,-375,4083,novice
2345,2100,2222,245,4445,average
2453,2279,2366,174,4732,master
2419,2500,2459,-81,4919,master
2261,2468,2364,-207,4729,master
2379,2586,2482,-207,4965,master
2259,2383,2321,-124,4642,master
2119,2132,2125,-13,4251,average
2186,2082,2134,104,4268,average
2218,2297,2257,-79,4515,average
2210,2365,2287,-155,4575,average
2042,1849,1945,193,3891,novice
2322,2016,2169,306,4338,average
2525,2313,2419,212,4838,master
2172,1917,2044,255,4089,novice
2358,2480,2419,-122,4838,master
2308,2430,2369,-122,4738,master
2131,1939,2035,192,4070,novice
2248,2478,2363,-230,4726,master
2705,2628,2666,77,5333,grandmaster
2071,1817,1944,254,3888,novice
2621,2688,2654,-67,5309,grandmaster
2573,2291,2432,282,4864,master
2140,2493,2316,-353,4633,master
2512,2352,2432,160,4864,master
2602,2459,2530,143,5061,grandmaster
2079,2580,2329,-501,4659,master
1922,1997,1959,-75,3919,novice
2477,2308,2392,169,4785,master
2081,2218,2149,-137,4299,average
2590,2468,2529,122,5058,grandmaster
2455,2364,2409,91,4819,master
2307,2381,2344,-74,4688,master
2536,2382,2459,154,4918,master
2256,2008,2132,248,4264,average
1608,1833,1720,-225,3441,novice
2312,2479,2395,-167,4791,master
2534,2674,2604,-140,5208,grandmaster
2273,2257,2265,16,4530,average
2437,2390,2413,47,4827,master
2107,1927,2017,180,4034,novice
1741,1852,1796,-111,3593,novice
2258,2496,2377,-238,4754,master
2585,2655,2620,-70,5240,grandmaster
2543,2288,2415,255,4831,master
2348,2228,2288,120,4576,average
2279,2228,2253,51,4507,average
2208,1806,2007,402,4014,novice
2125,1892,2008,233,4017,novice
1633,1690,1661,-57,3323,novice
2532,2233,2382,299,4765,master
2214,2397,2305,-183,4611,master
2071,2316,2193,-245,4387,average
2362,2562,2462,-200,4924,master
2382,2162,2272,220,4544,average
2252,2169,2210,83,4421,average
2532,2349,2440,183,4881,master
2440,2454,2447,-14,4894,master
2294,2463,2378,-169,4757,master
2329,2101,2215,228,4430,average
2195,2219,2207,-24,4414,average
1984,2123,2053,-139,4107,novice
2182,2266,2224,-84,4448,average
2086,2148,2117,-62,4234,average
2331,2282,2306,49,4613,master
2345,2299,2322,46,4644,master
2412,2259,2335,153,4671,master
2038,2290,2164,-252,4328,average
2390,2459,2424,-69,4849,master
2359,1795,2077,564,4154,novice
2422,2296,2359,126,4718,master
2098,2028,2063,70,4126,novice
2577,2505,2541,72,5082,grandmaster
2399,2453,2426,-54,4852,master
2516,2651,2583,-135,5167,grandmaster
2505,2203,2354,302,4708,master
2614,2717,2665,-103,5331,grandmaster
2207,1977,2092,230,4184,novice
2285,2494,2389,-209,4779,master
2408,2123,2265,285,4531,average
2462,2547,2504,-85,5009,grandmaster
2526,2316,2421,210,4842,master
2436,2583,2509,-147,5019,grandmaster
2356,2310,2333,46,4666,master
1893,2530,2211,-637,4423,average
2147,2522,2334,-375,4669,master
2188,2393,2290,-205,4581,average
2602,2197,2399,405,4799,master
2650,2569,2609,81,5219,grandmaster
2428,2418,2423,10,4846,master
2742,2659,2700,83,5401,grandmaster
2409,2298,2353,111,4707,master
2558,2306,2432,252,4864,master
2470,2299,2384,171,4769,master
2346,2146,2246,200,4492,average
2521,2464,2492,57,4985,master
2120,2349,2234,-229,4469,average
2445,2612,2528,-167,5057,grandmaster
2150,2361,2255,-211,4511,average
2513,2573,2543,-60,5086,grandmaster
2500,2291,2395,209,4791,master
2141,2220,2180,-79,4361,average
2147,2279,2213,-132,4426,average
2432,2221,2326,211,4653,master
2062,2238,2150,-176,4300,average
2418,2172,2295,246,4590,average
2660,2572,2616,88,5232,grandmaster
2345,2049,2197,296,4394,average
2382,2638,2510,-256,5020,grandmaster
2553,2249,2401,304,4802,master
2374,2240,2307,134,4614,master
2406,2528,2467,-122,4934,master
2344,2323,2333,21,4667,master
2443,2012,2227,431,4455,average
2291,2489,2390,-198,4780,master
2432,2526,2479,-94,4958,master
2354,2385,2369,-31,4739,master
2390,2308,2349,82,4698,master
2592,2421,2506,171,5013,grandmaster
2566,2411,2488,155,4977,master
2212,2559,2385,-347,4771,master
2055,2288,2171,-233,4343,average
2639,2734,2686,-95,5373,grandmaster
2015,2415,2215,-400,4430,average
2057,1977,2017,80,4034,novice
2430,2368,2399,62,4798,master
2106,1986,2046,120,4092,novice
2500,2626,2563,-126,5126,grandmaster
2540,2479,2509,61,5019,grandmaster
2424,2377,2400,47,4801,master
2435,2462,2448,-27,4897,master
2322,2234,2278,88,4556,average
2511,2306,2408,205,4817,master
2307,2359,2333,-52,4666,master
2149,2282,2215,-133,4431,average
2414,2544,2479,-130,4958,master
2254,2118,2186,136,4372,average
2559,2546,2552,13,5105,grandmaster
2468,2057,2262,411,4525,average
2367,2280,2323,87,4647,master
2325,2330,2327,-5,4655,master
2505,2238,2371,267,4743,master
2607,2352,2479,255,4959,master
2423,2513,2468,-90,4936,master
2525,2204,2364,321,4729,master
2077,2167,2122,-90,4244,average
2556,2183,2369,373,4739,master
2675,2619,2647,56,5294,grandmaster
2537,2705,2621,-168,5242,grandmaster
2121,1969,2045,152,4090,novice
2475,2504,2489,-29,4979,master
2678,2689,2683,-11,5367,grandmaster
2382,2475,2428,-93,4857,master
2580,2635,2607,-55,5215,grandmaster
2424,2475,2449,-51,4899,master
2030,2375,2202,-345,4405,average
2366,2190,2278,176,4556,average
2275,2337,2306,-62,4612,master
2074,1844,1959,230,3918,novice
2243,2450,2346,-207,4693,master
2302,2226,2264,76,4528,average
2044,2254,2149,-210,4298,average
2258,2184,2221,74,4442,average
2105,2351,2228,-246,4456,average
2486,2204,2345,282,4690,master
2391,2521,2456,-130,4912,master
2000,2189,2094,-189,4189,novice
2513,2437,2475,76,4950,master
2296,2133,2214,163,4429,average
2677,1959,2318,718,4636,master
2141,1943,2042,198,4084,novice
2387,2506,2446,-119,4893,master
2752,2661,2706,91,5413,grandmaster
2505,2499,2502,6,5004,grandmaster
2412,2158,2285,254,4570,average
2468,2326,2397,142,4794,master
2064,2205,2134,-141,4269,average
2586,2382,2484,204,4968,master
2309,2299,2304,10,4608,master
2689,2591,2640,98,5280,grandmaster
2545,2560,2552,-15,5105,grandmaster
2462,2480,2471,-18,4942,master
2459,2330,2394,129,4789,master
2418,2318,2368,100,4736,master
2348,2288,2318,60,4636,master
2295,2463,2379,-168,4758,master
2519,2261,2390,258,4780,master
2612,2424,2518,188,5036,grandmaster
2423,2461,2442,-38,4884,master
2683,2599,2641,84,5282,grandmaster
2248,2321,2284,-73,4569,average
2484,2551,2517,-67,5035,grandmaster
2286,2328,2307,-42,4614,master
2426,2570,2498,-144,4996,master
2292,2374,2333,-82,4666,master
2501,2392,2446,109,4893,master
1882,2225,2053,-343,4107,novice
2438,2567,2502,-129,5005,grandmaster
2287,2389,2338,-102,4676,master
2478,2331,2404,147,4809,master
2446,2591,2518,-145,5037,grandmaster
2417,2468,2442,-51,4885,master
1922,2110,2016,-188,4032,novice
2306,2553,2429,-247,4859,master
2456,2587,2521,-131,5043,grandmaster
1993,2056,2024,-63,4049,novice
2365,2341,2353,24,4706,master
2346,2520,2433,-174,4866,master
2590,2574,2582,16,5164,grandmaster
2449,2389,2419,60,4838,master
2190,2445,2317,-255,4635,master
2481,2445,2463,36,4926,master
2466,2369,2417,97,4835,master
2613,2514,2563,99,5127,grandmaster
2446,2450,2448,-4,4896,master
2276,2077,2176,199,4353,average
2644,2489,2566,155,5133,grandmaster
2298,2380,2339,-82,4678,master
2358,2581,2469,-223,4939,master
2501,2359,2430,142,4860,master
1955,2090,2022,-135,4045,novice
1937,1691,1814,246,3628,novice
2449,2488,2468,-39,4937,master
2140,1782,1961,358,3922,novice
2234,2097,2165,137,4331,average
2597,2593,2595,4,5190,grandmaster
2301,2081,2191,220,4382,average
2493,2582,2537,-89,5075,grandmaster
2480,2597,2538,-117,5077,grandmaster
2089,1975,2032,114,4064,novice
2496,2501,2498,-5,4997,master
1808,2296,2052,-488,4104,novice
2573,2447,2510,126,5020,grandmaster
2590,2568,2579,22,5158,grandmaster
2234,2467,2350,-233,4701,master
2142,2220,2181,-78,4362,average
2430,2153,2291,277,4583,average
2625,2454,2539,171,5079,grandmaster
2438,2591,2514,-153,5029,grandmaster
2086,2222,2154,-136,4308,average
2391,2390,2390,1,4781,master
2165,2229,2197,-64,4394,average
2625,2369,2497,256,4994,master
2397,2193,2295,204,4590,average
2549,2418,2483,131,4967,master
2420,2392,2406,28,4812,master
2487,2504,2495,-17,4991,master
2321,2426,2373,-105,4747,master
2162,2256,2209,-94,4418,average
2454,2450,2452,4,4904,master
2352,2242,2297,110,4594,average
2662,2591,2626,71,5253,grandmaster
2276,2118,2197,158,4394,average
2341,2301,2321,40,4642,master
2506,2588,2547,-82,5094,grandmaster
2384,2352,2368,32,4736,master
2633,2304,2468,329,4937,master
2492,2667,2579,-175,5159,grandmaster
2396,2605,2500,-209,5001,master
2445,2574,2509,-129,5019,grandmaster
2417,2563,2490,-146,4980,master
2634,2233,2433,401,4867,master
2516,2418,2467,98,4934,master
1546,1995,1770,-449,3541,novice
1905,2132,2018,-227,4037,novice
2390,2328,2359,62,4718,master
2435,2147,2291,288,4582,average
2435,2401,2418,34,4836,master
2462,2537,2499,-75,4999,master
2536,2298,2417,238,4834,master
2455,2351,2403,104,4806,master
2577,2412,2494,165,4989,master
2751,2676,2713,75,5427,grandmaster
2653,2547,2600,106,5200,grandmaster
2249,2473,2361,-224,4722,master
2408,2174,2291,234,4582,average
2813,2487,2650,326,5300,grandmaster
2556,2371,2463,185,4927,master
2658,2471,2564,187,5129,grandmaster
2377,2437,2407,-60,4814,master
2422,2363,2392,59,4785,master
2591,2329,2460,262,4920,master
2382,2545,2463,-163,4927,master
1622,2287,1954,-665,3909,novice
2581,2631,2606,-50,5212,grandmaster
2328,2203,2265,125,4531,average
2167,2351,2259,-184,4518,average
2641,2591,2616,50,5232,grandmaster
2507,2555,2531,-48,5062,grandmaster
1900,2290,2095,-390,4190,novice
2580,2454,2517,126,5034,grandmaster
2277,2270,2273,7,4547,average
2741,2565,2653,176,5306,grandmaster
2330,2518,2424,-188,4848,master
2554,2625,2589,-71,5179,grandmaster
2424,2574,2499,-150,4998,master
2302,2595,2448,-293,4897,master
1914,2168,2041,-254,4082,novice
2129,2166,2147,-37,4295,average
2555,2426,2490,129,4981,master
2158,1887,2022,271,4045,novice
2538,2357,2447,181,4895,master
2354,2552,2453,-198,4906,master
1952,2260,2106,-308,4212,average
1819,1822,1820,-3,3641,novice
2556,2457,2506,99,5013,grandmaster
2314,2313,2313,1,4627,master
2642,2501,2571,141,5143,grandmaster
2599,2712,2655,-113,5311,grandmaster
2349,2489,2419,-140,4838,master
2169,2329,2249,-160,4498,average
2508,2330,2419,178,4838,master
2122,2311,2216,-189,4433,average
2419,2432,2425,-13,4851,master
1841,2042,1941,-201,3883,novice
2285,2035,2160,250,4320,average
2130,2064,2097,66,4194,novice
2713,2711,2712,2,5424,grandmaster
2266,1944,2105,322,4210,average
1718,1910,1814,-192,3628,novice
2506,2216,2361,290,4722,master
2223,1978,2100,245,4201,novice
2256,2403,2329,-147,4659,master
2573,2311,2442,262,4884,master
2093,2247,2170,-154,4340,average
2154,2257,2205,-103,4411,average
2458,2151,2304,307,4609,master
2293,2424,2358,-131,4717,master
2364,2565,2464,-201,4929,master
1796,2127,1961,-331,3923,novice
2436,2505,2470,-69,4941,master
2119,2173,2146,-54,4292,average
2120,2211,2165,-91,4331,average
2292,2048,2170,244,4340,average
2380,2423,2401,-43,4803,master
1633,2150,1891,-517,3783,novice
2006,1921,1963,85,3927,novice
2580,2165,2372,415,4745,master
2299,2147,2223,152,4446,average
2313,2526,2419,-213,4839,master
2408,2626,2517,-218,5034,grandmaster
2256,2469,2362,-213,4725,master
2237,1880,2058,357,4117,novice
2482,2539,2510,-57,5021,grandmaster
2025,2468,2246,-443,4493,average
1737,1630,1683,107,3367,novice
2405,2530,2467,-125,4935,master
2328,2524,2426,-196,4852,master
2530,2537,2533,-7,5067,grandmaster
2141,2084,2112,57,4225,average
2423,2555,2489,-132,4978,master
2518,2558,2538,-40,5076,grandmaster
2348,2455,2401,-107,4803,master
2344,2152,2248,192,4496,average
2494,2276,2385,218,4770,master
2409,2469,2439,-60,4878,master
2394,2396,2395,-2,4790,master
2590,2500,2545,90,5090,grandmaster
2607,2295,2451,312,4902,master
2568,2120,2344,448,4688,master
1741,1891,1816,-150,3632,novice
2045,2369,2207,-324,4414,average
2337,2492,2414,-155,4829,master
2490,2276,2383,214,4766,master
2354,2378,2366,-24,4732,master
2628,2593,2610,35,5221,grandmaster
2375,2281,2328,94,4656,master
2484,2098,2291,386,4582,average
2567,2447,2507,120,5014,grandmaster
2642,2282,2462,360,4924,master
2336,2134,2235,202,4470,average
1944,2152,2048,-208,4096,novice
2499,2380,2439,119,4879,master
1763,1879,1821,-116,3642,novice
2230,2089,2159,141,4319,average
2036,2256,2146,-220,4292,average
2390,2228,2309,162,4618,master
2201,2220,2210,-19,4421,average
1827,2424,2125,-597,4251,average
2547,2691,2619,-144,5238,grandmaster
2090,2429,2259,-339,4519,average
2582,2554,2568,28,5136,grandmaster
2243,2463,2353,-220,4706,master
2282,2586,2434,-304,4868,master
2308,2257,2282,51,4565,average
2549,2574,2561,-25,5123,grandmaster
2565,2534,2549,31,5099,grandmaster
2413,2228,2320,185,4641,master
2365,2541,2453,-176,4906,master
2456,2303,2379,153,4759,master
2487,2595,2541,-108,5082,grandmaster
2533,2284,2408,249,4817,master
2387,2246,2316,141,4633,master
2036,2251,2143,-215,4287,average
2409,2435,2422,-26,4844,master
2073,1849,1961,224,3922,novice
1893,2368,2130,-475,4261,average
2631,2529,2580,102,5160,grandmaster
1970,2211,2090,-241,4181,novice
2435,2508,2471,-73,4943,master
1907,2094,2000,-187,4001,novice
2113,2181,2147,-68,4294,average
1931,2140,2035,-209,4071,novice
1855,1659,1757,196,3514,novice
1865,2008,1936,-143,3873,novice
2645,2402,2523,243,5047,grandmaster
2055,2158,2106,-103,4213,average
2179,2323,2251,-144,4502,average
2288,2384,2336,-96,4672,master
2382,2462,2422,-80,4844,master
2416,2560,2488,-144,4976,master
2460,2534,2497,-74,4994,master
2620,2328,2474,292,4948,master
1875,2079,1977,-204,3954,novice
2404,2584,2494,-180,4988,master
2547,2408,2477,139,4955,master
2628,2772,2700,-144,5400,grandmaster
2052,2399,2225,-347,4451,average
2353,2479,2416,-126,4832,master
2617,2492,2554,125,5109,grandmaster
1669,1630,1649,39,3299,novice
2438,2288,2363,150,4726,master
1959,1830,1894,129,3789,novice
2347,2440,2393,-93,4787,master
2702,2321,2511,381,5023,grandmaster
2393,2198,2295,195,4591,average
2069,2185,2127,-116,4254,average
2737,2773,2755,-36,5510,grandmaster
1795,1951,1873,-156,3746,novice
2628,2235,2431,393,4863,master
2691,2706,2698,-15,5397,grandmaster
2269,2080,2174,189,4349,average
2345,2290,2317,55,4635,master
2077,1856,1966,221,3933,novice
2678,2582,2630,96,5260,grandmaster
2515,2187,2351,328,4702,master
2458,2427,2442,31,4885,master
2176,1928,2052,248,4104,novice
2413,2337,2375,76,4750,master
2302,2430,2366,-128,4732,master
2387,2184,2285,203,4571,average
2338,2351,2344,-13,4689,master
2547,2179,2363,368,4726,master
2071,2059,2065,12,4130,novice
2344,2179,2261,165,4523,average
2548,2568,2558,-20,5116,grandmaster
2305,2560,2432,-255,4865,master
2358,2455,2406,-97,4813,master
2414,2606,2510,-192,5020,grandmaster
2489,2554,2521,-65,5043,grandmaster
2191,2562,2376,-371,4753,master
2563,2544,2553,19,5107,grandmaster
2555,2550,2552,5,5105,grandmaster
2206,2051,2128,155,4257,average
2385,2331,2358,54,4716,master
2495,2286,2390,209,4781,master
2534,2480,2507,54,5014,grandmaster
2810,2740,2775,70,5550,grandmaster
2416,2563,2489,-147,4979,master
2376,2204,2290,172,4580,average
2394,2563,2478,-169,4957,master
2653,2531,2592,122,5184,grandmaster
2361,2580,2470,-219,4941,master
2641,2535,2588,106,5176,grandmaster
2407,2214,2310,193,4621,master
2722,2725,2723,-3,5447,grandmaster
2097,2481,2289,-384,4578,average
2594,2154,2374,440,4748,master
2636,2668,2652,-32,5304,grandmaster
2073,2326,2199,-253,4399,average
2251,2017,2134,234,4268,average
2398,2423,2410,-25,4821,master
2261,2084,2172,177,4345,average
2518,2374,2446,144,4892,master
2543,2421,2482,122,4964,master
1980,1652,1816,328,3632,novice
2195,2418,2306,-223,4613,master
2315,2011,2163,304,4326,average
2330,2378,2354,-48,4708,master
2482,2272,2377,210,4754,master
2645,2176,2410,469,4821,master
2287,2337,2312,-50,4624,master
2616,2664,2640,-48,5280,grandmaster
2571,2389,2480,182,4960,master
2436,2363,2399,73,4799,master
2616,2418,2517,198,5034,grandmaster
2658,2563,2610,95,5221,grandmaster
2146,2067,2106,79,4213,average
2316,2402,2359,-86,4718,master
2080,2309,2194,-229,4389,average
2307,2409,2358,-102,4716,master
2574,2405,2489,169,4979,master
2559,2560,2559,-1,5119,grandmaster
2018,2013,2015,5,4031,novice
2393,1947,2170,446,4340,average
2203,2241,2222,-38,4444,average
2075,2377,2226,-302,4452,average
2573,2131,2352,442,4704,master
2276,2255,2265,21,4531,average
2510,2353,2431,157,4863,master
2157,2256,2206,-99,4413,average
2484,2082,2283,402,4566,average
2699,2606,2652,93,5305,grandmaster
2301,2454,2377,-153,4755,master
2341,2397,2369,-56,4738,master
2490,2170,2330,320,4660,master
1970,1924,1947,46,3894,novice
2190,2377,2283,-187,4567,average
2491,2442,2466,49,4933,master
2183,2322,2252,-139,4505,average
2291,2386,2338,-95,4677,master
2601,2391,2496,210,4992,master
2149,2512,2330,-363,4661,master
1811,1853,1832,-42,3664,novice
2459,2176,2317,283,4635,master
2471,2557,2514,-86,5028,grandmaster
2548,2416,2482,132,4964,master
2298,2496,2397,-198,4794,master
2345,2335,2340,10,4680,master
2554,2555,2554,-1,5109,grandmaster
2134,2302,2218,-168,4436,average
2501,2408,2454,93,4909,master
2431,2626,2528,-195,5057,grandmaster
2375,2194,2284,181,4569,average
1520,1655,1587,-135,3175,novice
2570,2533,2551,37,5103,grandmaster
2434,2228,2331,206,4662,master
2414,2501,2457,-87,4915,master
2446,2485,2465,-39,4931,master
2469,2502,2485,-33,4971,master
2256,2460,2358,-204,4716,master
2180,2393,2286,-213,4573,average
2678,2562,2620,116,5240,grandmaster
2351,2328,2339,23,4679,master
2413,2553,2483,-140,4966,master
2226,1991,2108,235,4217,average
2762,2711,2736,51,5473,grandmaster
2402,2224,2313,178,4626,master
2324,2346,2335,-22,4670,master
2435,2234,2334,201,4669,master
2481,2401,2441,80,4882,master
2476,2248,2362,228,4724,master
2321,2529,2425,-208,4850,master
2277,2375,2326,-98,4652,master
2445,2431,2438,14,4876,master
2293,2468,2380,-175,4761,master
2534,2380,2457,154,4914,master
1995,2127,2061,-132,4122,novice
2148,2023,2085,125,4171,novice
2422,2106,2264,316,4528,average
2689,2648,2668,41,5337,grandmaster
2306,2207,2256,99,4513,average
1784,2245,2014,-461,4029,novice
2191,2523,2357,-332,4714,master
2291,2421,2356,-130,4712,master
2417,2378,2397,39,4795,master
2299,2444,2371,-145,4743,master
2181,2552,2366,-371,4733,master
2632,2542,2587,90,5174,grandmaster
2402,2229,2315,173,4631,master
2692,2426,2559,266,5118,grandmaster
2220,2451,2335,-231,4671,master
2321,2515,2418,-194,4836,master
2238,2443,2340,-205,4681,master
2098,2276,2187,-178,4374,average
2326,2509,2417,-183,4835,master
2065,1990,2027,75,4055,novice
2239,2312,2275,-73,4551,average
2473,2222,2347,251,4695,master
2378,2787,2582,-409,5165,grandmaster
2462,2182,2322,280,4644,master
2753,2751,2752,2,5504,grandmaster
2203,2047,2125,156,4250,average
2166,1853,2009,313,4019,novice
1983,2141,2062,-158,4124,novice
2429,2559,2494,-130,4988,master
2444,2450,2447,-6,4894,master
1922,2151,2036,-229,4073,novice
2317,2472,2394,-155,4789,master
2242,1681,1961,561,3923,novice
2258,2321,2289,-63,4579,average
2722,2589,2655,133,5311,grandmaster
2495,2501,2498,-6,4996,master
2491,2069,2280,422,4560,average
2556,2696,2626,-140,5252,grandmaster
2531,2515,2523,16,5046,grandmaster
1916,2097,2006,-181,4013,novice
2384,2320,2352,64,4704,master
2568,2268,2418,300,4836,master
2469,2376,2422,93,4845,master
2200,2044,2122,156,4244,average
2498,2392,2445,106,4890,master
1932,2087,2009,-155,4019,novice
2030,1987,2008,43,4017,novice
2468,2446,2457,22,4914,master
2264,2422,2343,-158,4686,master
2526,2701,2613,-175,5227,grandmaster
2506,2338,2422,168,4844,master
2338,2548,2443,-210,4886,master
2682,2488,2585,194,5170,grandmaster
2497,2498,2497,-1,4995,master
1858,2219,2038,-361,4077,novice
2330,2040,2185,290,4370,average
2321,2077,2199,244,4398,average
2700,2566,2633,134,5266,grandmaster
2520,2624,2572,-104,5144,grandmaster
2336,2418,2377,-82,4754,master
2246,1934,2090,312,4180,novice
2364,2105,2234,259,4469,average
2429,2269,2349,160,4698,master
2380,2227,2303,153,4607,master
2227,2402,2314,-175,4629,master
2562,2276,2419,286,4838,master
2482,2437,2459,45,4919,master
2252,1828,2040,424,4080,novice
2181,2265,2223,-84,4446,average
2351,2456,2403,-105,4807,master
2383,2534,2458,-151,4917,master
2270,2527,2398,-257,4797,master
2349,2427,2388,-78,4776,master
2488,2174,2331,314,4662,master
1797,2078,1937,-281,3875,novice
2154,1935,2044,219,4089,novice
2480,2297,2388,183,4777,master
2097,1966,2031,131,4063,novice
2066,2263,2164,-197,4329,average
2407,2088,2247,319,4495,average
2696,2642,2669,54,5338,grandmaster
1514,1856,1685,-342,3370,novice
2147,2006,2076,141,4153,novice
2562,2710,2636,-148,5272,grandmaster
2283,1937,2110,346,4220,average
2651,2657,2654,-6,5308,grandmaster
2005,2108,2056,-103,4113,novice
2523,2245,2384,278,4768,master
1996,2109,2052,-113,4105,novice
2407,2428,2417,-21,4835,master
2528,2222,2375,306,4750,master
2389,2464,2426,-75,4853,master
2428,2220,2324,208,4648,master
2252,2335,2293,-83,4587,average
2289,2537,2413,-248,4826,master
2297,1995,2146,302,4292,average
2342,2541,2441,-199,4883,master
2320,2462,2391,-142,4782,master
2435,2330,2382,105,4765,master
2167,2143,2155,24,4310,average
2231,2347,2289,-116,4578,average
2414,1713,2063,701,4127,novice
2358,2331,2344,27,4689,master
2474,2276,2375,198,4750,master
2503,2335,2419,168,4838,master
2542,2393,2467,149,4935,master
2522,2603,2562,-81,5125,grandmaster
1690,2248,1969,-558,3938,novice
1647,1399,1523,248,3046,novice
2107,2388,2247,-281,4495,average
2643,2556,2599,87,5199,grandmaster
2005,1912,1958,93,3917,novice
2305,2458,2381,-153,4763,master
2381,2212,2296,169,4593,average
2262,2174,2218,88,4436,average
2572,2679,2625,-107,5251,grandmaster
2608,2277,2442,331,4885,master
2687,2617,2652,70,5304,grandmaster
2597,2404,2500,193,5001,master
2392,2377,2384,15,4769,master
2651,2498,2574,153,5149,grandmaster
2172,2049,2110,123,4221,average
2163,2520,2341,-357,4683,master
2674,2397,2535,277,5071,grandmaster
1573,2023,1798,-450,3596,novice
2491,2491,2491,0,4982,master
2254,2387,2320,-133,4641,master
2397,2549,2473,-152,4946,master
2241,2312,2276,-71,4553,average
2376,2293,2334,83,4669,master
2698,2733,2715,-35,5431,grandmaster
2337,2347,2342,-10,4684,master
1957,2074,2015,-117,4031,novice
2579,2277,2428,302,4856,master
2191,1998,2094,193,4189,novice
2457,2446,2451,11,4903,master
2517,2333,2425,184,4850,master
2226,2489,2357,-263,4715,master
2442,2425,2433,17,4867,master
2613,2478,2545,135,5091,grandmaster
2485,2326,2405,159,4811,master
2605,2495,2550,110,5100,grandmaster
2510,2213,2361,297,4723,master
2724,2565,2644,159,5289,grandmaster
2259,2125,2192,134,4384,average
2560,2315,2437,245,4875,master
2098,2222,2160,-124,4320,average
2278,2449,2363,-171,4727,master
2312,2237,2274,75,4549,average
2625,2701,2663,-76,5326,grandmaster
2533,2635,2584,-102,5168,grandmaster
2427,2528,2477,-101,4955,master
2318,2304,2311,14,4622,master
2468,2314,2391,154,4782,master
2022,2163,2092,-141,4185,novice
2411,2461,2436,-50,4872,master
2359,2421,2390,-62,4780,master
1998,2102,2050,-104,4100,novice
2509,2456,2482,53,4965,master
2567,2629,2598,-62,5196,grandmaster
2412,2386,2399,26,4798,master
2044,1786,1915,258,3830,novice
2257,2162,2209,95,4419,average
1683,2157,1920,-474,3840,novice
2103,2170,2136,-67,4273,average
2374,2390,2382,-16,4764,master
2562,2300,2431,262,4862,master
2190,2573,2381,-383,4763,master
2000,2438,2219,-438,4438,average
2457,2362,2409,95,4819,master
2347,2250,2298,97,4597,average
2648,2380,2514,268,5028,grandmaster
2354,2459,2406,-105,4813,master
2286,2451,2368,-165,4737,master
2215,1956,2085,259,4171,novice
2464,2385,2424,79,4849,master
2458,2114,2286,344,4572,average
2458,2526,2492,-68,4984,master
2376,2629,2502,-253,5005,grandmaster
2288,2441,2364,-153,4729,master
2398,2729,2563,-331,5127,grandmaster
2315,2447,2381,-132,4762,master
2312,2499,2405,-187,4811,master
2610,2620,2615,-10,5230,grandmaster
2612,2582,2597,30,5194,grandmaster
2536,2422,2479,114,4958,master
2332,2663,2497,-331,4995,master
2778,2684,2731,94,5462,grandmaster
2358,2371,2364,-13,4729,master
1954,2082,2018,-128,4036,novice
2317,2412,2364,-95,4729,master
2297,2363,2330,-66,4660,master
2345,2339,2342,6,4684,master
2245,1963,2104,282,4208,average
2243,2256,2249,-13,4499,average
2459,2556,2507,-97,5015,grandmaster
2379,2618,2498,-239,4997,master
2406,2304,2355,102,4710,master
2471,2340,2405,131,4811,master
2401,2457,2429,-56,4858,master
2378,2287,2332,91,4665,master
2545,2511,2528,34,5056,grandmaster
2433,2470,2451,-37,4903,master
2527,2282,2404,245,4809,master
2327,2518,2422,-191,4845,master
2763,2548,2655,215,5311,grandmaster
2191,2360,2275,-169,4551,average
2297,2400,2348,-103,4697,master
1979,2251,2115,-272,4230,average
2074,2433,2253,-359,4507,average
2442,2261,2351,181,4703,master
2707,2163,2435,544,4870,master
2566,2412,2489,154,4978,master
2544,2637,2590,-93,5181,grandmaster
1959,2345,2152,-386,4304,average
2452,2275,2363,177,4727,master
2300,2423,2361,-123,4723,master
1659,1784,1721,-125,3443,novice
2433,2559,2496,-126,4992,master
2287,2565,2426,-278,4852,master
2216,2182,2199,34,4398,average
1928,2191,2059,-263,4119,novice
1708,1912,1810,-204,3620,novice
2490,2191,2340,299,4681,master
2345,1840,2092,505,4185,novice
2338,2041,2189,297,4379,average
2496,2358,2427,138,4854,master
2698,2261,2479,437,4959,master
2738,2525,2631,213,5263,grandmaster
2231,2176,2203,55,4407,average
2154,2338,2246,-184,4492,average
2707,2555,2631,152,5262,grandmaster
1989,2166,2077,-177,4155,novice
2326,2352,2339,-26,4678,master
2276,2434,2355,-158,4710,master
2473,1990,2231,483,4463,average
2403,1989,2196,414,4392,average
2612,2641,2626,-29,5253,grandmaster
2083,2405,2244,-322,4488,average
2338,2468,2403,-130,4806,master
2284,2523,2403,-239,4807,master
2514,2405,2459,109,4919,master
2594,2642,2618,-48,5236,grandmaster
2272,2267,2269,5,4539,average
2344,2455,2399,-111,4799,master
2654,2177,2415,477,4831,master
2527,2248,2387,279,4775,master
2555,2389,2472,166,4944,master
2304,2292,2298,12,4596,average
2621,2687,2654,-66,5308,grandmaster
2433,2402,2417,31,4835,master
2372,1926,2149,446,4298,average
2493,2372,2432,121,4865,master
2562,2276,2419,286,4838,master
2185,1978,2081,207,4163,novice
1909,2210,2059,-301,4119,novice
2238,2448,2343,-210,4686,master
2376,2346,2361,30,4722,master
2518,2404,2461,114,4922,master
2379,2510,2444,-131,4889,master
2274,2198,2236,76,4472,average
2528,2434,2481,94,4962,master
2530,2334,2432,196,4864,master
2027,1824,1925,203,3851,novice
2522,2631,2576,-109,5153,grandmaster
2368,2470,2419,-102,4838,master
2616,2660,2638,-44,5276,grandmaster
2203,2428,2315,-225,4631,master
2282,2368,2325,-86,4650,master
2460,2448,2454,12,4908,master
2156,1965,2060,191,4121,novice
2365,2210,2287,155,4575,average
2439,2314,2376,125,4753,master
2295,1964,2129,331,4259,average
2300,2532,2416,-232,4832,master
2577,2233,2405,344,4810,master
2546,2247,2396,299,4793,master
2554,2461,2507,93,5015,grandmaster
2722,2562,2642,160,5284,grandmaster
2413,2641,2527,-228,5054,grandmaster
2444,2189,2316,255,4633,master
2473,2373,2423,100,4846,master
2391,2443,2417,-52,4834,master
2557,2336,2446,221,4893,master
2572,2391,2481,181,4963,master
1985,1858,1921,127,3843,novice
2446,2188,2317,258,4634,master
2298,2199,2248,99,4497,average
2546,2683,2614,-137,5229,grandmaster
2519,2705,2612,-186,5224,grandmaster
2243,2180,2211,63,4423,average
2535,1909,2222,626,4444,average
2507,2560,2533,-53,5067,grandmaster
2472,2547,2509,-75,5019,grandmaster
2169,2127,2148,42,4296,average
2282,2388,2335,-106,4670,master
2309,1970,2139,339,4279,average
2283,2469,2376,-186,4752,master
2318,2572,2445,-254,4890,master
2565,2448,2506,117,5013,grandmaster
2394,2506,2450,-112,4900,master
1823,2074,1948,-251,3897,novice
2170,2064,2117,106,4234,average
2534,2325,2429,209,4859,master
2439,2103,2271,336,4542,average
2535,2403,2469,132,4938,master
2107,2134,2120,-27,4241,average
2328,2123,2225,205,4451,average
2589,2470,2529,119,5059,grandmaster
2240,2389,2314,-149,4629,master
2161,2423,2292,-262,4584,average
2378,2406,2392,-28,4784,master
2480,2286,2383,194,4766,master
2477,2437,2457,40,4914,master
2489,2391,2440,98,4880,master
2407,2511,2459,-104,4918,master
2312,2488,2400,-176,4800,master
2290,2576,2433,-286,4866,master
2129,2498,2313,-369,4627,master
2489,2310,2399,179,4799,master
2547,2499,2523,48,5046,grandmaster
2502,2502,2502,0,5004,grandmaster
2152,2385,2268,-233,4537,average
2414,2072,2243,342,4486,average
1900,2073,1986,-173,3973,novice
2742,2720,2731,22,5462,grandmaster
2545,2616,2580,-71,5161,grandmaster
2133,2481,2307,-348,4614,master
2529,2438,2483,91,4967,master
2200,2482,2341,-282,4682,master
2529,2302,2415,227,4831,master
2324,2165,2244,159,4489,average
2739,2503,2621,236,5242,grandmaster
2522,1757,2139,765,4279,average
2437,2188,2312,249,4625,master
2188,2312,2250,-124,4500,average
2310,2457,2383,-147,4767,master
2401,2376,2388,25,4777,master
1952,1718,1835,234,3670,novice
2656,2689,2672,-33,5345,grandmaster
2577,2539,2558,38,5116,grandmaster
1651,1860,1755,-209,3511,novice
2196,2322,2259,-126,4518,average
2625,2602,2613,23,5227,grandmaster
2526,2548,2537,-22,5074,grandmaster
2442,2299,2370,143,4741,master
2245,2415,2330,-170,4660,master
2037,1995,2016,42,4032,novice
2168,2564,2366,-396,4732,master
2429,2473,2451,-44,4902,master
2520,2480,2500,40,5000,master
2490,2458,2474,32,4948,master
2413,2270,2341,143,4683,master
2202,2347,2274,-145,4549,average
2217,2205,2211,12,4422,average
2432,2252,2342,180,4684,master
2443,2556,2499,-113,4999,master
2550,2481,2515,69,5031,grandmaster
2639,2537,2588,102,5176,grandmaster
2648,2469,2558,179,5117,grandmaster
1611,1874,1742,-263,3485,novice
2666,2580,2623,86,5246,grandmaster
2466,2321,2393,145,4787,master
2582,2142,2362,440,4724,master
1755,1980,1867,-225,3735,novice
2435,2300,2367,135,4735,master
2582,2489,2535,93,5071,grandmaster
1847,2025,1936,-178,3872,novice
2335,2606,2470,-271,4941,master
2220,2299,2259,-79,4519,average
2496,2427,2461,69,4923,master
2449,2613,2531,-164,5062,grandmaster
1905,1618,1761,287,3523,novice
1960,1835,1897,125,3795,novice
1887,1828,1857,59,3715,novice
2066,2495,2280,-429,4561,average
2382,2564,2473,-182,4946,master
2381,2634,2507,-253,5015,grandmaster
1985,2318,2151,-333,4303,average
2352,2367,2359,-15,4719,master
2213,2487,2350,-274,4700,master
2218,2400,2309,-182,4618,master
2475,2501,2488,-26,4976,master
2456,2335,2395,121,4791,master
2464,2363,2413,101,4827,master
2247,2583,2415,-336,4830,master
1988,2060,2024,-72,4048,novice
2145,2036,2090,109,4181,novice
2239,2075,2157,164,4314,average
1984,2198,2091,-214,4182,novice
2452,2537,2494,-85,4989,master
2581,2598,2589,-17,5179,grandmaster
2454,2412,2433,42,4866,master
2556,2533,2544,23,5089,grandmaster
2401,2196,2298,205,4597,average
2007,2281,2144,-274,4288,average
2369,2457,2413,-88,4826,master
2440,2402,2421,38,4842,master
2475,2040,2257,435,4515,average
2663,2654,2658,9,5317,grandmaster
2244,2010,2127,234,4254,average
2497,2326,2411,171,4823,master
2438,2164,2301,274,4602,master
2575,2186,2380,389,4761,master
2557,2157,2357,400,4714,master
2474,2416,2445,58,4890,master
2515,2531,2523,-16,5046,grandmaster
2539,2311,2425,228,4850,master
2256,2458,2357,-202,4714,master
2262,2258,2260,4,4520,average
2487,2167,2327,320,4654,master
2221,1844,2032,377,4065,novice
2416,2358,2387,58,4774,master
2254,2459,2356,-205,4713,master
2190,2304,2247,-114,4494,average
2586,2544,2565,42,5130,grandmaster
2351,2321,2336,30,4672,master
2475,2318,2396,157,4793,master
2053,2260,2156,-207,4313,average
2392,2601,2496,-209,4993,master
2632,2519,2575,113,5151,grandmaster
2028,2091,2059,-63,4119,novice
2648,2619,2633,29,5267,grandmaster
2364,2330,2347,34,4694,master
2450,2288,2369,162,4738,master
2549,2655,2602,-106,5204,grandmaster
2250,2342,2296,-92,4592,average
2025,2195,2110,-170,4220,average
2717,2726,2721,-9,5443,grandmaster
2222,2249,2235,-27,4471,average
2428,1931,2179,497,4359,average
2418,2368,2393,50,4786,master
2242,2307,2274,-65,4549,average
2365,2485,2425,-120,4850,master
2427,2326,2376,101,4753,master
2413,2176,2294,237,4589,average
2635,2679,2657,-44,5314,grandmaster
2561,2402,2481,159,4963,master
2510,2402,2456,108,4912,master
2282,2380,2331,-98,4662,master
2458,2479,2468,-21,4937,master
2412,2409,2410,3,4821,master
2487,2387,2437,100,4874,master
2426,2579,2502,-153,5005,grandmaster
2554,2389,2471,165,4943,master
2633,2526,2579,107,5159,grandmaster
2130,2026,2078,104,4156,novice
2062,2396,2229,-334,4458,average
2238,2400,2319,-162,4638,master
2631,2244,2437,387,4875,master
2315,2063,2189,252,4378,average
2358,2328,2343,30,4686,master
2441,2165,2303,276,4606,master
2299,2434,2366,-135,4733,master
2023,2423,2223,-400,4446,average
1921,1985,1953,-64,3906,novice
2318,2004,2161,314,4322,average
2349,2049,2199,300,4398,average
2015,2231,2123,-216,4246,average
2664,2144,2404,520,4808,master
2593,2329,2461,264,4922,master
2475,2625,2550,-150,5100,grandmaster
2531,2136,2333,395,4667,master
2522,2336,2429,186,4858,master
2428,2423,2425,5,4851,master
2221,2150,2185,71,4371,average
2470,2595,2532,-125,5065,grandmaster
1498,1531,1514,-33,3029,novice
2217,2401,2309,-184,4618,master
2429,2429,2429,0,4858,master
2289,2395,2342,-106,4684,master
2038,2241,2139,-203,4279,average
2465,2337,2401,128,4802,master
2202,2032,2117,170,4234,average
2281,2375,2328,-94,4656,master
1841,1829,1835,12,3670,novice
1851,1723,1787,128,3574,novice
2399,2460,2429,-61,4859,master
2417,2195,2306,222,4612,master
2370,2345,2357,25,4715,master
2766,2748,2757,18,5514,grandmaster
2347,2616,2481,-269,4963,master
2270,2159,2214,111,4429,average
2156,2206,2181,-50,4362,average
2511,2410,2460,101,4921,master
2273,2396,2334,-123,4669,master
2300,2140,2220,160,4440,average
2211,1777,1994,434,3988,novice
2451,2369,2410,82,4820,master
2345,2198,2271,147,4543,average
2488,2357,2422,131,4845,master
2568,2446,2507,122,5014,grandmaster
2002,2365,2183,-363,4367,average
2018,1938,1978,80,3956,novice
2041,2269,2155,-228,4310,average
2501,2709,2605,-208,5210,grandmaster
2554,2517,2535,37,5071,grandmaster
2167,2003,2085,164,4170,novice
2668,2149,2408,519,4817,master
2464,2632,2548,-168,5096,grandmaster
2226,1959,2092,267,4185,novice
2248,2435,2341,-187,4683,master
2223,2233,2228,-10,4456,average
2433,2400,2416,33,4833,master
2646,2664,2655,-18,5310,grandmaster
2329,2334,2331,-5,4663,master
2124,2180,2152,-56,4304,average
2472,2426,2449,46,4898,master
2100,2305,2202,-205,4405,average
2602,2710,2656,-108,5312,grandmaster
2376,2607,2491,-231,4983,master
2213,1980,2096,233,4193,novice
2280,2373,2326,-93,4653,master
2655,2252,2453,403,4907,master
2478,2358,2418,120,4836,master
2340,2310,2325,30,4650,master
2507,2571,2539,-64,5078,grandmaster
2057,1962,2009,95,4019,novice
2389,2079,2234,310,4468,average
2349,2154,2251,195,4503,average
2290,2629,2459,-339,4919,master
2460,2446,2453,14,4906,master
2214,2368,2291,-154,4582,average
1679,1966,1822,-287,3645,novice
2314,2462,2388,-148,4776,master
2282,2448,2365,-166,4730,master
2432,2152,2292,280,4584,average
2518,2639,2578,-121,5157,grandmaster
2426,2325,2375,101,4751,master
2524,2589,2556,-65,5113,grandmaster
2753,2864,2808,-111,5617,grandmaster
2531,2447,2489,84,4978,master
2402,2331,2366,71,4733,master
2523,2376,2449,147,4899,master
2501,2144,2322,357,4645,master
2134,2539,2336,-405,4673,master
2383,2603,2493,-220,4986,master
2322,2209,2265,113,4531,average
2117,2032,2074,85,4149,novice
2079,1911,1995,168,3990,novice
2517,2285,2401,232,4802,master
2436,2477,2456,-41,4913,master
2547,2174,2360,373,4721,master
2016,2103,2059,-87,4119,novice
2323,2258,2290,65,4581,average
2347,2591,2469,-244,4938,master
2164,2398,2281,-234,4562,average
2174,2371,2272,-197,4545,average
2022,1811,1916,211,3833,novice
2531,2362,2446,169,4893,master
2744,2772,2758,-28,5516,grandmaster
2178,2347,2262,-169,4525,average
2707,2185,2446,522,4892,master
1931,2210,2070,-279,4141,novice
1583,1932,1757,-349,3515,novice
2095,2220,2157,-125,4315,average
2098,2414,2256,-316,4512,average
2082,2251,2166,-169,4333,average
2025,2370,2197,-345,4395,average
2330,2174,2252,156,4504,average
2578,2359,2468,219,4937,master
2599,2614,2606,-15,5213,grandmaster
2178,2035,2106,143,4213,average
2259,2195,2227,64,4454,average
1641,2439,2040,-798,4080,novice
2493,2493,2493,0,4986,master
2059,2171,2115,-112,4230,average
2394,2257,2325,137,4651,master
2312,2099,2205,213,4411,average
2217,2507,2362,-290,4724,master
2328,2517,2422,-189,4845,master
2446,2503,2474,-57,4949,master
2136,2177,2156,-41,4313,average
1952,2085,2018,-133,4037,novice
1791,2251,2021,-460,4042,novice
2104,2197,2150,-93,4301,average
2071,2582,2326,-511,4653,master
2520,2573,2546,-53,5093,grandmaster
2140,2374,2257,-234,4514,average
2029,2351,2190,-322,4380,average
2650,2723,2686,-73,5373,grandmaster
2233,2039,2136,194,4272,average
1908,2148,2028,-240,4056,novice
2528,2358,2443,170,4886,master
2274,2460,2367,-186,4734,master
2009,2552,2280,-543,4561,average
2274,2382,2328,-108,4656,master
2155,2370,2262,-215,4525,average
2604,2268,2436,336,4872,master
2212,1901,2056,311,4113,novice
2353,2323,2338,30,4676,master
2121,2559,2340,-438,4680,master
2078,2019,2048,59,4097,novice
2009,2257,2133,-248,4266,average
1981,2325,2153,-344,4306,average
2354,2581,2467,-227,4935,master
2052,2150,2101,-98,4202,average
2310,2161,2235,149,4471,average
2698,2296,2497,402,4994,master
2199,2009,2104,190,4208,average
2325,2557,2441,-232,4882,master
2199,2405,2302,-206,4604,master
2428,2403,2415,25,4831,master
2567,2483,2525,84,5050,grandmaster
2338,2410,2374,-72,4748,master
2316,2628,2472,-312,4944,master
2650,2621,2635,29,5271,grandmaster
2357,2634,2495,-277,4991,master
2575,2352,2463,223,4927,master
2222,2056,2139,166,4278,average
2568,2461,2514,107,5029,grandmaster
2640,2474,2557,166,5114,grandmaster
2478,2341,2409,137,4819,master
2063,1773,1918,290,3836,novice
2272,2478,2375,-206,4750,master
2518,2228,2373,290,4746,master
2214,2492,2353,-278,4706,master
2652,2643,2647,9,5295,grandmaster
2312,2074,2193,238,4386,average
2171,2419,2295,-248,4590,average
1677,1411,1544,266,3088,novice
2389,2050,2219,339,4439,average
2079,2380,2229,-301,4459,average
2204,2442,2323,-238,4646,master
2460,2453,2456,7,4913,master
2596,2497,2546,99,5093,grandmaster
2495,2430,2462,65,4925,master
1985,2264,2124,-279,4249,average
2229,2096,2162,133,4325,average
2210,2338,2274,-128,4548,average
2337,2355,2346,-18,4692,master
2228,2539,2383,-311,4767,master
2181,2154,2167,27,4335,average
2203,2295,2249,-92,4498,average
2509,2432,2470,77,4941,master
2054,2268,2161,-214,4322,average
2551,2172,2361,379,4723,master
2356,2231,2293,125,4587,average
2417,2207,2312,210,4624,master
2530,2206,2368,324,4736,master
2606,2723,2664,-117,5329,grandmaster
2425,2370,2397,55,4795,master
2089,1864,1976,225,3953,novice
2402,2214,2308,188,4616,master
2520,2655,2587,-135,5175,grandmaster
2328,2452,2390,-124,4780,master
2472,2358,2415,114,4830,master
2347,2102,2224,245,4449,average
2500,2501,2500,-1,5001,master
2299,2400,2349,-101,4699,master
2349,2480,2414,-131,4829,master
2073,1792,1932,281,3865,novice
1843,2059,1951,-216,3902,novice
2304,2380,2342,-76,4684,master
2317,2412,2364,-95,4729,master
2698,2642,2670,56,5340,grandmaster
2394,2581,2487,-187,4975,master
2032,1896,1964,136,3928,novice
2381,2246,2313,135,4627,master
2398,2286,2342,112,4684,master
2108,2328,2218,-220,4436,average
2418,2218,2318,200,4636,master
2237,2449,2343,-212,4686,master
2145,2207,2176,-62,4352,average
2041,2167,2104,-126,4208,average
2565,2299,2432,266,4864,master
2656,2492,2574,164,5148,grandmaster
2593,2703,2648,-110,5296,grandmaster
2260,2354,2307,-94,4614,master
2360,2647,2503,-287,5007,grandmaster
2701,2647,2674,54,5348,grandmaster
2327,2473,2400,-146,4800,master
2722,2622,2672,100,5344,grandmaster
2393,2472,2432,-79,4865,master
2274,2455,2364,-181,4729,master
2395,2430,2412,-35,4825,master
2381,2551,2466,-170,4932,master
2528,2408,2468,120,4936,master
2517,2233,2375,284,4750,master
1822,1643,1732,179,3465,novice
2608,2640,2624,-32,5248,grandmaster
2184,2250,2217,-66,4434,average
2313,2242,2277,71,4555,average
2338,2520,2429,-182,4858,master
2446,2121,2283,325,4567,average
2383,2231,2307,152,4614,master
2569,2512,2540,57,5081,grandmaster
2379,2394,2386,-15,4773,master
2495,2282,2388,213,4777,master
2191,2092,2141,99,4283,average
2207,2406,2306,-199,4613,master
2446,2173,2309,273,4619,master
2139,2246,2192,-107,4385,average
2285,2363,2324,-78,4648,master
2713,2734,2723,-21,5447,grandmaster
2481,2371,2426,110,4852,master
2406,2249,2327,157,4655,master
2504,1981,2242,523,4485,average
2471,2096,2283,375,4567,average
2613,2815,2714,-202,5428,grandmaster
2493,2106,2299,387,4599,average
2513,2372,2442,141,4885,master
2531,2329,2430,202,4860,master
2501,2565,2533,-64,5066,grandmaster
2282,2479,2380,-197,4761,master
2574,2260,2417,314,4834,master
2436,2584,2510,-148,5020,grandmaster
2465,2277,2371,188,4742,master
1981,2279,2130,-298,4260,average
2408,2256,2332,152,4664,master
2535,2605,2570,-70,5140,grandmaster
2401,2170,2285,231,4571,average
2072,1733,1902,339,3805,novice
2235,2099,2167,136,4334,average
2225,2428,2326,-203,4653,master
2348,2291,2319,57,4639,master
2513,2539,2526,-26,5052,grandmaster
2514,2402,2458,112,4916,master
2381,2232,2306,149,4613,master
2621,2613,2617,8,5234,grandmaster
2309,2424,2366,-115,4733,master
2195,2610,2402,-415,4805,master
2213,2246,2229,-33,4459,average
2396,2294,2345,102,4690,master
1963,1923,1943,40,3886,novice
2180,2449,2314,-269,4629,master
2553,2440,2496,113,4993,master
2344,2311,2327,33,4655,master
2410,2470,2440,-60,4880,master
2134,2055,2094,79,4189,novice
1948,1696,1822,252,3644,novice
2044,2477,2260,-433,4521,average
2604,2455,2529,149,5059,grandmaster
2692,2654,2673,38,5346,grandmaster
2376,2175,2275,201,4551,average
2097,2334,2215,-237,4431,average
2172,2072,2122,100,4244,average
2520,2266,2393,254,4786,master
2402,2360,2381,42,4762,master
2346,2378,2362,-32,4724,master
2375,2114,2244,261,4489,average
2445,2224,2334,221,4669,master
2585,2317,2451,268,4902,master
2283,2200,2241,83,4483,average
2137,2261,2199,-124,4398,average
2408,2258,2333,150,4666,master
2072,1726,1899,346,3798,novice
2045,2274,2159,-229,4319,average
2322,2384,2353,-62,4706,master
2640,2569,2604,71,5209,grandmaster
2074,1891,1982,183,3965,novice
2359,2471,2415,-112,4830,master
2119,1789,1954,330,3908,novice
2590,2484,2537,106,5074,grandmaster
2414,2662,2538,-248,5076,grandmaster
2449,2219,2334,230,4668,master
2371,2433,2402,-62,4804,master
2379,2288,2333,91,4667,master
2323,2442,2382,-119,4765,master
2195,2520,2357,-325,4715,master
2271,2489,2380,-218,4760,master
2239,2404,2321,-165,4643,master
2098,1923,2010,175,4021,novice
2459,2595,2527,-136,5054,grandmaster
2353,2055,2204,298,4408,average
2617,2295,2456,322,4912,master
2252,2211,2231,41,4463,average
2625,2658,2641,-33,5283,grandmaster
2538,2579,2558,-41,5117,grandmaster
2664,2704,2684,-40,5368,grandmaster
1914,2188,2051,-274,4102,novice
1843,2278,2060,-435,4121,novice
2268,2311,2289,-43,4579,average
2206,1946,2076,260,4152,novice
2185,2252,2218,-67,4437,average
2526,2533,2529,-7,5059,grandmaster
2520,2479,2499,41,4999,master
2220,2435,2327,-215,4655,master
2438,2441,2439,-3,4879,master
2243,2241,2242,2,4484,average
2367,2485,2426,-118,4852,master
2360,2450,2405,-90,4810,master
2469,2159,2314,310,4628,master
2446,2501,2473,-55,4947,master
2371,2431,2401,-60,4802,master
2366,2506,2436,-140,4872,master
2172,2389,2280,-217,4561,average
2681,2596,2638,85,5277,grandmaster
2080,1756,1918,324,3836,novice
2331,2447,2389,-116,4778,master
2422,2519,2470,-97,4941,master
2042,1935,1988,107,3977,novice
2332,2416,2374,-84,4748,master
2508,2228,2368,280,4736,master
2424,2481,2452,-57,4905,master
2305,2387,2346,-82,4692,master
2392,2537,2464,-145,4929,master
2102,2332,2217,-230,4434,average
2501,2380,2440,121,4881,master
2284,2406,2345,-122,4690,master
2663,2598,2630,65,5261,grandmaster
2741,2772,2756,-31,5513,grandmaster
2596,2252,2424,344,4848,master
2672,2488,2580,184,5160,grandmaster
2212,2026,2119,186,4238,average
2477,2387,2432,90,4864,master
2379,2376,2377,3,4755,master
2244,2391,2317,-147,4635,master
1916,2107,2011,-191,4023,novice
2672,2746,2709,-74,5418,grandmaster
2268,2484,2376,-216,4752,master
2341,2458,2399,-117,4799,master
2371,2315,2343,56,4686,master
1962,2242,2102,-280,4204,average
2180,2442,2311,-262,4622,master
2351,2561,2456,-210,4912,master
2782,2753,2767,29,5535,grandmaster
2427,2419,2423,8,4846,master
2335,2458,2396,-123,4793,master
2245,1922,2083,323,4167,novice
2508,2453,2480,55,4961,master
2191,2390,2290,-199,4581,average
2567,2697,2632,-130,5264,grandmaster
2713,2712,2712,1,5425,grandmaster
2566,2026,2296,540,4592,average
2416,2234,2325,182,4650,master
2237,2347,2292,-110,4584,average
2556,2329,2442,227,4885,master
2556,2053,2304,503,4609,master
2460,2520,2490,-60,4980,master
2371,2646,2508,-275,5017,grandmaster
2518,2620,2569,-102,5138,grandmaster
2331,2225,2278,106,4556,average
2257,1715,1986,542,3972,novice
2618,2740,2679,-122,5358,grandmaster
1829,2442,2135,-613,4271,average
2362,2407,2384,-45,4769,master
2237,2270,2253,-33,4507,average
2686,2559,2622,127,5245,grandmaster
2215,2415,2315,-200,4630,master
2279,2461,2370,-182,4740,master
2305,2390,2347,-85,4695,master
2654,2549,2601,105,5203,grandmaster
2074,2284,2179,-210,4358,average
2598,2389,2493,209,4987,master
2406,2202,2304,204,4608,master
2503,2532,2517,-29,5035,grandmaster
2265,2561,2413,-296,4826,master
2328,2551,2439,-223,4879,master
2481,2590,2535,-109,5071,grandmaster
2422,2222,2322,200,4644,master
2662,2653,2657,9,5315,grandmaster
1931,1828,1879,103,3759,novice
2473,2242,2357,231,4715,master
2172,2495,2333,-323,4667,master
2708,2731,2719,-23,5439,grandmaster
2287,2354,2320,-67,4641,master
1992,1316,1654,676,3308,novice
2467,2206,2336,261,4673,master
2573,2297,2435,276,4870,master
2249,2270,2259,-21,4519,average
2663,2667,2665,-4,5330,grandmaster
2216,2275,2245,-59,4491,average
2386,2602,2494,-216,4988,master
1860,2020,1940,-160,3880,novice
1782,1999,1890,-217,3781,novice
2516,2434,2475,82,4950,master
2434,2322,2378,112,4756,master
2208,2390,2299,-182,4598,average
2430,2093,2261,337,4523,average
2433,2372,2402,61,4805,master
2112,2686,2399,-574,4798,master
2442,2381,2411,61,4823,master
1593,2280,1936,-687,3873,novice
1856,2243,2049,-387,4099,novice
2201,2345,2273,-144,4546,average
2524,2419,2471,105,4943,master
2229,2416,2322,-187,4645,master
2120,2128,2124,-8,4248,average
1970,2247,2108,-277,4217,average
2503,2331,2417,172,4834,master
2330,2541,2435,-211,4871,master
2377,2498,2437,-121,4875,master
2615,2580,2597,35,5195,grandmaster
2619,2707,2663,-88,5326,grandmaster
2359,2423,2391,-64,4782,master
2381,2143,2262,238,4524,average
2253,2310,2281,-57,4563,average
2588,2393,2490,195,4981,master
2021,2292,2156,-271,4313,average
2148,2567,2357,-419,4715,master
2359,2462,2410,-103,4821,master
2289,2434,2361,-145,4723,master
2301,2555,2428,-254,4856,master
1502,1490,1496,12,2992,novice
2506,2253,2379,253,4759,master
2448,2352,2400,96,4800,master
2554,2101,2327,453,4655,master
2755,2611,2683,144,5366,grandmaster
2405,2430,2417,-25,4835,master
2508,2285,2396,223,4793,master
2323,2287,2305,36,4610,master
2323,2414,2368,-91,4737,master
2209,2132,2170,77,4341,average
2676,2624,2650,52,5300,grandmaster
2043,2020,2031,23,4063,novice
2253,2531,2392,-278,4784,master
2288,2110,2199,178,4398,average
2447,2254,2350,193,4701,master
2482,2445,2463,37,4927,master
2421,2547,2484,-126,4968,master
2396,2186,2291,210,4582,average
2632,2428,2530,204,5060,grandmaster
2630,2344,2487,286,4974,master
2200,2352,2276,-152,4552,average
2456,2472,2464,-16,4928,master
2665,2655,2660,10,5320,grandmaster
2689,2407,2548,282,5096,grandmaster
2716,2584,2650,132,5300,grandmaster
2792,2628,2710,164,5420,grandmaster
1767,2120,1943,-353,3887,novice
2019,1867,1943,152,3886,novice
2518,2277,2397,241,4795,master
2492,2382,2437,110,4874,master
2254,2580,2417,-326,4834,master
2290,2196,2243,94,4486,average
2543,2436,2489,107,4979,master
2504,2318,2411,186,4822,master
2406,2009,2207,397,4415,average
2371,2532,2451,-161,4903,master
2149,2053,2101,96,4202,average
2270,2181,2225,89,4451,average
2112,2188,2150,-76,4300,average
2287,2531,2409,-244,4818,master
2251,2303,2277,-52,4554,average
2442,2567,2504,-125,5009,grandmaster
2369,2197,2283,172,4566,average
2492,2650,2571,-158,5142,grandmaster
2521,2622,2571,-101,5143,grandmaster
2507,2439,2473,68,4946,master
2522,2282,2402,240,4804,master
2343,2328,2335,15,4671,master
2195,2463,2329,-268,4658,master
2339,2313,2326,26,4652,master
2273,2448,2360,-175,4721,master
2395,2435,2415,-40,4830,master
2381,2296,2338,85,4677,master
2223,2596,2409,-373,4819,master
2522,2577,2549,-55,5099,grandmaster
2438,2325,2381,113,4763,master
1950,2139,2044,-189,4089,novice
2506,2402,2454,104,4908,master
2423,2492,2457,-69,4915,master
2341,2367,2354,-26,4708,master
2136,2336,2236,-200,4472,average
2306,2601,2453,-295,4907,master
2586,2224,2405,362,4810,master
2500,2252,2376,248,4752,master
2416,2226,2321,190,4642,master
2378,2614,2496,-236,4992,master
2150,2556,2353,-406,4706,master
2517,2530,2523,-13,5047,grandmaster
2249,2458,2353,-209,4707,master
2427,2502,2464,-75,4929,master
2135,2418,2276,-283,4553,average
1929,2006,1967,-77,3935,novice
2685,2397,2541,288,5082,grandmaster
2171,1969,2070,202,4140,novice
2160,2316,2238,-156,4476,average
2438,2275,2356,163,4713,master
2457,2441,2449,16,4898,master
2145,2462,2303,-317,4607,master
2506,2271,2388,235,4777,master
2053,2195,2124,-142,4248,average
2476,2549,2512,-73,5025,grandmaster
2343,2428,2385,-85,4771,master
2481,2508,2494,-27,4989,master
2355,2408,2381,-53,4763,master
2590,2133,2361,457,4723,master
2387,2523,2455,-136,4910,master
2675,2546,2610,129,5221,grandmaster
2282,2010,2146,272,4292,average
2435,2065,2250,370,4500,average
2419,2206,2312,213,4625,master
2203,2463,2333,-260,4666,master
2524,2504,2514,20,5028,grandmaster
2323,2583,2453,-260,4906,master
2147,2339,2243,-192,4486,average
2434,2455,2444,-21,4889,master
2300,2194,2247,106,4494,average
2217,2170,2193,47,4387,average
2243,2078,2160,165,4321,average
2561,2133,2347,428,4694,master
2562,2693,2627,-131,5255,grandmaster
2457,2467,2462,-10,4924,master
1945,1762,1853,183,3707,novice
2562,2326,2444,236,4888,master
1847,2068,1957,-221,3915,novice
2493,2227,2360,266,4720,master
1601,2134,1867,-533,3735,novice
2367,2526,2446,-159,4893,master
1546,1826,1686,-280,3372,novice
1968,1941,1954,27,3909,novice
2596,2399,2497,197,4995,master
2024,2376,2200,-352,4400,average
2737,2723,2730,14,5460,grandmaster
2404,2583,2493,-179,4987,master
2171,2338,2254,-167,4509,average
2374,2446,2410,-72,4820,master
2331,2463,2397,-132,4794,master
2693,2607,2650,86,5300,grandmaster
2147,2643,2395,-496,4790,master
2357,2230,2293,127,4587,average
2291,2285,2288,6,4576,average
2001,2247,2124,-246,4248,average
2157,2043,2100,114,4200,novice
2449,2313,2381,136,4762,master
2389,2390,2389,-1,4779,master
2651,2683,2667,-32,5334,grandmaster
2439,2329,2384,110,4768,master
2504,2112,2308,392,4616,master
2772,2702,2737,70,5474,grandmaster
2328,2097,2212,231,4425,average
1994,2445,2219,-451,4439,average
2030,2363,2196,-333,4393,average
2412,2244,2328,168,4656,master
2251,2659,2455,-408,4910,master
2205,2275,2240,-70,4480,average
2329,2512,2420,-183,4841,master
2384,2647,2515,-263,5031,grandmaster
2547,2514,2530,33,5061,grandmaster
2609,2558,2583,51,5167,grandmaster
2459,2581,2520,-122,5040,grandmaster
2187,2079,2133,108,4266,average
2329,2354,2341,-25,4683,master
2497,2435,2466,62,4932,master
2342,2095,2218,247,4437,average
1864,2210,2037,-346,4074,novice
2565,2334,2449,231,4899,master
2409,2564,2486,-155,4973,master
2278,2386,2332,-108,4664,master
1930,1977,1953,-47,3907,novice
2193,1823,2008,370,4016,novice
2414,2017,2215,397,4431,average
2459,2443,2451,16,4902,master
2439,2506,2472,-67,4945,master
2263,2427,2345,-164,4690,master
2391,2212,2301,179,4603,master
2368,2380,2374,-12,4748,master
2329,2244,2286,85,4573,average
2458,2368,2413,90,4826,master
2494,2269,2381,225,4763,master
2168,2423,2295,-255,4591,average
2517,2243,2380,274,4760,master
2347,2524,2435,-177,4871,master
2351,2388,2369,-37,4739,master
2440,2641,2540,-201,5081,grandmaster
2498,2290,2394,208,4788,master
2474,2320,2397,154,4794,master
2526,2308,2417,218,4834,master
2081,2351,2216,-270,4432,average
2418,2481,2449,-63,4899,master
2468,2416,2442,52,4884,master
2613,2442,2527,171,5055,grandmaster
2647,2570,2608,77,5217,grandmaster
2651,2620,2635,31,5271,grandmaster
1944,2028,1986,-84,3972,novice
2031,2154,2092,-123,4185,novice
2169,2047,2108,122,4216,average
2424,2374,2399,50,4798,master
2520,2569,2544,-49,5089,grandmaster
2213,2165,2189,48,4378,average
2091,2216,2153,-125,4307,average
1995,2108,2051,-113,4103,novice
2493,2406,2449,87,4899,master
2359,2621,2490,-262,4980,master
2019,1633,1826,386,3652,novice
2132,1845,1988,287,3977,novice
2512,2094,2303,418,4606,master
2711,2482,2596,229,5193,grandmaster
2426,2442,2434,-16,4868,master
2490,2401,2445,89,4891,master
2090,2157,2123,-67,4247,average
2411,2421,2416,-10,4832,master
2193,2167,2180,26,4360,average
2553,2560,2556,-7,5113,grandmaster
2193,2270,2231,-77,4463,average
1977,1839,1908,138,3816,novice
2447,2616,2531,-169,5063,grandmaster
1934,2109,2021,-175,4043,novice
2529,2350,2439,179,4879,master
2440,2166,2303,274,4606,master
2244,2166,2205,78,4410,average
2419,2157,2288,262,4576,average
1881,2106,1993,-225,3987,novice
2338,2270,2304,68,4608,master
2498,2290,2394,208,4788,master
2419,2177,2298,242,4596,average
2593,2471,2532,122,5064,grandmaster
2785,2779,2782,6,5564,grandmaster
2232,2433,2332,-201,4665,master
2567,2315,2441,252,4882,master
2387,2463,2425,-76,4850,master
2250,2307,2278,-57,4557,average
2302,2150,2226,152,4452,average
2471,2307,2389,164,4778,master
2223,2478,2350,-255,4701,master
2286,2468,2377,-182,4754,master
2426,2550,2488,-124,4976,master
2230,2479,2354,-249,4709,master
2558,2462,2510,96,5020,grandmaster
2374,2476,2425,-102,4850,master
2239,2099,2169,140,4338,average
2494,2431,2462,63,4925,master
2645,2586,2615,59,5231,grandmaster
2235,2503,2369,-268,4738,master
2298,2198,2248,100,4496,average
2267,2525,2396,-258,4792,master
2227,2199,2213,28,4426,average
2196,2462,2329,-266,4658,master
2272,2410,2341,-138,4682,master
2410,2014,2212,396,4424,average
2720,2772,2746,-52,5492,grandmaster
2363,2419,2391,-56,4782,master
2267,2200,2233,67,4467,average
2453,2189,2321,264,4642,master
2536,2515,2525,21,5051,grandmaster
2258,2411,2334,-153,4669,master
2014,1980,1997,34,3994,novice
2133,2622,2377,-489,4755,master
2010,2204,2107,-194,4214,average
2243,2225,2234,18,4468,average
2242,2402,2322,-160,4644,master
2318,2310,2314,8,4628,master
2164,2257,2210,-93,4421,average
2507,2552,2529,-45,5059,grandmaster
2414,2458,2436,-44,4872,master
2130,2295,2212,-165,4425,average
2524,2263,2393,261,4787,master
2525,2267,2396,258,4792,master
2390,2262,2326,128,4652,master
2431,2293,2362,138,4724,master
2560,2389,2474,171,4949,master
2405,2379,2392,26,4784,master
2001,1984,1992,17,3985,novice
2272,2560,2416,-288,4832,master
2491,2306,2398,185,4797,master
2098,2164,2131,-66,4262,average
2771,2733,2752,38,5504,grandmaster
2501,2557,2529,-56,5058,grandmaster
2284,2382,2333,-98,4666,master
2421,2335,2378,86,4756,master
2366,2279,2322,87,4645,master
2324,2537,2430,-213,4861,master
2328,1904,2116,424,4232,average
2502,1894,2198,608,4396,average
1677,2173,1925,-496,3850,novice
2324,2450,2387,-126,4774,master
2443,2481,2462,-38,4924,master
2287,2441,2364,-154,4728,master
2394,2476,2435,-82,4870,master
2394,2333,2363,61,4727,master
2277,2387,2332,-110,4664,master
2593,2384,2488,209,4977,master
1589,1697,1643,-108,3286,novice
2323,2300,2311,23,4623,master
2033,1879,1956,154,3912,novice
2407,2579,2493,-172,4986,master
2593,2437,2515,156,5030,grandmaster
2705,2628,2666,77,5333,grandmaster
2204,2428,2316,-224,4632,master
2369,2491,2430,-122,4860,master
2242,2281,2261,-39,4523,average
2665,2656,2660,9,5321,grandmaster
2454,2399,2426,55,4853,master
2386,2602,2494,-216,4988,master
2524,2251,2387,273,4775,master
2395,2518,2456,-123,4913,master
2179,2041,2110,138,4220,average
2649,2680,2664,-31,5329,grandmaster
2137,2398,2267,-261,4535,average
2506,2565,2535,-59,5071,grandmaster
2456,2619,2537,-163,5075,grandmaster
2542,2405,2473,137,4947,master
2454,2154,2304,300,4608,master
2506,2449,2477,57,4955,master
2392,2458,2425,-66,4850,master
2271,2393,2332,-122,4664,master
1627,1788,1707,-161,3415,novice
2434,2256,2345,178,4690,master
2465,2183,2324,282,4648,master
2380,2167,2273,213,4547,average
2700,2615,2657,85,5315,grandmaster
2463,2547,2505,-84,5010,grandmaster
2452,2310,2381,142,4762,master
2256,2159,2207,97,4415,average
2539,2605,2572,-66,5144,grandmaster
2601,2416,2508,185,5017,grandmaster
2566,1934,2250,632,4500,average
2749,2216,2482,533,4965,master
2399,2493,2446,-94,4892,master
2267,2278,2272,-11,4545,average
2393,1988,2190,405,4381,average
2544,2716,2630,-172,5260,grandmaster
2204,2065,2134,139,4269,average
2084,2310,2197,-226,4394,average
2528,2277,2402,251,4805,master
2146,2398,2272,-252,4544,average
2582,2402,2492,180,4984,master
2195,2325,2260,-130,4520,average
2564,2674,2619,-110,5238,grandmaster
2188,2417,2302,-229,4605,master
2251,2459,2355,-208,4710,master
2512,2638,2575,-126,5150,grandmaster
2624,2579,2601,45,5203,grandmaster
2167,2480,2323,-313,4647,master
2241,2285,2263,-44,4526,average
2354,2237,2295,117,4591,average
2644,2510,2577,134,5154,grandmaster
2425,2473,2449,-48,4898,master
2006,2230,2118,-224,4236,average
2328,2480,2404,-152,4808,master
2539,2671,2605,-132,5210,grandmaster
2216,2381,2298,-165,4597,average
2249,2053,2151,196,4302,average
2380,2375,2377,5,4755,master
2506,2543,2524,-37,5049,grandmaster
2382,2283,2332,99,4665,master
2437,2195,2316,242,4632,master
1921,2162,2041,-241,4083,novice
2625,2476,2550,149,5101,grandmaster
2458,2470,2464,-12,4928,master
2483,2495,2489,-12,4978,master
2416,2710,2563,-294,5126,grandmaster
2039,2194,2116,-155,4233,average
2687,2707,2697,-20,5394,grandmaster
1830,2177,2003,-347,4007,novice
2181,2138,2159,43,4319,average
1877,1902,1889,-25,3779,novice
2659,2344,2501,315,5003,grandmaster
2167,2235,2201,-68,4402,average
2291,2149,2220,142,4440,average
2186,2312,2249,-126,4498,average
2220,2497,2358,-277,4717,master
2198,2582,2390,-384,4780,master
2046,2076,2061,-30,4122,novice
2388,2160,2274,228,4548,average
2401,2548,2474,-147,4949,master
2456,2153,2304,303,4609,master
2364,2059,2211,305,4423,average
2446,2091,2268,355,4537,average
2595,2601,2598,-6,5196,grandmaster
2198,2397,2297,-199,4595,average
2752,2591,2671,161,5343,grandmaster
2109,1952,2030,157,4061,novice
2364,2569,2466,-205,4933,master
2385,2665,2525,-280,5050,grandmaster
2331,2125,2228,206,4456,average
2339,2452,2395,-113,4791,master
2234,1916,2075,318,4150,novice
2391,2422,2406,-31,4813,master
1841,1897,1869,-56,3738,novice
2182,1981,2081,201,4163,novice
2516,2516,2516,0,5032,grandmaster
1874,2011,1942,-137,3885,novice
2552,2331,2441,221,4883,master
2002,2089,2045,-87,4091,novice
2008,1866,1937,142,3874,novice
2168,2255,2211,-87,4423,average
2556,2183,2369,373,4739,master
2437,2310,2373,127,4747,master
1820,1881,1850,-61,3701,novice
2196,2528,2362,-332,4724,master
2398,2439,2418,-41,4837,master
2388,2291,2339,97,4679,master
2266,2437,2351,-171,4703,master
2454,2284,2369,170,4738,master
2688,2515,2601,173,5203,grandmaster
2278,2027,2152,251,4305,average
2389,2441,2415,-52,4830,master
2632,2419,2525,213,5051,grandmaster
2645,2881,2763,-236,5526,grandmaster
2164,2349,2256,-185,4513,average
2252,2419,2335,-167,4671,master
2313,2459,2386,-146,4772,master
2513,2120,2316,393,4633,master
2204,2292,2248,-88,4496,average
2518,2232,2375,286,4750,master
2313,2069,2191,244,4382,average
2064,2196,2130,-132,4260,average
2544,2298,2421,246,4842,master
2559,2383,2471,176,4942,master
2516,2396,2456,120,4912,master
2408,2505,2456,-97,4913,master
2493,2188,2340,305,4681,master
1983,2251,2117,-268,4234,average
2251,2188,2219,63,4439,average
2526,2528,2527,-2,5054,grandmaster
2458,2334,2396,124,4792,master
2216,2487,2351,-271,4703,master
2242,2031,2136,211,4273,average
2280,2416,2348,-136,4696,master
1629,1771,1700,-142,3400,novice
1994,2184,2089,-190,4178,novice
2281,2525,2403,-244,4806,master
2345,2368,2356,-23,4713,master
2081,1796,1938,285,3877,novice
2437,2281,2359,156,4718,master
2272,1990,2131,282,4262,average
2219,1909,2064,310,4128,novice
2023,2206,2114,-183,4229,average
1855,2414,2134,-559,4269,average
2375,2230,2302,145,4605,master
2126,2352,2239,-226,4478,average
2375,2559,2467,-184,4934,master
2305,2417,2361,-112,4722,master
2129,2243,2186,-114,4372,average
2301,2599,2450,-298,4900,master
2130,2487,2308,-357,4617,master
2548,2578,2563,-30,5126,grandmaster
2396,2552,2474,-156,4948,master
2464,2686,2575,-222,5150,grandmaster
2095,2211,2153,-116,4306,average
2336,2054,2195,282,4390,average
2516,2482,2499,34,4998,master
2321,2457,2389,-136,4778,master
2631,2563,2597,68,5194,grandmaster
2162,2281,2221,-119,4443,average
2450,2197,2323,253,4647,master
2172,1948,2060,224,4120,novice
2257,2258,2257,-1,4515,average
2448,2216,2332,232,4664,master
2389,2207,2298,182,4596,average
2129,1929,2029,200,4058,novice
2483,2491,2487,-8,4974,master
2090,2197,2143,-107,4287,average
2053,2381,2217,-328,4434,average
2637,2556,2596,81,5193,grandmaster
2410,2306,2358,104,4716,master
2518,2212,2365,306,4730,master
2154,2448,2301,-294,4602,master
2521,2458,2489,63,4979,master
1968,1848,1908,120,3816,novice
2022,1546,1784,476,3568,novice
2353,2343,2348,10,4696,master
2541,2446,2493,95,4987,master
2170,2511,2340,-341,4681,master
2484,2132,2308,352,4616,master
1830,2054,1942,-224,3884,novice
2632,2663,2647,-31,5295,grandmaster
2447,2295,2371,152,4742,master
2591,2186,2388,405,4777,master
2202,2147,2174,55,4349,average
2450,2235,2342,215,4685,master
2390,2607,2498,-217,4997,master
2401,2422,2411,-21,4823,master
2236,2417,2326,-181,4653,master
2546,2422,2484,124,4968,master
2389,2235,2312,154,4624,master
2566,2714,2640,-148,5280,grandmaster
1498,1988,1743,-490,3486,novice
2277,2086,2181,191,4363,average
2340,2526,2433,-186,4866,master
2713,2735,2724,-22,5448,grandmaster
2302,2476,2389,-174,4778,master
2454,2450,2452,4,4904,master
2578,2624,2601,-46,5202,grandmaster
2532,2636,2584,-104,5168,grandmaster
2199,2097,2148,102,4296,average
2519,2371,2445,148,4890,master
2186,2334,2260,-148,4520,average
2120,2589,2354,-469,4709,master
2285,2459,2372,-174,4744,master
2419,2370,2394,49,4789,master
2691,2427,2559,264,5118,grandmaster
2362,2557,2459,-195,4919,master
2730,2775,2752,-45,5505,grandmaster
2321,2330,2325,-9,4651,master
2450,2260,2355,190,4710,master
2338,2152,2245,186,4490,average
2503,2547,2525,-44,5050,grandmaster
2306,2423,2364,-117,4729,master
2663,2615,2639,48,5278,grandmaster
2446,2269,2357,177,4715,master
2483,2425,2454,58,4908,master
2052,2003,2027,49,4055,novice
2423,2556,2489,-133,4979,master
2250,2354,2302,-104,4604,master
2257,2190,2223,67,4447,average
2430,2100,2265,330,4530,average
2520,2470,2495,50,4990,master
2408,2483,2445,-75,4891,master
2329,2155,2242,174,4484,average
2230,2349,2289,-119,4579,average
2663,2150,2406,513,4813,master
2332,2336,2334,-4,4668,master
2414,2616,2515,-202,5030,grandmaster
2417,2492,2454,-75,4909,master
2444,2384,2414,60,4828,master
2297,2042,2169,255,4339,average
2677,2569,2623,108,5246,grandmaster
2035,2352,2193,-317,4387,average
2345,2540,2442,-195,4885,master
2547,2226,2386,321,4773,master
2213,2286,2249,-73,4499,average
1850,2320,2085,-470,4170,novice
2026,1876,1951,150,3902,novice
2459,2473,2466,-14,4932,master
2416,2351,2383,65,4767,master
2585,2208,2396,377,4793,master
2218,2335,2276,-117,4553,average
2351,2440,2395,-89,4791,master
2110,1828,1969,282,3938,novice
2187,2559,2373,-372,4746,master
2294,1798,2046,496,4092,novice
2433,2543,2488,-110,4976,master
2124,2231,2177,-107,4355,average
2295,2563,2429,-268,4858,master
2423,2484,2453,-61,4907,master
2171,2033,2102,138,4204,average
2622,2709,2665,-87,5331,grandmaster
2263,2434,2348,-171,4697,master
2124,2160,2142,-36,4284,average
2421,2625,2523,-204,5046,grandmaster
2362,2259,2310,103,4621,master
1874,1940,1907,-66,3814,novice
2249,2482,2365,-233,4731,master
2232,2338,2285,-106,4570,average
2158,2345,2251,-187,4503,average
2183,2190,2186,-7,4373,average
2235,2571,2403,-336,4806,master
2283,2395,2339,-112,4678,master
2194,2527,2360,-333,4721,master
2135,2098,2116,37,4233,average
2035,1592,1813,443,3627,novice
2011,1872,1941,139,3883,novice
2273,2272,2272,1,4545,average
2027,2216,2121,-189,4243,average
2568,2312,2440,256,4880,master
2314,2567,2440,-253,4881,master
2150,2225,2187,-75,4375,average
2061,2246,2153,-185,4307,average
2403,2590,2496,-187,4993,master
2443,2395,2419,48,4838,master
2330,2464,2397,-134,4794,master
2169,2271,2220,-102,4440,average
2639,2608,2623,31,5247,grandmaster
2072,2510,2291,-438,4582,average
2167,2014,2090,153,4181,novice
2389,2576,2482,-187,4965,master
2447,2263,2355,184,4710,master
2417,2290,2353,127,4707,master
2244,2500,2372,-256,4744,master
2614,2309,2461,305,4923,master
2334,2279,2306,55,4613,master
2641,2567,2604,74,5208,grandmaster
2236,2638,2437,-402,4874,master
1741,2036,1888,-295,3777,novice
2135,2113,2124,22,4248,average
1774,1939,1856,-165,3713,novice
2485,2141,2313,344,4626,master
2406,2195,2300,211,4601,average
2210,2256,2233,-46,4466,average
2160,2449,2304,-289,4609,master
2131,2244,2187,-113,4375,average
2277,2426,2351,-149,4703,master
2084,1997,2040,87,4081,novice
2452,2657,2554,-205,5109,grandmaster
2230,2393,2311,-163,4623,master
2180,1941,2060,239,4121,novice
2511,2374,2442,137,4885,master
2393,2454,2423,-61,4847,master
2401,2173,2287,228,4574,average
2574,2457,2515,117,5031,grandmaster
1723,2365,2044,-642,4088,novice
2306,2199,2252,107,4505,average
2083,1883,1983,200,3966,novice
2500,2191,2345,309,4691,master
2252,2399,2325,-147,4651,master
2290,2185,2237,105,4475,average
2026,2655,2340,-629,4681,master
2302,2470,2386,-168,4772,master
2238,2120,2179,118,4358,average
2320,2440,2380,-120,4760,master
2480,2495,2487,-15,4975,master
2381,2236,2308,145,4617,master
2271,2428,2349,-157,4699,master
2094,1941,2017,153,4035,novice
2438,2329,2383,109,4767,master
2714,2425,2569,289,5139,grandmaster
2216,2399,2307,-183,4615,master
2383,2560,2471,-177,4943,master
2231,2404,2317,-173,4635,master
2503,2223,2363,280,4726,master
2033,2226,2129,-193,4259,average
2328,2417,2372,-89,4745,master
2733,2578,2655,155,5311,grandmaster
2043,2371,2207,-328,4414,average
2371,2177,2274,194,4548,average
2165,2174,2169,-9,4339,average
1771,1638,1704,133,3409,novice
2553,2664,2608,-111,5217,grandmaster
2567,2259,2413,308,4826,master
2520,2172,2346,348,4692,master
2515,2257,2386,258,4772,master
2621,2698,2659,-77,5319,grandmaster
1579,1932,1755,-353,3511,novice
2510,2376,2443,134,4886,master
2044,2483,2263,-439,4527,average
2211,1927,2069,284,4138,novice
2113,2224,2168,-111,4337,average
2412,2491,2451,-79,4903,master
2344,2413,2378,-69,4757,master
2315,2568,2441,-253,4883,master
2442,2422,2432,20,4864,master
2410,2411,2410,-1,4821,master
2170,2457,2313,-287,4627,master
2636,2474,2555,162,5110,grandmaster
2499,2428,2463,71,4927,master
2515,2395,2455,120,4910,master
2240,2568,2404,-328,4808,master
2516,2570,2543,-54,5086,grandmaster
2441,2511,2476,-70,4952,master
2223,1982,2102,241,4205,average
2442,2174,2308,268,4616,master
2430,2244,2337,186,4674,master
2066,2412,2239,-346,4478,average
2127,2410,2268,-283,4537,average
2439,2216,2327,223,4655,master
2462,2438,2450,24,4900,master
2454,2460,2457,-6,4914,master
2412,2527,2469,-115,4939,master
2454,2280,2367,174,4734,master
1566,1684,1625,-118,3250,novice
2176,2269,2222,-93,4445,average
2527,2483,2505,44,5010,grandmaster
2612,2705,2658,-93,5317,grandmaster
2400,2459,2429,-59,4859,master
2572,1952,2262,620,4524,average
2442,2204,2323,238,4646,master
2407,2586,2496,-179,4993,master
2498,2303,2400,195,4801,master
2253,2426,2339,-173,4679,master
2613,2231,2422,382,4844,master
2140,2283,2211,-143,4423,average
2251,2260,2255,-9,4511,average
2370,2455,2412,-85,4825,master
2579,2407,2493,172,4986,master
1460,1952,1706,-492,3412,novice
2219,2037,2128,182,4256,average
2627,2570,2598,57,5197,grandmaster
1939,2086,2012,-147,4025,novice
2490,2655,2572,-165,5145,grandmaster
2201,2428,2314,-227,4629,master
2633,2461,2547,172,5094,grandmaster
2271,2287,2279,-16,4558,average
2375,2465,2420,-90,4840,master
1981,2289,2135,-308,4270,average
1994,2373,2183,-379,4367,average
2029,1932,1980,97,3961,novice
2293,2529,2411,-236,4822,master
2601,2306,2453,295,4907,master
2240,2465,2352,-225,4705,master
2334,2409,2371,-75,4743,master
2380,2228,2304,152,4608,master
2628,2336,2482,292,4964,master
2389,2376,2382,13,4765,master
2288,2429,2358,-141,4717,master
2158,2359,2258,-201,4517,average
2445,2553,2499,-108,4998,master
2274,2278,2276,-4,4552,average
2737,2764,2750,-27,5501,grandmaster
2447,2683,2565,-236,5130,grandmaster
2381,2079,2230,302,4460,average
2608,2492,2550,116,5100,grandmaster
2294,2203,2248,91,4497,average
2451,2206,2328,245,4657,master
2192,1962,2077,230,4154,novice
2400,2562,2481,-162,4962,master
2401,2597,2499,-196,4998,master
1985,2081,2033,-96,4066,novice
2283,2303,2293,-20,4586,average
2375,2205,2290,170,4580,average
2640,2612,2626,28,5252,grandmaster
2244,2069,2156,175,4313,average
2584,2466,2525,118,5050,grandmaster
2465,2608,2536,-143,5073,grandmaster
2070,1846,1958,224,3916,novice
2303,2555,2429,-252,4858,master
2133,2261,2197,-128,4394,average
2266,2661,2463,-395,4927,master
2319,1818,2068,501,4137,novice
2365,2440,2402,-75,4805,master
1931,1782,1856,149,3713,novice
2157,2492,2324,-335,4649,master
2276,2385,2330,-109,4661,master
2486,2637,2561,-151,5123,grandmaster
2268,2509,2388,-241,4777,master
2400,2479,2439,-79,4879,master
2126,2229,2177,-103,4355,average
2279,2462,2370,-183,4741,master
2531,2512,2521,19,5043,grandmaster
2228,2419,2323,-191,4647,master
2454,2202,2328,252,4656,master
2278,2442,2360,-164,4720,master
2042,2210,2126,-168,4252,average
2144,2250,2197,-106,4394,average
2441,2681,2561,-240,5122,grandmaster
2376,2364,2370,12,4740,master
2285,2434,2359,-149,4719,master
1937,2137,2037,-200,4074,novice
2454,2292,2373,162,4746,master
2414,2323,2368,91,4737,master
2551,2483,2517,68,5034,grandmaster
2365,2449,2407,-84,4814,master
2550,2575,2562,-25,5125,grandmaster
2477,2430,2453,47,4907,master
2608,2462,2535,146,5070,grandmaster
2214,2547,2380,-333,4761,master
2128,2290,2209,-162,4418,average
2459,2414,2436,45,4873,master
2140,2422,2281,-282,4562,average
2363,2577,2470,-214,4940,master
2413,2452,2432,-39,4865,master
2605,2684,2644,-79,5289,grandmaster
1940,2123,2031,-183,4063,novice
2060,2271,2165,-211,4331,average
2314,2423,2368,-109,4737,master
2271,1935,2103,336,4206,average
2393,2224,2308,169,4617,master
2194,2149,2171,45,4343,average
2566,2357,2461,209,4923,master
2215,2384,2299,-169,4599,average
2224,2095,2159,129,4319,average
2407,2564,2485,-157,4971,master
1964,2433,2198,-469,4397,average
2163,1874,2018,289,4037,novice
2313,2504,2408,-191,4817,master
2460,2521,2490,-61,4981,master
2083,2269,2176,-186,4352,average
2305,2200,2252,105,4505,average
2321,2019,2170,302,4340,average
2580,2435,2507,145,5015,grandmaster
2568,2283,2425,285,4851,master
2418,2266,2342,152,4684,master
2027,2194,2110,-167,4221,average
2298,2499,2398,-201,4797,master
2330,2427,2378,-97,4757,master
2195,2386,2290,-191,4581,average
2669,2555,2612,114,5224,grandmaster
2537,2245,2391,292,4782,master
2027,1907,1967,120,3934,novice
2567,2468,2517,99,5035,grandmaster
2410,2025,2217,385,4435,average
2428,2375,2401,53,4803,master
2374,2119,2246,255,4493,average
2398,2530,2464,-132,4928,master
2498,2702,2600,-204,5200,grandmaster
2482,2271,2376,211,4753,master
2475,2696,2585,-221,5171,grandmaster
2224,2409,2316,-185,4633,master
2580,2719,2649,-139,5299,grandmaster
2366,2183,2274,183,4549,average
2533,2531,2532,2,5064,grandmaster
2536,2656,2596,-120,5192,grandmaster
2527,2335,2431,192,4862,master
2132,2093,2112,39,4225,average
2600,2577,2588,23,5177,grandmaster
2291,2132,2211,159,4423,average
2159,2068,2113,91,4227,average
2264,2004,2134,260,4268,average
2709,2643,2676,66,5352,grandmaster
2537,2245,2391,292,4782,master
2589,2634,2611,-45,5223,grandmaster
2490,2397,2443,93,4887,master
2311,2160,2235,151,4471,average
2384,2320,2352,64,4704,master
2430,2400,2415,30,4830,master
2139,2262,2200,-123,4401,average
2522,2618,2570,-96,5140,grandmaster
2274,2555,2414,-281,4829,master
2347,1856,2101,491,4203,average
2559,2512,2535,47,5071,grandmaster
2468,2276,2372,192,4744,master
2360,2233,2296,127,4593,average
2138,2493,2315,-355,4631,master
2329,2436,2382,-107,4765,master
2369,2250,2309,119,4619,master
2338,2686,2512,-348,5024,grandmaster
2372,2464,2418,-92,4836,master
2321,2434,2377,-113,4755,master
2238,2392,2315,-154,4630,master
2510,2354,2432,156,4864,master
2231,2410,2320,-179,4641,master
2125,1988,2056,137,4113,novice
2619,2730,2674,-111,5349,grandmaster
2425,2137,2281,288,4562,average
2398,2212,2305,186,4610,master
1910,2049,1979,-139,3959,novice
2285,2433,2359,-148,4718,master
1801,1763,1782,38,3564,novice
2477,2424,2450,53,4901,master
2012,2120,2066,-108,4132,novice
2577,2214,2395,363,4791,master
2616,2607,2611,9,5223,grandmaster
2104,2181,2142,-77,4285,average
2466,2465,2465,1,4931,master
1980,2319,2149,-339,4299,average
1655,1585,1620,70,3240,novice
2425,2435,2430,-10,4860,master
2366,2021,2193,345,4387,average
2634,2530,2582,104,5164,grandmaster
2436,2285,2360,151,4721,master
2329,2249,2289,80,4578,average
2087,1846,1966,241,3933,novice
1672,1790,1731,-118,3462,novice
2280,2572,2426,-292,4852,master
2702,2732,2717,-30,5434,grandmaster
2075,2475,2275,-400,4550,average
2327,2528,2427,-201,4855,master
2386,2362,2374,24,4748,master
2404,2557,2480,-153,4961,master
2370,2263,2316,107,4633,master
2568,2545,2556,23,5113,grandmaster
2387,2229,2308,158,4616,master
2508,2242,2375,266,4750,master
2413,1927,2170,486,4340,average
2527,2562,2544,-35,5089,grandmaster
2683,2424,2553,259,5107,grandmaster
1750,1927,1838,-177,3677,novice
2278,2430,2354,-152,4708,master
2660,2650,2655,10,5310,grandmaster
2458,2329,2393,129,4787,master
2371,2306,2338,65,4677,master
1956,1527,1741,429,3483,novice
2227,2030,2128,197,4257,average
2495,2289,2392,206,4784,master
2435,2409,2422,26,4844,master
2287,2469,2378,-182,4756,master
1996,2471,2233,-475,4467,average
2556,2494,2525,62,5050,grandmaster
2082,2036,2059,46,4118,novice
2380,2531,2455,-151,4911,master
2657,2571,2614,86,5228,grandmaster
2435,2350,2392,85,4785,master
2198,2418,2308,-220,4616,master
2402,2438,2420,-36,4840,master
2780,2810,2795,-30,5590,grandmaster
2514,2607,2560,-93,5121,grandmaster
2321,2547,2434,-226,4868,master
2427,2213,2320,214,4640,master
2332,2126,2229,206,4458,average
1411,1933,1672,-522,3344,novice
2267,1954,2110,313,4221,average
2683,2717,2700,-34,5400,grandmaster
2528,2502,2515,26,5030,grandmaster
2553,2549,2551,4,5102,grandmaster
2573,2210,2391,363,4783,master
2332,2490,2411,-158,4822,master
2366,2532,2449,-166,4898,master
2386,2461,2423,-75,4847,master
2483,2732,2607,-249,5215,grandmaster
2153,2704,2428,-551,4857,master
2749,2455,2602,294,5204,grandmaster
2384,2486,2435,-102,4870,master
2579,2588,2583,-9,5167,grandmaster
2346,2562,2454,-216,4908,master
2162,2108,2135,54,4270,average
2647,2341,2494,306,4988,master
2289,2320,2304,-31,4609,master
2456,2433,2444,23,4889,master
2423,2371,2397,52,4794,master
2481,2357,2419,124,4838,master
2516,2562,2539,-46,5078,grandmaster
2449,2405,2427,44,4854,master
2523,2594,2558,-71,5117,grandmaster
2508,2291,2399,217,4799,master
2418,2549,2483,-131,4967,master
2063,2282,2172,-219,4345,average
2323,2172,2247,151,4495,average
2109,2052,2080,57,4161,novice
2027,1931,1979,96,3958,novice
2343,2397,2370,-54,4740,master
2314,2091,2202,223,4405,average
2580,2454,2517,126,5034,grandmaster
2462,2254,2358,208,4716,master
2551,2336,2443,215,4887,master
2299,2448,2373,-149,4747,master
2493,2228,2360,265,4721,master
1949,2169,2059,-220,4118,novice
2519,2301,2410,218,4820,master
2005,2298,2151,-293,4303,average
2418,2507,2462,-89,4925,master
2469,2172,2320,297,4641,master
2304,2371,2337,-67,4675,master
2431,2152,2291,279,4583,average
2207,1861,2034,346,4068,novice
2250,2080,2165,170,4330,average
2642,2563,2602,79,5205,grandmaster
2628,2625,2626,3,5253,grandmaster
2414,2716,2565,-302,5130,grandmaster
2281,2007,2144,274,4288,average
2203,2553,2378,-350,4756,master
2110,2438,2274,-328,4548,average
2435,2266,2350,169,4701,master
2549,2644,2596,-95,5193,grandmaster
2636,2397,2516,239,5033,grandmaster
2296,2296,2296,0,4592,average
2731,2593,2662,138,5324,grandmaster
2616,2002,2309,614,4618,master
2518,2561,2539,-43,5079,grandmaster
2764,2741,2752,23,5505,grandmaster
2716,2784,2750,-68,5500,grandmaster
2435,2157,2296,278,4592,average
2540,2522,2531,18,5062,grandmaster
2403,2385,2394,18,4788,master
2332,2477,2404,-145,4809,master
2357,2332,2344,25,4689,master
2324,2042,2183,282,4366,average
2457,2337,2397,120,4794,master
2311,2639,2475,-328,4950,master
1838,1989,1913,-151,3827,novice
2741,2727,2734,14,5468,grandmaster
2024,2598,2311,-574,4622,master
2225,2586,2405,-361,4811,master
2502,2289,2395,213,4791,master
2617,2711,2664,-94,5328,grandmaster
2564,2357,2460,207,4921,master
2421,2517,2469,-96,4938,master
2237,2157,2197,80,4394,average
2518,2378,2448,140,4896,master
2551,2179,2365,372,4730,master
2192,2416,2304,-224,4608,master
2558,2263,2410,295,4821,master
1908,1434,1671,474,3342,novice
2540,2478,2509,62,5018,grandmaster
1991,2185,2088,-194,4176,novice
2532,2443,2487,89,4975,master
2334,2355,2344,-21,4689,master
2320,2565,2442,-245,4885,master
2346,2276,2311,70,4622,master
2414,2285,2349,129,4699,master
2459,2347,2403,112,4806,master
2035,1917,1976,118,3952,novice
2684,2251,2467,433,4935,master
2189,2590,2389,-401,4779,master
2559,2303,2431,256,4862,master
2595,2623,2609,-28,5218,grandmaster
2500,2309,2404,191,4809,master
2508,2567,2537,-59,5075,grandmaster
2122,1902,2012,220,4024,novice
2473,2576,2524,-103,5049,grandmaster
2211,2242,2226,-31,4453,average
2485,2420,2452,65,4905,master
2648,2632,2640,16,5280,grandmaster
2473,2400,2436,73,4873,master
2353,2527,2440,-174,4880,master
2403,2342,2372,61,4745,master
2313,2513,2413,-200,4826,master
2161,1921,2041,240,4082,novice
2286,2440,2363,-154,4726,master
2375,1943,2159,432,4318,average
2265,2064,2164,201,4329,average
2641,2707,2674,-66,5348,grandmaster
2198,1789,1993,409,3987,novice
2563,1942,2252,621,4505,average
2548,2518,2533,30,5066,grandmaster
2227,2468,2347,-241,4695,master
2509,2452,2480,57,4961,master
2125,2426,2275,-301,4551,average
2239,2383,2311,-144,4622,master
2395,2163,2279,232,4558,average
2440,2512,2476,-72,4952,master
2273,2398,2335,-125,4671,master
1780,2130,1955,-350,3910,novice
2316,2190,2253,126,4506,average
1886,2263,2074,-377,4149,novice
2199,1956,2077,243,4155,novice
2568,2407,2487,161,4975,master
2363,2244,2303,119,4607,master
2118,2024,2071,94,4142,novice
2020,2267,2143,-247,4287,average
2607,2577,2592,30,5184,grandmaster
2248,1905,2076,343,4153,novice
1904,1855,1879,49,3759,novice
1949,2276,2112,-327,4225,average
2752,2711,2731,41,5463,grandmaster
2233,2114,2173,119,4347,average
2300,2527,2413,-227,4827,master
2633,2398,2515,235,5031,grandmaster
2479,2302,2390,177,4781,master
2431,2558,2494,-127,4989,master
2599,2026,2312,573,4625,master
2379,2294,2336,85,4673,master
1885,2205,2045,-320,4090,novice
2528,2384,2456,144,4912,master
2366,2500,2433,-134,4866,master
2681,2526,2603,155,5207,grandmaster
1929,2083,2006,-154,4012,novice
2368,1839,2103,529,4207,average
2246,2516,2381,-270,4762,master
2176,2351,2263,-175,4527,average
2684,2403,2543,281,5087,grandmaster
2526,2683,2604,-157,5209,grandmaster
2323,2329,2326,-6,4652,master
2130,2199,2164,-69,4329,average
2148,2360,2254,-212,4508,average
2227,2247,2237,-20,4474,average
1948,2075,2011,-127,4023,novice
2546,2589,2567,-43,5135,grandmaster
1429,1836,1632,-407,3265,novice
2470,2208,2339,262,4678,master
2338,2365,2351,-27,4703,master
2448,2371,2409,77,4819,master
2620,2543,2581,77,5163,grandmaster
2394,2288,2341,106,4682,master
2209,2228,2218,-19,4437,average
2526,2294,2410,232,4820,master
2422,2420,2421,2,4842,master
2546,2568,2557,-22,5114,grandmaster
2470,2636,2553,-166,5106,grandmaster
2291,2552,2421,-261,4843,master
2365,2452,2408,-87,4817,master
1969,2298,2133,-329,4267,average
2461,2513,2487,-52,4974,master
2355,2324,2339,31,4679,master
2427,2274,2350,153,4701,master
2146,1972,2059,174,4118,novice
2560,2237,2398,323,4797,master
2259,2361,2310,-102,4620,master
2095,2336,2215,-241,4431,average
2253,2508,2380,-255,4761,master
2470,2375,2422,95,4845,master
2650,2572,2611,78,5222,grandmaster
2453,2511,2482,-58,4964,master
2547,2310,2428,237,4857,master
1675,2109,1892,-434,3784,novice
2232,2252,2242,-20,4484,average
2401,2678,2539,-277,5079,grandmaster
2392,1989,2190,403,4381,average
2328,2275,2301,53,4603,master
2264,2087,2175,177,4351,average
2710,2709,2709,1,5419,grandmaster
2376,2368,2372,8,4744,master
2801,2543,2672,258,5344,grandmaster
2512,2412,2462,100,4924,master
2494,2554,2524,-60,5048,grandmaster
2475,2341,2408,134,4816,master
2238,2397,2317,-159,4635,master
2108,2521,2314,-413,4629,master
2471,2416,2443,55,4887,master
2463,2311,2387,152,4774,master
2507,2276,2391,231,4783,master
2386,2703,2544,-317,5089,grandmaster
2347,2240,2293,107,4587,average
2238,2379,2308,-141,4617,master
1582,2058,1820,-476,3640,novice
2515,2401,2458,114,4916,master
2771,2881,2826,-110,5652,grandmaster
2402,2260,2331,142,4662,master
2344,2480,2412,-136,4824,master
2351,2083,2217,268,4434,average
1690,2024,1857,-334,3714,novice
2646,2569,2607,77,5215,grandmaster
2298,2120,2209,178,4418,average
2743,2671,2707,72,5414,grandmaster
2241,2335,2288,-94,4576,average
2108,2147,2127,-39,4255,average
2404,2009,2206,395,4413,average
2356,2442,2399,-86,4798,master
2143,2261,2202,-118,4404,average
2451,2203,2327,248,4654,master
2156,2313,2234,-157,4469,average
2655,2468,2561,187,5123,grandmaster
2111,2557,2334,-446,4668,master
2192,2461,2326,-269,4653,master
2488,2251,2369,237,4739,master
2164,2503,2333,-339,4667,master
2390,2300,2345,90,4690,master
1675,2117,1896,-442,3792,novice
2479,2427,2453,52,4906,master
2440,2045,2242,395,4485,average
2207,2221,2214,-14,4428,average
2037,2211,2124,-174,4248,average
1877,2381,2129,-504,4258,average
2474,2254,2364,220,4728,master
2544,2652,2598,-108,5196,grandmaster
2260,2571,2415,-311,4831,master
2543,2651,2597,-108,5194,grandmaster
1864,2115,1989,-251,3979,novice
2501,2441,2471,60,4942,master
1916,2219,2067,-303,4135,novice
2210,2115,2162,95,4325,average
2121,2402,2261,-281,4523,average
2411,2622,2516,-211,5033,grandmaster
1810,2088,1949,-278,3898,novice
2470,2205,2337,265,4675,master
2424,1967,2195,457,4391,average
2650,2409,2529,241,5059,grandmaster
2505,2492,2498,13,4997,master
2328,2471,2399,-143,4799,master
2556,2506,2531,50,5062,grandmaster
2520,2306,2413,214,4826,master
2293,2270,2281,23,4563,average
2584,2708,2646,-124,5292,grandmaster
1922,1685,1803,237,3607,novice
2311,2018,2164,293,4329,average
2507,2152,2329,355,4659,master
2336,2598,2467,-262,4934,master
2483,2718,2600,-235,5201,grandmaster
2213,2455,2334,-242,4668,master
2456,2327,2391,129,4783,master
1969,2208,2088,-239,4177,novice
2443,2243,2343,200,4686,master
2630,2580,2605,50,5210,grandmaster
2009,1990,1999,19,3999,novice
2456,1944,2200,512,4400,average
2262,2349,2305,-87,4611,master
2543,2354,2448,189,4897,master
1885,2037,1961,-152,3922,novice
2290,2512,2401,-222,4802,master
2616,2032,2324,584,4648,master
2123,2005,2064,118,4128,novice
2370,2312,2341,58,4682,master
2316,2520,2418,-204,4836,master
2236,2089,2162,147,4325,average
2412,2475,2443,-63,4887,master
2634,2698,2666,-64,5332,grandmaster
2419,2110,2264,309,4529,average
2373,2511,2442,-138,4884,master
2633,2659,2646,-26,5292,grandmaster
2504,2256,2380,248,4760,master
2298,2615,2456,-317,4913,master
2803,2783,2793,20,5586,grandmaster
2679,2801,2740,-122,5480,grandmaster
2112,2322,2217,-210,4434,average
2267,2359,2313,-92,4626,master
2252,2365,2308,-113,4617,master
2427,2325,2376,102,4752,master
2472,2358,2415,114,4830,master
2200,1996,2098,204,4196,novice
2491,2421,2456,70,4912,master
2091,2223,2157,-132,4314,average
2718,2235,2476,483,4953,master
2575,2411,2493,164,4986,master
2554,2713,2633,-159,5267,grandmaster
2247,1925,2086,322,4172,novice
2701,2785,2743,-84,5486,grandmaster
2235,2663,2449,-428,4898,master
2211,2374,2292,-163,4585,average
2073,2134,2103,-61,4207,average
2126,2488,2307,-362,4614,master
1952,2223,2087,-271,4175,novice
2342,2361,2351,-19,4703,master
2555,2540,2547,15,5095,grandmaster
2164,1981,2072,183,4145,novice
2317,2337,2327,-20,4654,master
2559,2290,2424,269,4849,master
2371,2101,2236,270,4472,average
2469,2122,2295,347,4591,average
2412,2369,2390,43,4781,master
2611,2423,2517,188,5034,grandmaster
2654,2510,2582,144,5164,grandmaster
2460,2539,2499,-79,4999,master
2605,2591,2598,14,5196,grandmaster
2441,2598,2519,-157,5039,grandmaster
2249,2376,2312,-127,4625,master
1992,1928,1960,64,3920,novice
2620,2376,2498,244,4996,master
2308,2348,2328,-40,4656,master
1844,2063,1953,-219,3907,novice
2634,2541,2587,93,5175,grandmaster
2319,2069,2194,250,4388,average
