WhiteElo,BlackElo,MeanElos,DiffElos,SumElos,Class
2413,2315,2364,98,4728,master
2489,2621,2555,-132,5110,grandmaster
2484,2463,2473,21,4947,master
2597,2605,2601,-8,5202,grandmaster
2591,2590,2590,1,5181,grandmaster
2773,2761,2767,12,5534,grandmaster
2504,2519,2511,-15,5023,grandmaster
2705,2577,2641,128,5282,grandmaster
2625,2503,2564,122,5128,grandmaster
2431,2717,2574,-286,5148,grandmaster
2405,2539,2472,-134,4944,master
2520,2630,2575,-110,5150,grandmaster
2220,2134,2177,86,4354,average
2415,2416,2415,-1,4831,master
2686,2439,2562,247,5125,grandmaster
2635,2562,2598,73,5197,grandmaster
2467,2327,2397,140,4794,master
2192,2386,2289,-194,4578,average
2610,2517,2563,93,5127,grandmaster
2601,2602,2601,-1,5203,grandmaster
2451,2108,2279,343,4559,average
2366,2409,2387,-43,4775,master
2615,2677,2646,-62,5292,grandmaster
2590,2484,2537,106,5074,grandmaster
2783,2756,2769,27,5539,grandmaster
2475,2688,2581,-213,5163,grandmaster
2629,2609,2619,20,5238,grandmaster
2357,2447,2402,-90,4804,master
2532,2624,2578,-92,5156,grandmaster
2540,2485,2512,55,5025,grandmaster
2246,2429,2337,-183,4675,master
1961,2239,2100,-278,4200,novice
2574,2606,2590,-32,5180,grandmaster
2556,2462,2509,94,5018,grandmaster
2785,2673,2729,112,5458,grandmaster
2801,2543,2672,258,5344,grandmaster
2488,2417,2452,71,4905,master
2468,2538,2503,-70,5006,grandmaster
2489,2524,2506,-35,5013,grandmaster
2647,2620,2633,27,5267,grandmaster
2548,2578,2563,-30,5126,grandmaster
2691,2712,2701,-21,5403,grandmaster
2673,2549,2611,124,5222,grandmaster
2211,2610,2410,-399,4821,master
2504,2660,2582,-156,5164,grandmaster
2632,2554,2593,78,5186,grandmaster
1804,1778,1791,26,3582,novice
2723,2712,2717,11,5435,grandmaster
2583,2640,2611,-57,5223,grandmaster
2474,2299,2386,175,4773,master
2527,2636,2581,-109,5163,grandmaster
2200,2288,2244,-88,4488,average
2480,1957,2218,523,4437,average
2012,1978,1995,34,3990,novice
2470,2584,2527,-114,5054,grandmaster
2597,2659,2628,-62,5256,grandmaster
2214,1864,2039,350,4078,novice
2482,2542,2512,-60,5024,grandmaster
2717,2663,2690,54,5380,grandmaster
2725,2666,2695,59,5391,grandmaster
2527,2617,2572,-90,5144,grandmaster
2643,2592,2617,51,5235,grandmaster
2697,2641,2669,56,5338,grandmaster
2619,2440,2529,179,5059,grandmaster
2661,2720,2690,-59,5381,grandmaster
2757,2758,2757,-1,5515,grandmaster
2665,2671,2668,-6,5336,grandmaster
2742,2630,2686,112,5372,grandmaster
2605,2706,2655,-101,5311,grandmaster
2703,2730,2716,-27,5433,grandmaster
2741,2617,2679,124,5358,grandmaster
2529,2476,2502,53,5005,grandmaster
2751,2331,2541,420,5082,grandmaster
2089,1967,2028,122,4056,novice
2731,2756,2743,-25,5487,grandmaster
2517,2551,2534,-34,5068,grandmaster
2534,2645,2589,-111,5179,grandmaster
2546,2703,2624,-157,5249,grandmaster
2560,2459,2509,101,5019,grandmaster
2547,2555,2551,-8,5102,grandmaster
2448,2524,2486,-76,4972,master
2595,2630,2612,-35,5225,grandmaster
2179,2307,2243,-128,4486,average
2639,2557,2598,82,5196,grandmaster
2541,2618,2579,-77,5159,grandmaster
2455,2615,2535,-160,5070,grandmaster
2469,2454,2461,15,4923,master
2339,2127,2233,212,4466,average
2525,2596,2560,-71,5121,grandmaster
2632,2518,2575,114,5150,grandmaster
2160,2325,2242,-165,4485,average
2706,2428,2567,278,5134,grandmaster
2737,2579,2658,158,5316,grandmaster
2449,2702,2575,-253,5151,grandmaster
2638,2520,2579,118,5158,grandmaster
2469,2471,2470,-2,4940,master
2653,2707,2680,-54,5360,grandmaster
2589,2598,2593,-9,5187,grandmaster
2044,2129,2086,-85,4173,novice
2730,2721,2725,9,5451,grandmaster
2546,2512,2529,34,5058,grandmaster
2544,2471,2507,73,5015,grandmaster
2739,2772,2755,-33,5511,grandmaster
2390,2550,2470,-160,4940,master
2544,2549,2546,-5,5093,grandmaster
2701,2587,2644,114,5288,grandmaster
2446,2424,2435,22,4870,master
2535,2657,2596,-122,5192,grandmaster
2606,2487,2546,119,5093,grandmaster
2264,2446,2355,-182,4710,master
2412,2684,2548,-272,5096,grandmaster
2541,2356,2448,185,4897,master
2660,2524,2592,136,5184,grandmaster
2224,2434,2329,-210,4658,master
2650,2589,2619,61,5239,grandmaster
2321,2479,2400,-158,4800,master
2602,2511,2556,91,5113,grandmaster
2357,2485,2421,-128,4842,master
2560,2494,2527,66,5054,grandmaster
2758,2744,2751,14,5502,grandmaster
2468,2413,2440,55,4881,master
2583,2561,2572,22,5144,grandmaster
2069,2236,2152,-167,4305,average
2529,2245,2387,284,4774,master
2484,2630,2557,-146,5114,grandmaster
2592,2527,2559,65,5119,grandmaster
2726,2675,2700,51,5401,grandmaster
2631,2647,2639,-16,5278,grandmaster
2626,2647,2636,-21,5273,grandmaster
2412,2592,2502,-180,5004,grandmaster
2672,2720,2696,-48,5392,grandmaster
1976,2185,2080,-209,4161,novice
2559,2675,2617,-116,5234,grandmaster
2767,2727,2747,40,5494,grandmaster
2534,2570,2552,-36,5104,grandmaster
2392,2669,2530,-277,5061,grandmaster
2724,2678,2701,46,5402,grandmaster
2586,2581,2583,5,5167,grandmaster
2503,2540,2521,-37,5043,grandmaster
1971,2177,2074,-206,4148,novice
2610,2734,2672,-124,5344,grandmaster
2650,2660,2655,-10,5310,grandmaster
2584,2419,2501,165,5003,grandmaster
2582,2643,2612,-61,5225,grandmaster
2428,2626,2527,-198,5054,grandmaster
2063,2294,2178,-231,4357,average
2672,2791,2731,-119,5463,grandmaster
2550,2520,2535,30,5070,grandmaster
2595,2649,2622,-54,5244,grandmaster
1996,2129,2062,-133,4125,novice
1918,1986,1952,-68,3904,novice
2615,2507,2561,108,5122,grandmaster
2607,2660,2633,-53,5267,grandmaster
2072,1975,2023,97,4047,novice
2349,2269,2309,80,4618,master
2189,1977,2083,212,4166,novice
2425,2575,2500,-150,5000,master
2512,2497,2504,15,5009,grandmaster
2607,2469,2538,138,5076,grandmaster
2323,2567,2445,-244,4890,master
2544,2582,2563,-38,5126,grandmaster
1970,1943,1956,27,3913,novice
2742,2563,2652,179,5305,grandmaster
2517,2595,2556,-78,5112,grandmaster
2431,2608,2519,-177,5039,grandmaster
2706,2556,2631,150,5262,grandmaster
2549,2603,2576,-54,5152,grandmaster
2625,2605,2615,20,5230,grandmaster
2541,2359,2450,182,4900,master
2596,2502,2549,94,5098,grandmaster
2623,2691,2657,-68,5314,grandmaster
2473,2583,2528,-110,5056,grandmaster
2546,2488,2517,58,5034,grandmaster
2653,2558,2605,95,5211,grandmaster
2478,2546,2512,-68,5024,grandmaster
2635,2560,2597,75,5195,grandmaster
2571,2576,2573,-5,5147,grandmaster
2517,2059,2288,458,4576,average
2219,2182,2200,37,4401,average
2071,2217,2144,-146,4288,average
2757,2772,2764,-15,5529,grandmaster
2248,2377,2312,-129,4625,master
2433,2568,2500,-135,5001,master
2066,1911,1988,155,3977,novice
2668,2706,2687,-38,5374,grandmaster
2446,2420,2433,26,4866,master
2398,2508,2453,-110,4906,master
1967,2081,2024,-114,4048,novice
2579,2729,2654,-150,5308,grandmaster
2419,2303,2361,116,4722,master
2428,2763,2595,-335,5191,grandmaster
2644,2688,2666,-44,5332,grandmaster
2418,2599,2508,-181,5017,grandmaster
2541,2684,2612,-143,5225,grandmaster
2338,2479,2408,-141,4817,master
1996,1820,1908,176,3816,novice
2715,2503,2609,212,5218,grandmaster
2585,2392,2488,193,4977,master
2559,2300,2429,259,4859,master
2705,2715,2710,-10,5420,grandmaster
2480,2502,2491,-22,4982,master
2277,2297,2287,-20,4574,average
2485,2541,2513,-56,5026,grandmaster
1913,2171,2042,-258,4084,novice
2255,2482,2368,-227,4737,master
2646,2758,2702,-112,5404,grandmaster
2607,2707,2657,-100,5314,grandmaster
2548,2491,2519,57,5039,grandmaster
2560,2560,2560,0,5120,grandmaster
2647,2664,2655,-17,5311,grandmaster
2431,2524,2477,-93,4955,master
2152,1986,2069,166,4138,novice
2396,2310,2353,86,4706,master
2428,2613,2520,-185,5041,grandmaster
2621,2491,2556,130,5112,grandmaster
2352,2407,2379,-55,4759,master
2618,2449,2533,169,5067,grandmaster
2074,1910,1992,164,3984,novice
2525,2552,2538,-27,5077,grandmaster
2584,2515,2549,69,5099,grandmaster
2535,2593,2564,-58,5128,grandmaster
2598,2565,2581,33,5163,grandmaster
2294,2482,2388,-188,4776,master
2747,2697,2722,50,5444,grandmaster
2506,2599,2552,-93,5105,grandmaster
2611,2771,2691,-160,5382,grandmaster
2688,2581,2634,107,5269,grandmaster
2608,2540,2574,68,5148,grandmaster
2273,2410,2341,-137,4683,master
2425,2536,2480,-111,4961,master
2446,2575,2510,-129,5021,grandmaster
2192,1953,2072,239,4145,novice
1864,2165,2014,-301,4029,novice
2513,2644,2578,-131,5157,grandmaster
2497,2616,2556,-119,5113,grandmaster
2636,2629,2632,7,5265,grandmaster
2384,2577,2480,-193,4961,master
2638,2706,2672,-68,5344,grandmaster
2637,2494,2565,143,5131,grandmaster
1752,1723,1737,29,3475,novice
2539,2556,2547,-17,5095,grandmaster
1737,2212,1974,-475,3949,novice
2457,2505,2481,-48,4962,master
2074,1931,2002,143,4005,novice
2261,2411,2336,-150,4672,master
2351,2417,2384,-66,4768,master
2319,2320,2319,-1,4639,master
2581,2491,2536,90,5072,grandmaster
2628,2757,2692,-129,5385,grandmaster
2661,2513,2587,148,5174,grandmaster
2250,2272,2261,-22,4522,average
2484,2368,2426,116,4852,master
1921,1871,1896,50,3792,novice
2541,2613,2577,-72,5154,grandmaster
2278,2123,2200,155,4401,average
2707,2584,2645,123,5291,grandmaster
2520,2737,2628,-217,5257,grandmaster
2529,2541,2535,-12,5070,grandmaster
2741,2683,2712,58,5424,grandmaster
2579,2437,2508,142,5016,grandmaster
2532,2431,2481,101,4963,master
2553,2557,2555,-4,5110,grandmaster
2638,2556,2597,82,5194,grandmaster
2723,2653,2688,70,5376,grandmaster
1988,2188,2088,-200,4176,novice
2567,2531,2549,36,5098,grandmaster
2535,2634,2584,-99,5169,grandmaster
2401,2491,2446,-90,4892,master
2479,2556,2517,-77,5035,grandmaster
2648,2558,2603,90,5206,grandmaster
2100,2230,2165,-130,4330,average
2588,2614,2601,-26,5202,grandmaster
1840,1993,1916,-153,3833,novice
2526,2625,2575,-99,5151,grandmaster
2217,2009,2113,208,4226,average
2709,2753,2731,-44,5462,grandmaster
2301,2324,2312,-23,4625,master
2529,2585,2557,-56,5114,grandmaster
2651,2706,2678,-55,5357,grandmaster
2536,2500,2518,36,5036,grandmaster
2579,2472,2525,107,5051,grandmaster
2440,2714,2577,-274,5154,grandmaster
2170,2388,2279,-218,4558,average
2354,2417,2385,-63,4771,master
2481,2586,2533,-105,5067,grandmaster
2004,2097,2050,-93,4101,novice
2637,2722,2679,-85,5359,grandmaster
1949,2152,2050,-203,4101,novice
2589,2633,2611,-44,5222,grandmaster
2470,2531,2500,-61,5001,master
2667,2603,2635,64,5270,grandmaster
2609,2562,2585,47,5171,grandmaster
2453,2569,2511,-116,5022,grandmaster
2693,2717,2705,-24,5410,grandmaster
2130,1787,1958,343,3917,novice
2552,2691,2621,-139,5243,grandmaster
2597,2545,2571,52,5142,grandmaster
2705,2616,2660,89,5321,grandmaster
2527,2427,2477,100,4954,master
2422,2535,2478,-113,4957,master
2329,2330,2329,-1,4659,master
1839,1683,1761,156,3522,novice
2573,2633,2603,-60,5206,grandmaster
2707,2635,2671,72,5342,grandmaster
2500,2531,2515,-31,5031,grandmaster
2541,2503,2522,38,5044,grandmaster
2432,2506,2469,-74,4938,master
1858,2408,2133,-550,4266,average
2437,2348,2392,89,4785,master
2561,2461,2511,100,5022,grandmaster
2679,2622,2650,57,5301,grandmaster
2672,2734,2703,-62,5406,grandmaster
2538,2547,2542,-9,5085,grandmaster
2414,2546,2480,-132,4960,master
2453,2550,2501,-97,5003,grandmaster
2663,2569,2616,94,5232,grandmaster
2184,2469,2326,-285,4653,master
2582,2455,2518,127,5037,grandmaster
2766,2717,2741,49,5483,grandmaster
2648,2360,2504,288,5008,grandmaster
2399,2189,2294,210,4588,average
2749,2546,2647,203,5295,grandmaster
2655,2645,2650,10,5300,grandmaster
2568,2631,2599,-63,5199,grandmaster
2588,2686,2637,-98,5274,grandmaster
2656,2572,2614,84,5228,grandmaster
2181,1930,2055,251,4111,novice
2562,2577,2569,-15,5139,grandmaster
2481,2541,2511,-60,5022,grandmaster
2691,2689,2690,2,5380,grandmaster
2412,2210,2311,202,4622,master
2505,2625,2565,-120,5130,grandmaster
2577,2569,2573,8,5146,grandmaster
2727,2567,2647,160,5294,grandmaster
2700,2637,2668,63,5337,grandmaster
2529,2602,2565,-73,5131,grandmaster
2639,2678,2658,-39,5317,grandmaster
2676,2619,2647,57,5295,grandmaster
2771,2881,2826,-110,5652,grandmaster
2655,2645,2650,10,5300,grandmaster
2639,2715,2677,-76,5354,grandmaster
2659,2554,2606,105,5213,grandmaster
2168,2245,2206,-77,4413,average
2647,2667,2657,-20,5314,grandmaster
2530,2491,2510,39,5021,grandmaster
2495,2529,2512,-34,5024,grandmaster
2449,2559,2504,-110,5008,grandmaster
2607,2516,2561,91,5123,grandmaster
2476,2597,2536,-121,5073,grandmaster
2793,2699,2746,94,5492,grandmaster
2283,2362,2322,-79,4645,master
2547,2513,2530,34,5060,grandmaster
2507,2571,2539,-64,5078,grandmaster
2497,2592,2544,-95,5089,grandmaster
2381,2286,2333,95,4667,master
2539,2653,2596,-114,5192,grandmaster
2536,2616,2576,-80,5152,grandmaster
2488,2306,2397,182,4794,master
2121,2291,2206,-170,4412,average
1926,2091,2008,-165,4017,novice
2024,2192,2108,-168,4216,average
2594,2632,2613,-38,5226,grandmaster
2180,2527,2353,-347,4707,master
2693,2691,2692,2,5384,grandmaster
2499,2323,2411,176,4822,master
2492,2526,2509,-34,5018,grandmaster
2864,2616,2740,248,5480,grandmaster
2612,2454,2533,158,5066,grandmaster
2661,2556,2608,105,5217,grandmaster
2555,2591,2573,-36,5146,grandmaster
2572,2621,2596,-49,5193,grandmaster
2498,2345,2421,153,4843,master
2616,2506,2561,110,5122,grandmaster
2555,2613,2584,-58,5168,grandmaster
2586,2512,2549,74,5098,grandmaster
2490,2556,2523,-66,5046,grandmaster
2415,2638,2526,-223,5053,grandmaster
2577,2539,2558,38,5116,grandmaster
2407,2629,2518,-222,5036,grandmaster
2474,2702,2588,-228,5176,grandmaster
2451,2565,2508,-114,5016,grandmaster
2648,2529,2588,119,5177,grandmaster
2372,2405,2388,-33,4777,master
2392,2508,2450,-116,4900,master
2720,2801,2760,-81,5521,grandmaster
2622,2540,2581,82,5162,grandmaster
2531,2532,2531,-1,5063,grandmaster
2455,2552,2503,-97,5007,grandmaster
2515,2589,2552,-74,5104,grandmaster
2671,2554,2612,117,5225,grandmaster
2336,2505,2420,-169,4841,master
2620,2655,2637,-35,5275,grandmaster
2440,2341,2390,99,4781,master
2012,1930,1971,82,3942,novice
2602,2564,2583,38,5166,grandmaster
2475,2637,2556,-162,5112,grandmaster
2523,2578,2550,-55,5101,grandmaster
2529,2651,2590,-122,5180,grandmaster
2743,2651,2697,92,5394,grandmaster
2602,2574,2588,28,5176,grandmaster
2758,2764,2761,-6,5522,grandmaster
2620,2442,2531,178,5062,grandmaster
2672,2665,2668,7,5337,grandmaster
2552,2138,2345,414,4690,master
2543,2615,2579,-72,5158,grandmaster
2529,2592,2560,-63,5121,grandmaster
2711,2406,2558,305,5117,grandmaster
2727,2705,2716,22,5432,grandmaster
2167,1960,2063,207,4127,novice
2610,2507,2558,103,5117,grandmaster
2613,2379,2496,234,4992,master
2713,2656,2684,57,5369,grandmaster
2471,2556,2513,-85,5027,grandmaster
2652,2816,2734,-164,5468,grandmaster
2547,2475,2511,72,5022,grandmaster
2763,2767,2765,-4,5530,grandmaster
2638,2478,2558,160,5116,grandmaster
2630,2516,2573,114,5146,grandmaster
2688,2727,2707,-39,5415,grandmaster
2459,2152,2305,307,4611,master
2705,2727,2716,-22,5432,grandmaster
2570,2541,2555,29,5111,grandmaster
2342,2504,2423,-162,4846,master
2511,2283,2397,228,4794,master
2639,2741,2690,-102,5380,grandmaster
2169,2298,2233,-129,4467,average
2533,2603,2568,-70,5136,grandmaster
2642,2646,2644,-4,5288,grandmaster
1908,2121,2014,-213,4029,novice
2274,2460,2367,-186,4734,master
1892,2049,1970,-157,3941,novice
2545,2556,2550,-11,5101,grandmaster
2395,2622,2508,-227,5017,grandmaster
2662,2549,2605,113,5211,grandmaster
2588,2626,2607,-38,5214,grandmaster
2653,2622,2637,31,5275,grandmaster
2307,2436,2371,-129,4743,master
2407,2320,2363,87,4727,master
2573,2509,2541,64,5082,grandmaster
2663,2554,2608,109,5217,grandmaster
2482,2616,2549,-134,5098,grandmaster
2526,2582,2554,-56,5108,grandmaster
2547,2448,2497,99,4995,master
2668,2585,2626,83,5253,grandmaster
2541,2615,2578,-74,5156,grandmaster
2622,2414,2518,208,5036,grandmaster
2546,2644,2595,-98,5190,grandmaster
2586,2591,2588,-5,5177,grandmaster
2569,2539,2554,30,5108,grandmaster
2680,2752,2716,-72,5432,grandmaster
2415,2587,2501,-172,5002,grandmaster
2674,2510,2592,164,5184,grandmaster
2593,2420,2506,173,5013,grandmaster
2283,2412,2347,-129,4695,master
2672,2678,2675,-6,5350,grandmaster
2792,2881,2836,-89,5673,grandmaster
2255,2244,2249,11,4499,average
2628,2771,2699,-143,5399,grandmaster
2555,2487,2521,68,5042,grandmaster
2545,2490,2517,55,5035,grandmaster
1949,1989,1969,-40,3938,novice
2473,2481,2477,-8,4954,master
2556,2710,2633,-154,5266,grandmaster
2702,2572,2637,130,5274,grandmaster
2208,2061,2134,147,4269,average
2521,2237,2379,284,4758,master
2772,2660,2716,112,5432,grandmaster
2667,2662,2664,5,5329,grandmaster
2531,2585,2558,-54,5116,grandmaster
2372,2510,2441,-138,4882,master
2473,2252,2362,221,4725,master
2102,1883,1992,219,3985,novice
2092,1852,1972,240,3944,novice
2713,2658,2685,55,5371,grandmaster
2724,2762,2743,-38,5486,grandmaster
2571,2481,2526,90,5052,grandmaster
2547,2535,2541,12,5082,grandmaster
2485,2556,2520,-71,5041,grandmaster
2449,2606,2527,-157,5055,grandmaster
2470,2548,2509,-78,5018,grandmaster
2661,2562,2611,99,5223,grandmaster
2302,2155,2228,147,4457,average
2652,2528,2590,124,5180,grandmaster
2677,2663,2670,14,5340,grandmaster
2753,2732,2742,21,5485,grandmaster
2631,2657,2644,-26,5288,grandmaster
2594,2541,2567,53,5135,grandmaster
2535,2532,2533,3,5067,grandmaster
2478,2597,2537,-119,5075,grandmaster
2275,2404,2339,-129,4679,master
2146,2399,2272,-253,4545,average
2613,2420,2516,193,5033,grandmaster
2462,2250,2356,212,4712,master
2476,2662,2569,-186,5138,grandmaster
2529,2476,2502,53,5005,grandmaster
2754,2731,2742,23,5485,grandmaster
2077,1843,1960,234,3920,novice
2568,2445,2506,123,5013,grandmaster
2493,2712,2602,-219,5205,grandmaster
2414,2347,2380,67,4761,master
2361,2418,2389,-57,4779,master
2333,2238,2285,95,4571,average
2410,2585,2497,-175,4995,master
2216,2518,2367,-302,4734,master
2599,2348,2473,251,4947,master
2710,2567,2638,143,5277,grandmaster
2484,2554,2519,-70,5038,grandmaster
2640,2576,2608,64,5216,grandmaster
2642,2700,2671,-58,5342,grandmaster
2505,2613,2559,-108,5118,grandmaster
2371,2364,2367,7,4735,master
2241,2265,2253,-24,4506,average
2772,2713,2742,59,5485,grandmaster
2813,2868,2840,-55,5681,grandmaster
1931,2257,2094,-326,4188,novice
2534,2617,2575,-83,5151,grandmaster
2779,2719,2749,60,5498,grandmaster
2492,2641,2566,-149,5133,grandmaster
2553,2562,2557,-9,5115,grandmaster
2488,2533,2510,-45,5021,grandmaster
2315,2233,2274,82,4548,average
2604,2588,2596,16,5192,grandmaster
2490,2538,2514,-48,5028,grandmaster
2760,2713,2736,47,5473,grandmaster
2301,2294,2297,7,4595,average
2575,2503,2539,72,5078,grandmaster
2470,2635,2552,-165,5105,grandmaster
2082,1910,1996,172,3992,novice
2287,2316,2301,-29,4603,master
2460,2594,2527,-134,5054,grandmaster
2282,2377,2329,-95,4659,master
2409,2535,2472,-126,4944,master
2622,2682,2652,-60,5304,grandmaster
2567,2546,2556,21,5113,grandmaster
2618,2433,2525,185,5051,grandmaster
2079,1834,1956,245,3913,novice
2216,2012,2114,204,4228,average
2157,2338,2247,-181,4495,average
2591,2619,2605,-28,5210,grandmaster
2555,2377,2466,178,4932,master
2672,2660,2666,12,5332,grandmaster
2355,2426,2390,-71,4781,master
2659,2743,2701,-84,5402,grandmaster
2485,2564,2524,-79,5049,grandmaster
2032,2036,2034,-4,4068,novice
2565,2518,2541,47,5083,grandmaster
2758,2830,2794,-72,5588,grandmaster
2229,2281,2255,-52,4510,average
2680,2493,2586,187,5173,grandmaster
2255,2056,2155,199,4311,average
2490,2521,2505,-31,5011,grandmaster
2783,2772,2777,11,5555,grandmaster
2578,2427,2502,151,5005,grandmaster
2554,2584,2569,-30,5138,grandmaster
2222,2397,2309,-175,4619,master
2446,2503,2474,-57,4949,master
2618,2433,2525,185,5051,grandmaster
2090,1715,1902,375,3805,novice
2536,2358,2447,178,4894,master
2661,2627,2644,34,5288,grandmaster
2557,2514,2535,43,5071,grandmaster
2545,2404,2474,141,4949,master
2496,2454,2475,42,4950,master
2662,2633,2647,29,5295,grandmaster
2631,2742,2686,-111,5373,grandmaster
2133,2589,2361,-456,4722,master
2251,2539,2395,-288,4790,master
2543,2465,2504,78,5008,grandmaster
2660,2636,2648,24,5296,grandmaster
2557,2587,2572,-30,5144,grandmaster
2478,2545,2511,-67,5023,grandmaster
2594,2408,2501,186,5002,grandmaster
2515,2624,2569,-109,5139,grandmaster
2553,2466,2509,87,5019,grandmaster
1852,2128,1990,-276,3980,novice
2403,2576,2489,-173,4979,master
2498,2529,2513,-31,5027,grandmaster
2608,2602,2605,6,5210,grandmaster
2707,2587,2647,120,5294,grandmaster
2143,1766,1954,377,3909,novice
2514,2607,2560,-93,5121,grandmaster
2594,2515,2554,79,5109,grandmaster
2448,2552,2500,-104,5000,master
2702,2670,2686,32,5372,grandmaster
2480,2526,2503,-46,5006,grandmaster
2278,2567,2422,-289,4845,master
2577,2613,2595,-36,5190,grandmaster
1980,2005,1992,-25,3985,novice
2461,2652,2556,-191,5113,grandmaster
2704,2638,2671,66,5342,grandmaster
2757,2730,2743,27,5487,grandmaster
2631,2644,2637,-13,5275,grandmaster
2705,2659,2682,46,5364,grandmaster
2532,2737,2634,-205,5269,grandmaster
2053,2204,2128,-151,4257,average
2565,2526,2545,39,5091,grandmaster
2607,2496,2551,111,5103,grandmaster
2710,2459,2584,251,5169,grandmaster
2686,2792,2739,-106,5478,grandmaster
2489,2549,2519,-60,5038,grandmaster
2594,2678,2636,-84,5272,grandmaster
2485,2627,2556,-142,5112,grandmaster
2494,2378,2436,116,4872,master
2441,2483,2462,-42,4924,master
2549,2575,2562,-26,5124,grandmaster
2390,2468,2429,-78,4858,master
2597,2666,2631,-69,5263,grandmaster
2749,2769,2759,-20,5518,grandmaster
2602,2688,2645,-86,5290,grandmaster
1993,2268,2130,-275,4261,average
2490,2583,2536,-93,5073,grandmaster
2744,2712,2728,32,5456,grandmaster
2604,2717,2660,-113,5321,grandmaster
2723,2674,2698,49,5397,grandmaster
2632,2693,2662,-61,5325,grandmaster
2731,2753,2742,-22,5484,grandmaster
2365,2558,2461,-193,4923,master
2645,2620,2632,25,5265,grandmaster
2039,2197,2118,-158,4236,average
2713,2730,2721,-17,5443,grandmaster
2530,2667,2598,-137,5197,grandmaster
2536,2483,2509,53,5019,grandmaster
2441,2536,2488,-95,4977,master
2468,2715,2591,-247,5183,grandmaster
2554,2603,2578,-49,5157,grandmaster
2714,2627,2670,87,5341,grandmaster
2288,2123,2205,165,4411,average
2376,2450,2413,-74,4826,master
2693,2612,2652,81,5305,grandmaster
2260,2068,2164,192,4328,average
2401,2504,2452,-103,4905,master
1948,2240,2094,-292,4188,novice
2777,2616,2696,161,5393,grandmaster
2615,2701,2658,-86,5316,grandmaster
2588,2505,2546,83,5093,grandmaster
2666,2595,2630,71,5261,grandmaster
2518,2529,2523,-11,5047,grandmaster
2480,2484,2482,-4,4964,master
2551,2517,2534,34,5068,grandmaster
2586,2713,2649,-127,5299,grandmaster
2330,2545,2437,-215,4875,master
2027,2162,2094,-135,4189,novice
2631,2637,2634,-6,5268,grandmaster
1723,2348,2035,-625,4071,novice
2567,2503,2535,64,5070,grandmaster
2592,2662,2627,-70,5254,grandmaster
2381,2514,2447,-133,4895,master
2387,2435,2411,-48,4822,master
2518,2627,2572,-109,5145,grandmaster
2598,2620,2609,-22,5218,grandmaster
2769,2698,2733,71,5467,grandmaster
2549,2250,2399,299,4799,master
2144,1942,2043,202,4086,novice
1607,1645,1626,-38,3252,novice
2202,2359,2280,-157,4561,average
2403,2611,2507,-208,5014,grandmaster
2551,2472,2511,79,5023,grandmaster
2666,2628,2647,38,5294,grandmaster
2622,2534,2578,88,5156,grandmaster
2206,1976,2091,230,4182,novice
2575,2473,2524,102,5048,grandmaster
2334,2182,2258,152,4516,average
2301,2249,2275,52,4550,average
2379,2635,2507,-256,5014,grandmaster
2681,2499,2590,182,5180,grandmaster
2483,2609,2546,-126,5092,grandmaster
2622,2665,2643,-43,5287,grandmaster
2133,2318,2225,-185,4451,average
2730,2791,2760,-61,5521,grandmaster
2294,2434,2364,-140,4728,master
2377,2642,2509,-265,5019,grandmaster
2620,2713,2666,-93,5333,grandmaster
2560,2609,2584,-49,5169,grandmaster
2584,2566,2575,18,5150,grandmaster
2391,2375,2383,16,4766,master
2386,2462,2424,-76,4848,master
2738,2749,2743,-11,5487,grandmaster
2479,2633,2556,-154,5112,grandmaster
2741,2742,2741,-1,5483,grandmaster
2454,2595,2524,-141,5049,grandmaster
1801,1762,1781,39,3563,novice
2713,2675,2694,38,5388,grandmaster
2640,2567,2603,73,5207,grandmaster
2437,2351,2394,86,4788,master
2607,2527,2567,80,5134,grandmaster
2351,2050,2200,301,4401,average
2502,2521,2511,-19,5023,grandmaster
2531,2507,2519,24,5038,grandmaster
2120,2003,2061,117,4123,novice
2757,2787,2772,-30,5544,grandmaster
2479,2634,2556,-155,5113,grandmaster
2584,2574,2579,10,5158,grandmaster
2574,2648,2611,-74,5222,grandmaster
2522,2600,2561,-78,5122,grandmaster
2559,2524,2541,35,5083,grandmaster
1995,2110,2052,-115,4105,novice
2101,1966,2033,135,4067,novice
2548,2501,2524,47,5049,grandmaster
2561,2537,2549,24,5098,grandmaster
2547,2626,2586,-79,5173,grandmaster
2111,2094,2102,17,4205,average
2124,1926,2025,198,4050,novice
2645,2622,2633,23,5267,grandmaster
2469,2364,2416,105,4833,master
2737,2747,2742,-10,5484,grandmaster
2611,2394,2502,217,5005,grandmaster
2221,1972,2096,249,4193,novice
1858,1655,1756,203,3513,novice
2661,2505,2583,156,5166,grandmaster
2297,2473,2385,-176,4770,master
2211,2626,2418,-415,4837,master
2687,2430,2558,257,5117,grandmaster
1950,2051,2000,-101,4001,novice
2662,2651,2656,11,5313,grandmaster
2532,2565,2548,-33,5097,grandmaster
2565,2460,2512,105,5025,grandmaster
2154,2149,2151,5,4303,average
2590,2646,2618,-56,5236,grandmaster
2702,2646,2674,56,5348,grandmaster
2598,2462,2530,136,5060,grandmaster
2555,2464,2509,91,5019,grandmaster
2704,2572,2638,132,5276,grandmaster
2474,2577,2525,-103,5051,grandmaster
2641,2734,2687,-93,5375,grandmaster
2275,2268,2271,7,4543,average
2730,2679,2704,51,5409,grandmaster
2549,2472,2510,77,5021,grandmaster
2435,2017,2226,418,4452,average
2344,2526,2435,-182,4870,master
2378,2636,2507,-258,5014,grandmaster
2623,2785,2704,-162,5408,grandmaster
2643,2496,2569,147,5139,grandmaster
2560,2464,2512,96,5024,grandmaster
2719,2365,2542,354,5084,grandmaster
2489,2558,2523,-69,5047,grandmaster
2530,2663,2596,-133,5193,grandmaster
2600,2720,2660,-120,5320,grandmaster
2616,2493,2554,123,5109,grandmaster
2129,1931,2030,198,4060,novice
2463,2558,2510,-95,5021,grandmaster
2455,2487,2471,-32,4942,master
2584,2458,2521,126,5042,grandmaster
2415,2220,2317,195,4635,master
2587,2529,2558,58,5116,grandmaster
2609,2505,2557,104,5114,grandmaster
2659,2631,2645,28,5290,grandmaster
2235,2201,2218,34,4436,average
2481,2614,2547,-133,5095,grandmaster
2651,2429,2540,222,5080,grandmaster
2440,2616,2528,-176,5056,grandmaster
2438,2592,2515,-154,5030,grandmaster
2085,2527,2306,-442,4612,master
2437,2586,2511,-149,5023,grandmaster
2521,2523,2522,-2,5044,grandmaster
2536,2491,2513,45,5027,grandmaster
2609,2655,2632,-46,5264,grandmaster
2676,2612,2644,64,5288,grandmaster
2486,2538,2512,-52,5024,grandmaster
2506,2625,2565,-119,5131,grandmaster
2124,1975,2049,149,4099,novice
2385,2195,2290,190,4580,average
2350,2285,2317,65,4635,master
2703,2739,2721,-36,5442,grandmaster
2605,2428,2516,177,5033,grandmaster
2130,1985,2057,145,4115,novice
2490,2573,2531,-83,5063,grandmaster
2654,2482,2568,172,5136,grandmaster
2417,2474,2445,-57,4891,master
2387,2466,2426,-79,4853,master
2607,2551,2579,56,5158,grandmaster
2615,2414,2514,201,5029,grandmaster
2697,2518,2607,179,5215,grandmaster
1780,2246,2013,-466,4026,novice
2511,2567,2539,-56,5078,grandmaster
2730,2783,2756,-53,5513,grandmaster
2582,2655,2618,-73,5237,grandmaster
2349,2352,2350,-3,4701,master
2468,2549,2508,-81,5017,grandmaster
2802,2720,2761,82,5522,grandmaster
2626,2635,2630,-9,5261,grandmaster
2461,2667,2564,-206,5128,grandmaster
2699,2714,2706,-15,5413,grandmaster
2477,2589,2533,-112,5066,grandmaster
2675,2693,2684,-18,5368,grandmaster
2584,2693,2638,-109,5277,grandmaster
2695,2570,2632,125,5265,grandmaster
2757,2872,2814,-115,5629,grandmaster
2598,2495,2546,103,5093,grandmaster
2447,2556,2501,-109,5003,grandmaster
2173,2491,2332,-318,4664,master
2635,2464,2549,171,5099,grandmaster
2513,2484,2498,29,4997,master
2527,2622,2574,-95,5149,grandmaster
2135,2194,2164,-59,4329,average
2357,2214,2285,143,4571,average
2515,2502,2508,13,5017,grandmaster
2632,2586,2609,46,5218,grandmaster
2715,2707,2711,8,5422,grandmaster
2070,2303,2186,-233,4373,average
2438,2462,2450,-24,4900,master
2412,2652,2532,-240,5064,grandmaster
2514,2544,2529,-30,5058,grandmaster
2278,2266,2272,12,4544,average
2659,2469,2564,190,5128,grandmaster
1982,2096,2039,-114,4078,novice
2645,2492,2568,153,5137,grandmaster
2579,2535,2557,44,5114,grandmaster
2545,2589,2567,-44,5134,grandmaster
2483,2599,2541,-116,5082,grandmaster
2502,2618,2560,-116,5120,grandmaster
2679,2742,2710,-63,5421,grandmaster
2451,2602,2526,-151,5053,grandmaster
2447,2617,2532,-170,5064,grandmaster
2244,2422,2333,-178,4666,master
2664,2614,2639,50,5278,grandmaster
1903,2081,1992,-178,3984,novice
2039,1948,1993,91,3987,novice
2598,2438,2518,160,5036,grandmaster
2530,2524,2527,6,5054,grandmaster
2291,2285,2288,6,4576,average
2625,2380,2502,245,5005,grandmaster
2332,2370,2351,-38,4702,master
2206,2301,2253,-95,4507,average
2500,2531,2515,-31,5031,grandmaster
2575,2544,2559,31,5119,grandmaster
2641,2645,2643,-4,5286,grandmaster
2726,2816,2771,-90,5542,grandmaster
2601,2450,2525,151,5051,grandmaster
2635,2567,2601,68,5202,grandmaster
2496,2666,2581,-170,5162,grandmaster
2074,2368,2221,-294,4442,average
2132,2046,2089,86,4178,novice
2177,2520,2348,-343,4697,master
2252,2448,2350,-196,4700,master
1943,2001,1972,-58,3944,novice
1945,2245,2095,-300,4190,novice
2518,2619,2568,-101,5137,grandmaster
2435,2594,2514,-159,5029,grandmaster
2543,2605,2574,-62,5148,grandmaster
2715,2707,2711,8,5422,grandmaster
2269,2439,2354,-170,4708,master
2721,2783,2752,-62,5504,grandmaster
2612,2543,2577,69,5155,grandmaster
2685,2622,2653,63,5307,grandmaster
2650,2614,2632,36,5264,grandmaster
2579,2442,2510,137,5021,grandmaster
2554,2480,2517,74,5034,grandmaster
2429,2452,2440,-23,4881,master
2709,2801,2755,-92,5510,grandmaster
2679,2617,2648,62,5296,grandmaster
2538,2485,2511,53,5023,grandmaster
2499,2421,2460,78,4920,master
2537,2575,2556,-38,5112,grandmaster
1978,2505,2241,-527,4483,average
2271,2046,2158,225,4317,average
2641,2571,2606,70,5212,grandmaster
2523,2518,2520,5,5041,grandmaster
2734,2763,2748,-29,5497,grandmaster
1994,1793,1893,201,3787,novice
1961,2172,2066,-211,4133,novice
2625,2699,2662,-74,5324,grandmaster
2455,2574,2514,-119,5029,grandmaster
2701,2616,2658,85,5317,grandmaster
2668,2697,2682,-29,5365,grandmaster
2526,2625,2575,-99,5151,grandmaster
2580,2655,2617,-75,5235,grandmaster
2506,2708,2607,-202,5214,grandmaster
2451,2554,2502,-103,5005,grandmaster
2405,2341,2373,64,4746,master
2176,2264,2220,-88,4440,average
2469,2360,2414,109,4829,master
2616,2560,2588,56,5176,grandmaster
2620,2441,2530,179,5061,grandmaster
2604,2692,2648,-88,5296,grandmaster
2169,2363,2266,-194,4532,average
2493,2607,2550,-114,5100,grandmaster
2652,2553,2602,99,5205,grandmaster
2557,2542,2549,15,5099,grandmaster
2445,2104,2274,341,4549,average
2571,2513,2542,58,5084,grandmaster
2409,2470,2439,-61,4879,master
2610,2704,2657,-94,5314,grandmaster
2466,2556,2511,-90,5022,grandmaster
2030,2280,2155,-250,4310,average
2723,2632,2677,91,5355,grandmaster
2678,2743,2710,-65,5421,grandmaster
2260,2072,2166,188,4332,average
2525,2570,2547,-45,5095,grandmaster
2493,2556,2524,-63,5049,grandmaster
2786,2775,2780,11,5561,grandmaster
2663,2837,2750,-174,5500,grandmaster
2616,2789,2702,-173,5405,grandmaster
2610,2462,2536,148,5072,grandmaster
2454,2501,2477,-47,4955,master
2417,2321,2369,96,4738,master
2390,2643,2516,-253,5033,grandmaster
2602,2543,2572,59,5145,grandmaster
2724,2628,2676,96,5352,grandmaster
2555,2530,2542,25,5085,grandmaster
2562,2634,2598,-72,5196,grandmaster
2743,2678,2710,65,5421,grandmaster
2228,2127,2177,101,4355,average
2138,2016,2077,122,4154,novice
2642,2671,2656,-29,5313,grandmaster
2602,2476,2539,126,5078,grandmaster
2793,2779,2786,14,5572,grandmaster
2239,2408,2323,-169,4647,master
2551,2528,2539,23,5079,grandmaster
2508,2517,2512,-9,5025,grandmaster
2696,2651,2673,45,5347,grandmaster
2501,2527,2514,-26,5028,grandmaster
2284,2379,2331,-95,4663,master
2338,2397,2367,-59,4735,master
2348,2110,2229,238,4458,average
2560,2442,2501,118,5002,grandmaster
2585,2606,2595,-21,5191,grandmaster
2637,2436,2536,201,5073,grandmaster
1817,2123,1970,-306,3940,novice
1961,1972,1966,-11,3933,novice
2699,2710,2704,-11,5409,grandmaster
2448,2381,2414,67,4829,master
2192,2217,2204,-25,4409,average
2311,2371,2341,-60,4682,master
2480,2650,2565,-170,5130,grandmaster
2723,2783,2753,-60,5506,grandmaster
2698,2461,2579,237,5159,grandmaster
2636,2509,2572,127,5145,grandmaster
1862,1717,1789,145,3579,novice
2578,2441,2509,137,5019,grandmaster
2222,2496,2359,-274,4718,master
2369,2488,2428,-119,4857,master
2684,2440,2562,244,5124,grandmaster
2582,2505,2543,77,5087,grandmaster
2556,2533,2544,23,5089,grandmaster
2678,2633,2655,45,5311,grandmaster
2389,2647,2518,-258,5036,grandmaster
2663,2636,2649,27,5299,grandmaster
2516,2532,2524,-16,5048,grandmaster
2637,2579,2608,58,5216,grandmaster
2531,2409,2470,122,4940,master
2634,2455,2544,179,5089,grandmaster
2731,2772,2751,-41,5503,grandmaster
2163,1954,2058,209,4117,novice
2447,2565,2506,-118,5012,grandmaster
2669,2519,2594,150,5188,grandmaster
2426,2609,2517,-183,5035,grandmaster
2471,2733,2602,-262,5204,grandmaster
2539,2644,2591,-105,5183,grandmaster
2133,2475,2304,-342,4608,master
2487,2638,2562,-151,5125,grandmaster
2667,2601,2634,66,5268,grandmaster
2688,2624,2656,64,5312,grandmaster
2418,2617,2517,-199,5035,grandmaster
2564,2548,2556,16,5112,grandmaster
2475,2571,2523,-96,5046,grandmaster
2528,2520,2524,8,5048,grandmaster
2485,2596,2540,-111,5081,grandmaster
2341,2324,2332,17,4665,master
2258,1903,2080,355,4161,novice
2594,2517,2555,77,5111,grandmaster
2521,2501,2511,20,5022,grandmaster
2627,2464,2545,163,5091,grandmaster
2727,2744,2735,-17,5471,grandmaster
2656,2373,2514,283,5029,grandmaster
2570,2676,2623,-106,5246,grandmaster
2586,2700,2643,-114,5286,grandmaster
2593,2520,2556,73,5113,grandmaster
1965,2203,2084,-238,4168,novice
2440,2567,2503,-127,5007,grandmaster
2195,2346,2270,-151,4541,average
2496,2541,2518,-45,5037,grandmaster
2668,2460,2564,208,5128,grandmaster
2608,2447,2527,161,5055,grandmaster
2451,2712,2581,-261,5163,grandmaster
2230,1984,2107,246,4214,average
2410,2348,2379,62,4758,master
2380,2292,2336,88,4672,master
2581,2564,2572,17,5145,grandmaster
2617,2670,2643,-53,5287,grandmaster
2528,2653,2590,-125,5181,grandmaster
2690,2590,2640,100,5280,grandmaster
2541,2669,2605,-128,5210,grandmaster
1577,1827,1702,-250,3404,novice
2684,2501,2592,183,5185,grandmaster
2737,2743,2740,-6,5480,grandmaster
2680,2438,2559,242,5118,grandmaster
2590,2618,2604,-28,5208,grandmaster
2641,2412,2526,229,5053,grandmaster
2529,2495,2512,34,5024,grandmaster
2435,2217,2326,218,4652,master
1937,1820,1878,117,3757,novice
2566,2746,2656,-180,5312,grandmaster
2675,2723,2699,-48,5398,grandmaster
2598,2471,2534,127,5069,grandmaster
2516,2571,2543,-55,5087,grandmaster
2408,2619,2513,-211,5027,grandmaster
2593,2548,2570,45,5141,grandmaster
2491,2645,2568,-154,5136,grandmaster
2434,2619,2526,-185,5053,grandmaster
2569,2700,2634,-131,5269,grandmaster
2228,2069,2148,159,4297,average
2442,2528,2485,-86,4970,master
2626,2698,2662,-72,5324,grandmaster
2534,2542,2538,-8,5076,grandmaster
2630,2469,2549,161,5099,grandmaster
2395,2438,2416,-43,4833,master
2574,2529,2551,45,5103,grandmaster
2607,2543,2575,64,5150,grandmaster
1997,1889,1943,108,3886,novice
2225,2336,2280,-111,4561,average
2428,2273,2350,155,4701,master
2309,2067,2188,242,4376,average
2611,2604,2607,7,5215,grandmaster
2652,2737,2694,-85,5389,grandmaster
2483,2732,2607,-249,5215,grandmaster
2402,2557,2479,-155,4959,master
2505,2513,2509,-8,5018,grandmaster
2564,2506,2535,58,5070,grandmaster
2502,2488,2495,14,4990,master
2485,2519,2502,-34,5004,grandmaster
2119,2518,2318,-399,4637,master
2539,2555,2547,-16,5094,grandmaster
2604,2723,2663,-119,5327,grandmaster
2039,1964,2001,75,4003,novice
2737,2736,2736,1,5473,grandmaster
2505,2351,2428,154,4856,master
2259,1941,2100,318,4200,novice
2500,2630,2565,-130,5130,grandmaster
2167,1774,1970,393,3941,novice
2455,2547,2501,-92,5002,grandmaster
2706,2558,2632,148,5264,grandmaster
2679,2636,2657,43,5315,grandmaster
2385,2380,2382,5,4765,master
2432,2303,2367,129,4735,master
2452,2651,2551,-199,5103,grandmaster
2671,2691,2681,-20,5362,grandmaster
2693,2670,2681,23,5363,grandmaster
2705,2695,2700,10,5400,grandmaster
2499,2554,2526,-55,5053,grandmaster
2435,2419,2427,16,4854,master
2232,1918,2075,314,4150,novice
2598,2632,2615,-34,5230,grandmaster
2412,2322,2367,90,4734,master
2307,2233,2270,74,4540,average
2419,2601,2510,-182,5020,grandmaster
2762,2679,2720,83,5441,grandmaster
2275,2154,2214,121,4429,average
