,WhiteElo,BlackElo,MeanElos,DiffElos,SumElos,Class
2,2446,2191,2318,255,4637,2
3,2168,2075,2121,93,4243,2
4,2437,2254,2345,183,4691,2
5,2449,2201,2325,248,4650,2
7,2553,2052,2302,501,4605,2
9,2306,2093,2199,213,4399,2
12,2357,2110,2233,247,4467,2
14,2406,2147,2276,259,4553,2
16,2250,2132,2191,118,4382,2
19,2295,2191,2243,104,4486,2
23,2392,2272,2332,120,4664,2
29,2345,2291,2318,54,4636,2
32,2224,2008,2116,216,4232,2
37,2130,1943,2036,187,4073,2
40,2450,2170,2310,280,4620,2
50,2269,2106,2187,163,4375,2
53,2607,1765,2186,842,4372,2
56,2360,1924,2142,436,4284,2
61,2271,2211,2241,60,4482,2
65,2359,2064,2211,295,4423,2
66,2368,2248,2308,120,4616,2
68,2241,1776,2008,465,4017,2
70,2466,2233,2349,233,4699,2
77,2380,2192,2286,188,4572,2
80,2270,2152,2211,118,4422,2
84,2172,1880,2026,292,4052,2
90,2171,2040,2105,131,4211,2
92,2183,1931,2057,252,4114,2
97,2220,2122,2171,98,4342,2
104,2467,2109,2288,358,4576,2
106,2371,1822,2096,549,4193,2
107,2432,2120,2276,312,4552,2
111,2543,2176,2359,367,4719,2
112,2523,1960,2241,563,4483,2
114,2368,2222,2295,146,4590,2
116,2253,2156,2204,97,4409,2
118,2391,2170,2280,221,4561,2
123,2476,2169,2322,307,4645,2
129,2191,1991,2091,200,4182,2
133,2392,2295,2343,97,4687,2
139,2409,1936,2172,473,4345,2
141,2480,1799,2139,681,4279,2
142,2250,2122,2186,128,4372,2
150,2225,2050,2137,175,4275,2
151,2230,1846,2038,384,4076,2
152,2336,2225,2280,111,4561,2
156,2319,2107,2213,212,4426,2
160,2298,2202,2250,96,4500,2
163,2253,2046,2149,207,4299,2
167,2346,2114,2230,232,4460,2
170,2390,2034,2212,356,4424,2
172,2284,2092,2188,192,4376,2
175,2316,2242,2279,74,4558,2
176,2160,2047,2103,113,4207,2
178,2334,2166,2250,168,4500,2
183,2144,2068,2106,76,4212,2
185,2330,2151,2240,179,4481,2
188,2411,2201,2306,210,4612,2
189,2442,2171,2306,271,4613,2
191,2398,2053,2225,345,4451,2
198,2549,2185,2367,364,4734,2
205,2525,2150,2337,375,4675,2
211,2379,2091,2235,288,4470,2
213,2260,2204,2232,56,4464,2
215,2129,2003,2066,126,4132,2
220,2194,2024,2109,170,4218,2
221,2379,2297,2338,82,4676,2
222,2436,2263,2349,173,4699,2
229,2231,1858,2044,373,4089,2
230,2165,1850,2007,315,4015,2
232,2264,1692,1978,572,3956,2
233,2257,2101,2179,156,4358,2
235,2221,1981,2101,240,4202,2
237,2506,2194,2350,312,4700,2
242,2229,2051,2140,178,4280,2
243,2388,2233,2310,155,4621,2
246,2159,2076,2117,83,4235,2
250,2517,2053,2285,464,4570,2
252,2531,2017,2274,514,4548,2
257,2187,2029,2108,158,4216,2
259,2312,2011,2161,301,4323,2
268,2208,1999,2103,209,4207,2
272,2394,2255,2324,139,4649,2
273,2255,2159,2207,96,4414,2
276,2206,1969,2087,237,4175,2
278,2387,2222,2304,165,4609,2
279,2368,2125,2246,243,4493,2
280,2368,1811,2089,557,4179,2
283,2223,1912,2067,311,4135,2
284,2515,2007,2261,508,4522,2
304,2302,2042,2172,260,4344,2
315,2348,1881,2114,467,4229,2
316,2198,1968,2083,230,4166,2
318,2427,2202,2314,225,4629,2
319,2525,2138,2331,387,4663,2
324,2528,2190,2359,338,4718,2
331,2470,2226,2348,244,4696,2
338,2301,2119,2210,182,4420,2
345,2312,2067,2189,245,4379,2
347,2138,1927,2032,211,4065,2
350,2210,1971,2090,239,4181,2
351,2392,2275,2333,117,4667,2
360,2457,2063,2260,394,4520,2
364,2249,2011,2130,238,4260,2
369,2274,1797,2035,477,4071,2
372,2395,2270,2332,125,4665,2
376,2128,1965,2046,163,4093,2
383,2375,2249,2312,126,4624,2
384,2255,2235,2245,20,4490,2
393,2457,2201,2329,256,4658,2
394,2177,2024,2100,153,4201,2
395,2182,1869,2025,313,4051,2
406,2240,2223,2231,17,4463,2
411,2237,2209,2223,28,4446,2
418,2551,2205,2378,346,4756,2
419,2460,2226,2343,234,4686,2
426,2451,2187,2319,264,4638,2
434,2429,2049,2239,380,4478,2
439,2220,2134,2177,86,4354,2
440,2395,2060,2227,335,4455,2
441,2286,2255,2270,31,4541,2
446,2232,2037,2134,195,4269,2
450,2421,2159,2290,262,4580,2
453,2548,2118,2333,430,4666,2
459,2318,1767,2042,551,4085,2
461,2269,2058,2163,211,4327,2
464,2430,2126,2278,304,4556,2
467,2342,2259,2300,83,4601,2
468,2167,1922,2044,245,4089,2
473,2454,2218,2336,236,4672,2
479,2272,2153,2212,119,4425,2
485,2355,2092,2223,263,4447,2
489,2422,2275,2348,147,4697,2
491,2376,1871,2123,505,4247,2
495,2257,2145,2201,112,4402,2
502,2224,2026,2125,198,4250,2
515,2114,2113,2113,1,4227,2
521,2195,2094,2144,101,4289,2
525,2480,1931,2205,549,4411,2
526,2506,2238,2372,268,4744,2
532,2269,2023,2146,246,4292,2
533,2393,2171,2282,222,4564,2
536,2418,2180,2299,238,4598,2
538,2364,1880,2122,484,4244,2
539,2524,2124,2324,400,4648,2
540,2111,2025,2068,86,4136,2
541,2441,1967,2204,474,4408,2
549,2342,2204,2273,138,4546,2
550,2380,2239,2309,141,4619,2
553,2321,2274,2297,47,4595,2
555,2369,2207,2288,162,4576,2
560,2241,2031,2136,210,4272,2
563,2273,2032,2152,241,4305,2
564,2124,2013,2068,111,4137,2
573,2202,1941,2071,261,4143,2
574,2251,2212,2231,39,4463,2
575,2188,1915,2051,273,4103,2
576,2431,2187,2309,244,4618,2
580,2261,1961,2111,300,4222,2
584,2076,2080,2078,-4,4156,2
587,2302,2014,2158,288,4316,2
593,2306,2229,2267,77,4535,2
599,2508,2216,2362,292,4724,2
600,2403,2232,2317,171,4635,2
602,2378,2274,2326,104,4652,2
603,2405,2274,2339,131,4679,2
611,2170,2018,2094,152,4188,2
616,2251,2059,2155,192,4310,2
618,2200,2139,2169,61,4339,2
619,2244,1984,2114,260,4228,2
620,2375,2139,2257,236,4514,2
628,2380,2199,2289,181,4579,2
629,2451,2108,2279,343,4559,2
630,2378,2177,2277,201,4555,2
636,2355,2166,2260,189,4521,2
640,2344,2101,2222,243,4445,2
642,2154,2108,2131,46,4262,2
651,2385,2148,2266,237,4533,2
654,2239,2094,2166,145,4333,2
676,2136,2051,2093,85,4187,2
683,2571,2084,2327,487,4655,2
687,2284,1969,2126,315,4253,2
690,2390,2076,2233,314,4466,2
694,2254,2074,2164,180,4328,2
697,2308,2131,2219,177,4439,2
700,2207,2095,2151,112,4302,2
702,2346,2259,2302,87,4605,2
703,2461,2178,2319,283,4639,2
707,2157,2050,2103,107,4207,2
712,2460,2139,2299,321,4599,2
719,2343,2275,2309,68,4618,2
723,2299,2207,2253,92,4506,2
726,2275,2098,2186,177,4373,2
733,2156,1956,2056,200,4112,2
738,2330,2206,2268,124,4536,2
741,2194,1905,2049,289,4099,2
745,2194,2068,2131,126,4262,2
748,2333,2138,2235,195,4471,2
752,2108,1962,2035,146,4070,2
758,2457,2226,2341,231,4683,2
759,2107,2006,2056,101,4113,2
765,2305,2270,2287,35,4575,2
770,2130,1962,2046,168,4092,2
779,2316,1929,2122,387,4245,2
785,2327,2105,2216,222,4432,2
788,2101,1984,2042,117,4085,2
791,2213,1975,2094,238,4188,2
796,2337,2267,2302,70,4604,2
797,2154,1956,2055,198,4110,2
808,2333,1803,2068,530,4136,2
819,2122,2058,2090,64,4180,2
824,2296,2185,2240,111,4481,2
830,2176,1865,2020,311,4041,2
837,2305,2143,2224,162,4448,2
846,2130,2002,2066,128,4132,2
849,2270,2031,2150,239,4301,2
862,2229,2078,2153,151,4307,2
865,2349,2167,2258,182,4516,2
866,2258,1845,2051,413,4103,2
872,2309,2290,2299,19,4599,2
873,2462,2161,2311,301,4623,2
875,2294,2104,2199,190,4398,2
879,2173,2138,2155,35,4311,2
882,2375,2204,2289,171,4579,2
885,2343,2014,2178,329,4357,2
889,2298,1890,2094,408,4188,2
890,2210,2078,2144,132,4288,2
892,2354,2301,2327,53,4655,2
893,2389,2150,2269,239,4539,2
899,2552,2116,2334,436,4668,2
900,2305,2248,2276,57,4553,2
903,2544,2111,2327,433,4655,2
912,2178,2032,2105,146,4210,2
921,2241,2054,2147,187,4295,2
923,2299,2055,2177,244,4354,2
928,2560,2176,2368,384,4736,2
930,2281,2174,2227,107,4455,2
931,2253,2137,2195,116,4390,2
932,2402,2062,2232,340,4464,2
933,2347,2107,2227,240,4454,2
935,2371,1845,2108,526,4216,2
937,2383,2269,2326,114,4652,2
941,2365,1909,2137,456,4274,2
942,2378,1952,2165,426,4330,2
945,2412,2063,2237,349,4475,2
947,2238,1958,2098,280,4196,2
955,2381,2295,2338,86,4676,2
957,2247,2166,2206,81,4413,2
961,2226,1997,2111,229,4223,2
963,2168,2148,2158,20,4316,2
975,2338,2112,2225,226,4450,2
980,2239,2003,2121,236,4242,2
981,2428,2239,2333,189,4667,2
985,2150,2115,2132,35,4265,2
1003,2242,2137,2189,105,4379,2
1004,2396,2242,2319,154,4638,2
1011,2385,2109,2247,276,4494,2
1012,2476,2226,2351,250,4702,2
1015,2347,2095,2221,252,4442,2
1019,2262,2046,2154,216,4308,2
1029,2299,2136,2217,163,4435,2
1032,2374,2253,2313,121,4627,2
1041,2250,2209,2229,41,4459,2
1046,2448,2007,2227,441,4455,2
1049,2351,2313,2332,38,4664,2
1051,2289,1994,2141,295,4283,2
1052,2266,2188,2227,78,4454,2
1062,2274,2166,2220,108,4440,2
1063,2170,2016,2093,154,4186,2
1066,2187,2062,2124,125,4249,2
1086,2305,2138,2221,167,4443,2
1090,2265,2151,2208,114,4416,2
1092,2444,2207,2325,237,4651,2
1094,2481,1945,2213,536,4426,2
1104,2439,2235,2337,204,4674,2
1108,2192,2101,2146,91,4293,2
1109,2234,2181,2207,53,4415,2
1110,2310,2091,2200,219,4401,2
1111,2479,2238,2358,241,4717,2
1119,2439,2187,2313,252,4626,2
1120,2183,2019,2101,164,4202,2
1121,2379,2205,2292,174,4584,2
1127,2413,2112,2262,301,4525,2
1129,2176,2010,2093,166,4186,2
1134,2214,2178,2196,36,4392,2
1139,2171,2126,2148,45,4297,2
1152,2406,2252,2329,154,4658,2
1154,2303,2124,2213,179,4427,2
1157,2567,2158,2362,409,4725,2
1163,2132,2006,2069,126,4138,2
1165,2105,2103,2104,2,4208,2
1166,2310,2088,2199,222,4398,2
1168,2368,2253,2310,115,4621,2
1176,2134,1984,2059,150,4118,2
1179,2083,2015,2049,68,4098,2
1184,2503,2070,2286,433,4573,2
1188,2556,2042,2299,514,4598,2
1192,2184,1998,2091,186,4182,2
1193,2201,1910,2055,291,4111,2
1196,2207,1926,2066,281,4133,2
1198,2123,2001,2062,122,4124,2
1204,2236,2111,2173,125,4347,2
1209,2114,1932,2023,182,4046,2
1216,2084,2002,2043,82,4086,2
1221,2079,2048,2063,31,4127,2
1227,2225,2184,2204,41,4409,2
1235,2286,2274,2280,12,4560,2
1242,2189,2086,2137,103,4275,2
1244,2203,2094,2148,109,4297,2
1248,2547,1813,2180,734,4360,2
1257,2486,1738,2112,748,4224,2
1259,2322,2304,2313,18,4626,2
1265,2545,2191,2368,354,4736,2
1278,2330,2157,2243,173,4487,2
1282,2451,2148,2299,303,4599,2
1284,2211,1999,2105,212,4210,2
1285,2345,2133,2239,212,4478,2
1287,2212,1937,2074,275,4149,2
1291,2336,2015,2175,321,4351,2
1293,2304,2263,2283,41,4567,2
1296,2377,2060,2218,317,4437,2
1297,2348,2078,2213,270,4426,2
1300,2400,2232,2316,168,4632,2
1301,2204,2069,2136,135,4273,2
1307,2541,2218,2379,323,4759,2
1311,2445,2149,2297,296,4594,2
1320,2368,2078,2223,290,4446,2
1326,2521,2067,2294,454,4588,2
1328,2254,2153,2203,101,4407,2
1335,2353,2076,2214,277,4429,2
1339,2480,1957,2218,523,4437,2
1351,2387,2277,2332,110,4664,2
1352,2366,2196,2281,170,4562,2
1358,2378,2258,2318,120,4636,2
1362,2220,1993,2106,227,4213,2
1364,2304,2237,2270,67,4541,2
1366,2304,2049,2176,255,4353,2
1374,2350,2111,2230,239,4461,2
1375,2440,2267,2353,173,4707,2
1382,2356,2186,2271,170,4542,2
1388,2443,2226,2334,217,4669,2
1393,2385,2233,2309,152,4618,2
1394,2102,2107,2104,-5,4209,2
1397,2482,2076,2279,406,4558,2
1398,2331,2011,2171,320,4342,2
1400,2214,1864,2039,350,4078,2
1402,2254,1737,1995,517,3991,2
1406,2118,2022,2070,96,4140,2
1408,2130,2022,2076,108,4152,2
1409,2488,2245,2366,243,4733,2
1411,2613,2132,2372,481,4745,2
1424,2468,2235,2351,233,4703,2
1430,2191,2161,2176,30,4352,2
1437,2399,2178,2288,221,4577,2
1438,2219,2193,2206,26,4412,2
1445,2430,2234,2332,196,4664,2
1459,2257,2180,2218,77,4437,2
1462,2281,2100,2190,181,4381,2
1466,2266,2047,2156,219,4313,2
1467,2256,2212,2234,44,4468,2
1484,2526,2105,2315,421,4631,2
1487,2397,2183,2290,214,4580,2
1492,2159,2104,2131,55,4263,2
1497,2402,2270,2336,132,4672,2
1499,2170,2046,2108,124,4216,2
1501,2414,2083,2248,331,4497,2
1502,2256,2012,2134,244,4268,2
1505,2201,1909,2055,292,4110,2
1509,2282,1915,2098,367,4197,2
1510,2236,2086,2161,150,4322,2
1511,2259,2067,2163,192,4326,2
1512,2440,2210,2325,230,4650,2
1521,2341,2316,2328,25,4657,2
1523,2275,2147,2211,128,4422,2
1536,2109,1981,2045,128,4090,2
1538,2270,2203,2236,67,4473,2
1539,2150,1966,2058,184,4116,2
1550,2239,1820,2029,419,4059,2
1554,2230,2205,2217,25,4435,2
1560,2258,2190,2224,68,4448,2
1565,2536,2132,2334,404,4668,2
1584,2305,2231,2268,74,4536,2
1589,2403,2253,2328,150,4656,2
1594,2135,2089,2112,46,4224,2
1596,2257,2045,2151,212,4302,2
1604,2273,1975,2124,298,4248,2
1605,2329,2222,2275,107,4551,2
1625,2170,2071,2120,99,4241,2
1630,2193,2188,2190,5,4381,2
1636,2331,2215,2273,116,4546,2
1643,2227,2021,2124,206,4248,2
1644,2445,1899,2172,546,4344,2
1647,2298,2184,2241,114,4482,2
1659,2080,2001,2040,79,4081,2
1660,2262,2200,2231,62,4462,2
1662,2283,2004,2143,279,4287,2
1663,2360,1987,2173,373,4347,2
1669,2105,1969,2037,136,4074,2
1671,2603,2022,2312,581,4625,2
1673,2228,2151,2189,77,4379,2
1677,2279,2237,2258,42,4516,2
1689,2332,2311,2321,21,4643,2
1694,2108,1959,2033,149,4067,2
1698,2257,2223,2240,34,4480,2
1701,2091,2032,2061,59,4123,2
1713,2158,2100,2129,58,4258,2
1714,2403,2125,2264,278,4528,2
1717,2400,2261,2330,139,4661,2
1718,2411,2249,2330,162,4660,2
1724,2187,1929,2058,258,4116,2
1726,2327,1824,2075,503,4151,2
1737,2455,2210,2332,245,4665,2
1741,2393,2069,2231,324,4462,2
1743,2328,2184,2256,144,4512,2
1744,2299,1797,2048,502,4096,2
1749,2198,1908,2053,290,4106,2
1752,2192,1847,2019,345,4039,2
1753,2564,2046,2305,518,4610,2
1754,2231,1976,2103,255,4207,2
1755,2141,1915,2028,226,4056,2
1769,2099,1982,2040,117,4081,2
1774,2438,2185,2311,253,4623,2
1776,2250,2078,2164,172,4328,2
1777,2280,2093,2186,187,4373,2
1784,2190,2179,2184,11,4369,2
1786,2258,2031,2144,227,4289,2
1787,2121,2003,2062,118,4124,2
1793,2264,2042,2153,222,4306,2
1802,2430,2214,2322,216,4644,2
1808,2295,2203,2249,92,4498,2
1810,2263,2150,2206,113,4413,2
1812,2404,2066,2235,338,4470,2
1813,2288,2227,2257,61,4515,2
1817,2496,2174,2335,322,4670,2
1818,2271,2119,2195,152,4390,2
1820,2286,2022,2154,264,4308,2
1823,2203,2130,2166,73,4333,2
1827,2137,1901,2019,236,4038,2
1829,2428,2265,2346,163,4693,2
1830,2144,1938,2041,206,4082,2
1831,2462,2106,2284,356,4568,2
1839,2164,1995,2079,169,4159,2
1841,2244,2121,2182,123,4365,2
1847,2382,2055,2218,327,4437,2
1849,2333,2215,2274,118,4548,2
1874,2389,1870,2129,519,4259,2
1877,2401,1808,2104,593,4209,2
1878,2290,2233,2261,57,4523,2
1883,2135,2002,2068,133,4137,2
1884,2397,2219,2308,178,4616,2
1891,2429,2197,2313,232,4626,2
1892,2391,2296,2343,95,4687,2
1895,2324,2199,2261,125,4523,2
1896,2378,2170,2274,208,4548,2
1900,2480,2234,2357,246,4714,2
1902,2644,2028,2336,616,4672,2
1906,2335,1930,2132,405,4265,2
1909,2137,2000,2068,137,4137,2
1916,2468,2180,2324,288,4648,2
1920,2175,2014,2094,161,4189,2
1927,2322,2297,2309,25,4619,2
1928,2332,2300,2316,32,4632,2
1932,2428,2069,2248,359,4497,2
1934,2261,1829,2045,432,4090,2
1935,2285,2246,2265,39,4531,2
1936,2377,2071,2224,306,4448,2
1951,2368,2267,2317,101,4635,2
1953,2313,2217,2265,96,4530,2
1966,2170,2083,2126,87,4253,2
1970,2307,1909,2108,398,4216,2
1975,2282,1977,2129,305,4259,2
1976,2362,2039,2200,323,4401,2
1978,2342,2245,2293,97,4587,2
1980,2381,2103,2242,278,4484,2
1981,2263,2011,2137,252,4274,2
1983,2249,2113,2181,136,4362,2
1985,2505,2196,2350,309,4701,2
1988,2349,2154,2251,195,4503,2
1990,2391,2187,2289,204,4578,2
1994,2104,1967,2035,137,4071,2
1998,2389,2017,2203,372,4406,2
1999,2214,2080,2147,134,4294,2
2006,2344,1988,2166,356,4332,2
2015,2248,1738,1993,510,3986,2
2021,2253,2137,2195,116,4390,2
2023,2106,1986,2046,120,4092,2
2026,2397,2190,2293,207,4587,2
2029,2316,2074,2195,242,4390,2
2030,2222,2099,2160,123,4321,2
2031,2422,2204,2313,218,4626,2
2032,2373,2136,2254,237,4509,2
2049,2276,2065,2170,211,4341,2
2056,2155,2010,2082,145,4165,2
2070,2248,2141,2194,107,4389,2
2073,2184,1994,2089,190,4178,2
2077,2177,2166,2171,11,4343,2
2078,2422,2125,2273,297,4547,2
2082,2233,2087,2160,146,4320,2
2084,2288,2248,2268,40,4536,2
2086,2253,2120,2186,133,4373,2
2089,2332,2166,2249,166,4498,2
2091,2420,2128,2274,292,4548,2
2093,2119,2107,2113,12,4226,2
2095,2198,2058,2128,140,4256,2
2113,2372,2204,2288,168,4576,2
2116,2501,2069,2285,432,4570,2
2117,2113,1990,2051,123,4103,2
2118,2397,2294,2345,103,4691,2
2119,2284,2112,2198,172,4396,2
2126,2132,2090,2111,42,4222,2
2127,2446,2154,2300,292,4600,2
2128,2439,1952,2195,487,4391,2
2133,2669,2141,2405,528,4810,2
2141,2244,2078,2161,166,4322,2
2145,2350,2020,2185,330,4370,2
2148,2446,2242,2344,204,4688,2
2150,2161,1886,2023,275,4047,2
2151,2328,2308,2318,20,4636,2
2154,2382,2175,2278,207,4557,2
2158,2481,2216,2348,265,4697,2
2159,2396,2127,2261,269,4523,2
2164,2470,2221,2345,249,4691,2
2165,2280,2215,2247,65,4495,2
2174,2422,2246,2334,176,4668,2
2175,2134,1994,2064,140,4128,2
2177,2375,2231,2303,144,4606,2
2181,2363,2244,2303,119,4607,2
2184,2194,2008,2101,186,4202,2
2189,2287,2148,2217,139,4435,2
2191,2336,2235,2285,101,4571,2
2198,2446,2233,2339,213,4679,2
2199,2246,2036,2141,210,4282,2
2201,2412,2100,2256,312,4512,2
2206,2467,2194,2330,273,4661,2
2217,2409,2258,2333,151,4667,2
2219,2244,2063,2153,181,4307,2
2220,2397,2246,2321,151,4643,2
2228,2339,2127,2233,212,4466,2
2232,2345,2139,2242,206,4484,2
2234,2204,1980,2092,224,4184,2
2237,2404,2170,2287,234,4574,2
2240,2235,2027,2131,208,4262,2
2243,2138,1916,2027,222,4054,2
2244,2436,2224,2330,212,4660,2
2245,2174,2026,2100,148,4200,2
2249,2499,2158,2328,341,4657,2
2263,2107,2001,2054,106,4108,2
2265,2337,2176,2256,161,4513,2
2267,2485,1693,2089,792,4178,2
2280,2244,2080,2162,164,4324,2
2284,2396,2253,2324,143,4649,2
2288,2344,2320,2332,24,4664,2
2290,2179,1989,2084,190,4168,2
2293,2383,2008,2195,375,4391,2
2296,2266,2101,2183,165,4367,2
2298,2281,2052,2166,229,4333,2
2299,2351,2074,2212,277,4425,2
2309,2186,2125,2155,61,4311,2
2313,2445,2110,2277,335,4555,2
2315,2285,2072,2178,213,4357,2
2320,2121,2056,2088,65,4177,2
2323,2203,2093,2148,110,4296,2
2324,2228,1965,2096,263,4193,2
2326,2300,2270,2285,30,4570,2
2336,2270,2114,2192,156,4384,2
2349,2396,1978,2187,418,4374,2
2351,2251,2086,2168,165,4337,2
2352,2219,2163,2191,56,4382,2
2357,2336,2205,2270,131,4541,2
2359,2193,1792,1992,401,3985,2
2361,2180,2075,2127,105,4255,2
2372,2104,1993,2048,111,4097,2
2378,2368,2259,2313,109,4627,2
2384,2255,2087,2171,168,4342,2
2386,2240,2179,2209,61,4419,2
2389,2438,2255,2346,183,4693,2
2390,2150,2051,2100,99,4201,2
2391,2185,2092,2138,93,4277,2
2399,2186,1994,2090,192,4180,2
2403,2339,2006,2172,333,4345,2
2409,2211,2116,2163,95,4327,2
2414,2290,2088,2189,202,4378,2
2415,2452,2242,2347,210,4694,2
2416,2448,2206,2327,242,4654,2
2426,2358,2048,2203,310,4406,2
2430,2251,2235,2243,16,4486,2
2431,2268,2122,2195,146,4390,2
2439,2321,2198,2259,123,4519,2
2447,2255,2203,2229,52,4458,2
2451,2316,2075,2195,241,4391,2
2454,2287,2098,2192,189,4385,2
2455,2572,2190,2381,382,4762,2
2460,2377,2244,2310,133,4621,2
2470,2579,1939,2259,640,4518,2
2479,2481,2085,2283,396,4566,2
2483,2307,2161,2234,146,4468,2
2487,2298,2023,2160,275,4321,2
2488,2368,2279,2323,89,4647,2
2490,2335,1957,2146,378,4292,2
2491,2145,1921,2033,224,4066,2
2494,2401,2226,2313,175,4627,2
2497,2203,1811,2007,392,4014,2
2499,2646,1697,2171,949,4343,2
2500,2242,2098,2170,144,4340,2
2502,2299,2228,2263,71,4527,2
2507,2361,2147,2254,214,4508,2
2517,2205,1828,2016,377,4033,2
2522,2306,1950,2128,356,4256,2
2525,2442,2121,2281,321,4563,2
2537,2459,2170,2314,289,4629,2
2543,2423,2277,2350,146,4700,2
2553,2434,2256,2345,178,4690,2
2557,2413,2208,2310,205,4621,2
2564,2214,1922,2068,292,4136,2
2569,2159,2078,2118,81,4237,2
2570,2227,2114,2170,113,4341,2
2573,2470,2045,2257,425,4515,2
2582,2462,1995,2228,467,4457,2
2584,2300,2149,2224,151,4449,2
2604,2172,1986,2079,186,4158,2
2614,2290,1791,2040,499,4081,2
2628,2495,2117,2306,378,4612,2
2636,2158,1955,2056,203,4113,2
2641,2329,2101,2215,228,4430,2
2642,2471,2097,2284,374,4568,2
2648,2233,2121,2177,112,4354,2
2651,2177,2058,2117,119,4235,2
2652,2310,2282,2296,28,4592,2
2659,2262,2120,2191,142,4382,2
2668,2412,2010,2211,402,4422,2
2669,2533,2123,2328,410,4656,2
2671,2474,2180,2327,294,4654,2
2672,2237,2166,2201,71,4403,2
2674,2281,2142,2211,139,4423,2
2677,2235,2227,2231,8,4462,2
2683,2307,2166,2236,141,4473,2
2685,2227,2147,2187,80,4374,2
2688,2277,2216,2246,61,4493,2
2689,2246,1713,1979,533,3959,2
2700,2221,2047,2134,174,4268,2
2711,2330,2069,2199,261,4399,2
2716,2490,2241,2365,249,4731,2
2717,2297,2154,2225,143,4451,2
2720,2414,2164,2289,250,4578,2
2722,2329,2261,2295,68,4590,2
2723,2505,2031,2268,474,4536,2
2731,2399,1985,2192,414,4384,2
2735,2141,2035,2088,106,4176,2
2736,2344,2141,2242,203,4485,2
2740,2155,2011,2083,144,4166,2
2741,2243,2161,2202,82,4404,2
2743,2527,2019,2273,508,4546,2
2747,2202,2000,2101,202,4202,2
2749,2311,2169,2240,142,4480,2
2754,2399,2257,2328,142,4656,2
2758,2341,2086,2213,255,4427,2
2771,2272,2135,2203,137,4407,2
2773,2419,2252,2335,167,4671,2
2776,2422,2233,2327,189,4655,2
2778,2394,2125,2259,269,4519,2
2787,2412,2271,2341,141,4683,2
2791,2457,2176,2316,281,4633,2
2796,2404,2249,2326,155,4653,2
2799,2629,2038,2333,591,4667,2
2801,2502,1927,2214,575,4429,2
2804,2154,1991,2072,163,4145,2
2805,2434,2078,2256,356,4512,2
2815,2343,1976,2159,367,4319,2
2831,2354,2198,2276,156,4552,2
2834,2383,2296,2339,87,4679,2
2837,2068,2012,2040,56,4080,2
2845,2285,1971,2128,314,4256,2
2846,2458,2213,2335,245,4671,2
2847,2233,2108,2170,125,4341,2
2848,2349,2210,2279,139,4559,2
2850,2457,2152,2304,305,4609,2
2851,2439,2211,2325,228,4650,2
2854,2276,2139,2207,137,4415,2
2855,2189,2177,2183,12,4366,2
2858,2437,2077,2257,360,4514,2
2860,2348,1890,2119,458,4238,2
2864,2275,1892,2083,383,4167,2
2870,2371,2167,2269,204,4538,2
2874,2397,2257,2327,140,4654,2
2875,2323,2278,2300,45,4601,2
2880,2247,2118,2182,129,4365,2
2882,2386,2275,2330,111,4661,2
2883,2356,2112,2234,244,4468,2
2884,2368,2242,2305,126,4610,2
2886,2365,1978,2171,387,4343,2
2888,2349,2157,2253,192,4506,2
2895,2324,2191,2257,133,4515,2
2897,2346,2030,2188,316,4376,2
2901,2324,2260,2292,64,4584,2
2903,2080,2030,2055,50,4110,2
2904,2138,2092,2115,46,4230,2
2905,2271,2058,2164,213,4329,2
2923,2185,1867,2026,318,4052,2
2925,2190,2054,2122,136,4244,2
2927,2115,1987,2051,128,4102,2
2929,2306,2289,2297,17,4595,2
2933,2141,1920,2030,221,4061,2
2936,2165,2002,2083,163,4167,2
2944,2251,1951,2101,300,4202,2
2953,2167,1910,2038,257,4077,2
2972,2360,2039,2199,321,4399,2
2975,2340,1877,2108,463,4217,2
2980,2522,2179,2350,343,4701,2
2982,2356,2313,2334,43,4669,2
2983,2468,2054,2261,414,4522,2
2985,2256,1922,2089,334,4178,2
2986,2394,2181,2287,213,4575,2
2991,2211,2082,2146,129,4293,2
2994,2234,2013,2123,221,4247,2
2997,2099,1981,2040,118,4080,2
3000,2367,2109,2238,258,4476,2
3004,2256,2097,2176,159,4353,2
3008,2137,2040,2088,97,4177,2
3011,2203,1927,2065,276,4130,2
3018,2329,1947,2138,382,4276,2
3020,2205,2011,2108,194,4216,2
3022,2363,1917,2140,446,4280,2
3033,2283,2191,2237,92,4474,2
3049,2254,2245,2249,9,4499,2
3060,2529,2218,2373,311,4747,2
3062,2350,2161,2255,189,4511,2
3071,2182,1984,2083,198,4166,2
3078,2147,1958,2052,189,4105,2
3080,2417,2163,2290,254,4580,2
3081,2534,2053,2293,481,4587,2
3082,2304,1808,2056,496,4112,2
3090,2203,1862,2032,341,4065,2
3105,2240,2024,2132,216,4264,2
3107,2249,2045,2147,204,4294,2
3112,2269,2119,2194,150,4388,2
3129,2448,1954,2201,494,4402,2
3134,2204,2078,2141,126,4282,2
3138,2284,1988,2136,296,4272,2
3145,2244,1913,2078,331,4157,2
3146,2126,1926,2026,200,4052,2
3151,2209,2005,2107,204,4214,2
3153,2190,2029,2109,161,4219,2
3158,2368,2246,2307,122,4614,2
3161,2197,1813,2005,384,4010,2
3170,2397,2233,2315,164,4630,2
3212,2326,1994,2160,332,4320,2
3213,2370,2193,2281,177,4563,2
3217,2315,2051,2183,264,4366,2
3220,2361,2278,2319,83,4639,2
3222,2320,1805,2062,515,4125,2
3223,2266,1999,2132,267,4265,2
3236,2514,2218,2366,296,4732,2
3241,2141,1970,2055,171,4111,2
3245,2356,2154,2255,202,4510,2
3247,2439,2241,2340,198,4680,2
3248,2254,2145,2199,109,4399,2
3250,2409,2129,2269,280,4538,2
3256,2151,2084,2117,67,4235,2
3267,2268,2005,2136,263,4273,2
3270,2338,1752,2045,586,4090,2
3271,2445,2130,2287,315,4575,2
3273,2475,2118,2296,357,4593,2
3280,2249,2000,2124,249,4249,2
3281,2379,2166,2272,213,4545,2
3282,2392,2246,2319,146,4638,2
3284,2299,2254,2276,45,4553,2
3290,2115,2087,2101,28,4202,2
3293,2178,2006,2092,172,4184,2
3298,2256,2129,2192,127,4385,2
3303,2304,2117,2210,187,4421,2
3304,2342,1973,2157,369,4315,2
3313,2254,2086,2170,168,4340,2
3314,2319,2163,2241,156,4482,2
3315,2357,2292,2324,65,4649,2
3325,2220,2097,2158,123,4317,2
3329,2200,2101,2150,99,4301,2
3331,2279,2224,2251,55,4503,2
3334,2209,2069,2139,140,4278,2
3340,2209,1854,2031,355,4063,2
3349,2441,2158,2299,283,4599,2
3352,2160,1903,2031,257,4063,2
3354,2228,2156,2192,72,4384,2
3357,2414,2133,2273,281,4547,2
3360,2244,2179,2211,65,4423,2
3364,2162,2011,2086,151,4173,2
3366,2305,2177,2241,128,4482,2
3367,2436,2132,2284,304,4568,2
3369,2182,2142,2162,40,4324,2
3373,2344,2257,2300,87,4601,2
3375,2310,1984,2147,326,4294,2
3376,2436,2014,2225,422,4450,2
3381,2206,1995,2100,211,4201,2
3395,2461,2207,2334,254,4668,2
3398,2442,2250,2346,192,4692,2
3409,2331,2301,2316,30,4632,2
3415,2442,1995,2218,447,4437,2
3418,2517,2140,2328,377,4657,2
3419,2578,2067,2322,511,4645,2
3423,2219,2014,2116,205,4233,2
3429,2253,1969,2111,284,4222,2
3430,2180,1997,2088,183,4177,2
3434,2323,1923,2123,400,4246,2
3437,2420,2164,2292,256,4584,2
3438,2363,2083,2223,280,4446,2
3441,2441,2054,2247,387,4495,2
3442,2217,1860,2038,357,4077,2
3443,2239,2177,2208,62,4416,2
3450,2323,1994,2158,329,4317,2
3451,2521,2193,2357,328,4714,2
3455,2233,2011,2122,222,4244,2
3461,2125,2008,2066,117,4133,2
3462,2303,2216,2259,87,4519,2
3464,2455,1899,2177,556,4354,2
3467,2276,2068,2172,208,4344,2
3475,2107,1977,2042,130,4084,2
3481,2350,2069,2209,281,4419,2
3483,2248,2123,2185,125,4371,2
3489,2360,2280,2320,80,4640,2
3492,2186,2023,2104,163,4209,2
3494,2333,2153,2243,180,4486,2
3503,2203,2141,2172,62,4344,2
3512,2311,2031,2171,280,4342,2
3521,2425,2194,2309,231,4619,2
3524,2290,2086,2188,204,4376,2
3525,2466,2087,2276,379,4553,2
3528,2361,2237,2299,124,4598,2
3535,2345,2143,2244,202,4488,2
3537,2206,2166,2186,40,4372,2
3538,2203,1785,1994,418,3988,2
3547,2303,2029,2166,274,4332,2
3549,2399,2153,2276,246,4552,2
3552,2121,2088,2104,33,4209,2
3554,2441,1957,2199,484,4398,2
3560,2306,2276,2291,30,4582,2
3563,2284,1982,2133,302,4266,2
3570,2423,2136,2279,287,4559,2
3576,2527,2088,2307,439,4615,2
3580,2148,1957,2052,191,4105,2
3581,2385,2017,2201,368,4402,2
3585,2311,2152,2231,159,4463,2
3587,2375,2068,2221,307,4443,2
3588,2311,2024,2167,287,4335,2
3590,2288,1849,2068,439,4137,2
3592,2157,2024,2090,133,4181,2
3594,2264,2037,2150,227,4301,2
3600,2455,2222,2338,233,4677,2
3605,2411,2113,2262,298,4524,2
3611,2272,2194,2233,78,4466,2
3615,2311,1925,2118,386,4236,2
3619,2290,2204,2247,86,4494,2
3635,2310,2083,2196,227,4393,2
3638,2181,2157,2169,24,4338,2
3645,2205,2151,2178,54,4356,2
3646,2437,2034,2235,403,4471,2
3649,2175,1869,2022,306,4044,2
3660,2433,2025,2229,408,4458,2
3661,2167,2013,2090,154,4180,2
3665,2108,2080,2094,28,4188,2
3666,2154,2097,2125,57,4251,2
3673,2260,1866,2063,394,4126,2
3674,2220,2054,2137,166,4274,2
3675,2363,2209,2286,154,4572,2
3685,2290,2239,2264,51,4529,2
3688,2356,2097,2226,259,4453,2
3696,2302,2151,2226,151,4453,2
3697,2359,2237,2298,122,4596,2
3698,2375,2186,2280,189,4561,2
3705,2275,2044,2159,231,4319,2
3712,2246,1991,2118,255,4237,2
3713,2360,2209,2284,151,4569,2
3714,2403,2002,2202,401,4405,2
3716,2301,2130,2215,171,4431,2
3721,2443,2255,2349,188,4698,2
3734,2128,2012,2070,116,4140,2
3737,2275,2143,2209,132,4418,2
3743,2365,2147,2256,218,4512,2
3744,2367,1892,2129,475,4259,2
3772,2235,1953,2094,282,4188,2
3775,2411,2152,2281,259,4563,2
3777,2179,1997,2088,182,4176,2
3786,2116,1949,2032,167,4065,2
3794,2356,2277,2316,79,4633,2
3797,2376,2204,2290,172,4580,2
3798,2087,2079,2083,8,4166,2
3805,2238,1951,2094,287,4189,2
3806,2292,2106,2199,186,4398,2
3814,2323,2077,2200,246,4400,2
3816,2349,2269,2309,80,4618,2
3819,2342,2078,2210,264,4420,2
3824,2261,2246,2253,15,4507,2
3827,2189,1977,2083,212,4166,2
3828,2331,1835,2083,496,4166,2
3835,2338,2243,2290,95,4581,2
3838,2348,2088,2218,260,4436,2
3845,2226,1759,1992,467,3985,2
3846,2457,2049,2253,408,4506,2
3855,2241,1876,2058,365,4117,2
3857,2316,2025,2170,291,4341,2
3862,2147,2062,2104,85,4209,2
3864,2263,2136,2199,127,4399,2
3871,2151,1967,2059,184,4118,2
3875,2417,2188,2302,229,4605,2
3877,2180,2133,2156,47,4313,2
3880,2208,2036,2122,172,4244,2
3881,2308,2020,2164,288,4328,2
3882,2227,1928,2077,299,4155,2
3883,2203,2139,2171,64,4342,2
3885,2254,2008,2131,246,4262,2
3886,2637,2069,2353,568,4706,2
3888,2221,2031,2126,190,4252,2
3890,2187,2030,2108,157,4217,2
3891,2142,1970,2056,172,4112,2
3899,2186,2083,2134,103,4269,2
3900,2308,1869,2088,439,4177,2
3907,2416,2119,2267,297,4535,2
3923,2209,1938,2073,271,4147,2
3929,2319,2173,2246,146,4492,2
3938,2180,2117,2148,63,4297,2
3942,2153,1918,2035,235,4071,2
3944,2564,2195,2379,369,4759,2
3945,2488,2231,2359,257,4719,2
3948,2385,2035,2210,350,4420,2
3951,2074,2050,2062,24,4124,2
3952,2354,2256,2305,98,4610,2
3954,2322,2276,2299,46,4598,2
3958,2319,2222,2270,97,4541,2
3959,2141,2018,2079,123,4159,2
3965,2216,2127,2171,89,4343,2
3967,2293,2160,2226,133,4453,2
3971,2246,2110,2178,136,4356,2
3980,2423,2251,2337,172,4674,2
3985,2358,2090,2224,268,4448,2
3992,2192,2090,2141,102,4282,2
3993,2434,2246,2340,188,4680,2
4004,2363,2226,2294,137,4589,2
4010,2271,2051,2161,220,4322,2
4016,2309,2043,2176,266,4352,2
4017,2351,2027,2189,324,4378,2
4019,2262,1990,2126,272,4252,2
4022,2462,2174,2318,288,4636,2
4023,2272,2061,2166,211,4333,2
4024,2272,1886,2079,386,4158,2
4026,2172,1909,2040,263,4081,2
4029,2395,2258,2326,137,4653,2
4034,2533,2085,2309,448,4618,2
4042,2367,2060,2213,307,4427,2
4043,2286,1905,2095,381,4191,2
4057,2248,1699,1973,549,3947,2
4058,2232,2218,2225,14,4450,2
4059,2436,2167,2301,269,4603,2
4061,2407,2257,2332,150,4664,2
4063,2283,2197,2240,86,4480,2
4067,2285,1650,1967,635,3935,2
4073,2221,2089,2155,132,4310,2
4074,2354,1878,2116,476,4232,2
4076,2526,2200,2363,326,4726,2
4077,2116,1996,2056,120,4112,2
4080,2380,2155,2267,225,4535,2
4093,2382,2206,2294,176,4588,2
4100,2381,1953,2167,428,4334,2
4106,2303,2216,2259,87,4519,2
4121,2274,2195,2234,79,4469,2
4122,2516,2104,2310,412,4620,2
4129,2310,2180,2245,130,4490,2
4136,2213,2068,2140,145,4281,2
4139,2302,2163,2232,139,4465,2
4141,2447,2040,2243,407,4487,2
4154,2147,2108,2127,39,4255,2
4155,2421,2029,2225,392,4450,2
4156,2089,2088,2088,1,4177,2
4161,2251,2173,2212,78,4424,2
4164,2070,2077,2073,-7,4147,2
4165,2276,2112,2194,164,4388,2
4166,2368,2282,2325,86,4650,2
4175,2411,2220,2315,191,4631,2
4177,2275,2172,2223,103,4447,2
4179,2220,2023,2121,197,4243,2
4183,2392,2098,2245,294,4490,2
4187,2354,2262,2308,92,4616,2
4192,2502,2185,2343,317,4687,2
4195,2091,1985,2038,106,4076,2
4202,2482,2182,2332,300,4664,2
4205,2334,2170,2252,164,4504,2
4208,2331,2275,2303,56,4606,2
4209,2248,2039,2143,209,4287,2
4211,2377,2282,2329,95,4659,2
4212,2180,1902,2041,278,4082,2
4214,2293,2242,2267,51,4535,2
4215,2365,2305,2335,60,4670,2
4216,2125,2079,2102,46,4204,2
4217,2228,2195,2211,33,4423,2
4223,2378,1997,2187,381,4375,2
4224,2362,2269,2315,93,4631,2
4225,2289,2176,2232,113,4465,2
4226,2184,1832,2008,352,4016,2
4227,2313,1783,2048,530,4096,2
4236,2310,2107,2208,203,4417,2
4238,2263,2048,2155,215,4311,2
4240,2283,2086,2184,197,4369,2
4254,2124,2022,2073,102,4146,2
4256,2517,2059,2288,458,4576,2
4258,2317,2160,2238,157,4477,2
4260,2454,2241,2347,213,4695,2
4262,2426,2164,2295,262,4590,2
4263,2219,2182,2200,37,4401,2
4265,2293,2159,2226,134,4452,2
4267,2438,2067,2252,371,4505,2
4268,2371,2195,2283,176,4566,2
4269,2545,2186,2365,359,4731,2
4271,2388,1783,2085,605,4171,2
4274,2242,2037,2139,205,4279,2
4282,2312,2038,2175,274,4350,2
4284,2385,1808,2096,577,4193,2
4287,2318,2255,2286,63,4573,2
4305,2529,2132,2330,397,4661,2
4306,2339,2098,2218,241,4437,2
4309,2340,2210,2275,130,4550,2
4311,2367,2126,2246,241,4493,2
4314,2206,2133,2169,73,4339,2
4317,2300,1846,2073,454,4146,2
4321,2421,2194,2307,227,4615,2
4325,2459,2201,2330,258,4660,2
4330,2495,2226,2360,269,4721,2
4332,2204,2147,2175,57,4351,2
4340,2246,2091,2168,155,4337,2
4343,2378,2145,2261,233,4523,2
4351,2450,2141,2295,309,4591,2
4358,2257,2031,2144,226,4288,2
4359,2267,2193,2230,74,4460,2
4360,2399,2289,2344,110,4688,2
4367,2084,2043,2063,41,4127,2
4374,2631,1563,2097,1068,4194,2
4377,2129,2023,2076,106,4152,2
4381,2368,2300,2334,68,4668,2
4387,2112,1990,2051,122,4102,2
4388,2336,2126,2231,210,4462,2
4399,2064,2031,2047,33,4095,2
4400,2677,1841,2259,836,4518,2
4401,2377,2060,2218,317,4437,2
4403,2347,1838,2092,509,4185,2
4406,2101,1961,2031,140,4062,2
4410,2301,2195,2248,106,4496,2
4426,2237,2181,2209,56,4418,2
4433,2208,2040,2124,168,4248,2
4434,2533,1937,2235,596,4470,2
4439,2459,2239,2349,220,4698,2
4443,2365,2004,2184,361,4369,2
4451,2155,2056,2105,99,4211,2
4454,2269,2172,2220,97,4441,2
4455,2230,2113,2171,117,4343,2
4457,2456,1938,2197,518,4394,2
4459,2479,2183,2331,296,4662,2
4462,2197,2147,2172,50,4344,2
4466,2205,2077,2141,128,4282,2
4469,2460,2259,2359,201,4719,2
4470,2398,2279,2338,119,4677,2
4474,2240,2158,2199,82,4398,2
4479,2177,1999,2088,178,4176,2
4482,2377,2286,2331,91,4663,2
4492,2340,2101,2220,239,4441,2
4494,2560,2136,2348,424,4696,2
4495,2316,1867,2091,449,4183,2
4504,2152,2148,2150,4,4300,2
4506,2358,2212,2285,146,4570,2
4512,2380,2099,2239,281,4479,2
4513,2363,2227,2295,136,4590,2
4520,2296,2118,2207,178,4414,2
4521,2104,2032,2068,72,4136,2
4524,2345,1989,2167,356,4334,2
4527,2112,2055,2083,57,4167,2
4530,2169,2125,2147,44,4294,2
4536,2401,2177,2289,224,4578,2
4538,2267,2004,2135,263,4271,2
4539,2354,2236,2295,118,4590,2
4545,2453,2019,2236,434,4472,2
4552,2118,1974,2046,144,4092,2
4553,2290,2016,2153,274,4306,2
4558,2114,2052,2083,62,4166,2
4565,2335,2201,2268,134,4536,2
4572,2421,2162,2291,259,4583,2
4575,2204,2024,2114,180,4228,2
4579,2319,2077,2198,242,4396,2
4586,2226,2006,2116,220,4232,2
4595,2201,1936,2068,265,4137,2
4596,2387,2292,2339,95,4679,2
4597,2228,1886,2057,342,4114,2
4601,2383,2209,2296,174,4592,2
4602,2375,1723,2049,652,4098,2
4609,2512,2008,2260,504,4520,2
4619,2376,2272,2324,104,4648,2
4623,2235,2093,2164,142,4328,2
4627,2396,2201,2298,195,4597,2
4631,2411,2200,2305,211,4611,2
4633,2522,1981,2251,541,4503,2
4634,2432,2207,2319,225,4639,2
4635,2193,1920,2056,273,4113,2
4643,2523,2186,2354,337,4709,2
4646,2295,2087,2191,208,4382,2
4648,2444,2164,2304,280,4608,2
4649,2085,1981,2033,104,4066,2
4654,2515,1632,2073,883,4147,2
4656,2533,2164,2348,369,4697,2
4658,2285,2256,2270,29,4541,2
4663,2379,2191,2285,188,4570,2
4671,2443,2066,2254,377,4509,2
4674,2446,2096,2271,350,4542,2
4676,2101,1996,2048,105,4097,2
4677,2407,2225,2316,182,4632,2
4689,2493,2112,2302,381,4605,2
4692,2442,2256,2349,186,4698,2
4693,2459,1802,2130,657,4261,2
4695,2406,1830,2118,576,4236,2
4696,2418,2248,2333,170,4666,2
4697,2440,1961,2200,479,4401,2
4699,2320,2254,2287,66,4574,2
4701,2245,2115,2180,130,4360,2
4702,2365,2250,2307,115,4615,2
4705,2245,2152,2198,93,4397,2
4708,2355,2088,2221,267,4443,2
4710,2362,1896,2129,466,4258,2
4723,2296,2051,2173,245,4347,2
4727,2270,1952,2111,318,4222,2
4728,2357,2082,2219,275,4439,2
4741,2367,2141,2254,226,4508,2
4747,2434,2227,2330,207,4661,2
4755,2471,1892,2181,579,4363,2
4756,2186,2078,2132,108,4264,2
4758,2275,2242,2258,33,4517,2
4763,2222,2028,2125,194,4250,2
4769,2202,2167,2184,35,4369,2
4772,2201,1948,2074,253,4149,2
4774,2289,2253,2271,36,4542,2
4777,2387,2246,2316,141,4633,2
4779,2138,2069,2103,69,4207,2
4794,2173,2128,2150,45,4301,2
4801,2487,2104,2295,383,4591,2
4811,2203,2191,2197,12,4394,2
4813,2314,2260,2287,54,4574,2
4816,2290,2262,2276,28,4552,2
4819,2219,2029,2124,190,4248,2
4820,2446,2187,2316,259,4633,2
4827,2133,1986,2059,147,4119,2
4831,2547,2202,2374,345,4749,2
4833,2468,2254,2361,214,4722,2
4834,2469,1946,2207,523,4415,2
4838,2303,2087,2195,216,4390,2
4840,2222,1950,2086,272,4172,2
4845,2372,2189,2280,183,4561,2
4849,2161,2023,2092,138,4184,2
4855,2432,2252,2342,180,4684,2
4858,2165,1965,2065,200,4130,2
4859,2337,2304,2320,33,4641,2
4860,2393,2180,2286,213,4573,2
4863,2398,2153,2275,245,4551,2
4869,2331,2189,2260,142,4520,2
4873,2283,2008,2145,275,4291,2
4875,2332,1963,2147,369,4295,2
4879,2366,2123,2244,243,4489,2
4881,2328,2069,2198,259,4397,2
4882,2161,1907,2034,254,4068,2
4885,2418,2175,2296,243,4593,2
4887,2256,2146,2201,110,4402,2
4890,2371,2237,2304,134,4608,2
4897,2247,2225,2236,22,4472,2
4900,2313,2081,2197,232,4394,2
4901,2392,2227,2309,165,4619,2
4905,2508,1808,2158,700,4316,2
4909,2152,1986,2069,166,4138,2
4914,2191,2064,2127,127,4255,2
4919,2237,2044,2140,193,4281,2
4921,2366,2036,2201,330,4402,2
4925,2465,2166,2315,299,4631,2
4934,2229,2027,2128,202,4256,2
4950,2220,2109,2164,111,4329,2
4952,2283,1981,2132,302,4264,2
4953,2248,1944,2096,304,4192,2
4959,2404,2199,2301,205,4603,2
4970,2126,1912,2019,214,4038,2
4980,2178,2061,2119,117,4239,2
4981,2458,2168,2313,290,4626,2
4983,2424,2261,2342,163,4685,2
4987,2127,1962,2044,165,4089,2
4990,2385,2171,2278,214,4556,2
4994,2157,2113,2135,44,4270,2
4995,2352,2141,2246,211,4493,2
4998,2375,2171,2273,204,4546,2
5000,2249,2047,2148,202,4296,2
5002,2357,2302,2329,55,4659,2
5003,2413,1933,2173,480,4346,2
5004,2360,2111,2235,249,4471,2
5005,2197,1997,2097,200,4194,2
5009,2447,2151,2299,296,4598,2
5011,2418,2062,2240,356,4480,2
5015,2337,2221,2279,116,4558,2
5017,2287,2048,2167,239,4335,2
5019,2218,1847,2032,371,4065,2
5030,2399,2062,2230,337,4461,2
5033,2277,1997,2137,280,4274,2
5036,2211,1835,2023,376,4046,2
5039,2172,2018,2095,154,4190,2
5041,2346,2177,2261,169,4523,2
5046,2435,2217,2326,218,4652,2
5052,2276,2078,2177,198,4354,2
5057,2259,1975,2117,284,4234,2
5061,2534,2118,2326,416,4652,2
5072,2382,2094,2238,288,4476,2
5074,2153,2025,2089,128,4178,2
5084,2321,2111,2216,210,4432,2
5093,2432,2194,2313,238,4626,2
5094,2267,2083,2175,184,4350,2
5095,2310,2069,2189,241,4379,2
5096,2310,1850,2080,460,4160,2
5108,2133,1962,2047,171,4095,2
5110,2437,2095,2266,342,4532,2
5112,2338,2293,2315,45,4631,2
5122,2281,1973,2127,308,4254,2
5126,2268,2162,2215,106,4430,2
5130,2210,2138,2174,72,4348,2
5131,2314,2296,2305,18,4610,2
5134,2559,1922,2240,637,4481,2
5138,2598,2172,2385,426,4770,2
5148,2158,1885,2021,273,4043,2
5153,2185,1968,2076,217,4153,2
5154,2444,1849,2146,595,4293,2
5155,2475,2249,2362,226,4724,2
5156,2201,1950,2075,251,4151,2
5160,2335,1929,2132,406,4264,2
5161,2103,2109,2106,-6,4212,2
5171,2321,2245,2283,76,4566,2
5172,2324,2121,2222,203,4445,2
5174,2377,2192,2284,185,4569,2
5177,2419,2204,2311,215,4623,2
5179,2385,2253,2319,132,4638,2
5181,2543,2201,2372,342,4744,2
5185,2147,1962,2054,185,4109,2
5187,2571,2051,2311,520,4622,2
5188,2409,2193,2301,216,4602,2
5193,2622,2026,2324,596,4648,2
5194,2460,2238,2349,222,4698,2
5196,2240,2221,2230,19,4461,2
5197,2288,2085,2186,203,4373,2
5198,2395,2260,2327,135,4655,2
5215,2303,2042,2172,261,4345,2
5221,2314,1814,2064,500,4128,2
5222,2368,2211,2289,157,4579,2
5229,2106,1962,2034,144,4068,2
5230,2055,2042,2048,13,4097,2
5247,2116,2004,2060,112,4120,2
5252,2296,2053,2174,243,4349,2
5257,2311,2205,2258,106,4516,2
5258,2240,2112,2176,128,4352,2
5260,2253,2067,2160,186,4320,2
5263,2477,1987,2232,490,4464,2
5265,2243,2205,2224,38,4448,2
5267,2282,1946,2114,336,4228,2
5275,2205,2005,2105,200,4210,2
5276,2414,2186,2300,228,4600,2
5277,2413,2175,2294,238,4588,2
5293,2311,2086,2198,225,4397,2
5294,2150,2068,2109,82,4218,2
5295,2195,1832,2013,363,4027,2
5296,2340,2048,2194,292,4388,2
5298,2206,1982,2094,224,4188,2
5299,2211,1965,2088,246,4176,2
5300,2212,2075,2143,137,4287,2
5301,2362,1895,2128,467,4257,2
5305,2474,2101,2287,373,4575,2
5308,2339,1796,2067,543,4135,2
5312,2357,2034,2195,323,4391,2
5313,2392,2228,2310,164,4620,2
5329,2424,2191,2307,233,4615,2
5333,2287,2148,2217,139,4435,2
5334,2336,2313,2324,23,4649,2
5338,2607,2036,2321,571,4643,2
5341,2179,1971,2075,208,4150,2
5343,2195,1947,2071,248,4142,2
5345,2124,1942,2033,182,4066,2
5355,2126,1937,2031,189,4063,2
5358,2304,2189,2246,115,4493,2
5359,2178,2058,2118,120,4236,2
5361,2092,2008,2050,84,4100,2
5363,2298,2196,2247,102,4494,2
5365,2364,2026,2195,338,4390,2
5370,2409,2238,2323,171,4647,2
5374,2373,2151,2262,222,4524,2
5376,2545,2011,2278,534,4556,2
5377,2491,2002,2246,489,4493,2
5386,2052,2058,2055,-6,4110,2
5388,2317,2141,2229,176,4458,2
5390,2328,1981,2154,347,4309,2
5399,2369,2147,2258,222,4516,2
5409,2337,1947,2142,390,4284,2
5416,2360,2301,2330,59,4661,2
5419,2205,2157,2181,48,4362,2
5420,2244,1960,2102,284,4204,2
5425,2377,2284,2330,93,4661,2
5428,2247,1935,2091,312,4182,2
5432,2407,2040,2223,367,4447,2
5434,2331,2142,2236,189,4473,2
5436,2240,1967,2103,273,4207,2
5440,2270,1783,2026,487,4053,2
5458,2264,2106,2185,158,4370,2
5461,2428,2229,2328,199,4657,2
5463,2134,1907,2020,227,4041,2
5465,2285,1795,2040,490,4080,2
5468,2388,2221,2304,167,4609,2
5480,2447,2248,2347,199,4695,2
5481,2392,2226,2309,166,4618,2
5482,2261,2251,2256,10,4512,2
5485,2473,2134,2303,339,4607,2
5493,2181,1987,2084,194,4168,2
5494,2433,1933,2183,500,4366,2
5498,2432,2267,2349,165,4699,2
5499,2576,2095,2335,481,4671,2
5501,2368,2246,2307,122,4614,2
5502,2290,1859,2074,431,4149,2
5504,2237,1927,2082,310,4164,2
5510,2192,1953,2072,239,4145,2
5511,2417,2085,2251,332,4502,2
5515,2369,2121,2245,248,4490,2
5524,2282,2181,2231,101,4463,2
5525,2364,2022,2193,342,4386,2
5535,2379,1942,2160,437,4321,2
5540,2574,2108,2341,466,4682,2
5543,2506,2207,2356,299,4713,2
5548,2313,2274,2293,39,4587,2
5554,2176,2028,2102,148,4204,2
5558,2476,2203,2339,273,4679,2
5560,2168,2064,2116,104,4232,2
5564,2306,2190,2248,116,4496,2
5576,2229,1797,2013,432,4026,2
5577,2259,2163,2211,96,4422,2
5579,2282,1863,2072,419,4145,2
5585,2230,2164,2197,66,4394,2
5586,2183,2026,2104,157,4209,2
5587,2477,2130,2303,347,4607,2
5590,2393,2292,2342,101,4685,2
5592,2259,2139,2199,120,4398,2
5596,2186,2154,2170,32,4340,2
5599,2476,2124,2300,352,4600,2
5601,2093,2003,2048,90,4096,2
5607,2236,2067,2151,169,4303,2
5608,2322,2140,2231,182,4462,2
5614,2428,2264,2346,164,4692,2
5615,2093,2036,2064,57,4129,2
5618,2290,2103,2196,187,4393,2
5624,2501,2017,2259,484,4518,2
5626,2328,1973,2150,355,4301,2
5627,2384,2224,2304,160,4608,2
5634,2198,1930,2064,268,4128,2
5635,2302,2238,2270,64,4540,2
5641,2359,2160,2259,199,4519,2
5650,2366,2222,2294,144,4588,2
5656,2162,1979,2070,183,4141,2
5666,2322,2243,2282,79,4565,2
5669,2274,1882,2078,392,4156,2
5672,2382,2210,2296,172,4592,2
5673,2399,2203,2301,196,4602,2
5674,2329,2083,2206,246,4412,2
5678,2240,1951,2095,289,4191,2
5683,2207,1916,2061,291,4123,2
5690,2276,2157,2216,119,4433,2
5691,2216,1927,2071,289,4143,2
5697,2392,2064,2228,328,4456,2
5701,2426,1958,2192,468,4384,2
5704,2375,2072,2223,303,4447,2
5724,2555,2001,2278,554,4556,2
5734,2250,2126,2188,124,4376,2
5739,2189,2041,2115,148,4230,2
5747,2194,2068,2131,126,4262,2
5748,2285,2022,2153,263,4307,2
5751,2405,2282,2343,123,4687,2
5752,2174,2081,2127,93,4255,2
5754,2278,1848,2063,430,4126,2
5755,2267,2080,2173,187,4347,2
5758,2232,2118,2175,114,4350,2
5759,2311,2093,2202,218,4404,2
5767,2164,1921,2042,243,4085,2
5772,2240,1959,2099,281,4199,2
5779,2229,2211,2220,18,4440,2
5787,2371,2112,2241,259,4483,2
5788,2471,2034,2252,437,4505,2
5790,2324,2056,2190,268,4380,2
5799,2471,2224,2347,247,4695,2
5802,2337,1985,2161,352,4322,2
5805,2414,2151,2282,263,4565,2
5807,2290,2267,2278,23,4557,2
5812,2172,1965,2068,207,4137,2
5819,2435,1964,2199,471,4399,2
5820,2353,1843,2098,510,4196,2
5821,2417,2104,2260,313,4521,2
5827,2523,2226,2374,297,4749,2
5828,2393,1999,2196,394,4392,2
5832,2377,2240,2308,137,4617,2
5835,2472,2053,2262,419,4525,2
5841,2468,2239,2353,229,4707,2
5847,2277,2218,2247,59,4495,2
5850,2248,2095,2171,153,4343,2
5856,2673,2106,2389,567,4779,2
5858,2377,2241,2309,136,4618,2
5860,2374,2177,2275,197,4551,2
5864,2180,1954,2067,226,4134,2
5865,2161,2106,2133,55,4267,2
5866,2419,2249,2334,170,4668,2
5874,2430,2241,2335,189,4671,2
5875,2151,1868,2009,283,4019,2
5894,2278,2123,2200,155,4401,2
5899,2201,2003,2102,198,4204,2
5902,2460,2107,2283,353,4567,2
5904,2242,2083,2162,159,4325,2
5905,2460,2218,2339,242,4678,2
5915,2265,2124,2194,141,4389,2
5922,2441,2168,2304,273,4609,2
5926,2265,2217,2241,48,4482,2
5928,2272,2194,2233,78,4466,2
5929,2311,2079,2195,232,4390,2
5935,2162,2113,2137,49,4275,2
5937,2354,2249,2301,105,4603,2
5940,2222,2148,2185,74,4370,2
5946,2170,1974,2072,196,4144,2
5951,2509,1792,2150,717,4301,2
5954,2275,2149,2212,126,4424,2
5961,2282,2164,2223,118,4446,2
5963,2250,1945,2097,305,4195,2
5964,2477,2247,2362,230,4724,2
5966,2257,1985,2121,272,4242,2
5967,2325,2191,2258,134,4516,2
5968,2240,2037,2138,203,4277,2
5969,2162,2093,2127,69,4255,2
5970,2254,2223,2238,31,4477,2
5977,2360,2248,2304,112,4608,2
5980,2472,2026,2249,446,4498,2
5984,2362,2085,2223,277,4447,2
5990,2533,2211,2372,322,4744,2
5993,2217,1886,2051,331,4103,2
5994,2462,2174,2318,288,4636,2
5999,2180,2155,2167,25,4335,2
6000,2257,1896,2076,361,4153,2
6017,2364,2064,2214,300,4428,2
6018,2326,2171,2248,155,4497,2
6024,2249,1968,2108,281,4217,2
6025,2101,1978,2039,123,4079,2
6036,2113,1998,2055,115,4111,2
6043,2126,1957,2041,169,4083,2
6044,2352,1990,2171,362,4342,2
6045,2421,2090,2255,331,4511,2
6047,2491,2234,2362,257,4725,2
6051,2392,1997,2194,395,4389,2
6053,2396,2171,2283,225,4567,2
6058,2688,2135,2411,553,4823,2
6062,2066,2073,2069,-7,4139,2
6064,2095,2038,2066,57,4133,2
6067,2089,2044,2066,45,4133,2
6068,2586,2055,2320,531,4641,2
6070,2377,2178,2277,199,4555,2
6075,2259,2184,2221,75,4443,2
6076,2243,2140,2191,103,4383,2
6077,2331,2069,2200,262,4400,2
6080,2304,1935,2119,369,4239,2
6087,2361,1756,2058,605,4117,2
6097,2371,2032,2201,339,4403,2
6098,2286,2103,2194,183,4389,2
6099,2143,1976,2059,167,4119,2
6103,2225,1862,2043,363,4087,2
6107,2391,2233,2312,158,4624,2
6108,2254,2001,2127,253,4255,2
6119,2249,2171,2210,78,4420,2
6124,2201,2155,2178,46,4356,2
6126,2338,2259,2298,79,4597,2
6138,2318,2286,2302,32,4604,2
6139,2340,2216,2278,124,4556,2
6145,2221,2047,2134,174,4268,2
6156,2230,2128,2179,102,4358,2
6157,2348,2122,2235,226,4470,2
6161,2431,2147,2289,284,4578,2
6163,2247,1856,2051,391,4103,2
6164,2115,1929,2022,186,4044,2
6171,2256,2003,2129,253,4259,2
6176,2218,2089,2153,129,4307,2
6177,2439,2253,2346,186,4692,2
6179,2719,2051,2385,668,4770,2
6183,2242,2052,2147,190,4294,2
6186,2167,2086,2126,81,4253,2
6201,2182,1994,2088,188,4176,2
6203,2380,2069,2224,311,4449,2
6205,2242,2226,2234,16,4468,2
6206,2300,2117,2208,183,4417,2
6215,2340,2025,2182,315,4365,2
6218,2238,2063,2150,175,4301,2
6221,2256,2226,2241,30,4482,2
6222,2443,2009,2226,434,4452,2
6234,2388,2175,2281,213,4563,2
6239,2282,2232,2257,50,4514,2
6241,2480,2248,2364,232,4728,2
6248,2301,1741,2021,560,4042,2
6261,2423,2097,2260,326,4520,2
6264,2141,1956,2048,185,4097,2
6275,2272,2117,2194,155,4389,2
6276,2500,2189,2344,311,4689,2
6279,2252,1919,2085,333,4171,2
6281,2371,2197,2284,174,4568,2
6290,2353,2289,2321,64,4642,2
6291,2237,2086,2161,151,4323,2
6292,2420,2054,2237,366,4474,2
6293,2521,1534,2027,987,4055,2
6295,2315,2017,2166,298,4332,2
6297,2217,2009,2113,208,4226,2
6299,2261,2236,2248,25,4497,2
6301,2312,2231,2271,81,4543,2
6305,2328,2204,2266,124,4532,2
6307,2484,1874,2179,610,4358,2
6312,2425,2081,2253,344,4506,2
6314,2243,1978,2110,265,4221,2
6320,2170,1905,2037,265,4075,2
6327,2447,2132,2289,315,4579,2
6329,2159,1989,2074,170,4148,2
6330,2170,2061,2115,109,4231,2
6331,2406,2210,2308,196,4616,2
6332,2359,1918,2138,441,4277,2
6336,2299,1969,2134,330,4268,2
6341,2484,2091,2287,393,4575,2
6342,2486,2242,2364,244,4728,2
6348,2232,2135,2183,97,4367,2
6351,2300,2199,2249,101,4499,2
6355,2293,1927,2110,366,4220,2
6358,2317,2184,2250,133,4501,2
6366,2185,2048,2116,137,4233,2
6368,2172,1909,2040,263,4081,2
6372,2298,2200,2249,98,4498,2
6379,2159,2064,2111,95,4223,2
6381,2545,1957,2251,588,4502,2
6396,2135,2007,2071,128,4142,2
6400,2347,1970,2158,377,4317,2
6401,2272,2229,2250,43,4501,2
6403,2242,1851,2046,391,4093,2
6405,2290,2013,2151,277,4303,2
6408,2425,2132,2278,293,4557,2
6409,2333,2193,2263,140,4526,2
6413,2129,1966,2047,163,4095,2
6420,2385,2174,2279,211,4559,2
6421,2427,2203,2315,224,4630,2
6423,2208,2043,2125,165,4251,2
6429,2407,2133,2270,274,4540,2
6434,2345,2180,2262,165,4525,2
6436,2425,2081,2253,344,4506,2
6437,2252,2099,2175,153,4351,2
6439,2272,2204,2238,68,4476,2
6440,2176,2038,2107,138,4214,2
6444,2403,2282,2342,121,4685,2
6452,2296,2282,2289,14,4578,2
6456,2361,2149,2255,212,4510,2
6462,2177,1973,2075,204,4150,2
6476,2396,2208,2302,188,4604,2
6477,2362,2244,2303,118,4606,2
6481,2577,1866,2221,711,4443,2
6484,2416,2065,2240,351,4481,2
6486,2363,2241,2302,122,4604,2
6489,2330,2162,2246,168,4492,2
6492,2376,2291,2333,85,4667,2
6493,2357,2217,2287,140,4574,2
6494,2340,1945,2142,395,4285,2
6496,2142,1916,2029,226,4058,2
6502,2175,1904,2039,271,4079,2
6503,2428,2249,2338,179,4677,2
6521,2456,2098,2277,358,4554,2
6522,2239,2063,2151,176,4302,2
6523,2386,2003,2194,383,4389,2
6528,2141,1910,2025,231,4051,2
6529,2289,1951,2120,338,4240,2
6531,2275,1849,2062,426,4124,2
6533,2357,2256,2306,101,4613,2
6534,2301,2203,2252,98,4504,2
6538,2313,2266,2289,47,4579,2
6544,2244,1871,2057,373,4115,2
6552,2451,2250,2350,201,4701,2
6555,2482,1986,2234,496,4468,2
6558,2250,2160,2205,90,4410,2
6559,2213,1865,2039,348,4078,2
6564,2438,2197,2317,241,4635,2
6578,2393,1999,2196,394,4392,2
6586,2708,1800,2254,908,4508,2
6605,2408,2161,2284,247,4569,2
6607,2382,2194,2288,188,4576,2
6608,2127,2038,2082,89,4165,2
6609,2170,1852,2011,318,4022,2
6615,2267,2223,2245,44,4490,2
6624,2406,2120,2263,286,4526,2
6625,2172,2089,2130,83,4261,2
6632,2214,2001,2107,213,4215,2
6633,2421,2257,2339,164,4678,2
6635,2219,1933,2076,286,4152,2
6642,2099,1989,2044,110,4088,2
6651,2149,1902,2025,247,4051,2
6652,2303,2185,2244,118,4488,2
6657,2201,1799,2000,402,4000,2
6662,2120,2103,2111,17,4223,2
6664,2421,2136,2278,285,4557,2
6668,2302,1959,2130,343,4261,2
6672,2151,2104,2127,47,4255,2
6675,2500,1933,2216,567,4433,2
6678,2343,2294,2318,49,4637,2
6680,2333,2132,2232,201,4465,2
6690,2430,2021,2225,409,4451,2
6692,2423,2140,2281,283,4563,2
6693,2217,2063,2140,154,4280,2
6696,2342,1985,2163,357,4327,2
6699,2149,2045,2097,104,4194,2
6703,2152,1907,2029,245,4059,2
6704,2263,1995,2129,268,4258,2
6706,2131,1949,2040,182,4080,2
6710,2308,2199,2253,109,4507,2
6713,2462,1978,2220,484,4440,2
6719,2209,2120,2164,89,4329,2
6720,2348,2242,2295,106,4590,2
6722,2131,2126,2128,5,4257,2
6723,2376,2255,2315,121,4631,2
6728,2385,2267,2326,118,4652,2
6729,2145,1955,2050,190,4100,2
6731,2431,2055,2243,376,4486,2
6738,2151,1979,2065,172,4130,2
6739,2277,2005,2141,272,4282,2
6743,2572,2126,2349,446,4698,2
6746,2311,2079,2195,232,4390,2
6747,2275,2034,2154,241,4309,2
6749,2250,2119,2184,131,4369,2
6752,2367,2092,2229,275,4459,2
6754,2316,2009,2162,307,4325,2
6758,2262,2223,2242,39,4485,2
6765,2261,2143,2202,118,4404,2
6770,2120,2079,2099,41,4199,2
6776,2152,2013,2082,139,4165,2
6785,2375,2141,2258,234,4516,2
6790,2132,1952,2042,180,4084,2
6792,2350,2304,2327,46,4654,2
6800,2402,2095,2248,307,4497,2
6810,2279,1729,2004,550,4008,2
6816,2390,2092,2241,298,4482,2
6818,2265,2135,2200,130,4400,2
6826,2241,2029,2135,212,4270,2
6829,2609,2183,2396,426,4792,2
6840,2252,2215,2233,37,4467,2
6843,2293,2205,2249,88,4498,2
6848,2200,2037,2118,163,4237,2
6859,2278,2144,2211,134,4422,2
6862,2423,2197,2310,226,4620,2
6865,2302,2245,2273,57,4547,2
6876,2332,2136,2234,196,4468,2
6878,2072,2002,2037,70,4074,2
6882,2213,1781,1997,432,3994,2
6885,2309,2102,2205,207,4411,2
6887,2405,1977,2191,428,4382,2
6890,2242,1790,2016,452,4032,2
6891,2341,2178,2259,163,4519,2
6893,2212,2185,2198,27,4397,2
6897,2331,2115,2223,216,4446,2
6898,2305,2213,2259,92,4518,2
6899,2387,2030,2208,357,4417,2
6900,2403,2059,2231,344,4462,2
6901,2411,2218,2314,193,4629,2
6902,2274,2228,2251,46,4502,2
6903,2412,2223,2317,189,4635,2
6906,2337,2255,2296,82,4592,2
6907,2285,2063,2174,222,4348,2
6911,2446,2242,2344,204,4688,2
6913,2102,2073,2087,29,4175,2
6915,2196,1883,2039,313,4079,2
6917,2133,2090,2111,43,4223,2
6920,2206,2085,2145,121,4291,2
6933,2342,2008,2175,334,4350,2
6939,2553,1805,2179,748,4358,2
6940,2211,2120,2165,91,4331,2
6947,2330,2197,2263,133,4527,2
6949,2347,2052,2199,295,4399,2
6950,2129,2074,2101,55,4203,2
6951,2285,2259,2272,26,4544,2
6955,2145,2104,2124,41,4249,2
6956,2258,2210,2234,48,4468,2
6962,2200,2042,2121,158,4242,2
6970,2364,2125,2244,239,4489,2
6976,2431,2029,2230,402,4460,2
6977,2298,2137,2217,161,4435,2
6987,2338,2185,2261,153,4523,2
6991,2194,2131,2162,63,4325,2
6994,2368,2153,2260,215,4521,2
6995,2261,2132,2196,129,4393,2
6998,2585,2173,2379,412,4758,2
7005,2188,2170,2179,18,4358,2
7008,2306,2064,2185,242,4370,2
7009,2232,2166,2199,66,4398,2
7010,2222,2185,2203,37,4407,2
7015,2158,1928,2043,230,4086,2
7028,2121,1984,2052,137,4105,2
7032,2366,2024,2195,342,4390,2
7035,2342,2054,2198,288,4396,2
7045,2194,2157,2175,37,4351,2
7046,2107,2113,2110,-6,4220,2
7047,2436,2214,2325,222,4650,2
7053,2170,2032,2101,138,4202,2
7060,2164,2134,2149,30,4298,2
7062,2303,2181,2242,122,4484,2
7063,2309,2256,2282,53,4565,2
7065,2336,2274,2305,62,4610,2
7072,2145,2008,2076,137,4153,2
7073,2420,1951,2185,469,4371,2
7074,2176,2133,2154,43,4309,2
7075,2368,2213,2290,155,4581,2
7083,2298,2082,2190,216,4380,2
7091,2301,2161,2231,140,4462,2
7096,2266,2238,2252,28,4504,2
7097,2319,2166,2242,153,4485,2
7098,2474,2239,2356,235,4713,2
7101,2428,2053,2240,375,4481,2
7103,2520,2229,2374,291,4749,2
7104,2289,1980,2134,309,4269,2
7132,2344,2183,2263,161,4527,2
7133,2293,2157,2225,136,4450,2
7135,2336,1871,2103,465,4207,2
7136,2259,2027,2143,232,4286,2
7149,2246,2224,2235,22,4470,2
7150,2242,2157,2199,85,4399,2
7155,2234,2081,2157,153,4315,2
7159,2213,1819,2016,394,4032,2
7165,2416,2119,2267,297,4535,2
7170,2167,2007,2087,160,4174,2
7172,2250,2152,2201,98,4402,2
7181,2252,2053,2152,199,4305,2
7182,2362,2182,2272,180,4544,2
7188,2445,2249,2347,196,4694,2
7190,2209,2094,2151,115,4303,2
7192,2168,1874,2021,294,4042,2
7196,2369,2054,2211,315,4423,2
7207,2354,2237,2295,117,4591,2
7209,2610,2181,2395,429,4791,2
7210,2127,2107,2117,20,4234,2
7215,2307,2167,2237,140,4474,2
7220,2316,1735,2025,581,4051,2
7223,2388,2240,2314,148,4628,2
7227,2122,2027,2074,95,4149,2
7231,2433,2233,2333,200,4666,2
7244,2289,2273,2281,16,4562,2
7245,2270,1970,2120,300,4240,2
7254,2353,2157,2255,196,4510,2
7257,2076,2074,2075,2,4150,2
7260,2198,1967,2082,231,4165,2
7262,2432,2231,2331,201,4663,2
7264,2517,2035,2276,482,4552,2
7265,2135,1930,2032,205,4065,2
7271,2484,1906,2195,578,4390,2
7275,2330,2044,2187,286,4374,2
7278,2486,2037,2261,449,4523,2
7283,2374,1899,2136,475,4273,2
7296,2371,2273,2322,98,4644,2
7298,2495,1836,2165,659,4331,2
7302,2054,2056,2055,-2,4110,2
7308,2442,2201,2321,241,4643,2
7312,2120,2087,2103,33,4207,2
7313,2173,1909,2041,264,4082,2
7317,2306,2207,2256,99,4513,2
7321,2220,1836,2028,384,4056,2
7323,2140,1975,2057,165,4115,2
7325,2410,2218,2314,192,4628,2
7326,2500,2106,2303,394,4606,2
7327,2100,2003,2051,97,4103,2
7330,2411,2256,2333,155,4667,2
7337,2102,2005,2053,97,4107,2
7347,2102,2032,2067,70,4134,2
7349,2257,2137,2197,120,4394,2
7359,2202,2106,2154,96,4308,2
7361,2264,2146,2205,118,4410,2
7365,2562,2175,2368,387,4737,2
7374,2193,1909,2051,284,4102,2
7376,2204,2003,2103,201,4207,2
7377,2265,2138,2201,127,4403,2
7381,2222,2079,2150,143,4301,2
7387,2318,2247,2282,71,4565,2
7388,2222,2033,2127,189,4255,2
7398,2107,1958,2032,149,4065,2
7400,2292,2197,2244,95,4489,2
7401,2292,2195,2243,97,4487,2
7404,2455,2178,2316,277,4633,2
7411,2322,2303,2312,19,4625,2
7412,2232,1938,2085,294,4170,2
7416,2214,1886,2050,328,4100,2
7420,2318,1848,2083,470,4166,2
7422,2244,2115,2179,129,4359,2
7423,2520,2096,2308,424,4616,2
7430,2322,2121,2221,201,4443,2
7434,2321,2148,2234,173,4469,2
7436,2270,2240,2255,30,4510,2
7438,2388,2104,2246,284,4492,2
7443,2212,2184,2198,28,4396,2
7448,2449,2053,2251,396,4502,2
7451,2464,2129,2296,335,4593,2
7452,2162,2026,2094,136,4188,2
7453,2346,2076,2211,270,4422,2
7459,2168,1959,2063,209,4127,2
7461,2172,1958,2065,214,4130,2
7462,2216,1977,2096,239,4193,2
7466,2338,2153,2245,185,4491,2
7472,2165,1977,2071,188,4142,2
7474,2318,2008,2163,310,4326,2
7483,2093,2091,2092,2,4184,2
7489,2472,2240,2356,232,4712,2
7493,2405,2025,2215,380,4430,2
7494,2187,1805,1996,382,3992,2
7495,2521,2037,2279,484,4558,2
7496,2224,2204,2214,20,4428,2
7501,2536,1881,2208,655,4417,2
7507,2328,2098,2213,230,4426,2
7518,2460,2224,2342,236,4684,2
7520,2604,1684,2144,920,4288,2
7526,2330,2204,2267,126,4534,2
7530,2468,2199,2333,269,4667,2
7533,2393,2182,2287,211,4575,2
7534,2294,2067,2180,227,4361,2
7538,2512,2192,2352,320,4704,2
7540,2338,2242,2290,96,4580,2
7541,2372,2239,2305,133,4611,2
7550,2129,2017,2073,112,4146,2
7555,2185,2152,2168,33,4337,2
7557,2206,1895,2050,311,4101,2
7561,2456,2135,2295,321,4591,2
7565,2289,1992,2140,297,4281,2
7568,2211,1960,2085,251,4171,2
7571,2559,2176,2367,383,4735,2
7576,2527,2043,2285,484,4570,2
7580,2196,1935,2065,261,4131,2
7585,2135,2049,2092,86,4184,2
7587,2111,2113,2112,-2,4224,2
7590,2224,2081,2152,143,4305,2
7599,2238,2030,2134,208,4268,2
7605,2246,2076,2161,170,4322,2
7612,2125,2036,2080,89,4161,2
7619,2383,2078,2230,305,4461,2
7622,2510,2182,2346,328,4692,2
7624,2386,2226,2306,160,4612,2
7625,2135,2033,2084,102,4168,2
7626,2343,2034,2188,309,4377,2
7639,2153,1996,2074,157,4149,2
7643,2284,2138,2211,146,4422,2
7646,2399,2189,2294,210,4588,2
7653,2556,2174,2365,382,4730,2
7654,2400,2244,2322,156,4644,2
7655,2327,2209,2268,118,4536,2
7656,2119,2011,2065,108,4130,2
7665,2119,1971,2045,148,4090,2
7674,2400,2250,2325,150,4650,2
7678,2401,2168,2284,233,4569,2
7684,2305,1920,2112,385,4225,2
7685,2425,2250,2337,175,4675,2
7689,2268,2154,2211,114,4422,2
7699,2241,2023,2132,218,4264,2
7704,2389,2160,2274,229,4549,2
7706,2462,2117,2289,345,4579,2
7708,2342,2116,2229,226,4458,2
7710,2295,2027,2161,268,4322,2
7713,2206,2114,2160,92,4320,2
7719,2260,1905,2082,355,4165,2
7721,2401,1781,2091,620,4182,2
7726,2112,2093,2102,19,4205,2
7735,2308,2250,2279,58,4558,2
7738,2181,1930,2055,251,4111,2
7739,2228,2212,2220,16,4440,2
7741,2112,1977,2044,135,4089,2
7744,2282,1884,2083,398,4166,2
7746,2282,2166,2224,116,4448,2
7751,2320,1942,2131,378,4262,2
7755,2560,2153,2356,407,4713,2
7758,2491,2212,2351,279,4703,2
7764,2471,2143,2307,328,4614,2
7765,2504,2146,2325,358,4650,2
7775,2130,2110,2120,20,4240,2
7776,2455,2226,2340,229,4681,2
7779,2220,1965,2092,255,4185,2
7784,2412,2210,2311,202,4622,2
7787,2465,2246,2355,219,4711,2
7793,2119,1923,2021,196,4042,2
7795,2262,2237,2249,25,4499,2
7796,2295,2153,2224,142,4448,2
7797,2483,2222,2352,261,4705,2
7803,2244,2095,2169,149,4339,2
7807,2250,2076,2163,174,4326,2
7818,2282,2106,2194,176,4388,2
7825,2343,2039,2191,304,4382,2
7828,2414,2274,2344,140,4688,2
7834,2218,2091,2154,127,4309,2
7837,2318,2153,2235,165,4471,2
7841,2144,1889,2016,255,4033,2
7844,2268,1961,2114,307,4229,2
7846,2149,1961,2055,188,4110,2
7847,2244,1852,2048,392,4096,2
7849,2139,1997,2068,142,4136,2
7850,2231,2037,2134,194,4268,2
7852,2470,2223,2346,247,4693,2
7856,2280,1907,2093,373,4187,2
7858,2429,2237,2333,192,4666,2
7859,2308,1881,2094,427,4189,2
7860,2353,2160,2256,193,4513,2
7861,2590,1946,2268,644,4536,2
7862,2166,1975,2070,191,4141,2
7869,2370,2106,2238,264,4476,2
7871,2285,2001,2143,284,4286,2
7872,2259,2233,2246,26,4492,2
7875,2292,2039,2165,253,4331,2
7882,2212,1931,2071,281,4143,2
7894,2203,2104,2153,99,4307,2
7897,2060,2062,2061,-2,4122,2
7903,2117,2102,2109,15,4219,2
7912,2472,2076,2274,396,4548,2
7915,2407,2144,2275,263,4551,2
7916,2430,2208,2319,222,4638,2
7922,2391,2034,2212,357,4425,2
7926,2197,1841,2019,356,4038,2
7928,2167,2106,2136,61,4273,2
7930,2449,2179,2314,270,4628,2
7932,2246,1981,2113,265,4227,2
7934,2202,2171,2186,31,4373,2
7943,2528,2221,2374,307,4749,2
7944,2711,2119,2415,592,4830,2
7945,2427,2164,2295,263,4591,2
7946,2279,2112,2195,167,4391,2
7972,2441,1851,2146,590,4292,2
7990,2375,2230,2302,145,4605,2
7992,2128,2014,2071,114,4142,2
8004,2511,1947,2229,564,4458,2
8007,2441,2085,2263,356,4526,2
8012,2270,2234,2252,36,4504,2
8025,2409,2250,2329,159,4659,2
8026,2291,1874,2082,417,4165,2
8027,2252,2100,2176,152,4352,2
8029,2217,2053,2135,164,4270,2
8038,2541,2171,2356,370,4712,2
8041,2278,2094,2186,184,4372,2
8046,2254,2079,2166,175,4333,2
8050,2343,2217,2280,126,4560,2
8054,2353,2092,2222,261,4445,2
8055,2116,1983,2049,133,4099,2
8057,2244,1951,2097,293,4195,2
8064,2397,1986,2191,411,4383,2
8069,2411,2264,2337,147,4675,2
8070,2188,2029,2108,159,4217,2
8074,2351,2277,2314,74,4628,2
8077,2274,2059,2166,215,4333,2
8079,2113,2051,2082,62,4164,2
8082,2407,2114,2260,293,4521,2
8085,2261,2117,2189,144,4378,2
8094,2168,2133,2150,35,4301,2
8102,2225,2114,2169,111,4339,2
8103,2239,2027,2133,212,4266,2
8104,2245,2006,2125,239,4251,2
8108,2377,2012,2194,365,4389,2
8109,2256,1805,2030,451,4061,2
8113,2426,2018,2222,408,4444,2
8116,2189,2070,2129,119,4259,2
8118,2198,2101,2149,97,4299,2
8120,2318,2101,2209,217,4419,2
8121,2569,2128,2348,441,4697,2
8122,2148,2102,2125,46,4250,2
8123,2477,2235,2356,242,4712,2
8136,2317,2065,2191,252,4382,2
8143,2413,2006,2209,407,4419,2
8150,2204,2079,2141,125,4283,2
8151,2500,2107,2303,393,4607,2
8154,2384,1791,2087,593,4175,2
8156,2303,2087,2195,216,4390,2
8158,2299,2276,2287,23,4575,2
8166,2463,1817,2140,646,4280,2
8167,2128,2002,2065,126,4130,2
8169,2533,2162,2347,371,4695,2
8170,2562,2089,2325,473,4651,2
8172,2504,2162,2333,342,4666,2
8175,2259,2114,2186,145,4373,2
8178,2262,2198,2230,64,4460,2
8180,2502,2116,2309,386,4618,2
8188,2355,2235,2295,120,4590,2
8194,2402,2139,2270,263,4541,2
8195,2404,2198,2301,206,4602,2
8196,2654,1726,2190,928,4380,2
8197,2528,2225,2376,303,4753,2
8200,2437,2055,2246,382,4492,2
8203,2202,2110,2156,92,4312,2
8205,2152,1899,2025,253,4051,2
8209,2328,2161,2244,167,4489,2
8210,2382,2108,2245,274,4490,2
8217,2297,2227,2262,70,4524,2
8219,2409,1961,2185,448,4370,2
8222,2097,2104,2100,-7,4201,2
8225,2244,2183,2213,61,4427,2
8236,2285,2129,2207,156,4414,2
8239,2434,2018,2226,416,4452,2
8241,2383,2255,2319,128,4638,2
8242,2095,1977,2036,118,4072,2
8243,2313,2110,2211,203,4423,2
8246,2418,2089,2253,329,4507,2
8248,2130,1971,2050,159,4101,2
8249,2337,2042,2189,295,4379,2
8251,2319,2007,2163,312,4326,2
8253,2279,1721,2000,558,4000,2
8261,2456,2042,2249,414,4498,2
8264,2445,2230,2337,215,4675,2
8265,2383,2225,2304,158,4608,2
8266,2227,2074,2150,153,4301,2
8270,2374,2157,2265,217,4531,2
8272,2381,2187,2284,194,4568,2
8274,2211,2057,2134,154,4268,2
8278,2225,2118,2171,107,4343,2
8281,2472,2080,2276,392,4552,2
8282,2312,2263,2287,49,4575,2
8284,2244,2066,2155,178,4310,2
8285,2622,2102,2362,520,4724,2
8286,2249,2130,2189,119,4379,2
8298,2217,2161,2189,56,4378,2
8304,2204,2089,2146,115,4293,2
8307,2190,2130,2160,60,4320,2
8308,2524,2147,2335,377,4671,2
8311,2196,2037,2116,159,4233,2
8313,2270,2038,2154,232,4308,2
8315,2283,2059,2171,224,4342,2
8319,2148,2005,2076,143,4153,2
8322,2370,2001,2185,369,4371,2
8324,2462,2100,2281,362,4562,2
8328,2658,1887,2272,771,4545,2
8329,2219,2070,2144,149,4289,2
8330,2428,2130,2279,298,4558,2
8340,2437,2264,2350,173,4701,2
8344,2219,1920,2069,299,4139,2
8347,2297,2244,2270,53,4541,2
8356,2412,2227,2319,185,4639,2
8358,2110,2099,2104,11,4209,2
8361,2519,2143,2331,376,4662,2
8365,2439,1896,2167,543,4335,2
8368,2255,2073,2164,182,4328,2
8369,2327,2093,2210,234,4420,2
8377,2352,2127,2239,225,4479,2
8383,2226,2045,2135,181,4271,2
8384,2441,2023,2232,418,4464,2
8392,2375,2279,2327,96,4654,2
8393,2144,2008,2076,136,4152,2
8396,2513,2171,2342,342,4684,2
8399,2230,1750,1990,480,3980,2
8401,2108,2054,2081,54,4162,2
8404,2402,2041,2221,361,4443,2
8407,2173,2164,2168,9,4337,2
8408,2235,2075,2155,160,4310,2
8411,2386,2207,2296,179,4593,2
8413,2391,2271,2331,120,4662,2
8423,2139,1986,2062,153,4125,2
8426,2277,2010,2143,267,4287,2
8435,2193,2077,2135,116,4270,2
8440,2381,2286,2333,95,4667,2
8443,2336,2303,2319,33,4639,2
8453,2230,1732,1981,498,3962,2
8454,2101,2023,2062,78,4124,2
8460,2178,2122,2150,56,4300,2
8461,2316,2101,2208,215,4417,2
8467,2403,2192,2297,211,4595,2
8470,2425,2252,2338,173,4677,2
8479,2168,1881,2024,287,4049,2
8485,2102,1984,2043,118,4086,2
8487,2330,2211,2270,119,4541,2
8489,2422,2210,2316,212,4632,2
8492,2381,1817,2099,564,4198,2
8500,2417,2172,2294,245,4589,2
8502,2364,1889,2126,475,4253,2
8503,2383,1939,2161,444,4322,2
8505,2165,2081,2123,84,4246,2
8506,2338,1904,2121,434,4242,2
8507,2191,1940,2065,251,4131,2
8519,2349,2226,2287,123,4575,2
8521,2285,2193,2239,92,4478,2
8523,2438,2259,2348,179,4697,2
8524,2318,1931,2124,387,4249,2
8526,2309,2086,2197,223,4395,2
8529,2107,1956,2031,151,4063,2
8530,2286,2000,2143,286,4286,2
8533,2183,2150,2166,33,4333,2
8537,2204,2081,2142,123,4285,2
8539,2236,1959,2097,277,4195,2
8546,2390,2180,2285,210,4570,2
8548,2449,2180,2314,269,4629,2
8550,2157,2118,2137,39,4275,2
8559,2338,2041,2189,297,4379,2
8568,2236,2216,2226,20,4452,2
8569,2392,2080,2236,312,4472,2
8572,2333,2183,2258,150,4516,2
8586,2262,2130,2196,132,4392,2
8587,2335,2237,2286,98,4572,2
8588,2123,1964,2043,159,4087,2
8589,2186,2005,2095,181,4191,2
8590,2545,2193,2369,352,4738,2
8599,2419,2111,2265,308,4530,2
8600,2423,2065,2244,358,4488,2
8607,2363,2274,2318,89,4637,2
8608,2495,2201,2348,294,4696,2
8611,2290,1977,2133,313,4267,2
8613,2435,2235,2335,200,4670,2
8622,2493,2058,2275,435,4551,2
8635,2326,2265,2295,61,4591,2
8640,2423,2038,2230,385,4461,2
8643,2318,1958,2138,360,4276,2
8650,2319,2268,2293,51,4587,2
8654,2258,2073,2165,185,4331,2
8657,2286,2069,2177,217,4355,2
8658,2226,1854,2040,372,4080,2
8664,2348,2166,2257,182,4514,2
8669,2240,2217,2228,23,4457,2
8671,2528,2104,2316,424,4632,2
8679,2405,2233,2319,172,4638,2
8681,2288,2039,2163,249,4327,2
8691,2359,2157,2258,202,4516,2
8693,2310,2145,2227,165,4455,2
8709,2147,2051,2099,96,4198,2
8715,2406,2235,2320,171,4641,2
8716,2482,1968,2225,514,4450,2
8721,2182,2050,2116,132,4232,2
8723,2294,2014,2154,280,4308,2
8730,2165,1909,2037,256,4074,2
8737,2210,1883,2046,327,4093,2
8738,2276,1951,2113,325,4227,2
8750,2569,1878,2223,691,4447,2
8755,2330,2223,2276,107,4553,2
8761,2383,2158,2270,225,4541,2
8769,2385,2013,2199,372,4398,2
8772,2381,2125,2253,256,4506,2
8777,2271,2059,2165,212,4330,2
8779,2214,2174,2194,40,4388,2
8780,2341,1913,2127,428,4254,2
8781,2152,2002,2077,150,4154,2
8785,2301,2096,2198,205,4397,2
8788,2454,2212,2333,242,4666,2
8796,2212,1929,2070,283,4141,2
8800,2130,1992,2061,138,4122,2
8805,2350,2261,2305,89,4611,2
8809,2167,2050,2108,117,4217,2
8817,2153,1930,2041,223,4083,2
8822,2213,2068,2140,145,4281,2
8832,2249,1981,2115,268,4230,2
8839,2318,2123,2220,195,4441,2
8841,2322,2126,2224,196,4448,2
8842,2329,2089,2209,240,4418,2
8844,2153,2030,2091,123,4183,2
8845,2158,2064,2111,94,4222,2
8846,2582,2118,2350,464,4700,2
8852,2416,2114,2265,302,4530,2
8857,2224,2016,2120,208,4240,2
8858,2240,2083,2161,157,4323,2
8870,2256,2123,2189,133,4379,2
8874,2167,1954,2060,213,4121,2
8876,2380,2193,2286,187,4573,2
8877,2320,2045,2182,275,4365,2
8882,2226,2131,2178,95,4357,2
8886,2178,2112,2145,66,4290,2
8888,2148,2029,2088,119,4177,2
8891,2319,2236,2277,83,4555,2
8892,2369,2293,2331,76,4662,2
8907,2356,2137,2246,219,4493,2
8910,2317,1950,2133,367,4267,2
8912,2213,2029,2121,184,4242,2
8913,2342,2109,2225,233,4451,2
8914,2249,2030,2139,219,4279,2
8915,2393,2055,2224,338,4448,2
8917,2302,2155,2228,147,4457,2
8921,2409,1896,2152,513,4305,2
8930,2230,2076,2153,154,4306,2
8937,2370,2173,2271,197,4543,2
8942,2287,2076,2181,211,4363,2
8944,2434,2200,2317,234,4634,2
8948,2233,1992,2112,241,4225,2
8949,2194,2036,2115,158,4230,2
8954,2173,2026,2099,147,4199,2
8958,2365,1975,2170,390,4340,2
8960,2244,2142,2193,102,4386,2
8968,2325,2176,2250,149,4501,2
8973,2526,2049,2287,477,4575,2
8979,2501,2235,2368,266,4736,2
8980,2284,2094,2189,190,4378,2
8984,2394,2287,2340,107,4681,2
8996,2266,2050,2158,216,4316,2
8997,2442,2182,2312,260,4624,2
9001,2199,2014,2106,185,4213,2
9003,2124,2051,2087,73,4175,2
9005,2302,2020,2161,282,4322,2
9007,2460,2076,2268,384,4536,2
9015,2398,2159,2278,239,4557,2
9016,2321,2101,2211,220,4422,2
9024,2167,1961,2064,206,4128,2
9025,2201,2048,2124,153,4249,2
9052,2283,1909,2096,374,4192,2
9058,2335,2270,2302,65,4605,2
9063,2280,2079,2179,201,4359,2
9064,2362,2132,2247,230,4494,2
9073,2172,2007,2089,165,4179,2
9077,2399,2133,2266,266,4532,2
9085,2260,2028,2144,232,4288,2
9086,2389,2247,2318,142,4636,2
9090,2160,1849,2004,311,4009,2
9091,2336,2290,2313,46,4626,2
9103,2416,2051,2233,365,4467,2
9104,2447,2161,2304,286,4608,2
9105,2293,2023,2158,270,4316,2
9107,2259,1790,2024,469,4049,2
9108,2291,2235,2263,56,4526,2
9111,2220,2168,2194,52,4388,2
9115,2401,2195,2298,206,4596,2
9117,2413,2225,2319,188,4638,2
9125,2417,2174,2295,243,4591,2
9130,2283,1999,2141,284,4282,2
9131,2507,2141,2324,366,4648,2
9133,2079,2056,2067,23,4135,2
9136,2406,2253,2329,153,4659,2
9160,2375,2222,2298,153,4597,2
9162,2427,2023,2225,404,4450,2
9169,2272,2128,2200,144,4400,2
9173,2369,2249,2309,120,4618,2
9178,2317,1933,2125,384,4250,2
9182,2412,2220,2316,192,4632,2
9184,2551,1940,2245,611,4491,2
9186,2324,2164,2244,160,4488,2
9191,2444,1926,2185,518,4370,2
9199,2524,2006,2265,518,4530,2
9208,2336,2192,2264,144,4528,2
9210,2237,1921,2079,316,4158,2
9214,2461,1917,2189,544,4378,2
9217,2282,2075,2178,207,4357,2
9219,2154,2056,2105,98,4210,2
9224,2192,2095,2143,97,4287,2
9231,2223,2087,2155,136,4310,2
9234,2118,2040,2079,78,4158,2
9238,2579,2192,2385,387,4771,2
9240,2317,2135,2226,182,4452,2
9246,2122,2027,2074,95,4149,2
9249,2366,2112,2239,254,4478,2
9258,2320,2262,2291,58,4582,2
9259,2445,2221,2333,224,4666,2
9262,2358,2298,2328,60,4656,2
9265,2390,2175,2282,215,4565,2
9274,2459,2202,2330,257,4661,2
9277,2261,2008,2134,253,4269,2
9288,2156,2116,2136,40,4272,2
9289,2139,1902,2020,237,4041,2
9291,2591,2114,2352,477,4705,2
9292,2256,2175,2215,81,4431,2
9293,2391,2229,2310,162,4620,2
9301,2284,2073,2178,211,4357,2
9306,2482,2170,2326,312,4652,2
9309,2431,2276,2353,155,4707,2
9314,2182,2072,2127,110,4254,2
9317,2456,2258,2357,198,4714,2
9324,2282,1988,2135,294,4270,2
9325,2292,2120,2206,172,4412,2
9332,2423,1961,2192,462,4384,2
9334,2377,2140,2258,237,4517,2
9336,2324,2244,2284,80,4568,2
9339,2405,2113,2259,292,4518,2
9341,2124,1964,2044,160,4088,2
9342,2250,2022,2136,228,4272,2
9359,2197,2004,2100,193,4201,2
9371,2224,1932,2078,292,4156,2
9377,2370,2041,2205,329,4411,2
9378,2388,1958,2173,430,4346,2
9382,2293,2035,2164,258,4328,2
9387,2234,2130,2182,104,4364,2
9390,2355,2095,2225,260,4450,2
9393,2191,2050,2120,141,4241,2
9396,2373,2078,2225,295,4451,2
9401,2386,2247,2316,139,4633,2
9402,2382,2157,2269,225,4539,2
9403,2484,1943,2213,541,4427,2
9404,2297,2131,2214,166,4428,2
9408,2344,2159,2251,185,4503,2
9415,2430,2247,2338,183,4677,2
9418,2185,2113,2149,72,4298,2
9420,2449,1836,2142,613,4285,2
9425,2244,1933,2088,311,4177,2
9435,2133,2058,2095,75,4191,2
9436,2221,1872,2046,349,4093,2
9438,2597,2073,2335,524,4670,2
9444,2189,1882,2035,307,4071,2
9445,2263,2185,2224,78,4448,2
9446,2400,1972,2186,428,4372,2
9449,2335,2219,2277,116,4554,2
9450,2428,2168,2298,260,4596,2
9451,2327,2165,2246,162,4492,2
9459,2308,1870,2089,438,4178,2
9473,2414,2182,2298,232,4596,2
9476,2402,2025,2213,377,4427,2
9477,2538,1881,2209,657,4419,2
9480,2259,2005,2132,254,4264,2
9481,2355,2150,2252,205,4505,2
9484,2283,1955,2119,328,4238,2
9485,2458,1810,2134,648,4268,2
9487,2215,2199,2207,16,4414,2
9493,2273,2257,2265,16,4530,2
9494,2153,2013,2083,140,4166,2
9498,2296,1978,2137,318,4274,2
9503,2266,2031,2148,235,4297,2
9511,2268,2118,2193,150,4386,2
9523,2210,1828,2019,382,4038,2
9525,2233,2065,2149,168,4298,2
9531,2240,1933,2086,307,4173,2
9533,2473,2050,2261,423,4523,2
9536,2206,2040,2123,166,4246,2
9539,2552,2138,2345,414,4690,2
9544,2279,2103,2191,176,4382,2
9549,2276,2159,2217,117,4435,2
9550,2279,2207,2243,72,4486,2
9551,2400,2181,2290,219,4581,2
9554,2352,2272,2312,80,4624,2
9558,2479,2081,2280,398,4560,2
9560,2101,2082,2091,19,4183,2
9579,2229,1944,2086,285,4173,2
9580,2209,1981,2095,228,4190,2
9586,2327,2246,2286,81,4573,2
9587,2309,1776,2042,533,4085,2
9600,2396,2225,2310,171,4621,2
9609,2434,1997,2215,437,4431,2
9611,2281,2091,2186,190,4372,2
9618,2216,2211,2213,5,4427,2
9627,2114,2033,2073,81,4147,2
9629,2385,2053,2219,332,4438,2
9630,2203,2110,2156,93,4313,2
9634,2126,1933,2029,193,4059,2
9641,2243,1907,2075,336,4150,2
9645,2297,2270,2283,27,4567,2
9656,2592,2162,2377,430,4754,2
9661,2435,2270,2352,165,4705,2
9663,2192,1952,2072,240,4144,2
9668,2351,2304,2327,47,4655,2
9684,2162,2129,2145,33,4291,2
9687,2380,2225,2302,155,4605,2
9688,2380,2105,2242,275,4485,2
9695,2352,2248,2300,104,4600,2
9696,2263,1841,2052,422,4104,2
9697,2245,2147,2196,98,4392,2
9699,2401,2198,2299,203,4599,2
9702,2433,2097,2265,336,4530,2
9710,2272,2070,2171,202,4342,2
9711,2440,2209,2324,231,4649,2
9712,2438,2104,2271,334,4542,2
9715,2109,2043,2076,66,4152,2
9716,2369,2236,2302,133,4605,2
9723,2295,2032,2163,263,4327,2
9725,2459,2228,2343,231,4687,2
9726,2413,2236,2324,177,4649,2
9729,2297,1812,2054,485,4109,2
9735,2167,1960,2063,207,4127,2
9737,2292,2127,2209,165,4419,2
9739,2426,2181,2303,245,4607,2
9741,2128,2057,2092,71,4185,2
9743,2311,2270,2290,41,4581,2
9747,2364,2249,2306,115,4613,2
9749,2439,2165,2302,274,4604,2
9752,2312,2218,2265,94,4530,2
9755,2195,2184,2189,11,4379,2
9760,2234,2058,2146,176,4292,2
9765,2340,1985,2162,355,4325,2
9768,2198,2159,2178,39,4357,2
9769,2289,2034,2161,255,4323,2
9772,2367,2283,2325,84,4650,2
9775,2215,2009,2112,206,4224,2
9781,2218,2193,2205,25,4411,2
9785,2202,2040,2121,162,4242,2
9791,2261,2229,2245,32,4490,2
9792,2253,2098,2175,155,4351,2
9793,2156,1865,2010,291,4021,2
9798,2424,1885,2154,539,4309,2
9800,2377,1970,2173,407,4347,2
9801,2290,2053,2171,237,4343,2
9807,2438,2044,2241,394,4482,2
9810,2223,1870,2046,353,4093,2
9825,2545,2117,2331,428,4662,2
9826,2453,2177,2315,276,4630,2
9832,2402,2178,2290,224,4580,2
9833,2343,2279,2311,64,4622,2
9834,2406,2240,2323,166,4646,2
9840,2195,1835,2015,360,4030,2
9841,2435,1862,2148,573,4297,2
9845,2297,2164,2230,133,4461,2
9846,2234,1999,2116,235,4233,2
9847,2232,2126,2179,106,4358,2
9850,2460,2148,2304,312,4608,2
9852,2281,1917,2099,364,4198,2
9855,2209,2180,2194,29,4389,2
9862,2615,2044,2329,571,4659,2
9863,2459,2152,2305,307,4611,2
9867,2220,2019,2119,201,4239,2
9868,2332,1904,2118,428,4236,2
9874,2388,1903,2145,485,4291,2
9875,2327,1804,2065,523,4131,2
9877,2347,2175,2261,172,4522,2
9878,2327,2057,2192,270,4384,2
9883,2416,2239,2327,177,4655,2
9884,2428,2177,2302,251,4605,2
9889,2308,2239,2273,69,4547,2
9891,2471,2066,2268,405,4537,2
9900,2427,1821,2124,606,4248,2
9908,2149,1965,2057,184,4114,2
9920,2308,2085,2196,223,4393,2
9921,2285,2165,2225,120,4450,2
9929,2082,1998,2040,84,4080,2
9933,2269,2039,2154,230,4308,2
9935,2238,1926,2082,312,4164,2
9937,2318,2172,2245,146,4490,2
9938,2441,2177,2309,264,4618,2
9942,2102,2103,2102,-1,4205,2
9954,2425,1903,2164,522,4328,2
9955,2289,2184,2236,105,4473,2
9962,2216,2119,2167,97,4335,2
9964,2105,1966,2035,139,4071,2
9968,2237,1760,1998,477,3997,2
9972,2298,2115,2206,183,4413,2
9973,2170,2048,2109,122,4218,2
9974,2211,2084,2147,127,4295,2
9977,2424,2159,2291,265,4583,2
9979,2249,2160,2204,89,4409,2
9980,2308,2173,2240,135,4481,2
9985,2368,2207,2287,161,4575,2
9988,2364,2206,2285,158,4570,2
9990,2212,2019,2115,193,4231,2
9991,2331,1854,2092,477,4185,2
9993,2248,2170,2209,78,4418,2
9997,2224,1911,2067,313,4135,2
9998,2277,2230,2253,47,4507,2
10002,2339,2271,2305,68,4610,2
10003,2367,2141,2254,226,4508,2
10006,2084,2037,2060,47,4121,2
10014,2217,1991,2104,226,4208,2
10016,2432,2112,2272,320,4544,2
10018,2307,2164,2235,143,4471,2
10019,2200,1812,2006,388,4012,2
10022,2105,2021,2063,84,4126,2
10027,2621,2156,2388,465,4777,2
10032,2175,2003,2089,172,4178,2
10034,2411,1848,2129,563,4259,2
10036,2166,1932,2049,234,4098,2
10038,2189,2035,2112,154,4224,2
10040,2367,2225,2296,142,4592,2
10042,2284,2055,2169,229,4339,2
10045,2152,1923,2037,229,4075,2
10056,2458,1971,2214,487,4429,2
10064,2172,2163,2167,9,4335,2
10065,2449,2251,2350,198,4700,2
10068,2297,2075,2186,222,4372,2
10077,2210,1967,2088,243,4177,2
10081,2285,2260,2272,25,4545,2
10087,2136,1951,2043,185,4087,2
10090,2351,2160,2255,191,4511,2
10094,2488,2142,2315,346,4630,2
10096,2364,2190,2277,174,4554,2
10100,2600,2173,2386,427,4773,2
10101,2379,2191,2285,188,4570,2
10102,2361,2147,2254,214,4508,2
10111,2182,1940,2061,242,4122,2
10112,2320,2017,2168,303,4337,2
10113,2453,2216,2334,237,4669,2
10115,2397,2210,2303,187,4607,2
10125,2304,2026,2165,278,4330,2
10128,2469,2085,2277,384,4554,2
10129,2429,2146,2287,283,4575,2
10133,2312,2064,2188,248,4376,2
10134,2345,2241,2293,104,4586,2
10145,2458,2195,2326,263,4653,2
10146,2427,2060,2243,367,4487,2
10147,2310,2163,2236,147,4473,2
10152,2563,2132,2347,431,4695,2
10154,2127,2032,2079,95,4159,2
10158,2121,2037,2079,84,4158,2
10160,2182,1911,2046,271,4093,2
10162,2249,2173,2211,76,4422,2
10163,2289,1806,2047,483,4095,2
10173,2259,1850,2054,409,4109,2
10178,2266,2208,2237,58,4474,2
10181,2304,2028,2166,276,4332,2
10184,2207,2067,2137,140,4274,2
10186,2385,2186,2285,199,4571,2
10188,2520,2220,2370,300,4740,2
10190,2478,1775,2126,703,4253,2
10198,2332,2283,2307,49,4615,2
10200,2375,2107,2241,268,4482,2
10202,2312,2270,2291,42,4582,2
10203,2328,2218,2273,110,4546,2
10204,2641,2169,2405,472,4810,2
10210,2101,1966,2033,135,4067,2
10216,2489,2223,2356,266,4712,2
10218,2403,1764,2083,639,4167,2
10231,2487,2200,2343,287,4687,2
10235,2399,2084,2241,315,4483,2
10244,2328,2089,2208,239,4417,2
10254,2061,2034,2047,27,4095,2
10263,2334,2210,2272,124,4544,2
10281,2211,1970,2090,241,4181,2
10285,2166,2152,2159,14,4318,2
10286,2274,2210,2242,64,4484,2
10287,2512,2082,2297,430,4594,2
10288,2415,2055,2235,360,4470,2
10289,2208,2046,2127,162,4254,2
10293,2436,2259,2347,177,4695,2
10296,2368,2222,2295,146,4590,2
10302,2537,1751,2144,786,4288,2
10304,2226,2126,2176,100,4352,2
10308,2068,2032,2050,36,4100,2
10312,2487,2157,2322,330,4644,2
10315,2250,2113,2181,137,4363,2
10323,2230,2215,2222,15,4445,2
10324,2288,2181,2234,107,4469,2
10328,2377,2239,2308,138,4616,2
10332,2348,2213,2280,135,4561,2
10335,2157,2064,2110,93,4221,2
10341,2210,2010,2110,200,4220,2
10350,2540,2178,2359,362,4718,2
10351,2195,2157,2176,38,4352,2
10355,2437,2244,2340,193,4681,2
10357,2249,1979,2114,270,4228,2
10358,2140,2078,2109,62,4218,2
10360,2254,2131,2192,123,4385,2
10366,2267,1956,2111,311,4223,2
10368,2328,2173,2250,155,4501,2
10372,2468,2197,2332,271,4665,2
10373,2285,1994,2139,291,4279,2
10375,2194,2043,2118,151,4237,2
10376,2255,2186,2220,69,4441,2
10379,2312,1806,2059,506,4118,2
10380,2252,1962,2107,290,4214,2
10386,2155,1876,2015,279,4031,2
10389,2176,2031,2103,145,4207,2
10394,2211,2089,2150,122,4300,2
10396,2276,2215,2245,61,4491,2
10397,2318,2244,2281,74,4562,2
10400,2227,2013,2120,214,4240,2
10402,2367,2158,2262,209,4525,2
10410,2291,1982,2136,309,4273,2
10415,2241,2178,2209,63,4419,2
10418,2244,2191,2217,53,4435,2
10424,2210,2191,2200,19,4401,2
10444,2489,2177,2333,312,4666,2
10445,2192,2023,2107,169,4215,2
10446,2557,1896,2226,661,4453,2
10461,2445,2151,2298,294,4596,2
10462,2560,2111,2335,449,4671,2
10469,2302,1941,2121,361,4243,2
10478,2145,1883,2014,262,4028,2
10480,2160,2017,2088,143,4177,2
10487,2402,2036,2219,366,4438,2
10488,2422,1819,2120,603,4241,2
10497,2188,1940,2064,248,4128,2
10499,2333,2186,2259,147,4519,2
10500,2189,1951,2070,238,4140,2
10503,2247,2129,2188,118,4376,2
10515,2288,2077,2182,211,4365,2
10516,2192,1992,2092,200,4184,2
10517,2373,2261,2317,112,4634,2
10523,2337,1931,2134,406,4268,2
10529,2270,1986,2128,284,4256,2
10534,2108,2039,2073,69,4147,2
10538,2278,2068,2173,210,4346,2
10541,2315,2173,2244,142,4488,2
10551,2345,2096,2220,249,4441,2
10554,2154,1991,2072,163,4145,2
10556,2544,2170,2357,374,4714,2
10563,2298,2059,2178,239,4357,2
10569,2311,2067,2189,244,4378,2
10572,2244,2036,2140,208,4280,2
10573,2203,1969,2086,234,4172,2
10579,2414,2062,2238,352,4476,2
10581,2137,2005,2071,132,4142,2
10582,2330,1930,2130,400,4260,2
10583,2174,1863,2018,311,4037,2
10585,2406,2261,2333,145,4667,2
10595,2449,1915,2182,534,4364,2
10596,2514,2171,2342,343,4685,2
10599,2235,2199,2217,36,4434,2
10609,2374,2247,2310,127,4621,2
10613,2215,1821,2018,394,4036,2
10614,2323,1963,2143,360,4286,2
10622,2488,2227,2357,261,4715,2
10624,2297,2075,2186,222,4372,2
10625,2252,2034,2143,218,4286,2
10628,2345,2173,2259,172,4518,2
10631,2541,1978,2259,563,4519,2
10632,2214,2048,2131,166,4262,2
10633,2411,2231,2321,180,4642,2
10639,2338,2102,2220,236,4440,2
10644,2460,2238,2349,222,4698,2
10648,2364,2151,2257,213,4515,2
10652,2147,2134,2140,13,4281,2
10662,2322,2113,2217,209,4435,2
10669,2292,2076,2184,216,4368,2
10670,2189,1959,2074,230,4148,2
10673,2261,2120,2190,141,4381,2
10675,2575,2138,2356,437,4713,2
10683,2166,1935,2050,231,4101,2
10686,2320,1984,2152,336,4304,2
10688,2409,2270,2339,139,4679,2
10695,2216,1997,2106,219,4213,2
10699,2271,2174,2222,97,4445,2
10700,2289,1963,2126,326,4252,2
10701,2399,2236,2317,163,4635,2
10710,2219,2067,2143,152,4286,2
10711,2282,2024,2153,258,4306,2
10715,2282,2077,2179,205,4359,2
10716,2437,1881,2159,556,4318,2
10718,2255,2244,2249,11,4499,2
10720,2374,2285,2329,89,4659,2
10722,2236,2167,2201,69,4403,2
10726,2355,2068,2211,287,4423,2
10733,2283,2111,2197,172,4394,2
10734,2529,2026,2277,503,4555,2
10739,2325,2066,2195,259,4391,2
10742,2188,2177,2182,11,4365,2
10744,2262,2102,2182,160,4364,2
10745,2136,1979,2057,157,4115,2
10749,2334,2032,2183,302,4366,2
10754,2143,1973,2058,170,4116,2
10755,2343,2307,2325,36,4650,2
10756,2350,2259,2304,91,4609,2
10757,2584,2057,2320,527,4641,2
10759,2215,1828,2021,387,4043,2
10767,2429,2021,2225,408,4450,2
10778,2383,2276,2329,107,4659,2
10781,2218,1799,2008,419,4017,2
10782,2290,1958,2124,332,4248,2
10785,2288,2170,2229,118,4458,2
10787,2410,1923,2166,487,4333,2
10795,2289,2187,2238,102,4476,2
10796,2438,2269,2353,169,4707,2
10797,2144,2001,2072,143,4145,2
10805,2213,2058,2135,155,4271,2
10810,2254,2232,2243,22,4486,2
10815,2497,2017,2257,480,4514,2
10820,2535,2203,2369,332,4738,2
10822,2291,2178,2234,113,4469,2
10831,2403,2022,2212,381,4425,2
10839,2252,2034,2143,218,4286,2
10842,2418,2277,2347,141,4695,2
10844,2340,2200,2270,140,4540,2
10847,2455,2160,2307,295,4615,2
10849,2415,2226,2320,189,4641,2
10852,2286,2146,2216,140,4432,2
10856,2105,2071,2088,34,4176,2
10862,2284,1936,2110,348,4220,2
10863,2201,2149,2175,52,4350,2
10869,2220,2070,2145,150,4290,2
10873,2376,2282,2329,94,4658,2
10874,2216,2127,2171,89,4343,2
10876,2411,2161,2286,250,4572,2
10877,2255,2196,2225,59,4451,2
10885,2185,1911,2048,274,4096,2
10889,2327,2044,2185,283,4371,2
10890,2290,2130,2210,160,4420,2
10895,2390,2238,2314,152,4628,2
10900,2382,2220,2301,162,4602,2
10901,2137,1948,2042,189,4085,2
10914,2582,2095,2338,487,4677,2
10915,2273,2163,2218,110,4436,2
10917,2562,2101,2331,461,4663,2
10921,2200,1867,2033,333,4067,2
10929,2391,2128,2259,263,4519,2
10930,2652,1708,2180,944,4360,2
10931,2374,2281,2327,93,4655,2
10934,2339,1843,2091,496,4182,2
10935,2318,2227,2272,91,4545,2
10940,2208,2061,2134,147,4269,2
10945,2153,1902,2027,251,4055,2
10947,2550,2209,2379,341,4759,2
10950,2372,2141,2256,231,4513,2
10960,2225,2038,2131,187,4263,2
10961,2335,2071,2203,264,4406,2
10962,2165,1888,2026,277,4053,2
10974,2325,2180,2252,145,4505,2
10975,2280,2170,2225,110,4450,2
10976,2462,2179,2320,283,4641,2
10977,2426,2126,2276,300,4552,2
10982,2483,2189,2336,294,4672,2
10989,2309,2292,2300,17,4601,2
10993,2290,2045,2167,245,4335,2
11000,2226,2072,2149,154,4298,2
11003,2213,1983,2098,230,4196,2
11019,2473,2252,2362,221,4725,2
11022,2241,2153,2197,88,4394,2
11030,2139,1960,2049,179,4099,2
11033,2151,1993,2072,158,4144,2
11034,2529,1886,2207,643,4415,2
11035,2365,2073,2219,292,4438,2
11046,2295,2074,2184,221,4369,2
11047,2330,2155,2242,175,4485,2
11052,2358,2108,2233,250,4466,2
11054,2140,1902,2021,238,4042,2
11060,2307,2141,2224,166,4448,2
11068,2274,2112,2193,162,4386,2
11079,2381,2128,2254,253,4509,2
11080,2198,1972,2085,226,4170,2
11087,2429,2081,2255,348,4510,2
11088,2240,1989,2114,251,4229,2
11089,2388,2209,2298,179,4597,2
11091,2237,1959,2098,278,4196,2
11100,2433,2066,2249,367,4499,2
11103,2275,2045,2160,230,4320,2
11107,2396,2156,2276,240,4552,2
11108,2412,2143,2277,269,4555,2
11109,2388,2037,2212,351,4425,2
11120,2410,2229,2319,181,4639,2
11121,2368,2079,2223,289,4447,2
11132,2308,2261,2284,47,4569,2
11141,2532,2106,2319,426,4638,2
11142,2130,2018,2074,112,4148,2
11148,2529,2219,2374,310,4748,2
11160,2064,2024,2044,40,4088,2
11162,2545,2144,2344,401,4689,2
11170,2318,2147,2232,171,4465,2
11177,2275,2085,2180,190,4360,2
11178,2134,1904,2019,230,4038,2
11180,2438,2119,2278,319,4557,2
11181,2418,2037,2227,381,4455,2
11188,2173,1987,2080,186,4160,2
11190,2270,1989,2129,281,4259,2
11193,2354,1791,2072,563,4145,2
11194,2418,2153,2285,265,4571,2
11206,2354,2098,2226,256,4452,2
11208,2508,2225,2366,283,4733,2
11209,2263,1960,2111,303,4223,2
11210,2260,2235,2247,25,4495,2
11212,2106,2017,2061,89,4123,2
11213,2303,2123,2213,180,4426,2
11220,2376,2243,2309,133,4619,2
11221,2221,1899,2060,322,4120,2
11224,2328,2254,2291,74,4582,2
11225,2160,1979,2069,181,4139,2
11227,2425,2195,2310,230,4620,2
11230,2456,2090,2273,366,4546,2
11234,2415,2190,2302,225,4605,2
11249,2387,1930,2158,457,4317,2
11250,2392,2268,2330,124,4660,2
11251,2533,2206,2369,327,4739,2
11252,2223,2199,2211,24,4422,2
11253,2358,1626,1992,732,3984,2
11255,2208,2104,2156,104,4312,2
11256,2325,2141,2233,184,4466,2
11259,2398,2235,2316,163,4633,2
11260,2253,1839,2046,414,4092,2
11270,2194,1957,2075,237,4151,2
11272,2365,2215,2290,150,4580,2
11276,2478,2186,2332,292,4664,2
11280,2185,1962,2073,223,4147,2
11284,2428,2273,2350,155,4701,2
11288,2302,2155,2228,147,4457,2
11302,2262,2073,2167,189,4335,2
11310,2295,1764,2029,531,4059,2
11312,2296,2172,2234,124,4468,2
11318,2243,2040,2141,203,4283,2
11322,2417,2026,2221,391,4443,2
11329,2340,2314,2327,26,4654,2
11332,2270,2200,2235,70,4470,2
11334,2099,2100,2099,-1,4199,2
11336,2421,2273,2347,148,4694,2
11346,2274,2062,2168,212,4336,2
11350,2441,2262,2351,179,4703,2
11351,2271,2121,2196,150,4392,2
11356,2190,2188,2189,2,4378,2
11359,2444,1904,2174,540,4348,2
11375,2261,1730,1995,531,3991,2
11376,2273,1715,1994,558,3988,2
11378,2332,2117,2224,215,4449,2
11381,2427,2222,2324,205,4649,2
11382,2165,1964,2064,201,4129,2
11383,2190,2007,2098,183,4197,2
11386,2399,1938,2168,461,4337,2
11387,2342,2102,2222,240,4444,2
11389,2480,2226,2353,254,4706,2
11393,2486,2132,2309,354,4618,2
11398,2278,2169,2223,109,4447,2
11399,2260,1961,2110,299,4221,2
11400,2202,2073,2137,129,4275,2
11403,2149,1921,2035,228,4070,2
11407,2357,2271,2314,86,4628,2
11409,2119,2095,2107,24,4214,2
11411,2414,2259,2336,155,4673,2
11416,2164,1866,2015,298,4030,2
11418,2493,2209,2351,284,4702,2
11420,2301,2208,2254,93,4509,2
11421,2298,2114,2206,184,4412,2
11426,2241,2132,2186,109,4373,2
11427,2462,2250,2356,212,4712,2
11428,2282,2198,2240,84,4480,2
11431,2334,2304,2319,30,4638,2
11438,2391,2217,2304,174,4608,2
11439,2277,2242,2259,35,4519,2
11444,2415,2161,2288,254,4576,2
11446,2471,2087,2279,384,4558,2
11459,2224,2112,2168,112,4336,2
11460,2116,2005,2060,111,4121,2
11464,2141,2111,2126,30,4252,2
11470,2270,2099,2184,171,4369,2
11472,2158,1984,2071,174,4142,2
11476,2476,2073,2274,403,4549,2
11477,2246,1699,1972,547,3945,2
11481,2311,2225,2268,86,4536,2
11482,2209,2027,2118,182,4236,2
11484,2212,1760,1986,452,3972,2
11486,2430,2236,2333,194,4666,2
11488,2502,2216,2359,286,4718,2
11495,2433,2230,2331,203,4663,2
11499,2526,2095,2310,431,4621,2
11501,2115,1967,2041,148,4082,2
11508,2154,1983,2068,171,4137,2
11513,2364,2058,2211,306,4422,2
11514,2247,2180,2213,67,4427,2
11516,2427,2033,2230,394,4460,2
11517,2142,2090,2116,52,4232,2
11518,2316,2196,2256,120,4512,2
11521,2285,2101,2193,184,4386,2
11524,2307,2098,2202,209,4405,2
11526,2209,2181,2195,28,4390,2
11527,2216,1962,2089,254,4178,2
11528,2269,1822,2045,447,4091,2
11530,2199,2123,2161,76,4322,2
11531,2440,2250,2345,190,4690,2
11538,2308,2032,2170,276,4340,2
11540,2205,2180,2192,25,4385,2
11541,2136,2016,2076,120,4152,2
11546,2340,2240,2290,100,4580,2
11550,2331,2100,2215,231,4431,2
11554,2358,2134,2246,224,4492,2
11555,2183,2080,2131,103,4263,2
11563,2160,1886,2023,274,4046,2
11564,2362,2089,2225,273,4451,2
11578,2341,2303,2322,38,4644,2
11593,2311,2295,2303,16,4606,2
11595,2195,2109,2152,86,4304,2
11596,2333,2238,2285,95,4571,2
11598,2304,2208,2256,96,4512,2
11599,2403,2034,2218,369,4437,2
11603,2192,2170,2181,22,4362,2
11604,2182,1911,2046,271,4093,2
11605,2427,2066,2246,361,4493,2
11606,2156,2127,2141,29,4283,2
11607,2211,2203,2207,8,4414,2
11609,2326,2170,2248,156,4496,2
11611,2267,2084,2175,183,4351,2
11622,2265,1928,2096,337,4193,2
11625,2337,2150,2243,187,4487,2
11628,2511,2091,2301,420,4602,2
11629,2572,2033,2302,539,4605,2
11632,2415,2263,2339,152,4678,2
11637,2257,2233,2245,24,4490,2
11640,2142,1981,2061,161,4123,2
11643,2435,2205,2320,230,4640,2
11644,2264,2143,2203,121,4407,2
11645,2419,2075,2247,344,4494,2
11646,2164,2072,2118,92,4236,2
11647,2287,2011,2149,276,4298,2
11648,2297,2112,2204,185,4409,2
11653,2216,2114,2165,102,4330,2
11660,2294,2209,2251,85,4503,2
11669,2207,2077,2142,130,4284,2
11673,2251,2192,2221,59,4443,2
11674,2237,2166,2201,71,4403,2
11678,2131,1949,2040,182,4080,2
11680,2385,2236,2310,149,4621,2
11682,2476,1801,2138,675,4277,2
11689,2314,2250,2282,64,4564,2
11695,2318,2143,2230,175,4461,2
11696,2373,2203,2288,170,4576,2
11700,2317,2256,2286,61,4573,2
11702,2456,1924,2190,532,4380,2
11708,2504,2229,2366,275,4733,2
11710,2283,1886,2084,397,4169,2
11711,2113,1966,2039,147,4079,2
11717,2174,1840,2007,334,4014,2
11719,2319,2255,2287,64,4574,2
11724,2182,2079,2130,103,4261,2
11728,2373,2148,2260,225,4521,2
11730,2287,2196,2241,91,4483,2
11733,2242,2123,2182,119,4365,2
11750,2352,2224,2288,128,4576,2
11751,2214,1909,2061,305,4123,2
11757,2259,2111,2185,148,4370,2
11758,2271,2085,2178,186,4356,2
11760,2174,2101,2137,73,4275,2
11761,2278,1659,1968,619,3937,2
11763,2291,2180,2235,111,4471,2
11766,2381,2235,2308,146,4616,2
11767,2101,2061,2081,40,4162,2
11777,2097,1959,2028,138,4056,2
11778,2391,1960,2175,431,4351,2
11780,2302,2018,2160,284,4320,2
11788,2335,2241,2288,94,4576,2
11790,2197,1985,2091,212,4182,2
11792,2576,2164,2370,412,4740,2
11796,2244,1849,2046,395,4093,2
11799,2308,2206,2257,102,4514,2
11802,2186,1866,2026,320,4052,2
11818,2255,2008,2131,247,4263,2
11821,2230,1920,2075,310,4150,2
11822,2447,2184,2315,263,4631,2
11823,2313,2149,2231,164,4462,2
11828,2284,1812,2048,472,4096,2
11831,2559,2141,2350,418,4700,2
11832,2483,2197,2340,286,4680,2
11836,2241,2199,2220,42,4440,2
11837,2438,2212,2325,226,4650,2
11839,2378,1915,2146,463,4293,2
11846,2181,2167,2174,14,4348,2
11847,2159,2053,2106,106,4212,2
11858,2398,2082,2240,316,4480,2
11864,2242,2125,2183,117,4367,2
11866,2415,2230,2322,185,4645,2
11868,2424,2032,2228,392,4456,2
11869,2467,2185,2326,282,4652,2
11879,2340,2059,2199,281,4399,2
11880,2274,2123,2198,151,4397,2
11884,2393,2239,2316,154,4632,2
11885,2368,2240,2304,128,4608,2
11888,2185,1856,2020,329,4041,2
11890,2213,2079,2146,134,4292,2
11891,2255,2121,2188,134,4376,2
11893,2313,2185,2249,128,4498,2
11900,2232,2071,2151,161,4303,2
11905,2175,1914,2044,261,4089,2
11909,2296,1802,2049,494,4098,2
11913,2215,1882,2048,333,4097,2
11914,2380,2045,2212,335,4425,2
11921,2062,2039,2050,23,4101,2
11922,2508,2074,2291,434,4582,2
11930,2275,2028,2151,247,4303,2
11933,2321,2242,2281,79,4563,2
11934,2324,2277,2300,47,4601,2
11938,2348,2176,2262,172,4524,2
11939,2356,2312,2334,44,4668,2
11940,2297,2172,2234,125,4469,2
11948,2313,2087,2200,226,4400,2
11950,2149,1987,2068,162,4136,2
11951,2372,1904,2138,468,4276,2
11958,2136,2073,2104,63,4209,2
11959,2360,1988,2174,372,4348,2
11960,2246,2112,2179,134,4358,2
11964,2345,2264,2304,81,4609,2
11965,2534,2200,2367,334,4734,2
11971,2216,2178,2197,38,4394,2
11972,2325,2186,2255,139,4511,2
11976,2224,1971,2097,253,4195,2
11978,2308,2278,2293,30,4586,2
11983,2120,2063,2091,57,4183,2
11985,2305,2245,2275,60,4550,2
11986,2374,2248,2311,126,4622,2
11988,2315,2233,2274,82,4548,2
11989,2420,2269,2344,151,4689,2
11990,2353,1983,2168,370,4336,2
11991,2426,2104,2265,322,4530,2
11992,2465,1890,2177,575,4355,2
11995,2167,2009,2088,158,4176,2
11999,2276,1815,2045,461,4091,2
12001,2205,2157,2181,48,4362,2
12002,2193,1993,2093,200,4186,2
12005,2437,2229,2333,208,4666,2
12006,2347,2298,2322,49,4645,2
12008,2174,2008,2091,166,4182,2
12012,2487,2196,2341,291,4683,2
12027,2276,1873,2074,403,4149,2
12029,2360,1989,2174,371,4349,2
12032,2227,2053,2140,174,4280,2
12033,2187,1940,2063,247,4127,2
12034,2285,2022,2153,263,4307,2
12036,2415,1937,2176,478,4352,2
12046,2238,2169,2203,69,4407,2
12049,2188,2007,2097,181,4195,2
12056,2349,1979,2164,370,4328,2
12057,2215,1878,2046,337,4093,2
12058,2220,2114,2167,106,4334,2
12061,2167,1936,2051,231,4103,2
12063,2417,2075,2246,342,4492,2
12065,2166,2111,2138,55,4277,2
12072,2386,2296,2341,90,4682,2
12075,2423,1760,2091,663,4183,2
12077,2201,2088,2144,113,4289,2
12078,2711,2085,2398,626,4796,2
12084,2428,2144,2286,284,4572,2
12086,2150,2008,2079,142,4158,2
12096,2170,2017,2093,153,4187,2
12098,2218,1915,2066,303,4133,2
12103,2530,1969,2249,561,4499,2
12105,2172,1984,2078,188,4156,2
12107,2455,2103,2279,352,4558,2
12110,2321,2112,2216,209,4433,2
12115,2107,2075,2091,32,4182,2
12121,2368,2143,2255,225,4511,2
12126,2123,2127,2125,-4,4250,2
12127,2174,2111,2142,63,4285,2
12129,2346,2088,2217,258,4434,2
12130,2344,1998,2171,346,4342,2
12131,2401,2282,2341,119,4683,2
12135,2183,2108,2145,75,4291,2
12142,2335,1927,2131,408,4262,2
12143,2220,2024,2122,196,4244,2
12149,2178,1953,2065,225,4131,2
12150,2384,2258,2321,126,4642,2
12158,2370,2222,2296,148,4592,2
12163,2430,2161,2295,269,4591,2
12170,2136,2099,2117,37,4235,2
12181,2262,2202,2232,60,4464,2
12184,2255,2166,2210,89,4421,2
12187,2294,2131,2212,163,4425,2
12189,2286,2217,2251,69,4503,2
12195,2172,1917,2044,255,4089,2
12196,2144,1878,2011,266,4022,2
12198,2253,1791,2022,462,4044,2
12205,2304,2250,2277,54,4554,2
12206,2287,2147,2217,140,4434,2
12209,2224,2134,2179,90,4358,2
12210,2266,2095,2180,171,4361,2
12215,2302,1647,1974,655,3949,2
12218,2446,2238,2342,208,4684,2
12219,2318,2211,2264,107,4529,2
12223,2447,2259,2353,188,4706,2
12228,2478,2203,2340,275,4681,2
12229,2339,2132,2235,207,4471,2
12239,2278,2265,2271,13,4543,2
12243,2427,1904,2165,523,4331,2
12252,2286,2134,2210,152,4420,2
12254,2290,2230,2260,60,4520,2
12262,2133,2117,2125,16,4250,2
12263,2105,2011,2058,94,4116,2
12274,2427,2209,2318,218,4636,2
12276,2328,2215,2271,113,4543,2
12278,2224,2114,2169,110,4338,2
12279,2245,2069,2157,176,4314,2
12283,2387,2161,2274,226,4548,2
12285,2394,2284,2339,110,4678,2
12288,2393,2198,2295,195,4591,2
12289,2338,2218,2278,120,4556,2
12292,2440,2248,2344,192,4688,2
12295,2311,1724,2017,587,4035,2
12300,2180,2061,2120,119,4241,2
12302,2392,2251,2321,141,4643,2
12306,2414,2183,2298,231,4597,2
12310,2215,2129,2172,86,4344,2
12312,2350,1926,2138,424,4276,2
12317,2427,2224,2325,203,4651,2
12334,2127,1969,2048,158,4096,2
12339,2190,2028,2109,162,4218,2
12344,2262,2111,2186,151,4373,2
12349,2543,2047,2295,496,4590,2
12352,2408,2284,2346,124,4692,2
12358,2351,2228,2289,123,4579,2
12359,2356,2162,2259,194,4518,2
12362,2096,2037,2066,59,4133,2
12363,2573,2097,2335,476,4670,2
12369,2216,2012,2114,204,4228,2
12370,2440,2031,2235,409,4471,2
12387,2231,2120,2175,111,4351,2
12401,2370,2307,2338,63,4677,2
12405,2358,2246,2302,112,4604,2
12407,2475,2088,2281,387,4563,2
12410,2231,2129,2180,102,4360,2
12415,2455,2141,2298,314,4596,2
12416,2374,1945,2159,429,4319,2
12418,2264,2034,2149,230,4298,2
12422,2291,2028,2159,263,4319,2
12426,2276,2020,2148,256,4296,2
12432,2430,1987,2208,443,4417,2
12438,2291,2189,2240,102,4480,2
12439,2403,2277,2340,126,4680,2
12443,2294,2107,2200,187,4401,2
12448,2285,1957,2121,328,4242,2
12449,2269,2001,2135,268,4270,2
12454,2484,1882,2183,602,4366,2
12456,2473,2185,2329,288,4658,2
12462,2482,2147,2314,335,4629,2
12464,2378,2246,2312,132,4624,2
12468,2281,2235,2258,46,4516,2
12470,2301,2157,2229,144,4458,2
12478,2172,2090,2131,82,4262,2
12481,2312,2038,2175,274,4350,2
12485,2311,2295,2303,16,4606,2
12487,2199,1846,2022,353,4045,2
12489,2462,2219,2340,243,4681,2
12493,2356,2082,2219,274,4438,2
12496,2355,1992,2173,363,4347,2
12498,2408,2215,2311,193,4623,2
12500,2259,2055,2157,204,4314,2
12506,2210,1962,2086,248,4172,2
12513,2158,2152,2155,6,4310,2
12518,2333,2138,2235,195,4471,2
12522,2220,1930,2075,290,4150,2
12523,2318,2206,2262,112,4524,2
12529,2227,2159,2193,68,4386,2
12531,2436,2132,2284,304,4568,2
12534,2140,1913,2026,227,4053,2
12542,2143,2124,2133,19,4267,2
12547,2331,2112,2221,219,4443,2
12554,2220,1934,2077,286,4154,2
12557,2324,2108,2216,216,4432,2
12565,2077,2074,2075,3,4151,2
12567,2137,2002,2069,135,4139,2
12568,2186,2052,2119,134,4238,2
12578,2532,2115,2323,417,4647,2
12579,2259,1984,2121,275,4243,2
12580,2056,2055,2055,1,4111,2
12586,2553,1916,2234,637,4469,2
12591,2263,2238,2250,25,4501,2
12601,2149,2060,2104,89,4209,2
12603,2375,2243,2309,132,4618,2
12614,2382,2156,2269,226,4538,2
12615,2434,2239,2336,195,4673,2
12617,2200,1929,2064,271,4129,2
12628,2202,2026,2114,176,4228,2
12632,2242,1970,2106,272,4212,2
12634,2222,2172,2197,50,4394,2
12637,2410,2232,2321,178,4642,2
12638,2194,2159,2176,35,4353,2
12644,2255,2147,2201,108,4402,2
12647,2244,2138,2191,106,4382,2
12649,2244,2229,2236,15,4473,2
12654,2255,2056,2155,199,4311,2
12660,2375,2046,2210,329,4421,2
12665,2511,1958,2234,553,4469,2
12669,2173,2046,2109,127,4219,2
12678,2284,2160,2222,124,4444,2
12680,2445,2187,2316,258,4632,2
12682,2358,2176,2267,182,4534,2
12683,2101,2055,2078,46,4156,2
12685,2448,2227,2337,221,4675,2
12688,2338,2095,2216,243,4433,2
12694,2237,2113,2175,124,4350,2
12699,2367,2109,2238,258,4476,2
12703,2220,2067,2143,153,4287,2
12710,2496,2029,2262,467,4525,2
12716,2508,2221,2364,287,4729,2
12717,2249,2023,2136,226,4272,2
12731,2492,2201,2346,291,4693,2
12742,2134,2035,2084,99,4169,2
12745,2489,2100,2294,389,4589,2
12753,2124,2007,2065,117,4131,2
12754,2426,2034,2230,392,4460,2
12759,2554,2093,2323,461,4647,2
12767,2264,1809,2036,455,4073,2
12774,2479,2225,2352,254,4704,2
12775,2223,2073,2148,150,4296,2
12781,2411,2211,2311,200,4622,2
12784,2172,2023,2097,149,4195,2
12785,2523,2121,2322,402,4644,2
12789,2345,2195,2270,150,4540,2
12795,2470,2248,2359,222,4718,2
12800,2286,2084,2185,202,4370,2
12813,2200,2103,2151,97,4303,2
12823,2434,2245,2339,189,4679,2
12826,2081,2045,2063,36,4126,2
12828,2401,2246,2323,155,4647,2
12833,2442,2244,2343,198,4686,2
12844,2634,1884,2259,750,4518,2
12845,2251,2045,2148,206,4296,2
12850,2644,2154,2399,490,4798,2
12851,2369,2197,2283,172,4566,2
12852,2273,2133,2203,140,4406,2
12855,2306,2068,2187,238,4374,2
12867,2404,2201,2302,203,4605,2
12868,2129,2002,2065,127,4131,2
12871,2193,1930,2061,263,4123,2
12884,2641,2169,2405,472,4810,2
12891,2381,2124,2252,257,4505,2
12894,2103,2105,2104,-2,4208,2
12895,2494,2207,2350,287,4701,2
12899,2338,2245,2291,93,4583,2
12901,2130,1907,2018,223,4037,2
12919,2332,2060,2196,272,4392,2
12925,2379,2239,2309,140,4618,2
12931,2101,2006,2053,95,4107,2
12936,2355,2273,2314,82,4628,2
12938,2483,2040,2261,443,4523,2
12943,2267,1996,2131,271,4263,2
12948,2186,2100,2143,86,4286,2
12953,2339,2103,2221,236,4442,2
12967,2486,2182,2334,304,4668,2
12968,2385,2130,2257,255,4515,2
12969,2571,2063,2317,508,4634,2
12974,2394,2256,2325,138,4650,2
12977,2145,2046,2095,99,4191,2
12982,2246,1985,2115,261,4231,2
12983,2300,1973,2136,327,4273,2
12985,2263,1835,2049,428,4098,2
12988,2371,2146,2258,225,4517,2
12989,2287,2214,2250,73,4501,2
12991,2106,2024,2065,82,4130,2
12994,2523,1742,2132,781,4265,2
12996,2336,1991,2163,345,4327,2
13000,2419,2157,2288,262,4576,2
13004,2236,2143,2189,93,4379,2
13007,2330,1991,2160,339,4321,2
13008,2267,1962,2114,305,4229,2
13009,2259,2060,2159,199,4319,2
13016,2370,1959,2164,411,4329,2
13021,2411,2251,2331,160,4662,2
13026,2313,1753,2033,560,4066,2
13031,2334,2288,2311,46,4622,2
13034,2182,2048,2115,134,4230,2
13035,2304,2102,2203,202,4406,2
13040,2492,2141,2316,351,4633,2
13042,2386,2297,2341,89,4683,2
13052,2427,2074,2250,353,4501,2
13053,2154,2010,2082,144,4164,2
13057,2428,2237,2332,191,4665,2
13058,2291,2118,2204,173,4409,2
13063,2095,2004,2049,91,4099,2
13066,2275,1969,2122,306,4244,2
13067,2369,2196,2282,173,4565,2
13069,2174,1889,2031,285,4063,2
13073,2291,2223,2257,68,4514,2
13078,2176,1968,2072,208,4144,2
13081,2134,1972,2053,162,4106,2
13085,2130,2034,2082,96,4164,2
13086,2156,1946,2051,210,4102,2
13088,2244,2087,2165,157,4331,2
13089,2148,2127,2137,21,4275,2
13099,2472,2229,2350,243,4701,2
13105,2366,2308,2337,58,4674,2
13110,2274,1706,1990,568,3980,2
13118,2408,2257,2332,151,4665,2
13121,2296,1979,2137,317,4275,2
13123,2273,1942,2107,331,4215,2
13124,2378,2203,2290,175,4581,2
13125,2389,2127,2258,262,4516,2
13128,2192,2034,2113,158,4226,2
13132,2406,2194,2300,212,4600,2
13138,2180,1908,2044,272,4088,2
13142,2352,2233,2292,119,4585,2
13145,2288,2190,2239,98,4478,2
13147,2171,2100,2135,71,4271,2
13151,2509,2236,2372,273,4745,2
13152,2306,2010,2158,296,4316,2
13159,2407,2238,2322,169,4645,2
13165,2423,2257,2340,166,4680,2
13167,2124,2054,2089,70,4178,2
13169,2092,2097,2094,-5,4189,2
13170,2303,2098,2200,205,4401,2
13171,2568,2205,2386,363,4773,2
13174,2371,2115,2243,256,4486,2
13179,2269,2095,2182,174,4364,2
13187,2220,1943,2081,277,4163,2
13190,2367,2114,2240,253,4481,2
13192,2161,1973,2067,188,4134,2
13193,2308,1980,2144,328,4288,2
13194,2229,2155,2192,74,4384,2
13195,2271,1820,2045,451,4091,2
13196,2389,2211,2300,178,4600,2
13198,2274,2212,2243,62,4486,2
13200,2479,1991,2235,488,4470,2
13201,2125,1970,2047,155,4095,2
13204,2158,1930,2044,228,4088,2
13205,2244,2232,2238,12,4476,2
13206,2227,2117,2172,110,4344,2
13210,2417,2081,2249,336,4498,2
13215,2173,1983,2078,190,4156,2
13216,2427,2229,2328,198,4656,2
13220,2345,2248,2296,97,4593,2
13221,2474,2239,2356,235,4713,2
13227,2187,2007,2097,180,4194,2
13235,2365,2273,2319,92,4638,2
13237,2381,2068,2224,313,4449,2
13240,2249,2007,2128,242,4256,2
13242,2364,2053,2208,311,4417,2
13245,2472,2190,2331,282,4662,2
13250,2113,2094,2103,19,4207,2
13255,2219,1889,2054,330,4108,2
13257,2137,2049,2093,88,4186,2
13261,2481,1993,2237,488,4474,2
13267,2387,2098,2242,289,4485,2
13276,2093,1975,2034,118,4068,2
13279,2378,2177,2277,201,4555,2
13282,2364,2054,2209,310,4418,2
13288,2427,1913,2170,514,4340,2
13289,2293,1959,2126,334,4252,2
13291,2272,2105,2188,167,4377,2
13298,2222,2118,2170,104,4340,2
13301,2245,1960,2102,285,4205,2
13303,2222,2112,2167,110,4334,2
13311,2440,1995,2217,445,4435,2
13320,2297,2074,2185,223,4371,2
13321,2205,2112,2158,93,4317,2
13330,2588,2175,2381,413,4763,2
13358,2213,2071,2142,142,4284,2
13363,2203,1983,2093,220,4186,2
13365,2185,2156,2170,29,4341,2
13370,2074,2008,2041,66,4082,2
13377,2365,2222,2293,143,4587,2
13381,2520,2229,2374,291,4749,2
13386,2477,1911,2194,566,4388,2
13389,2303,2018,2160,285,4321,2
13391,2238,1885,2061,353,4123,2
13394,2319,2067,2193,252,4386,2
13402,2266,2001,2133,265,4267,2
13404,2361,2197,2279,164,4558,2
13407,2449,2222,2335,227,4671,2
13408,2201,2088,2144,113,4289,2
13409,2119,1993,2056,126,4112,2
13415,2536,2093,2314,443,4629,2
13416,2223,2028,2125,195,4251,2
13417,2149,1939,2044,210,4088,2
13418,2423,2000,2211,423,4423,2
13420,2169,1873,2021,296,4042,2
13423,2347,2209,2278,138,4556,2
13424,2335,2007,2171,328,4342,2
13427,2192,1945,2068,247,4137,2
13428,2270,1875,2072,395,4145,2
13433,2411,2095,2253,316,4506,2
13435,2199,1887,2043,312,4086,2
13441,2349,2086,2217,263,4435,2
13446,2335,2226,2280,109,4561,2
13447,2221,2169,2195,52,4390,2
13449,2421,2054,2237,367,4475,2
13450,2585,1914,2249,671,4499,2
13459,2367,2185,2276,182,4552,2
13462,2368,2114,2241,254,4482,2
13465,2579,2193,2386,386,4772,2
13466,2265,2087,2176,178,4352,2
13467,2411,2166,2288,245,4577,2
13472,2355,1768,2061,587,4123,2
13475,2299,2102,2200,197,4401,2
13485,2495,2179,2337,316,4674,2
13487,2159,2027,2093,132,4186,2
13497,2403,2086,2244,317,4489,2
13498,2221,1954,2087,267,4175,2
13501,2672,2041,2356,631,4713,2
13502,2213,2029,2121,184,4242,2
13512,2280,2060,2170,220,4340,2
13514,2371,2212,2291,159,4583,2
13519,2237,2086,2161,151,4323,2
13520,2439,2036,2237,403,4475,2
13526,2412,2052,2232,360,4464,2
13540,2262,1865,2063,397,4127,2
13542,2404,2273,2338,131,4677,2
13544,2118,2069,2093,49,4187,2
13553,2414,2100,2257,314,4514,2
13556,2237,2166,2201,71,4403,2
13564,2544,2161,2352,383,4705,2
13571,2344,2190,2267,154,4534,2
13574,2227,1955,2091,272,4182,2
13575,2414,2183,2298,231,4597,2
13578,2662,1967,2314,695,4629,2
13581,2150,1870,2010,280,4020,2
13584,2486,2200,2343,286,4686,2
13585,2420,2218,2319,202,4638,2
13587,2340,2104,2222,236,4444,2
13590,2129,2119,2124,10,4248,2
13595,2135,2050,2092,85,4185,2
13604,2358,2250,2304,108,4608,2
13605,2247,1987,2117,260,4234,2
13613,2239,2016,2127,223,4255,2
13614,2293,1855,2074,438,4148,2
13617,2311,2168,2239,143,4479,2
13618,2227,1846,2036,381,4073,2
13622,2248,1785,2016,463,4033,2
13631,2255,2001,2128,254,4256,2
13632,2274,2177,2225,97,4451,2
13633,2473,2157,2315,316,4630,2
13635,2387,1977,2182,410,4364,2
13637,2381,2246,2313,135,4627,2
13638,2251,1997,2124,254,4248,2
13641,2405,2242,2323,163,4647,2
13642,2469,2005,2237,464,4474,2
13643,2331,2162,2246,169,4493,2
13645,2226,2109,2167,117,4335,2
13646,2241,2104,2172,137,4345,2
13653,2159,1966,2062,193,4125,2
13657,2264,2191,2227,73,4455,2
13659,2471,2179,2325,292,4650,2
13668,2426,2232,2329,194,4658,2
13671,2308,2013,2160,295,4321,2
13673,2431,2220,2325,211,4651,2
13675,2299,1947,2123,352,4246,2
13678,2414,2274,2344,140,4688,2
13679,2310,1884,2097,426,4194,2
13683,2185,1845,2015,340,4030,2
13685,2254,2200,2227,54,4454,2
13688,2360,2254,2307,106,4614,2
13689,2298,2100,2199,198,4398,2
13690,2554,1977,2265,577,4531,2
13693,2169,1940,2054,229,4109,2
13699,2196,2130,2163,66,4326,2
13701,2191,1957,2074,234,4148,2
13702,2336,2285,2310,51,4621,2
13704,2311,2248,2279,63,4559,2
13705,2200,2070,2135,130,4270,2
13706,2429,2262,2345,167,4691,2
13707,2421,2037,2229,384,4458,2
13713,2401,2110,2255,291,4511,2
13722,2350,1933,2141,417,4283,2
13738,2356,1937,2146,419,4293,2
13739,2571,2126,2348,445,4697,2
13743,2442,2104,2273,338,4546,2
13746,2311,2132,2221,179,4443,2
13748,2287,2121,2204,166,4408,2
13758,2215,2145,2180,70,4360,2
13767,2293,2069,2181,224,4362,2
13768,2387,1894,2140,493,4281,2
13773,2160,1883,2021,277,4043,2
13775,2682,2101,2391,581,4783,2
13776,2372,2064,2218,308,4436,2
13785,2122,1980,2051,142,4102,2
13790,2558,2067,2312,491,4625,2
13793,2448,2190,2319,258,4638,2
13806,2208,2044,2126,164,4252,2
13807,2202,1940,2071,262,4142,2
13810,2376,2252,2314,124,4628,2
13813,2150,1864,2007,286,4014,2
13836,2303,2049,2176,254,4352,2
13840,2413,1958,2185,455,4371,2
13849,2353,1857,2105,496,4210,2
13855,2399,2231,2315,168,4630,2
13867,2353,2178,2265,175,4531,2
13868,2320,2188,2254,132,4508,2
13869,2334,2135,2234,199,4469,2
13876,2302,1927,2114,375,4229,2
13882,2530,2225,2377,305,4755,2
13888,2308,2112,2210,196,4420,2
13890,2258,2179,2218,79,4437,2
13893,2461,2229,2345,232,4690,2
13895,2265,2190,2227,75,4455,2
13898,2545,2090,2317,455,4635,2
13904,2145,1886,2015,259,4031,2
13906,2308,1971,2139,337,4279,2
13908,2338,2314,2326,24,4652,2
13913,2308,2273,2290,35,4581,2
13920,2228,2081,2154,147,4309,2
13921,2542,2107,2324,435,4649,2
13926,2315,1916,2115,399,4231,2
13929,2393,2200,2296,193,4593,2
13934,2396,2235,2315,161,4631,2
13942,2457,2113,2285,344,4570,2
13943,2278,2094,2186,184,4372,2
13949,2451,2215,2333,236,4666,2
13954,2164,1990,2077,174,4154,2
13958,2105,2105,2105,0,4210,2
13963,2439,2180,2309,259,4619,2
13964,2179,1923,2051,256,4102,2
13966,2308,2182,2245,126,4490,2
13970,2390,2055,2222,335,4445,2
13972,2214,2111,2162,103,4325,2
13980,2390,2187,2288,203,4577,2
13989,2423,2227,2325,196,4650,2
13994,2277,2176,2226,101,4453,2
14008,2265,2238,2251,27,4503,2
14011,2249,2131,2190,118,4380,2
14013,2212,1960,2086,252,4172,2
14014,2367,2231,2299,136,4598,2
14018,2396,2089,2242,307,4485,2
14019,2428,1937,2182,491,4365,2
14022,2214,2183,2198,31,4397,2
14024,2608,2060,2334,548,4668,2
14031,2268,2108,2188,160,4376,2
14032,2380,2092,2236,288,4472,2
14039,2293,2116,2204,177,4409,2
14041,2211,2080,2145,131,4291,2
14047,2358,2217,2287,141,4575,2
14049,2475,2182,2328,293,4657,2
14054,2217,1943,2080,274,4160,2
14056,2275,2233,2254,42,4508,2
14057,2416,2254,2335,162,4670,2
14061,2223,2157,2190,66,4380,2
14065,2256,1939,2097,317,4195,2
14068,2338,2249,2293,89,4587,2
14069,2417,2228,2322,189,4645,2
14076,2246,2092,2169,154,4338,2
14082,2486,1856,2171,630,4342,2
14087,2325,2248,2286,77,4573,2
14095,2213,1994,2103,219,4207,2
14097,2449,2140,2294,309,4589,2
14100,2196,2039,2117,157,4235,2
14104,2223,2018,2120,205,4241,2
14107,2234,2107,2170,127,4341,2
14108,2271,2102,2186,169,4373,2
14110,2322,2223,2272,99,4545,2
14113,2325,2117,2221,208,4442,2
14116,2526,1987,2256,539,4513,2
14125,2492,2134,2313,358,4626,2
14132,2367,2078,2222,289,4445,2
14137,2195,2026,2110,169,4221,2
14140,2311,2185,2248,126,4496,2
14142,2275,1928,2101,347,4203,2
14147,2433,2131,2282,302,4564,2
14151,2433,2242,2337,191,4675,2
14152,2109,2058,2083,51,4167,2
14154,2399,2245,2322,154,4644,2
14158,2195,1955,2075,240,4150,2
14162,2164,1908,2036,256,4072,2
14163,2448,2143,2295,305,4591,2
14170,2269,1985,2127,284,4254,2
14171,2270,2003,2136,267,4273,2
14173,2315,2244,2279,71,4559,2
14174,2208,2050,2129,158,4258,2
14175,2309,2079,2194,230,4388,2
14176,2285,2008,2146,277,4293,2
14178,2280,1915,2097,365,4195,2
14183,2270,1740,2005,530,4010,2
14189,2317,2010,2163,307,4327,2
14190,2148,1940,2044,208,4088,2
14193,2430,2073,2251,357,4503,2
14194,2422,2247,2334,175,4669,2
14200,2073,2077,2075,-4,4150,2
14201,2296,2270,2283,26,4566,2
14204,2384,1838,2111,546,4222,2
14205,2268,2154,2211,114,4422,2
14206,2221,2059,2140,162,4280,2
14208,2410,1931,2170,479,4341,2
14209,2257,2103,2180,154,4360,2
14216,2304,2083,2193,221,4387,2
14217,2212,1973,2092,239,4185,2
14221,2270,2051,2160,219,4321,2
14227,2391,2245,2318,146,4636,2
14228,2154,2003,2078,151,4157,2
14230,2163,2143,2153,20,4306,2
14234,2557,2092,2324,465,4649,2
14235,2306,2039,2172,267,4345,2
14239,2431,2173,2302,258,4604,2
14244,2553,1971,2262,582,4524,2
14247,2261,2153,2207,108,4414,2
14250,2639,2144,2391,495,4783,2
14254,2341,2214,2277,127,4555,2
14256,2363,2018,2190,345,4381,2
14264,2172,2012,2092,160,4184,2
14268,2476,2239,2357,237,4715,2
14274,2357,2273,2315,84,4630,2
14279,2200,2127,2163,73,4327,2
14281,2380,2223,2301,157,4603,2
14283,2381,2290,2335,91,4671,2
14284,2362,2231,2296,131,4593,2
14285,2245,2163,2204,82,4408,2
14292,2257,2057,2157,200,4314,2
14294,2274,2115,2194,159,4389,2
14297,2225,2117,2171,108,4342,2
14302,2159,2021,2090,138,4180,2
14303,2519,2199,2359,320,4718,2
14304,2198,2036,2117,162,4234,2
14312,2377,2293,2335,84,4670,2
14313,2325,2086,2205,239,4411,2
14319,2286,1817,2051,469,4103,2
14321,2386,2093,2239,293,4479,2
14326,2259,1917,2088,342,4176,2
14327,2354,2265,2309,89,4619,2
14330,2341,2288,2314,53,4629,2
14332,2423,2043,2233,380,4466,2
14338,2301,2187,2244,114,4488,2
14339,2304,2145,2224,159,4449,2
14343,2254,2241,2247,13,4495,2
14347,2333,2263,2298,70,4596,2
14352,2185,1808,1996,377,3993,2
14353,2392,1952,2172,440,4344,2
14354,2567,2179,2373,388,4746,2
14356,2357,2160,2258,197,4517,2
14361,2295,1959,2127,336,4254,2
14364,2266,1997,2131,269,4263,2
14367,2343,2081,2212,262,4424,2
14371,2270,2028,2149,242,4298,2
14372,2295,2016,2155,279,4311,2
14384,2193,1895,2044,298,4088,2
14391,2346,2285,2315,61,4631,2
14402,2285,2167,2226,118,4452,2
14409,2375,2201,2288,174,4576,2
14413,2271,2085,2178,186,4356,2
14416,2372,2176,2274,196,4548,2
14417,2347,2288,2317,59,4635,2
14419,2312,1827,2069,485,4139,2
14432,2258,2178,2218,80,4436,2
14448,2327,2073,2200,254,4400,2
14452,2191,1972,2081,219,4163,2
14458,2204,2044,2124,160,4248,2
14462,2317,2236,2276,81,4553,2
14463,2288,2123,2205,165,4411,2
14471,2114,1955,2034,159,4069,2
14482,2353,2295,2324,58,4648,2
14488,2376,2018,2197,358,4394,2
14493,2131,1988,2059,143,4119,2
14503,2618,2097,2357,521,4715,2
14504,2116,2001,2058,115,4117,2
14509,2109,2071,2090,38,4180,2
14512,2290,2007,2148,283,4297,2
14528,2184,2156,2170,28,4340,2
14530,2219,2129,2174,90,4348,2
14538,2221,1941,2081,280,4162,2
14540,2218,1929,2073,289,4147,2
14541,2248,2082,2165,166,4330,2
14544,2440,2254,2347,186,4694,2
14547,2260,2068,2164,192,4328,2
14549,2527,2006,2266,521,4533,2
14550,2532,2124,2328,408,4656,2
14551,2214,2111,2162,103,4325,2
14554,2256,2067,2161,189,4323,2
14559,2340,2223,2281,117,4563,2
14561,2138,1903,2020,235,4041,2
14562,2189,1890,2039,299,4079,2
14563,2141,2039,2090,102,4180,2
14565,2177,2137,2157,40,4314,2
14567,2217,2060,2138,157,4277,2
14576,2382,1762,2072,620,4144,2
14591,2426,2018,2222,408,4444,2
14592,2268,1910,2089,358,4178,2
14593,2393,2180,2286,213,4573,2
14594,2332,2299,2315,33,4631,2
14596,2163,1937,2050,226,4100,2
14615,2199,2006,2102,193,4205,2
14616,2324,2135,2229,189,4459,2
14625,2394,2006,2200,388,4400,2
14628,2297,2244,2270,53,4541,2
14630,2144,1885,2014,259,4029,2
14632,2326,2181,2253,145,4507,2
14634,2194,2067,2130,127,4261,2
14636,2290,1770,2030,520,4060,2
14640,2313,2167,2240,146,4480,2
14649,2204,2113,2158,91,4317,2
14650,2319,2175,2247,144,4494,2
14653,2168,1927,2047,241,4095,2
14658,2142,1917,2029,225,4059,2
14670,2179,2128,2153,51,4307,2
14672,2227,2118,2172,109,4345,2
14673,2237,1950,2093,287,4187,2
14679,2283,1886,2084,397,4169,2
14680,2317,2285,2301,32,4602,2
14683,2163,2031,2097,132,4194,2
14684,2298,2262,2280,36,4560,2
14686,2403,2233,2318,170,4636,2
14689,2163,1935,2049,228,4098,2
14693,2124,2012,2068,112,4136,2
14694,2245,1854,2049,391,4099,2
14695,2235,2073,2154,162,4308,2
14697,2203,2107,2155,96,4310,2
14704,2404,2214,2309,190,4618,2
14714,2271,2202,2236,69,4473,2
14721,2388,2196,2292,192,4584,2
14723,2499,2232,2365,267,4731,2
14732,2373,1940,2156,433,4313,2
14735,2368,2096,2232,272,4464,2
14737,2385,2094,2239,291,4479,2
14738,2536,2049,2292,487,4585,2
14739,2356,1788,2072,568,4144,2
14741,2657,1988,2322,669,4645,2
14762,2079,2023,2051,56,4102,2
14771,2485,1775,2130,710,4260,2
14772,2362,2149,2255,213,4511,2
14774,2281,1924,2102,357,4205,2
14775,2129,2076,2102,53,4205,2
14777,2400,2145,2272,255,4545,2
14782,2343,2093,2218,250,4436,2
14783,2358,2036,2197,322,4394,2
14792,2372,2182,2277,190,4554,2
14793,2486,2242,2364,244,4728,2
14799,2147,1981,2064,166,4128,2
14802,2280,2264,2272,16,4544,2
14806,2174,2108,2141,66,4282,2
14808,2219,2040,2129,179,4259,2
14811,2204,2107,2155,97,4311,2
14818,2186,1994,2090,192,4180,2
14826,2128,1995,2061,133,4123,2
14831,2300,2256,2278,44,4556,2
14837,2133,1919,2026,214,4052,2
14838,2272,2057,2164,215,4329,2
14841,2602,2068,2335,534,4670,2
14842,2305,2053,2179,252,4358,2
14843,2485,2022,2253,463,4507,2
14845,2185,1978,2081,207,4163,2
14852,2325,2253,2289,72,4578,2
14853,2404,2239,2321,165,4643,2
14855,2440,2174,2307,266,4614,2
14860,2317,2100,2208,217,4417,2
14862,2338,2210,2274,128,4548,2
14865,2470,1968,2219,502,4438,2
14866,2230,2112,2171,118,4342,2
14867,2326,2197,2261,129,4523,2
14868,2316,2258,2287,58,4574,2
14870,2275,2133,2204,142,4408,2
14874,2406,2202,2304,204,4608,2
14878,2413,2249,2331,164,4662,2
14880,2275,2204,2239,71,4479,2
14881,2242,2071,2156,171,4313,2
14882,2142,1981,2061,161,4123,2
14889,2299,1663,1981,636,3962,2
14891,2438,2182,2310,256,4620,2
14899,2307,2270,2288,37,4577,2
14907,2390,2016,2203,374,4406,2
14912,2365,2249,2307,116,4614,2
14917,2282,2158,2220,124,4440,2
14924,2391,2231,2311,160,4622,2
14926,2348,2318,2333,30,4666,2
14932,2236,2143,2189,93,4379,2
14933,2170,2110,2140,60,4280,2
14939,2157,2058,2107,99,4215,2
14944,2269,1860,2064,409,4129,2
14959,2482,2221,2351,261,4703,2
14962,2239,2021,2130,218,4260,2
14963,2410,2098,2254,312,4508,2
14967,2579,2063,2321,516,4642,2
14971,2677,2140,2408,537,4817,2
14974,2399,2069,2234,330,4468,2
14984,2375,2147,2261,228,4522,2
14996,2444,2258,2351,186,4702,2
15001,2218,1967,2092,251,4185,2
15002,2222,2215,2218,7,4437,2
15015,2332,2056,2194,276,4388,2
15023,2363,2162,2262,201,4525,2
15028,2602,2029,2315,573,4631,2
15035,2235,1967,2101,268,4202,2
15041,2105,2080,2092,25,4185,2
15042,2345,2195,2270,150,4540,2
15055,2140,1999,2069,141,4139,2
15057,2404,2114,2259,290,4518,2
15058,2225,2047,2136,178,4272,2
15061,2298,2136,2217,162,4434,2
15062,2226,1990,2108,236,4216,2
15064,2228,2211,2219,17,4439,2
15071,2207,2120,2163,87,4327,2
15077,2433,2199,2316,234,4632,2
15082,2455,2052,2253,403,4507,2
15084,2289,1946,2117,343,4235,2
15089,2174,1868,2021,306,4042,2
15092,2334,2220,2277,114,4554,2
15094,2408,2238,2323,170,4646,2
15105,2196,1958,2077,238,4154,2
15106,2213,2007,2110,206,4220,2
15118,2414,2267,2340,147,4681,2
15126,2434,2193,2313,241,4627,2
15128,2109,1941,2025,168,4050,2
15129,2413,2099,2256,314,4512,2
15132,2288,1753,2020,535,4041,2
15133,2405,1653,2029,752,4058,2
15137,2460,2202,2331,258,4662,2
15139,2163,2060,2111,103,4223,2
15140,2610,1871,2240,739,4481,2
15147,2509,2174,2341,335,4683,2
15148,2214,2057,2135,157,4271,2
15156,2132,2081,2106,51,4213,2
15157,2261,1987,2124,274,4248,2
15160,2339,2051,2195,288,4390,2
15164,2291,2129,2210,162,4420,2
15169,2308,2088,2198,220,4396,2
15181,2250,1972,2111,278,4222,2
15184,2364,2029,2196,335,4393,2
15185,2224,2205,2214,19,4429,2
15188,2182,2126,2154,56,4308,2
15190,2120,2110,2115,10,4230,2
15193,2166,2090,2128,76,4256,2
15194,2318,2206,2262,112,4524,2
15200,2327,2217,2272,110,4544,2
15205,2303,2222,2262,81,4525,2
15208,2139,1928,2033,211,4067,2
15211,2477,2207,2342,270,4684,2
15215,2262,2034,2148,228,4296,2
15218,2144,1942,2043,202,4086,2
15225,2230,2169,2199,61,4399,2
15231,2469,2097,2283,372,4566,2
15232,2473,2172,2322,301,4645,2
15235,2134,2107,2120,27,4241,2
15236,2221,2076,2148,145,4297,2
15238,2585,1965,2275,620,4550,2
15240,2172,2113,2142,59,4285,2
15257,2327,1799,2063,528,4126,2
15258,2235,2090,2162,145,4325,2
15260,2440,2160,2300,280,4600,2
15261,2508,2202,2355,306,4710,2
15262,2212,1949,2080,263,4161,2
15266,2293,2114,2203,179,4407,2
15267,2282,1677,1979,605,3959,2
15269,2429,2219,2324,210,4648,2
15271,2269,2060,2164,209,4329,2
15275,2206,1976,2091,230,4182,2
15276,2520,2213,2366,307,4733,2
15281,2444,2221,2332,223,4665,2
15282,2386,2255,2320,131,4641,2
15288,2334,2182,2258,152,4516,2
15290,2086,1991,2038,95,4077,2
15301,2362,2125,2243,237,4487,2
15306,2562,2185,2373,377,4747,2
15311,2427,2036,2231,391,4463,2
15312,2140,1982,2061,158,4122,2
15313,2301,2249,2275,52,4550,2
15315,2048,2046,2047,2,4094,2
15316,2241,2129,2185,112,4370,2
15318,2357,2122,2239,235,4479,2
15324,2289,2108,2198,181,4397,2
15326,2387,2219,2303,168,4606,2
15330,2341,2321,2331,20,4662,2
15332,2237,2117,2177,120,4354,2
15337,2577,2191,2384,386,4768,2
15344,2340,2321,2330,19,4661,2
15345,2460,2017,2238,443,4477,2
15350,2379,2089,2234,290,4468,2
15357,2406,2207,2306,199,4613,2
15360,2310,2209,2259,101,4519,2
15361,2229,1968,2098,261,4197,2
15363,2327,2308,2317,19,4635,2
15368,2285,2142,2213,143,4427,2
15371,2138,1954,2046,184,4092,2
15375,2339,2322,2330,17,4661,2
15377,2298,2212,2255,86,4510,2
15381,2311,1984,2147,327,4295,2
15399,2356,2036,2196,320,4392,2
15406,2229,2138,2183,91,4367,2
15412,2202,2118,2160,84,4320,2
15414,2461,2125,2293,336,4586,2
15415,2521,2218,2369,303,4739,2
15419,2265,2079,2172,186,4344,2
15423,2384,2265,2324,119,4649,2
15426,2233,2015,2124,218,4248,2
15429,2295,2210,2252,85,4505,2
15432,2148,1870,2009,278,4018,2
15433,2399,2227,2313,172,4626,2
15434,2188,2017,2102,171,4205,2
15441,2307,2216,2261,91,4523,2
15442,2214,1879,2046,335,4093,2
15446,2206,2187,2196,19,4393,2
15452,2460,2172,2316,288,4632,2
15453,2172,1979,2075,193,4151,2
15454,2557,2178,2367,379,4735,2
15459,2345,2154,2249,191,4499,2
15466,2249,2095,2172,154,4344,2
15467,2319,2115,2217,204,4434,2
15486,2317,2257,2287,60,4574,2
15489,2362,2205,2283,157,4567,2
15496,2304,2229,2266,75,4533,2
15497,2345,2175,2260,170,4520,2
15501,2317,2203,2260,114,4520,2
15505,2273,2259,2266,14,4532,2
15506,2210,1995,2102,215,4205,2
15510,2196,2077,2136,119,4273,2
15524,2158,2012,2085,146,4170,2
15525,2334,2304,2319,30,4638,2
15533,2422,2259,2340,163,4681,2
15534,2166,1939,2052,227,4105,2
15537,2466,2072,2269,394,4538,2
15541,2489,1977,2233,512,4466,2
15555,2409,2179,2294,230,4588,2
15564,2347,2189,2268,158,4536,2
15566,2317,1972,2144,345,4289,2
15580,2222,2144,2183,78,4366,2
15581,2394,2106,2250,288,4500,2
15583,2226,2057,2141,169,4283,2
15586,2237,1952,2094,285,4189,2
15592,2621,2150,2385,471,4771,2
15594,2274,2069,2171,205,4343,2
15599,2215,1960,2087,255,4175,2
15614,2525,2122,2323,403,4647,2
15619,2097,2017,2057,80,4114,2
15621,2426,2233,2329,193,4659,2
15631,2183,2062,2122,121,4245,2
15639,2297,2213,2255,84,4510,2
15640,2355,2072,2213,283,4427,2
15654,2443,2252,2347,191,4695,2
15656,2335,2002,2168,333,4337,2
15663,2311,2295,2303,16,4606,2
15668,2363,2149,2256,214,4512,2
15669,2358,2132,2245,226,4490,2
15672,2487,2248,2367,239,4735,2
15677,2535,2147,2341,388,4682,2
15678,2237,1956,2096,281,4193,2
15679,2200,1964,2082,236,4164,2
15680,2221,2016,2118,205,4237,2
15681,2463,2213,2338,250,4676,2
15684,2529,2001,2265,528,4530,2
15694,2434,2200,2317,234,4634,2
15696,2326,2255,2290,71,4581,2
15702,2357,2239,2298,118,4596,2
15704,2245,2036,2140,209,4281,2
15706,2252,1965,2108,287,4217,2
15711,2169,1981,2075,188,4150,2
15712,2194,1920,2057,274,4114,2
15716,2328,2148,2238,180,4476,2
15719,2325,2167,2246,158,4492,2
15720,2263,2109,2186,154,4372,2
15727,2263,2227,2245,36,4490,2
15733,2329,2104,2216,225,4433,2
15743,2153,2129,2141,24,4282,2
15744,2311,1944,2127,367,4255,2
15747,2272,2048,2160,224,4320,2
15752,2275,1845,2060,430,4120,2
15759,2430,2275,2352,155,4705,2
15760,2362,2026,2194,336,4388,2
15763,2490,2007,2248,483,4497,2
15766,2298,2165,2231,133,4463,2
15770,2210,1834,2022,376,4044,2
15771,2137,2002,2069,135,4139,2
15775,2496,2142,2319,354,4638,2
15776,2367,2134,2250,233,4501,2
15779,2328,2140,2234,188,4468,2
15780,2227,2166,2196,61,4393,2
15782,2274,1839,2056,435,4113,2
15785,2546,2143,2344,403,4689,2
15786,2183,2021,2102,162,4204,2
15796,2410,2216,2313,194,4626,2
15797,2321,2264,2292,57,4585,2
15813,2254,1707,1980,547,3961,2
15817,2425,2256,2340,169,4681,2
15821,2299,1776,2037,523,4075,2
15828,2263,2002,2132,261,4265,2
15833,2366,2239,2302,127,4605,2
15841,2381,2130,2255,251,4511,2
15846,2436,2032,2234,404,4468,2
15848,2289,2242,2265,47,4531,2
15849,2423,2224,2323,199,4647,2
15850,2421,2268,2344,153,4689,2
15852,2123,1944,2033,179,4067,2
15855,2351,2050,2200,301,4401,2
15861,2474,2223,2348,251,4697,2
15862,2117,2069,2093,48,4186,2
15865,2359,2276,2317,83,4635,2
15868,2503,1826,2164,677,4329,2
15870,2188,2006,2097,182,4194,2
15871,2321,1985,2153,336,4306,2
15874,2496,2196,2346,300,4692,2
15880,2368,2304,2336,64,4672,2
15898,2291,2086,2188,205,4377,2
15902,2120,2003,2061,117,4123,2
15908,2256,2014,2135,242,4270,2
15911,2285,2208,2246,77,4493,2
15914,2449,1891,2170,558,4340,2
15949,2419,2069,2244,350,4488,2
15951,2273,2124,2198,149,4397,2
15958,2439,1952,2195,487,4391,2
15963,2333,2231,2282,102,4564,2
15972,2316,1882,2099,434,4198,2
15974,2449,2099,2274,350,4548,2
15975,2224,2038,2131,186,4262,2
15980,2382,2005,2193,377,4387,2
15982,2107,2095,2101,12,4202,2
15988,2366,2164,2265,202,4530,2
15991,2304,2116,2210,188,4420,2
15992,2259,1993,2126,266,4252,2
15994,2423,1932,2177,491,4355,2
16002,2506,2195,2350,311,4701,2
16004,2216,2096,2156,120,4312,2
16012,2375,2037,2206,338,4412,2
16025,2214,1929,2071,285,4143,2
16029,2297,2210,2253,87,4507,2
16032,2217,2124,2170,93,4341,2
16038,2320,1873,2096,447,4193,2
16041,2307,2039,2173,268,4346,2
16049,2243,2216,2229,27,4459,2
16053,2216,2179,2197,37,4395,2
16055,2236,1852,2044,384,4088,2
16058,2339,2078,2208,261,4417,2
16064,2239,2088,2163,151,4327,2
16066,2189,1978,2083,211,4167,2
16068,2377,2176,2276,201,4553,2
16070,2404,2159,2281,245,4563,2
16075,2145,2115,2130,30,4260,2
16077,2164,2135,2149,29,4299,2
16090,2454,2183,2318,271,4637,2
16094,2282,2135,2208,147,4417,2
16097,2101,1966,2033,135,4067,2
16098,2407,2112,2259,295,4519,2
16099,2193,1820,2006,373,4013,2
16103,2227,1987,2107,240,4214,2
16107,2408,2281,2344,127,4689,2
16111,2320,1981,2150,339,4301,2
16115,2389,2126,2257,263,4515,2
16120,2187,2116,2151,71,4303,2
16130,2306,2210,2258,96,4516,2
16132,2213,1835,2024,378,4048,2
16136,2254,2049,2151,205,4303,2
16139,2200,2169,2184,31,4369,2
16141,2406,2260,2333,146,4666,2
16142,2455,2021,2238,434,4476,2
16146,2239,1959,2099,280,4198,2
16147,2302,2211,2256,91,4513,2
16148,2274,2156,2215,118,4430,2
16150,2527,2218,2372,309,4745,2
16154,2415,2203,2309,212,4618,2
16157,2490,2209,2349,281,4699,2
16165,2382,2165,2273,217,4547,2
16166,2261,2003,2132,258,4264,2
16169,2282,2028,2155,254,4310,2
16170,2298,1783,2040,515,4081,2
16172,2248,1882,2065,366,4130,2
16174,2337,2034,2185,303,4371,2
16175,2232,1951,2091,281,4183,2
16177,2267,2003,2135,264,4270,2
16180,2132,1966,2049,166,4098,2
16182,2350,2262,2306,88,4612,2
16188,2400,2277,2338,123,4677,2
16195,2238,1911,2074,327,4149,2
16198,2148,1943,2045,205,4091,2
16200,2243,2059,2151,184,4302,2
16202,2382,2129,2255,253,4511,2
16204,2406,2108,2257,298,4514,2
16211,2183,1872,2027,311,4055,2
16212,2511,2104,2307,407,4615,2
16213,2266,2177,2221,89,4443,2
16215,2242,2053,2147,189,4295,2
16218,2371,2048,2209,323,4419,2
16226,2303,2270,2286,33,4573,2
16232,2494,2216,2355,278,4710,2
16234,2565,2204,2384,361,4769,2
16237,2347,2229,2288,118,4576,2
16243,2520,2125,2322,395,4645,2
16246,2373,1963,2168,410,4336,2
16252,2368,2099,2233,269,4467,2
16253,2111,2094,2102,17,4205,2
16255,2486,2232,2359,254,4718,2
16257,2270,2142,2206,128,4412,2
16261,2282,2133,2207,149,4415,2
16264,2401,2165,2283,236,4566,2
16265,2226,2107,2166,119,4333,2
16267,2278,2197,2237,81,4475,2
16274,2166,1915,2040,251,4081,2
16277,2635,2130,2382,505,4765,2
16280,2089,2064,2076,25,4153,2
16282,2413,2198,2305,215,4611,2
16286,2124,1926,2025,198,4050,2
16289,2231,2048,2139,183,4279,2
16293,2366,2184,2275,182,4550,2
16294,2291,2102,2196,189,4393,2
16309,2377,2128,2252,249,4505,2
16324,2348,2272,2310,76,4620,2
16332,2361,2262,2311,99,4623,2
16335,2221,1972,2096,249,4193,2
16339,2169,2168,2168,1,4337,2
16341,2348,1606,1977,742,3954,2
16343,2133,2070,2101,63,4203,2
16346,2328,2123,2225,205,4451,2
16347,2324,2049,2186,275,4373,2
16350,2245,1966,2105,279,4211,2
16365,2523,2093,2308,430,4616,2
16370,2326,2296,2311,30,4622,2
16373,2174,1952,2063,222,4126,2
16379,2285,2222,2253,63,4507,2
16382,2350,2135,2242,215,4485,2
16393,2134,2055,2094,79,4189,2
16394,2219,2027,2123,192,4246,2
16397,2489,2188,2338,301,4677,2
16411,2358,2260,2309,98,4618,2
16413,2563,2013,2288,550,4576,2
16415,2311,2225,2268,86,4536,2
16417,2351,2195,2273,156,4546,2
16432,2661,1972,2316,689,4633,2
16433,2472,2166,2319,306,4638,2
16437,2352,2155,2253,197,4507,2
16442,2391,2161,2276,230,4552,2
16443,2199,1798,1998,401,3997,2
16444,2329,2209,2269,120,4538,2
16445,2247,2040,2143,207,4287,2
16450,2456,2115,2285,341,4571,2
16452,2295,2211,2253,84,4506,2
16455,2342,2043,2192,299,4385,2
16456,2224,2055,2139,169,4279,2
16457,2331,2014,2172,317,4345,2
16458,2186,2115,2150,71,4301,2
16459,2492,2092,2292,400,4584,2
16465,2344,2199,2271,145,4543,2
16467,2408,2126,2267,282,4534,2
16472,2212,2025,2118,187,4237,2
16479,2181,2098,2139,83,4279,2
16484,2205,2029,2117,176,4234,2
16485,2187,1968,2077,219,4155,2
16489,2293,2062,2177,231,4355,2
16490,2249,2011,2130,238,4260,2
16491,2297,2046,2171,251,4343,2
16492,2359,2074,2216,285,4433,2
16502,2488,2222,2355,266,4710,2
16505,2377,2114,2245,263,4491,2
16508,2372,1998,2185,374,4370,2
16509,2244,2093,2168,151,4337,2
16510,2286,2237,2261,49,4523,2
16517,2590,2168,2379,422,4758,2
16519,2394,2135,2264,259,4529,2
16523,2415,2133,2274,282,4548,2
16530,2317,2244,2280,73,4561,2
16531,2306,2025,2165,281,4331,2
16533,2512,2188,2350,324,4700,2
16539,2554,1875,2214,679,4429,2
16540,2345,2257,2301,88,4602,2
16541,2314,2244,2279,70,4558,2
16542,2408,2236,2322,172,4644,2
16546,2182,2054,2118,128,4236,2
16554,2196,1852,2024,344,4048,2
16555,2174,1971,2072,203,4145,2
16558,2394,1880,2137,514,4274,2
16559,2149,1898,2023,251,4047,2
16562,2237,2102,2169,135,4339,2
16564,2279,1878,2078,401,4157,2
16579,2315,2261,2288,54,4576,2
16586,2295,1851,2073,444,4146,2
16593,2349,2120,2234,229,4469,2
16594,2296,2220,2258,76,4516,2
16598,2154,2149,2151,5,4303,2
16600,2388,2203,2295,185,4591,2
16602,2334,2156,2245,178,4490,2
16605,2108,1952,2030,156,4060,2
16609,2450,2199,2324,251,4649,2
16610,2420,1823,2121,597,4243,2
16613,2330,2239,2284,91,4569,2
16616,2059,2031,2045,28,4090,2
16622,2290,2063,2176,227,4353,2
16625,2213,1937,2075,276,4150,2
16631,2256,1876,2066,380,4132,2
16633,2458,2120,2289,338,4578,2
16635,2140,2051,2095,89,4191,2
16637,2329,1909,2119,420,4238,2
16644,2232,1861,2046,371,4093,2
16648,2178,2135,2156,43,4313,2
16651,2440,2085,2262,355,4525,2
16657,2201,2145,2173,56,4346,2
16658,2380,2233,2306,147,4613,2
16662,2255,1996,2125,259,4251,2
16667,2376,2236,2306,140,4612,2
16674,2211,2040,2125,171,4251,2
16676,2392,1936,2164,456,4328,2
16678,2215,1925,2070,290,4140,2
16681,2276,2059,2167,217,4335,2
16684,2284,2236,2260,48,4520,2
16688,2242,2180,2211,62,4422,2
16689,2418,2142,2280,276,4560,2
16690,2364,2118,2241,246,4482,2
16691,2332,2086,2209,246,4418,2
16696,2340,2033,2186,307,4373,2
16710,2227,1988,2107,239,4215,2
16712,2506,2009,2257,497,4515,2
16718,2544,2059,2301,485,4603,2
16724,2268,2203,2235,65,4471,2
16729,2219,2038,2128,181,4257,2
16738,2305,2138,2221,167,4443,2
16739,2264,1937,2100,327,4201,2
16741,2096,2008,2052,88,4104,2
16742,2455,2145,2300,310,4600,2
16747,2422,2247,2334,175,4669,2
16748,2195,2080,2137,115,4275,2
16749,2132,1967,2049,165,4099,2
16751,2433,1796,2114,637,4229,2
16753,2307,2221,2264,86,4528,2
16766,2247,2100,2173,147,4347,2
16768,2297,2238,2267,59,4535,2
16774,2211,1927,2069,284,4138,2
16779,2282,2041,2161,241,4323,2
16786,2203,1987,2095,216,4190,2
16788,2100,2098,2099,2,4198,2
16793,2458,2085,2271,373,4543,2
16797,2487,2208,2347,279,4695,2
16801,2360,2212,2286,148,4572,2
16805,2670,2132,2401,538,4802,2
16806,2261,2161,2211,100,4422,2
16813,2158,2003,2080,155,4161,2
16816,2250,2063,2156,187,4313,2
16818,2365,2002,2183,363,4367,2
16820,2161,1975,2068,186,4136,2
16821,2312,2285,2298,27,4597,2
16823,2150,2089,2119,61,4239,2
16827,2225,2129,2177,96,4354,2
16830,2255,2002,2128,253,4257,2
16833,2237,1872,2054,365,4109,2
16834,2460,2162,2311,298,4622,2
16838,2234,2201,2217,33,4435,2
16840,2414,2246,2330,168,4660,2
16849,2415,2224,2319,191,4639,2
16863,2554,2174,2364,380,4728,2
16868,2409,2241,2325,168,4650,2
16869,2348,2119,2233,229,4467,2
16886,2328,2123,2225,205,4451,2
16888,2108,2012,2060,96,4120,2
16895,2628,2105,2366,523,4733,2
16901,2315,2081,2198,234,4396,2
16906,2263,2008,2135,255,4271,2
16914,2398,2119,2258,279,4517,2
16915,2115,2096,2105,19,4211,2
16918,2435,2017,2226,418,4452,2
16920,2227,1832,2029,395,4059,2
16923,2480,2225,2352,255,4705,2
16927,2384,2180,2282,204,4564,2
16935,2268,2064,2166,204,4332,2
16938,2394,2120,2257,274,4514,2
16941,2305,2184,2244,121,4489,2
16952,2237,2016,2126,221,4253,2
16959,2200,2017,2108,183,4217,2
16963,2463,1997,2230,466,4460,2
16964,2484,2241,2362,243,4725,2
16970,2113,1941,2027,172,4054,2
16971,2510,2198,2354,312,4708,2
16982,2429,2198,2313,231,4627,2
16984,2117,2013,2065,104,4130,2
16989,2267,2046,2156,221,4313,2
16992,2564,2065,2314,499,4629,2
16993,2394,2078,2236,316,4472,2
16998,2387,2253,2320,134,4640,2
17001,2474,1937,2205,537,4411,2
17011,2172,2042,2107,130,4214,2
17033,2433,2220,2326,213,4653,2
17035,2055,2051,2053,4,4106,2
17039,2252,2143,2197,109,4395,2
17041,2635,2072,2353,563,4707,2
17043,2564,1999,2281,565,4563,2
17051,2360,2263,2311,97,4623,2
17053,2471,2253,2362,218,4724,2
17063,2100,2068,2084,32,4168,2
17068,2136,2014,2075,122,4150,2
17070,2281,2118,2199,163,4399,2
17072,2499,2220,2359,279,4719,2
17075,2353,2220,2286,133,4573,2
17082,2248,2111,2179,137,4359,2
17086,2355,2087,2221,268,4442,2
17089,2189,2107,2148,82,4296,2
17093,2338,2108,2223,230,4446,2
17105,2410,2000,2205,410,4410,2
17106,2300,2221,2260,79,4521,2
17109,2161,2031,2096,130,4192,2
17127,2203,2021,2112,182,4224,2
17131,2203,2078,2140,125,4281,2
17132,2129,1931,2030,198,4060,2
17135,2318,2202,2260,116,4520,2
17136,2211,1964,2087,247,4175,2
17138,2296,2098,2197,198,4394,2
17140,2393,2263,2328,130,4656,2
17141,2259,1983,2121,276,4242,2
17143,2214,2123,2168,91,4337,2
17150,2313,2292,2302,21,4605,2
17152,2232,2201,2216,31,4433,2
17153,2256,2150,2203,106,4406,2
17155,2236,1934,2085,302,4170,2
17158,2352,2303,2327,49,4655,2
17159,2227,2052,2139,175,4279,2
17164,2151,1966,2058,185,4117,2
17167,2061,2057,2059,4,4118,2
17172,2525,2091,2308,434,4616,2
17177,2284,2224,2254,60,4508,2
17182,2287,2071,2179,216,4358,2
17184,2171,1855,2013,316,4026,2
17186,2143,1997,2070,146,4140,2
17195,2210,2103,2156,107,4313,2
17198,2329,2132,2230,197,4461,2
17199,2450,1787,2118,663,4237,2
17206,2171,1862,2016,309,4033,2
17211,2278,2027,2152,251,4305,2
17220,2087,1985,2036,102,4072,2
17222,2342,2261,2301,81,4603,2
17223,2366,2269,2317,97,4635,2
17228,2343,2268,2305,75,4611,2
17229,2318,2231,2274,87,4549,2
17234,2284,2079,2181,205,4363,2
17236,2200,2042,2121,158,4242,2
17241,2438,2265,2351,173,4703,2
17247,2314,2204,2259,110,4518,2
17258,2415,2220,2317,195,4635,2
17260,2161,1946,2053,215,4107,2
17261,2298,1986,2142,312,4284,2
17270,2144,1965,2054,179,4109,2
17272,2361,1879,2120,482,4240,2
17278,2157,2081,2119,76,4238,2
17282,2562,1604,2083,958,4166,2
17297,2423,2158,2290,265,4581,2
17299,2272,2041,2156,231,4313,2
17301,2262,1997,2129,265,4259,2
17306,2382,1901,2141,481,4283,2
17311,2328,1991,2159,337,4319,2
17320,2460,1850,2155,610,4310,2
17325,2450,2250,2350,200,4700,2
17335,2284,1836,2060,448,4120,2
17338,2259,2219,2239,40,4478,2
17339,2480,2191,2335,289,4671,2
17342,2177,2157,2167,20,4334,2
17345,2404,2135,2269,269,4539,2
17346,2434,2123,2278,311,4557,2
17350,2454,2123,2288,331,4577,2
17351,2342,2135,2238,207,4477,2
17352,2290,2220,2255,70,4510,2
17359,2341,2189,2265,152,4530,2
17363,2235,2201,2218,34,4436,2
17365,2247,1893,2070,354,4140,2
17370,2334,1912,2123,422,4246,2
17371,2462,2148,2305,314,4610,2
17372,2231,2020,2125,211,4251,2
17373,2344,2206,2275,138,4550,2
17378,2474,2064,2269,410,4538,2
17382,2405,2179,2292,226,4584,2
17385,2385,2297,2341,88,4682,2
17387,2337,1867,2102,470,4204,2
17392,2221,2182,2201,39,4403,2
17394,2369,2146,2257,223,4515,2
17398,2354,2129,2241,225,4483,2
17400,2341,1998,2169,343,4339,2
17401,2456,2170,2313,286,4626,2
17406,2353,2188,2270,165,4541,2
17415,2200,2067,2133,133,4267,2
17419,2328,2190,2259,138,4518,2
17420,2500,2034,2267,466,4534,2
17429,2263,2209,2236,54,4472,2
17430,2350,2099,2224,251,4449,2
17435,2683,2081,2382,602,4764,2
17439,2288,2084,2186,204,4372,2
17441,2169,1916,2042,253,4085,2
17445,2359,2312,2335,47,4671,2
17455,2213,2159,2186,54,4372,2
17457,2258,1941,2099,317,4199,2
17460,2625,1997,2311,628,4622,2
17461,2430,2256,2343,174,4686,2
17464,2151,1933,2042,218,4084,2
17466,2339,1813,2076,526,4152,2
17471,2385,1927,2156,458,4312,2
17473,2434,2005,2219,429,4439,2
17479,2569,2148,2358,421,4717,2
17480,2459,1943,2201,516,4402,2
17483,2469,2126,2297,343,4595,2
17486,2376,2187,2281,189,4563,2
17489,2362,1896,2129,466,4258,2
17494,2339,2074,2206,265,4413,2
17498,2700,1710,2205,990,4410,2
17501,2184,2083,2133,101,4267,2
17505,2185,1998,2091,187,4183,2
17516,2204,2003,2103,201,4207,2
17517,2200,1994,2097,206,4194,2
17522,2240,2006,2123,234,4246,2
17523,2277,2194,2235,83,4471,2
17528,2260,2044,2152,216,4304,2
17531,2625,1816,2220,809,4441,2
17536,2337,2286,2311,51,4623,2
17547,2349,1978,2163,371,4327,2
17549,2423,2145,2284,278,4568,2
17552,2439,2125,2282,314,4564,2
17556,2151,2017,2084,134,4168,2
17569,2190,2135,2162,55,4325,2
17571,2367,2239,2303,128,4606,2
17573,2180,1992,2086,188,4172,2
17583,2223,2091,2157,132,4314,2
17588,2112,2018,2065,94,4130,2
17594,2354,2034,2194,320,4388,2
17606,2372,2156,2264,216,4528,2
17608,2515,2026,2270,489,4541,2
17612,2210,1993,2101,217,4203,2
17617,2275,2129,2202,146,4404,2
17618,2150,2034,2092,116,4184,2
17621,2432,2086,2259,346,4518,2
17623,2484,1950,2217,534,4434,2
17626,2337,2264,2300,73,4601,2
17629,2327,2034,2180,293,4361,2
17631,2448,2253,2350,195,4701,2
17637,2289,1939,2114,350,4228,2
17638,2289,2171,2230,118,4460,2
17639,2323,2241,2282,82,4564,2
17644,2229,2191,2210,38,4420,2
17646,2402,1894,2148,508,4296,2
17655,2530,2195,2362,335,4725,2
17656,2124,1975,2049,149,4099,2
17660,2511,2180,2345,331,4691,2
17664,2345,2100,2222,245,4445,2
17678,2186,2082,2134,104,4268,2
17683,2385,2195,2290,190,4580,2
17689,2322,2016,2169,306,4338,2
17693,2255,2242,2248,13,4497,2
17695,2172,1917,2044,255,4089,2
17698,2399,1901,2150,498,4300,2
17699,2337,2220,2278,117,4557,2
17701,2238,2120,2179,118,4358,2
17704,2400,1715,2057,685,4115,2
17706,2131,1939,2035,192,4070,2
17707,2310,2239,2274,71,4549,2
17708,2350,2285,2317,65,4635,2
17709,2355,2153,2254,202,4508,2
17715,2616,2152,2384,464,4768,2
17716,2250,2043,2146,207,4293,2
17717,2454,1767,2110,687,4221,2
17725,2304,2175,2239,129,4479,2
17729,2253,2188,2220,65,4441,2
17730,2411,2251,2331,160,4662,2
17735,2358,2216,2287,142,4574,2
17736,2096,2097,2096,-1,4193,2
17738,2249,2222,2235,27,4471,2
17741,2307,2135,2221,172,4442,2
17751,2319,1995,2157,324,4314,2
17753,2406,1951,2178,455,4357,2
17760,2240,1970,2105,270,4210,2
17762,2417,2156,2286,261,4573,2
17767,2256,2008,2132,248,4264,2
17772,2130,1985,2057,145,4115,2
17774,2404,2164,2284,240,4568,2
17776,2273,2257,2265,16,4530,2
17790,2128,2076,2102,52,4204,2
17794,2348,2228,2288,120,4576,2
17795,2279,2228,2253,51,4507,2
17796,2208,1806,2007,402,4014,2
17803,2098,1979,2038,119,4077,2
17809,2121,1977,2049,144,4098,2
17811,2302,2091,2196,211,4393,2
17817,2382,2162,2272,220,4544,2
17819,2252,2169,2210,83,4421,2
17824,2385,1979,2182,406,4364,2
17832,2329,2101,2215,228,4430,2
17833,2225,2014,2119,211,4239,2
17836,2401,2001,2201,400,4402,2
17847,2245,1986,2115,259,4231,2
17848,2331,2282,2306,49,4613,2
17850,2345,2299,2322,46,4644,2
17853,2378,1935,2156,443,4313,2
17855,2412,2259,2335,153,4671,2
17856,2260,2130,2195,130,4390,2
17860,2247,2001,2124,246,4248,2
17863,2359,1795,2077,564,4154,2
17870,2098,2028,2063,70,4126,2
17879,2505,2203,2354,302,4708,2
17880,2177,1829,2003,348,4006,2
17881,2251,2219,2235,32,4470,2
17883,2154,1896,2025,258,4050,2
17885,2207,1977,2092,230,4184,2
17888,2408,2123,2265,285,4531,2
17891,2452,2243,2347,209,4695,2
17894,2375,2129,2252,246,4504,2
17900,2356,2310,2333,46,4666,2
17903,2379,2057,2218,322,4436,2
17911,2315,1942,2128,373,4257,2
17923,2346,2146,2246,200,4492,2
17926,2139,1885,2012,254,4024,2
17931,2182,2081,2131,101,4263,2
17936,2137,1946,2041,191,4083,2
17939,2297,1869,2083,428,4166,2
17940,2319,2108,2213,211,4427,2
17944,2432,2221,2326,211,4653,2
17950,2418,2172,2295,246,4590,2
17952,2345,2049,2197,296,4394,2
17964,2263,2249,2256,14,4512,2
17967,2374,2240,2307,134,4614,2
17974,2283,2001,2142,282,4284,2
17975,2309,2120,2214,189,4429,2
17976,2165,1923,2044,242,4088,2
17977,2443,2012,2227,431,4455,2
17990,2256,2181,2218,75,4437,2
17993,2371,2020,2195,351,4391,2
17995,2361,2021,2191,340,4382,2
18002,2511,1728,2119,783,4239,2
18005,2274,2131,2202,143,4405,2
18011,2106,1986,2046,120,4092,2
18019,2322,2234,2278,88,4556,2
18020,2201,1929,2065,272,4130,2
18021,2384,2121,2252,263,4505,2
18026,2264,2085,2174,179,4349,2
18027,2268,2049,2158,219,4317,2
18029,2266,1994,2130,272,4260,2
18030,2239,1981,2110,258,4220,2
18038,2254,2118,2186,136,4372,2
18041,2172,2030,2101,142,4202,2
18046,2468,2057,2262,411,4525,2
18047,2374,2183,2278,191,4557,2
18050,2367,2280,2323,87,4647,2
18053,2505,2238,2371,267,4743,2
18056,2158,1999,2078,159,4157,2
18058,2525,2204,2364,321,4729,2
18062,2556,2183,2369,373,4739,2
18068,2324,2070,2197,254,4394,2
18070,2121,1969,2045,152,4090,2
18076,2387,2103,2245,284,4490,2
18077,2113,1970,2041,143,4083,2
18099,2366,2190,2278,176,4556,2
18100,2274,2169,2221,105,4443,2
18101,2136,2004,2070,132,4140,2
18107,2302,2226,2264,76,4528,2
18108,2276,2069,2172,207,4345,2
18110,2258,2184,2221,74,4442,2
18112,2486,2204,2345,282,4690,2
18119,2296,2133,2214,163,4429,2
18120,2677,1959,2318,718,4636,2
18123,2469,2253,2361,216,4722,2
18125,2141,1943,2042,198,4084,2
18126,2136,1912,2024,224,4048,2
18127,2200,1881,2040,319,4081,2
18134,2412,2158,2285,254,4570,2
18150,2348,2288,2318,60,4636,2
18153,2469,1981,2225,488,4450,2
18176,2414,1994,2204,420,4408,2
18180,2319,2076,2197,243,4395,2
18181,2397,1874,2135,523,4271,2
18188,2360,1883,2121,477,4243,2
18192,2227,2211,2219,16,4438,2
18196,2369,2262,2315,107,4631,2
18200,2277,1992,2134,285,4269,2
18207,2148,1974,2061,174,4122,2
18210,2315,2263,2289,52,4578,2
18213,2487,1911,2199,576,4398,2
18221,2268,2090,2179,178,4358,2
18225,2145,1936,2040,209,4081,2
18229,2417,2202,2309,215,4619,2
18231,2280,2025,2152,255,4305,2
18232,2480,2187,2333,293,4667,2
18237,2370,2107,2238,263,4477,2
18240,2276,2077,2176,199,4353,2
18242,2193,1789,1991,404,3982,2
18243,2255,2039,2147,216,4294,2
18246,2157,2132,2144,25,4289,2
18250,2518,2227,2372,291,4745,2
18261,2602,2163,2382,439,4765,2
18270,2182,1976,2079,206,4158,2
18274,2234,2097,2165,137,4331,2
18282,2281,2240,2260,41,4521,2
18284,2258,1982,2120,276,4240,2
18285,2301,2081,2191,220,4382,2
18291,2089,1975,2032,114,4064,2
18301,2208,2191,2199,17,4399,2
18305,2154,2097,2125,57,4251,2
18306,2272,1855,2063,417,4127,2
18309,2430,2153,2291,277,4583,2
18311,2313,2273,2293,40,4586,2
18314,2274,2168,2221,106,4442,2
18323,2276,1971,2123,305,4247,2
18324,2397,2193,2295,204,4590,2
18329,2560,2152,2356,408,4712,2
18331,2248,2212,2230,36,4460,2
18336,2265,2032,2148,233,4297,2
18337,2334,2183,2258,151,4517,2
18338,2224,2198,2211,26,4422,2
18341,2272,2047,2159,225,4319,2
18348,2128,1993,2060,135,4121,2
18349,2352,2242,2297,110,4594,2
18352,2276,2118,2197,158,4394,2
18353,2229,1988,2108,241,4217,2
18357,2341,2301,2321,40,4642,2
18359,2349,2318,2333,31,4667,2
18364,2269,2203,2236,66,4472,2
18368,2291,2047,2169,244,4338,2
18376,2237,2161,2199,76,4398,2
18377,2256,2240,2248,16,4496,2
18379,2489,1977,2233,512,4466,2
18382,2200,2186,2193,14,4386,2
18386,2277,1973,2125,304,4250,2
18392,2568,2201,2384,367,4769,2
18398,2304,2140,2222,164,4444,2
18403,2435,2147,2291,288,4582,2
18409,2379,2069,2224,310,4448,2
18411,2452,2148,2300,304,4600,2
18413,2462,2218,2340,244,4680,2
18419,2262,2067,2164,195,4329,2
18420,2335,2097,2216,238,4432,2
18421,2232,2097,2164,135,4329,2
18422,2286,1885,2085,401,4171,2
18428,2509,2062,2285,447,4571,2
18433,2408,2174,2291,234,4582,2
18444,2411,2219,2315,192,4630,2
18454,2328,2203,2265,125,4531,2
18455,2423,2072,2247,351,4495,2
18460,2530,2194,2362,336,4724,2
18463,2273,2259,2266,14,4532,2
18474,2298,2057,2177,241,4355,2
18478,2271,1739,2005,532,4010,2
18480,2233,1903,2068,330,4136,2
18481,2197,2019,2108,178,4216,2
18482,2220,2196,2208,24,4416,2
18484,2236,1985,2110,251,4221,2
18485,2395,1970,2182,425,4365,2
18490,2377,2189,2283,188,4566,2
18491,2158,1887,2022,271,4045,2
18499,2521,2174,2347,347,4695,2
18504,2414,2183,2298,231,4597,2
18515,2357,2214,2285,143,4571,2
18517,2169,1956,2062,213,4125,2
18518,2269,2060,2164,209,4329,2
18523,2285,2035,2160,250,4320,2
18525,2130,2064,2097,66,4194,2
18527,2265,2247,2256,18,4512,2
18529,2266,1944,2105,322,4210,2
18533,2506,2216,2361,290,4722,2
18534,2223,1978,2100,245,4201,2
18536,2190,1903,2046,287,4093,2
18542,2408,2275,2341,133,4683,2
18545,2354,2213,2283,141,4567,2
18549,2346,2176,2261,170,4522,2
18551,2458,2151,2304,307,4609,2
18554,2334,2250,2292,84,4584,2
18565,2271,1894,2082,377,4165,2
18566,2353,1909,2131,444,4262,2
18568,2303,2165,2234,138,4468,2
18570,2369,2252,2310,117,4621,2
18571,2292,2048,2170,244,4340,2
18578,2353,2066,2209,287,4419,2
18582,2580,2165,2372,415,4745,2
18584,2299,2147,2223,152,4446,2
18588,2328,2131,2229,197,4459,2
18589,2233,2122,2177,111,4355,2
18593,2237,1880,2058,357,4117,2
18596,2240,1988,2114,252,4228,2
18598,2246,1917,2081,329,4163,2
18599,2395,2074,2234,321,4469,2
18606,2141,2084,2112,57,4225,2
18614,2344,2152,2248,192,4496,2
18621,2342,2201,2271,141,4543,2
18627,2292,2256,2274,36,4548,2
18628,2568,2120,2344,448,4688,2
18637,2112,1959,2035,153,4071,2
18640,2375,2281,2328,94,4656,2
18641,2484,2098,2291,386,4582,2
18642,2169,1917,2043,252,4086,2
18643,2194,1951,2072,243,4145,2
18647,2336,2134,2235,202,4470,2
18651,2278,2266,2272,12,4544,2
18655,2230,2038,2134,192,4268,2
18656,2230,2089,2159,141,4319,2
18659,2390,2228,2309,162,4618,2
18668,2351,2042,2196,309,4393,2
18672,2245,1939,2092,306,4184,2
18674,2294,2226,2260,68,4520,2
18676,2238,2064,2151,174,4302,2
18677,2308,2257,2282,51,4565,2
18682,2413,2228,2320,185,4641,2
18684,2109,1938,2023,171,4047,2
18692,2387,2246,2316,141,4633,2
18693,2253,1756,2004,497,4009,2
18699,2135,2098,2116,37,4233,2
18707,2381,2244,2312,137,4625,2
18711,2261,2202,2231,59,4463,2
18718,2362,2082,2222,280,4444,2
18726,2177,1995,2086,182,4172,2
18727,2178,2161,2169,17,4339,2
18737,2276,2103,2189,173,4379,2
18741,2300,2055,2177,245,4355,2
18750,2502,2031,2266,471,4533,2
18751,2504,2214,2359,290,4718,2
18757,2138,2000,2069,138,4138,2
18763,2478,2044,2261,434,4522,2
18772,2397,2109,2253,288,4506,2
18779,2327,1996,2161,331,4323,2
18782,2265,2018,2141,247,4283,2
18785,2393,2198,2295,195,4591,2
18787,2168,2140,2154,28,4308,2
18792,2100,2106,2103,-6,4206,2
18793,2291,1903,2097,388,4194,2
18805,2269,2080,2174,189,4349,2
18807,2345,2290,2317,55,4635,2
18810,2203,2046,2124,157,4249,2
18815,2272,2056,2164,216,4328,2
18817,2373,1951,2162,422,4324,2
18819,2248,2004,2126,244,4252,2
18821,2515,2187,2351,328,4702,2
18827,2191,2068,2129,123,4259,2
18829,2176,1928,2052,248,4104,2
18839,2171,1949,2060,222,4120,2
18840,2387,2184,2285,203,4571,2
18842,2190,2051,2120,139,4241,2
18843,2547,2179,2363,368,4726,2
18845,2071,2059,2065,12,4130,2
18847,2363,2063,2213,300,4426,2
18849,2364,2295,2329,69,4659,2
18852,2323,2196,2259,127,4519,2
18855,2344,2179,2261,165,4523,2
18862,2206,2108,2157,98,4314,2
18870,2116,1979,2047,137,4095,2
18875,2219,1987,2103,232,4206,2
18877,2206,2051,2128,155,4257,2
18886,2376,2204,2290,172,4580,2
18890,2328,1956,2142,372,4284,2
18899,2407,2214,2310,193,4621,2
18904,2594,2154,2374,440,4748,2
18910,2251,2017,2134,234,4268,2
18911,2130,2037,2083,93,4167,2
18915,2261,2084,2172,177,4345,2
18918,2285,2210,2247,75,4495,2
18922,2394,1963,2178,431,4357,2
18925,2300,2028,2164,272,4328,2
18926,2315,2011,2163,304,4326,2
18934,2392,2181,2286,211,4573,2
18941,2267,2245,2256,22,4512,2
18945,2162,1928,2045,234,4090,2
18946,2146,2067,2106,79,4213,2
18956,2393,1947,2170,446,4340,2
18959,2573,2131,2352,442,4704,2
18960,2276,2255,2265,21,4531,2
18965,2344,2213,2278,131,4557,2
18967,2408,2135,2271,273,4543,2
18968,2484,2082,2283,402,4566,2
18974,2243,2109,2176,134,4352,2
18977,2267,2110,2188,157,4377,2
18978,2324,2231,2277,93,4555,2
18979,2232,2034,2133,198,4266,2
18988,2394,2229,2311,165,4623,2
18989,2490,2170,2330,320,4660,2
18991,2379,2110,2244,269,4489,2
18996,2122,1937,2029,185,4059,2
18998,2217,2205,2211,12,4422,2
18999,2205,2053,2129,152,4258,2
19000,2267,2237,2252,30,4504,2
19003,2224,1760,1992,464,3984,2
19007,2348,2280,2314,68,4628,2
19013,2320,2166,2243,154,4486,2
19016,2459,2176,2317,283,4635,2
19017,2236,2217,2226,19,4453,2
19030,2215,2131,2173,84,4346,2
19031,2322,1878,2100,444,4200,2
19035,2375,2194,2284,181,4569,2
19036,2143,1937,2040,206,4080,2
19042,2434,2228,2331,206,4662,2
19047,2340,2192,2266,148,4532,2
19056,2146,1977,2061,169,4123,2
19060,2330,2035,2182,295,4365,2
19062,2706,2056,2381,650,4762,2
19067,2226,1991,2108,235,4217,2
19071,2208,2139,2173,69,4347,2
19072,2402,2224,2313,178,4626,2
19074,2435,2234,2334,201,4669,2
19076,2476,2248,2362,228,4724,2
19078,2188,2134,2161,54,4322,2
19094,2137,1979,2058,158,4116,2
19095,2333,2007,2170,326,4340,2
19099,2148,2023,2085,125,4171,2
19100,2422,2106,2264,316,4528,2
19103,2306,2207,2256,99,4513,2
19105,2206,2130,2168,76,4336,2
19107,2161,2052,2106,109,4213,2
19120,2288,2013,2150,275,4301,2
19121,2301,2130,2215,171,4431,2
19123,2402,2229,2315,173,4631,2
19128,2296,1994,2145,302,4290,2
19134,2505,2196,2350,309,4701,2
19141,2355,2115,2235,240,4470,2
19144,2239,2035,2137,204,4274,2
19147,2307,2007,2157,300,4314,2
19148,2466,2213,2339,253,4679,2
19149,2473,2222,2347,251,4695,2
19153,2313,2225,2269,88,4538,2
19154,2462,2182,2322,280,4644,2
19155,2166,1929,2047,237,4095,2
19160,2203,2047,2125,156,4250,2
19161,2166,1853,2009,313,4019,2
19162,2098,2006,2052,92,4104,2
19172,2229,1841,2035,388,4070,2
19180,2144,2072,2108,72,4216,2
19184,2074,2009,2041,65,4083,2
19191,2247,2098,2172,149,4345,2
19194,2269,2081,2175,188,4350,2
19196,2491,2069,2280,422,4560,2
19198,2165,1985,2075,180,4150,2
19211,2282,1984,2133,298,4266,2
19214,2508,2225,2366,283,4733,2
19217,2200,2044,2122,156,4244,2
19223,2422,1880,2151,542,4302,2
19224,2162,1861,2011,301,4023,2
19226,2302,2006,2154,296,4308,2
19228,2359,2227,2293,132,4586,2
19239,2471,2237,2354,234,4708,2
19245,2705,1856,2280,849,4561,2
19249,2362,2234,2298,128,4596,2
19252,2330,2040,2185,290,4370,2
19256,2321,2077,2199,244,4398,2
19260,2285,1903,2094,382,4188,2
19264,2253,2088,2170,165,4341,2
19266,2284,2100,2192,184,4384,2
19272,2246,1934,2090,312,4180,2
19274,2317,2047,2182,270,4364,2
19276,2364,2105,2234,259,4469,2
19277,2429,2269,2349,160,4698,2
19278,2251,2180,2215,71,4431,2
19279,2607,2078,2342,529,4685,2
19280,2261,2204,2232,57,4465,2
19281,2374,1916,2145,458,4290,2
19283,2132,2046,2089,86,4178,2
19284,2380,2227,2303,153,4607,2
19289,2439,2187,2313,252,4626,2
19292,2252,1828,2040,424,4080,2
19300,2132,1946,2039,186,4078,2
19306,2488,2174,2331,314,4662,2
19307,2308,2161,2234,147,4469,2
19311,2154,1935,2044,219,4089,2
19318,2097,1966,2031,131,4063,2
19319,2466,2255,2360,211,4721,2
19325,2407,2088,2247,319,4495,2
19327,2158,2113,2135,45,4271,2
19333,2147,2006,2076,141,4153,2
19334,2189,1992,2090,197,4181,2
19336,2283,1937,2110,346,4220,2
19337,2334,2244,2289,90,4578,2
19343,2431,2151,2291,280,4582,2
19347,2367,2037,2202,330,4404,2
19351,2528,2222,2375,306,4750,2
19354,2220,1941,2080,279,4161,2
19355,2405,2279,2342,126,4684,2
19361,2428,2220,2324,208,4648,2
19368,2297,1995,2146,302,4292,2
19371,2417,2104,2260,313,4521,2
19373,2256,2130,2193,126,4386,2
19378,2167,2143,2155,24,4310,2
19382,2414,1713,2063,701,4127,2
19383,2168,1992,2080,176,4160,2
19384,2430,1889,2159,541,4319,2
19388,2417,1993,2205,424,4410,2
19390,2355,2218,2286,137,4573,2
19412,2198,2117,2157,81,4315,2
19413,2213,1898,2055,315,4111,2
19416,2398,2187,2292,211,4585,2
19421,2096,2028,2062,68,4124,2
19422,2381,2212,2296,169,4593,2
19424,2262,2174,2218,88,4436,2
19425,2308,1979,2143,329,4287,2
19427,2431,2192,2311,239,4623,2
19428,2399,2025,2212,374,4424,2
19429,2341,2097,2219,244,4438,2
19436,2172,2049,2110,123,4221,2
19437,2201,2183,2192,18,4384,2
19452,2387,2216,2301,171,4603,2
19453,2637,1782,2209,855,4419,2
19456,2376,2293,2334,83,4669,2
19457,2340,2212,2276,128,4552,2
19461,2354,2150,2252,204,4504,2
19462,2330,2131,2230,199,4461,2
19463,2388,1783,2085,605,4171,2
19464,2339,2224,2281,115,4563,2
19466,2317,2228,2272,89,4545,2
19468,2375,1940,2157,435,4315,2
19471,2331,2300,2315,31,4631,2
19475,2212,1950,2081,262,4162,2
19480,2191,1998,2094,193,4189,2
19482,2185,2021,2103,164,4206,2
19486,2379,2303,2341,76,4682,2
19487,2274,2077,2175,197,4351,2
19488,2445,1841,2143,604,4286,2
19491,2115,1960,2037,155,4075,2
19497,2185,2112,2148,73,4297,2
19502,2510,2213,2361,297,4723,2
19506,2259,2125,2192,134,4384,2
19514,2178,1897,2037,281,4075,2
19515,2349,2213,2281,136,4562,2
19519,2312,2237,2274,75,4549,2
19522,2484,2027,2255,457,4511,2
19544,2150,2081,2115,69,4231,2
19546,2281,2115,2198,166,4396,2
19550,2500,2149,2324,351,4649,2
19552,2257,2162,2209,95,4419,2
19554,2299,2254,2276,45,4553,2
19557,2473,2068,2270,405,4541,2
19565,2161,1955,2058,206,4116,2
19571,2347,2250,2298,97,4597,2
19579,2215,1956,2085,259,4171,2
19587,2458,2114,2286,344,4572,2
19592,2410,2140,2275,270,4550,2
19594,2222,2149,2185,73,4371,2
19596,2202,2158,2180,44,4360,2
19602,2408,2106,2257,302,4514,2
19608,2215,1965,2090,250,4180,2
19613,2217,2017,2117,200,4234,2
19624,2245,1963,2104,282,4208,2
19632,2119,1938,2028,181,4057,2
19633,2352,1982,2167,370,4334,2
19634,2444,2034,2239,410,4478,2
19635,2378,2287,2332,91,4665,2
19642,2522,2054,2288,468,4576,2
19645,2293,2116,2204,177,4409,2
19661,2442,2261,2351,181,4703,2
19662,2245,1938,2091,307,4183,2
19676,2255,2118,2186,137,4373,2
19681,2216,2182,2199,34,4398,2
19682,2456,2132,2294,324,4588,2
19687,2361,2143,2252,218,4504,2
19689,2490,2191,2340,299,4681,2
19691,2345,1840,2092,505,4185,2
19692,2283,2082,2182,201,4365,2
19696,2338,2041,2189,297,4379,2
19699,2410,2171,2290,239,4581,2
19704,2142,2011,2076,131,4153,2
19706,2395,1990,2192,405,4385,2
19710,2231,2176,2203,55,4407,2
19711,2250,1991,2120,259,4241,2
19714,2349,2104,2226,245,4453,2
19715,2271,2046,2158,225,4317,2
19726,2387,2260,2323,127,4647,2
19728,2397,2245,2321,152,4642,2
19731,2473,1990,2231,483,4463,2
19732,2319,1999,2159,320,4318,2
19735,2403,1989,2196,414,4392,2
19745,2285,2168,2226,117,4453,2
19747,2234,2115,2174,119,4349,2
19759,2326,2062,2194,264,4388,2
19770,2256,2124,2190,132,4380,2
19771,2372,1926,2149,446,4298,2
19778,2127,1932,2029,195,4059,2
19779,2205,2020,2112,185,4225,2
19781,2185,1978,2081,207,4163,2
19788,2446,1982,2214,464,4428,2
19789,2273,1970,2121,303,4243,2
19792,2492,2075,2283,417,4567,2
19796,2193,2099,2146,94,4292,2
19799,2233,1910,2071,323,4143,2
19800,2274,2198,2236,76,4472,2
19802,2267,2123,2195,144,4390,2
19812,2451,2072,2261,379,4523,2
19824,2309,2279,2294,30,4588,2
19827,2156,1965,2060,191,4121,2
19831,2170,2131,2150,39,4301,2
19833,2365,2210,2287,155,4575,2
19836,2295,1964,2129,331,4259,2
19839,2277,2195,2236,82,4472,2
19848,2204,1915,2059,289,4119,2
19849,2497,2017,2257,480,4514,2
19857,2444,2189,2316,255,4633,2
19868,2463,2245,2354,218,4708,2
19869,2516,2216,2366,300,4732,2
19871,2236,2220,2228,16,4456,2
19874,2172,1997,2084,175,4169,2
19875,2446,2188,2317,258,4634,2
19876,2298,2199,2248,99,4497,2
19882,2243,2180,2211,63,4423,2
19885,2218,1950,2084,268,4168,2
19887,2535,1909,2222,626,4444,2
19889,2314,2220,2267,94,4534,2
19893,2571,1988,2279,583,4559,2
19898,2297,2248,2272,49,4545,2
19900,2169,2127,2148,42,4296,2
19902,2309,1970,2139,339,4279,2
19904,2337,1937,2137,400,4274,2
19907,2332,2056,2194,276,4388,2
19910,2470,2139,2304,331,4609,2
19916,2259,2012,2135,247,4271,2
19917,2448,2137,2292,311,4585,2
19918,2170,2064,2117,106,4234,2
19919,2196,1871,2033,325,4067,2
19926,2300,2013,2156,287,4313,2
19928,2439,2103,2271,336,4542,2
19939,2328,2123,2225,205,4451,2
19941,2268,2171,2219,97,4439,2
19945,2526,2011,2268,515,4537,2
19952,2209,2181,2195,28,4390,2
19956,2115,1946,2030,169,4061,2
19962,2344,1858,2101,486,4202,2
19965,2369,2042,2205,327,4411,2
19966,2396,2026,2211,370,4422,2
19968,2414,2072,2243,342,4486,2
19975,2167,2057,2112,110,4224,2
19986,2324,2165,2244,159,4489,2
19988,2337,2235,2286,102,4572,2
19991,2522,1757,2139,765,4279,2
19992,2437,2188,2312,249,4625,2
20003,2276,2068,2172,208,4344,2
20009,2361,2084,2222,277,4445,2
20017,2305,2162,2233,143,4467,2
20024,2662,2114,2388,548,4776,2
20026,2247,1910,2078,337,4157,2
20030,2137,2111,2124,26,4248,2
20035,2413,2270,2341,143,4683,2
20037,2217,2205,2211,12,4422,2
20039,2432,2252,2342,180,4684,2
20048,2181,2121,2151,60,4302,2
20049,2350,2008,2179,342,4358,2
20054,2582,2142,2362,440,4724,2
20061,2286,2048,2167,238,4334,2
20065,2288,1743,2015,545,4031,2
20066,2098,2082,2090,16,4180,2
20074,2205,2137,2171,68,4342,2
20098,2101,1975,2038,126,4076,2
20103,2488,2089,2288,399,4577,2
20108,2327,2274,2300,53,4601,2
20114,2236,2162,2199,74,4398,2
20116,2231,2089,2160,142,4320,2
20121,2287,2159,2223,128,4446,2
20122,2513,2185,2349,328,4698,2
20123,2306,2212,2259,94,4518,2
20127,2403,2138,2270,265,4541,2
20129,2243,1847,2045,396,4090,2
20131,2145,2036,2090,109,4181,2
20132,2239,2075,2157,164,4314,2
20135,2198,1840,2019,358,4038,2
20142,2174,2032,2103,142,4206,2
20143,2379,2116,2247,263,4495,2
20145,2401,2196,2298,205,4597,2
20148,2324,2080,2202,244,4404,2
20154,2548,2003,2275,545,4551,2
20155,2375,2123,2249,252,4498,2
20158,2324,2042,2183,282,4366,2
20161,2475,2040,2257,435,4515,2
20165,2244,2010,2127,234,4254,2
20167,2438,2164,2301,274,4602,2
20168,2575,2186,2380,389,4761,2
20169,2557,2157,2357,400,4714,2
20170,2234,2109,2171,125,4343,2
20176,2170,2082,2126,88,4252,2
20178,2262,2233,2247,29,4495,2
20179,2167,1895,2031,272,4062,2
20182,2339,1885,2112,454,4224,2
20183,2487,2167,2327,320,4654,2
20184,2240,2045,2142,195,4285,2
20186,2221,1844,2032,377,4065,2
20189,2505,2224,2364,281,4729,2
20194,2125,2116,2120,9,4241,2
20195,2434,2189,2311,245,4623,2
20206,2460,1946,2203,514,4406,2
20207,2245,2114,2179,131,4359,2
20211,2337,2105,2221,232,4442,2
20218,2312,2261,2286,51,4573,2
20219,2253,2037,2145,216,4290,2
20225,2428,1931,2179,497,4359,2
20226,2132,1948,2040,184,4080,2
20228,2249,1792,2020,457,4041,2
20231,2094,2081,2087,13,4175,2
20240,2210,2144,2177,66,4354,2
20242,2413,2176,2294,237,4589,2
20245,2390,2171,2280,219,4561,2
20248,2445,2104,2274,341,4549,2
20249,2155,1969,2062,186,4124,2
20252,2387,1942,2164,445,4329,2
20253,2414,2131,2272,283,4545,2
20261,2305,2025,2165,280,4330,2
20266,2403,1800,2101,603,4203,2
20268,2130,2026,2078,104,4156,2
20274,2315,2063,2189,252,4378,2
20277,2441,2165,2303,276,4606,2
20278,2132,2103,2117,29,4235,2
20280,2196,2035,2115,161,4231,2
20289,2318,2004,2161,314,4322,2
20291,2205,1897,2051,308,4102,2
20292,2136,2120,2128,16,4256,2
20293,2349,2049,2199,300,4398,2
20299,2664,2144,2404,520,4808,2
20302,2127,2073,2100,54,4200,2
20306,2531,2136,2333,395,4667,2
20308,2402,1946,2174,456,4348,2
20310,2170,2034,2102,136,4204,2
20311,2221,2150,2185,71,4371,2
20331,2409,2209,2309,200,4618,2
20336,2202,2032,2117,170,4234,2
20346,2244,1725,1984,519,3969,2
20350,2225,2118,2171,107,4343,2
20351,2293,2264,2278,29,4557,2
20352,2322,2139,2230,183,4461,2
20356,2497,2186,2341,311,4683,2
20357,2417,2195,2306,222,4612,2
20363,2264,2096,2180,168,4360,2
20364,2270,2159,2214,111,4429,2
20367,2257,2194,2225,63,4451,2
20372,2300,2140,2220,160,4440,2
20374,2246,1915,2080,331,4161,2
20377,2211,1777,1994,434,3988,2
20380,2204,1955,2079,249,4159,2
20381,2345,2198,2271,147,4543,2
20385,2177,1921,2049,256,4098,2
20394,2167,2003,2085,164,4170,2
20395,2668,2149,2408,519,4817,2
20396,2127,1940,2033,187,4067,2
20406,2226,1959,2092,267,4185,2
20411,2568,1992,2280,576,4560,2
20416,2258,2094,2176,164,4352,2
20421,2190,2156,2173,34,4346,2
20422,2167,1855,2011,312,4022,2
20427,2368,1851,2109,517,4219,2
20428,2274,2209,2241,65,4483,2
20430,2213,1980,2096,233,4193,2
20432,2387,1983,2185,404,4370,2
20441,2340,2310,2325,30,4650,2
20442,2236,2002,2119,234,4238,2
20448,2389,2079,2234,310,4468,2
20449,2349,2154,2251,195,4503,2
20452,2389,2286,2337,103,4675,2
20454,2206,2125,2165,81,4331,2
20456,2094,2078,2086,16,4172,2
20463,2432,2152,2292,280,4584,2
20468,2314,1971,2142,343,4285,2
20470,2352,2252,2302,100,4604,2
20472,2479,2240,2359,239,4719,2
20473,2401,1941,2171,460,4342,2
20474,2336,2235,2285,101,4571,2
20487,2129,2014,2071,115,4143,2
20488,2501,2144,2322,357,4645,2
20495,2306,2291,2298,15,4597,2
20496,2322,2209,2265,113,4531,2
20498,2117,2032,2074,85,4149,2
20502,2408,2145,2276,263,4553,2
20504,2547,2174,2360,373,4721,2
20506,2323,2258,2290,65,4581,2
20517,2417,2235,2326,182,4652,2
20520,2323,1959,2141,364,4282,2
20523,2281,1819,2050,462,4100,2
20524,2250,2235,2242,15,4485,2
20526,2262,2199,2230,63,4461,2
20528,2309,2237,2273,72,4546,2
20533,2316,2052,2184,264,4368,2
20540,2345,2173,2259,172,4518,2
20542,2147,1942,2044,205,4089,2
20543,2330,2174,2252,156,4504,2
20544,2278,2015,2146,263,4293,2
20550,2178,2035,2106,143,4213,2
20551,2349,2055,2202,294,4404,2
20553,2259,2195,2227,64,4454,2
20565,2394,2257,2325,137,4651,2
20567,2312,2099,2205,213,4411,2
20579,2260,2072,2166,188,4332,2
20581,2210,2083,2146,127,4293,2
20586,2319,2280,2299,39,4599,2
20592,2552,2206,2379,346,4758,2
20593,2200,1990,2095,210,4190,2
20594,2260,1739,1999,521,3999,2
20600,2233,2039,2136,194,4272,2
20603,2357,2307,2332,50,4664,2
20605,2312,2194,2253,118,4506,2
20606,2226,2055,2140,171,4281,2
20610,2158,1912,2035,246,4070,2
20619,2212,1901,2056,311,4113,2
20621,2353,2251,2302,102,4604,2
20622,2321,2019,2170,302,4340,2
20625,2078,2019,2048,59,4097,2
20626,2286,2252,2269,34,4538,2
20630,2413,2170,2291,243,4583,2
20633,2310,2161,2235,149,4471,2
20634,2215,1985,2100,230,4200,2
20639,2199,2009,2104,190,4208,2
20642,2261,1841,2051,420,4102,2
20644,2063,2024,2043,39,4087,2
20648,2483,2246,2364,237,4729,2
20655,2484,2110,2297,374,4594,2
20660,2222,2056,2139,166,4278,2
20664,2401,2220,2310,181,4621,2
20668,2392,2011,2201,381,4403,2
20671,2119,1982,2050,137,4101,2
20676,2243,2065,2154,178,4308,2
20678,2518,2228,2373,290,4746,2
20682,2312,2074,2193,238,4386,2
20686,2389,2050,2219,339,4439,2
20697,2052,2045,2048,7,4097,2
20698,2229,2096,2162,133,4325,2
20699,2383,2277,2330,106,4660,2
20700,2307,2016,2161,291,4323,2
20705,2299,2201,2250,98,4500,2
20706,2367,2037,2202,330,4404,2
20708,2181,2154,2167,27,4335,2
20709,2564,2027,2295,537,4591,2
20716,2551,2172,2361,379,4723,2
20718,2356,2231,2293,125,4587,2
20719,2417,2207,2312,210,4624,2
20720,2530,2206,2368,324,4736,2
20727,2402,2214,2308,188,4616,2
20730,2345,2231,2288,114,4576,2
20733,2347,2102,2224,245,4449,2
20738,2169,1921,2045,248,4090,2
20749,2267,2177,2222,90,4444,2
20756,2274,2123,2198,151,4397,2
20757,2381,2246,2313,135,4627,2
20758,2398,2286,2342,112,4684,2
20760,2418,2218,2318,200,4636,2
20761,2100,2073,2086,27,4173,2
20767,2382,2023,2202,359,4405,2
20787,2374,2162,2268,212,4536,2
20801,2313,2242,2277,71,4555,2
20805,2421,2119,2270,302,4540,2
20808,2252,1945,2098,307,4197,2
20809,2102,2095,2098,7,4197,2
20810,2446,2121,2283,325,4567,2
20813,2383,2231,2307,152,4614,2
20819,2268,2095,2181,173,4363,2
20822,2307,2227,2267,80,4534,2
20823,2292,2082,2187,210,4374,2
20825,2191,2092,2141,99,4283,2
20827,2295,2107,2201,188,4402,2
20828,2273,2056,2164,217,4329,2
20830,2446,2173,2309,273,4619,2
20833,2227,2163,2195,64,4390,2
20841,2406,2249,2327,157,4655,2
20847,2504,1981,2242,523,4485,2
20848,2471,2096,2283,375,4567,2
20849,2404,2202,2303,202,4606,2
20852,2493,2106,2299,387,4599,2
20856,2262,2201,2231,61,4463,2
20859,2480,2220,2350,260,4700,2
20863,2454,2054,2254,400,4508,2
20864,2327,2211,2269,116,4538,2
20873,2235,2064,2149,171,4299,2
20879,2408,2256,2332,152,4664,2
20883,2401,2170,2285,231,4571,2
20886,2249,2240,2244,9,4489,2
20887,2235,2099,2167,136,4334,2
20891,2348,2291,2319,57,4639,2
20897,2381,2232,2306,149,4613,2
20898,2290,2208,2249,82,4498,2
20905,2150,2013,2081,137,4163,2
20907,2239,2188,2213,51,4427,2
20908,2396,2294,2345,102,4690,2
20913,2202,1832,2017,370,4034,2
20914,2344,2311,2327,33,4655,2
20917,2352,2231,2291,121,4583,2
20920,2380,2150,2265,230,4530,2
20921,2134,2055,2094,79,4189,2
20923,2407,2173,2290,234,4580,2
20932,2421,2072,2246,349,4493,2
20939,2376,2175,2275,201,4551,2
20942,2266,2135,2200,131,4401,2
20944,2326,2055,2190,271,4381,2
20946,2172,2072,2122,100,4244,2
20951,2319,2218,2268,101,4537,2
20958,2375,2114,2244,261,4489,2
20962,2445,2224,2334,221,4669,2
20966,2283,2200,2241,83,4483,2
20969,2339,2120,2229,219,4459,2
20970,2303,2138,2220,165,4441,2
20971,2408,2258,2333,150,4666,2
20976,2228,2127,2177,101,4355,2
20977,2352,2021,2186,331,4373,2
20979,2138,2016,2077,122,4154,2
20994,2449,2219,2334,230,4668,2
21000,2379,2288,2333,91,4667,2
21005,2264,2078,2171,186,4342,2
21007,2426,1994,2210,432,4420,2
21010,2369,2014,2191,355,4383,2
21012,2353,2055,2204,298,4408,2
21013,2562,2155,2358,407,4717,2
21021,2252,2211,2231,41,4463,2
21022,2188,1828,2008,360,4016,2
21023,2348,1969,2158,379,4317,2
21035,2206,1946,2076,260,4152,2
21045,2431,2271,2351,160,4702,2
21050,2378,1884,2131,494,4262,2
21058,2469,2159,2314,310,4628,2
21068,2317,2115,2216,202,4432,2
21069,2307,2027,2167,280,4334,2
21073,2262,2078,2170,184,4340,2
21077,2508,2228,2368,280,4736,2
21078,2239,2131,2185,108,4370,2
21081,2353,2160,2256,193,4513,2
21084,2416,2244,2330,172,4660,2
21087,2353,2159,2256,194,4512,2
21093,2362,1930,2146,432,4292,2
21101,2317,2021,2169,296,4338,2
21106,2497,2126,2311,371,4623,2
21107,2668,2106,2387,562,4774,2
21113,2497,2200,2348,297,4697,2
21117,2231,1949,2090,282,4180,2
21118,2212,2026,2119,186,4238,2
21129,2211,1954,2082,257,4165,2
21137,2258,2191,2224,67,4449,2
21145,2245,1922,2083,323,4167,2
21155,2566,2026,2296,540,4592,2
21156,2416,2234,2325,182,4650,2
21160,2285,2040,2162,245,4325,2
21162,2556,2053,2304,503,4609,2
21166,2331,2225,2278,106,4556,2
21168,2257,1715,1986,542,3972,2
21170,2236,2062,2149,174,4298,2
21174,2286,1952,2119,334,4238,2
21180,2236,2081,2158,155,4317,2
21181,2147,1981,2064,166,4128,2
21188,2295,2115,2205,180,4410,2
21190,2348,2110,2229,238,4458,2
21191,2311,2091,2201,220,4402,2
21203,2201,1980,2090,221,4181,2
21204,2345,2257,2301,88,4602,2
21206,2319,1975,2147,344,4294,2
21207,2406,2202,2304,204,4608,2
21211,2344,2074,2209,270,4418,2
21213,2422,2222,2322,200,4644,2
21219,2473,2242,2357,231,4715,2
21230,2334,2054,2194,280,4388,2
21232,2467,2206,2336,261,4673,2
21233,2250,2124,2187,126,4374,2
21242,2341,2121,2231,220,4462,2
21254,2430,2093,2261,337,4523,2
21255,2125,1950,2037,175,4075,2
21256,2320,2262,2291,58,4582,2
21264,2195,2051,2123,144,4246,2
21266,2336,2134,2235,202,4470,2
21271,2211,1843,2027,368,4054,2
21279,2620,2087,2353,533,4707,2
21283,2174,2023,2098,151,4197,2
21294,2145,1944,2044,201,4089,2
21297,2157,1951,2054,206,4108,2
21299,2209,1895,2052,314,4104,2
21301,2381,2143,2262,238,4524,2
21302,2135,2062,2098,73,4197,2
21304,2208,2009,2108,199,4217,2
21314,2147,2006,2076,141,4153,2
21323,2301,2230,2265,71,4531,2
21328,2554,2101,2327,453,4655,2
21335,2239,1936,2087,303,4175,2
21340,2323,2287,2305,36,4610,2
21342,2209,2132,2170,77,4341,2
21350,2288,2110,2199,178,4398,2
21351,2447,2254,2350,193,4701,2
21355,2277,1997,2137,280,4274,2
21357,2396,2186,2291,210,4582,2
21368,2253,2075,2164,178,4328,2
21370,2140,2013,2076,127,4153,2
21371,2109,2105,2107,4,4214,2
21377,2141,1987,2064,154,4128,2
21394,2290,2196,2243,94,4486,2
21396,2326,1905,2115,421,4231,2
21400,2406,2009,2207,397,4415,2
21403,2149,2053,2101,96,4202,2
21404,2270,2181,2225,89,4451,2
21414,2369,2197,2283,172,4566,2
21415,2254,2032,2143,222,4286,2
21417,2387,2119,2253,268,4506,2
21418,2289,2040,2164,249,4329,2
21432,2339,2313,2326,26,4652,2
21433,2354,2195,2274,159,4549,2
21437,2237,2143,2190,94,4380,2
21441,2501,1948,2224,553,4449,2
21442,2381,2296,2338,85,4677,2
21443,2365,2086,2225,279,4451,2
21447,2179,2016,2097,163,4195,2
21463,2271,1904,2087,367,4175,2
21465,2416,2226,2321,190,4642,2
21469,2285,2115,2200,170,4400,2
21476,2421,2136,2278,285,4557,2
21483,2416,2183,2299,233,4599,2
21484,2474,2248,2361,226,4722,2
21488,2399,2172,2285,227,4571,2
21489,2171,1969,2070,202,4140,2
21494,2414,1886,2150,528,4300,2
21502,2205,1827,2016,378,4032,2
21509,2365,2165,2265,200,4530,2
21510,2292,2013,2152,279,4305,2
21516,2590,2133,2361,457,4723,2
21518,2184,1964,2074,220,4148,2
21520,2282,2010,2146,272,4292,2
21522,2262,2244,2253,18,4506,2
21524,2435,2065,2250,370,4500,2
21525,2419,2206,2312,213,4625,2
21526,2344,2295,2319,49,4639,2
21531,2057,2057,2057,0,4114,2
21532,2212,2055,2133,157,4267,2
21535,2116,1972,2044,144,4088,2
21538,2299,2158,2228,141,4457,2
21540,2300,2194,2247,106,4494,2
21541,2217,2170,2193,47,4387,2
21542,2243,2078,2160,165,4321,2
21548,2561,2133,2347,428,4694,2
21552,2442,2154,2298,288,4596,2
21555,2176,1967,2071,209,4143,2
21562,2493,2227,2360,266,4720,2
21566,2330,2157,2243,173,4487,2
21567,2463,2167,2315,296,4630,2
21568,2167,1892,2029,275,4059,2
21586,2494,2194,2344,300,4688,2
21590,2325,2097,2211,228,4422,2
21592,2168,1923,2045,245,4091,2
21602,2186,2075,2130,111,4261,2
21605,2357,2230,2293,127,4587,2
21606,2242,1990,2116,252,4232,2
21607,2472,1912,2192,560,4384,2
21608,2282,2105,2193,177,4387,2
21610,2232,2060,2146,172,4292,2
21611,2448,2190,2319,258,4638,2
21612,2460,2191,2325,269,4651,2
21614,2157,2043,2100,114,4200,2
21621,2366,2055,2210,311,4421,2
21625,2237,1956,2096,281,4193,2
21630,2504,2112,2308,392,4616,2
21636,2384,2128,2256,256,4512,2
21637,2328,2097,2212,231,4425,2
21647,2165,2036,2100,129,4201,2
21649,2412,2244,2328,168,4656,2
21656,2423,1939,2181,484,4362,2
21657,2190,1956,2073,234,4146,2
21658,2223,2058,2140,165,4281,2
21661,2205,2130,2167,75,4335,2
21663,2229,1985,2107,244,4214,2
21669,2187,2079,2133,108,4266,2
21674,2342,2095,2218,247,4437,2
21676,2064,2067,2065,-3,4131,2
21677,2118,1942,2030,176,4060,2
21686,2302,2176,2239,126,4478,2
21687,2128,1955,2041,173,4083,2
21694,2193,1823,2008,370,4016,2
21695,2414,2017,2215,397,4431,2
21698,2147,2032,2089,115,4179,2
21700,2282,2064,2173,218,4346,2
21705,2391,2212,2301,179,4603,2
21711,2329,2244,2286,85,4573,2
21713,2143,2098,2120,45,4241,2
21715,2130,1925,2027,205,4055,2
21720,2270,2166,2218,104,4436,2
21729,2145,2108,2126,37,4253,2
21752,2216,2077,2146,139,4293,2
21761,2169,2047,2108,122,4216,2
21765,2136,1898,2017,238,4034,2
21767,2213,2165,2189,48,4378,2
21770,2474,2143,2308,331,4617,2
21779,2137,2091,2114,46,4228,2
21785,2225,1864,2044,361,4089,2
21790,2159,1989,2074,170,4148,2
21791,2326,1994,2160,332,4320,2
21792,2367,1927,2147,440,4294,2
21797,2216,1892,2054,324,4108,2
21799,2512,2094,2303,418,4606,2
21802,2163,1954,2058,209,4117,2
21807,2575,2192,2383,383,4767,2
21813,2193,2167,2180,26,4360,2
21815,2093,2011,2052,82,4104,2
21825,2440,2166,2303,274,4606,2
21827,2244,2166,2205,78,4410,2
21828,2419,2157,2288,262,4576,2
21830,2338,2270,2304,68,4608,2
21831,2293,2068,2180,225,4361,2
21835,2546,2025,2285,521,4571,2
21837,2419,2177,2298,242,4596,2
21841,2680,2112,2396,568,4792,2
21842,2125,1982,2053,143,4107,2
21843,2179,1939,2059,240,4118,2
21844,2412,2219,2315,193,4631,2
21845,2240,1997,2118,243,4237,2
21846,2231,2121,2176,110,4352,2
21851,2166,2044,2105,122,4210,2
21852,2191,2004,2097,187,4195,2
21853,2243,2068,2155,175,4311,2
21854,2174,1920,2047,254,4094,2
21856,2528,1853,2190,675,4381,2
21857,2219,2029,2124,190,4248,2
21863,2568,1639,2103,929,4207,2
21864,2545,1981,2263,564,4526,2
21870,2302,2150,2226,152,4452,2
21879,2373,1923,2148,450,4296,2
21883,2364,2311,2337,53,4675,2
21886,2378,1846,2112,532,4224,2
21887,2239,2099,2169,140,4338,2
21891,2125,2015,2070,110,4140,2
21897,2298,2198,2248,100,4496,2
21899,2227,2199,2213,28,4426,2
21902,2359,2079,2219,280,4438,2
21905,2410,2014,2212,396,4424,2
21906,2230,2028,2129,202,4258,2
21911,2267,2200,2233,67,4467,2
21912,2453,2189,2321,264,4642,2
21922,2127,1999,2063,128,4126,2
21927,2243,2225,2234,18,4468,2
21933,2264,2110,2187,154,4374,2
21941,2385,2053,2219,332,4438,2
21945,2199,1948,2073,251,4147,2
21947,2491,2201,2346,290,4692,2
21948,2390,2262,2326,128,4652,2
21958,2232,2047,2139,185,4279,2
21970,2184,1917,2050,267,4101,2
21975,2366,2279,2322,87,4645,2
21977,2129,2107,2118,22,4236,2
21978,2262,2068,2165,194,4330,2
21980,2401,2136,2268,265,4537,2
21984,2328,1904,2116,424,4232,2
21987,2502,1894,2198,608,4396,2
22010,2323,2300,2311,23,4623,2
22018,2446,2181,2313,265,4627,2
22020,2272,2026,2149,246,4298,2
22022,2430,2273,2351,157,4703,2
22028,2128,2015,2071,113,4143,2
22035,2381,2157,2269,224,4538,2
22041,2179,2041,2110,138,4220,2
22048,2191,2075,2133,116,4266,2
22050,2454,2154,2304,300,4608,2
22055,2434,2256,2345,178,4690,2
22059,2465,2183,2324,282,4648,2
22060,2380,2167,2273,213,4547,2
22067,2256,2159,2207,97,4415,2
22070,2566,1934,2250,632,4500,2
22073,2358,2131,2244,227,4489,2
22081,2213,2122,2167,91,4335,2
22082,2393,1988,2190,405,4381,2
22084,2204,2065,2134,139,4269,2
22089,2258,1903,2080,355,4161,2
22094,2202,1862,2032,340,4064,2
22095,2445,2148,2296,297,4593,2
22102,2317,2220,2268,97,4537,2
22107,2379,1915,2147,464,4294,2
22108,2298,1940,2119,358,4238,2
22112,2271,2073,2172,198,4344,2
22114,2447,2206,2326,241,4653,2
22117,2354,2237,2295,117,4591,2
22118,2361,1912,2136,449,4273,2
22126,2249,2053,2151,196,4302,2
22130,2290,1840,2065,450,4130,2
22133,2283,1953,2118,330,4236,2
22135,2382,2283,2332,99,4665,2
22136,2437,2195,2316,242,4632,2
22140,2331,2212,2271,119,4543,2
22146,2385,2157,2271,228,4542,2
22155,2181,2138,2159,43,4319,2
22162,2117,2061,2089,56,4178,2
22163,2403,2241,2322,162,4644,2
22164,2286,1894,2090,392,4180,2
22165,2291,2149,2220,142,4440,2
22174,2149,2005,2077,144,4154,2
22178,2388,2160,2274,228,4548,2
22183,2456,2153,2304,303,4609,2
22184,2364,2059,2211,305,4423,2
22185,2446,2091,2268,355,4537,2
22186,2292,2160,2226,132,4452,2
22187,2241,2003,2122,238,4244,2
22191,2109,1952,2030,157,4061,2
22193,2137,1933,2035,204,4070,2
22198,2331,2125,2228,206,4456,2
22202,2142,2004,2073,138,4146,2
22203,2269,2196,2232,73,4465,2
22205,2234,1916,2075,318,4150,2
22206,2248,2094,2171,154,4342,2
22208,2212,1900,2056,312,4112,2
22217,2198,1802,2000,396,4000,2
22220,2176,1844,2010,332,4020,2
22222,2182,1981,2081,201,4163,2
22231,2225,1969,2097,256,4194,2
22234,2449,2047,2248,402,4496,2
22235,2556,2183,2369,373,4739,2
22243,2327,2218,2272,109,4545,2
22244,2190,1956,2073,234,4146,2
22246,2388,2291,2339,97,4679,2
22251,2278,2027,2152,251,4305,2
22262,2256,2108,2182,148,4364,2
22264,2162,2033,2097,129,4195,2
22266,2513,2120,2316,393,4633,2
22269,2518,2232,2375,286,4750,2
22270,2375,2061,2218,314,4436,2
22272,2313,2069,2191,244,4382,2
22289,2493,2188,2340,305,4681,2
22290,2426,2153,2289,273,4579,2
22296,2253,2208,2230,45,4461,2
22297,2279,2106,2192,173,4385,2
22300,2251,2188,2219,63,4439,2
22305,2382,1847,2114,535,4229,2
22309,2242,2031,2136,211,4273,2
22312,2485,2164,2324,321,4649,2
22315,2225,2191,2208,34,4416,2
22327,2630,2102,2366,528,4732,2
22328,2261,2244,2252,17,4505,2
22329,2272,1990,2131,282,4262,2
22330,2219,1909,2064,310,4128,2
22331,2174,1999,2086,175,4173,2
22333,2313,2054,2183,259,4367,2
22337,2320,1710,2015,610,4030,2
22339,2375,2230,2302,145,4605,2
22351,2501,2148,2324,353,4649,2
22353,2459,1728,2093,731,4187,2
22355,2200,2009,2104,191,4209,2
22358,2336,2054,2195,282,4390,2
22362,2481,2190,2335,291,4671,2
22369,2219,2202,2210,17,4421,2
22371,2450,2197,2323,253,4647,2
22373,2350,2233,2291,117,4583,2
22378,2075,2080,2077,-5,4155,2
22379,2360,1926,2143,434,4286,2
22381,2172,1948,2060,224,4120,2
22382,2431,2099,2265,332,4530,2
22386,2448,2216,2332,232,4664,2
22390,2138,2069,2103,69,4207,2
22391,2389,2207,2298,182,4596,2
22395,2129,1929,2029,200,4058,2
22400,2381,2279,2330,102,4660,2
22403,2462,2139,2300,323,4601,2
22406,2172,2093,2132,79,4265,2
22407,2165,1945,2055,220,4110,2
22408,2518,2212,2365,306,4730,2
22409,2271,2149,2210,122,4420,2
22419,2259,1757,2008,502,4016,2
22420,2097,2008,2052,89,4105,2
22425,2079,1997,2038,82,4076,2
22429,2484,2132,2308,352,4616,2
22432,2613,1923,2268,690,4536,2
22437,2170,1997,2083,173,4167,2
22439,2239,2176,2207,63,4415,2
22440,2591,2186,2388,405,4777,2
22444,2202,2147,2174,55,4349,2
22445,2450,2235,2342,215,4685,2
22446,2156,2014,2085,142,4170,2
22450,2213,1983,2098,230,4196,2
22457,2326,2161,2243,165,4487,2
22458,2389,2235,2312,154,4624,2
22461,2304,2130,2217,174,4434,2
22464,2154,2102,2128,52,4256,2
22465,2277,2086,2181,191,4363,2
22466,2338,2242,2290,96,4580,2
22467,2391,2219,2305,172,4610,2
22472,2230,1984,2107,246,4214,2
22479,2199,2097,2148,102,4296,2
22480,2361,2084,2222,277,4445,2
22483,2349,2071,2210,278,4420,2
22488,2097,2013,2055,84,4110,2
22506,2199,1891,2045,308,4090,2
22508,2450,2260,2355,190,4710,2
22511,2238,1872,2055,366,4110,2
22512,2338,2152,2245,186,4490,2
22515,2139,2010,2074,129,4149,2
22516,2422,2027,2224,395,4449,2
22517,2208,2110,2159,98,4318,2
22520,2446,2269,2357,177,4715,2
22533,2257,2190,2223,67,4447,2
22535,2430,2100,2265,330,4530,2
22536,2391,2285,2338,106,4676,2
22543,2407,2066,2236,341,4473,2
22545,2335,1987,2161,348,4322,2
22547,2329,2155,2242,174,4484,2
22548,2380,2292,2336,88,4672,2
22550,2663,2150,2406,513,4813,2
22552,2208,2130,2169,78,4338,2
22558,2297,2042,2169,255,4339,2
22576,2430,2198,2314,232,4628,2
22585,2200,1942,2071,258,4142,2
22595,2294,1798,2046,496,4092,2
22596,2353,2244,2298,109,4597,2
22597,2299,2226,2262,73,4525,2
22600,2244,2021,2132,223,4265,2
22606,2171,2033,2102,138,4204,2
22613,2318,1623,1970,695,3941,2
22614,2362,2259,2310,103,4621,2
22622,2241,2130,2185,111,4371,2
22624,2424,2177,2300,247,4601,2
22632,2215,2077,2146,138,4292,2
22634,2204,1940,2072,264,4144,2
22636,2277,2056,2166,221,4333,2
22637,2170,2037,2103,133,4207,2
22640,2385,2156,2270,229,4541,2
22642,2497,2131,2314,366,4628,2
22644,2216,2211,2213,5,4427,2
22647,2135,2098,2116,37,4233,2
22650,2208,2043,2125,165,4251,2
22662,2407,2225,2316,182,4632,2
22678,2167,2014,2090,153,4181,2
22681,2264,2111,2187,153,4375,2
22683,2447,2263,2355,184,4710,2
22684,2310,2212,2261,98,4522,2
22689,2189,2113,2151,76,4302,2
22697,2234,2007,2120,227,4241,2
22700,2334,2279,2306,55,4613,2
22707,2135,2113,2124,22,4248,2
22709,2476,2047,2261,429,4523,2
22714,2485,2141,2313,344,4626,2
22717,2561,1968,2264,593,4529,2
22719,2406,2195,2300,211,4601,2
22727,2254,2161,2207,93,4415,2
22732,2084,1997,2040,87,4081,2
22748,2180,1941,2060,239,4121,2
22750,2174,2049,2111,125,4223,2
22754,2401,2173,2287,228,4574,2
22763,2203,2161,2182,42,4364,2
22766,2306,2199,2252,107,4505,2
22769,2500,2191,2345,309,4691,2
22772,2318,2189,2253,129,4507,2
22777,2290,2185,2237,105,4475,2
22781,2238,2120,2179,118,4358,2
22782,2396,2175,2285,221,4571,2
22791,2381,2236,2308,145,4617,2
22793,2289,1933,2111,356,4222,2
22798,2368,2153,2260,215,4521,2
22799,2375,1826,2100,549,4201,2
22803,2511,1898,2204,613,4409,2
22805,2503,2223,2363,280,4726,2
22812,2390,2209,2299,181,4599,2
22814,2371,2177,2274,194,4548,2
22818,2319,2127,2223,192,4446,2
22822,2252,1907,2079,345,4159,2
22825,2520,2172,2346,348,4692,2
22832,2435,2217,2326,218,4652,2
22838,2179,1889,2034,290,4068,2
22839,2211,1927,2069,284,4138,2
22841,2211,2056,2133,155,4267,2
22856,2406,2068,2237,338,4474,2
22858,2341,2140,2240,201,4481,2
22864,2233,2029,2131,204,4262,2
22875,2223,1982,2102,241,4205,2
22876,2442,2174,2308,268,4616,2
22877,2430,2244,2337,186,4674,2
22878,2131,1921,2026,210,4052,2
22880,2553,1982,2267,571,4535,2
22882,2211,1930,2070,281,4141,2
22883,2439,2216,2327,223,4655,2
22885,2426,2032,2229,394,4458,2
22910,2572,1952,2262,620,4524,2
22912,2442,2204,2323,238,4646,2
22915,2379,1905,2142,474,4284,2
22916,2409,2264,2336,145,4673,2
22917,2237,2095,2166,142,4332,2
22931,2348,2249,2298,99,4597,2
22935,2350,2101,2225,249,4451,2
22936,2379,2272,2325,107,4651,2
22938,2444,2107,2275,337,4551,2
22940,2216,2142,2179,74,4358,2
22943,2276,2048,2162,228,4324,2
22944,2219,2037,2128,182,4256,2
22955,2426,2192,2309,234,4618,2
22959,2405,2003,2204,402,4408,2
22961,2325,2057,2191,268,4382,2
22965,2293,2160,2226,133,4453,2
22971,2416,1818,2117,598,4234,2
22988,2380,2228,2304,152,4608,2
22990,2391,2129,2260,262,4520,2
22992,2247,2167,2207,80,4414,2
23005,2330,2208,2269,122,4538,2
23008,2308,2010,2159,298,4318,2
23010,2476,2093,2284,383,4569,2
23017,2232,2118,2175,114,4350,2
23023,2381,2079,2230,302,4460,2
23026,2294,2203,2248,91,4497,2
23029,2451,2206,2328,245,4657,2
23030,2192,1962,2077,230,4154,2
23033,2196,2035,2115,161,4231,2
23035,2228,2069,2148,159,4297,2
23044,2375,2205,2290,170,4580,2
23049,2244,2069,2156,175,4313,2
23053,2174,2082,2128,92,4256,2
23058,2257,2183,2220,74,4440,2
23059,2225,1934,2079,291,4159,2
23063,2257,2227,2242,30,4484,2
23064,2479,2187,2333,292,4666,2
23067,2310,2012,2161,298,4322,2
23072,2319,1818,2068,501,4137,2
23073,2279,1953,2116,326,4232,2
23076,2310,1827,2068,483,4137,2
23087,2183,1969,2076,214,4152,2
23089,2271,1965,2118,306,4236,2
23097,2454,2202,2328,252,4656,2
23105,2296,2030,2163,266,4326,2
23123,2295,2077,2186,218,4372,2
23130,2273,1808,2040,465,4081,2
23131,2432,2031,2231,401,4463,2
23134,2428,2278,2353,150,4706,2
23136,2470,2106,2288,364,4576,2
23140,2390,2208,2299,182,4598,2
23151,2271,1935,2103,336,4206,2
23152,2315,2089,2202,226,4404,2
23154,2392,2277,2334,115,4669,2
23155,2383,2217,2300,166,4600,2
23157,2393,2224,2308,169,4617,2
23160,2275,2248,2261,27,4523,2
23162,2301,2099,2200,202,4400,2
23163,2194,2149,2171,45,4343,2
23168,2267,2226,2246,41,4493,2
23170,2320,2207,2263,113,4527,2
23171,2224,2095,2159,129,4319,2
23173,2460,2046,2253,414,4506,2
23182,2163,1874,2018,289,4037,2
23190,2404,1785,2094,619,4189,2
23194,2305,2200,2252,105,4505,2
23195,2321,2019,2170,302,4340,2
23201,2153,2020,2086,133,4173,2
23202,2418,2266,2342,152,4684,2
23206,2122,1934,2028,188,4056,2
23207,2212,1984,2098,228,4196,2
23215,2472,1960,2216,512,4432,2
23222,2438,1937,2187,501,4375,2
23223,2410,2025,2217,385,4435,2
23225,2301,2125,2213,176,4426,2
23228,2374,2119,2246,255,4493,2
23232,2433,2251,2342,182,4684,2
23237,2458,2204,2331,254,4662,2
23238,2313,2237,2275,76,4550,2
23241,2367,2228,2297,139,4595,2
23248,2366,2183,2274,183,4549,2
23252,2231,2210,2220,21,4441,2
23254,2379,2200,2289,179,4579,2
23257,2132,2093,2112,39,4225,2
23259,2291,2132,2211,159,4423,2
23260,2159,2068,2113,91,4227,2
23261,2231,2117,2174,114,4348,2
23263,2264,2004,2134,260,4268,2
23268,2196,2037,2116,159,4233,2
23273,2311,2160,2235,151,4471,2
23274,2219,2149,2184,70,4368,2
23283,2213,2009,2111,204,4222,2
23284,2428,2273,2350,155,4701,2
23285,2263,2188,2225,75,4451,2
23288,2347,1856,2101,491,4203,2
23292,2132,1959,2045,173,4091,2
23293,2427,2256,2341,171,4683,2
23299,2360,2233,2296,127,4593,2
23306,2469,2105,2287,364,4574,2
23307,2297,2215,2256,82,4512,2
23313,2369,2250,2309,119,4619,2
23315,2309,2067,2188,242,4376,2
23322,2673,1970,2321,703,4643,2
23324,2562,1969,2265,593,4531,2
23329,2125,1988,2056,137,4113,2
23330,2434,2015,2224,419,4449,2
23334,2237,2063,2150,174,4300,2
23337,2425,2137,2281,288,4562,2
23340,2398,2212,2305,186,4610,2
23341,2197,2049,2123,148,4246,2
23361,2341,2206,2273,135,4547,2
23367,2366,2021,2193,345,4387,2
23372,2598,2123,2360,475,4721,2
23373,2329,2249,2289,80,4578,2
23384,2529,2115,2322,414,4644,2
23386,2260,1871,2065,389,4131,2
23394,2212,2171,2191,41,4383,2
23397,2370,2263,2316,107,4633,2
23400,2236,1927,2081,309,4163,2
23401,2387,2229,2308,158,4616,2
23406,2413,1927,2170,486,4340,2
23410,2216,2077,2146,139,4293,2
23418,2371,2306,2338,65,4677,2
23421,2227,2030,2128,197,4257,2
23425,2343,1865,2104,478,4208,2
23427,2455,2135,2295,320,4590,2
23429,2183,2033,2108,150,4216,2
23434,2144,1910,2027,234,4054,2
23440,2082,2036,2059,46,4118,2
23441,2170,2126,2148,44,4296,2
23450,2328,2211,2269,117,4539,2
23451,2309,2085,2197,224,4394,2
23460,2427,2213,2320,214,4640,2
23461,2332,2126,2229,206,4458,2
23463,2392,2228,2310,164,4620,2
23465,2267,1954,2110,313,4221,2
23482,2343,2259,2301,84,4602,2
23484,2165,2067,2116,98,4232,2
23495,2393,2172,2282,221,4565,2
23496,2100,1978,2039,122,4078,2
23505,2211,2157,2184,54,4368,2
23506,2162,2108,2135,54,4270,2
23507,2233,2040,2136,193,4273,2
23509,2499,2240,2369,259,4739,2
23510,2488,1938,2213,550,4426,2
23517,2416,2095,2255,321,4511,2
23528,2304,1756,2030,548,4060,2
23539,2294,1960,2127,334,4254,2
23541,2323,2172,2247,151,4495,2
23542,2109,2052,2080,57,4161,2
23543,2214,1983,2098,231,4197,2
23547,2523,1929,2226,594,4452,2
23549,2314,2091,2202,223,4405,2
23551,2462,2254,2358,208,4716,2
23557,2407,2275,2341,132,4682,2
23559,2493,2228,2360,265,4721,2
23562,2379,2107,2243,272,4486,2
23565,2364,1974,2169,390,4338,2
23566,2243,2040,2141,203,4283,2
23571,2469,2172,2320,297,4641,2
23575,2431,2152,2291,279,4583,2
23578,2207,1861,2034,346,4068,2
23579,2155,1931,2043,224,4086,2
23581,2250,2080,2165,170,4330,2
23582,2182,2124,2153,58,4306,2
23588,2437,2044,2240,393,4481,2
23590,2316,2205,2260,111,4521,2
23593,2281,2007,2144,274,4288,2
23596,2322,1991,2156,331,4313,2
23599,2435,2266,2350,169,4701,2
23600,2149,2089,2119,60,4238,2
23610,2269,2197,2233,72,4466,2
23613,2616,2002,2309,614,4618,2
23615,2223,1801,2012,422,4024,2
23617,2334,2100,2217,234,4434,2
23619,2143,1994,2068,149,4137,2
23621,2435,2157,2296,278,4592,2
23622,2322,2219,2270,103,4541,2
23624,2259,1941,2100,318,4200,2
23626,2386,2172,2279,214,4558,2
23631,2284,1974,2129,310,4258,2
23636,2324,2042,2183,282,4366,2
23640,2374,2191,2282,183,4565,2
23641,2237,1958,2097,279,4195,2
23650,2356,2177,2266,179,4533,2
23657,2237,2157,2197,80,4394,2
23659,2102,2006,2054,96,4108,2
23660,2191,1878,2034,313,4069,2
23662,2309,2275,2292,34,4584,2
23663,2551,2179,2365,372,4730,2
23681,2068,2066,2067,2,4134,2
23684,2346,2276,2311,70,4622,2
23686,2600,2084,2342,516,4684,2
23687,2414,2285,2349,129,4699,2
23691,2298,2278,2288,20,4576,2
23697,2436,2249,2342,187,4685,2
23700,2197,2120,2158,77,4317,2
23701,2345,2214,2279,131,4559,2
23713,2356,2082,2219,274,4438,2
23715,2525,2227,2376,298,4752,2
23716,2146,2032,2089,114,4178,2
23725,2161,1921,2041,240,4082,2
23729,2375,1943,2159,432,4318,2
23731,2250,1694,1972,556,3944,2
23732,2265,2064,2164,201,4329,2
23737,2122,1992,2057,130,4114,2
23740,2198,1789,1993,409,3987,2
23743,2563,1942,2252,621,4505,2
23745,2398,2157,2277,241,4555,2
23755,2202,1927,2064,275,4129,2
23760,2317,2222,2269,95,4539,2
23765,2395,2163,2279,232,4558,2
23770,2316,2190,2253,126,4506,2
23773,2402,2101,2251,301,4503,2
23775,2175,2094,2134,81,4269,2
23778,2199,1956,2077,243,4155,2
23780,2363,2244,2303,119,4607,2
23782,2426,2230,2328,196,4656,2
23783,2176,1832,2004,344,4008,2
23785,2276,1958,2117,318,4234,2
23789,2118,2024,2071,94,4142,2
23793,2448,2137,2292,311,4585,2
23798,2248,1905,2076,343,4153,2
23805,2233,2114,2173,119,4347,2
23816,2413,2159,2286,254,4572,2
23819,2196,2031,2113,165,4227,2
23820,2599,2026,2312,573,4625,2
23826,2379,2294,2336,85,4673,2
23835,2299,2262,2280,37,4561,2
23840,2368,1839,2103,529,4207,2
23846,2089,2016,2052,73,4105,2
23860,2359,2307,2333,52,4666,2
23866,2228,2010,2119,218,4238,2
23872,2470,2208,2339,262,4678,2
23877,2282,2006,2144,276,4288,2
23883,2394,2288,2341,106,4682,2
23887,2092,1993,2042,99,4085,2
23889,2292,2043,2167,249,4335,2
23893,2335,2245,2290,90,4580,2
23898,2371,1944,2157,427,4315,2
23904,2414,2107,2260,307,4521,2
23907,2386,2111,2248,275,4497,2
23910,2442,1876,2159,566,4318,2
23919,2427,2274,2350,153,4701,2
23920,2146,1972,2059,174,4118,2
23924,2266,2202,2234,64,4468,2
23929,2375,2073,2224,302,4448,2
23949,2392,1989,2190,403,4381,2
23950,2328,2275,2301,53,4603,2
23951,2141,1943,2042,198,4084,2
23952,2264,2087,2175,177,4351,2
23963,2296,1987,2141,309,4283,2
23970,2270,2027,2148,243,4297,2
23971,2292,2046,2169,246,4338,2
23974,2311,2177,2244,134,4488,2
23977,2347,2240,2293,107,4587,2
23978,2375,2211,2293,164,4586,2
23982,2232,1918,2075,314,4150,2
23990,2402,2260,2331,142,4662,2
23992,2129,2130,2129,-1,4259,2
23993,2448,2128,2288,320,4576,2
23994,2321,2186,2253,135,4507,2
23995,2228,2079,2153,149,4307,2
23996,2259,2201,2230,58,4460,2
23997,2351,2083,2217,268,4434,2
23999,2263,2099,2181,164,4362,2
24003,2298,2120,2209,178,4418,2
24009,2659,1907,2283,752,4566,2
24016,2318,2101,2209,217,4419,2
24018,2251,1941,2096,310,4192,2
24021,2404,2009,2206,395,4413,2
24024,2451,2203,2327,248,4654,2
24027,2307,2233,2270,74,4540,2
24028,2323,2061,2192,262,4384,2
24029,2355,2308,2331,47,4663,2
24032,2101,2027,2064,74,4128,2
24034,2181,1929,2055,252,4110,2
24036,2079,2007,2043,72,4086,2
24039,2411,2165,2288,246,4576,2
24050,2440,2045,2242,395,4485,2
24057,2349,2019,2184,330,4368,2
24062,2474,2254,2364,220,4728,2
24070,2344,1918,2131,426,4262,2
24073,2192,2163,2177,29,4355,2
24078,2210,2115,2162,95,4325,2
24084,2470,2205,2337,265,4675,2
24085,2140,1962,2051,178,4102,2
24086,2424,1967,2195,457,4391,2
24087,2175,2116,2145,59,4291,2
24088,2382,2127,2254,255,4509,2
24089,2595,2156,2375,439,4751,2
24102,2456,2202,2329,254,4658,2
24112,2287,2252,2269,35,4539,2
24115,2293,2270,2281,23,4563,2
24121,2311,2018,2164,293,4329,2
24124,2507,2152,2329,355,4659,2
24128,2163,1928,2045,235,4091,2
24135,2294,2109,2201,185,4403,2
24138,2443,2243,2343,200,4686,2
24141,2155,1940,2047,215,4095,2
24144,2456,1944,2200,512,4400,2
24145,2314,2219,2266,95,4533,2
24148,2254,2013,2133,241,4267,2
24154,2616,2032,2324,584,4648,2
24155,2123,2005,2064,118,4128,2
24157,2283,2040,2161,243,4323,2
24158,2176,2043,2109,133,4219,2
24164,2236,2089,2162,147,4325,2
24171,2419,2110,2264,309,4529,2
24177,2343,2255,2299,88,4598,2
24190,2367,1993,2180,374,4360,2
24191,2297,1991,2144,306,4288,2
24192,2068,2045,2056,23,4113,2
24193,2271,1948,2109,323,4219,2
24201,2200,1996,2098,204,4196,2
24208,2247,1925,2086,322,4172,2
24209,2187,2018,2102,169,4205,2
24218,2275,2154,2214,121,4429,2
24225,2164,1981,2072,183,4145,2
24228,2413,2001,2207,412,4414,2
24229,2282,2007,2144,275,4289,2
24231,2371,2101,2236,270,4472,2
24232,2469,2122,2295,347,4591,2
24243,2344,2137,2240,207,4481,2
24247,2154,2033,2093,121,4187,2
24253,2319,2069,2194,250,4388,2
