,WhiteElo,BlackElo,MeanElos,DiffElos,SumElos,Class
0,2354,2411,2382,-57,4765,1
8,2611,2520,2565,91,5131,1
20,2345,2560,2452,-215,4905,1
22,2550,2502,2526,48,5052,1
24,2413,2315,2364,98,4728,1
27,2522,2285,2403,237,4807,1
28,2482,2329,2405,153,4811,1
34,2369,2394,2381,-25,4763,1
35,2529,2255,2392,274,4784,1
38,2376,2591,2483,-215,4967,1
45,2281,2524,2402,-243,4805,1
49,2613,2742,2677,-129,5355,1
51,2485,2293,2389,192,4778,1
54,2700,2753,2726,-53,5453,1
58,2453,2268,2360,185,4721,1
62,2353,2327,2340,26,4680,1
64,2248,2512,2380,-264,4760,1
71,2516,2706,2611,-190,5222,1
73,2706,2713,2709,-7,5419,1
76,2391,2431,2411,-40,4822,1
81,2460,2329,2394,131,4789,1
82,2443,2407,2425,36,4850,1
83,2548,2475,2511,73,5023,1
85,2484,2507,2495,-23,4991,1
87,2583,2461,2522,122,5044,1
88,2531,2552,2541,-21,5083,1
89,2291,2459,2375,-168,4750,1
93,2250,2680,2465,-430,4930,1
94,2645,2522,2583,123,5167,1
98,2668,2390,2529,278,5058,1
99,2534,2731,2632,-197,5265,1
100,2382,2580,2481,-198,4962,1
105,2469,2663,2566,-194,5132,1
109,2359,2356,2357,3,4715,1
113,2527,2507,2517,20,5034,1
115,2552,2331,2441,221,4883,1
117,2430,2410,2420,20,4840,1
119,2276,2455,2365,-179,4731,1
120,2706,2739,2722,-33,5445,1
122,2595,2614,2604,-19,5209,1
125,2427,2322,2374,105,4749,1
126,2577,2574,2575,3,5151,1
127,2489,2621,2555,-132,5110,1
128,2409,2354,2381,55,4763,1
135,2451,2655,2553,-204,5106,1
136,2484,2463,2473,21,4947,1
137,2597,2605,2601,-8,5202,1
146,2437,2359,2398,78,4796,1
155,2469,2608,2538,-139,5077,1
158,2556,2693,2624,-137,5249,1
159,2512,2571,2541,-59,5083,1
161,2430,2550,2490,-120,4980,1
162,2329,2468,2398,-139,4797,1
164,2554,2607,2580,-53,5161,1
168,2347,2479,2413,-132,4826,1
171,2298,2516,2407,-218,4814,1
181,2559,2440,2499,119,4999,1
184,2591,2590,2590,1,5181,1
187,2538,2394,2466,144,4932,1
194,2287,2496,2391,-209,4783,1
199,2548,2477,2512,71,5025,1
201,2585,2546,2565,39,5131,1
202,2625,2244,2434,381,4869,1
203,2505,2287,2396,218,4792,1
206,2624,2621,2622,3,5245,1
209,2459,2312,2385,147,4771,1
210,2311,2492,2401,-181,4803,1
212,2359,2353,2356,6,4712,1
224,2442,2280,2361,162,4722,1
228,2411,2493,2452,-82,4904,1
236,2408,2399,2403,9,4807,1
238,2773,2761,2767,12,5534,1
239,2699,2764,2731,-65,5463,1
244,2504,2519,2511,-15,5023,1
247,2705,2577,2641,128,5282,1
248,2449,2303,2376,146,4752,1
251,2625,2503,2564,122,5128,1
253,2540,2662,2601,-122,5202,1
261,2464,2493,2478,-29,4957,1
266,2442,2397,2419,45,4839,1
269,2666,2548,2607,118,5214,1
271,2414,2404,2409,10,4818,1
281,2466,2270,2368,196,4736,1
282,2511,2403,2457,108,4914,1
285,2354,2491,2422,-137,4845,1
287,2603,2417,2510,186,5020,1
290,2437,2387,2412,50,4824,1
299,2364,2398,2381,-34,4762,1
303,2431,2717,2574,-286,5148,1
305,2552,2511,2531,41,5063,1
306,2479,2310,2394,169,4789,1
307,2484,2349,2416,135,4833,1
309,2651,2477,2564,174,5128,1
312,2309,2608,2458,-299,4917,1
314,2464,2424,2444,40,4888,1
317,2638,2388,2513,250,5026,1
320,2521,2344,2432,177,4865,1
321,2577,2466,2521,111,5043,1
323,2695,2612,2653,83,5307,1
325,2345,2534,2439,-189,4879,1
326,2556,2302,2429,254,4858,1
327,2454,2472,2463,-18,4926,1
328,2645,2464,2554,181,5109,1
330,2568,2440,2504,128,5008,1
333,2374,2554,2464,-180,4928,1
341,2596,2291,2443,305,4887,1
343,2645,2302,2473,343,4947,1
346,2543,2412,2477,131,4955,1
348,2457,2309,2383,148,4766,1
349,2481,2252,2366,229,4733,1
353,2631,2711,2671,-80,5342,1
356,2250,2507,2378,-257,4757,1
365,2350,2521,2435,-171,4871,1
366,2497,2351,2424,146,4848,1
367,2404,2414,2409,-10,4818,1
368,2583,2206,2394,377,4789,1
374,2667,2375,2521,292,5042,1
375,2488,2531,2509,-43,5019,1
377,2693,2469,2581,224,5162,1
378,2521,2475,2498,46,4996,1
386,2445,2583,2514,-138,5028,1
390,2292,2593,2442,-301,4885,1
391,2465,2710,2587,-245,5175,1
392,2405,2539,2472,-134,4944,1
398,2409,2573,2491,-164,4982,1
400,2453,2510,2481,-57,4963,1
404,2398,2370,2384,28,4768,1
407,2664,2610,2637,54,5274,1
408,2566,2501,2533,65,5067,1
409,2678,2734,2706,-56,5412,1
413,2370,2601,2485,-231,4971,1
414,2299,2494,2396,-195,4793,1
415,2433,2377,2405,56,4810,1
416,2639,2368,2503,271,5007,1
422,2312,2596,2454,-284,4908,1
423,2366,2516,2441,-150,4882,1
425,2405,2445,2425,-40,4850,1
427,2520,2630,2575,-110,5150,1
436,2314,2552,2433,-238,4866,1
438,2315,2456,2385,-141,4771,1
443,2335,2436,2385,-101,4771,1
444,2786,2772,2779,14,5558,1
447,2330,2563,2446,-233,4893,1
448,2536,2421,2478,115,4957,1
451,2349,2597,2473,-248,4946,1
452,2490,2422,2456,68,4912,1
454,2415,2416,2415,-1,4831,1
462,2513,2392,2452,121,4905,1
463,2312,2417,2364,-105,4729,1
465,2543,2399,2471,144,4942,1
469,2686,2439,2562,247,5125,1
470,2371,2436,2403,-65,4807,1
474,2526,2409,2467,117,4935,1
476,2465,2474,2469,-9,4939,1
482,2647,2556,2601,91,5203,1
483,2544,2695,2619,-151,5239,1
486,2607,2269,2438,338,4876,1
492,2385,2482,2433,-97,4867,1
494,2635,2562,2598,73,5197,1
497,2573,2487,2530,86,5060,1
503,2454,2482,2468,-28,4936,1
504,2254,2646,2450,-392,4900,1
506,2467,2327,2397,140,4794,1
507,2344,2407,2375,-63,4751,1
508,2588,2549,2568,39,5137,1
510,2315,2480,2397,-165,4795,1
520,2316,2531,2423,-215,4847,1
523,2327,2463,2395,-136,4790,1
527,2496,2458,2477,38,4954,1
530,2578,2491,2534,87,5069,1
531,2503,2610,2556,-107,5113,1
542,2567,2283,2425,284,4850,1
551,2483,2526,2504,-43,5009,1
552,2497,2312,2404,185,4809,1
556,2411,2673,2542,-262,5084,1
557,2693,2529,2611,164,5222,1
561,2450,2683,2566,-233,5133,1
567,2348,2628,2488,-280,4976,1
569,2610,2517,2563,93,5127,1
571,2350,2414,2382,-64,4764,1
578,2663,2521,2592,142,5184,1
579,2265,2569,2417,-304,4834,1
581,2410,2549,2479,-139,4959,1
582,2459,2408,2433,51,4867,1
583,2481,2445,2463,36,4926,1
586,2601,2602,2601,-1,5203,1
594,2483,2321,2402,162,4804,1
595,2366,2569,2467,-203,4935,1
597,2628,2616,2622,12,5244,1
598,2391,2473,2432,-82,4864,1
606,2510,2549,2529,-39,5059,1
608,2411,2432,2421,-21,4843,1
609,2621,2444,2532,177,5065,1
610,2375,2339,2357,36,4714,1
612,2562,2487,2524,75,5049,1
613,2580,2779,2679,-199,5359,1
614,2595,2653,2624,-58,5248,1
621,2506,2468,2487,38,4974,1
624,2365,2422,2393,-57,4787,1
627,2558,2494,2526,64,5052,1
632,2605,2575,2590,30,5180,1
638,2366,2409,2387,-43,4775,1
639,2612,2434,2523,178,5046,1
644,2575,2498,2536,77,5073,1
648,2711,2226,2468,485,4937,1
652,2553,2464,2508,89,5017,1
653,2391,2312,2351,79,4703,1
655,2657,2530,2593,127,5187,1
657,2438,2354,2396,84,4792,1
658,2393,2489,2441,-96,4882,1
659,2746,2702,2724,44,5448,1
660,2580,2463,2521,117,5043,1
661,2550,2480,2515,70,5030,1
662,2476,2287,2381,189,4763,1
663,2261,2527,2394,-266,4788,1
664,2513,2494,2503,19,5007,1
669,2598,2461,2529,137,5059,1
672,2288,2475,2381,-187,4763,1
673,2615,2677,2646,-62,5292,1
677,2350,2547,2448,-197,4897,1
679,2566,2501,2533,65,5067,1
682,2442,2437,2439,5,4879,1
684,2324,2509,2416,-185,4833,1
685,2384,2350,2367,34,4734,1
688,2436,2468,2452,-32,4904,1
691,2399,2404,2401,-5,4803,1
692,2486,2366,2426,120,4852,1
693,2315,2549,2432,-234,4864,1
695,2379,2617,2498,-238,4996,1
696,2377,2329,2353,48,4706,1
698,2388,2529,2458,-141,4917,1
704,2532,2234,2383,298,4766,1
705,2404,2314,2359,90,4718,1
706,2324,2376,2350,-52,4700,1
713,2547,2353,2450,194,4900,1
717,2430,2418,2424,12,4848,1
721,2437,2533,2485,-96,4970,1
724,2404,2444,2424,-40,4848,1
732,2406,2498,2452,-92,4904,1
734,2425,2533,2479,-108,4958,1
736,2493,2529,2511,-36,5022,1
739,2296,2496,2396,-200,4792,1
740,2293,2580,2436,-287,4873,1
743,2512,2453,2482,59,4965,1
744,2352,2474,2413,-122,4826,1
746,2509,2322,2415,187,4831,1
749,2590,2484,2537,106,5074,1
753,2291,2423,2357,-132,4714,1
755,2578,2648,2613,-70,5226,1
757,2561,2449,2505,112,5010,1
761,2515,2414,2464,101,4929,1
762,2458,2576,2517,-118,5034,1
763,2783,2756,2769,27,5539,1
764,2517,2379,2448,138,4896,1
766,2655,2541,2598,114,5196,1
768,2402,2569,2485,-167,4971,1
769,2441,2567,2504,-126,5008,1
773,2663,2589,2626,74,5252,1
774,2740,2676,2708,64,5416,1
776,2310,2391,2350,-81,4701,1
778,2327,2637,2482,-310,4964,1
783,2589,2288,2438,301,4877,1
784,2397,2297,2347,100,4694,1
787,2388,2311,2349,77,4699,1
790,2369,2558,2463,-189,4927,1
792,2402,2579,2490,-177,4981,1
794,2560,2368,2464,192,4928,1
798,2560,2682,2621,-122,5242,1
800,2635,2611,2623,24,5246,1
801,2602,2518,2560,84,5120,1
802,2437,2453,2445,-16,4890,1
807,2475,2457,2466,18,4932,1
810,2488,2281,2384,207,4769,1
811,2604,2399,2501,205,5003,1
813,2475,2688,2581,-213,5163,1
814,2632,2706,2669,-74,5338,1
815,2484,2638,2561,-154,5122,1
816,2607,2452,2529,155,5059,1
818,2440,2325,2382,115,4765,1
821,2531,2678,2604,-147,5209,1
822,2390,2514,2452,-124,4904,1
825,2409,2537,2473,-128,4946,1
826,2509,2462,2485,47,4971,1
827,2330,2449,2389,-119,4779,1
828,2291,2605,2448,-314,4896,1
829,2311,2458,2384,-147,4769,1
831,2387,2434,2410,-47,4821,1
834,2389,2488,2438,-99,4877,1
835,2629,2609,2619,20,5238,1
843,2474,2463,2468,11,4937,1
844,2443,2482,2462,-39,4925,1
845,2661,2631,2646,30,5292,1
848,2357,2407,2382,-50,4764,1
858,2658,2729,2693,-71,5387,1
860,2357,2447,2402,-90,4804,1
864,2753,2734,2743,19,5487,1
867,2500,2744,2622,-244,5244,1
869,2749,2663,2706,86,5412,1
874,2354,2640,2497,-286,4994,1
877,2532,2624,2578,-92,5156,1
880,2327,2391,2359,-64,4718,1
881,2381,2508,2444,-127,4889,1
886,2507,2552,2529,-45,5059,1
888,2540,2485,2512,55,5025,1
891,2477,2279,2378,198,4756,1
897,2579,2549,2564,30,5128,1
908,2289,2431,2360,-142,4720,1
909,2706,2734,2720,-28,5440,1
914,2415,2525,2470,-110,4940,1
916,2438,2539,2488,-101,4977,1
917,2435,2643,2539,-208,5078,1
918,2329,2504,2416,-175,4833,1
919,2516,2237,2376,279,4753,1
922,2524,2496,2510,28,5020,1
925,2377,2540,2458,-163,4917,1
927,2391,2505,2448,-114,4896,1
938,2581,2698,2639,-117,5279,1
943,2552,2438,2495,114,4990,1
944,2714,2501,2607,213,5215,1
948,2365,2499,2432,-134,4864,1
950,2548,2412,2480,136,4960,1
951,2360,2464,2412,-104,4824,1
952,2533,2520,2526,13,5053,1
954,2331,2677,2504,-346,5008,1
956,2438,2473,2455,-35,4911,1
960,2364,2398,2381,-34,4762,1
964,2537,2312,2424,225,4849,1
968,2574,2606,2590,-32,5180,1
969,2484,2284,2384,200,4768,1
971,2638,2706,2672,-68,5344,1
972,2396,2625,2510,-229,5021,1
973,2556,2462,2509,94,5018,1
977,2766,2732,2749,34,5498,1
983,2342,2328,2335,14,4670,1
984,2637,2631,2634,6,5268,1
986,2528,2686,2607,-158,5214,1
988,2442,2278,2360,164,4720,1
991,2615,2722,2668,-107,5337,1
992,2402,2385,2393,17,4787,1
993,2785,2673,2729,112,5458,1
995,2400,2488,2444,-88,4888,1
998,2506,2457,2481,49,4963,1
999,2801,2543,2672,258,5344,1
1000,2441,2510,2475,-69,4951,1
1005,2471,2583,2527,-112,5054,1
1006,2571,2289,2430,282,4860,1
1008,2704,2617,2660,87,5321,1
1010,2488,2417,2452,71,4905,1
1016,2712,2498,2605,214,5210,1
1017,2399,2316,2357,83,4715,1
1018,2468,2538,2503,-70,5006,1
1020,2678,2172,2425,506,4850,1
1024,2620,2460,2540,160,5080,1
1025,2330,2455,2392,-125,4785,1
1033,2700,2647,2673,53,5347,1
1035,2518,2420,2469,98,4938,1
1038,2356,2327,2341,29,4683,1
1042,2563,2288,2425,275,4851,1
1044,2489,2524,2506,-35,5013,1
1045,2555,2379,2467,176,4934,1
1053,2621,2714,2667,-93,5335,1
1054,2529,2654,2591,-125,5183,1
1055,2605,2613,2609,-8,5218,1
1057,2571,2478,2524,93,5049,1
1059,2331,2486,2408,-155,4817,1
1061,2487,2449,2468,38,4936,1
1064,2558,2655,2606,-97,5213,1
1065,2672,2713,2692,-41,5385,1
1067,2647,2620,2633,27,5267,1
1068,2561,2451,2506,110,5012,1
1069,2486,2488,2487,-2,4974,1
1070,2565,2477,2521,88,5042,1
1074,2653,2546,2599,107,5199,1
1075,2627,2628,2627,-1,5255,1
1077,2593,2590,2591,3,5183,1
1078,2548,2578,2563,-30,5126,1
1079,2640,2541,2590,99,5181,1
1080,2720,2792,2756,-72,5512,1
1081,2305,2529,2417,-224,4834,1
1082,2374,2309,2341,65,4683,1
1085,2456,2378,2417,78,4834,1
1091,2540,2576,2558,-36,5116,1
1093,2380,2456,2418,-76,4836,1
1095,2417,2448,2432,-31,4865,1
1096,2351,2542,2446,-191,4893,1
1097,2495,2404,2449,91,4899,1
1098,2392,2642,2517,-250,5034,1
1101,2691,2712,2701,-21,5403,1
1102,2538,2582,2560,-44,5120,1
1105,2462,2508,2485,-46,4970,1
1107,2344,2324,2334,20,4668,1
1113,2470,2625,2547,-155,5095,1
1115,2509,2458,2483,51,4967,1
1116,2377,2374,2375,3,4751,1
1117,2479,2639,2559,-160,5118,1
1124,2226,2598,2412,-372,4824,1
1126,2529,2362,2445,167,4891,1
1128,2673,2549,2611,124,5222,1
1131,2358,2422,2390,-64,4780,1
1133,2544,2529,2536,15,5073,1
1135,2455,2546,2500,-91,5001,1
1140,2537,2512,2524,25,5049,1
1141,2396,2549,2472,-153,4945,1
1147,2474,2608,2541,-134,5082,1
1149,2243,2578,2410,-335,4821,1
1150,2386,2510,2448,-124,4896,1
1151,2272,2598,2435,-326,4870,1
1156,2366,2616,2491,-250,4982,1
1158,2486,2492,2489,-6,4978,1
1159,2345,2525,2435,-180,4870,1
1160,2310,2445,2377,-135,4755,1
1161,2466,2498,2482,-32,4964,1
1162,2342,2357,2349,-15,4699,1
1164,2402,2367,2384,35,4769,1
1167,2558,2696,2627,-138,5254,1
1169,2547,2443,2495,104,4990,1
1170,2506,2345,2425,161,4851,1
1171,2604,2571,2587,33,5175,1
1173,2399,2369,2384,30,4768,1
1174,2516,2475,2495,41,4991,1
1175,2682,2641,2661,41,5323,1
1177,2510,2269,2389,241,4779,1
1178,2436,2638,2537,-202,5074,1
1180,2551,2421,2486,130,4972,1
1181,2574,2340,2457,234,4914,1
1186,2550,2416,2483,134,4966,1
1190,2708,2779,2743,-71,5487,1
1194,2568,2679,2623,-111,5247,1
1195,2418,2358,2388,60,4776,1
1200,2299,2533,2416,-234,4832,1
1201,2211,2610,2410,-399,4821,1
1205,2431,2313,2372,118,4744,1
1207,2563,2412,2487,151,4975,1
1210,2552,2326,2439,226,4878,1
1211,2383,2396,2389,-13,4779,1
1213,2504,2660,2582,-156,5164,1
1214,2632,2554,2593,78,5186,1
1220,2500,2562,2531,-62,5062,1
1222,2663,2438,2550,225,5101,1
1224,2591,2420,2505,171,5011,1
1225,2518,2348,2433,170,4866,1
1229,2394,2473,2433,-79,4867,1
1231,2340,2457,2398,-117,4797,1
1233,2470,2663,2566,-193,5133,1
1239,2560,2318,2439,242,4878,1
1240,2527,2421,2474,106,4948,1
1241,2316,2470,2393,-154,4786,1
1243,2623,2383,2503,240,5006,1
1245,2524,2386,2455,138,4910,1
1247,2406,2426,2416,-20,4832,1
1249,2553,2340,2446,213,4893,1
1251,2503,2418,2460,85,4921,1
1253,2723,2712,2717,11,5435,1
1254,2608,2543,2575,65,5151,1
1255,2250,2609,2429,-359,4859,1
1261,2522,2625,2573,-103,5147,1
1266,2188,2636,2412,-448,4824,1
1268,2583,2640,2611,-57,5223,1
1275,2288,2579,2433,-291,4867,1
1277,2593,2511,2552,82,5104,1
1286,2484,2432,2458,52,4916,1
1288,2474,2299,2386,175,4773,1
1290,2371,2461,2416,-90,4832,1
1292,2401,2512,2456,-111,4913,1
1303,2428,2549,2488,-121,4977,1
1304,2527,2636,2581,-109,5163,1
1305,2539,2269,2404,270,4808,1
1309,2593,2560,2576,33,5153,1
1310,2541,2556,2548,-15,5097,1
1316,2320,2416,2368,-96,4736,1
1317,2582,2545,2563,37,5127,1
1318,2510,2374,2442,136,4884,1
1323,2429,2563,2496,-134,4992,1
1331,2484,2446,2465,38,4930,1
1333,2403,2364,2383,39,4767,1
1336,2364,2716,2540,-352,5080,1
1337,2557,2264,2410,293,4821,1
1340,2570,2454,2512,116,5024,1
1346,2558,2529,2543,29,5087,1
1348,2706,2417,2561,289,5123,1
1350,2500,2425,2462,75,4925,1
1354,2480,2363,2421,117,4843,1
1355,2417,2322,2369,95,4739,1
1357,2344,2546,2445,-202,4890,1
1367,2442,2274,2358,168,4716,1
1368,2658,2709,2683,-51,5367,1
1369,2548,2338,2443,210,4886,1
1370,2402,2664,2533,-262,5066,1
1376,2422,2373,2397,49,4795,1
1377,2511,2541,2526,-30,5052,1
1378,2648,2502,2575,146,5150,1
1380,2531,2339,2435,192,4870,1
1383,2612,2472,2542,140,5084,1
1385,2403,2368,2385,35,4771,1
1387,2470,2584,2527,-114,5054,1
1389,2605,2524,2564,81,5129,1
1395,2597,2659,2628,-62,5256,1
1396,2469,2439,2454,30,4908,1
1403,2482,2542,2512,-60,5024,1
1405,2379,2556,2467,-177,4935,1
1407,2496,2314,2405,182,4810,1
1414,2315,2466,2390,-151,4781,1
1416,2813,2648,2730,165,5461,1
1417,2384,2389,2386,-5,4773,1
1418,2438,2398,2418,40,4836,1
1422,2571,2420,2495,151,4991,1
1425,2552,2440,2496,112,4992,1
1435,2542,2608,2575,-66,5150,1
1439,2717,2663,2690,54,5380,1
1441,2536,2669,2602,-133,5205,1
1442,2426,2303,2364,123,4729,1
1444,2358,2402,2380,-44,4760,1
1449,2486,2629,2557,-143,5115,1
1453,2586,2476,2531,110,5062,1
1455,2599,2659,2629,-60,5258,1
1456,2448,2490,2469,-42,4938,1
1460,2558,2375,2466,183,4933,1
1464,2392,2526,2459,-134,4918,1
1465,2816,2697,2756,119,5513,1
1469,2544,2631,2587,-87,5175,1
1470,2500,2289,2394,211,4789,1
1471,2416,2458,2437,-42,4874,1
1472,2454,2721,2587,-267,5175,1
1474,2734,2753,2743,-19,5487,1
1475,2363,2506,2434,-143,4869,1
1477,2444,2498,2471,-54,4942,1
1479,2426,2522,2474,-96,4948,1
1480,2422,2546,2484,-124,4968,1
1483,2308,2518,2413,-210,4826,1
1486,2547,2581,2564,-34,5128,1
1489,2682,2249,2465,433,4931,1
1490,2494,2470,2482,24,4964,1
1491,2442,2723,2582,-281,5165,1
1493,2725,2666,2695,59,5391,1
1495,2449,2349,2399,100,4798,1
1498,2433,2375,2404,58,4808,1
1500,2630,2482,2556,148,5112,1
1503,2651,2358,2504,293,5009,1
1504,2559,2430,2494,129,4989,1
1507,2367,2365,2366,2,4732,1
1508,2518,2503,2510,15,5021,1
1516,2477,2368,2422,109,4845,1
1520,2284,2619,2451,-335,4903,1
1522,2292,2427,2359,-135,4719,1
1526,2386,2480,2433,-94,4866,1
1528,2296,2538,2417,-242,4834,1
1530,2555,2590,2572,-35,5145,1
1531,2713,2505,2609,208,5218,1
1532,2487,2515,2501,-28,5002,1
1534,2547,2271,2409,276,4818,1
1537,2518,2644,2581,-126,5162,1
1540,2540,2505,2522,35,5045,1
1542,2479,2586,2532,-107,5065,1
1543,2498,2628,2563,-130,5126,1
1544,2431,2546,2488,-115,4977,1
1546,2257,2514,2385,-257,4771,1
1548,2412,2646,2529,-234,5058,1
1549,2609,2705,2657,-96,5314,1
1552,2476,2418,2447,58,4894,1
1553,2516,2242,2379,274,4758,1
1555,2396,2585,2490,-189,4981,1
1556,2527,2617,2572,-90,5144,1
1559,2583,2460,2521,123,5043,1
1561,2639,2535,2587,104,5174,1
1562,2529,2545,2537,-16,5074,1
1563,2504,2358,2431,146,4862,1
1564,2408,2487,2447,-79,4895,1
1568,2643,2592,2617,51,5235,1
1569,2375,2496,2435,-121,4871,1
1570,2267,2548,2407,-281,4815,1
1573,2697,2641,2669,56,5338,1
1575,2619,2440,2529,179,5059,1
1577,2505,2408,2456,97,4913,1
1580,2585,2508,2546,77,5093,1
1582,2518,2427,2472,91,4945,1
1585,2678,2706,2692,-28,5384,1
1586,2313,2584,2448,-271,4897,1
1587,2661,2720,2690,-59,5381,1
1588,2417,2389,2403,28,4806,1
1592,2446,2487,2466,-41,4933,1
1595,2570,2277,2423,293,4847,1
1599,2547,2567,2557,-20,5114,1
1600,2473,2330,2401,143,4803,1
1601,2380,2325,2352,55,4705,1
1610,2757,2758,2757,-1,5515,1
1619,2488,2645,2566,-157,5133,1
1621,2371,2458,2414,-87,4829,1
1622,2675,2753,2714,-78,5428,1
1624,2665,2671,2668,-6,5336,1
1627,2742,2630,2686,112,5372,1
1629,2599,2374,2486,225,4973,1
1633,2604,2295,2449,309,4899,1
1639,2489,2281,2385,208,4770,1
1646,2413,2330,2371,83,4743,1
1648,2487,2631,2559,-144,5118,1
1651,2335,2435,2385,-100,4770,1
1656,2422,2583,2502,-161,5005,1
1657,2414,2299,2356,115,4713,1
1665,2570,2410,2490,160,4980,1
1667,2253,2545,2399,-292,4798,1
1668,2601,2614,2607,-13,5215,1
1672,2554,2381,2467,173,4935,1
1674,2439,2607,2523,-168,5046,1
1678,2556,2411,2483,145,4967,1
1679,2495,2289,2392,206,4784,1
1680,2655,2544,2599,111,5199,1
1681,2731,2703,2717,28,5434,1
1683,2470,2558,2514,-88,5028,1
1685,2688,2619,2653,69,5307,1
1695,2555,2651,2603,-96,5206,1
1697,2485,2281,2383,204,4766,1
1699,2340,2332,2336,8,4672,1
1705,2315,2512,2413,-197,4827,1
1709,2477,2499,2488,-22,4976,1
1710,2575,2641,2608,-66,5216,1
1715,2447,2430,2438,17,4877,1
1719,2321,2507,2414,-186,4828,1
1721,2282,2706,2494,-424,4988,1
1728,2603,2548,2575,55,5151,1
1734,2208,2632,2420,-424,4840,1
1738,2423,2426,2424,-3,4849,1
1742,2472,2311,2391,161,4783,1
1750,2552,2379,2465,173,4931,1
1751,2665,2639,2652,26,5304,1
1756,2770,2769,2769,1,5539,1
1761,2507,2294,2400,213,4801,1
1764,2428,2489,2458,-61,4917,1
1765,2516,2711,2613,-195,5227,1
1767,2625,2425,2525,200,5050,1
1773,2543,2605,2574,-62,5148,1
1775,2605,2706,2655,-101,5311,1
1781,2473,2273,2373,200,4746,1
1782,2528,2428,2478,100,4956,1
1785,2338,2581,2459,-243,4919,1
1792,2605,2418,2511,187,5023,1
1807,2564,2352,2458,212,4916,1
1816,2652,2412,2532,240,5064,1
1819,2458,2511,2484,-53,4969,1
1822,2675,2534,2604,141,5209,1
1824,2438,2347,2392,91,4785,1
1825,2525,2464,2494,61,4989,1
1836,2565,2517,2541,48,5082,1
1843,2373,2507,2440,-134,4880,1
1845,2434,2338,2386,96,4772,1
1850,2450,2482,2466,-32,4932,1
1852,2436,2673,2554,-237,5109,1
1855,2416,2481,2448,-65,4897,1
1859,2659,2451,2555,208,5110,1
1865,2595,2479,2537,116,5074,1
1868,2431,2412,2421,19,4843,1
1871,2469,2493,2481,-24,4962,1
1873,2703,2730,2716,-27,5433,1
1876,2375,2514,2444,-139,4889,1
1879,2311,2460,2385,-149,4771,1
1880,2741,2617,2679,124,5358,1
1882,2698,2572,2635,126,5270,1
1888,2506,2409,2457,97,4915,1
1893,2308,2491,2399,-183,4799,1
1894,2557,2339,2448,218,4896,1
1901,2275,2469,2372,-194,4744,1
1904,2313,2501,2407,-188,4814,1
1905,2490,2464,2477,26,4954,1
1907,2529,2476,2502,53,5005,1
1908,2593,2574,2583,19,5167,1
1910,2361,2493,2427,-132,4854,1
1911,2574,2286,2430,288,4860,1
1917,2401,2474,2437,-73,4875,1
1919,2505,2642,2573,-137,5147,1
1922,2430,2470,2450,-40,4900,1
1925,2663,2471,2567,192,5134,1
1929,2506,2771,2638,-265,5277,1
1931,2338,2445,2391,-107,4783,1
1933,2463,2432,2447,31,4895,1
1937,2377,2656,2516,-279,5033,1
1940,2655,2331,2493,324,4986,1
1941,2441,2512,2476,-71,4953,1
1943,2560,2669,2614,-109,5229,1
1945,2669,2500,2584,169,5169,1
1948,2751,2331,2541,420,5082,1
1949,2568,2329,2448,239,4897,1
1952,2651,2659,2655,-8,5310,1
1957,2364,2362,2363,2,4726,1
1958,2499,2254,2376,245,4753,1
1960,2498,2471,2484,27,4969,1
1961,2437,2294,2365,143,4731,1
1962,2724,2672,2698,52,5396,1
1968,2437,2292,2364,145,4729,1
1969,2366,2443,2404,-77,4809,1
1971,2361,2360,2360,1,4721,1
1974,2594,2320,2457,274,4914,1
1977,2443,2636,2539,-193,5079,1
1984,2363,2426,2394,-63,4789,1
1987,2432,2286,2359,146,4718,1
1989,2448,2359,2403,89,4807,1
1995,2597,2374,2485,223,4971,1
2002,2592,2531,2561,61,5123,1
2005,2381,2457,2419,-76,4838,1
2009,2443,2416,2429,27,4859,1
2011,2678,2628,2653,50,5306,1
2012,2536,2316,2426,220,4852,1
2017,2731,2756,2743,-25,5487,1
2018,2624,2526,2575,98,5150,1
2019,2531,2554,2542,-23,5085,1
2020,2503,2385,2444,118,4888,1
2024,2367,2310,2338,57,4677,1
2028,2598,2558,2578,40,5156,1
2033,2363,2479,2421,-116,4842,1
2036,2517,2551,2534,-34,5068,1
2039,2679,2771,2725,-92,5450,1
2040,2372,2427,2399,-55,4799,1
2044,2346,2444,2395,-98,4790,1
2045,2397,2298,2347,99,4695,1
2047,2346,2537,2441,-191,4883,1
2050,2367,2332,2349,35,4699,1
2054,2534,2645,2589,-111,5179,1
2057,2440,2395,2417,45,4835,1
2058,2586,2523,2554,63,5109,1
2062,2361,2383,2372,-22,4744,1
2065,2491,2358,2424,133,4849,1
2066,2356,2494,2425,-138,4850,1
2067,2491,2688,2589,-197,5179,1
2068,2527,2597,2562,-70,5124,1
2071,2396,2520,2458,-124,4916,1
2080,2636,2294,2465,342,4930,1
2087,2546,2703,2624,-157,5249,1
2088,2560,2459,2509,101,5019,1
2096,2508,2514,2511,-6,5022,1
2098,2308,2526,2417,-218,4834,1
2102,2391,2469,2430,-78,4860,1
2103,2630,2563,2596,67,5193,1
2105,2785,2632,2708,153,5417,1
2108,2514,2399,2456,115,4913,1
2110,2506,2489,2497,17,4995,1
2115,2547,2555,2551,-8,5102,1
2120,2448,2524,2486,-76,4972,1
2122,2270,2493,2381,-223,4763,1
2123,2469,2507,2488,-38,4976,1
2124,2368,2486,2427,-118,4854,1
2130,2527,2421,2474,106,4948,1
2131,2417,2580,2498,-163,4997,1
2132,2530,2649,2589,-119,5179,1
2134,2417,2398,2407,19,4815,1
2135,2387,2597,2492,-210,4984,1
2136,2595,2630,2612,-35,5225,1
2138,2192,2654,2423,-462,4846,1
2140,2611,2535,2573,76,5146,1
2142,2420,2589,2504,-169,5009,1
2149,2522,2615,2568,-93,5137,1
2155,2267,2619,2443,-352,4886,1
2160,2525,2353,2439,172,4878,1
2161,2237,2540,2388,-303,4777,1
2163,2639,2557,2598,82,5196,1
2166,2623,2327,2475,296,4950,1
2167,2549,2390,2469,159,4939,1
2168,2422,2327,2374,95,4749,1
2170,2637,2500,2568,137,5137,1
2173,2632,2547,2589,85,5179,1
2176,2435,2595,2515,-160,5030,1
2178,2302,2532,2417,-230,4834,1
2180,2608,2345,2476,263,4953,1
2185,2525,2362,2443,163,4887,1
2188,2463,2618,2540,-155,5081,1
2192,2469,2358,2413,111,4827,1
2193,2476,2384,2430,92,4860,1
2195,2518,2365,2441,153,4883,1
2196,2560,2431,2495,129,4991,1
2200,2471,2557,2514,-86,5028,1
2205,2541,2618,2579,-77,5159,1
2207,2410,2472,2441,-62,4882,1
2208,2531,2462,2496,69,4993,1
2210,2397,2343,2370,54,4740,1
2212,2346,2481,2413,-135,4827,1
2216,2392,2588,2490,-196,4980,1
2218,2483,2457,2470,26,4940,1
2221,2458,2372,2415,86,4830,1
2224,2397,2606,2501,-209,5003,1
2225,2455,2615,2535,-160,5070,1
2226,2469,2454,2461,15,4923,1
2229,2554,2240,2397,314,4794,1
2230,2451,2345,2398,106,4796,1
2233,2326,2652,2489,-326,4978,1
2235,2761,2826,2793,-65,5587,1
2238,2599,2388,2493,211,4987,1
2253,2398,2310,2354,88,4708,1
2257,2304,2404,2354,-100,4708,1
2264,2803,2774,2788,29,5577,1
2268,2782,2683,2732,99,5465,1
2269,2707,2338,2522,369,5045,1
2271,2484,2301,2392,183,4785,1
2273,2370,2630,2500,-260,5000,1
2279,2387,2559,2473,-172,4946,1
2283,2226,2613,2419,-387,4839,1
2287,2449,2599,2524,-150,5048,1
2289,2340,2384,2362,-44,4724,1
2292,2265,2532,2398,-267,4797,1
2300,2434,2335,2384,99,4769,1
2304,2525,2596,2560,-71,5121,1
2307,2384,2573,2478,-189,4957,1
2310,2287,2536,2411,-249,4823,1
2312,2555,2449,2502,106,5004,1
2317,2676,2417,2546,259,5093,1
2318,2342,2354,2348,-12,4696,1
2322,2632,2518,2575,114,5150,1
2325,2535,2641,2588,-106,5176,1
2330,2580,2438,2509,142,5018,1
2332,2722,2331,2526,391,5053,1
2333,2462,2288,2375,174,4750,1
2334,2657,2680,2668,-23,5337,1
2338,2560,2596,2578,-36,5156,1
2339,2648,2388,2518,260,5036,1
2340,2518,2449,2483,69,4967,1
2342,2645,2604,2624,41,5249,1
2343,2430,2550,2490,-120,4980,1
2345,2417,2429,2423,-12,4846,1
2348,2472,2521,2496,-49,4993,1
2353,2775,2681,2728,94,5456,1
2354,2706,2428,2567,278,5134,1
2355,2354,2556,2455,-202,4910,1
2356,2737,2579,2658,158,5316,1
2360,2449,2702,2575,-253,5151,1
2362,2407,2532,2469,-125,4939,1
2365,2741,2775,2758,-34,5516,1
2366,2498,2285,2391,213,4783,1
2367,2345,2509,2427,-164,4854,1
2373,2468,2429,2448,39,4897,1
2377,2557,2406,2481,151,4963,1
2380,2620,2598,2609,22,5218,1
2381,2421,2352,2386,69,4773,1
2382,2472,2410,2441,62,4882,1
2394,2479,2396,2437,83,4875,1
2397,2638,2520,2579,118,5158,1
2400,2600,2498,2549,102,5098,1
2401,2296,2519,2407,-223,4815,1
2406,2502,2651,2576,-149,5153,1
2408,2393,2407,2400,-14,4800,1
2411,2451,2416,2433,35,4867,1
2418,2771,2616,2693,155,5387,1
2419,2403,2471,2437,-68,4874,1
2422,2438,2313,2375,125,4751,1
2425,2329,2514,2421,-185,4843,1
2428,2353,2353,2353,0,4706,1
2432,2638,2473,2555,165,5111,1
2437,2481,2473,2477,8,4954,1
2438,2487,2312,2399,175,4799,1
2443,2605,2487,2546,118,5092,1
2446,2643,2502,2572,141,5145,1
2449,2360,2391,2375,-31,4751,1
2453,2477,2382,2429,95,4859,1
2456,2320,2443,2381,-123,4763,1
2458,2429,2455,2442,-26,4884,1
2461,2510,2273,2391,237,4783,1
2463,2410,2394,2402,16,4804,1
2468,2532,2687,2609,-155,5219,1
2469,2531,2610,2570,-79,5141,1
2473,2553,2418,2485,135,4971,1
2474,2516,2346,2431,170,4862,1
2476,2525,2788,2656,-263,5313,1
2477,2352,2526,2439,-174,4878,1
2480,2458,2485,2471,-27,4943,1
2481,2469,2471,2470,-2,4940,1
2482,2501,2655,2578,-154,5156,1
2484,2534,2496,2515,38,5030,1
2485,2478,2428,2453,50,4906,1
2486,2341,2565,2453,-224,4906,1
2496,2653,2707,2680,-54,5360,1
2501,2406,2667,2536,-261,5073,1
2503,2541,2424,2482,117,4965,1
2505,2567,2343,2455,224,4910,1
2506,2723,2510,2616,213,5233,1
2508,2482,2253,2367,229,4735,1
2509,2722,2712,2717,10,5434,1
2514,2324,2387,2355,-63,4711,1
2516,2402,2400,2401,2,4802,1
2519,2398,2371,2384,27,4769,1
2520,2538,2622,2580,-84,5160,1
2521,2370,2426,2398,-56,4796,1
2527,2589,2598,2593,-9,5187,1
2531,2431,2303,2367,128,4734,1
2533,2288,2600,2444,-312,4888,1
2536,2680,2548,2614,132,5228,1
2538,2664,2683,2673,-19,5347,1
2540,2372,2405,2388,-33,4777,1
2541,2730,2721,2725,9,5451,1
2542,2457,2594,2525,-137,5051,1
2545,2546,2512,2529,34,5058,1
2546,2518,2434,2476,84,4952,1
2548,2449,2477,2463,-28,4926,1
2550,2420,2563,2491,-143,4983,1
2551,2544,2471,2507,73,5015,1
2556,2739,2772,2755,-33,5511,1
2558,2620,2693,2656,-73,5313,1
2559,2273,2528,2400,-255,4801,1
2560,2463,2528,2495,-65,4991,1
2561,2390,2550,2470,-160,4940,1
2562,2278,2476,2377,-198,4754,1
2563,2475,2443,2459,32,4918,1
2566,2196,2685,2440,-489,4881,1
2567,2544,2549,2546,-5,5093,1
2568,2518,2370,2444,148,4888,1
2571,2419,2468,2443,-49,4887,1
2575,2461,2575,2518,-114,5036,1
2577,2635,2527,2581,108,5162,1
2578,2701,2587,2644,114,5288,1
2579,2394,2296,2345,98,4690,1
2581,2446,2424,2435,22,4870,1
2586,2418,2482,2450,-64,4900,1
2587,2552,2416,2484,136,4968,1
2590,2297,2487,2392,-190,4784,1
2591,2556,2348,2452,208,4904,1
2593,2420,2464,2442,-44,4884,1
2594,2528,2524,2526,4,5052,1
2598,2437,2301,2369,136,4738,1
2600,2607,2579,2593,28,5186,1
2602,2558,2620,2589,-62,5178,1
2603,2402,2438,2420,-36,4840,1
2605,2548,2641,2594,-93,5189,1
2607,2311,2423,2367,-112,4734,1
2612,2397,2521,2459,-124,4918,1
2613,2593,2588,2590,5,5181,1
2617,2353,2426,2389,-73,4779,1
2619,2298,2477,2387,-179,4775,1
2621,2616,2366,2491,250,4982,1
2623,2591,2297,2444,294,4888,1
2625,2452,2602,2527,-150,5054,1
2626,2397,2495,2446,-98,4892,1
2627,2626,2710,2668,-84,5336,1
2630,2556,2453,2504,103,5009,1
2634,2590,2367,2478,223,4957,1
2638,2319,2404,2361,-85,4723,1
2639,2347,2366,2356,-19,4713,1
2646,2617,2295,2456,322,4912,1
2647,2390,2548,2469,-158,4938,1
2650,2394,2325,2359,69,4719,1
2655,2410,2440,2425,-30,4850,1
2656,2588,2254,2421,334,4842,1
2658,2563,2467,2515,96,5030,1
2660,2322,2396,2359,-74,4718,1
2661,2344,2464,2404,-120,4808,1
2662,2547,2419,2483,128,4966,1
2666,2506,2367,2436,139,4873,1
2667,2630,2546,2588,84,5176,1
2670,2516,2559,2537,-43,5075,1
2673,2417,2312,2364,105,4729,1
2678,2298,2544,2421,-246,4842,1
2680,2572,2711,2641,-139,5283,1
2686,2260,2631,2445,-371,4891,1
2687,2532,2309,2420,223,4841,1
2690,2374,2567,2470,-193,4941,1
2693,2535,2657,2596,-122,5192,1
2694,2606,2487,2546,119,5093,1
2696,2558,2565,2561,-7,5123,1
2697,2479,2584,2531,-105,5063,1
2698,2575,2426,2500,149,5001,1
2702,2415,2542,2478,-127,4957,1
2704,2503,2398,2450,105,4901,1
2705,2522,2487,2504,35,5009,1
2706,2584,2428,2506,156,5012,1
2707,2534,2537,2535,-3,5071,1
2713,2568,2453,2510,115,5021,1
2718,2429,2443,2436,-14,4872,1
2721,2355,2438,2396,-83,4793,1
2724,2623,2370,2496,253,4993,1
2725,2461,2410,2435,51,4871,1
2727,2575,2399,2487,176,4974,1
2728,2403,2353,2378,50,4756,1
2733,2402,2484,2443,-82,4886,1
2734,2375,2500,2437,-125,4875,1
2737,2359,2476,2417,-117,4835,1
2739,2365,2428,2396,-63,4793,1
2744,2370,2431,2400,-61,4801,1
2751,2508,2739,2623,-231,5247,1
2753,2587,2342,2464,245,4929,1
2759,2544,2489,2516,55,5033,1
2761,2338,2549,2443,-211,4887,1
2763,2284,2458,2371,-174,4742,1
2769,2669,2624,2646,45,5293,1
2780,2635,2451,2543,184,5086,1
2784,2296,2561,2428,-265,4857,1
2786,2404,2460,2432,-56,4864,1
2790,2521,2593,2557,-72,5114,1
2794,2451,2408,2429,43,4859,1
2802,2469,2681,2575,-212,5150,1
2807,2287,2481,2384,-194,4768,1
2812,2331,2462,2396,-131,4793,1
2814,2453,2614,2533,-161,5067,1
2820,2392,2306,2349,86,4698,1
2824,2371,2423,2397,-52,4794,1
2825,2511,2465,2488,46,4976,1
2828,2349,2440,2394,-91,4789,1
2829,2467,2542,2504,-75,5009,1
2830,2349,2481,2415,-132,4830,1
2833,2548,2620,2584,-72,5168,1
2835,2583,2881,2732,-298,5464,1
2840,2642,2491,2566,151,5133,1
2853,2412,2684,2548,-272,5096,1
2856,2475,2549,2512,-74,5024,1
2857,2602,2473,2537,129,5075,1
2859,2541,2356,2448,185,4897,1
2861,2524,2263,2393,261,4787,1
2862,2438,2355,2396,83,4793,1
2865,2660,2524,2592,136,5184,1
2867,2312,2543,2427,-231,4855,1
2871,2655,2473,2564,182,5128,1
2873,2445,2630,2537,-185,5075,1
2876,2448,2571,2509,-123,5019,1
2887,2650,2589,2619,61,5239,1
2890,2533,2344,2438,189,4877,1
2893,2327,2672,2499,-345,4999,1
2894,2502,2581,2541,-79,5083,1
2899,2552,2501,2526,51,5053,1
2900,2425,2525,2475,-100,4950,1
2902,2321,2479,2400,-158,4800,1
2906,2403,2310,2356,93,4713,1
2908,2388,2512,2450,-124,4900,1
2915,2457,2348,2402,109,4805,1
2917,2735,2771,2753,-36,5506,1
2918,2473,2373,2423,100,4846,1
2922,2523,2313,2418,210,4836,1
2928,2602,2511,2556,91,5113,1
2930,2358,2590,2474,-232,4948,1
2932,2410,2416,2413,-6,4826,1
2934,2616,2294,2455,322,4910,1
2937,2328,2497,2412,-169,4825,1
2939,2546,2281,2413,265,4827,1
2941,2357,2485,2421,-128,4842,1
2942,2529,2430,2479,99,4959,1
2943,2558,2227,2392,331,4785,1
2946,2360,2643,2501,-283,5003,1
2947,2372,2469,2420,-97,4841,1
2950,2586,2637,2611,-51,5223,1
2952,2560,2494,2527,66,5054,1
2954,2482,2660,2571,-178,5142,1
2955,2390,2530,2460,-140,4920,1
2958,2379,2331,2355,48,4710,1
2963,2394,2469,2431,-75,4863,1
2964,2639,2523,2581,116,5162,1
2971,2758,2744,2751,14,5502,1
2974,2391,2402,2396,-11,4793,1
2978,2634,2511,2572,123,5145,1
2979,2564,2576,2570,-12,5140,1
2981,2662,2672,2667,-10,5334,1
2984,2389,2531,2460,-142,4920,1
2989,2644,2573,2608,71,5217,1
3003,2468,2413,2440,55,4881,1
3007,2696,2325,2510,371,5021,1
3010,2633,2620,2626,13,5253,1
3014,2463,2293,2378,170,4756,1
3015,2334,2411,2372,-77,4745,1
3016,2487,2257,2372,230,4744,1
3017,2398,2538,2468,-140,4936,1
3021,2594,2390,2492,204,4984,1
3023,2561,2328,2444,233,4889,1
3024,2710,2715,2712,-5,5425,1
3025,2603,2530,2566,73,5133,1
3027,2583,2561,2572,22,5144,1
3029,2620,2495,2557,125,5115,1
3030,2402,2357,2379,45,4759,1
3031,2441,2458,2449,-17,4899,1
3032,2521,2370,2445,151,4891,1
3034,2284,2468,2376,-184,4752,1
3042,2619,2655,2637,-36,5274,1
3050,2529,2245,2387,284,4774,1
3052,2554,2372,2463,182,4926,1
3054,2248,2554,2401,-306,4802,1
3055,2495,2457,2476,38,4952,1
3056,2616,2250,2433,366,4866,1
3058,2484,2630,2557,-146,5114,1
3066,2480,2256,2368,224,4736,1
3067,2462,2594,2528,-132,5056,1
3069,2459,2389,2424,70,4848,1
3070,2549,2328,2438,221,4877,1
3072,2420,2284,2352,136,4704,1
3073,2662,2638,2650,24,5300,1
3074,2412,2403,2407,9,4815,1
3075,2592,2527,2559,65,5119,1
3076,2332,2352,2342,-20,4684,1
3083,2726,2675,2700,51,5401,1
3085,2535,2427,2481,108,4962,1
3086,2495,2261,2378,234,4756,1
3087,2581,2529,2555,52,5110,1
3091,2741,2656,2698,85,5397,1
3094,2779,2753,2766,26,5532,1
3095,2416,2613,2514,-197,5029,1
3098,2723,2426,2574,297,5149,1
3100,2437,2412,2424,25,4849,1
3101,2556,2600,2578,-44,5156,1
3102,2631,2647,2639,-16,5278,1
3104,2542,2453,2497,89,4995,1
3106,2572,2660,2616,-88,5232,1
3110,2512,2295,2403,217,4807,1
3114,2431,2354,2392,77,4785,1
3115,2526,2558,2542,-32,5084,1
3117,2434,2571,2502,-137,5005,1
3118,2582,2638,2610,-56,5220,1
3121,2522,2599,2560,-77,5121,1
3123,2650,2685,2667,-35,5335,1
3125,2661,2757,2709,-96,5418,1
3126,2275,2483,2379,-208,4758,1
3130,2485,2343,2414,142,4828,1
3131,2626,2647,2636,-21,5273,1
3133,2412,2592,2502,-180,5004,1
3139,2339,2348,2343,-9,4687,1
3142,2404,2466,2435,-62,4870,1
3143,2498,2423,2460,75,4921,1
3144,2672,2785,2728,-113,5457,1
3147,2486,2353,2419,133,4839,1
3148,2672,2720,2696,-48,5392,1
3150,2387,2576,2481,-189,4963,1
3152,2413,2445,2429,-32,4858,1
3154,2678,2359,2518,319,5037,1
3157,2390,2445,2417,-55,4835,1
3160,2396,2515,2455,-119,4911,1
3163,2450,2502,2476,-52,4952,1
3166,2422,2495,2458,-73,4917,1
3167,2418,2583,2500,-165,5001,1
3168,2572,2562,2567,10,5134,1
3171,2392,2320,2356,72,4712,1
3172,2609,2490,2549,119,5099,1
3173,2540,2434,2487,106,4974,1
3176,2636,2490,2563,146,5126,1
3177,2561,2495,2528,66,5056,1
3180,2630,2508,2569,122,5138,1
3181,2459,2276,2367,183,4735,1
3183,2667,2621,2644,46,5288,1
3184,2603,2204,2403,399,4807,1
3186,2302,2485,2393,-183,4787,1
3187,2423,2421,2422,2,4844,1
3192,2317,2429,2373,-112,4746,1
3196,2391,2452,2421,-61,4843,1
3198,2470,2531,2500,-61,5001,1
3201,2419,2388,2403,31,4807,1
3202,2619,2317,2468,302,4936,1
3209,2753,2651,2702,102,5404,1
3214,2344,2334,2339,10,4678,1
3219,2399,2516,2457,-117,4915,1
3221,2349,2403,2376,-54,4752,1
3226,2559,2675,2617,-116,5234,1
3227,2555,2518,2536,37,5073,1
3228,2249,2557,2403,-308,4806,1
3229,2401,2466,2433,-65,4867,1
3230,2252,2525,2388,-273,4777,1
3231,2660,2381,2520,279,5041,1
3232,2311,2453,2382,-142,4764,1
3237,2520,2409,2464,111,4929,1
3240,2495,2395,2445,100,4890,1
3242,2320,2367,2343,-47,4687,1
3244,2490,2536,2513,-46,5026,1
3246,2467,2330,2398,137,4797,1
3249,2396,2539,2467,-143,4935,1
3255,2478,2628,2553,-150,5106,1
3257,2283,2643,2463,-360,4926,1
3258,2552,2412,2482,140,4964,1
3260,2334,2428,2381,-94,4762,1
3261,2767,2727,2747,40,5494,1
3262,2347,2530,2438,-183,4877,1
3263,2310,2554,2432,-244,4864,1
3264,2350,2548,2449,-198,4898,1
3268,2453,2545,2499,-92,4998,1
3274,2389,2371,2380,18,4760,1
3276,2405,2463,2434,-58,4868,1
3277,2528,2289,2408,239,4817,1
3278,2442,2655,2548,-213,5097,1
3287,2609,2419,2514,190,5028,1
3288,2644,2543,2593,101,5187,1
3299,2341,2492,2416,-151,4833,1
3300,2552,2570,2561,-18,5122,1
3302,2520,2607,2563,-87,5127,1
3307,2330,2442,2386,-112,4772,1
3308,2389,2405,2397,-16,4794,1
3309,2576,2578,2577,-2,5154,1
3311,2534,2570,2552,-36,5104,1
3312,2711,2560,2635,151,5271,1
3316,2392,2669,2530,-277,5061,1
3318,2413,2418,2415,-5,4831,1
3319,2724,2678,2701,46,5402,1
3321,2364,2319,2341,45,4683,1
3322,2531,2541,2536,-10,5072,1
3323,2580,2406,2493,174,4986,1
3326,2354,2637,2495,-283,4991,1
3332,2521,2477,2499,44,4998,1
3333,2580,2221,2400,359,4801,1
3337,2600,2493,2546,107,5093,1
3339,2584,2557,2570,27,5141,1
3341,2453,2709,2581,-256,5162,1
3342,2586,2581,2583,5,5167,1
3343,2325,2422,2373,-97,4747,1
3347,2519,2346,2432,173,4865,1
3351,2195,2618,2406,-423,4813,1
3358,2275,2586,2430,-311,4861,1
3359,2354,2425,2389,-71,4779,1
3361,2449,2350,2399,99,4799,1
3368,2421,2485,2453,-64,4906,1
3372,2374,2562,2468,-188,4936,1
3374,2525,2726,2625,-201,5251,1
3377,2558,2510,2534,48,5068,1
3378,2628,2516,2572,112,5144,1
3383,2503,2540,2521,-37,5043,1
3384,2506,2338,2422,168,4844,1
3385,2434,2538,2486,-104,4972,1
3386,2810,2764,2787,46,5574,1
3391,2675,2632,2653,43,5307,1
3397,2447,2483,2465,-36,4930,1
3399,2571,2450,2510,121,5021,1
3404,2469,2458,2463,11,4927,1
3405,2630,2331,2480,299,4961,1
3407,2555,2360,2457,195,4915,1
3408,2312,2572,2442,-260,4884,1
3413,2387,2485,2436,-98,4872,1
3414,2510,2412,2461,98,4922,1
3417,2276,2470,2373,-194,4746,1
3420,2373,2307,2340,66,4680,1
3428,2653,2288,2470,365,4941,1
3440,2562,2370,2466,192,4932,1
3445,2636,2620,2628,16,5256,1
3452,2638,2477,2557,161,5115,1
3454,2597,2700,2648,-103,5297,1
3457,2500,2574,2537,-74,5074,1
3458,2626,2550,2588,76,5176,1
3459,2535,2421,2478,114,4956,1
3460,2410,2495,2452,-85,4905,1
3463,2539,2248,2393,291,4787,1
3465,2634,2426,2530,208,5060,1
3466,2503,2392,2447,111,4895,1
3468,2281,2460,2370,-179,4741,1
3469,2503,2246,2374,257,4749,1
3470,2368,2449,2408,-81,4817,1
3471,2381,2429,2405,-48,4810,1
3472,2484,2699,2591,-215,5183,1
3473,2461,2508,2484,-47,4969,1
3477,2549,2436,2492,113,4985,1
3479,2664,2424,2544,240,5088,1
3490,2380,2342,2361,38,4722,1
3495,2460,2511,2485,-51,4971,1
3496,2559,2348,2453,211,4907,1
3498,2341,2428,2384,-87,4769,1
3501,2598,2680,2639,-82,5278,1
3505,2338,2419,2378,-81,4757,1
3506,2358,2545,2451,-187,4903,1
3508,2531,2438,2484,93,4969,1
3509,2481,2515,2498,-34,4996,1
3516,2609,2663,2636,-54,5272,1
3518,2613,2440,2526,173,5053,1
3522,2532,2331,2431,201,4863,1
3523,2535,2333,2434,202,4868,1
3526,2610,2734,2672,-124,5344,1
3527,2351,2569,2460,-218,4920,1
3529,2384,2613,2498,-229,4997,1
3531,2603,2448,2525,155,5051,1
3533,2650,2660,2655,-10,5310,1
3534,2454,2457,2455,-3,4911,1
3536,2584,2419,2501,165,5003,1
3540,2572,2339,2455,233,4911,1
3544,2574,2422,2498,152,4996,1
3545,2491,2330,2410,161,4821,1
3550,2255,2647,2451,-392,4902,1
3557,2605,2688,2646,-83,5293,1
3559,2538,2520,2529,18,5058,1
3561,2555,2425,2490,130,4980,1
3562,2561,2234,2397,327,4795,1
3566,2449,2310,2379,139,4759,1
3567,2490,2401,2445,89,4891,1
3568,2391,2470,2430,-79,4861,1
3575,2545,2276,2410,269,4821,1
3577,2544,2498,2521,46,5042,1
3578,2539,2610,2574,-71,5149,1
3582,2470,2487,2478,-17,4957,1
3584,2422,2515,2468,-93,4937,1
3586,2557,2300,2428,257,4857,1
3589,2573,2297,2435,276,4870,1
3596,2374,2528,2451,-154,4902,1
3603,2635,2425,2530,210,5060,1
3604,2445,2583,2514,-138,5028,1
3613,2413,2490,2451,-77,4903,1
3614,2546,2408,2477,138,4954,1
3616,2296,2622,2459,-326,4918,1
3617,2584,2435,2509,149,5019,1
3618,2509,2269,2389,240,4778,1
3620,2516,2391,2453,125,4907,1
3621,2680,2340,2510,340,5020,1
3622,2478,2392,2435,86,4870,1
3625,2396,2607,2501,-211,5003,1
3626,2579,2358,2468,221,4937,1
3630,2582,2643,2612,-61,5225,1
3631,2402,2538,2470,-136,4940,1
3632,2645,2482,2563,163,5127,1
3640,2566,2391,2478,175,4957,1
3642,2428,2626,2527,-198,5054,1
3643,2393,2454,2423,-61,4847,1
3648,2460,2345,2402,115,4805,1
3650,2468,2296,2382,172,4764,1
3654,2753,2678,2715,75,5431,1
3657,2539,2411,2475,128,4950,1
3658,2657,2556,2606,101,5213,1
3659,2348,2449,2398,-101,4797,1
3662,2610,2667,2638,-57,5277,1
3664,2492,2283,2387,209,4775,1
3668,2505,2247,2376,258,4752,1
3669,2522,2332,2427,190,4854,1
3676,2324,2690,2507,-366,5014,1
3677,2516,2446,2481,70,4962,1
3679,2815,2644,2729,171,5459,1
3680,2672,2791,2731,-119,5463,1
3681,2274,2464,2369,-190,4738,1
3687,2585,2647,2616,-62,5232,1
3689,2426,2459,2442,-33,4885,1
3690,2273,2472,2372,-199,4745,1
3691,2511,2518,2514,-7,5029,1
3692,2480,2273,2376,207,4753,1
3700,2442,2337,2389,105,4779,1
3706,2274,2536,2405,-262,4810,1
3707,2402,2321,2361,81,4723,1
3708,2698,2583,2640,115,5281,1
3710,2550,2520,2535,30,5070,1
3715,2595,2649,2622,-54,5244,1
3718,2527,2550,2538,-23,5077,1
3722,2377,2441,2409,-64,4818,1
3724,2348,2450,2399,-102,4798,1
3726,2388,2526,2457,-138,4914,1
3727,2415,2303,2359,112,4718,1
3747,2435,2549,2492,-114,4984,1
3748,2387,2538,2462,-151,4925,1
3749,2499,2460,2479,39,4959,1
3750,2615,2507,2561,108,5122,1
3754,2506,2551,2528,-45,5057,1
3755,2568,2558,2563,10,5126,1
3759,2599,2486,2542,113,5085,1
3764,2551,2512,2531,39,5063,1
3765,2630,2476,2553,154,5106,1
3766,2304,2423,2363,-119,4727,1
3770,2320,2481,2400,-161,4801,1
3771,2607,2660,2633,-53,5267,1
3773,2429,2458,2443,-29,4887,1
3776,2341,2460,2400,-119,4801,1
3779,2658,2599,2628,59,5257,1
3780,2396,2308,2352,88,4704,1
3781,2439,2337,2388,102,4776,1
3782,2522,2271,2396,251,4793,1
3785,2667,2551,2609,116,5218,1
3787,2320,2455,2387,-135,4775,1
3790,2443,2613,2528,-170,5056,1
3791,2439,2284,2361,155,4723,1
3792,2561,2561,2561,0,5122,1
3793,2373,2469,2421,-96,4842,1
3795,2313,2475,2394,-162,4788,1
3799,2419,2397,2408,22,4816,1
3801,2414,2594,2504,-180,5008,1
3802,2304,2519,2411,-215,4823,1
3803,2361,2362,2361,-1,4723,1
3809,2644,2328,2486,316,4972,1
3810,2448,2411,2429,37,4859,1
3813,2352,2481,2416,-129,4833,1
3822,2619,2524,2571,95,5143,1
3830,2281,2464,2372,-183,4745,1
3833,2397,2442,2419,-45,4839,1
3836,2632,2487,2559,145,5119,1
3837,2284,2555,2419,-271,4839,1
3840,2618,2407,2512,211,5025,1
3842,2377,2362,2369,15,4739,1
3844,2457,2313,2385,144,4770,1
3847,2476,2453,2464,23,4929,1
3848,2409,2315,2362,94,4724,1
3850,2368,2494,2431,-126,4862,1
3852,2418,2324,2371,94,4742,1
3860,2511,2381,2446,130,4892,1
3866,2434,2328,2381,106,4762,1
3867,2571,2525,2548,46,5096,1
3874,2772,2660,2716,112,5432,1
3887,2569,2218,2393,351,4787,1
3889,2320,2392,2356,-72,4712,1
3893,2607,2586,2596,21,5193,1
3895,2425,2575,2500,-150,5000,1
3901,2304,2599,2451,-295,4903,1
3903,2659,2729,2694,-70,5388,1
3904,2527,2684,2605,-157,5211,1
3906,2512,2497,2504,15,5009,1
3909,2530,2243,2386,287,4773,1
3911,2408,2382,2395,26,4790,1
3913,2429,2301,2365,128,4730,1
3914,2455,2293,2374,162,4748,1
3916,2316,2413,2364,-97,4729,1
3917,2710,2553,2631,157,5263,1
3919,2431,2478,2454,-47,4909,1
3920,2607,2469,2538,138,5076,1
3921,2720,2748,2734,-28,5468,1
3922,2500,2442,2471,58,4942,1
3926,2416,2674,2545,-258,5090,1
3928,2543,2714,2628,-171,5257,1
3931,2599,2671,2635,-72,5270,1
3932,2325,2610,2467,-285,4935,1
3935,2476,2255,2365,221,4731,1
3936,2474,2441,2457,33,4915,1
3941,2505,2253,2379,252,4758,1
3943,2606,2283,2444,323,4889,1
3946,2577,2261,2419,316,4838,1
3956,2410,2583,2496,-173,4993,1
3960,2323,2567,2445,-244,4890,1
3962,2362,2527,2444,-165,4889,1
3964,2544,2582,2563,-38,5126,1
3966,2539,2539,2539,0,5078,1
3969,2339,2475,2407,-136,4814,1
3970,2564,2500,2532,64,5064,1
3972,2460,2447,2453,13,4907,1
3974,2631,2505,2568,126,5136,1
3975,2412,2294,2353,118,4706,1
3976,2606,2475,2540,131,5081,1
3977,2389,2360,2374,29,4749,1
3978,2569,2635,2602,-66,5204,1
3983,2276,2466,2371,-190,4742,1
3984,2541,2445,2493,96,4986,1
3990,2504,2301,2402,203,4805,1
3991,2579,2249,2414,330,4828,1
3994,2414,2439,2426,-25,4853,1
3995,2475,2430,2452,45,4905,1
3998,2522,2450,2486,72,4972,1
4003,2419,2422,2420,-3,4841,1
4005,2411,2521,2466,-110,4932,1
4007,2340,2519,2429,-179,4859,1
4011,2546,2495,2520,51,5041,1
4012,2694,2546,2620,148,5240,1
4018,2487,2570,2528,-83,5057,1
4027,2418,2291,2354,127,4709,1
4028,2408,2387,2397,21,4795,1
4030,2393,2514,2453,-121,4907,1
4031,2742,2563,2652,179,5305,1
4037,2335,2507,2421,-172,4842,1
4038,2521,2516,2518,5,5037,1
4039,2595,2559,2577,36,5154,1
4040,2452,2580,2516,-128,5032,1
4041,2385,2333,2359,52,4718,1
4048,2517,2595,2556,-78,5112,1
4049,2464,2317,2390,147,4781,1
4050,2585,2536,2560,49,5121,1
4052,2446,2592,2519,-146,5038,1
4053,2704,2471,2587,233,5175,1
4055,2444,2399,2421,45,4843,1
4056,2663,2616,2639,47,5279,1
4060,2360,2394,2377,-34,4754,1
4064,2602,2663,2632,-61,5265,1
4065,2484,2402,2443,82,4886,1
4066,2431,2608,2519,-177,5039,1
4070,2706,2556,2631,150,5262,1
4071,2517,2298,2407,219,4815,1
4072,2299,2488,2393,-189,4787,1
4078,2455,2405,2430,50,4860,1
4079,2314,2423,2368,-109,4737,1
4088,2682,2394,2538,288,5076,1
4089,2549,2603,2576,-54,5152,1
4092,2511,2331,2421,180,4842,1
4095,2625,2605,2615,20,5230,1
4096,2456,2268,2362,188,4724,1
4101,2541,2359,2450,182,4900,1
4103,2522,2585,2553,-63,5107,1
4105,2596,2502,2549,94,5098,1
4107,2530,2488,2509,42,5018,1
4109,2480,2387,2433,93,4867,1
4114,2365,2395,2380,-30,4760,1
4117,2644,2508,2576,136,5152,1
4118,2623,2691,2657,-68,5314,1
4125,2635,2505,2570,130,5140,1
4127,2624,2720,2672,-96,5344,1
4131,2531,2508,2519,23,5039,1
4132,2473,2583,2528,-110,5056,1
4134,2548,2608,2578,-60,5156,1
4140,2734,2498,2616,236,5232,1
4145,2511,2490,2500,21,5001,1
4148,2605,2608,2606,-3,5213,1
4149,2513,2316,2414,197,4829,1
4151,2498,2471,2484,27,4969,1
4152,2504,2441,2472,63,4945,1
4153,2440,2324,2382,116,4764,1
4158,2300,2425,2362,-125,4725,1
4160,2546,2488,2517,58,5034,1
4163,2503,2457,2480,46,4960,1
4168,2546,2253,2399,293,4799,1
4170,2514,2273,2393,241,4787,1
4171,2653,2558,2605,95,5211,1
4172,2630,2556,2593,74,5186,1
4173,2524,2450,2487,74,4974,1
4176,2622,2771,2696,-149,5393,1
4188,2333,2648,2490,-315,4981,1
4189,2470,2356,2413,114,4826,1
4193,2460,2345,2402,115,4805,1
4194,2579,2610,2594,-31,5189,1
4198,2514,2529,2521,-15,5043,1
4200,2367,2628,2497,-261,4995,1
4201,2487,2326,2406,161,4813,1
4204,2281,2471,2376,-190,4752,1
4210,2478,2546,2512,-68,5024,1
4213,2715,2561,2638,154,5276,1
4219,2481,2460,2470,21,4941,1
4220,2530,2642,2586,-112,5172,1
4228,2519,2372,2445,147,4891,1
4232,2705,2654,2679,51,5359,1
4235,2432,2449,2440,-17,4881,1
4237,2558,2574,2566,-16,5132,1
4239,2498,2266,2382,232,4764,1
4241,2458,2588,2523,-130,5046,1
4243,2539,2670,2604,-131,5209,1
4244,2622,2489,2555,133,5111,1
4245,2524,2498,2511,26,5022,1
4247,2635,2560,2597,75,5195,1
4248,2696,2609,2652,87,5305,1
4249,2345,2363,2354,-18,4708,1
4250,2571,2576,2573,-5,5147,1
4255,2560,2479,2519,81,5039,1
4259,2578,2419,2498,159,4997,1
4261,2486,2328,2407,158,4814,1
4266,2542,2637,2589,-95,5179,1
4270,2525,2501,2513,24,5026,1
4272,2410,2524,2467,-114,4934,1
4276,2675,2586,2630,89,5261,1
4277,2539,2424,2481,115,4963,1
4281,2292,2616,2454,-324,4908,1
4285,2265,2482,2373,-217,4747,1
4289,2568,2492,2530,76,5060,1
4290,2394,2447,2420,-53,4841,1
4291,2354,2602,2478,-248,4956,1
4294,2450,2440,2445,10,4890,1
4295,2682,2495,2588,187,5177,1
4296,2747,2500,2623,247,5247,1
4299,2412,2484,2448,-72,4896,1
4307,2503,2654,2578,-151,5157,1
4308,2525,2379,2452,146,4904,1
4310,2369,2555,2462,-186,4924,1
4315,2284,2576,2430,-292,4860,1
4319,2624,2299,2461,325,4923,1
4322,2568,2413,2490,155,4981,1
4323,2757,2772,2764,-15,5529,1
4329,2387,2385,2386,2,4772,1
4337,2489,2480,2484,9,4969,1
4339,2388,2302,2345,86,4690,1
4344,2475,2362,2418,113,4837,1
4350,2433,2568,2500,-135,5001,1
4352,2371,2376,2373,-5,4747,1
4357,2460,2421,2440,39,4881,1
4361,2269,2529,2399,-260,4798,1
4364,2705,2391,2548,314,5096,1
4365,2474,2312,2393,162,4786,1
4366,2394,2358,2376,36,4752,1
4368,2391,2650,2520,-259,5041,1
4369,2673,2613,2643,60,5286,1
4370,2574,2484,2529,90,5058,1
4372,2321,2411,2366,-90,4732,1
4376,2538,2543,2540,-5,5081,1
4379,2650,2286,2468,364,4936,1
4382,2625,2345,2485,280,4970,1
4383,2668,2706,2687,-38,5374,1
4389,2446,2420,2433,26,4866,1
4390,2688,2563,2625,125,5251,1
4392,2398,2508,2453,-110,4906,1
4393,2350,2399,2374,-49,4749,1
4396,2468,2327,2397,141,4795,1
4404,2514,2322,2418,192,4836,1
4407,2557,2667,2612,-110,5224,1
4408,2579,2729,2654,-150,5308,1
4411,2566,2718,2642,-152,5284,1
4414,2500,2581,2540,-81,5081,1
4415,2368,2444,2406,-76,4812,1
4417,2410,2444,2427,-34,4854,1
4423,2405,2307,2356,98,4712,1
4425,2217,2585,2401,-368,4802,1
4431,2559,2396,2477,163,4955,1
4432,2477,2503,2490,-26,4980,1
4435,2419,2303,2361,116,4722,1
4436,2388,2616,2502,-228,5004,1
4438,2622,2445,2533,177,5067,1
4442,2389,2540,2464,-151,4929,1
4444,2437,2522,2479,-85,4959,1
4445,2455,2349,2402,106,4804,1
4446,2423,2559,2491,-136,4982,1
4447,2650,2368,2509,282,5018,1
4448,2316,2449,2382,-133,4765,1
4449,2343,2455,2399,-112,4798,1
4450,2428,2763,2595,-335,5191,1
4456,2380,2316,2348,64,4696,1
4460,2704,2621,2662,83,5325,1
4463,2368,2553,2460,-185,4921,1
4465,2350,2538,2444,-188,4888,1
4471,2666,2462,2564,204,5128,1
4472,2489,2609,2549,-120,5098,1
4475,2463,2380,2421,83,4843,1
4476,2644,2688,2666,-44,5332,1
4477,2417,2587,2502,-170,5004,1
4480,2491,2553,2522,-62,5044,1
4483,2611,2500,2555,111,5111,1
4484,2643,2678,2660,-35,5321,1
4486,2511,2405,2458,106,4916,1
4489,2695,2569,2632,126,5264,1
4493,2376,2405,2390,-29,4781,1
4496,2418,2599,2508,-181,5017,1
4497,2472,2328,2400,144,4800,1
4498,2439,2496,2467,-57,4935,1
4501,2325,2384,2354,-59,4709,1
4502,2425,2349,2387,76,4774,1
4508,2428,2449,2438,-21,4877,1
4509,2400,2370,2385,30,4770,1
4514,2596,2592,2594,4,5188,1
4517,2474,2479,2476,-5,4953,1
4519,2440,2400,2420,40,4840,1
4522,2707,2503,2605,204,5210,1
4526,2578,2399,2488,179,4977,1
4528,2667,2390,2528,277,5057,1
4531,2758,2709,2733,49,5467,1
4540,2320,2452,2386,-132,4772,1
4544,2314,2381,2347,-67,4695,1
4547,2483,2595,2539,-112,5078,1
4550,2688,2418,2553,270,5106,1
4556,2596,2426,2511,170,5022,1
4559,2541,2684,2612,-143,5225,1
4560,2335,2414,2374,-79,4749,1
4562,2498,2282,2390,216,4780,1
4564,2388,2474,2431,-86,4862,1
4566,2559,2527,2543,32,5086,1
4567,2476,2580,2528,-104,5056,1
4568,2480,2361,2420,119,4841,1
4570,2391,2511,2451,-120,4902,1
4574,2473,2450,2461,23,4923,1
4581,2602,2561,2581,41,5163,1
4582,2491,2501,2496,-10,4992,1
4583,2382,2428,2405,-46,4810,1
4584,2443,2413,2428,30,4856,1
4587,2551,2775,2663,-224,5326,1
4588,2698,2582,2640,116,5280,1
4593,2567,2421,2494,146,4988,1
4594,2529,2644,2586,-115,5173,1
4598,2446,2588,2517,-142,5034,1
4599,2471,2437,2454,34,4908,1
4603,2525,2352,2438,173,4877,1
4605,2234,2558,2396,-324,4792,1
4606,2597,2382,2489,215,4979,1
4610,2340,2452,2396,-112,4792,1
4611,2506,2290,2398,216,4796,1
4612,2542,2542,2542,0,5084,1
4615,2627,2696,2661,-69,5323,1
4621,2608,2583,2595,25,5191,1
4622,2351,2396,2373,-45,4747,1
4628,2618,2582,2600,36,5200,1
4629,2726,2653,2689,73,5379,1
4630,2619,2419,2519,200,5038,1
4636,2510,2434,2472,76,4944,1
4639,2792,2649,2720,143,5441,1
4640,2615,2293,2454,322,4908,1
4644,2371,2315,2343,56,4686,1
4645,2427,2543,2485,-116,4970,1
4650,2338,2479,2408,-141,4817,1
4651,2368,2405,2386,-37,4773,1
4659,2715,2503,2609,212,5218,1
4660,2585,2392,2488,193,4977,1
4661,2351,2422,2386,-71,4773,1
4665,2501,2452,2476,49,4953,1
4666,2559,2300,2429,259,4859,1
4669,2299,2577,2438,-278,4876,1
4672,2678,2631,2654,47,5309,1
4673,2535,2556,2545,-21,5091,1
4679,2461,2276,2368,185,4737,1
4681,2213,2682,2447,-469,4895,1
4682,2527,2414,2470,113,4941,1
4684,2418,2367,2392,51,4785,1
4686,2531,2753,2642,-222,5284,1
4687,2470,2417,2443,53,4887,1
4688,2407,2628,2517,-221,5035,1
4694,2586,2393,2489,193,4979,1
4698,2541,2558,2549,-17,5099,1
4700,2343,2386,2364,-43,4729,1
4704,2466,2424,2445,42,4890,1
4706,2308,2429,2368,-121,4737,1
4707,2577,2628,2602,-51,5205,1
4711,2489,2332,2410,157,4821,1
4716,2705,2715,2710,-10,5420,1
4717,2263,2595,2429,-332,4858,1
4718,2480,2502,2491,-22,4982,1
4724,2423,2619,2521,-196,5042,1
4729,2510,2614,2562,-104,5124,1
4733,2485,2541,2513,-56,5026,1
4735,2379,2534,2456,-155,4913,1
4738,2188,2650,2419,-462,4838,1
4739,2402,2376,2389,26,4778,1
4740,2413,2572,2492,-159,4985,1
4742,2492,2516,2504,-24,5008,1
4743,2566,2486,2526,80,5052,1
4744,2420,2347,2383,73,4767,1
4745,2659,2434,2546,225,5093,1
4751,2544,2510,2527,34,5054,1
4752,2616,2547,2581,69,5163,1
4757,2284,2531,2407,-247,4815,1
4762,2536,2559,2547,-23,5095,1
4765,2252,2539,2395,-287,4791,1
4766,2667,2660,2663,7,5327,1
4767,2368,2319,2343,49,4687,1
4771,2680,2508,2594,172,5188,1
4776,2646,2758,2702,-112,5404,1
4778,2607,2707,2657,-100,5314,1
4783,2533,2484,2508,49,5017,1
4784,2463,2615,2539,-152,5078,1
4787,2489,2377,2433,112,4866,1
4788,2505,2456,2480,49,4961,1
4789,2631,2336,2483,295,4967,1
4792,2301,2421,2361,-120,4722,1
4793,2622,2257,2439,365,4879,1
4798,2417,2375,2396,42,4792,1
4800,2561,2481,2521,80,5042,1
4802,2274,2526,2400,-252,4800,1
4803,2548,2491,2519,57,5039,1
4805,2536,2422,2479,114,4958,1
4809,2491,2552,2521,-61,5043,1
4812,2492,2528,2510,-36,5020,1
4814,2532,2472,2502,60,5004,1
4818,2633,2713,2673,-80,5346,1
4822,2569,2709,2639,-140,5278,1
4824,2706,2559,2632,147,5265,1
4825,2560,2560,2560,0,5120,1
4826,2334,2415,2374,-81,4749,1
4829,2627,2385,2506,242,5012,1
4837,2399,2387,2393,12,4786,1
4839,2472,2263,2367,209,4735,1
4843,2354,2420,2387,-66,4774,1
4844,2734,2702,2718,32,5436,1
4846,2256,2543,2399,-287,4799,1
4847,2587,2321,2454,266,4908,1
4850,2375,2643,2509,-268,5018,1
4852,2383,2566,2474,-183,4949,1
4866,2406,2510,2458,-104,4916,1
4867,2725,2784,2754,-59,5509,1
4870,2324,2439,2381,-115,4763,1
4871,2647,2664,2655,-17,5311,1
4876,2481,2379,2430,102,4860,1
4888,2566,2557,2561,9,5123,1
4892,2352,2572,2462,-220,4924,1
4893,2540,2521,2530,19,5061,1
4895,2431,2524,2477,-93,4955,1
4904,2513,2446,2479,67,4959,1
4906,2515,2381,2448,134,4896,1
4908,2482,2446,2464,36,4928,1
4911,2494,2331,2412,163,4825,1
4912,2268,2471,2369,-203,4739,1
4913,2627,2490,2558,137,5117,1
4915,2524,2527,2525,-3,5051,1
4916,2447,2284,2365,163,4731,1
4917,2396,2310,2353,86,4706,1
4920,2472,2364,2418,108,4836,1
4923,2660,2496,2578,164,5156,1
4924,2437,2300,2368,137,4737,1
4926,2638,2579,2608,59,5217,1
4928,2333,2383,2358,-50,4716,1
4929,2510,2491,2500,19,5001,1
4932,2574,2411,2492,163,4985,1
4937,2621,2648,2634,-27,5269,1
4939,2501,2423,2462,78,4924,1
4942,2678,2740,2709,-62,5418,1
4956,2538,2642,2590,-104,5180,1
4958,2268,2528,2398,-260,4796,1
4960,2375,2409,2392,-34,4784,1
4961,2428,2613,2520,-185,5041,1
4963,2517,2376,2446,141,4893,1
4965,2691,2678,2684,13,5369,1
4967,2556,2542,2549,14,5098,1
4968,2516,2330,2423,186,4846,1
4969,2672,2442,2557,230,5114,1
4973,2465,2545,2505,-80,5010,1
4975,2489,2476,2482,13,4965,1
4976,2495,2614,2554,-119,5109,1
4977,2548,2444,2496,104,4992,1
4978,2289,2614,2451,-325,4903,1
4984,2704,2564,2634,140,5268,1
4985,2716,2374,2545,342,5090,1
4988,2639,2619,2629,20,5258,1
4989,2378,2518,2448,-140,4896,1
4996,2273,2506,2389,-233,4779,1
5001,2430,2561,2495,-131,4991,1
5008,2356,2584,2470,-228,4940,1
5012,2547,2480,2513,67,5027,1
5018,2286,2440,2363,-154,4726,1
5021,2480,2437,2458,43,4917,1
5022,2551,2381,2466,170,4932,1
5023,2391,2677,2534,-286,5068,1
5025,2387,2466,2426,-79,4853,1
5032,2621,2491,2556,130,5112,1
5034,2357,2485,2421,-128,4842,1
5037,2338,2699,2518,-361,5037,1
5038,2463,2382,2422,81,4845,1
5047,2352,2407,2379,-55,4759,1
5049,2629,2470,2549,159,5099,1
5050,2552,2434,2493,118,4986,1
5053,2317,2386,2351,-69,4703,1
5054,2710,2727,2718,-17,5437,1
5059,2531,2302,2416,229,4833,1
5060,2752,2543,2647,209,5295,1
5064,2544,2388,2466,156,4932,1
5066,2618,2449,2533,169,5067,1
5070,2590,2705,2647,-115,5295,1
5071,2515,2473,2494,42,4988,1
5078,2468,2599,2533,-131,5067,1
5083,2317,2585,2451,-268,4902,1
5085,2425,2742,2583,-317,5167,1
5087,2552,2696,2624,-144,5248,1
5088,2684,2537,2610,147,5221,1
5089,2478,2509,2493,-31,4987,1
5092,2414,2449,2431,-35,4863,1
5097,2711,2815,2763,-104,5526,1
5099,2723,2705,2714,18,5428,1
5101,2467,2321,2394,146,4788,1
5102,2476,2303,2389,173,4779,1
5109,2538,2325,2431,213,4863,1
5111,2639,2540,2589,99,5179,1
5113,2453,2633,2543,-180,5086,1
5115,2348,2545,2446,-197,4893,1
5120,2384,2523,2453,-139,4907,1
5137,2525,2552,2538,-27,5077,1
5140,2472,2665,2568,-193,5137,1
5144,2276,2487,2381,-211,4763,1
5147,2545,2419,2482,126,4964,1
5159,2549,2293,2421,256,4842,1
5166,2588,2508,2548,80,5096,1
5167,2430,2429,2429,1,4859,1
5169,2340,2371,2355,-31,4711,1
5170,2481,2265,2373,216,4746,1
5175,2584,2515,2549,69,5099,1
5184,2540,2312,2426,228,4852,1
5191,2475,2429,2452,46,4904,1
5200,2560,2402,2481,158,4962,1
5202,2535,2593,2564,-58,5128,1
5203,2429,2550,2489,-121,4979,1
5206,2477,2423,2450,54,4900,1
5207,2204,2632,2418,-428,4836,1
5212,2667,2474,2570,193,5141,1
5213,2592,2345,2468,247,4937,1
5216,2664,2533,2598,131,5197,1
5220,2432,2570,2501,-138,5002,1
5223,2455,2335,2395,120,4790,1
5225,2485,2410,2447,75,4895,1
5228,2598,2565,2581,33,5163,1
5231,2279,2517,2398,-238,4796,1
5233,2599,2455,2527,144,5054,1
5234,2573,2602,2587,-29,5175,1
5235,2491,2390,2440,101,4881,1
5236,2579,2367,2473,212,4946,1
5238,2294,2482,2388,-188,4776,1
5239,2321,2501,2411,-180,4822,1
5240,2541,2326,2433,215,4867,1
5245,2418,2560,2489,-142,4978,1
5249,2329,2407,2368,-78,4736,1
5251,2584,2393,2488,191,4977,1
5253,2296,2556,2426,-260,4852,1
5256,2269,2556,2412,-287,4825,1
5262,2486,2707,2596,-221,5193,1
5264,2438,2346,2392,92,4784,1
5266,2496,2407,2451,89,4903,1
5268,2405,2524,2464,-119,4929,1
5269,2747,2697,2722,50,5444,1
5274,2553,2317,2435,236,4870,1
5281,2638,2410,2524,228,5048,1
5284,2631,2661,2646,-30,5292,1
5285,2352,2572,2462,-220,4924,1
5288,2405,2311,2358,94,4716,1
5303,2585,2259,2422,326,4844,1
5304,2405,2517,2461,-112,4922,1
5309,2318,2471,2394,-153,4789,1
5311,2531,2226,2378,305,4757,1
5315,2459,2523,2491,-64,4982,1
5317,2506,2599,2552,-93,5105,1
5319,2326,2495,2410,-169,4821,1
5332,2342,2541,2441,-199,4883,1
5335,2611,2771,2691,-160,5382,1
5336,2406,2398,2402,8,4804,1
5337,2550,2449,2499,101,4999,1
5346,2507,2240,2373,267,4747,1
5348,2422,2383,2402,39,4805,1
5350,2526,2405,2465,121,4931,1
5353,2741,2668,2704,73,5409,1
5354,2688,2581,2634,107,5269,1
5356,2640,2292,2466,348,4932,1
5357,2439,2292,2365,147,4731,1
5362,2542,2743,2642,-201,5285,1
5367,2474,2302,2388,172,4776,1
5369,2559,2646,2602,-87,5205,1
5373,2483,2337,2410,146,4820,1
5378,2449,2396,2422,53,4845,1
5381,2397,2457,2427,-60,4854,1
5385,2705,2508,2606,197,5213,1
5387,2515,2440,2477,75,4955,1
5395,2421,2301,2361,120,4722,1
5400,2574,2313,2443,261,4887,1
5401,2451,2326,2388,125,4777,1
5403,2458,2299,2378,159,4757,1
5404,2617,2675,2646,-58,5292,1
5406,2365,2689,2527,-324,5054,1
5407,2465,2616,2540,-151,5081,1
5411,2608,2540,2574,68,5148,1
5414,2557,2275,2416,282,4832,1
5415,2387,2514,2450,-127,4901,1
5418,2428,2566,2497,-138,4994,1
5423,2529,2416,2472,113,4945,1
5426,2338,2518,2428,-180,4856,1
5431,2344,2327,2335,17,4671,1
5437,2331,2361,2346,-30,4692,1
5438,2405,2423,2414,-18,4828,1
5445,2339,2390,2364,-51,4729,1
5446,2634,2247,2440,387,4881,1
5448,2513,2419,2466,94,4932,1
5449,2692,2689,2690,3,5381,1
5451,2433,2359,2396,74,4792,1
5452,2688,2562,2625,126,5250,1
5453,2320,2415,2367,-95,4735,1
5459,2614,2815,2714,-201,5429,1
5460,2506,2323,2414,183,4829,1
5466,2512,2558,2535,-46,5070,1
5469,2425,2536,2480,-111,4961,1
5472,2685,2734,2709,-49,5419,1
5473,2775,2707,2741,68,5482,1
5483,2412,2592,2502,-180,5004,1
5484,2445,2318,2381,127,4763,1
5486,2700,2644,2672,56,5344,1
5497,2446,2575,2510,-129,5021,1
5500,2637,2722,2679,-85,5359,1
5503,2784,2760,2772,24,5544,1
5505,2627,2662,2644,-35,5289,1
5506,2385,2436,2410,-51,4821,1
5512,2599,2290,2444,309,4889,1
5518,2347,2500,2423,-153,4847,1
5520,2513,2644,2578,-131,5157,1
5526,2347,2644,2495,-297,4991,1
5530,2769,2738,2753,31,5507,1
5532,2477,2412,2444,65,4889,1
5533,2379,2698,2538,-319,5077,1
5536,2427,2567,2497,-140,4994,1
5537,2313,2550,2431,-237,4863,1
5538,2540,2667,2603,-127,5207,1
5541,2484,2503,2493,-19,4987,1
5546,2358,2426,2392,-68,4784,1
5547,2614,2455,2534,159,5069,1
5549,2631,2502,2566,129,5133,1
5550,2505,2633,2569,-128,5138,1
5551,2495,2336,2415,159,4831,1
5555,2484,2293,2388,191,4777,1
5562,2365,2499,2432,-134,4864,1
5563,2565,2446,2505,119,5011,1
5565,2398,2442,2420,-44,4840,1
5566,2383,2515,2449,-132,4898,1
5569,2497,2616,2556,-119,5113,1
5574,2359,2353,2356,6,4712,1
5578,2675,2511,2593,164,5186,1
5581,2694,2438,2566,256,5132,1
5582,2522,2247,2384,275,4769,1
5583,2536,2398,2467,138,4934,1
5584,2561,2331,2446,230,4892,1
5591,2594,2491,2542,103,5085,1
5593,2706,2676,2691,30,5382,1
5594,2398,2344,2371,54,4742,1
5595,2619,2680,2649,-61,5299,1
5600,2636,2629,2632,7,5265,1
5602,2384,2577,2480,-193,4961,1
5603,2638,2706,2672,-68,5344,1
5606,2787,2766,2776,21,5553,1
5612,2637,2494,2565,143,5131,1
5613,2543,2328,2435,215,4871,1
5620,2536,2421,2478,115,4957,1
5629,2505,2239,2372,266,4744,1
5630,2445,2544,2494,-99,4989,1
5638,2532,2445,2488,87,4977,1
5639,2328,2397,2362,-69,4725,1
5644,2361,2636,2498,-275,4997,1
5645,2460,2316,2388,144,4776,1
5646,2524,2358,2441,166,4882,1
5647,2408,2501,2454,-93,4909,1
5648,2528,2419,2473,109,4947,1
5653,2539,2556,2547,-17,5095,1
5654,2380,2459,2419,-79,4839,1
5657,2613,2369,2491,244,4982,1
5659,2520,2241,2380,279,4761,1
5663,2565,2635,2600,-70,5200,1
5667,2437,2562,2499,-125,4999,1
5670,2457,2505,2481,-48,4962,1
5675,2390,2646,2518,-256,5036,1
5679,2513,2414,2463,99,4927,1
5680,2599,2678,2638,-79,5277,1
5684,2362,2423,2392,-61,4785,1
5687,2707,2544,2625,163,5251,1
5689,2682,2706,2694,-24,5388,1
5693,2447,2445,2446,2,4892,1
5694,2368,2610,2489,-242,4978,1
5696,2448,2607,2527,-159,5055,1
5698,2629,2446,2537,183,5075,1
5700,2611,2582,2596,29,5193,1
5703,2436,2326,2381,110,4762,1
5709,2375,2582,2478,-207,4957,1
5710,2387,2307,2347,80,4694,1
5711,2374,2441,2407,-67,4815,1
5712,2336,2590,2463,-254,4926,1
5713,2565,2272,2418,293,4837,1
5715,2360,2344,2352,16,4704,1
5716,2394,2465,2429,-71,4859,1
5717,2345,2458,2401,-113,4803,1
5718,2273,2649,2461,-376,4922,1
5719,2385,2515,2450,-130,4900,1
5721,2491,2708,2599,-217,5199,1
5725,2475,2339,2407,136,4814,1
5727,2767,2793,2780,-26,5560,1
5730,2550,2393,2471,157,4943,1
5735,2494,2421,2457,73,4915,1
5741,2447,2419,2433,28,4866,1
5742,2461,2441,2451,20,4902,1
5743,2351,2417,2384,-66,4768,1
5744,2791,2713,2752,78,5504,1
5746,2554,2677,2615,-123,5231,1
5749,2374,2572,2473,-198,4946,1
5756,2496,2613,2554,-117,5109,1
5757,2616,2570,2593,46,5186,1
5761,2283,2533,2408,-250,4816,1
5763,2304,2493,2398,-189,4797,1
5769,2581,2491,2536,90,5072,1
5770,2628,2757,2692,-129,5385,1
5771,2543,2598,2570,-55,5141,1
5774,2507,2514,2510,-7,5021,1
5775,2661,2513,2587,148,5174,1
5780,2607,2474,2540,133,5081,1
5785,2367,2541,2454,-174,4908,1
5786,2529,2427,2478,102,4956,1
5791,2567,2619,2593,-52,5186,1
5792,2484,2432,2458,52,4916,1
5794,2667,2184,2425,483,4851,1
5795,2664,2531,2597,133,5195,1
5796,2552,2415,2483,137,4967,1
5797,2435,2627,2531,-192,5062,1
5798,2484,2368,2426,116,4852,1
5804,2596,2382,2489,214,4978,1
5811,2535,2253,2394,282,4788,1
5813,2595,2570,2582,25,5165,1
5817,2404,2537,2470,-133,4941,1
5818,2565,2446,2505,119,5011,1
5822,2554,2453,2503,101,5007,1
5826,2572,2471,2521,101,5043,1
5831,2565,2286,2425,279,4851,1
5838,2624,2301,2462,323,4925,1
5842,2477,2259,2368,218,4736,1
5843,2294,2492,2393,-198,4786,1
5845,2556,2485,2520,71,5041,1
5846,2539,2381,2460,158,4920,1
5849,2653,2455,2554,198,5108,1
5853,2688,2664,2676,24,5352,1
5855,2626,2576,2601,50,5202,1
5857,2541,2613,2577,-72,5154,1
5861,2711,2503,2607,208,5214,1
5869,2291,2423,2357,-132,4714,1
5871,2461,2317,2389,144,4778,1
5872,2325,2557,2441,-232,4882,1
5877,2722,2477,2599,245,5199,1
5878,2560,2364,2462,196,4924,1
5879,2556,2412,2484,144,4968,1
5885,2720,2861,2790,-141,5581,1
5887,2345,2598,2471,-253,4943,1
5888,2617,2453,2535,164,5070,1
5890,2533,2590,2561,-57,5123,1
5896,2521,2379,2450,142,4900,1
5900,2659,2572,2615,87,5231,1
5901,2707,2584,2645,123,5291,1
5903,2385,2638,2511,-253,5023,1
5906,2329,2564,2446,-235,4893,1
5909,2396,2547,2471,-151,4943,1
5910,2520,2737,2628,-217,5257,1
5911,2488,2710,2599,-222,5198,1
5916,2378,2601,2489,-223,4979,1
5923,2527,2653,2590,-126,5180,1
5924,2466,2556,2511,-90,5022,1
5927,2484,2490,2487,-6,4974,1
5932,2493,2452,2472,41,4945,1
5936,2499,2262,2380,237,4761,1
5939,2534,2475,2504,59,5009,1
5941,2290,2472,2381,-182,4762,1
5943,2423,2547,2485,-124,4970,1
5944,2340,2618,2479,-278,4958,1
5945,2408,2563,2485,-155,4971,1
5948,2551,2535,2543,16,5086,1
5949,2644,2546,2595,98,5190,1
5950,2632,2635,2633,-3,5267,1
5956,2492,2494,2493,-2,4986,1
5959,2422,2634,2528,-212,5056,1
5965,2368,2529,2448,-161,4897,1
5972,2559,2595,2577,-36,5154,1
5973,2628,2454,2541,174,5082,1
5974,2529,2541,2535,-12,5070,1
5975,2607,2454,2530,153,5061,1
5976,2365,2456,2410,-91,4821,1
5981,2741,2683,2712,58,5424,1
5982,2579,2437,2508,142,5016,1
5983,2494,2607,2550,-113,5101,1
5985,2712,2616,2664,96,5328,1
5992,2532,2431,2481,101,4963,1
5996,2500,2356,2428,144,4856,1
6002,2555,2329,2442,226,4884,1
6004,2349,2562,2455,-213,4911,1
6005,2327,2394,2360,-67,4721,1
6006,2459,2399,2429,60,4858,1
6008,2477,2343,2410,134,4820,1
6012,2676,2702,2689,-26,5378,1
6015,2631,2628,2629,3,5259,1
6016,2441,2650,2545,-209,5091,1
6022,2555,2449,2502,106,5004,1
6023,2389,2511,2450,-122,4900,1
6027,2536,2477,2506,59,5013,1
6029,2539,2458,2498,81,4997,1
6030,2573,2507,2540,66,5080,1
6032,2553,2557,2555,-4,5110,1
6034,2638,2556,2597,82,5194,1
6035,2582,2372,2477,210,4954,1
6040,2723,2653,2688,70,5376,1
6050,2595,2577,2586,18,5172,1
6052,2620,2688,2654,-68,5308,1
6055,2635,2549,2592,86,5184,1
6057,2590,2256,2423,334,4846,1
6060,2601,2599,2600,2,5200,1
6061,2476,2499,2487,-23,4975,1
6065,2678,2646,2662,32,5324,1
6069,2387,2303,2345,84,4690,1
6071,2381,2401,2391,-20,4782,1
6074,2564,2417,2490,147,4981,1
6078,2336,2533,2434,-197,4869,1
6081,2309,2425,2367,-116,4734,1
6083,2321,2416,2368,-95,4737,1
6084,2244,2595,2419,-351,4839,1
6090,2495,2422,2458,73,4917,1
6092,2347,2552,2449,-205,4899,1
6100,2513,2338,2425,175,4851,1
6101,2584,2333,2458,251,4917,1
6102,2480,2304,2392,176,4784,1
6112,2380,2347,2363,33,4727,1
6116,2572,2435,2503,137,5007,1
6120,2552,2665,2608,-113,5217,1
6132,2519,2646,2582,-127,5165,1
6141,2680,2627,2653,53,5307,1
6144,2425,2286,2355,139,4711,1
6146,2534,2239,2386,295,4773,1
6147,2567,2531,2549,36,5098,1
6148,2459,2264,2361,195,4723,1
6151,2374,2566,2470,-192,4940,1
6152,2538,2697,2617,-159,5235,1
6153,2560,2528,2544,32,5088,1
6154,2344,2580,2462,-236,4924,1
6162,2535,2634,2584,-99,5169,1
6165,2401,2491,2446,-90,4892,1
6167,2589,2650,2619,-61,5239,1
6169,2479,2556,2517,-77,5035,1
6170,2464,2388,2426,76,4852,1
6172,2473,2578,2525,-105,5051,1
6174,2580,2450,2515,130,5030,1
6175,2610,2565,2587,45,5175,1
6178,2648,2558,2603,90,5206,1
6184,2396,2534,2465,-138,4930,1
6189,2775,2748,2761,27,5523,1
6191,2476,2324,2400,152,4800,1
6192,2317,2505,2411,-188,4822,1
6194,2486,2267,2376,219,4753,1
6195,2726,2623,2674,103,5349,1
6196,2566,2533,2549,33,5099,1
6202,2410,2463,2436,-53,4873,1
6207,2526,2401,2463,125,4927,1
6208,2569,2430,2499,139,4999,1
6211,2564,2450,2507,114,5014,1
6212,2511,2269,2390,242,4780,1
6213,2702,2664,2683,38,5366,1
6214,2634,2402,2518,232,5036,1
6223,2344,2420,2382,-76,4764,1
6228,2340,2501,2420,-161,4841,1
6229,2422,2498,2460,-76,4920,1
6230,2442,2393,2417,49,4835,1
6231,2615,2466,2540,149,5081,1
6232,2422,2441,2431,-19,4863,1
6238,2649,2358,2503,291,5007,1
6242,2378,2611,2494,-233,4989,1
6244,2508,2407,2457,101,4915,1
6245,2389,2619,2504,-230,5008,1
6246,2409,2500,2454,-91,4909,1
6249,2404,2556,2480,-152,4960,1
6253,2723,2727,2725,-4,5450,1
6254,2588,2614,2601,-26,5202,1
6259,2526,2625,2575,-99,5151,1
6265,2510,2526,2518,-16,5036,1
6266,2483,2428,2455,55,4911,1
6268,2543,2340,2441,203,4883,1
6270,2572,2343,2457,229,4915,1
6271,2385,2414,2399,-29,4799,1
6272,2426,2358,2392,68,4784,1
6273,2314,2417,2365,-103,4731,1
6286,2367,2457,2412,-90,4824,1
6294,2451,2353,2402,98,4804,1
6300,2476,2382,2429,94,4858,1
6302,2367,2362,2364,5,4729,1
6303,2668,2553,2610,115,5221,1
6311,2361,2374,2367,-13,4735,1
6313,2541,2461,2501,80,5002,1
6317,2305,2513,2409,-208,4818,1
6321,2480,2338,2409,142,4818,1
6323,2717,2663,2690,54,5380,1
6324,2510,2547,2528,-37,5057,1
6326,2561,2562,2561,-1,5123,1
6328,2475,2387,2431,88,4862,1
6335,2586,2484,2535,102,5070,1
6340,2614,2600,2607,14,5214,1
6349,2436,2580,2508,-144,5016,1
6352,2499,2344,2421,155,4843,1
6354,2475,2544,2509,-69,5019,1
6357,2709,2753,2731,-44,5462,1
6360,2441,2639,2540,-198,5080,1
6361,2397,2541,2469,-144,4938,1
6363,2656,2631,2643,25,5287,1
6364,2373,2598,2485,-225,4971,1
6367,2529,2557,2543,-28,5086,1
6369,2709,2632,2670,77,5341,1
6374,2760,2711,2735,49,5471,1
6375,2707,2530,2618,177,5237,1
6376,2375,2364,2369,11,4739,1
6377,2520,2519,2519,1,5039,1
6383,2505,2533,2519,-28,5038,1
6389,2460,2354,2407,106,4814,1
6390,2551,2688,2619,-137,5239,1
6392,2277,2547,2412,-270,4824,1
6394,2599,2450,2524,149,5049,1
6397,2291,2449,2370,-158,4740,1
6399,2412,2530,2471,-118,4942,1
6406,2574,2530,2552,44,5104,1
6407,2529,2585,2557,-56,5114,1
6414,2442,2346,2394,96,4788,1
6415,2362,2476,2419,-114,4838,1
6416,2420,2447,2433,-27,4867,1
6419,2515,2511,2513,4,5026,1
6422,2448,2392,2420,56,4840,1
6425,2597,2390,2493,207,4987,1
6430,2378,2582,2480,-204,4960,1
6433,2763,2726,2744,37,5489,1
6435,2270,2680,2475,-410,4950,1
6438,2734,2691,2712,43,5425,1
6441,2267,2620,2443,-353,4887,1
6443,2522,2242,2382,280,4764,1
6447,2618,2626,2622,-8,5244,1
6448,2648,2657,2652,-9,5305,1
6450,2651,2706,2678,-55,5357,1
6453,2536,2500,2518,36,5036,1
6457,2579,2472,2525,107,5051,1
6458,2498,2521,2509,-23,5019,1
6459,2449,2313,2381,136,4762,1
6461,2638,2601,2619,37,5239,1
6463,2401,2454,2427,-53,4855,1
6464,2431,2567,2499,-136,4998,1
6465,2651,2366,2508,285,5017,1
6466,2624,2478,2551,146,5102,1
6467,2614,2606,2610,8,5220,1
6469,2549,2669,2609,-120,5218,1
6472,2475,2603,2539,-128,5078,1
6473,2550,2278,2414,272,4828,1
6475,2474,2426,2450,48,4900,1
6479,2607,2536,2571,71,5143,1
6480,2565,2458,2511,107,5023,1
6482,2788,2644,2716,144,5432,1
6483,2539,2554,2546,-15,5093,1
6488,2363,2494,2428,-131,4857,1
6490,2507,2503,2505,4,5010,1
6497,2505,2548,2526,-43,5053,1
6498,2633,2590,2611,43,5223,1
6499,2494,2423,2458,71,4917,1
6505,2286,2443,2364,-157,4729,1
6506,2648,2463,2555,185,5111,1
6508,2326,2447,2386,-121,4773,1
6512,2580,2655,2617,-75,5235,1
6513,2588,2463,2525,125,5051,1
6515,2542,2228,2385,314,4770,1
6519,2407,2302,2354,105,4709,1
6524,2557,2597,2577,-40,5154,1
6525,2556,2546,2551,10,5102,1
6535,2608,2570,2589,38,5178,1
6537,2702,2706,2704,-4,5408,1
6541,2674,2666,2670,8,5340,1
6547,2628,2679,2653,-51,5307,1
6551,2516,2275,2395,241,4791,1
6554,2430,2513,2471,-83,4943,1
6556,2507,2246,2376,261,4753,1
6560,2793,2744,2768,49,5537,1
6566,2458,2547,2502,-89,5005,1
6568,2440,2714,2577,-274,5154,1
6569,2469,2564,2516,-95,5033,1
6571,2417,2388,2402,29,4805,1
6574,2454,2330,2392,124,4784,1
6576,2371,2382,2376,-11,4753,1
6581,2551,2595,2573,-44,5146,1
6583,2429,2532,2480,-103,4961,1
6588,2482,2437,2459,45,4919,1
6589,2610,2491,2550,119,5101,1
6590,2398,2427,2412,-29,4825,1
6592,2567,2518,2542,49,5085,1
6594,2518,2406,2462,112,4924,1
6595,2449,2336,2392,113,4785,1
6597,2572,2406,2489,166,4978,1
6599,2354,2417,2385,-63,4771,1
6601,2503,2635,2569,-132,5138,1
6603,2302,2553,2427,-251,4855,1
6610,2436,2469,2452,-33,4905,1
6613,2579,2232,2405,347,4811,1
6617,2413,2556,2484,-143,4969,1
6618,2481,2586,2533,-105,5067,1
6622,2641,2547,2594,94,5188,1
6623,2472,2270,2371,202,4742,1
6626,2336,2441,2388,-105,4777,1
6628,2705,2465,2585,240,5170,1
6629,2637,2722,2679,-85,5359,1
6637,2643,2247,2445,396,4890,1
6638,2597,2413,2505,184,5010,1
6640,2431,2462,2446,-31,4893,1
6641,2510,2274,2392,236,4784,1
6644,2305,2395,2350,-90,4700,1
6646,2580,2234,2407,346,4814,1
6647,2676,2505,2590,171,5181,1
6648,2253,2655,2454,-402,4908,1
6649,2589,2633,2611,-44,5222,1
6653,2568,2410,2489,158,4978,1
6654,2446,2294,2370,152,4740,1
6655,2419,2484,2451,-65,4903,1
6658,2235,2634,2434,-399,4869,1
6659,2332,2680,2506,-348,5012,1
6661,2434,2550,2492,-116,4984,1
6665,2313,2481,2397,-168,4794,1
6666,2453,2402,2427,51,4855,1
6669,2784,2803,2793,-19,5587,1
6670,2283,2594,2438,-311,4877,1
6671,2557,2708,2632,-151,5265,1
6673,2478,2596,2537,-118,5074,1
6677,2470,2531,2500,-61,5001,1
6685,2682,2455,2568,227,5137,1
6687,2438,2287,2362,151,4725,1
6698,2417,2404,2410,13,4821,1
6702,2402,2582,2492,-180,4984,1
6709,2303,2430,2366,-127,4733,1
6714,2427,2400,2413,27,4827,1
6715,2294,2572,2433,-278,4866,1
6716,2562,2308,2435,254,4870,1
6718,2667,2603,2635,64,5270,1
6724,2284,2534,2409,-250,4818,1
6725,2683,2550,2616,133,5233,1
6726,2702,2377,2539,325,5079,1
6735,2337,2543,2440,-206,4880,1
6737,2680,2543,2611,137,5223,1
6740,2473,2377,2425,96,4850,1
6753,2497,2276,2386,221,4773,1
6759,2388,2669,2528,-281,5057,1
6760,2589,2526,2557,63,5115,1
6761,2609,2562,2585,47,5171,1
6762,2444,2424,2434,20,4868,1
6764,2560,2602,2581,-42,5162,1
6766,2567,2353,2460,214,4920,1
6769,2374,2423,2398,-49,4797,1
6772,2206,2670,2438,-464,4876,1
6773,2418,2526,2472,-108,4944,1
6774,2436,2410,2423,26,4846,1
6775,2426,2303,2364,123,4729,1
6780,2683,2708,2695,-25,5391,1
6781,2379,2504,2441,-125,4883,1
6782,2593,2204,2398,389,4797,1
6783,2441,2502,2471,-61,4943,1
6784,2412,2317,2364,95,4729,1
6786,2665,2457,2561,208,5122,1
6787,2517,2389,2453,128,4906,1
6788,2376,2323,2349,53,4699,1
6794,2408,2534,2471,-126,4942,1
6795,2343,2540,2441,-197,4883,1
6796,2530,2407,2468,123,4937,1
6797,2401,2355,2378,46,4756,1
6802,2469,2805,2637,-336,5274,1
6803,2393,2364,2378,29,4757,1
6805,2498,2548,2523,-50,5046,1
6812,2568,2449,2508,119,5017,1
6814,2590,2708,2649,-118,5298,1
6819,2644,2591,2617,53,5235,1
6820,2453,2569,2511,-116,5022,1
6821,2393,2561,2477,-168,4954,1
6827,2232,2639,2435,-407,4871,1
6828,2507,2577,2542,-70,5084,1
6830,2423,2539,2481,-116,4962,1
6832,2666,2687,2676,-21,5353,1
6837,2414,2390,2402,24,4804,1
6842,2693,2717,2705,-24,5410,1
6845,2292,2533,2412,-241,4825,1
6847,2282,2725,2503,-443,5007,1
6853,2431,2468,2449,-37,4899,1
6860,2389,2359,2374,30,4748,1
6869,2321,2545,2433,-224,4866,1
6870,2602,2495,2548,107,5097,1
6874,2267,2545,2406,-278,4812,1
6877,2579,2618,2598,-39,5197,1
6884,2308,2475,2391,-167,4783,1
6886,2367,2414,2390,-47,4781,1
6888,2663,2467,2565,196,5130,1
6889,2339,2387,2363,-48,4726,1
6894,2363,2494,2428,-131,4857,1
6908,2293,2436,2364,-143,4729,1
6912,2517,2308,2412,209,4825,1
6916,2503,2498,2500,5,5001,1
6918,2483,2469,2476,14,4952,1
6925,2552,2691,2621,-139,5243,1
6926,2473,2265,2369,208,4738,1
6927,2724,2602,2663,122,5326,1
6928,2597,2545,2571,52,5142,1
6930,2547,2354,2450,193,4901,1
6932,2356,2390,2373,-34,4746,1
6935,2502,2604,2553,-102,5106,1
6944,2639,2663,2651,-24,5302,1
6946,2454,2276,2365,178,4730,1
6952,2285,2575,2430,-290,4860,1
6953,2557,2584,2570,-27,5141,1
6954,2295,2505,2400,-210,4800,1
6957,2586,2470,2528,116,5056,1
6958,2359,2415,2387,-56,4774,1
6961,2739,2619,2679,120,5358,1
6963,2296,2616,2456,-320,4912,1
6966,2271,2635,2453,-364,4906,1
6967,2482,2274,2378,208,4756,1
6973,2380,2570,2475,-190,4950,1
6978,2321,2447,2384,-126,4768,1
6979,2404,2593,2498,-189,4997,1
6980,2517,2298,2407,219,4815,1
6982,2651,2680,2665,-29,5331,1
6984,2447,2623,2535,-176,5070,1
6988,2672,2475,2573,197,5147,1
6989,2435,2530,2482,-95,4965,1
6992,2468,2569,2518,-101,5037,1
6993,2378,2636,2507,-258,5014,1
6997,2434,2556,2495,-122,4990,1
6999,2637,2580,2608,57,5217,1
7002,2577,2758,2667,-181,5335,1
7003,2730,2544,2637,186,5274,1
7004,2705,2616,2660,89,5321,1
7006,2384,2347,2365,37,4731,1
7007,2257,2680,2468,-423,4937,1
7011,2363,2330,2346,33,4693,1
7012,2655,2499,2577,156,5154,1
7013,2527,2427,2477,100,4954,1
7014,2422,2535,2478,-113,4957,1
7016,2577,2365,2471,212,4942,1
7018,2641,2315,2478,326,4956,1
7021,2521,2585,2553,-64,5106,1
7022,2506,2295,2400,211,4801,1
7025,2244,2574,2409,-330,4818,1
7026,2358,2505,2431,-147,4863,1
7029,2315,2446,2380,-131,4761,1
7033,2431,2516,2473,-85,4947,1
7039,2478,2331,2404,147,4809,1
7040,2441,2512,2476,-71,4953,1
7048,2723,2553,2638,170,5276,1
7051,2544,2613,2578,-69,5157,1
7052,2573,2633,2603,-60,5206,1
7056,2273,2521,2397,-248,4794,1
7059,2377,2467,2422,-90,4844,1
7064,2605,2375,2490,230,4980,1
7066,2320,2398,2359,-78,4718,1
7067,2473,2319,2396,154,4792,1
7069,2292,2458,2375,-166,4750,1
7071,2592,2325,2458,267,4917,1
7080,2388,2446,2417,-58,4834,1
7082,2486,2427,2456,59,4913,1
7085,2501,2568,2534,-67,5069,1
7086,2550,2567,2558,-17,5117,1
7088,2474,2528,2501,-54,5002,1
7089,2611,2450,2530,161,5061,1
7100,2342,2369,2355,-27,4711,1
7102,2560,2375,2467,185,4935,1
7107,2417,2459,2438,-42,4876,1
7109,2545,2279,2412,266,4824,1
7110,2484,2390,2437,94,4874,1
7112,2483,2417,2450,66,4900,1
7114,2517,2250,2383,267,4767,1
7115,2707,2635,2671,72,5342,1
7121,2609,2274,2441,335,4883,1
7122,2410,2405,2407,5,4815,1
7123,2500,2531,2515,-31,5031,1
7125,2404,2519,2461,-115,4923,1
7126,2573,2464,2518,109,5037,1
7128,2541,2503,2522,38,5044,1
7129,2538,2449,2493,89,4987,1
7138,2545,2312,2428,233,4857,1
7140,2338,2332,2335,6,4670,1
7141,2837,2763,2800,74,5600,1
7142,2373,2463,2418,-90,4836,1
7147,2302,2506,2404,-204,4808,1
7154,2476,2524,2500,-48,5000,1
7161,2399,2571,2485,-172,4970,1
7162,2331,2380,2355,-49,4711,1
7169,2653,2762,2707,-109,5415,1
7173,2626,2567,2596,59,5193,1
7174,2302,2524,2413,-222,4826,1
7179,2465,2552,2508,-87,5017,1
7180,2248,2566,2407,-318,4814,1
7183,2494,2660,2577,-166,5154,1
7186,2698,2670,2684,28,5368,1
7187,2692,2641,2666,51,5333,1
7193,2737,2762,2749,-25,5499,1
7195,2388,2613,2500,-225,5001,1
7204,2478,2557,2517,-79,5035,1
7206,2489,2340,2414,149,4829,1
7211,2637,2622,2629,15,5259,1
7212,2664,2671,2667,-7,5335,1
7213,2523,2579,2551,-56,5102,1
7216,2603,2442,2522,161,5045,1
7217,2564,2631,2597,-67,5195,1
7219,2530,2350,2440,180,4880,1
7222,2699,2538,2618,161,5237,1
7224,2393,2529,2461,-136,4922,1
7225,2432,2506,2469,-74,4938,1
7226,2624,2663,2643,-39,5287,1
7229,2320,2533,2426,-213,4853,1
7232,2723,2586,2654,137,5309,1
7233,2355,2512,2433,-157,4867,1
7239,2393,2356,2374,37,4749,1
7242,2483,2564,2523,-81,5047,1
7243,2437,2348,2392,89,4785,1
7246,2785,2724,2754,61,5509,1
7249,2371,2540,2455,-169,4911,1
7252,2585,2389,2487,196,4974,1
7253,2557,2655,2606,-98,5212,1
7255,2260,2549,2404,-289,4809,1
7259,2490,2543,2516,-53,5033,1
7261,2561,2461,2511,100,5022,1
7272,2213,2604,2408,-391,4817,1
7276,2679,2622,2650,57,5301,1
7279,2503,2417,2460,86,4920,1
7280,2707,2493,2600,214,5200,1
7281,2584,2682,2633,-98,5266,1
7282,2280,2467,2373,-187,4747,1
7285,2617,2679,2648,-62,5296,1
7286,2598,2215,2406,383,4813,1
7288,2527,2543,2535,-16,5070,1
7290,2529,2328,2428,201,4857,1
7292,2384,2333,2358,51,4717,1
7297,2429,2523,2476,-94,4952,1
7299,2492,2348,2420,144,4840,1
7300,2485,2713,2599,-228,5198,1
7303,2598,2375,2486,223,4973,1
7306,2503,2409,2456,94,4912,1
7307,2500,2281,2390,219,4781,1
7310,2324,2458,2391,-134,4782,1
7311,2556,2724,2640,-168,5280,1
7315,2633,2359,2496,274,4992,1
7320,2559,2427,2493,132,4986,1
7324,2445,2509,2477,-64,4954,1
7328,2345,2564,2454,-219,4909,1
7331,2346,2399,2372,-53,4745,1
7332,2632,2446,2539,186,5078,1
7334,2613,2564,2588,49,5177,1
7335,2326,2534,2430,-208,4860,1
7336,2534,2552,2543,-18,5086,1
7338,2305,2532,2418,-227,4837,1
7342,2772,2567,2669,205,5339,1
7344,2538,2311,2424,227,4849,1
7346,2279,2566,2422,-287,4845,1
7348,2276,2467,2371,-191,4743,1
7352,2544,2463,2503,81,5007,1
7354,2610,2657,2633,-47,5267,1
7356,2625,2571,2598,54,5196,1
7358,2661,2200,2430,461,4861,1
7360,2564,2416,2490,148,4980,1
7362,2622,2297,2459,325,4919,1
7363,2507,2392,2449,115,4899,1
7366,2457,2463,2460,-6,4920,1
7368,2279,2450,2364,-171,4729,1
7369,2502,2331,2416,171,4833,1
7371,2507,2640,2573,-133,5147,1
7375,2672,2734,2703,-62,5406,1
7378,2441,2564,2502,-123,5005,1
7379,2754,2582,2668,172,5336,1
7380,2546,2614,2580,-68,5160,1
7382,2550,2524,2537,26,5074,1
7383,2386,2359,2372,27,4745,1
7385,2749,2607,2678,142,5356,1
7389,2412,2346,2379,66,4758,1
7391,2474,2471,2472,3,4945,1
7393,2336,2564,2450,-228,4900,1
7394,2418,2285,2351,133,4703,1
7396,2305,2518,2411,-213,4823,1
7397,2538,2547,2542,-9,5085,1
7399,2387,2716,2551,-329,5103,1
7402,2752,2773,2762,-21,5525,1
7403,2414,2546,2480,-132,4960,1
7405,2757,2578,2667,179,5335,1
7406,2486,2482,2484,4,4968,1
7410,2557,2324,2440,233,4881,1
7413,2453,2550,2501,-97,5003,1
7414,2482,2535,2508,-53,5017,1
7415,2420,2638,2529,-218,5058,1
7418,2663,2569,2616,94,5232,1
7419,2506,2717,2611,-211,5223,1
7428,2436,2436,2436,0,4872,1
7431,2548,2296,2422,252,4844,1
7432,2368,2491,2429,-123,4859,1
7437,2625,2416,2520,209,5041,1
7439,2686,2344,2515,342,5030,1
7444,2586,2253,2419,333,4839,1
7447,2513,2308,2410,205,4821,1
7450,2601,2350,2475,251,4951,1
7454,2660,2633,2646,27,5293,1
7455,2428,2433,2430,-5,4861,1
7457,2538,2257,2397,281,4795,1
7463,2632,2730,2681,-98,5362,1
7464,2521,2294,2407,227,4815,1
7465,2272,2622,2447,-350,4894,1
7468,2412,2520,2466,-108,4932,1
7469,2366,2522,2444,-156,4888,1
7470,2586,2659,2622,-73,5245,1
7471,2362,2562,2462,-200,4924,1
7475,2613,2664,2638,-51,5277,1
7477,2293,2471,2382,-178,4764,1
7479,2478,2328,2403,150,4806,1
7484,2468,2437,2452,31,4905,1
7487,2345,2473,2409,-128,4818,1
7488,2308,2586,2447,-278,4894,1
7491,2603,2405,2504,198,5008,1
7497,2297,2430,2363,-133,4727,1
7499,2363,2374,2368,-11,4737,1
7504,2580,2466,2523,114,5046,1
7506,2700,2497,2598,203,5197,1
7508,2588,2667,2627,-79,5255,1
7509,2372,2496,2434,-124,4868,1
7510,2476,2587,2531,-111,5063,1
7511,2520,2278,2399,242,4798,1
7515,2420,2386,2403,34,4806,1
7519,2396,2513,2454,-117,4909,1
7523,2717,2712,2714,5,5429,1
7528,2599,2391,2495,208,4990,1
7535,2471,2643,2557,-172,5114,1
7536,2472,2260,2366,212,4732,1
7537,2602,2231,2416,371,4833,1
7539,2444,2574,2509,-130,5018,1
7542,2397,2404,2400,-7,4801,1
7543,2669,2572,2620,97,5241,1
7544,2352,2642,2497,-290,4994,1
7546,2582,2455,2518,127,5037,1
7549,2766,2717,2741,49,5483,1
7554,2408,2468,2438,-60,4876,1
7556,2399,2570,2484,-171,4969,1
7558,2570,2619,2594,-49,5189,1
7562,2411,2372,2391,39,4783,1
7564,2427,2554,2490,-127,4981,1
7577,2562,2496,2529,66,5058,1
7588,2589,2240,2414,349,4829,1
7593,2433,2338,2385,95,4771,1
7595,2317,2505,2411,-188,4822,1
7598,2330,2439,2384,-109,4769,1
7604,2648,2360,2504,288,5008,1
7606,2530,2437,2483,93,4967,1
7611,2291,2445,2368,-154,4736,1
7614,2712,2384,2548,328,5096,1
7617,2433,2353,2393,80,4786,1
7620,2599,2616,2607,-17,5215,1
7621,2388,2654,2521,-266,5042,1
7628,2587,2442,2514,145,5029,1
7630,2624,2489,2556,135,5113,1
7631,2403,2521,2462,-118,4924,1
7632,2375,2308,2341,67,4683,1
7633,2304,2515,2409,-211,4819,1
7635,2594,2707,2650,-113,5301,1
7637,2457,2318,2387,139,4775,1
7638,2608,2485,2546,123,5093,1
7641,2532,2412,2472,120,4944,1
7652,2430,2499,2464,-69,4929,1
7657,2428,2713,2570,-285,5141,1
7658,2655,2735,2695,-80,5390,1
7664,2381,2571,2476,-190,4952,1
7667,2550,2313,2431,237,4863,1
7671,2749,2546,2647,203,5295,1
7680,2218,2572,2395,-354,4790,1
7682,2713,2636,2674,77,5349,1
7683,2447,2367,2407,80,4814,1
7686,2523,2556,2539,-33,5079,1
7692,2655,2645,2650,10,5300,1
7698,2533,2332,2432,201,4865,1
7700,2222,2596,2409,-374,4818,1
7701,2568,2631,2599,-63,5199,1
7702,2345,2521,2433,-176,4866,1
7703,2625,2621,2623,4,5246,1
7705,2535,2273,2404,262,4808,1
7707,2588,2686,2637,-98,5274,1
7709,2552,2550,2551,2,5102,1
7711,2656,2572,2614,84,5228,1
7715,2346,2479,2412,-133,4825,1
7716,2803,2734,2768,69,5537,1
7717,2513,2253,2383,260,4766,1
7720,2441,2364,2402,77,4805,1
7724,2419,2371,2395,48,4790,1
7725,2764,2740,2752,24,5504,1
7727,2519,2320,2419,199,4839,1
7728,2434,2330,2382,104,4764,1
7729,2660,2680,2670,-20,5340,1
7731,2389,2437,2413,-48,4826,1
7732,2521,2455,2488,66,4976,1
7733,2328,2546,2437,-218,4874,1
7740,2562,2577,2569,-15,5139,1
7742,2303,2468,2385,-165,4771,1
7745,2571,2501,2536,70,5072,1
7747,2472,2389,2430,83,4861,1
7752,2508,2271,2389,237,4779,1
7753,2636,2525,2580,111,5161,1
7760,2420,2504,2462,-84,4924,1
7761,2481,2541,2511,-60,5022,1
7762,2576,2597,2586,-21,5173,1
7768,2375,2388,2381,-13,4763,1
7769,2475,2319,2397,156,4794,1
7770,2691,2689,2690,2,5380,1
7771,2387,2503,2445,-116,4890,1
7772,2390,2563,2476,-173,4953,1
7777,2499,2362,2430,137,4861,1
7778,2627,2462,2544,165,5089,1
7782,2425,2576,2500,-151,5001,1
7788,2329,2696,2512,-367,5025,1
7790,2730,2792,2761,-62,5522,1
7800,2642,2561,2601,81,5203,1
7801,2670,2571,2620,99,5241,1
7806,2327,2509,2418,-182,4836,1
7812,2505,2625,2565,-120,5130,1
7816,2551,2278,2414,273,4829,1
7817,2461,2406,2433,55,4867,1
7822,2520,2506,2513,14,5026,1
7823,2433,2552,2492,-119,4985,1
7824,2510,2568,2539,-58,5078,1
7831,2286,2459,2372,-173,4745,1
7836,2419,2554,2486,-135,4973,1
7838,2651,2558,2604,93,5209,1
7839,2539,2448,2493,91,4987,1
7840,2577,2569,2573,8,5146,1
7842,2340,2591,2465,-251,4931,1
7843,2515,2470,2492,45,4985,1
7851,2363,2447,2405,-84,4810,1
7853,2523,2635,2579,-112,5158,1
7864,2454,2544,2499,-90,4998,1
7870,2392,2311,2351,81,4703,1
7874,2603,2422,2512,181,5025,1
7877,2583,2212,2397,371,4795,1
7883,2542,2491,2516,51,5033,1
7885,2707,2659,2683,48,5366,1
7893,2546,2339,2442,207,4885,1
7898,2389,2477,2433,-88,4866,1
7904,2430,2538,2484,-108,4968,1
7906,2442,2663,2552,-221,5105,1
7907,2727,2567,2647,160,5294,1
7909,2365,2533,2449,-168,4898,1
7913,2533,2373,2453,160,4906,1
7920,2700,2637,2668,63,5337,1
7924,2334,2533,2433,-199,4867,1
7927,2317,2574,2445,-257,4891,1
7933,2508,2513,2510,-5,5021,1
7935,2456,2386,2421,70,4842,1
7937,2279,2636,2457,-357,4915,1
7941,2529,2602,2565,-73,5131,1
7942,2425,2350,2387,75,4775,1
7947,2484,2272,2378,212,4756,1
7949,2241,2562,2401,-321,4803,1
7952,2523,2322,2422,201,4845,1
7953,2306,2505,2405,-199,4811,1
7955,2391,2441,2416,-50,4832,1
7956,2639,2678,2658,-39,5317,1
7960,2609,2683,2646,-74,5292,1
7961,2568,2286,2427,282,4854,1
7962,2269,2547,2408,-278,4816,1
7963,2505,2380,2442,125,4885,1
7964,2676,2619,2647,57,5295,1
7965,2581,2467,2524,114,5048,1
7966,2600,2327,2463,273,4927,1
7967,2509,2614,2561,-105,5123,1
7969,2553,2230,2391,323,4783,1
7973,2274,2459,2366,-185,4733,1
7977,2489,2501,2495,-12,4990,1
7979,2771,2881,2826,-110,5652,1
7982,2432,2281,2356,151,4713,1
7983,2655,2645,2650,10,5300,1
7984,2398,2295,2346,103,4693,1
7991,2507,2650,2578,-143,5157,1
7993,2556,2518,2537,38,5074,1
7994,2522,2361,2441,161,4883,1
7995,2455,2335,2395,120,4790,1
7999,2632,2474,2553,158,5106,1
8002,2628,2201,2414,427,4829,1
8006,2537,2417,2477,120,4954,1
8011,2477,2343,2410,134,4820,1
8014,2393,2560,2476,-167,4953,1
8015,2616,2625,2620,-9,5241,1
8019,2488,2567,2527,-79,5055,1
8021,2432,2533,2482,-101,4965,1
8023,2568,2652,2610,-84,5220,1
8036,2338,2564,2451,-226,4902,1
8040,2484,2481,2482,3,4965,1
8045,2619,2481,2550,138,5100,1
8053,2511,2391,2451,120,4902,1
8058,2600,2655,2627,-55,5255,1
8060,2475,2502,2488,-27,4977,1
8061,2452,2475,2463,-23,4927,1
8065,2594,2335,2464,259,4929,1
8067,2606,2322,2464,284,4928,1
8068,2639,2715,2677,-76,5354,1
8076,2597,2606,2601,-9,5203,1
8078,2350,2409,2379,-59,4759,1
8080,2488,2569,2528,-81,5057,1
8088,2383,2438,2410,-55,4821,1
8089,2512,2447,2479,65,4959,1
8090,2663,2683,2673,-20,5346,1
8091,2485,2629,2557,-144,5114,1
8092,2490,2686,2588,-196,5176,1
8096,2379,2542,2460,-163,4921,1
8098,2408,2484,2446,-76,4892,1
8100,2507,2461,2484,46,4968,1
8110,2493,2625,2559,-132,5118,1
8111,2401,2481,2441,-80,4882,1
8117,2662,2509,2585,153,5171,1
8125,2659,2554,2606,105,5213,1
8130,2330,2448,2389,-118,4778,1
8134,2764,2815,2789,-51,5579,1
8139,2486,2542,2514,-56,5028,1
8140,2520,2290,2405,230,4810,1
8141,2316,2391,2353,-75,4707,1
8142,2327,2499,2413,-172,4826,1
8144,2700,2703,2701,-3,5403,1
8145,2643,2591,2617,52,5234,1
8146,2647,2667,2657,-20,5314,1
8148,2396,2446,2421,-50,4842,1
8149,2530,2491,2510,39,5021,1
8153,2284,2623,2453,-339,4907,1
8159,2643,2558,2600,85,5201,1
8161,2495,2529,2512,-34,5024,1
8162,2499,2554,2526,-55,5053,1
8163,2379,2511,2445,-132,4890,1
8164,2417,2594,2505,-177,5011,1
8176,2546,2312,2429,234,4858,1
8182,2446,2356,2401,90,4802,1
8185,2386,2401,2393,-15,4787,1
8186,2345,2664,2504,-319,5009,1
8187,2433,2418,2425,15,4851,1
8190,2551,2696,2623,-145,5247,1
8191,2492,2563,2527,-71,5055,1
8199,2469,2310,2389,159,4779,1
8206,2449,2377,2413,72,4826,1
8208,2598,2215,2406,383,4813,1
8213,2425,2412,2418,13,4837,1
8214,2525,2615,2570,-90,5140,1
8224,2516,2302,2409,214,4818,1
8226,2566,2705,2635,-139,5271,1
8227,2569,2447,2508,122,5016,1
8229,2613,2363,2488,250,4976,1
8233,2449,2559,2504,-110,5008,1
8234,2319,2684,2501,-365,5003,1
8235,2731,2731,2731,0,5462,1
8237,2674,2584,2629,90,5258,1
8238,2607,2516,2561,91,5123,1
8240,2382,2549,2465,-167,4931,1
8244,2602,2353,2477,249,4955,1
8245,2412,2413,2412,-1,4825,1
8247,2415,2538,2476,-123,4953,1
8252,2409,2546,2477,-137,4955,1
8254,2511,2705,2608,-194,5216,1
8255,2783,2706,2744,77,5489,1
8256,2641,2675,2658,-34,5316,1
8257,2479,2670,2574,-191,5149,1
8259,2379,2502,2440,-123,4881,1
8260,2388,2661,2524,-273,5049,1
8263,2570,2581,2575,-11,5151,1
8268,2469,2290,2379,179,4759,1
8275,2422,2298,2360,124,4720,1
8276,2307,2532,2419,-225,4839,1
8279,2460,2457,2458,3,4917,1
8283,2544,2635,2589,-91,5179,1
8290,2677,2526,2601,151,5203,1
8291,2313,2442,2377,-129,4755,1
8294,2474,2353,2413,121,4827,1
8296,2291,2546,2418,-255,4837,1
8297,2646,2495,2570,151,5141,1
8303,2696,2568,2632,128,5264,1
8306,2556,2404,2480,152,4960,1
8309,2682,2575,2628,107,5257,1
8316,2476,2597,2536,-121,5073,1
8317,2631,2694,2662,-63,5325,1
8318,2302,2551,2426,-249,4853,1
8320,2793,2699,2746,94,5492,1
8321,2366,2454,2410,-88,4820,1
8323,2458,2411,2434,47,4869,1
8326,2557,2270,2413,287,4827,1
8331,2577,2501,2539,76,5078,1
8332,2368,2444,2406,-76,4812,1
8335,2428,2478,2453,-50,4906,1
8337,2489,2507,2498,-18,4996,1
8339,2418,2336,2377,82,4754,1
8341,2567,2720,2643,-153,5287,1
8345,2390,2503,2446,-113,4893,1
8346,2352,2392,2372,-40,4744,1
8349,2538,2522,2530,16,5060,1
8353,2595,2339,2467,256,4934,1
8354,2470,2395,2432,75,4865,1
8355,2365,2321,2343,44,4686,1
8359,2353,2415,2384,-62,4768,1
8360,2556,2642,2599,-86,5198,1
8362,2484,2559,2521,-75,5043,1
8366,2506,2275,2390,231,4781,1
8367,2423,2398,2410,25,4821,1
8371,2417,2434,2425,-17,4851,1
8372,2558,2274,2416,284,4832,1
8373,2481,2260,2370,221,4741,1
8376,2630,2559,2594,71,5189,1
8378,2451,2586,2518,-135,5037,1
8379,2469,2651,2560,-182,5120,1
8380,2309,2413,2361,-104,4722,1
8382,2285,2444,2364,-159,4729,1
8388,2473,2479,2476,-6,4952,1
8391,2512,2440,2476,72,4952,1
8394,2547,2513,2530,34,5060,1
8398,2657,2473,2565,184,5130,1
8405,2562,2697,2629,-135,5259,1
8409,2581,2396,2488,185,4977,1
8412,2294,2513,2403,-219,4807,1
8416,2520,2437,2478,83,4957,1
8417,2387,2602,2494,-215,4989,1
8418,2262,2559,2410,-297,4821,1
8419,2310,2502,2406,-192,4812,1
8420,2370,2544,2457,-174,4914,1
8422,2555,2412,2483,143,4967,1
8424,2327,2580,2453,-253,4907,1
8425,2406,2564,2485,-158,4970,1
8428,2404,2382,2393,22,4786,1
8429,2405,2549,2477,-144,4954,1
8430,2507,2571,2539,-64,5078,1
8431,2389,2380,2384,9,4769,1
8438,2497,2592,2544,-95,5089,1
8442,2467,2606,2536,-139,5073,1
8446,2609,2660,2634,-51,5269,1
8448,2539,2653,2596,-114,5192,1
8449,2535,2696,2615,-161,5231,1
8450,2536,2616,2576,-80,5152,1
8458,2362,2578,2470,-216,4940,1
8459,2607,2720,2663,-113,5327,1
8462,2488,2379,2433,109,4867,1
8464,2534,2605,2569,-71,5139,1
8466,2370,2655,2512,-285,5025,1
8471,2457,2325,2391,132,4782,1
8472,2488,2306,2397,182,4794,1
8473,2482,2466,2474,16,4948,1
8474,2637,2554,2595,83,5191,1
8476,2369,2593,2481,-224,4962,1
8480,2528,2336,2432,192,4864,1
8481,2428,2313,2370,115,4741,1
8482,2636,2479,2557,157,5115,1
8484,2297,2437,2367,-140,4734,1
8488,2580,2621,2600,-41,5201,1
8490,2497,2484,2490,13,4981,1
8491,2309,2486,2397,-177,4795,1
8493,2397,2384,2390,13,4781,1
8499,2491,2659,2575,-168,5150,1
8509,2713,2695,2704,18,5408,1
8511,2467,2619,2543,-152,5086,1
8520,2494,2446,2470,48,4940,1
8531,2547,2501,2524,46,5048,1
8532,2746,2702,2724,44,5448,1
8535,2550,2507,2528,43,5057,1
8536,2530,2353,2441,177,4883,1
8538,2308,2460,2384,-152,4768,1
8540,2639,2706,2672,-67,5345,1
8541,2437,2488,2462,-51,4925,1
8543,2448,2563,2505,-115,5011,1
8545,2626,2647,2636,-21,5273,1
8547,2503,2333,2418,170,4836,1
8549,2809,2801,2805,8,5610,1
8551,2401,2337,2369,64,4738,1
8553,2514,2389,2451,125,4903,1
8556,2453,2324,2388,129,4777,1
8558,2606,2651,2628,-45,5257,1
8563,2418,2600,2509,-182,5018,1
8564,2396,2318,2357,78,4714,1
8571,2742,2637,2689,105,5379,1
8575,2654,2634,2644,20,5288,1
8577,2442,2366,2404,76,4808,1
8578,2594,2632,2613,-38,5226,1
8583,2428,2563,2495,-135,4991,1
8594,2473,2373,2423,100,4846,1
8595,2577,2596,2586,-19,5173,1
8598,2490,2448,2469,42,4938,1
8612,2358,2450,2404,-92,4808,1
8614,2581,2361,2471,220,4942,1
8615,2693,2691,2692,2,5384,1
8616,2315,2475,2395,-160,4790,1
8617,2499,2323,2411,176,4822,1
8618,2528,2323,2425,205,4851,1
8623,2549,2645,2597,-96,5194,1
8624,2418,2481,2449,-63,4899,1
8625,2541,2481,2511,60,5022,1
8626,2517,2551,2534,-34,5068,1
8627,2492,2526,2509,-34,5018,1
8628,2864,2616,2740,248,5480,1
8629,2732,2738,2735,-6,5470,1
8631,2565,2409,2487,156,4974,1
8632,2454,2605,2529,-151,5059,1
8638,2454,2693,2573,-239,5147,1
8642,2324,2476,2400,-152,4800,1
8655,2706,2702,2704,4,5408,1
8656,2377,2516,2446,-139,4893,1
8659,2304,2569,2436,-265,4873,1
8661,2396,2322,2359,74,4718,1
8663,2612,2454,2533,158,5066,1
8665,2598,2417,2507,181,5015,1
8670,2421,2470,2445,-49,4891,1
8675,2355,2554,2454,-199,4909,1
8676,2368,2523,2445,-155,4891,1
8678,2713,2803,2758,-90,5516,1
8684,2526,2413,2469,113,4939,1
8688,2327,2512,2419,-185,4839,1
8689,2576,2563,2569,13,5139,1
8692,2501,2594,2547,-93,5095,1
8697,2661,2556,2608,105,5217,1
8698,2343,2482,2412,-139,4825,1
8701,2407,2325,2366,82,4732,1
8704,2448,2466,2457,-18,4914,1
8706,2703,2646,2674,57,5349,1
8707,2496,2478,2487,18,4974,1
8708,2667,2426,2546,241,5093,1
8710,2407,2473,2440,-66,4880,1
8713,2405,2693,2549,-288,5098,1
8717,2376,2553,2464,-177,4929,1
8718,2531,2285,2408,246,4816,1
8726,2403,2539,2471,-136,4942,1
8727,2591,2363,2477,228,4954,1
8728,2370,2557,2463,-187,4927,1
8729,2325,2619,2472,-294,4944,1
8732,2441,2367,2404,74,4808,1
8733,2555,2591,2573,-36,5146,1
8734,2559,2367,2463,192,4926,1
8735,2393,2605,2499,-212,4998,1
8739,2489,2434,2461,55,4923,1
8745,2592,2447,2519,145,5039,1
8746,2572,2621,2596,-49,5193,1
8751,2560,2540,2550,20,5100,1
8753,2498,2345,2421,153,4843,1
8754,2616,2506,2561,110,5122,1
8756,2339,2526,2432,-187,4865,1
8759,2477,2359,2418,118,4836,1
8763,2434,2569,2501,-135,5003,1
8768,2406,2471,2438,-65,4877,1
8771,2555,2613,2584,-58,5168,1
8773,2252,2549,2400,-297,4801,1
8775,2489,2508,2498,-19,4997,1
8784,2659,2602,2630,57,5261,1
8786,2518,2473,2495,45,4991,1
8787,2481,2442,2461,39,4923,1
8791,2428,2418,2423,10,4846,1
8795,2450,2493,2471,-43,4943,1
8797,2423,2547,2485,-124,4970,1
8798,2619,2484,2551,135,5103,1
8804,2615,2554,2584,61,5169,1
8806,2418,2580,2499,-162,4998,1
8813,2363,2609,2486,-246,4972,1
8816,2397,2591,2494,-194,4988,1
8818,2461,2397,2429,64,4858,1
8819,2525,2527,2526,-2,5052,1
8823,2754,2703,2728,51,5457,1
8826,2635,2546,2590,89,5181,1
8827,2570,2457,2513,113,5027,1
8830,2586,2512,2549,74,5098,1
8835,2490,2556,2523,-66,5046,1
8837,2619,2622,2620,-3,5241,1
8838,2557,2252,2404,305,4809,1
8848,2431,2510,2470,-79,4941,1
8849,2415,2638,2526,-223,5053,1
8850,2562,2319,2440,243,4881,1
8851,2408,2318,2363,90,4726,1
8853,2298,2589,2443,-291,4887,1
8859,2524,2643,2583,-119,5167,1
8860,2577,2539,2558,38,5116,1
8862,2319,2548,2433,-229,4867,1
8863,2276,2540,2408,-264,4816,1
8865,2592,2370,2481,222,4962,1
8866,2687,2574,2630,113,5261,1
8871,2367,2665,2516,-298,5032,1
8875,2494,2449,2471,45,4943,1
8879,2606,2290,2448,316,4896,1
8884,2492,2436,2464,56,4928,1
8889,2505,2511,2508,-6,5016,1
8893,2400,2646,2523,-246,5046,1
8894,2486,2344,2415,142,4830,1
8895,2479,2686,2582,-207,5165,1
8897,2258,2550,2404,-292,4808,1
8899,2482,2358,2420,124,4840,1
8900,2580,2312,2446,268,4892,1
8901,2286,2501,2393,-215,4787,1
8902,2470,2357,2413,113,4827,1
8903,2568,2514,2541,54,5082,1
8916,2296,2505,2400,-209,4801,1
8918,2535,2386,2460,149,4921,1
8922,2546,2497,2521,49,5043,1
8928,2565,2603,2584,-38,5168,1
8929,2391,2312,2351,79,4703,1
8932,2699,2719,2709,-20,5418,1
8934,2407,2629,2518,-222,5036,1
8935,2269,2552,2410,-283,4821,1
8939,2700,2600,2650,100,5300,1
8941,2594,2287,2440,307,4881,1
8943,2537,2251,2394,286,4788,1
8946,2511,2263,2387,248,4774,1
8951,2536,2364,2450,172,4900,1
8953,2522,2422,2472,100,4944,1
8956,2627,2374,2500,253,5001,1
8963,2373,2500,2436,-127,4873,1
8964,2567,2491,2529,76,5058,1
8966,2327,2417,2372,-90,4744,1
8967,2467,2476,2471,-9,4943,1
8969,2688,2693,2690,-5,5381,1
8970,2484,2723,2603,-239,5207,1
8983,2474,2702,2588,-228,5176,1
8985,2522,2643,2582,-121,5165,1
8988,2239,2568,2403,-329,4807,1
8994,2432,2350,2391,82,4782,1
8995,2388,2481,2434,-93,4869,1
8998,2801,2877,2839,-76,5678,1
8999,2486,2304,2395,182,4790,1
9002,2426,2621,2523,-195,5047,1
9006,2398,2560,2479,-162,4958,1
9011,2450,2497,2473,-47,4947,1
9017,2605,2354,2479,251,4959,1
9020,2451,2565,2508,-114,5016,1
9021,2330,2511,2420,-181,4841,1
9022,2610,2451,2530,159,5061,1
9027,2696,2490,2593,206,5186,1
9029,2526,2339,2432,187,4865,1
9030,2328,2426,2377,-98,4754,1
9031,2298,2530,2414,-232,4828,1
9038,2401,2389,2395,12,4790,1
9039,2500,2454,2477,46,4954,1
9040,2648,2529,2588,119,5177,1
9041,2499,2310,2404,189,4809,1
9046,2454,2295,2374,159,4749,1
9047,2490,2603,2546,-113,5093,1
9048,2289,2456,2372,-167,4745,1
9049,2500,2331,2415,169,4831,1
9050,2530,2336,2433,194,4866,1
9056,2372,2552,2462,-180,4924,1
9059,2344,2334,2339,10,4678,1
9060,2591,2462,2526,129,5053,1
9065,2686,2725,2705,-39,5411,1
9066,2534,2289,2411,245,4823,1
9069,2472,2482,2477,-10,4954,1
9070,2372,2405,2388,-33,4777,1
9072,2333,2455,2394,-122,4788,1
9074,2400,2591,2495,-191,4991,1
9075,2523,2326,2424,197,4849,1
9078,2616,2593,2604,23,5209,1
9080,2635,2480,2557,155,5115,1
9081,2390,2302,2346,88,4692,1
9083,2757,2709,2733,48,5466,1
9084,2323,2459,2391,-136,4782,1
9089,2470,2645,2557,-175,5115,1
9092,2409,2479,2444,-70,4888,1
9093,2527,2353,2440,174,4880,1
9094,2611,2522,2566,89,5133,1
9099,2392,2508,2450,-116,4900,1
9101,2476,2338,2407,138,4814,1
9102,2720,2801,2760,-81,5521,1
9109,2543,2447,2495,96,4990,1
9110,2459,2468,2463,-9,4927,1
9118,2452,2555,2503,-103,5007,1
9120,2622,2540,2581,82,5162,1
9122,2442,2449,2445,-7,4891,1
9123,2693,2779,2736,-86,5472,1
9126,2531,2532,2531,-1,5063,1
9127,2388,2362,2375,26,4750,1
9128,2637,2618,2627,19,5255,1
9129,2628,2299,2463,329,4927,1
9132,2646,2650,2648,-4,5296,1
9138,2455,2552,2503,-97,5007,1
9139,2695,2548,2621,147,5243,1
9141,2708,2687,2697,21,5395,1
9144,2451,2415,2433,36,4866,1
9149,2671,2647,2659,24,5318,1
9151,2512,2290,2401,222,4802,1
9154,2389,2639,2514,-250,5028,1
9161,2549,2341,2445,208,4890,1
9163,2391,2359,2375,32,4750,1
9164,2721,2721,2721,0,5442,1
9165,2515,2589,2552,-74,5104,1
9166,2699,2714,2706,-15,5413,1
9170,2657,2622,2639,35,5279,1
9175,2405,2490,2447,-85,4895,1
9177,2433,2489,2461,-56,4922,1
9180,2671,2554,2612,117,5225,1
9185,2468,2481,2474,-13,4949,1
9192,2412,2600,2506,-188,5012,1
9200,2505,2354,2429,151,4859,1
9203,2719,2789,2754,-70,5508,1
9205,2385,2468,2426,-83,4853,1
9206,2336,2505,2420,-169,4841,1
9211,2384,2413,2398,-29,4797,1
9212,2371,2409,2390,-38,4780,1
9215,2242,2617,2429,-375,4859,1
9216,2700,2679,2689,21,5379,1
9218,2654,2577,2615,77,5231,1
9226,2594,2537,2565,57,5131,1
9227,2492,2335,2413,157,4827,1
9230,2481,2384,2432,97,4865,1
9233,2474,2554,2514,-80,5028,1
9237,2509,2322,2415,187,4831,1
9241,2445,2300,2372,145,4745,1
9243,2564,2345,2454,219,4909,1
9245,2412,2444,2428,-32,4856,1
9247,2342,2517,2429,-175,4859,1
9248,2620,2655,2637,-35,5275,1
9253,2376,2512,2444,-136,4888,1
9254,2618,2538,2578,80,5156,1
9260,2524,2404,2464,120,4928,1
9263,2519,2326,2422,193,4845,1
9264,2379,2505,2442,-126,4884,1
9267,2511,2440,2475,71,4951,1
9270,2425,2280,2352,145,4705,1
9271,2359,2355,2357,4,4714,1
9273,2316,2536,2426,-220,4852,1
9275,2526,2284,2405,242,4810,1
9276,2487,2734,2610,-247,5221,1
9280,2440,2341,2390,99,4781,1
9282,2463,2537,2500,-74,5000,1
9283,2638,2498,2568,140,5136,1
9290,2462,2427,2444,35,4889,1
9307,2391,2557,2474,-166,4948,1
9311,2583,2439,2511,144,5022,1
9316,2347,2440,2393,-93,4787,1
9320,2602,2564,2583,38,5166,1
9322,2432,2320,2376,112,4752,1
9327,2619,2317,2468,302,4936,1
9328,2547,2638,2592,-91,5185,1
9330,2637,2376,2506,261,5013,1
9333,2475,2637,2556,-162,5112,1
9335,2512,2408,2460,104,4920,1
9337,2548,2467,2507,81,5015,1
9340,2708,2608,2658,100,5316,1
9343,2523,2578,2550,-55,5101,1
9344,2517,2286,2401,231,4803,1
9345,2311,2430,2370,-119,4741,1
9348,2690,2694,2692,-4,5384,1
9352,2324,2421,2372,-97,4745,1
9353,2654,2555,2604,99,5209,1
9355,2374,2612,2493,-238,4986,1
9356,2404,2520,2462,-116,4924,1
9357,2548,2380,2464,168,4928,1
9358,2529,2651,2590,-122,5180,1
9361,2347,2378,2362,-31,4725,1
9369,2332,2492,2412,-160,4824,1
9373,2339,2419,2379,-80,4758,1
9374,2642,2687,2664,-45,5329,1
9376,2225,2605,2415,-380,4830,1
9381,2487,2297,2392,190,4784,1
9391,2546,2380,2463,166,4926,1
9397,2621,2401,2511,220,5022,1
9398,2364,2355,2359,9,4719,1
9399,2650,2659,2654,-9,5309,1
9409,2505,2629,2567,-124,5134,1
9411,2567,2714,2640,-147,5281,1
9412,2743,2651,2697,92,5394,1
9413,2456,2267,2361,189,4723,1
9414,2459,2511,2485,-52,4970,1
9416,2602,2574,2588,28,5176,1
9417,2378,2538,2458,-160,4916,1
9426,2435,2374,2404,61,4809,1
9427,2742,2446,2594,296,5188,1
9428,2457,2309,2383,148,4766,1
9431,2518,2326,2422,192,4844,1
9432,2468,2478,2473,-10,4946,1
9433,2237,2575,2406,-338,4812,1
9434,2683,2416,2549,267,5099,1
9437,2467,2363,2415,104,4830,1
9439,2318,2399,2358,-81,4717,1
9440,2533,2301,2417,232,4834,1
9441,2634,2201,2417,433,4835,1
9443,2517,2250,2383,267,4767,1
9452,2709,2784,2746,-75,5493,1
9453,2688,2608,2648,80,5296,1
9454,2506,2450,2478,56,4956,1
9456,2417,2309,2363,108,4726,1
9458,2424,2453,2438,-29,4877,1
9460,2383,2635,2509,-252,5018,1
9467,2758,2764,2761,-6,5522,1
9468,2490,2351,2420,139,4841,1
9470,2555,2637,2596,-82,5192,1
9472,2566,2526,2546,40,5092,1
9474,2527,2704,2615,-177,5231,1
9475,2521,2378,2449,143,4899,1
9478,2391,2530,2460,-139,4921,1
9479,2415,2422,2418,-7,4837,1
9486,2423,2570,2496,-147,4993,1
9488,2525,2346,2435,179,4871,1
9495,2550,2450,2500,100,5000,1
9499,2540,2432,2486,108,4972,1
9500,2394,2417,2405,-23,4811,1
9504,2463,2317,2390,146,4780,1
9507,2492,2602,2547,-110,5094,1
9510,2620,2442,2531,178,5062,1
9512,2583,2348,2465,235,4931,1
9515,2330,2374,2352,-44,4704,1
9517,2244,2590,2417,-346,4834,1
9520,2530,2666,2598,-136,5196,1
9522,2558,2704,2631,-146,5262,1
9528,2321,2496,2408,-175,4817,1
9532,2672,2665,2668,7,5337,1
9534,2696,2673,2684,23,5369,1
9535,2320,2403,2361,-83,4723,1
9537,2370,2328,2349,42,4698,1
9542,2316,2552,2434,-236,4868,1
9543,2569,2397,2483,172,4966,1
9545,2474,2405,2439,69,4879,1
9569,2613,2513,2563,100,5126,1
9572,2450,2387,2418,63,4837,1
9573,2644,2717,2680,-73,5361,1
9574,2645,2507,2576,138,5152,1
9582,2361,2469,2415,-108,4830,1
9583,2543,2615,2579,-72,5158,1
9585,2564,2477,2520,87,5041,1
9591,2732,2736,2734,-4,5468,1
9593,2438,2529,2483,-91,4967,1
9594,2449,2301,2375,148,4750,1
9595,2549,2390,2469,159,4939,1
9596,2786,2762,2774,24,5548,1
9599,2591,2239,2415,352,4830,1
9606,2596,2452,2524,144,5048,1
9607,2425,2564,2494,-139,4989,1
9608,2529,2592,2560,-63,5121,1
9612,2304,2494,2399,-190,4798,1
9613,2648,2428,2538,220,5076,1
9615,2734,2454,2594,280,5188,1
9616,2321,2396,2358,-75,4717,1
9617,2343,2467,2405,-124,4810,1
9622,2392,2487,2439,-95,4879,1
9623,2258,2501,2379,-243,4759,1
9625,2711,2406,2558,305,5117,1
9631,2675,2468,2571,207,5143,1
9632,2741,2775,2758,-34,5516,1
9635,2450,2358,2404,92,4808,1
9637,2512,2504,2508,8,5016,1
9650,2231,2544,2387,-313,4775,1
9651,2550,2688,2619,-138,5238,1
9652,2602,2363,2482,239,4965,1
9654,2628,2792,2710,-164,5420,1
9655,2379,2572,2475,-193,4951,1
9665,2523,2744,2633,-221,5267,1
9666,2727,2705,2716,22,5432,1
9671,2569,2684,2626,-115,5253,1
9672,2468,2648,2558,-180,5116,1
9677,2488,2576,2532,-88,5064,1
9681,2350,2420,2385,-70,4770,1
9685,2540,2417,2478,123,4957,1
9686,2307,2460,2383,-153,4767,1
9689,2473,2431,2452,42,4904,1
9690,2402,2438,2420,-36,4840,1
9703,2355,2528,2441,-173,4883,1
9709,2250,2618,2434,-368,4868,1
9713,2717,2608,2662,109,5325,1
9714,2470,2326,2398,144,4796,1
9717,2308,2491,2399,-183,4799,1
9722,2346,2384,2365,-38,4730,1
9724,2360,2316,2338,44,4676,1
9730,2296,2462,2379,-166,4758,1
9732,2524,2377,2450,147,4901,1
9740,2527,2629,2578,-102,5156,1
9742,2667,2687,2677,-20,5354,1
9751,2610,2507,2558,103,5117,1
9756,2615,2478,2546,137,5093,1
9761,2613,2379,2496,234,4992,1
9763,2713,2656,2684,57,5369,1
9767,2483,2423,2453,60,4906,1
9770,2471,2556,2513,-85,5027,1
9771,2399,2514,2456,-115,4913,1
9773,2652,2816,2734,-164,5468,1
9774,2644,2321,2482,323,4965,1
9777,2526,2607,2566,-81,5133,1
9778,2365,2516,2440,-151,4881,1
9779,2706,2575,2640,131,5281,1
9780,2426,2393,2409,33,4819,1
9786,2547,2475,2511,72,5022,1
9790,2480,2356,2418,124,4836,1
9794,2587,2246,2416,341,4833,1
9796,2555,2508,2531,47,5063,1
9797,2465,2786,2625,-321,5251,1
9799,2432,2292,2362,140,4724,1
9803,2468,2445,2456,23,4913,1
9808,2763,2767,2765,-4,5530,1
9812,2450,2408,2429,42,4858,1
9816,2461,2320,2390,141,4781,1
9819,2395,2601,2498,-206,4996,1
9821,2414,2522,2468,-108,4936,1
9822,2432,2541,2486,-109,4973,1
9824,2271,2493,2382,-222,4764,1
9828,2638,2478,2558,160,5116,1
9831,2567,2507,2537,60,5074,1
9835,2630,2516,2573,114,5146,1
9836,2688,2727,2707,-39,5415,1
9837,2299,2560,2429,-261,4859,1
9838,2556,2369,2462,187,4925,1
9839,2700,2753,2726,-53,5453,1
9849,2578,2562,2570,16,5140,1
9856,2712,2251,2481,461,4963,1
9857,2642,2581,2611,61,5223,1
9858,2456,2521,2488,-65,4977,1
9859,2427,2401,2414,26,4828,1
9869,2556,2405,2480,151,4961,1
9870,2400,2368,2384,32,4768,1
9873,2299,2467,2383,-168,4766,1
9880,2455,2422,2438,33,4877,1
9881,2705,2727,2716,-22,5432,1
9892,2426,2356,2391,70,4782,1
9893,2313,2471,2392,-158,4784,1
9902,2316,2505,2410,-189,4821,1
9904,2570,2541,2555,29,5111,1
9905,2550,2313,2431,237,4863,1
9910,2616,2389,2502,227,5005,1
9911,2337,2490,2413,-153,4827,1
9914,2667,2432,2549,235,5099,1
9915,2569,2327,2448,242,4896,1
9919,2400,2624,2512,-224,5024,1
9922,2459,2395,2427,64,4854,1
9923,2525,2568,2546,-43,5093,1
9924,2540,2294,2417,246,4834,1
9925,2342,2504,2423,-162,4846,1
9926,2511,2283,2397,228,4794,1
9927,2557,2556,2556,1,5113,1
9928,2574,2213,2393,361,4787,1
9931,2457,2577,2517,-120,5034,1
9932,2329,2563,2446,-234,4892,1
9939,2446,2390,2418,56,4836,1
9941,2685,2438,2561,247,5123,1
9943,2327,2461,2394,-134,4788,1
9945,2772,2648,2710,124,5420,1
9947,2326,2487,2406,-161,4813,1
9948,2540,2566,2553,-26,5106,1
9951,2639,2741,2690,-102,5380,1
9956,2529,2323,2426,206,4852,1
9959,2684,2602,2643,82,5286,1
9960,2480,2621,2550,-141,5101,1
9965,2547,2455,2501,92,5002,1
9966,2290,2434,2362,-144,4724,1
9967,2590,2422,2506,168,5012,1
9970,2603,2281,2442,322,4884,1
9971,2721,2731,2726,-10,5452,1
9978,2387,2506,2446,-119,4893,1
9981,2497,2351,2424,146,4848,1
9982,2431,2389,2410,42,4820,1
9989,2499,2375,2437,124,4874,1
9992,2332,2492,2412,-160,4824,1
9994,2566,2404,2485,162,4970,1
10008,2557,2538,2547,19,5095,1
10010,2527,2560,2543,-33,5087,1
10011,2417,2555,2486,-138,4972,1
10012,2308,2574,2441,-266,4882,1
10017,2635,2419,2527,216,5054,1
10023,2418,2307,2362,111,4725,1
10028,2570,2392,2481,178,4962,1
10029,2498,2387,2442,111,4885,1
10031,2389,2403,2396,-14,4792,1
10033,2775,2551,2663,224,5326,1
10037,2419,2336,2377,83,4755,1
10039,2325,2554,2439,-229,4879,1
10041,2490,2418,2454,72,4908,1
10044,2485,2423,2454,62,4908,1
10046,2785,2589,2687,196,5374,1
10047,2757,2780,2768,-23,5537,1
10050,2449,2332,2390,117,4781,1
10052,2372,2380,2376,-8,4752,1
10059,2580,2414,2497,166,4994,1
10060,2395,2609,2502,-214,5004,1
10067,2520,2357,2438,163,4877,1
10070,2697,2565,2631,132,5262,1
10071,2412,2416,2414,-4,4828,1
10072,2620,2567,2593,53,5187,1
10082,2307,2451,2379,-144,4758,1
10084,2564,2269,2416,295,4833,1
10089,2434,2284,2359,150,4718,1
10091,2630,2272,2451,358,4902,1
10093,2381,2492,2436,-111,4873,1
10098,2533,2603,2568,-70,5136,1
10103,2447,2486,2466,-39,4933,1
10104,2417,2404,2410,13,4821,1
10105,2623,2630,2626,-7,5253,1
10107,2352,2357,2354,-5,4709,1
10108,2649,2529,2589,120,5178,1
10109,2605,2752,2678,-147,5357,1
10110,2444,2559,2501,-115,5003,1
10118,2520,2631,2575,-111,5151,1
10121,2406,2294,2350,112,4700,1
10124,2578,2607,2592,-29,5185,1
10130,2336,2482,2409,-146,4818,1
10131,2394,2557,2475,-163,4951,1
10136,2276,2496,2386,-220,4772,1
10137,2642,2646,2644,-4,5288,1
10139,2508,2554,2531,-46,5062,1
10140,2368,2577,2472,-209,4945,1
10141,2333,2342,2337,-9,4675,1
10142,2548,2233,2390,315,4781,1
10144,2364,2546,2455,-182,4910,1
10148,2297,2471,2384,-174,4768,1
10149,2593,2447,2520,146,5040,1
10150,2723,2622,2672,101,5345,1
10151,2629,2319,2474,310,4948,1
10153,2291,2431,2361,-140,4722,1
10157,2411,2469,2440,-58,4880,1
10161,2274,2460,2367,-186,4734,1
10164,2656,2368,2512,288,5024,1
10165,2484,2362,2423,122,4846,1
10174,2467,2557,2512,-90,5024,1
10180,2573,2297,2435,276,4870,1
10182,2580,2457,2518,123,5037,1
10185,2542,2486,2514,56,5028,1
10187,2329,2659,2494,-330,4988,1
10191,2414,2422,2418,-8,4836,1
10193,2545,2556,2550,-11,5101,1
10194,2497,2503,2500,-6,5000,1
10195,2391,2369,2380,22,4760,1
10196,2601,2268,2434,333,4869,1
10197,2565,2324,2444,241,4889,1
10199,2437,2681,2559,-244,5118,1
10205,2516,2377,2446,139,4893,1
10206,2314,2557,2435,-243,4871,1
10208,2561,2335,2448,226,4896,1
10209,2539,2354,2446,185,4893,1
10211,2489,2303,2396,186,4792,1
10212,2516,2625,2570,-109,5141,1
10213,2428,2306,2367,122,4734,1
10214,2526,2514,2520,12,5040,1
10217,2248,2605,2426,-357,4853,1
10219,2369,2584,2476,-215,4953,1
10220,2743,2621,2682,122,5364,1
10221,2543,2454,2498,89,4997,1
10227,2423,2290,2356,133,4713,1
10228,2395,2622,2508,-227,5017,1
10233,2392,2444,2418,-52,4836,1
10237,2402,2513,2457,-111,4915,1
10239,2356,2492,2424,-136,4848,1
10240,2612,2608,2610,4,5220,1
10241,2325,2510,2417,-185,4835,1
10242,2580,2468,2524,112,5048,1
10245,2662,2549,2605,113,5211,1
10246,2291,2498,2394,-207,4789,1
10247,2217,2594,2405,-377,4811,1
10250,2588,2626,2607,-38,5214,1
10253,2458,2471,2464,-13,4929,1
10256,2580,2339,2459,241,4919,1
10261,2541,2631,2586,-90,5172,1
10262,2320,2369,2344,-49,4689,1
10264,2491,2371,2431,120,4862,1
10265,2684,2473,2578,211,5157,1
10266,2427,2302,2364,125,4729,1
10269,2459,2643,2551,-184,5102,1
10272,2653,2622,2637,31,5275,1
10274,2455,2608,2531,-153,5063,1
10276,2517,2389,2453,128,4906,1
10277,2693,2428,2560,265,5121,1
10280,2562,2428,2495,134,4990,1
10282,2543,2482,2512,61,5025,1
10283,2306,2408,2357,-102,4714,1
10284,2361,2614,2487,-253,4975,1
10291,2307,2436,2371,-129,4743,1
10292,2218,2576,2397,-358,4794,1
10294,2559,2518,2538,41,5077,1
10295,2457,2372,2414,85,4829,1
10298,2639,2431,2535,208,5070,1
10301,2638,2678,2658,-40,5316,1
10313,2306,2505,2405,-199,4811,1
10316,2404,2575,2489,-171,4979,1
10317,2292,2587,2439,-295,4879,1
10319,2407,2320,2363,87,4727,1
10320,2365,2509,2437,-144,4874,1
10327,2589,2402,2495,187,4991,1
10333,2319,2525,2422,-206,4844,1
10336,2494,2298,2396,196,4792,1
10337,2419,2374,2396,45,4793,1
10339,2496,2546,2521,-50,5042,1
10342,2422,2292,2357,130,4714,1
10343,2573,2509,2541,64,5082,1
10347,2300,2531,2415,-231,4831,1
10349,2536,2421,2478,115,4957,1
10359,2387,2601,2494,-214,4988,1
10363,2540,2269,2404,271,4809,1
10365,2312,2485,2398,-173,4797,1
10369,2407,2322,2364,85,4729,1
10370,2663,2554,2608,109,5217,1
10381,2591,2475,2533,116,5066,1
10383,2288,2429,2358,-141,4717,1
10384,2379,2367,2373,12,4746,1
10385,2482,2616,2549,-134,5098,1
10387,2526,2582,2554,-56,5108,1
10388,2572,2449,2510,123,5021,1
10390,2441,2460,2450,-19,4901,1
10392,2384,2525,2454,-141,4909,1
10395,2426,2290,2358,136,4716,1
10398,2683,2445,2564,238,5128,1
10399,2559,2370,2464,189,4929,1
10401,2602,2298,2450,304,4900,1
10403,2707,2494,2600,213,5201,1
10404,2501,2666,2583,-165,5167,1
10406,2559,2420,2489,139,4979,1
10408,2616,2531,2573,85,5147,1
10409,2328,2441,2384,-113,4769,1
10411,2547,2448,2497,99,4995,1
10412,2324,2370,2347,-46,4694,1
10413,2668,2585,2626,83,5253,1
10421,2559,2650,2604,-91,5209,1
10427,2340,2516,2428,-176,4856,1
10428,2506,2656,2581,-150,5162,1
10429,2369,2339,2354,30,4708,1
10430,2547,2669,2608,-122,5216,1
10431,2691,2552,2621,139,5243,1
10433,2477,2268,2372,209,4745,1
10434,2398,2537,2467,-139,4935,1
10437,2617,2442,2529,175,5059,1
10438,2648,2311,2479,337,4959,1
10440,2541,2615,2578,-74,5156,1
10441,2402,2339,2370,63,4741,1
10447,2488,2562,2525,-74,5050,1
10449,2562,2318,2440,244,4880,1
10450,2622,2414,2518,208,5036,1
10451,2389,2454,2421,-65,4843,1
10453,2400,2358,2379,42,4758,1
10454,2546,2644,2595,-98,5190,1
10455,2772,2709,2740,63,5481,1
10456,2564,2269,2416,295,4833,1
10459,2486,2375,2430,111,4861,1
10466,2497,2668,2582,-171,5165,1
10467,2644,2315,2479,329,4959,1
10468,2379,2390,2384,-11,4769,1
10473,2394,2563,2478,-169,4957,1
10479,2586,2591,2588,-5,5177,1
10481,2414,2567,2490,-153,4981,1
10482,2632,2588,2610,44,5220,1
10483,2414,2463,2438,-49,4877,1
10485,2397,2529,2463,-132,4926,1
10486,2610,2544,2577,66,5154,1
10490,2579,2734,2656,-155,5313,1
10492,2397,2389,2393,8,4786,1
10493,2417,2589,2503,-172,5006,1
10498,2459,2463,2461,-4,4922,1
10502,2471,2584,2527,-113,5055,1
10504,2537,2437,2487,100,4974,1
10506,2360,2465,2412,-105,4825,1
10514,2530,2448,2489,82,4978,1
10520,2473,2401,2437,72,4874,1
10522,2569,2539,2554,30,5108,1
10525,2680,2752,2716,-72,5432,1
10528,2434,2475,2454,-41,4909,1
10535,2569,2386,2477,183,4955,1
10539,2432,2509,2470,-77,4941,1
10540,2436,2670,2553,-234,5106,1
10542,2415,2587,2501,-172,5002,1
10543,2461,2516,2488,-55,4977,1
10549,2622,2308,2465,314,4930,1
10552,2653,2477,2565,176,5130,1
10553,2631,2247,2439,384,4878,1
10557,2634,2455,2544,179,5089,1
10559,2300,2410,2355,-110,4710,1
10561,2321,2404,2362,-83,4725,1
10568,2458,2378,2418,80,4836,1
10570,2674,2510,2592,164,5184,1
10574,2514,2544,2529,-30,5058,1
10577,2645,2468,2556,177,5113,1
10586,2396,2384,2390,12,4780,1
10587,2726,2749,2737,-23,5475,1
10590,2593,2420,2506,173,5013,1
10601,2593,2486,2539,107,5079,1
10603,2615,2502,2558,113,5117,1
10604,2672,2678,2675,-6,5350,1
10605,2534,2367,2450,167,4901,1
10606,2393,2485,2439,-92,4878,1
10607,2546,2613,2579,-67,5159,1
10608,2489,2706,2597,-217,5195,1
10616,2277,2730,2503,-453,5007,1
10618,2631,2408,2519,223,5039,1
10620,2443,2366,2404,77,4809,1
10623,2451,2360,2405,91,4811,1
10626,2431,2313,2372,118,4744,1
10630,2538,2380,2459,158,4918,1
10634,2655,2547,2601,108,5202,1
10635,2559,2402,2480,157,4961,1
10637,2355,2360,2357,-5,4715,1
10643,2410,2549,2479,-139,4959,1
10645,2377,2542,2459,-165,4919,1
10646,2361,2324,2342,37,4685,1
10647,2385,2705,2545,-320,5090,1
10649,2388,2501,2444,-113,4889,1
10650,2449,2512,2480,-63,4961,1
10653,2338,2520,2429,-182,4858,1
10654,2709,2480,2594,229,5189,1
10655,2498,2364,2431,134,4862,1
10661,2554,2441,2497,113,4995,1
10664,2361,2530,2445,-169,4891,1
10667,2680,2623,2651,57,5303,1
10671,2509,2566,2537,-57,5075,1
10672,2628,2427,2527,201,5055,1
10674,2446,2501,2473,-55,4947,1
10676,2366,2468,2417,-102,4834,1
10677,2645,2343,2494,302,4988,1
10681,2267,2547,2407,-280,4814,1
10682,2330,2492,2411,-162,4822,1
10684,2490,2604,2547,-114,5094,1
10685,2792,2881,2836,-89,5673,1
10687,2636,2398,2517,238,5034,1
10691,2477,2290,2383,187,4767,1
10694,2377,2367,2372,10,4744,1
10697,2475,2286,2380,189,4761,1
10702,2302,2638,2470,-336,4940,1
10707,2386,2338,2362,48,4724,1
10708,2290,2496,2393,-206,4786,1
10709,2611,2417,2514,194,5028,1
10712,2392,2690,2541,-298,5082,1
10717,2637,2218,2427,419,4855,1
10721,2487,2596,2541,-109,5083,1
10725,2620,2438,2529,182,5058,1
10728,2334,2456,2395,-122,4790,1
10729,2460,2279,2369,181,4739,1
10731,2628,2503,2565,125,5131,1
10737,2351,2325,2338,26,4676,1
10738,2628,2771,2699,-143,5399,1
10740,2359,2594,2476,-235,4953,1
10743,2466,2481,2473,-15,4947,1
10751,2555,2487,2521,68,5042,1
10758,2336,2418,2377,-82,4754,1
10760,2457,2413,2435,44,4870,1
10761,2472,2343,2407,129,4815,1
10765,2507,2382,2444,125,4889,1
10766,2643,2504,2573,139,5147,1
10768,2666,2711,2688,-45,5377,1
10771,2506,2677,2591,-171,5183,1
10772,2296,2433,2364,-137,4729,1
10773,2786,2539,2662,247,5325,1
10784,2586,2384,2485,202,4970,1
10786,2297,2478,2387,-181,4775,1
10789,2545,2490,2517,55,5035,1
10800,2627,2515,2571,112,5142,1
10801,2460,2471,2465,-11,4931,1
10803,2462,2328,2395,134,4790,1
10804,2528,2461,2494,67,4989,1
10806,2720,2700,2710,20,5420,1
10807,2609,2291,2450,318,4900,1
10808,2682,2357,2519,325,5039,1
10813,2427,2479,2453,-52,4906,1
10814,2663,2732,2697,-69,5395,1
10818,2532,2415,2473,117,4947,1
10823,2644,2343,2493,301,4987,1
10824,2509,2312,2410,197,4821,1
10833,2422,2567,2494,-145,4989,1
10834,2542,2559,2550,-17,5101,1
10835,2288,2464,2376,-176,4752,1
10837,2735,2783,2759,-48,5518,1
10840,2486,2734,2610,-248,5220,1
10846,2508,2488,2498,20,4996,1
10848,2813,2775,2794,38,5588,1
10851,2693,2730,2711,-37,5423,1
10853,2631,2324,2477,307,4955,1
10858,2317,2611,2464,-294,4928,1
10859,2285,2536,2410,-251,4821,1
10860,2614,2435,2524,179,5049,1
10864,2564,2275,2419,289,4839,1
10867,2461,2400,2430,61,4861,1
10868,2597,2526,2561,71,5123,1
10882,2550,2361,2455,189,4911,1
10886,2292,2518,2405,-226,4810,1
10887,2493,2265,2379,228,4758,1
10892,2411,2509,2460,-98,4920,1
10893,2473,2481,2477,-8,4954,1
10894,2505,2477,2491,28,4982,1
10896,2556,2710,2633,-154,5266,1
10897,2385,2603,2494,-218,4988,1
10899,2603,2411,2507,192,5014,1
10902,2339,2541,2440,-202,4880,1
10908,2677,2549,2613,128,5226,1
10911,2298,2563,2430,-265,4861,1
10912,2702,2572,2637,130,5274,1
10913,2652,2402,2527,250,5054,1
10916,2438,2543,2490,-105,4981,1
10918,2644,2511,2577,133,5155,1
10919,2521,2362,2441,159,4883,1
10920,2269,2519,2394,-250,4788,1
10922,2504,2558,2531,-54,5062,1
10924,2552,2504,2528,48,5056,1
10933,2540,2349,2444,191,4889,1
10951,2343,2460,2401,-117,4803,1
10952,2493,2551,2522,-58,5044,1
10953,2407,2588,2497,-181,4995,1
10954,2458,2578,2518,-120,5036,1
10955,2582,2347,2464,235,4929,1
10956,2325,2481,2403,-156,4806,1
10957,2521,2237,2379,284,4758,1
10959,2345,2544,2444,-199,4889,1
10963,2570,2360,2465,210,4930,1
10965,2554,2564,2559,-10,5118,1
10967,2607,2477,2542,130,5084,1
10968,2510,2633,2571,-123,5143,1
10973,2428,2486,2457,-58,4914,1
10978,2479,2321,2400,158,4800,1
10980,2543,2391,2467,152,4934,1
10985,2552,2645,2598,-93,5197,1
10990,2418,2386,2402,32,4804,1
10991,2772,2660,2716,112,5432,1
10992,2603,2384,2493,219,4987,1
10994,2490,2395,2442,95,4885,1
10995,2692,2438,2565,254,5130,1
10997,2355,2522,2438,-167,4877,1
10998,2681,2512,2596,169,5193,1
11001,2667,2662,2664,5,5329,1
11002,2642,2559,2600,83,5201,1
11007,2612,2463,2537,149,5075,1
11008,2651,2482,2566,169,5133,1
11009,2285,2594,2439,-309,4879,1
11010,2476,2514,2495,-38,4990,1
11012,2396,2392,2394,4,4788,1
11014,2412,2440,2426,-28,4852,1
11016,2531,2585,2558,-54,5116,1
11018,2372,2510,2441,-138,4882,1
11021,2309,2604,2456,-295,4913,1
11025,2295,2563,2429,-268,4858,1
11028,2519,2434,2476,85,4953,1
11029,2506,2327,2416,179,4833,1
11031,2348,2372,2360,-24,4720,1
11032,2413,2540,2476,-127,4953,1
11038,2315,2528,2421,-213,4843,1
11039,2425,2468,2446,-43,4893,1
11043,2396,2346,2371,50,4742,1
11053,2420,2566,2493,-146,4986,1
11055,2570,2421,2495,149,4991,1
11058,2422,2449,2435,-27,4871,1
11064,2494,2431,2462,63,4925,1
11071,2381,2467,2424,-86,4848,1
11073,2268,2491,2379,-223,4759,1
11075,2510,2399,2454,111,4909,1
11076,2593,2431,2512,162,5024,1
11086,2630,2651,2640,-21,5281,1
11092,2461,2527,2494,-66,4988,1
11095,2731,2784,2757,-53,5515,1
11099,2689,2726,2707,-37,5415,1
11101,2249,2571,2410,-322,4820,1
11102,2336,2599,2467,-263,4935,1
11105,2481,2320,2400,161,4801,1
11112,2466,2678,2572,-212,5144,1
11119,2359,2508,2433,-149,4867,1
11124,2646,2474,2560,172,5120,1
11125,2431,2285,2358,146,4716,1
11126,2743,2482,2612,261,5225,1
11129,2334,2425,2379,-91,4759,1
11130,2693,2617,2655,76,5310,1
11134,2713,2658,2685,55,5371,1
11135,2585,2506,2545,79,5091,1
11143,2724,2762,2743,-38,5486,1
11144,2571,2481,2526,90,5052,1
11145,2599,2462,2530,137,5061,1
11146,2537,2532,2534,5,5069,1
11147,2547,2535,2541,12,5082,1
11149,2602,2583,2592,19,5185,1
11150,2697,2568,2632,129,5265,1
11157,2564,2458,2511,106,5022,1
11159,2597,2546,2571,51,5143,1
11164,2386,2485,2435,-99,4871,1
11165,2570,2433,2501,137,5003,1
11166,2525,2556,2540,-31,5081,1
11169,2297,2454,2375,-157,4751,1
11176,2560,2500,2530,60,5060,1
11182,2354,2634,2494,-280,4988,1
11184,2516,2421,2468,95,4937,1
11189,2569,2417,2493,152,4986,1
11192,2485,2556,2520,-71,5041,1
11196,2631,2713,2672,-82,5344,1
11197,2406,2422,2414,-16,4828,1
11200,2534,2647,2590,-113,5181,1
11201,2464,2308,2386,156,4772,1
11204,2496,2432,2464,64,4928,1
11205,2449,2606,2527,-157,5055,1
11214,2603,2471,2537,132,5074,1
11215,2351,2589,2470,-238,4940,1
11217,2424,2430,2427,-6,4854,1
11226,2480,2269,2374,211,4749,1
11229,2517,2711,2614,-194,5228,1
11236,2736,2421,2578,315,5157,1
11237,2458,2390,2424,68,4848,1
11239,2340,2461,2400,-121,4801,1
11243,2262,2651,2456,-389,4913,1
11246,2522,2677,2599,-155,5199,1
11248,2636,2365,2500,271,5001,1
11261,2364,2461,2412,-97,4825,1
11262,2609,2250,2429,359,4859,1
11264,2546,2220,2383,326,4766,1
11265,2553,2704,2628,-151,5257,1
11268,2442,2564,2503,-122,5006,1
11269,2470,2548,2509,-78,5018,1
11273,2617,2537,2577,80,5154,1
11275,2574,2650,2612,-76,5224,1
11285,2519,2582,2550,-63,5101,1
11286,2661,2562,2611,99,5223,1
11287,2565,2437,2501,128,5002,1
11289,2656,2571,2613,85,5227,1
11291,2491,2438,2464,53,4929,1
11292,2532,2553,2542,-21,5085,1
11294,2652,2528,2590,124,5180,1
11296,2792,2659,2725,133,5451,1
11297,2408,2491,2449,-83,4899,1
11298,2469,2320,2394,149,4789,1
11300,2473,2554,2513,-81,5027,1
11303,2390,2542,2466,-152,4932,1
11304,2531,2241,2386,290,4772,1
11305,2643,2204,2423,439,4847,1
11307,2512,2740,2626,-228,5252,1
11316,2411,2377,2394,34,4788,1
11319,2380,2540,2460,-160,4920,1
11320,2580,2769,2674,-189,5349,1
11324,2677,2663,2670,14,5340,1
11325,2436,2360,2398,76,4796,1
11327,2753,2732,2742,21,5485,1
11328,2334,2577,2455,-243,4911,1
11330,2442,2319,2380,123,4761,1
11331,2526,2443,2484,83,4969,1
11333,2481,2423,2452,58,4904,1
11335,2337,2426,2381,-89,4763,1
11338,2282,2516,2399,-234,4798,1
11342,2631,2657,2644,-26,5288,1
11352,2594,2541,2567,53,5135,1
11353,2530,2350,2440,180,4880,1
11354,2578,2287,2432,291,4865,1
11357,2514,2413,2463,101,4927,1
11358,2535,2532,2533,3,5067,1
11360,2508,2310,2409,198,4818,1
11361,2712,2682,2697,30,5394,1
11364,2305,2410,2357,-105,4715,1
11366,2397,2671,2534,-274,5068,1
11368,2594,2451,2522,143,5045,1
11369,2710,2718,2714,-8,5428,1
11374,2398,2606,2502,-208,5004,1
11384,2478,2597,2537,-119,5075,1
11385,2328,2521,2424,-193,4849,1
11388,2547,2542,2544,5,5089,1
11391,2444,2572,2508,-128,5016,1
11402,2659,2548,2603,111,5207,1
11406,2455,2359,2407,96,4814,1
11413,2698,2629,2663,69,5327,1
11417,2552,2434,2493,118,4986,1
11422,2613,2420,2516,193,5033,1
11440,2409,2348,2378,61,4757,1
11442,2523,2459,2491,64,4982,1
11443,2543,2442,2492,101,4985,1
11445,2597,2326,2461,271,4923,1
11447,2491,2565,2528,-74,5056,1
11449,2398,2589,2493,-191,4987,1
11452,2476,2662,2569,-186,5138,1
11453,2270,2516,2393,-246,4786,1
11454,2530,2372,2451,158,4902,1
11456,2405,2680,2542,-275,5085,1
11461,2543,2619,2581,-76,5162,1
11463,2601,2415,2508,186,5016,1
11466,2552,2513,2532,39,5065,1
11468,2476,2491,2483,-15,4967,1
11469,2606,2453,2529,153,5059,1
11471,2529,2476,2502,53,5005,1
11480,2653,2720,2686,-67,5373,1
11483,2374,2348,2361,26,4722,1
11485,2754,2731,2742,23,5485,1
11490,2712,2694,2703,18,5406,1
11492,2551,2577,2564,-26,5128,1
11494,2377,2479,2428,-102,4856,1
11497,2435,2420,2427,15,4855,1
11500,2368,2652,2510,-284,5020,1
11504,2379,2436,2407,-57,4815,1
11506,2653,2560,2606,93,5213,1
11519,2459,2361,2410,98,4820,1
11522,2436,2572,2504,-136,5008,1
11523,2598,2240,2419,358,4838,1
11529,2380,2551,2465,-171,4931,1
11532,2544,2353,2448,191,4897,1
11534,2538,2423,2480,115,4961,1
11535,2505,2349,2427,156,4854,1
11539,2465,2386,2425,79,4851,1
11542,2582,2331,2456,251,4913,1
11543,2519,2393,2456,126,4912,1
11547,2568,2445,2506,123,5013,1
11556,2546,2561,2553,-15,5107,1
11559,2526,2316,2421,210,4842,1
11565,2421,2346,2383,75,4767,1
11567,2493,2712,2602,-219,5205,1
11569,2414,2347,2380,67,4761,1
11571,2402,2517,2459,-115,4919,1
11575,2660,2733,2696,-73,5393,1
11576,2361,2418,2389,-57,4779,1
11579,2694,2511,2602,183,5205,1
11582,2283,2447,2365,-164,4730,1
11584,2667,2194,2430,473,4861,1
11589,2422,2391,2406,31,4813,1
11590,2323,2363,2343,-40,4686,1
11591,2416,2519,2467,-103,4935,1
11597,2410,2585,2497,-175,4995,1
11612,2453,2513,2483,-60,4966,1
11615,2541,2471,2506,70,5012,1
11619,2599,2348,2473,251,4947,1
11627,2278,2498,2388,-220,4776,1
11631,2379,2483,2431,-104,4862,1
11634,2392,2360,2376,32,4752,1
11639,2710,2567,2638,143,5277,1
11641,2484,2554,2519,-70,5038,1
11642,2456,2422,2439,34,4878,1
11650,2535,2368,2451,167,4903,1
11654,2247,2538,2392,-291,4785,1
11657,2721,2731,2726,-10,5452,1
11663,2593,2532,2562,61,5125,1
11664,2425,2650,2537,-225,5075,1
11665,2594,2442,2518,152,5036,1
11666,2318,2620,2469,-302,4938,1
11668,2616,2446,2531,170,5062,1
11672,2567,2595,2581,-28,5162,1
11679,2396,2667,2531,-271,5063,1
11684,2332,2679,2505,-347,5011,1
11686,2259,2637,2448,-378,4896,1
11692,2640,2576,2608,64,5216,1
11694,2757,2810,2783,-53,5567,1
11697,2596,2448,2522,148,5044,1
11698,2294,2549,2421,-255,4843,1
11699,2441,2301,2371,140,4742,1
11701,2450,2414,2432,36,4864,1
11709,2676,2518,2597,158,5194,1
11712,2462,2380,2421,82,4842,1
11714,2554,2415,2484,139,4969,1
11716,2427,2483,2455,-56,4910,1
11720,2708,2737,2722,-29,5445,1
11721,2642,2700,2671,-58,5342,1
11722,2576,2390,2483,186,4966,1
11723,2554,2232,2393,322,4786,1
11725,2471,2349,2410,122,4820,1
11727,2540,2516,2528,24,5056,1
11732,2355,2515,2435,-160,4870,1
11735,2505,2613,2559,-108,5118,1
11736,2590,2365,2477,225,4955,1
11738,2660,2609,2634,51,5269,1
11739,2475,2299,2387,176,4774,1
11740,2501,2416,2458,85,4917,1
11741,2417,2640,2528,-223,5057,1
11742,2371,2364,2367,7,4735,1
11744,2481,2551,2516,-70,5032,1
11748,2506,2436,2471,70,4942,1
11756,2337,2525,2431,-188,4862,1
11759,2557,2250,2403,307,4807,1
11769,2580,2367,2473,213,4947,1
11773,2344,2328,2336,16,4672,1
11775,2333,2595,2464,-262,4928,1
11779,2311,2518,2414,-207,4829,1
11781,2547,2379,2463,168,4926,1
11782,2344,2547,2445,-203,4891,1
11787,2471,2343,2407,128,4814,1
11789,2585,2485,2535,100,5070,1
11791,2525,2370,2447,155,4895,1
11793,2342,2522,2432,-180,4864,1
11794,2352,2542,2447,-190,4894,1
11795,2772,2713,2742,59,5485,1
11797,2386,2523,2454,-137,4909,1
11798,2446,2631,2538,-185,5077,1
11800,2399,2319,2359,80,4718,1
11803,2571,2380,2475,191,4951,1
11807,2516,2390,2453,126,4906,1
11810,2566,2464,2515,102,5030,1
11811,2757,2754,2755,3,5511,1
11813,2535,2302,2418,233,4837,1
11814,2431,2673,2552,-242,5104,1
11817,2520,2393,2456,127,4913,1
11820,2815,2748,2781,67,5563,1
11826,2309,2533,2421,-224,4842,1
11827,2437,2482,2459,-45,4919,1
11838,2567,2423,2495,144,4990,1
11840,2681,2397,2539,284,5078,1
11843,2658,2680,2669,-22,5338,1
11844,2423,2296,2359,127,4719,1
11848,2813,2868,2840,-55,5681,1
11849,2391,2543,2467,-152,4934,1
11850,2708,2785,2746,-77,5493,1
11852,2539,2393,2466,146,4932,1
11853,2344,2469,2406,-125,4813,1
11854,2356,2406,2381,-50,4762,1
11855,2505,2667,2586,-162,5172,1
11856,2377,2309,2343,68,4686,1
11859,2710,2651,2680,59,5361,1
11860,2330,2577,2453,-247,4907,1
11865,2242,2603,2422,-361,4845,1
11867,2574,2295,2434,279,4869,1
11870,2517,2475,2496,42,4992,1
11872,2327,2418,2372,-91,4745,1
11875,2440,2489,2464,-49,4929,1
11878,2331,2514,2422,-183,4845,1
11881,2659,2417,2538,242,5076,1
11882,2612,2212,2412,400,4824,1
11896,2510,2415,2462,95,4925,1
11897,2529,2628,2578,-99,5157,1
11902,2554,2412,2483,142,4966,1
11903,2534,2617,2575,-83,5151,1
11907,2654,2269,2461,385,4923,1
11911,2385,2328,2356,57,4713,1
11915,2473,2499,2486,-26,4972,1
11918,2286,2467,2376,-181,4753,1
11923,2439,2362,2400,77,4801,1
11926,2379,2320,2349,59,4699,1
11927,2527,2485,2506,42,5012,1
11929,2406,2597,2501,-191,5003,1
11931,2556,2523,2539,33,5079,1
11937,2779,2719,2749,60,5498,1
11941,2492,2641,2566,-149,5133,1
11944,2394,2448,2421,-54,4842,1
11946,2511,2587,2549,-76,5098,1
11947,2493,2441,2467,52,4934,1
11949,2300,2450,2375,-150,4750,1
11956,2553,2562,2557,-9,5115,1
11962,2331,2486,2408,-155,4817,1
11966,2488,2533,2510,-45,5021,1
11967,2595,2628,2611,-33,5223,1
11968,2438,2636,2537,-198,5074,1
11969,2594,2506,2550,88,5100,1
11974,2450,2423,2436,27,4873,1
11975,2487,2464,2475,23,4951,1
11979,2528,2356,2442,172,4884,1
11980,2581,2239,2410,342,4820,1
11981,2309,2527,2418,-218,4836,1
11982,2475,2571,2523,-96,5046,1
11987,2382,2488,2435,-106,4870,1
11993,2496,2483,2489,13,4979,1
11997,2258,2611,2434,-353,4869,1
12000,2604,2588,2596,16,5192,1
12004,2404,2490,2447,-86,4894,1
12007,2391,2471,2431,-80,4862,1
12009,2328,2455,2391,-127,4783,1
12010,2375,2469,2422,-94,4844,1
12014,2460,2605,2532,-145,5065,1
12018,2560,2303,2431,257,4863,1
12021,2782,2708,2745,74,5490,1
12024,2490,2538,2514,-48,5028,1
12028,2479,2273,2376,206,4752,1
12030,2337,2545,2441,-208,4882,1
12031,2402,2387,2394,15,4789,1
12037,2607,2293,2450,314,4900,1
12039,2727,2709,2718,18,5436,1
12045,2639,2551,2595,88,5190,1
12050,2324,2438,2381,-114,4762,1
12059,2481,2437,2459,44,4918,1
12067,2311,2554,2432,-243,4865,1
12068,2611,2313,2462,298,4924,1
12069,2417,2362,2389,55,4779,1
12070,2760,2713,2736,47,5473,1
12071,2423,2396,2409,27,4819,1
12073,2327,2397,2362,-70,4724,1
12080,2657,2695,2676,-38,5352,1
12081,2377,2443,2410,-66,4820,1
12082,2373,2440,2406,-67,4813,1
12085,2260,2536,2398,-276,4796,1
12089,2531,2269,2400,262,4800,1
12092,2472,2598,2535,-126,5070,1
12095,2538,2582,2560,-44,5120,1
12097,2521,2664,2592,-143,5185,1
12100,2438,2622,2530,-184,5060,1
12102,2519,2490,2504,29,5009,1
12106,2575,2503,2539,72,5078,1
12108,2392,2529,2460,-137,4921,1
12109,2460,2363,2411,97,4823,1
12111,2277,2468,2372,-191,4745,1
12112,2470,2635,2552,-165,5105,1
12116,2418,2568,2493,-150,4986,1
12119,2340,2531,2435,-191,4871,1
12120,2418,2481,2449,-63,4899,1
12128,2455,2353,2404,102,4808,1
12133,2368,2442,2405,-74,4810,1
12136,2423,2285,2354,138,4708,1
12139,2363,2515,2439,-152,4878,1
12141,2599,2437,2518,162,5036,1
12145,2535,2285,2410,250,4820,1
12146,2256,2558,2407,-302,4814,1
12155,2548,2652,2600,-104,5200,1
12156,2412,2447,2429,-35,4859,1
12157,2301,2501,2401,-200,4802,1
12159,2634,2408,2521,226,5042,1
12160,2359,2506,2432,-147,4865,1
12161,2305,2482,2393,-177,4787,1
12168,2383,2534,2458,-151,4917,1
12172,2747,2786,2766,-39,5533,1
12174,2643,2398,2520,245,5041,1
12175,2359,2481,2420,-122,4840,1
12179,2371,2498,2434,-127,4869,1
12182,2545,2734,2639,-189,5279,1
12186,2517,2429,2473,88,4946,1
12188,2477,2352,2414,125,4829,1
12190,2530,2322,2426,208,4852,1
12191,2449,2540,2494,-91,4989,1
12192,2500,2298,2399,202,4798,1
12194,2393,2313,2353,80,4706,1
12204,2470,2456,2463,14,4926,1
12208,2341,2662,2501,-321,5003,1
12212,2474,2509,2491,-35,4983,1
12213,2491,2474,2482,17,4965,1
12217,2385,2328,2356,57,4713,1
12220,2413,2287,2350,126,4700,1
12224,2472,2375,2423,97,4847,1
12225,2308,2589,2448,-281,4897,1
12226,2516,2521,2518,-5,5037,1
12227,2339,2417,2378,-78,4756,1
12230,2539,2596,2567,-57,5135,1
12231,2505,2386,2445,119,4891,1
12232,2436,2650,2543,-214,5086,1
12233,2388,2387,2387,1,4775,1
12234,2460,2594,2527,-134,5054,1
12235,2730,2717,2723,13,5447,1
12236,2619,2638,2628,-19,5257,1
12241,2473,2578,2525,-105,5051,1
12247,2697,2676,2686,21,5373,1
12250,2647,2549,2598,98,5196,1
12251,2535,2404,2469,131,4939,1
12255,2436,2505,2470,-69,4941,1
12257,2393,2641,2517,-248,5034,1
12258,2432,2339,2385,93,4771,1
12259,2319,2368,2343,-49,4687,1
12260,2502,2443,2472,59,4945,1
12265,2462,2498,2480,-36,4960,1
12266,2512,2279,2395,233,4791,1
12267,2440,2447,2443,-7,4887,1
12268,2572,2557,2564,15,5129,1
12271,2453,2524,2488,-71,4977,1
12277,2431,2530,2480,-99,4961,1
12282,2363,2458,2410,-95,4821,1
12284,2263,2587,2425,-324,4850,1
12294,2447,2385,2416,62,4832,1
12296,2307,2452,2379,-145,4759,1
12299,2441,2593,2517,-152,5034,1
12301,2409,2535,2472,-126,4944,1
12303,2521,2256,2388,265,4777,1
12305,2505,2356,2430,149,4861,1
12315,2757,2721,2739,36,5478,1
12316,2622,2682,2652,-60,5304,1
12318,2612,2499,2555,113,5111,1
12319,2216,2580,2398,-364,4796,1
12320,2217,2650,2433,-433,4867,1
12321,2623,2524,2573,99,5147,1
12326,2411,2376,2393,35,4787,1
12331,2549,2528,2538,21,5077,1
12332,2586,2672,2629,-86,5258,1
12333,2560,2398,2479,162,4958,1
12335,2567,2546,2556,21,5113,1
12340,2553,2524,2538,29,5077,1
12343,2618,2433,2525,185,5051,1
12353,2654,2682,2668,-28,5336,1
12356,2652,2726,2689,-74,5378,1
12357,2526,2409,2467,117,4935,1
12360,2553,2268,2410,285,4821,1
12366,2688,2441,2564,247,5129,1
12373,2361,2501,2431,-140,4862,1
12374,2645,2446,2545,199,5091,1
12376,2753,2679,2716,74,5432,1
12377,2485,2263,2374,222,4748,1
12378,2408,2340,2374,68,4748,1
12379,2558,2591,2574,-33,5149,1
12381,2580,2707,2643,-127,5287,1
12382,2654,2366,2510,288,5020,1
12383,2406,2641,2523,-235,5047,1
12390,2366,2533,2449,-167,4899,1
12392,2489,2249,2369,240,4738,1
12393,2681,2764,2722,-83,5445,1
12394,2430,2538,2484,-108,4968,1
12397,2507,2714,2610,-207,5221,1
12404,2395,2378,2386,17,4773,1
12408,2343,2498,2420,-155,4841,1
12417,2591,2619,2605,-28,5210,1
12421,2555,2377,2466,178,4932,1
12427,2752,2792,2772,-40,5544,1
12428,2476,2290,2383,186,4766,1
12431,2377,2532,2454,-155,4909,1
12435,2401,2441,2421,-40,4842,1
12440,2620,2499,2559,121,5119,1
12441,2382,2407,2394,-25,4789,1
12442,2557,2705,2631,-148,5262,1
12445,2672,2660,2666,12,5332,1
12452,2534,2298,2416,236,4832,1
12457,2483,2710,2596,-227,5193,1
12458,2439,2327,2383,112,4766,1
12459,2561,2506,2533,55,5067,1
12460,2355,2426,2390,-71,4781,1
12463,2293,2489,2391,-196,4782,1
12467,2530,2550,2540,-20,5080,1
12469,2548,2541,2544,7,5089,1
12472,2551,2328,2439,223,4879,1
12474,2659,2743,2701,-84,5402,1
12477,2621,2586,2603,35,5207,1
12483,2487,2506,2496,-19,4993,1
12484,2739,2561,2650,178,5300,1
12486,2462,2444,2453,18,4906,1
12488,2351,2348,2349,3,4699,1
12491,2421,2519,2470,-98,4940,1
12492,2485,2564,2524,-79,5049,1
12499,2596,2532,2564,64,5128,1
12505,2438,2291,2364,147,4729,1
12508,2584,2710,2647,-126,5294,1
12509,2711,2393,2552,318,5104,1
12510,2628,2639,2633,-11,5267,1
12511,2527,2632,2579,-105,5159,1
12517,2418,2288,2353,130,4706,1
12525,2624,2563,2593,61,5187,1
12526,2511,2421,2466,90,4932,1
12528,2449,2314,2381,135,4763,1
12530,2589,2711,2650,-122,5300,1
12536,2742,2581,2661,161,5323,1
12538,2450,2688,2569,-238,5138,1
12541,2686,2556,2621,130,5242,1
12544,2355,2555,2455,-200,4910,1
12548,2570,2417,2493,153,4987,1
12549,2606,2439,2522,167,5045,1
12550,2482,2359,2420,123,4841,1
12551,2565,2518,2541,47,5083,1
12552,2577,2596,2586,-19,5173,1
12555,2392,2495,2443,-103,4887,1
12556,2404,2477,2440,-73,4881,1
12558,2758,2830,2794,-72,5588,1
12559,2505,2333,2419,172,4838,1
12571,2402,2408,2405,-6,4810,1
12573,2585,2470,2527,115,5055,1
12577,2683,2531,2607,152,5214,1
12584,2434,2358,2396,76,4792,1
12589,2332,2381,2356,-49,4713,1
12592,2355,2558,2456,-203,4913,1
12594,2638,2245,2441,393,4883,1
12597,2600,2558,2579,42,5158,1
12598,2572,2293,2432,279,4865,1
12600,2671,2343,2507,328,5014,1
12602,2423,2407,2415,16,4830,1
12604,2301,2526,2413,-225,4827,1
12606,2477,2570,2523,-93,5047,1
12610,2464,2350,2407,114,4814,1
12611,2410,2540,2475,-130,4950,1
12612,2501,2368,2434,133,4869,1
12613,2633,2474,2553,159,5107,1
12618,2707,2645,2676,62,5352,1
12619,2636,2437,2536,199,5073,1
12620,2344,2530,2437,-186,4874,1
12621,2672,2586,2629,86,5258,1
12623,2447,2677,2562,-230,5124,1
12624,2326,2533,2429,-207,4859,1
12625,2531,2259,2395,272,4790,1
12629,2497,2653,2575,-156,5150,1
12639,2554,2625,2589,-71,5179,1
12640,2327,2409,2368,-82,4736,1
12642,2713,2243,2478,470,4956,1
12650,2680,2493,2586,187,5173,1
12655,2379,2387,2383,-8,4766,1
12661,2331,2423,2377,-92,4754,1
12666,2520,2255,2387,265,4775,1
12667,2629,2456,2542,173,5085,1
12670,2629,2566,2597,63,5195,1
12671,2422,2395,2408,27,4817,1
12672,2564,2449,2506,115,5013,1
12673,2393,2536,2464,-143,4929,1
12674,2562,2485,2523,77,5047,1
12679,2447,2282,2364,165,4729,1
12684,2505,2472,2488,33,4977,1
12689,2483,2463,2473,20,4946,1
12692,2383,2507,2445,-124,4890,1
12693,2323,2425,2374,-102,4748,1
12696,2551,2478,2514,73,5029,1
12697,2634,2698,2666,-64,5332,1
12701,2526,2361,2443,165,4887,1
12702,2490,2521,2505,-31,5011,1
12705,2394,2581,2487,-187,4975,1
12706,2641,2627,2634,14,5268,1
12711,2639,2495,2567,144,5134,1
12713,2325,2526,2425,-201,4851,1
12718,2655,2467,2561,188,5122,1
12720,2621,2742,2681,-121,5363,1
12723,2558,2362,2460,196,4920,1
12724,2491,2338,2414,153,4829,1
12725,2570,2625,2597,-55,5195,1
12729,2783,2772,2777,11,5555,1
12730,2414,2494,2454,-80,4908,1
12733,2628,2783,2705,-155,5411,1
12735,2626,2618,2622,8,5244,1
12736,2578,2427,2502,151,5005,1
12739,2281,2512,2396,-231,4793,1
12743,2439,2402,2420,37,4841,1
12744,2391,2501,2446,-110,4892,1
12746,2554,2584,2569,-30,5138,1
12747,2554,2542,2548,12,5096,1
12748,2588,2501,2544,87,5089,1
12750,2631,2647,2639,-16,5278,1
12756,2492,2429,2460,63,4921,1
12760,2484,2549,2516,-65,5033,1
12762,2375,2678,2526,-303,5053,1
12763,2760,2549,2654,211,5309,1
12765,2580,2563,2571,17,5143,1
12768,2539,2397,2468,142,4936,1
12770,2650,2578,2614,72,5228,1
12773,2809,2757,2783,52,5566,1
12777,2483,2367,2425,116,4850,1
12780,2510,2380,2445,130,4890,1
12783,2551,2335,2443,216,4886,1
12787,2523,2605,2564,-82,5128,1
12790,2667,2509,2588,158,5176,1
12791,2597,2407,2502,190,5004,1
12798,2638,2484,2561,154,5122,1
12803,2427,2358,2392,69,4785,1
12807,2410,2683,2546,-273,5093,1
12808,2671,2516,2593,155,5187,1
12811,2327,2365,2346,-38,4692,1
12812,2596,2277,2436,319,4873,1
12816,2514,2410,2462,104,4924,1
12817,2740,2678,2709,62,5418,1
12818,2600,2425,2512,175,5025,1
12822,2345,2542,2443,-197,4887,1
12830,2607,2455,2531,152,5062,1
12832,2553,2586,2569,-33,5139,1
12840,2436,2377,2406,59,4813,1
12846,2635,2444,2539,191,5079,1
12847,2644,2210,2427,434,4854,1
12849,2368,2532,2450,-164,4900,1
12853,2312,2486,2399,-174,4798,1
12854,2571,2349,2460,222,4920,1
12856,2473,2549,2511,-76,5022,1
12858,2433,2396,2414,37,4829,1
12860,2221,2587,2404,-366,4808,1
12861,2298,2625,2461,-327,4923,1
12873,2524,2484,2504,40,5008,1
12874,2744,2263,2503,481,5007,1
12875,2398,2448,2423,-50,4846,1
12880,2470,2278,2374,192,4748,1
12887,2524,2631,2577,-107,5155,1
12888,2734,2631,2682,103,5365,1
12897,2450,2550,2500,-100,5000,1
12900,2504,2360,2432,144,4864,1
12902,2613,2671,2642,-58,5284,1
12904,2508,2371,2439,137,4879,1
12910,2633,2456,2544,177,5089,1
12918,2494,2597,2545,-103,5091,1
12920,2649,2570,2609,79,5219,1
12927,2397,2578,2487,-181,4975,1
12928,2430,2432,2431,-2,4862,1
12929,2529,2279,2404,250,4808,1
12930,2409,2391,2400,18,4800,1
12933,2628,2791,2709,-163,5419,1
12937,2408,2319,2363,89,4727,1
12939,2723,2637,2680,86,5360,1
12941,2449,2299,2374,150,4748,1
12944,2600,2538,2569,62,5138,1
12945,2295,2505,2400,-210,4800,1
12946,2313,2476,2394,-163,4789,1
12947,2455,2611,2533,-156,5066,1
12950,2409,2304,2356,105,4713,1
12951,2351,2536,2443,-185,4887,1
12952,2472,2611,2541,-139,5083,1
12956,2615,2384,2499,231,4999,1
12957,2270,2489,2379,-219,4759,1
12959,2343,2323,2333,20,4666,1
12962,2399,2608,2503,-209,5007,1
12963,2599,2709,2654,-110,5308,1
12966,2295,2454,2374,-159,4749,1
12970,2532,2436,2484,96,4968,1
12971,2760,2762,2761,-2,5522,1
12976,2446,2503,2474,-57,4949,1
12981,2332,2523,2427,-191,4855,1
12984,2618,2433,2525,185,5051,1
12986,2564,2674,2619,-110,5238,1
12992,2529,2409,2469,120,4938,1
12995,2403,2559,2481,-156,4962,1
12999,2549,2633,2591,-84,5182,1
13012,2485,2374,2429,111,4859,1
13013,2517,2477,2497,40,4994,1
13014,2688,2623,2655,65,5311,1
13018,2437,2620,2528,-183,5057,1
13019,2468,2603,2535,-135,5071,1
13023,2388,2518,2453,-130,4906,1
13027,2459,2284,2371,175,4743,1
13028,2506,2396,2451,110,4902,1
13032,2664,2737,2700,-73,5401,1
13033,2455,2539,2497,-84,4994,1
13038,2330,2389,2359,-59,4719,1
13043,2529,2422,2475,107,4951,1
13046,2539,2343,2441,196,4882,1
13048,2672,2638,2655,34,5310,1
13049,2536,2358,2447,178,4894,1
13050,2421,2451,2436,-30,4872,1
13051,2564,2258,2411,306,4822,1
13062,2805,2740,2772,65,5545,1
13065,2353,2468,2410,-115,4821,1
13072,2323,2565,2444,-242,4888,1
13074,2661,2627,2644,34,5288,1
13076,2447,2498,2472,-51,4945,1
13084,2557,2514,2535,43,5071,1
13087,2610,2784,2697,-174,5394,1
13090,2558,2324,2441,234,4882,1
13096,2461,2518,2489,-57,4979,1
13097,2240,2563,2401,-323,4803,1
13102,2496,2429,2462,67,4925,1
13109,2545,2404,2474,141,4949,1
13111,2380,2551,2465,-171,4931,1
13112,2724,2689,2706,35,5413,1
13117,2618,2709,2663,-91,5327,1
13120,2572,2471,2521,101,5043,1
13126,2606,2341,2473,265,4947,1
13127,2496,2454,2475,42,4950,1
13129,2376,2422,2399,-46,4798,1
13130,2282,2614,2448,-332,4896,1
13133,2608,2495,2551,113,5103,1
13135,2577,2215,2396,362,4792,1
13136,2618,2546,2582,72,5164,1
13137,2633,2782,2707,-149,5415,1
13140,2635,2315,2475,320,4950,1
13141,2662,2633,2647,29,5295,1
13144,2520,2685,2602,-165,5205,1
13148,2323,2508,2415,-185,4831,1
13153,2631,2742,2686,-111,5373,1
13154,2428,2346,2387,82,4774,1
13156,2318,2452,2385,-134,4770,1
13161,2251,2539,2395,-288,4790,1
13162,2616,2416,2516,200,5032,1
13163,2501,2430,2465,71,4931,1
13168,2543,2393,2468,150,4936,1
13175,2330,2598,2464,-268,4928,1
13176,2786,2598,2692,188,5384,1
13177,2346,2493,2419,-147,4839,1
13183,2557,2373,2465,184,4930,1
13185,2543,2465,2504,78,5008,1
13189,2306,2496,2401,-190,4802,1
13202,2380,2707,2543,-327,5087,1
13203,2661,2174,2417,487,4835,1
13207,2521,2280,2400,241,4801,1
13208,2427,2487,2457,-60,4914,1
13211,2466,2356,2411,110,4822,1
13214,2654,2631,2642,23,5285,1
13218,2407,2407,2407,0,4814,1
13219,2510,2425,2467,85,4935,1
13226,2486,2415,2450,71,4901,1
13230,2439,2282,2360,157,4721,1
13231,2554,2344,2449,210,4898,1
13234,2450,2439,2444,11,4889,1
13243,2660,2636,2648,24,5296,1
13246,2434,2510,2472,-76,4944,1
13247,2557,2587,2572,-30,5144,1
13248,2528,2246,2387,282,4774,1
13254,2469,2310,2389,159,4779,1
13256,2394,2525,2459,-131,4919,1
13258,2649,2592,2620,57,5241,1
13259,2429,2425,2427,4,4854,1
13262,2533,2412,2472,121,4945,1
13263,2660,2562,2611,98,5222,1
13265,2326,2365,2345,-39,4691,1
13270,2545,2497,2521,48,5042,1
13272,2546,2617,2581,-71,5163,1
13275,2478,2545,2511,-67,5023,1
13277,2711,2557,2634,154,5268,1
13278,2594,2408,2501,186,5002,1
13280,2514,2568,2541,-54,5082,1
13285,2586,2477,2531,109,5063,1
13286,2779,2531,2655,248,5310,1
13287,2481,2351,2416,130,4832,1
13292,2528,2528,2528,0,5056,1
13297,2611,2582,2596,29,5193,1
13306,2479,2561,2520,-82,5040,1
13307,2554,2456,2505,98,5010,1
13309,2561,2479,2520,82,5040,1
13310,2398,2591,2494,-193,4989,1
13314,2564,2647,2605,-83,5211,1
13317,2262,2605,2433,-343,4867,1
13318,2554,2401,2477,153,4955,1
13324,2415,2292,2353,123,4707,1
13325,2361,2565,2463,-204,4926,1
13326,2330,2571,2450,-241,4901,1
13327,2349,2554,2451,-205,4903,1
13328,2558,2482,2520,76,5040,1
13331,2487,2444,2465,43,4931,1
13334,2339,2482,2410,-143,4821,1
13343,2665,2418,2541,247,5083,1
13346,2396,2517,2456,-121,4913,1
13347,2515,2624,2569,-109,5139,1
13348,2651,2554,2602,97,5205,1
13351,2415,2458,2436,-43,4873,1
13353,2421,2675,2548,-254,5096,1
13354,2626,2536,2581,90,5162,1
13355,2386,2456,2421,-70,4842,1
13356,2293,2428,2360,-135,4721,1
13359,2481,2266,2373,215,4747,1
13360,2583,2444,2513,139,5027,1
13369,2553,2466,2509,87,5019,1
13371,2548,2648,2598,-100,5196,1
13376,2359,2375,2367,-16,4734,1
13379,2474,2626,2550,-152,5100,1
13383,2403,2576,2489,-173,4979,1
13384,2350,2508,2429,-158,4858,1
13385,2593,2589,2591,4,5182,1
13387,2498,2529,2513,-31,5027,1
13390,2304,2583,2443,-279,4887,1
13392,2633,2480,2556,153,5113,1
13393,2523,2424,2473,99,4947,1
13398,2484,2279,2381,205,4763,1
13400,2567,2407,2487,160,4974,1
13401,2608,2602,2605,6,5210,1
13406,2625,2455,2540,170,5080,1
13411,2707,2587,2647,120,5294,1
13413,2643,2554,2598,89,5197,1
13414,2385,2311,2348,74,4696,1
13419,2344,2484,2414,-140,4828,1
13425,2507,2671,2589,-164,5178,1
13436,2498,2604,2551,-106,5102,1
13442,2581,2408,2494,173,4989,1
13453,2351,2485,2418,-134,4836,1
13454,2357,2435,2396,-78,4792,1
13456,2317,2649,2483,-332,4966,1
13458,2526,2314,2420,212,4840,1
13460,2514,2607,2560,-93,5121,1
13461,2549,2375,2462,174,4924,1
13468,2594,2515,2554,79,5109,1
13469,2469,2304,2386,165,4773,1
13470,2723,2730,2726,-7,5453,1
13471,2522,2602,2562,-80,5124,1
13476,2448,2552,2500,-104,5000,1
13482,2436,2559,2497,-123,4995,1
13484,2425,2422,2423,3,4847,1
13486,2776,2767,2771,9,5543,1
13488,2741,2775,2758,-34,5516,1
13490,2378,2313,2345,65,4691,1
13493,2709,2563,2636,146,5272,1
13495,2702,2670,2686,32,5372,1
13496,2431,2401,2416,30,4832,1
13499,2338,2612,2475,-274,4950,1
13503,2341,2384,2362,-43,4725,1
13504,2607,2483,2545,124,5090,1
13505,2406,2491,2448,-85,4897,1
13507,2354,2347,2350,7,4701,1
13511,2521,2288,2404,233,4809,1
13513,2298,2445,2371,-147,4743,1
13521,2393,2515,2454,-122,4908,1
13523,2540,2372,2456,168,4912,1
13525,2471,2469,2470,2,4940,1
13528,2392,2402,2397,-10,4794,1
13533,2508,2547,2527,-39,5055,1
13535,2691,2542,2616,149,5233,1
13536,2688,2689,2688,-1,5377,1
13538,2215,2637,2426,-422,4852,1
13546,2729,2390,2559,339,5119,1
13547,2602,2589,2595,13,5191,1
13550,2480,2526,2503,-46,5006,1
13552,2453,2524,2488,-71,4977,1
13557,2343,2571,2457,-228,4914,1
13563,2278,2567,2422,-289,4845,1
13565,2519,2437,2478,82,4956,1
13567,2561,2304,2432,257,4865,1
13572,2709,2492,2600,217,5201,1
13573,2476,2495,2485,-19,4971,1
13577,2470,2465,2467,5,4935,1
13582,2334,2488,2411,-154,4822,1
13588,2420,2480,2450,-60,4900,1
13589,2590,2680,2635,-90,5270,1
13593,2557,2331,2444,226,4888,1
13594,2607,2701,2654,-94,5308,1
13597,2475,2546,2510,-71,5021,1
13600,2340,2359,2349,-19,4699,1
13602,2226,2619,2422,-393,4845,1
13603,2182,2715,2448,-533,4897,1
13606,2659,2700,2679,-41,5359,1
13607,2296,2414,2355,-118,4710,1
13609,2786,2713,2749,73,5499,1
13611,2485,2602,2543,-117,5087,1
13619,2489,2342,2415,147,4831,1
13620,2791,2753,2772,38,5544,1
13621,2577,2613,2595,-36,5190,1
13623,2511,2641,2576,-130,5152,1
13625,2422,2376,2399,46,4798,1
13627,2338,2346,2342,-8,4684,1
13628,2578,2517,2547,61,5095,1
13629,2614,2650,2632,-36,5264,1
13630,2581,2484,2532,97,5065,1
13634,2576,2284,2430,292,4860,1
13639,2419,2335,2377,84,4754,1
13644,2471,2335,2403,136,4806,1
13649,2521,2294,2407,227,4815,1
13650,2455,2371,2413,84,4826,1
13651,2461,2652,2556,-191,5113,1
13652,2482,2409,2445,73,4891,1
13655,2383,2356,2369,27,4739,1
13662,2417,2540,2478,-123,4957,1
13663,2508,2467,2487,41,4975,1
13666,2418,2454,2436,-36,4872,1
13667,2312,2436,2374,-124,4748,1
13669,2451,2422,2436,29,4873,1
13670,2510,2680,2595,-170,5190,1
13672,2268,2478,2373,-210,4746,1
13681,2704,2638,2671,66,5342,1
13686,2531,2492,2511,39,5023,1
13691,2528,2445,2486,83,4973,1
13692,2757,2730,2743,27,5487,1
13695,2713,2731,2722,-18,5444,1
13696,2406,2445,2425,-39,4851,1
13697,2672,2165,2418,507,4837,1
13700,2631,2644,2637,-13,5275,1
13710,2333,2415,2374,-82,4748,1
13712,2489,2282,2385,207,4771,1
13714,2705,2659,2682,46,5364,1
13716,2426,2299,2362,127,4725,1
13717,2535,2536,2535,-1,5071,1
13721,2340,2376,2358,-36,4716,1
13723,2359,2466,2412,-107,4825,1
13724,2544,2458,2501,86,5002,1
13725,2516,2293,2404,223,4809,1
13726,2357,2520,2438,-163,4877,1
13727,2445,2362,2403,83,4807,1
13733,2532,2737,2634,-205,5269,1
13734,2548,2575,2561,-27,5123,1
13737,2625,2446,2535,179,5071,1
13741,2541,2243,2392,298,4784,1
13744,2574,2311,2442,263,4885,1
13745,2574,2411,2492,163,4985,1
13752,2435,2316,2375,119,4751,1
13753,2499,2407,2453,92,4906,1
13754,2414,2644,2529,-230,5058,1
13759,2539,2386,2462,153,4925,1
13760,2407,2691,2549,-284,5098,1
13761,2427,2290,2358,137,4717,1
13763,2565,2526,2545,39,5091,1
13764,2353,2411,2382,-58,4764,1
13766,2320,2526,2423,-206,4846,1
13769,2462,2482,2472,-20,4944,1
13772,2575,2235,2405,340,4810,1
13777,2731,2785,2758,-54,5516,1
13782,2512,2501,2506,11,5013,1
13783,2676,2447,2561,229,5123,1
13784,2292,2523,2407,-231,4815,1
13786,2702,2705,2703,-3,5407,1
13787,2503,2340,2421,163,4843,1
13791,2527,2660,2593,-133,5187,1
13792,2516,2376,2446,140,4892,1
13800,2451,2376,2413,75,4827,1
13802,2638,2665,2651,-27,5303,1
13804,2344,2417,2380,-73,4761,1
13805,2607,2496,2551,111,5103,1
13809,2552,2454,2503,98,5006,1
13815,2317,2505,2411,-188,4822,1
13816,2256,2511,2383,-255,4767,1
13819,2710,2459,2584,251,5169,1
13826,2452,2607,2529,-155,5059,1
13827,2693,2664,2678,29,5357,1
13828,2686,2792,2739,-106,5478,1
13832,2438,2570,2504,-132,5008,1
13833,2391,2418,2404,-27,4809,1
13834,2653,2473,2563,180,5126,1
13835,2656,2718,2687,-62,5374,1
13837,2617,2518,2567,99,5135,1
13841,2381,2336,2358,45,4717,1
13842,2565,2432,2498,133,4997,1
13844,2561,2335,2448,226,4896,1
13846,2331,2515,2423,-184,4846,1
13850,2469,2485,2477,-16,4954,1
13852,2524,2503,2513,21,5027,1
13854,2455,2415,2435,40,4870,1
13860,2457,2356,2406,101,4813,1
13862,2471,2386,2428,85,4857,1
13864,2630,2513,2571,117,5143,1
13870,2473,2601,2537,-128,5074,1
13871,2710,2544,2627,166,5254,1
13880,2345,2577,2461,-232,4922,1
13881,2478,2558,2518,-80,5036,1
13883,2684,2632,2658,52,5316,1
13885,2456,2367,2411,89,4823,1
13894,2490,2580,2535,-90,5070,1
13896,2347,2655,2501,-308,5002,1
13897,2440,2707,2573,-267,5147,1
13901,2523,2364,2443,159,4887,1
13902,2302,2491,2396,-189,4793,1
13903,2651,2636,2643,15,5287,1
13918,2691,2605,2648,86,5296,1
13923,2275,2484,2379,-209,4759,1
13927,2423,2434,2428,-11,4857,1
13928,2429,2546,2487,-117,4975,1
13932,2489,2549,2519,-60,5038,1
13938,2559,2680,2619,-121,5239,1
13939,2281,2718,2499,-437,4999,1
13940,2315,2398,2356,-83,4713,1
13941,2594,2678,2636,-84,5272,1
13944,2494,2461,2477,33,4955,1
13946,2539,2326,2432,213,4865,1
13947,2600,2539,2569,61,5139,1
13950,2775,2695,2735,80,5470,1
13953,2485,2627,2556,-142,5112,1
13957,2626,2574,2600,52,5200,1
13959,2494,2378,2436,116,4872,1
13961,2427,2642,2534,-215,5069,1
13969,2309,2406,2357,-97,4715,1
13971,2501,2382,2441,119,4883,1
13973,2428,2554,2491,-126,4982,1
13974,2636,2668,2652,-32,5304,1
13975,2432,2553,2492,-121,4985,1
13977,2518,2405,2461,113,4923,1
13978,2526,2369,2447,157,4895,1
13979,2405,2342,2373,63,4747,1
13982,2441,2483,2462,-42,4924,1
13985,2473,2397,2435,76,4870,1
13986,2549,2575,2562,-26,5124,1
13988,2607,2590,2598,17,5197,1
13998,2390,2468,2429,-78,4858,1
14002,2583,2396,2489,187,4979,1
14004,2691,2237,2464,454,4928,1
14007,2595,2460,2527,135,5055,1
14012,2407,2549,2478,-142,4956,1
14015,2603,2591,2597,12,5194,1
14023,2404,2543,2473,-139,4947,1
14027,2415,2472,2443,-57,4887,1
14029,2597,2666,2631,-69,5263,1
14030,2338,2581,2459,-243,4919,1
14033,2499,2249,2374,250,4748,1
14035,2494,2370,2432,124,4864,1
14037,2495,2401,2448,94,4896,1
14040,2384,2495,2439,-111,4879,1
14042,2540,2598,2569,-58,5138,1
14051,2749,2769,2759,-20,5518,1
14052,2524,2257,2390,267,4781,1
14053,2310,2443,2376,-133,4753,1
14059,2297,2446,2371,-149,4743,1
14060,2602,2688,2645,-86,5290,1
14066,2730,2753,2741,-23,5483,1
14067,2525,2274,2399,251,4799,1
14070,2517,2549,2533,-32,5066,1
14071,2345,2569,2457,-224,4914,1
14073,2726,2613,2669,113,5339,1
14075,2385,2312,2348,73,4697,1
14077,2441,2567,2504,-126,5008,1
14078,2533,2266,2399,267,4799,1
14080,2522,2247,2384,275,4769,1
14083,2661,2545,2603,116,5206,1
14085,2349,2366,2357,-17,4715,1
14089,2600,2359,2479,241,4959,1
14090,2446,2370,2408,76,4816,1
14092,2564,2505,2534,59,5069,1
14094,2401,2433,2417,-32,4834,1
14099,2300,2528,2414,-228,4828,1
14111,2538,2529,2533,9,5067,1
14115,2618,2503,2560,115,5121,1
14117,2549,2549,2549,0,5098,1
14122,2369,2480,2424,-111,4849,1
14126,2490,2583,2536,-93,5073,1
14127,2744,2712,2728,32,5456,1
14128,2604,2717,2660,-113,5321,1
14136,2491,2291,2391,200,4782,1
14144,2559,2546,2552,13,5105,1
14146,2525,2420,2472,105,4945,1
14148,2499,2569,2534,-70,5068,1
14149,2437,2620,2528,-183,5057,1
14150,2455,2278,2366,177,4733,1
14159,2531,2336,2433,195,4867,1
14166,2509,2434,2471,75,4943,1
14169,2461,2426,2443,35,4887,1
14177,2268,2537,2402,-269,4805,1
14180,2445,2433,2439,12,4878,1
14181,2455,2638,2546,-183,5093,1
14184,2638,2244,2441,394,4882,1
14186,2365,2604,2484,-239,4969,1
14187,2464,2618,2541,-154,5082,1
14188,2486,2609,2547,-123,5095,1
14192,2653,2613,2633,40,5266,1
14196,2512,2740,2626,-228,5252,1
14202,2723,2674,2698,49,5397,1
14211,2304,2505,2404,-201,4809,1
14212,2573,2320,2446,253,4893,1
14214,2466,2299,2382,167,4765,1
14215,2632,2693,2662,-61,5325,1
14219,2681,2556,2618,125,5237,1
14222,2731,2753,2742,-22,5484,1
14223,2386,2518,2452,-132,4904,1
14225,2391,2408,2399,-17,4799,1
14226,2545,2377,2461,168,4922,1
14229,2639,2496,2567,143,5135,1
14232,2447,2320,2383,127,4767,1
14233,2509,2467,2488,42,4976,1
14242,2592,2512,2552,80,5104,1
14245,2593,2448,2520,145,5041,1
14248,2424,2363,2393,61,4787,1
14249,2454,2376,2415,78,4830,1
14253,2703,2783,2743,-80,5486,1
14255,2492,2486,2489,6,4978,1
14257,2361,2455,2408,-94,4816,1
14258,2570,2544,2557,26,5114,1
14259,2365,2558,2461,-193,4923,1
14260,2645,2620,2632,25,5265,1
14261,2497,2447,2472,50,4944,1
14263,2558,2244,2401,314,4802,1
14265,2619,2430,2524,189,5049,1
14269,2555,2378,2466,177,4933,1
14271,2649,2522,2585,127,5171,1
14272,2360,2327,2343,33,4687,1
14276,2432,2279,2355,153,4711,1
14277,2487,2470,2478,17,4957,1
14278,2495,2439,2467,56,4934,1
14286,2347,2559,2453,-212,4906,1
14290,2426,2614,2520,-188,5040,1
14291,2534,2291,2412,243,4825,1
14296,2549,2424,2486,125,4973,1
14299,2464,2648,2556,-184,5112,1
14306,2450,2314,2382,136,4764,1
14311,2360,2381,2370,-21,4741,1
14314,2713,2730,2721,-17,5443,1
14315,2695,2580,2637,115,5275,1
14320,2488,2388,2438,100,4876,1
14323,2566,2489,2527,77,5055,1
14329,2500,2459,2479,41,4959,1
14333,2370,2379,2374,-9,4749,1
14336,2674,2328,2501,346,5002,1
14337,2573,2351,2462,222,4924,1
14340,2387,2434,2410,-47,4821,1
14344,2470,2384,2427,86,4854,1
14345,2436,2539,2487,-103,4975,1
14351,2429,2707,2568,-278,5136,1
14355,2468,2330,2399,138,4798,1
14357,2530,2667,2598,-137,5197,1
14359,2536,2483,2509,53,5019,1
14363,2563,2429,2496,134,4992,1
14366,2363,2451,2407,-88,4814,1
14369,2690,2591,2640,99,5281,1
14370,2441,2536,2488,-95,4977,1
14374,2495,2499,2497,-4,4994,1
14377,2552,2247,2399,305,4799,1
14380,2570,2417,2493,153,4987,1
14381,2423,2300,2361,123,4723,1
14383,2642,2307,2474,335,4949,1
14389,2468,2715,2591,-247,5183,1
14392,2325,2520,2422,-195,4845,1
14394,2493,2586,2539,-93,5079,1
14395,2568,2398,2483,170,4966,1
14396,2531,2499,2515,32,5030,1
14397,2716,2335,2525,381,5051,1
14400,2452,2537,2494,-85,4989,1
14401,2449,2399,2424,50,4848,1
14403,2413,2415,2414,-2,4828,1
14405,2451,2276,2363,175,4727,1
14408,2382,2377,2379,5,4759,1
14411,2700,2609,2654,91,5309,1
14412,2430,2291,2360,139,4721,1
14418,2355,2664,2509,-309,5019,1
14421,2634,2624,2629,10,5258,1
14423,2345,2418,2381,-73,4763,1
14427,2554,2603,2578,-49,5157,1
14428,2402,2482,2442,-80,4884,1
14430,2481,2395,2438,86,4876,1
14436,2335,2356,2345,-21,4691,1
14437,2714,2627,2670,87,5341,1
14438,2471,2661,2566,-190,5132,1
14443,2290,2603,2446,-313,4893,1
14444,2360,2356,2358,4,4716,1
14446,2595,2598,2596,-3,5193,1
14454,2655,2428,2541,227,5083,1
14455,2815,2771,2793,44,5586,1
14456,2586,2323,2454,263,4909,1
14460,2388,2410,2399,-22,4798,1
14464,2550,2603,2576,-53,5153,1
14466,2598,2581,2589,17,5179,1
14468,2541,2500,2520,41,5041,1
14469,2537,2404,2470,133,4941,1
14470,2312,2506,2409,-194,4818,1
14475,2341,2328,2334,13,4669,1
14484,2568,2534,2551,34,5102,1
14489,2485,2271,2378,214,4756,1
14491,2555,2472,2513,83,5027,1
14495,2491,2372,2431,119,4863,1
14497,2383,2476,2429,-93,4859,1
14498,2483,2457,2470,26,4940,1
14501,2665,2637,2651,28,5302,1
14502,2682,2611,2646,71,5293,1
14507,2397,2389,2393,8,4786,1
14508,2514,2303,2408,211,4817,1
14511,2787,2644,2715,143,5431,1
14514,2467,2421,2444,46,4888,1
14515,2713,2614,2663,99,5327,1
14517,2531,2283,2407,248,4814,1
14518,2376,2450,2413,-74,4826,1
14522,2490,2420,2455,70,4910,1
14523,2693,2612,2652,81,5305,1
14527,2384,2352,2368,32,4736,1
14531,2471,2788,2629,-317,5259,1
14533,2498,2712,2605,-214,5210,1
14537,2466,2472,2469,-6,4938,1
14543,2476,2353,2414,123,4829,1
14545,2437,2421,2429,16,4858,1
14546,2663,2602,2632,61,5265,1
14555,2369,2471,2420,-102,4840,1
14556,2591,2649,2620,-58,5240,1
14557,2419,2641,2530,-222,5060,1
14558,2462,2586,2524,-124,5048,1
14560,2537,2229,2383,308,4766,1
14568,2431,2481,2456,-50,4912,1
14569,2566,2623,2594,-57,5189,1
14572,2337,2414,2375,-77,4751,1
14573,2273,2478,2375,-205,4751,1
14574,2509,2501,2505,8,5010,1
14575,2477,2461,2469,16,4938,1
14577,2472,2544,2508,-72,5016,1
14579,2560,2230,2395,330,4790,1
14581,2469,2685,2577,-216,5154,1
14583,2569,2590,2579,-21,5159,1
14584,2587,2244,2415,343,4831,1
14586,2358,2384,2371,-26,4742,1
14587,2305,2477,2391,-172,4782,1
14588,2560,2555,2557,5,5115,1
14589,2401,2504,2452,-103,4905,1
14598,2515,2354,2434,161,4869,1
14600,2421,2578,2499,-157,4999,1
14607,2333,2538,2435,-205,4871,1
14608,2368,2506,2437,-138,4874,1
14610,2283,2564,2423,-281,4847,1
14612,2321,2511,2416,-190,4832,1
14613,2566,2482,2524,84,5048,1
14614,2758,2724,2741,34,5482,1
14618,2552,2489,2520,63,5041,1
14620,2592,2617,2604,-25,5209,1
14621,2668,2747,2707,-79,5415,1
14622,2678,2702,2690,-24,5380,1
14626,2263,2539,2401,-276,4802,1
14627,2214,2608,2411,-394,4822,1
14631,2653,2723,2688,-70,5376,1
14633,2733,2465,2599,268,5198,1
14635,2342,2412,2377,-70,4754,1
14639,2599,2540,2569,59,5139,1
14641,2492,2282,2387,210,4774,1
14642,2514,2627,2570,-113,5141,1
14643,2460,2595,2527,-135,5055,1
14644,2572,2257,2414,315,4829,1
14651,2320,2385,2352,-65,4705,1
14655,2429,2544,2486,-115,4973,1
14659,2582,2614,2598,-32,5196,1
14663,2456,2484,2470,-28,4940,1
14664,2429,2447,2438,-18,4876,1
14674,2731,2731,2731,0,5462,1
14677,2321,2550,2435,-229,4871,1
14682,2347,2455,2401,-108,4802,1
14687,2526,2313,2419,213,4839,1
14688,2627,2291,2459,336,4918,1
14698,2352,2355,2353,-3,4707,1
14701,2381,2449,2415,-68,4830,1
14702,2607,2753,2680,-146,5360,1
14705,2569,2441,2505,128,5010,1
14710,2713,2717,2715,-4,5430,1
14712,2426,2458,2442,-32,4884,1
14713,2450,2535,2492,-85,4985,1
14715,2777,2616,2696,161,5393,1
14717,2610,2542,2576,68,5152,1
14718,2549,2411,2480,138,4960,1
14720,2514,2514,2514,0,5028,1
14722,2491,2528,2509,-37,5019,1
14724,2426,2543,2484,-117,4969,1
14725,2615,2701,2658,-86,5316,1
14726,2837,2738,2787,99,5575,1
14727,2310,2495,2402,-185,4805,1
14729,2281,2479,2380,-198,4760,1
14736,2386,2314,2350,72,4700,1
14740,2441,2470,2455,-29,4911,1
14742,2425,2575,2500,-150,5000,1
14743,2466,2423,2444,43,4889,1
14744,2496,2535,2515,-39,5031,1
14748,2429,2386,2407,43,4815,1
14749,2588,2505,2546,83,5093,1
14750,2419,2562,2490,-143,4981,1
14753,2666,2595,2630,71,5261,1
14756,2349,2461,2405,-112,4810,1
14757,2679,2490,2584,189,5169,1
14758,2301,2498,2399,-197,4799,1
14763,2399,2305,2352,94,4704,1
14765,2518,2529,2523,-11,5047,1
14766,2480,2484,2482,-4,4964,1
14768,2661,2505,2583,156,5166,1
14769,2400,2484,2442,-84,4884,1
14770,2409,2399,2404,10,4808,1
14773,2596,2569,2582,27,5165,1
14781,2493,2517,2505,-24,5010,1
14784,2342,2559,2450,-217,4901,1
14787,2611,2521,2566,90,5132,1
14790,2622,2549,2585,73,5171,1
14791,2455,2285,2370,170,4740,1
14795,2320,2472,2396,-152,4792,1
14798,2540,2669,2604,-129,5209,1
14800,2302,2537,2419,-235,4839,1
14801,2383,2560,2471,-177,4943,1
14807,2426,2697,2561,-271,5123,1
14809,2532,2482,2507,50,5014,1
14810,2409,2587,2498,-178,4996,1
14812,2429,2289,2359,140,4718,1
14813,2315,2376,2345,-61,4691,1
14815,2488,2310,2399,178,4798,1
14817,2354,2530,2442,-176,4884,1
14822,2705,2618,2661,87,5323,1
14823,2544,2469,2506,75,5013,1
14824,2458,2521,2489,-63,4979,1
14825,2596,2501,2548,95,5097,1
14829,2326,2387,2356,-61,4713,1
14830,2664,2631,2647,33,5295,1
14832,2384,2683,2533,-299,5067,1
14836,2361,2377,2369,-16,4738,1
14847,2637,2538,2587,99,5175,1
14848,2487,2252,2369,235,4739,1
14849,2510,2552,2531,-42,5062,1
14850,2551,2517,2534,34,5068,1
14854,2570,2556,2563,14,5126,1
14858,2678,2693,2685,-15,5371,1
14863,2443,2521,2482,-78,4964,1
14869,2247,2567,2407,-320,4814,1
14871,2472,2582,2527,-110,5054,1
14872,2476,2344,2410,132,4820,1
14875,2368,2418,2393,-50,4786,1
14879,2276,2628,2452,-352,4904,1
14883,2376,2360,2368,16,4736,1
14886,2661,2576,2618,85,5237,1
14893,2586,2713,2649,-127,5299,1
14901,2506,2600,2553,-94,5106,1
14903,2366,2313,2339,53,4679,1
14904,2511,2616,2563,-105,5127,1
14905,2410,2429,2419,-19,4839,1
14909,2509,2248,2378,261,4757,1
14911,2486,2389,2437,97,4875,1
14913,2641,2503,2572,138,5144,1
14916,2489,2714,2601,-225,5203,1
14918,2295,2494,2394,-199,4789,1
14919,2311,2512,2411,-201,4823,1
14923,2469,2400,2434,69,4869,1
14925,2378,2579,2478,-201,4957,1
14930,2552,2378,2465,174,4930,1
14936,2285,2632,2458,-347,4917,1
14938,2601,2306,2453,295,4907,1
14946,2330,2545,2437,-215,4875,1
14947,2464,2563,2513,-99,5027,1
14949,2562,2497,2529,65,5059,1
14952,2457,2396,2426,61,4853,1
14957,2375,2509,2442,-134,4884,1
14965,2554,2318,2436,236,4872,1
14972,2508,2435,2471,73,4943,1
14973,2416,2379,2397,37,4795,1
14975,2359,2498,2428,-139,4857,1
14980,2785,2736,2760,49,5521,1
14981,2535,2485,2510,50,5020,1
14982,2417,2363,2390,54,4780,1
14985,2472,2432,2452,40,4904,1
14986,2392,2362,2377,30,4754,1
14987,2370,2460,2415,-90,4830,1
14992,2288,2645,2466,-357,4933,1
14994,2553,2431,2492,122,4984,1
14995,2628,2595,2611,33,5223,1
14998,2474,2621,2547,-147,5095,1
15005,2404,2454,2429,-50,4858,1
15007,2631,2637,2634,-6,5268,1
15008,2279,2638,2458,-359,4917,1
15009,2474,2307,2390,167,4781,1
15010,2536,2361,2448,175,4897,1
15012,2673,2541,2607,132,5214,1
15016,2544,2380,2462,164,4924,1
15018,2626,2621,2623,5,5247,1
15025,2575,2634,2604,-59,5209,1
15033,2567,2503,2535,64,5070,1
15034,2592,2662,2627,-70,5254,1
15037,2575,2304,2439,271,4879,1
15038,2220,2620,2420,-400,4840,1
15039,2670,2185,2427,485,4855,1
15040,2686,2562,2624,124,5248,1
15046,2567,2577,2572,-10,5144,1
15047,2505,2263,2384,242,4768,1
15048,2577,2452,2514,125,5029,1
15049,2651,2673,2662,-22,5324,1
15053,2338,2334,2336,4,4672,1
15054,2443,2438,2440,5,4881,1
15063,2456,2390,2423,66,4846,1
15065,2381,2514,2447,-133,4895,1
15070,2562,2353,2457,209,4915,1
15072,2620,2380,2500,240,5000,1
15073,2387,2435,2411,-48,4822,1
15074,2391,2471,2431,-80,4862,1
15075,2465,2684,2574,-219,5149,1
15076,2512,2569,2540,-57,5081,1
15081,2381,2621,2501,-240,5002,1
15085,2639,2578,2608,61,5217,1
15087,2618,2574,2596,44,5192,1
15088,2619,2456,2537,163,5075,1
15091,2451,2278,2364,173,4729,1
15096,2518,2627,2572,-109,5145,1
15099,2518,2342,2430,176,4860,1
15101,2358,2526,2442,-168,4884,1
15102,2531,2400,2465,131,4931,1
15103,2672,2658,2665,14,5330,1
15104,2407,2343,2375,64,4750,1
15108,2532,2373,2452,159,4905,1
15109,2554,2444,2499,110,4998,1
15112,2581,2299,2440,282,4880,1
15113,2598,2620,2609,-22,5218,1
15115,2482,2277,2379,205,4759,1
15120,2427,2583,2505,-156,5010,1
15123,2370,2471,2420,-101,4841,1
15124,2563,2683,2623,-120,5246,1
15127,2389,2366,2377,23,4755,1
15136,2616,2340,2478,276,4956,1
15138,2718,2494,2606,224,5212,1
15145,2769,2698,2733,71,5467,1
15149,2554,2556,2555,-2,5110,1
15150,2549,2250,2399,299,4799,1
15152,2718,2581,2649,137,5299,1
15154,2580,2314,2447,266,4894,1
15158,2502,2563,2532,-61,5065,1
15159,2372,2559,2465,-187,4931,1
15161,2363,2448,2405,-85,4811,1
15162,2589,2458,2523,131,5047,1
15163,2506,2239,2372,267,4745,1
15172,2449,2323,2386,126,4772,1
15173,2511,2377,2444,134,4888,1
15175,2468,2491,2479,-23,4959,1
15176,2351,2571,2461,-220,4922,1
15178,2587,2462,2524,125,5049,1
15179,2348,2359,2353,-11,4707,1
15187,2485,2507,2496,-22,4992,1
15191,2512,2477,2494,35,4989,1
15195,2490,2624,2557,-134,5114,1
15201,2380,2564,2472,-184,4944,1
15210,2638,2518,2578,120,5156,1
15213,2460,2457,2458,3,4917,1
15216,2711,2658,2684,53,5369,1
15226,2390,2370,2380,20,4760,1
15227,2420,2343,2381,77,4763,1
15228,2416,2449,2432,-33,4865,1
15229,2453,2437,2445,16,4890,1
15230,2326,2523,2424,-197,4849,1
15234,2534,2387,2460,147,4921,1
15239,2321,2501,2411,-180,4822,1
15241,2403,2611,2507,-208,5014,1
15244,2551,2472,2511,79,5023,1
15245,2674,2572,2623,102,5246,1
15250,2407,2378,2392,29,4785,1
15252,2732,2769,2750,-37,5501,1
15253,2666,2628,2647,38,5294,1
15254,2622,2534,2578,88,5156,1
15265,2506,2390,2448,116,4896,1
15277,2581,2288,2434,293,4869,1
15279,2575,2473,2524,102,5048,1
15285,2409,2378,2393,31,4787,1
15287,2334,2339,2336,-5,4673,1
15291,2462,2528,2495,-66,4990,1
15294,2629,2336,2482,293,4965,1
15303,2397,2616,2506,-219,5013,1
15304,2567,2507,2537,60,5074,1
15308,2443,2368,2405,75,4811,1
15309,2421,2570,2495,-149,4991,1
15317,2379,2635,2507,-256,5014,1
15319,2681,2499,2590,182,5180,1
15320,2483,2480,2481,3,4963,1
15322,2483,2609,2546,-126,5092,1
15323,2721,2500,2610,221,5221,1
15325,2684,2366,2525,318,5050,1
15328,2447,2520,2483,-73,4967,1
15329,2374,2521,2447,-147,4895,1
15331,2383,2710,2546,-327,5093,1
15334,2458,2308,2383,150,4766,1
15335,2602,2539,2570,63,5141,1
15338,2622,2665,2643,-43,5287,1
15341,2373,2592,2482,-219,4965,1
15352,2542,2632,2587,-90,5174,1
15353,2418,2427,2422,-9,4845,1
15354,2503,2241,2372,262,4744,1
15358,2403,2580,2491,-177,4983,1
15359,2267,2570,2418,-303,4837,1
15366,2374,2322,2348,52,4696,1
15367,2472,2627,2549,-155,5099,1
15370,2528,2438,2483,90,4966,1
15372,2730,2791,2760,-61,5521,1
15373,2741,2647,2694,94,5388,1
15378,2521,2285,2403,236,4806,1
15380,2595,2418,2506,177,5013,1
15382,2504,2710,2607,-206,5214,1
15383,2709,2581,2645,128,5290,1
15388,2525,2394,2459,131,4919,1
15390,2493,2448,2470,45,4941,1
15393,2543,2556,2549,-13,5099,1
15394,2356,2491,2423,-135,4847,1
15401,2551,2401,2476,150,4952,1
15402,2294,2434,2364,-140,4728,1
15405,2571,2702,2636,-131,5273,1
15407,2511,2550,2530,-39,5061,1
15409,2564,2424,2494,140,4988,1
15411,2551,2437,2494,114,4988,1
15417,2471,2312,2391,159,4783,1
15420,2524,2501,2512,23,5025,1
15425,2482,2502,2492,-20,4984,1
15427,2478,2640,2559,-162,5118,1
15430,2538,2660,2599,-122,5198,1
15431,2442,2309,2375,133,4751,1
15438,2657,2717,2687,-60,5374,1
15439,2378,2592,2485,-214,4970,1
15443,2596,2445,2520,151,5041,1
15444,2524,2307,2415,217,4831,1
15448,2479,2712,2595,-233,5191,1
15450,2649,2438,2543,211,5087,1
15451,2614,2423,2518,191,5037,1
15456,2455,2296,2375,159,4751,1
15457,2382,2599,2490,-217,4981,1
15458,2513,2438,2475,75,4951,1
15460,2304,2454,2379,-150,4758,1
15462,2467,2660,2563,-193,5127,1
15465,2448,2377,2412,71,4825,1
15468,2652,2291,2471,361,4943,1
15469,2655,2549,2602,106,5204,1
15471,2377,2642,2509,-265,5019,1
15473,2252,2508,2380,-256,4760,1
15474,2538,2547,2542,-9,5085,1
15475,2419,2488,2453,-69,4907,1
15476,2479,2280,2379,199,4759,1
15478,2709,2830,2769,-121,5539,1
15479,2620,2713,2666,-93,5333,1
15483,2559,2326,2442,233,4885,1
15485,2520,2392,2456,128,4912,1
15491,2456,2495,2475,-39,4951,1
15495,2425,2603,2514,-178,5028,1
15499,2506,2590,2548,-84,5096,1
15500,2305,2545,2425,-240,4850,1
15507,2516,2381,2448,135,4897,1
15509,2527,2601,2564,-74,5128,1
15512,2525,2367,2446,158,4892,1
15515,2518,2638,2578,-120,5156,1
15518,2530,2551,2540,-21,5081,1
15519,2560,2609,2584,-49,5169,1
15520,2293,2516,2404,-223,4809,1
15527,2548,2408,2478,140,4956,1
15529,2368,2345,2356,23,4713,1
15531,2469,2496,2482,-27,4965,1
15536,2292,2441,2366,-149,4733,1
15538,2362,2515,2438,-153,4877,1
15539,2512,2402,2457,110,4914,1
15540,2308,2460,2384,-152,4768,1
15544,2495,2416,2455,79,4911,1
15549,2689,2531,2610,158,5220,1
15551,2584,2566,2575,18,5150,1
15553,2625,2562,2593,63,5187,1
15556,2460,2494,2477,-34,4954,1
15559,2526,2384,2455,142,4910,1
15560,2601,2460,2530,141,5061,1
15561,2449,2383,2416,66,4832,1
15565,2482,2623,2552,-141,5105,1
15567,2320,2471,2395,-151,4791,1
15568,2554,2592,2573,-38,5146,1
15570,2600,2442,2521,158,5042,1
15572,2552,2342,2447,210,4894,1
15574,2472,2605,2538,-133,5077,1
15575,2538,2646,2592,-108,5184,1
15576,2391,2375,2383,16,4766,1
15578,2516,2323,2419,193,4839,1
15585,2386,2462,2424,-76,4848,1
15589,2346,2431,2388,-85,4777,1
15590,2364,2350,2357,14,4714,1
15593,2693,2749,2721,-56,5442,1
15602,2487,2373,2430,114,4860,1
15608,2539,2268,2403,271,4807,1
15610,2676,2471,2573,205,5147,1
15615,2419,2669,2544,-250,5088,1
15617,2664,2229,2446,435,4893,1
15618,2561,2709,2635,-148,5270,1
15624,2738,2749,2743,-11,5487,1
15625,2463,2337,2400,126,4800,1
15626,2479,2633,2556,-154,5112,1
15628,2540,2424,2482,116,4964,1
15629,2446,2288,2367,158,4734,1
15630,2382,2512,2447,-130,4894,1
15634,2419,2287,2353,132,4706,1
15636,2516,2401,2458,115,4917,1
15638,2708,2524,2616,184,5232,1
15641,2741,2742,2741,-1,5483,1
15645,2586,2415,2500,171,5001,1
15646,2454,2595,2524,-141,5049,1
15649,2339,2457,2398,-118,4796,1
15652,2460,2290,2375,170,4750,1
15653,2429,2566,2497,-137,4995,1
15655,2506,2356,2431,150,4862,1
15658,2339,2563,2451,-224,4902,1
15661,2747,2683,2715,64,5430,1
15666,2400,2549,2474,-149,4949,1
15670,2290,2501,2395,-211,4791,1
15674,2512,2368,2440,144,4880,1
15675,2671,2437,2554,234,5108,1
15676,2430,2546,2488,-116,4976,1
15683,2501,2245,2373,256,4746,1
15685,2419,2352,2385,67,4771,1
15686,2277,2482,2379,-205,4759,1
15691,2459,2394,2426,65,4853,1
15697,2628,2579,2603,49,5207,1
15709,2342,2483,2412,-141,4825,1
15715,2621,2587,2604,34,5208,1
15717,2501,2560,2530,-59,5061,1
15718,2646,2443,2544,203,5089,1
15721,2355,2373,2364,-18,4728,1
15724,2635,2672,2653,-37,5307,1
15725,2492,2257,2374,235,4749,1
15738,2323,2553,2438,-230,4876,1
15740,2713,2675,2694,38,5388,1
15742,2264,2503,2383,-239,4767,1
15746,2499,2274,2386,225,4773,1
15750,2400,2315,2357,85,4715,1
15751,2378,2377,2377,1,4755,1
15753,2376,2396,2386,-20,4772,1
15756,2679,2196,2437,483,4875,1
15757,2362,2354,2358,8,4716,1
15758,2395,2508,2451,-113,4903,1
15762,2571,2474,2522,97,5045,1
15764,2430,2506,2468,-76,4936,1
15765,2314,2542,2428,-228,4856,1
15772,2626,2545,2585,81,5171,1
15773,2640,2567,2603,73,5207,1
15774,2393,2345,2369,48,4738,1
15791,2437,2351,2394,86,4788,1
15798,2549,2301,2425,248,4850,1
15800,2351,2387,2369,-36,4738,1
15804,2413,2417,2415,-4,4830,1
15806,2354,2561,2457,-207,4915,1
15809,2379,2358,2368,21,4737,1
15810,2557,2382,2469,175,4939,1
15812,2607,2527,2567,80,5134,1
15818,2434,2558,2496,-124,4992,1
15820,2336,2579,2457,-243,4915,1
15822,2713,2782,2747,-69,5495,1
15823,2551,2332,2441,219,4883,1
15827,2386,2682,2534,-296,5068,1
15831,2604,2611,2607,-7,5215,1
15832,2351,2363,2357,-12,4714,1
15834,2741,2758,2749,-17,5499,1
15836,2368,2604,2486,-236,4972,1
15839,2627,2504,2565,123,5131,1
15851,2422,2351,2386,71,4773,1
15856,2548,2557,2552,-9,5105,1
15858,2450,2394,2422,56,4844,1
15860,2636,2441,2538,195,5077,1
15863,2538,2307,2422,231,4845,1
15867,2371,2509,2440,-138,4880,1
15872,2502,2521,2511,-19,5023,1
15876,2323,2415,2369,-92,4738,1
15877,2425,2477,2451,-52,4902,1
15878,2532,2569,2550,-37,5101,1
15879,2709,2536,2622,173,5245,1
15881,2554,2287,2420,267,4841,1
15882,2543,2496,2519,47,5039,1
15885,2443,2370,2406,73,4813,1
15887,2531,2507,2519,24,5038,1
15888,2395,2392,2393,3,4787,1
15889,2458,2499,2478,-41,4957,1
15890,2374,2365,2369,9,4739,1
15893,2381,2500,2440,-119,4881,1
15899,2295,2451,2373,-156,4746,1
15906,2269,2469,2369,-200,4738,1
15912,2276,2622,2449,-346,4898,1
15913,2460,2525,2492,-65,4985,1
15915,2541,2456,2498,85,4997,1
15916,2463,2495,2479,-32,4958,1
15922,2471,2336,2403,135,4807,1
15924,2538,2367,2452,171,4905,1
15926,2518,2634,2576,-116,5152,1
15928,2637,2713,2675,-76,5350,1
15929,2504,2306,2405,198,4810,1
15931,2514,2318,2416,196,4832,1
15932,2598,2335,2466,263,4933,1
15935,2602,2741,2671,-139,5343,1
15941,2757,2787,2772,-30,5544,1
15942,2632,2484,2558,148,5116,1
15944,2591,2230,2410,361,4821,1
15948,2365,2644,2504,-279,5009,1
15955,2449,2315,2382,134,4764,1
15960,2401,2306,2353,95,4707,1
15962,2575,2700,2637,-125,5275,1
15968,2464,2509,2486,-45,4973,1
15971,2602,2486,2544,116,5088,1
15973,2484,2594,2539,-110,5078,1
15977,2277,2650,2463,-373,4927,1
15978,2444,2510,2477,-66,4954,1
15979,2287,2487,2387,-200,4774,1
15984,2565,2546,2555,19,5111,1
15985,2427,2564,2495,-137,4991,1
15990,2523,2516,2519,7,5039,1
15998,2479,2634,2556,-155,5113,1
16000,2323,2461,2392,-138,4784,1
16003,2380,2314,2347,66,4694,1
16005,2497,2447,2472,50,4944,1
16006,2630,2616,2623,14,5246,1
16008,2464,2698,2581,-234,5162,1
16010,2632,2588,2610,44,5220,1
16014,2482,2276,2379,206,4758,1
16017,2473,2554,2513,-81,5027,1
16018,2473,2407,2440,66,4880,1
16019,2543,2527,2535,16,5070,1
16020,2584,2574,2579,10,5158,1
16022,2381,2509,2445,-128,4890,1
16027,2595,2562,2578,33,5157,1
16031,2428,2584,2506,-156,5012,1
16035,2416,2382,2399,34,4798,1
16036,2460,2278,2369,182,4738,1
16042,2645,2318,2481,327,4963,1
16043,2515,2450,2482,65,4965,1
16045,2574,2648,2611,-74,5222,1
16047,2529,2417,2473,112,4946,1
16048,2557,2629,2593,-72,5186,1
16050,2508,2408,2458,100,4916,1
16051,2517,2294,2405,223,4811,1
16054,2556,2249,2402,307,4805,1
16056,2727,2772,2749,-45,5499,1
16057,2524,2628,2576,-104,5152,1
16059,2443,2416,2429,27,4859,1
16069,2587,2405,2496,182,4992,1
16074,2514,2602,2558,-88,5116,1
16079,2523,2644,2583,-121,5167,1
16080,2654,2445,2549,209,5099,1
16083,2512,2570,2541,-58,5082,1
16084,2548,2410,2479,138,4958,1
16086,2354,2419,2386,-65,4773,1
16087,2522,2600,2561,-78,5122,1
16088,2559,2524,2541,35,5083,1
16089,2417,2655,2536,-238,5072,1
16091,2361,2360,2360,1,4721,1
16106,2364,2508,2436,-144,4872,1
16108,2486,2452,2469,34,4938,1
16112,2777,2650,2713,127,5427,1
16114,2515,2418,2466,97,4933,1
16121,2417,2581,2499,-164,4998,1
16122,2515,2277,2396,238,4792,1
16123,2686,2546,2616,140,5232,1
16124,2303,2503,2403,-200,4806,1
16126,2355,2465,2410,-110,4820,1
16127,2659,2679,2669,-20,5338,1
16129,2303,2509,2406,-206,4812,1
16134,2683,2248,2465,435,4931,1
16138,2257,2496,2376,-239,4753,1
16145,2477,2301,2389,176,4778,1
16153,2518,2253,2385,265,4771,1
16156,2369,2453,2411,-84,4822,1
16159,2741,2862,2801,-121,5603,1
16160,2473,2364,2418,109,4837,1
16161,2327,2449,2388,-122,4776,1
16162,2548,2501,2524,47,5049,1
16163,2549,2606,2577,-57,5155,1
16164,2279,2641,2460,-362,4920,1
16179,2386,2456,2421,-70,4842,1
16184,2340,2330,2335,10,4670,1
16187,2564,2500,2532,64,5064,1
16192,2427,2511,2469,-84,4938,1
16194,2520,2498,2509,22,5018,1
16199,2586,2383,2484,203,4969,1
16201,2339,2536,2437,-197,4875,1
16209,2616,2472,2544,144,5088,1
16216,2586,2242,2414,344,4828,1
16220,2498,2271,2384,227,4769,1
16222,2608,2391,2499,217,4999,1
16223,2557,2387,2472,170,4944,1
16228,2393,2564,2478,-171,4957,1
16229,2442,2601,2521,-159,5043,1
16230,2561,2537,2549,24,5098,1
16231,2463,2713,2588,-250,5176,1
16233,2448,2388,2418,60,4836,1
16236,2668,2578,2623,90,5246,1
16239,2310,2640,2475,-330,4950,1
16240,2547,2626,2586,-79,5173,1
16242,2653,2707,2680,-54,5360,1
16244,2491,2427,2459,64,4918,1
16248,2339,2430,2384,-91,4769,1
16249,2646,2543,2594,103,5189,1
16250,2422,2583,2502,-161,5005,1
16251,2291,2556,2423,-265,4847,1
16258,2319,2527,2423,-208,4846,1
16259,2708,2482,2595,226,5190,1
16262,2531,2354,2442,177,4885,1
16263,2793,2767,2780,26,5560,1
16266,2467,2561,2514,-94,5028,1
16271,2700,2485,2592,215,5185,1
16272,2746,2500,2623,246,5246,1
16273,2375,2375,2375,0,4750,1
16276,2539,2300,2419,239,4839,1
16283,2343,2396,2369,-53,4739,1
16291,2268,2532,2400,-264,4800,1
16292,2426,2463,2444,-37,4889,1
16297,2379,2325,2352,54,4704,1
16301,2465,2514,2489,-49,4979,1
16304,2425,2295,2360,130,4720,1
16307,2645,2622,2633,23,5267,1
16308,2469,2364,2416,105,4833,1
16312,2433,2638,2535,-205,5071,1
16314,2449,2578,2513,-129,5027,1
16318,2617,2530,2573,87,5147,1
16319,2451,2395,2423,56,4846,1
16321,2196,2663,2429,-467,4859,1
16322,2737,2747,2742,-10,5484,1
16323,2736,2773,2754,-37,5509,1
16327,2611,2394,2502,217,5005,1
16328,2350,2583,2466,-233,4933,1
16330,2521,2629,2575,-108,5150,1
16333,2569,2426,2497,143,4995,1
16334,2622,2498,2560,124,5120,1
16344,2264,2502,2383,-238,4766,1
16345,2412,2457,2434,-45,4869,1
16351,2571,2384,2477,187,4955,1
16353,2480,2538,2509,-58,5018,1
16357,2556,2457,2506,99,5013,1
16360,2544,2458,2501,86,5002,1
16362,2296,2450,2373,-154,4746,1
16364,2332,2369,2350,-37,4701,1
16366,2312,2497,2404,-185,4809,1
16368,2428,2416,2422,12,4844,1
16372,2547,2419,2483,128,4966,1
16374,2442,2650,2546,-208,5092,1
16375,2475,2616,2545,-141,5091,1
16376,2273,2554,2413,-281,4827,1
16377,2506,2681,2593,-175,5187,1
16378,2312,2554,2433,-242,4866,1
16381,2436,2426,2431,10,4862,1
16383,2354,2381,2367,-27,4735,1
16384,2334,2425,2379,-91,4759,1
16385,2577,2339,2458,238,4916,1
16392,2593,2528,2560,65,5121,1
16395,2419,2455,2437,-36,4874,1
16401,2536,2494,2515,42,5030,1
16406,2371,2451,2411,-80,4822,1
16407,2263,2535,2399,-272,4798,1
16408,2338,2445,2391,-107,4783,1
16409,2465,2301,2383,164,4766,1
16412,2486,2430,2458,56,4916,1
16418,2696,2412,2554,284,5108,1
16419,2617,2463,2540,154,5080,1
16420,2308,2421,2364,-113,4729,1
16422,2647,2570,2608,77,5217,1
16429,2727,2378,2552,349,5105,1
16430,2526,2558,2542,-32,5084,1
16431,2434,2277,2355,157,4711,1
16434,2508,2321,2414,187,4829,1
16435,2678,2721,2699,-43,5399,1
16436,2603,2651,2627,-48,5254,1
16440,2365,2409,2387,-44,4774,1
16441,2661,2505,2583,156,5166,1
16447,2711,2775,2743,-64,5486,1
16448,2287,2448,2367,-161,4735,1
16460,2506,2575,2540,-69,5081,1
16461,2626,2371,2498,255,4997,1
16462,2463,2264,2363,199,4727,1
16463,2434,2482,2458,-48,4916,1
16468,2297,2473,2385,-176,4770,1
16470,2582,2504,2543,78,5086,1
16471,2211,2626,2418,-415,4837,1
16473,2577,2549,2563,28,5126,1
16474,2493,2429,2461,64,4922,1
16475,2262,2483,2372,-221,4745,1
16477,2356,2468,2412,-112,4824,1
16481,2577,2479,2528,98,5056,1
16487,2560,2295,2427,265,4855,1
16493,2687,2430,2558,257,5117,1
16494,2609,2696,2652,-87,5305,1
16495,2473,2629,2551,-156,5102,1
16496,2430,2435,2432,-5,4865,1
16498,2619,2370,2494,249,4989,1
16500,2625,2520,2572,105,5145,1
16504,2616,2446,2531,170,5062,1
16506,2638,2410,2524,228,5048,1
16507,2631,2674,2652,-43,5305,1
16512,2639,2598,2618,41,5237,1
16514,2326,2481,2403,-155,4807,1
16529,2384,2513,2448,-129,4897,1
16534,2361,2617,2489,-256,4978,1
16535,2300,2442,2371,-142,4742,1
16543,2769,2687,2728,82,5456,1
16547,2371,2507,2439,-136,4878,1
16548,2616,2533,2574,83,5149,1
16549,2336,2482,2409,-146,4818,1
16552,2719,2564,2641,155,5283,1
16553,2662,2651,2656,11,5313,1
16556,2545,2442,2493,103,4987,1
16560,2532,2565,2548,-33,5097,1
16563,2565,2460,2512,105,5025,1
16565,2720,2764,2742,-44,5484,1
16566,2488,2577,2532,-89,5065,1
16567,2651,2372,2511,279,5023,1
16568,2482,2343,2412,139,4825,1
16573,2424,2328,2376,96,4752,1
16574,2340,2559,2449,-219,4899,1
16577,2310,2416,2363,-106,4726,1
16578,2584,2535,2559,49,5119,1
16580,2409,2494,2451,-85,4903,1
16588,2543,2355,2449,188,4898,1
16590,2579,2710,2644,-131,5289,1
16591,2504,2642,2573,-138,5146,1
16592,2493,2569,2531,-76,5062,1
16601,2491,2293,2392,198,4784,1
16615,2554,2564,2559,-10,5118,1
16617,2572,2429,2500,143,5001,1
16618,2377,2344,2360,33,4721,1
16623,2646,2389,2517,257,5035,1
16626,2585,2374,2479,211,4959,1
16629,2383,2570,2476,-187,4953,1
16632,2801,2330,2565,471,5131,1
16634,2373,2630,2501,-257,5003,1
16636,2590,2646,2618,-56,5236,1
16639,2463,2544,2503,-81,5007,1
16640,2308,2477,2392,-169,4785,1
16641,2435,2450,2442,-15,4885,1
16643,2519,2282,2400,237,4801,1
16645,2492,2549,2520,-57,5041,1
16650,2481,2445,2463,36,4926,1
16652,2476,2447,2461,29,4923,1
16656,2391,2547,2469,-156,4938,1
16666,2347,2608,2477,-261,4955,1
16669,2483,2618,2550,-135,5101,1
16671,2512,2414,2463,98,4926,1
16675,2363,2418,2390,-55,4781,1
16677,2367,2460,2413,-93,4827,1
16679,2330,2424,2377,-94,4754,1
16680,2702,2646,2674,56,5348,1
16682,2321,2454,2387,-133,4775,1
16683,2598,2462,2530,136,5060,1
16692,2555,2464,2509,91,5019,1
16693,2630,2424,2527,206,5054,1
16695,2241,2594,2417,-353,4835,1
16697,2491,2331,2411,160,4822,1
16698,2558,2530,2544,28,5088,1
16701,2534,2350,2442,184,4884,1
16702,2378,2437,2407,-59,4815,1
16703,2482,2536,2509,-54,5018,1
16705,2575,2270,2422,305,4845,1
16707,2491,2335,2413,156,4826,1
16709,2634,2558,2596,76,5192,1
16711,2511,2335,2423,176,4846,1
16713,2651,2488,2569,163,5139,1
16716,2607,2660,2633,-53,5267,1
16717,2358,2361,2359,-3,4719,1
16719,2638,2616,2627,22,5254,1
16721,2338,2449,2393,-111,4787,1
16728,2473,2490,2481,-17,4963,1
16731,2609,2634,2621,-25,5243,1
16732,2547,2291,2419,256,4838,1
16734,2518,2268,2393,250,4786,1
16735,2618,2406,2512,212,5024,1
16736,2283,2441,2362,-158,4724,1
16737,2704,2572,2638,132,5276,1
16744,2282,2582,2432,-300,4864,1
16745,2518,2456,2487,62,4974,1
16750,2345,2522,2433,-177,4867,1
16752,2358,2458,2408,-100,4816,1
16754,2386,2609,2497,-223,4995,1
16755,2579,2266,2422,313,4845,1
16758,2543,2264,2403,279,4807,1
16759,2638,2682,2660,-44,5320,1
16760,2452,2524,2488,-72,4976,1
16761,2333,2401,2367,-68,4734,1
16763,2340,2470,2405,-130,4810,1
16765,2449,2425,2437,24,4874,1
16770,2652,2420,2536,232,5072,1
16772,2643,2678,2660,-35,5321,1
16776,2313,2593,2453,-280,4906,1
16778,2383,2323,2353,60,4706,1
16780,2475,2325,2400,150,4800,1
16787,2620,2488,2554,132,5108,1
16789,2350,2506,2428,-156,4856,1
16792,2547,2377,2462,170,4924,1
16795,2552,2378,2465,174,4930,1
16796,2587,2444,2515,143,5031,1
16798,2785,2338,2561,447,5123,1
16799,2480,2368,2424,112,4848,1
16802,2505,2269,2387,236,4774,1
16803,2313,2547,2430,-234,4860,1
16804,2500,2578,2539,-78,5078,1
16808,2473,2372,2422,101,4845,1
16809,2448,2507,2477,-59,4955,1
16810,2353,2600,2476,-247,4953,1
16811,2481,2519,2500,-38,5000,1
16815,2545,2495,2520,50,5040,1
16819,2436,2569,2502,-133,5005,1
16822,2580,2470,2525,110,5050,1
16824,2357,2354,2355,3,4711,1
16826,2477,2347,2412,130,4824,1
16829,2435,2351,2393,84,4786,1
16831,2345,2659,2502,-314,5004,1
16835,2493,2251,2372,242,4744,1
16839,2514,2520,2517,-6,5034,1
16843,2559,2438,2498,121,4997,1
16845,2474,2577,2525,-103,5051,1
16846,2740,2579,2659,161,5319,1
16856,2431,2380,2405,51,4811,1
16857,2641,2734,2687,-93,5375,1
16860,2344,2521,2432,-177,4865,1
16862,2606,2382,2494,224,4988,1
16864,2677,2745,2711,-68,5422,1
16867,2278,2500,2389,-222,4778,1
16871,2309,2457,2383,-148,4766,1
16876,2524,2461,2492,63,4985,1
16877,2659,2712,2685,-53,5371,1
16881,2568,2357,2462,211,4925,1
16883,2455,2283,2369,172,4738,1
16884,2730,2679,2704,51,5409,1
16887,2442,2469,2455,-27,4911,1
16891,2293,2430,2361,-137,4723,1
16892,2519,2314,2416,205,4833,1
16896,2302,2436,2369,-134,4738,1
16897,2549,2427,2488,122,4976,1
16899,2573,2250,2411,323,4823,1
16900,2549,2472,2510,77,5021,1
16902,2634,2557,2595,77,5191,1
16904,2453,2503,2478,-50,4956,1
16905,2559,2447,2503,112,5006,1
16909,2296,2443,2369,-147,4739,1
16911,2643,2447,2545,196,5090,1
16912,2771,2632,2701,139,5403,1
16916,2503,2446,2474,57,4949,1
16919,2654,2640,2647,14,5294,1
16921,2493,2368,2430,125,4861,1
16922,2515,2275,2395,240,4790,1
16931,2344,2366,2355,-22,4710,1
16933,2344,2526,2435,-182,4870,1
16934,2479,2549,2514,-70,5028,1
16942,2411,2336,2373,75,4747,1
16945,2428,2282,2355,146,4710,1
16949,2429,2319,2374,110,4748,1
16954,2378,2636,2507,-258,5014,1
16956,2437,2395,2416,42,4832,1
16957,2515,2638,2576,-123,5153,1
16958,2536,2375,2455,161,4911,1
16965,2623,2785,2704,-162,5408,1
16966,2477,2258,2367,219,4735,1
16968,2643,2496,2569,147,5139,1
16969,2536,2389,2462,147,4925,1
16979,2518,2293,2405,225,4811,1
16980,2560,2464,2512,96,5024,1
16985,2526,2422,2474,104,4948,1
16987,2713,2658,2685,55,5371,1
16991,2650,2692,2671,-42,5342,1
16994,2547,2452,2499,95,4999,1
16995,2719,2365,2542,354,5084,1
16996,2320,2405,2362,-85,4725,1
17008,2518,2393,2455,125,4911,1
17009,2511,2662,2586,-151,5173,1
17010,2378,2598,2488,-220,4976,1
17015,2501,2443,2472,58,4944,1
17016,2289,2490,2389,-201,4779,1
17017,2301,2525,2413,-224,4826,1
17018,2619,2561,2590,58,5180,1
17019,2348,2340,2344,8,4688,1
17020,2617,2386,2501,231,5003,1
17022,2489,2558,2523,-69,5047,1
17024,2480,2598,2539,-118,5078,1
17025,2530,2663,2596,-133,5193,1
17026,2596,2490,2543,106,5086,1
17028,2454,2409,2431,45,4863,1
17030,2366,2437,2401,-71,4803,1
17032,2333,2461,2397,-128,4794,1
17042,2452,2501,2476,-49,4953,1
17049,2548,2738,2643,-190,5286,1
17058,2538,2366,2452,172,4904,1
17076,2411,2459,2435,-48,4870,1
17077,2438,2374,2406,64,4812,1
17079,2747,2702,2724,45,5449,1
17080,2643,2494,2568,149,5137,1
17084,2572,2393,2482,179,4965,1
17085,2626,2277,2451,349,4903,1
17088,2600,2720,2660,-120,5320,1
17091,2523,2390,2456,133,4913,1
17092,2514,2405,2459,109,4919,1
17094,2693,2458,2575,235,5151,1
17096,2495,2471,2483,24,4966,1
17097,2616,2493,2554,123,5109,1
17098,2693,2769,2731,-76,5462,1
17099,2502,2573,2537,-71,5075,1
17102,2480,2350,2415,130,4830,1
17103,2351,2360,2355,-9,4711,1
17107,2350,2462,2406,-112,4812,1
17111,2535,2447,2491,88,4982,1
17112,2308,2448,2378,-140,4756,1
17113,2717,2549,2633,168,5266,1
17115,2462,2429,2445,33,4891,1
17116,2383,2476,2429,-93,4859,1
17117,2344,2473,2408,-129,4817,1
17119,2375,2495,2435,-120,4870,1
17120,2559,2486,2522,73,5045,1
17125,2409,2477,2443,-68,4886,1
17128,2616,2518,2567,98,5134,1
17133,2463,2558,2510,-95,5021,1
17134,2647,2531,2589,116,5178,1
17139,2308,2591,2449,-283,4899,1
17145,2595,2268,2431,327,4863,1
17151,2381,2346,2363,35,4727,1
17156,2508,2534,2521,-26,5042,1
17169,2587,2686,2636,-99,5273,1
17170,2567,2602,2584,-35,5169,1
17171,2566,2365,2465,201,4931,1
17173,2593,2579,2586,14,5172,1
17174,2312,2414,2363,-102,4726,1
17175,2368,2429,2398,-61,4797,1
17179,2455,2487,2471,-32,4942,1
17181,2468,2345,2406,123,4813,1
17185,2676,2534,2605,142,5210,1
17189,2494,2307,2400,187,4801,1
17190,2584,2458,2521,126,5042,1
17193,2433,2530,2481,-97,4963,1
17194,2548,2412,2480,136,4960,1
17196,2410,2572,2491,-162,4982,1
17200,2469,2575,2522,-106,5044,1
17202,2570,2527,2548,43,5097,1
17205,2315,2534,2424,-219,4849,1
17210,2322,2414,2368,-92,4736,1
17212,2507,2513,2510,-6,5020,1
17218,2590,2390,2490,200,4980,1
17225,2543,2491,2517,52,5034,1
17231,2423,2508,2465,-85,4931,1
17238,2395,2517,2456,-122,4912,1
17240,2407,2346,2376,61,4753,1
17242,2294,2581,2437,-287,4875,1
17244,2468,2549,2508,-81,5017,1
17245,2406,2474,2440,-68,4880,1
17251,2425,2353,2389,72,4778,1
17257,2458,2312,2385,146,4770,1
17259,2462,2302,2382,160,4764,1
17264,2656,2584,2620,72,5240,1
17266,2587,2529,2558,58,5116,1
17267,2461,2443,2452,18,4904,1
17268,2312,2420,2366,-108,4732,1
17269,2476,2516,2496,-40,4992,1
17274,2344,2503,2423,-159,4847,1
17275,2502,2255,2378,247,4757,1
17279,2609,2505,2557,104,5114,1
17281,2353,2394,2373,-41,4747,1
17286,2607,2377,2492,230,4984,1
17287,2483,2514,2498,-31,4997,1
17290,2489,2412,2450,77,4901,1
17291,2486,2490,2488,-4,4976,1
17292,2505,2397,2451,108,4902,1
17295,2536,2449,2492,87,4985,1
17296,2609,2536,2572,73,5145,1
17298,2698,2750,2724,-52,5448,1
17300,2545,2462,2503,83,5007,1
17302,2643,2474,2558,169,5117,1
17307,2803,2703,2753,100,5506,1
17309,2572,2441,2506,131,5013,1
17315,2311,2492,2401,-181,4803,1
17316,2315,2436,2375,-121,4751,1
17318,2594,2199,2396,395,4793,1
17322,2450,2298,2374,152,4748,1
17324,2520,2602,2561,-82,5122,1
17327,2587,2278,2432,309,4865,1
17328,2535,2320,2427,215,4855,1
17332,2710,2696,2703,14,5406,1
17334,2430,2511,2470,-81,4941,1
17336,2251,2599,2425,-348,4850,1
17347,2525,2508,2516,17,5033,1
17348,2336,2540,2438,-204,4876,1
17355,2587,2198,2392,389,4785,1
17356,2471,2547,2509,-76,5018,1
17360,2659,2631,2645,28,5290,1
17361,2417,2572,2494,-155,4989,1
17362,2722,2289,2505,433,5011,1
17369,2439,2408,2423,31,4847,1
17376,2674,2202,2438,472,4876,1
17379,2481,2614,2547,-133,5095,1
17380,2490,2304,2397,186,4794,1
17383,2683,2691,2687,-8,5374,1
17389,2621,2654,2637,-33,5275,1
17390,2418,2505,2461,-87,4923,1
17395,2663,2381,2522,282,5044,1
17396,2691,2227,2459,464,4918,1
17397,2651,2429,2540,222,5080,1
17399,2409,2451,2430,-42,4860,1
17402,2469,2511,2490,-42,4980,1
17405,2686,2475,2580,211,5161,1
17407,2440,2616,2528,-176,5056,1
17408,2504,2489,2496,15,4993,1
17409,2329,2498,2413,-169,4827,1
17411,2438,2592,2515,-154,5030,1
17414,2412,2463,2437,-51,4875,1
17422,2257,2511,2384,-254,4768,1
17425,2595,2285,2440,310,4880,1
17426,2445,2300,2372,145,4745,1
17432,2367,2311,2339,56,4678,1
17437,2501,2278,2389,223,4779,1
17440,2458,2614,2536,-156,5072,1
17443,2404,2722,2563,-318,5126,1
17447,2334,2404,2369,-70,4738,1
17448,2700,2647,2673,53,5347,1
17451,2437,2326,2381,111,4763,1
17452,2501,2370,2435,131,4871,1
17456,2522,2634,2578,-112,5156,1
17462,2406,2522,2464,-116,4928,1
17468,2277,2483,2380,-206,4760,1
17469,2305,2402,2353,-97,4707,1
17476,2577,2521,2549,56,5098,1
17477,2315,2584,2449,-269,4899,1
17482,2502,2535,2518,-33,5037,1
17485,2437,2586,2511,-149,5023,1
17487,2485,2617,2551,-132,5102,1
17488,2293,2465,2379,-172,4758,1
17495,2612,2304,2458,308,4916,1
17497,2531,2658,2594,-127,5189,1
17507,2521,2523,2522,-2,5044,1
17509,2536,2491,2513,45,5027,1
17510,2507,2404,2455,103,4911,1
17511,2448,2523,2485,-75,4971,1
17512,2492,2567,2529,-75,5059,1
17513,2489,2585,2537,-96,5074,1
17514,2435,2574,2504,-139,5009,1
17515,2609,2655,2632,-46,5264,1
17519,2639,2532,2585,107,5171,1
17524,2313,2426,2369,-113,4739,1
17526,2655,2705,2680,-50,5360,1
17530,2864,2713,2788,151,5577,1
17533,2313,2505,2409,-192,4818,1
17534,2509,2484,2496,25,4993,1
17535,2676,2612,2644,64,5288,1
17538,2538,2637,2587,-99,5175,1
17539,2512,2402,2457,110,4914,1
17543,2577,2613,2595,-36,5190,1
17544,2420,2523,2471,-103,4943,1
17545,2415,2469,2442,-54,4884,1
17546,2422,2432,2427,-10,4854,1
17551,2506,2417,2461,89,4923,1
17561,2350,2520,2435,-170,4870,1
17566,2341,2506,2423,-165,4847,1
17567,2568,2574,2571,-6,5142,1
17568,2599,2368,2483,231,4967,1
17570,2612,2290,2451,322,4902,1
17574,2315,2513,2414,-198,4828,1
17575,2623,2482,2552,141,5105,1
17576,2635,2378,2506,257,5013,1
17577,2419,2570,2494,-151,4989,1
17582,2376,2480,2428,-104,4856,1
17584,2319,2536,2427,-217,4855,1
17585,2506,2619,2562,-113,5125,1
17586,2563,2550,2556,13,5113,1
17587,2549,2440,2494,109,4989,1
17589,2485,2567,2526,-82,5052,1
17591,2486,2538,2512,-52,5024,1
17595,2506,2625,2565,-119,5131,1
17596,2509,2397,2453,112,4906,1
17599,2481,2274,2377,207,4755,1
17603,2360,2553,2456,-193,4913,1
17613,2556,2364,2460,192,4920,1
17622,2407,2370,2388,37,4777,1
17630,2731,2622,2676,109,5353,1
17633,2387,2593,2490,-206,4980,1
17634,2316,2460,2388,-144,4776,1
17635,2492,2468,2480,24,4960,1
17636,2591,2334,2462,257,4925,1
17640,2619,2594,2606,25,5213,1
17645,2730,2641,2685,89,5371,1
17657,2712,2637,2674,75,5349,1
17659,2363,2550,2456,-187,4913,1
17661,2618,2526,2572,92,5144,1
17666,2392,2385,2388,7,4777,1
17670,2453,2279,2366,174,4732,1
17671,2419,2500,2459,-81,4919,1
17672,2540,2635,2587,-95,5175,1
17674,2379,2586,2482,-207,4965,1
17687,2469,2334,2401,135,4803,1
17688,2660,2360,2510,300,5020,1
17694,2525,2313,2419,212,4838,1
17696,2358,2480,2419,-122,4838,1
17700,2308,2430,2369,-122,4738,1
17702,2372,2320,2346,52,4692,1
17710,2476,2604,2540,-128,5080,1
17711,2423,2672,2547,-249,5095,1
17712,2410,2462,2436,-52,4872,1
17719,2705,2628,2666,77,5333,1
17722,2489,2338,2413,151,4827,1
17723,2621,2688,2654,-67,5309,1
17724,2573,2291,2432,282,4864,1
17726,2330,2480,2405,-150,4810,1
17731,2512,2352,2432,160,4864,1
17732,2703,2739,2721,-36,5442,1
17733,2602,2459,2530,143,5061,1
17744,2477,2308,2392,169,4785,1
17746,2396,2546,2471,-150,4942,1
17747,2517,2313,2415,204,4830,1
17752,2590,2468,2529,122,5058,1
17755,2455,2364,2409,91,4819,1
17758,2536,2382,2459,154,4918,1
17761,2459,2552,2505,-93,5011,1
17769,2605,2428,2516,177,5033,1
17770,2312,2479,2395,-167,4791,1
17773,2534,2674,2604,-140,5208,1
17775,2501,2458,2479,43,4959,1
17780,2437,2390,2413,47,4827,1
17786,2258,2496,2377,-238,4754,1
17788,2564,2553,2558,11,5117,1
17789,2623,2264,2443,359,4887,1
17791,2585,2655,2620,-70,5240,1
17792,2446,2458,2452,-12,4904,1
17793,2543,2288,2415,255,4831,1
17805,2490,2573,2531,-83,5063,1
17806,2532,2233,2382,299,4765,1
17815,2569,2758,2663,-189,5327,1
17816,2362,2562,2462,-200,4924,1
17818,2558,2281,2419,277,4839,1
17821,2532,2349,2440,183,4881,1
17822,2440,2454,2447,-14,4894,1
17823,2463,2494,2478,-31,4957,1
17828,2294,2463,2378,-169,4757,1
17829,2403,2497,2450,-94,4900,1
17831,2621,2514,2567,107,5135,1
17845,2380,2734,2557,-354,5114,1
17849,2551,2528,2539,23,5079,1
17851,2654,2482,2568,172,5136,1
17858,2716,2215,2465,501,4931,1
17859,2390,2459,2424,-69,4849,1
17866,2708,2470,2589,238,5178,1
17867,2422,2296,2359,126,4718,1
17868,2618,2335,2476,283,4953,1
17869,2417,2474,2445,-57,4891,1
17871,2577,2505,2541,72,5082,1
17873,2399,2453,2426,-54,4852,1
17874,2686,2340,2513,346,5026,1
17877,2516,2651,2583,-135,5167,1
17884,2614,2717,2665,-103,5331,1
17887,2285,2494,2389,-209,4779,1
17890,2462,2547,2504,-85,5009,1
17895,2455,2280,2367,175,4735,1
17896,2636,2738,2687,-102,5374,1
17897,2526,2316,2421,210,4842,1
17898,2387,2466,2426,-79,4853,1
17899,2436,2583,2509,-147,5019,1
17904,2393,2361,2377,32,4754,1
17906,2486,2527,2506,-41,5013,1
17908,2607,2551,2579,56,5158,1
17909,2478,2628,2553,-150,5106,1
17912,2602,2197,2399,405,4799,1
17913,2650,2569,2609,81,5219,1
17914,2428,2418,2423,10,4846,1
17915,2742,2659,2700,83,5401,1
17916,2409,2298,2353,111,4707,1
17918,2558,2306,2432,252,4864,1
17919,2510,2354,2432,156,4864,1
17922,2470,2299,2384,171,4769,1
17925,2521,2464,2492,57,4985,1
17927,2316,2503,2409,-187,4819,1
17932,2445,2612,2528,-167,5057,1
17934,2387,2442,2414,-55,4829,1
17935,2513,2573,2543,-60,5086,1
17937,2500,2291,2395,209,4791,1
17942,2615,2414,2514,201,5029,1
17948,2616,2722,2669,-106,5338,1
17951,2660,2572,2616,88,5232,1
17954,2323,2403,2363,-80,4726,1
17955,2382,2638,2510,-256,5020,1
17956,2283,2690,2486,-407,4973,1
17959,2697,2518,2607,179,5215,1
17960,2278,2459,2368,-181,4737,1
17961,2520,2493,2506,27,5013,1
17962,2553,2249,2401,304,4802,1
17963,2557,2439,2498,118,4996,1
17965,2696,2573,2634,123,5269,1
17966,2335,2511,2423,-176,4846,1
17968,2406,2528,2467,-122,4934,1
17971,2344,2323,2333,21,4667,1
17972,2556,2262,2409,294,4818,1
17978,2291,2489,2390,-198,4780,1
17979,2432,2526,2479,-94,4958,1
17980,2354,2385,2369,-31,4739,1
17981,2390,2308,2349,82,4698,1
17982,2700,2653,2676,47,5353,1
17984,2592,2421,2506,171,5013,1
17988,2566,2411,2488,155,4977,1
17997,2511,2567,2539,-56,5078,1
17998,2639,2734,2686,-95,5373,1
18004,2730,2783,2756,-53,5513,1
18009,2430,2368,2399,62,4798,1
18012,2500,2626,2563,-126,5126,1
18013,2540,2479,2509,61,5019,1
18014,2424,2377,2400,47,4801,1
18015,2328,2645,2486,-317,4973,1
18018,2435,2462,2448,-27,4897,1
18022,2511,2306,2408,205,4817,1
18037,2414,2544,2479,-130,4958,1
18040,2559,2546,2552,13,5105,1
18049,2582,2655,2618,-73,5237,1
18054,2607,2352,2479,255,4959,1
18057,2423,2513,2468,-90,4936,1
18061,2349,2352,2350,-3,4701,1
18063,2675,2619,2647,56,5294,1
18064,2623,2496,2559,127,5119,1
18067,2537,2705,2621,-168,5242,1
18071,2475,2504,2489,-29,4979,1
18073,2468,2549,2508,-81,5017,1
18074,2678,2689,2683,-11,5367,1
18075,2478,2351,2414,127,4829,1
18078,2802,2720,2761,82,5522,1
18079,2382,2475,2428,-93,4857,1
18080,2574,2292,2433,282,4866,1
18086,2512,2553,2532,-41,5065,1
18087,2580,2635,2607,-55,5215,1
18088,2424,2475,2449,-51,4899,1
18093,2267,2473,2370,-206,4740,1
18095,2528,2275,2401,253,4803,1
18113,2541,2552,2546,-11,5093,1
18115,2391,2521,2456,-130,4912,1
18118,2513,2437,2475,76,4950,1
18121,2626,2635,2630,-9,5261,1
18124,2788,2770,2779,18,5558,1
18128,2387,2506,2446,-119,4893,1
18130,2752,2661,2706,91,5413,1
18133,2505,2499,2502,6,5004,1
18135,2468,2326,2397,142,4794,1
18142,2586,2382,2484,204,4968,1
18145,2689,2591,2640,98,5280,1
18146,2545,2560,2552,-15,5105,1
18147,2462,2480,2471,-18,4942,1
18148,2459,2330,2394,129,4789,1
18149,2418,2318,2368,100,4736,1
18151,2366,2602,2484,-236,4968,1
18154,2295,2463,2379,-168,4758,1
18155,2519,2261,2390,258,4780,1
18157,2612,2424,2518,188,5036,1
18159,2423,2461,2442,-38,4884,1
18162,2683,2599,2641,84,5282,1
18165,2440,2592,2516,-152,5032,1
18167,2484,2551,2517,-67,5035,1
18169,2761,2872,2816,-111,5633,1
18170,2426,2570,2498,-144,4996,1
18172,2380,2365,2372,15,4745,1
18175,2501,2392,2446,109,4893,1
18178,2463,2580,2521,-117,5043,1
18179,2438,2567,2502,-129,5005,1
18183,2661,2417,2539,244,5078,1
18184,2379,2447,2413,-68,4826,1
18185,2461,2667,2564,-206,5128,1
18187,2478,2331,2404,147,4809,1
18189,2699,2714,2706,-15,5413,1
18191,2446,2591,2518,-145,5037,1
18193,2643,2250,2446,393,4893,1
18194,2417,2468,2442,-51,4885,1
18203,2306,2553,2429,-247,4859,1
18204,2456,2587,2521,-131,5043,1
18214,2365,2341,2353,24,4706,1
18216,2346,2520,2433,-174,4866,1
18218,2653,2501,2577,152,5154,1
18219,2590,2574,2582,16,5164,1
18220,2449,2389,2419,60,4838,1
18224,2481,2445,2463,36,4926,1
18227,2466,2369,2417,97,4835,1
18230,2556,2505,2530,51,5061,1
18233,2613,2514,2563,99,5127,1
18234,2446,2450,2448,-4,4896,1
18236,2716,2605,2660,111,5321,1
18241,2644,2489,2566,155,5133,1
18247,2358,2581,2469,-223,4939,1
18248,2631,2416,2523,215,5047,1
18249,2477,2589,2533,-112,5066,1
18251,2501,2359,2430,142,4860,1
18255,2563,2590,2576,-27,5153,1
18262,2675,2693,2684,-18,5368,1
18266,2449,2488,2468,-39,4937,1
18269,2536,2362,2449,174,4898,1
18271,2584,2693,2638,-109,5277,1
18281,2597,2593,2595,4,5190,1
18283,2695,2570,2632,125,5265,1
18288,2493,2582,2537,-89,5075,1
18289,2480,2597,2538,-117,5077,1
18292,2389,2319,2354,70,4708,1
18293,2496,2501,2498,-5,4997,1
18297,2573,2447,2510,126,5020,1
18298,2675,2210,2442,465,4885,1
18299,2590,2568,2579,22,5158,1
18304,2663,2437,2550,226,5100,1
18310,2371,2558,2464,-187,4929,1
18312,2625,2454,2539,171,5079,1
18313,2457,2530,2493,-73,4987,1
18315,2438,2591,2514,-153,5029,1
18316,2718,2610,2664,108,5328,1
18318,2391,2390,2390,1,4781,1
18320,2625,2369,2497,256,4994,1
18321,2348,2427,2387,-79,4775,1
18322,2318,2403,2360,-85,4721,1
18325,2549,2418,2483,131,4967,1
18333,2420,2392,2406,28,4812,1
18334,2487,2504,2495,-17,4991,1
18335,2321,2426,2373,-105,4747,1
18340,2454,2450,2452,4,4904,1
18343,2757,2872,2814,-115,5629,1
18346,2416,2320,2368,96,4736,1
18350,2662,2591,2626,71,5253,1
18355,2460,2584,2522,-124,5044,1
18356,2502,2599,2550,-97,5101,1
18360,2357,2409,2383,-52,4766,1
18361,2506,2588,2547,-82,5094,1
18362,2384,2352,2368,32,4736,1
18363,2423,2448,2435,-25,4871,1
18365,2598,2495,2546,103,5093,1
18366,2625,2472,2548,153,5097,1
18367,2633,2304,2468,329,4937,1
18370,2531,2547,2539,-16,5078,1
18374,2492,2667,2579,-175,5159,1
18375,2447,2556,2501,-109,5003,1
18383,2396,2605,2500,-209,5001,1
18384,2445,2574,2509,-129,5019,1
18387,2417,2563,2490,-146,4980,1
18388,2634,2233,2433,401,4867,1
18389,2368,2424,2396,-56,4792,1
18391,2516,2418,2467,98,4934,1
18394,2615,2599,2607,16,5214,1
18395,2529,2258,2393,271,4787,1
18400,2390,2328,2359,62,4718,1
18408,2435,2401,2418,34,4836,1
18412,2635,2464,2549,171,5099,1
18414,2462,2537,2499,-75,4999,1
18418,2536,2298,2417,238,4834,1
18423,2455,2351,2403,104,4806,1
18426,2386,2409,2397,-23,4795,1
18429,2577,2412,2494,165,4989,1
18430,2751,2676,2713,75,5427,1
18431,2653,2547,2600,106,5200,1
18434,2813,2487,2650,326,5300,1
18436,2556,2371,2463,185,4927,1
18437,2658,2471,2564,187,5129,1
18439,2377,2437,2407,-60,4814,1
18440,2422,2363,2392,59,4785,1
18441,2601,2482,2541,119,5083,1
18442,2591,2329,2460,262,4920,1
18443,2382,2545,2463,-163,4927,1
18447,2581,2631,2606,-50,5212,1
18448,2456,2498,2477,-42,4954,1
18449,2530,2296,2413,234,4826,1
18450,2513,2484,2498,29,4997,1
18453,2471,2663,2567,-192,5134,1
18456,2711,2816,2763,-105,5527,1
18457,2527,2622,2574,-95,5149,1
18459,2641,2591,2616,50,5232,1
18461,2507,2555,2531,-48,5062,1
18465,2580,2454,2517,126,5034,1
18467,2741,2565,2653,176,5306,1
18468,2586,2357,2471,229,4943,1
18469,2412,2322,2367,90,4734,1
18471,2330,2518,2424,-188,4848,1
18475,2528,2413,2470,115,4941,1
18476,2554,2625,2589,-71,5179,1
18477,2424,2574,2499,-150,4998,1
18479,2302,2595,2448,-293,4897,1
18488,2555,2426,2490,129,4981,1
18492,2538,2357,2447,181,4895,1
18497,2322,2565,2443,-243,4887,1
18500,2354,2552,2453,-198,4906,1
18505,2556,2457,2506,99,5013,1
18508,2642,2501,2571,141,5143,1
18509,2599,2712,2655,-113,5311,1
18511,2349,2489,2419,-140,4838,1
18513,2508,2330,2419,178,4838,1
18519,2419,2432,2425,-13,4851,1
18520,2509,2546,2527,-37,5055,1
18522,2515,2502,2508,13,5017,1
18524,2401,2332,2366,69,4733,1
18526,2323,2391,2357,-68,4714,1
18528,2713,2711,2712,2,5424,1
18532,2499,2379,2439,120,4878,1
18537,2573,2311,2442,262,4884,1
18550,2632,2586,2609,46,5218,1
18552,2293,2424,2358,-131,4717,1
18553,2364,2565,2464,-201,4929,1
18557,2715,2707,2711,8,5422,1
18562,2400,2402,2401,-2,4802,1
18563,2436,2505,2470,-69,4941,1
18564,2476,2504,2490,-28,4980,1
18572,2380,2423,2401,-43,4803,1
18573,2405,2429,2417,-24,4834,1
18574,2306,2395,2350,-89,4701,1
18576,2450,2490,2470,-40,4940,1
18580,2447,2286,2366,161,4733,1
18585,2313,2526,2419,-213,4839,1
18586,2408,2626,2517,-218,5034,1
18594,2482,2539,2510,-57,5021,1
18601,2438,2462,2450,-24,4900,1
18603,2405,2530,2467,-125,4935,1
18604,2328,2524,2426,-196,4852,1
18605,2530,2537,2533,-7,5067,1
18607,2423,2555,2489,-132,4978,1
18608,2602,2416,2509,186,5018,1
18612,2518,2558,2538,-40,5076,1
18613,2348,2455,2401,-107,4803,1
18615,2412,2652,2532,-240,5064,1
18617,2494,2276,2385,218,4770,1
18618,2409,2469,2439,-60,4878,1
18620,2394,2396,2395,-2,4790,1
18622,2590,2500,2545,90,5090,1
18624,2607,2295,2451,312,4902,1
18630,2328,2531,2429,-203,4859,1
18631,2514,2544,2529,-30,5058,1
18632,2546,2881,2713,-335,5427,1
18634,2337,2492,2414,-155,4829,1
18635,2490,2276,2383,214,4766,1
18636,2354,2378,2366,-24,4732,1
18638,2628,2593,2610,35,5221,1
18644,2567,2447,2507,120,5014,1
18645,2642,2282,2462,360,4924,1
18650,2499,2380,2439,119,4879,1
18663,2371,2491,2431,-120,4862,1
18664,2452,2329,2390,123,4781,1
18665,2547,2691,2619,-144,5238,1
18667,2582,2554,2568,28,5136,1
18669,2688,2530,2609,158,5218,1
18673,2282,2586,2434,-304,4868,1
18675,2651,2577,2614,74,5228,1
18678,2404,2644,2524,-240,5048,1
18679,2549,2574,2561,-25,5123,1
18680,2565,2534,2549,31,5099,1
18683,2365,2541,2453,-176,4906,1
18685,2456,2303,2379,153,4759,1
18686,2487,2595,2541,-108,5082,1
18687,2533,2284,2408,249,4817,1
18690,2659,2469,2564,190,5128,1
18691,2322,2401,2361,-79,4723,1
18695,2409,2435,2422,-26,4844,1
18703,2631,2529,2580,102,5160,1
18706,2292,2423,2357,-131,4715,1
18710,2435,2508,2471,-73,4943,1
18713,2556,2630,2593,-74,5186,1
18724,2556,2339,2447,217,4895,1
18725,2645,2402,2523,243,5047,1
18729,2481,2653,2567,-172,5134,1
18733,2760,2713,2736,47,5473,1
18734,2423,2491,2457,-68,4914,1
18739,2349,2485,2417,-136,4834,1
18740,2382,2462,2422,-80,4844,1
18742,2416,2560,2488,-144,4976,1
18744,2460,2534,2497,-74,4994,1
18745,2645,2492,2568,153,5137,1
18747,2620,2328,2474,292,4948,1
18749,2404,2584,2494,-180,4988,1
18752,2547,2408,2477,139,4955,1
18754,2628,2772,2700,-144,5400,1
18756,2353,2479,2416,-126,4832,1
18758,2671,2779,2725,-108,5450,1
18762,2505,2666,2585,-161,5171,1
18766,2274,2580,2427,-306,4854,1
18767,2617,2492,2554,125,5109,1
18768,2579,2535,2557,44,5114,1
18770,2438,2288,2363,150,4726,1
18775,2473,2353,2413,120,4826,1
18778,2347,2440,2393,-93,4787,1
18781,2702,2321,2511,381,5023,1
18783,2448,2354,2401,94,4802,1
18784,2469,2261,2365,208,4730,1
18788,2737,2773,2755,-36,5510,1
18789,2387,2416,2401,-29,4803,1
18797,2545,2589,2567,-44,5134,1
18802,2628,2235,2431,393,4863,1
18804,2691,2706,2698,-15,5397,1
18808,2475,2312,2393,163,4787,1
18812,2678,2582,2630,96,5260,1
18818,2368,2561,2464,-193,4929,1
18820,2483,2599,2541,-116,5082,1
18822,2436,2405,2420,31,4841,1
18825,2458,2427,2442,31,4885,1
18828,2672,2666,2669,6,5338,1
18831,2413,2337,2375,76,4750,1
18832,2324,2386,2355,-62,4710,1
18837,2665,2560,2612,105,5225,1
18838,2302,2430,2366,-128,4732,1
18841,2338,2351,2344,-13,4689,1
18846,2341,2401,2371,-60,4742,1
18854,2436,2382,2409,54,4818,1
18856,2638,2734,2686,-96,5372,1
18859,2548,2568,2558,-20,5116,1
18861,2305,2560,2432,-255,4865,1
18863,2358,2455,2406,-97,4813,1
18865,2414,2606,2510,-192,5020,1
18866,2489,2554,2521,-65,5043,1
18868,2563,2544,2553,19,5107,1
18871,2555,2550,2552,5,5105,1
18873,2383,2317,2350,66,4700,1
18878,2385,2331,2358,54,4716,1
18879,2495,2286,2390,209,4781,1
18880,2534,2480,2507,54,5014,1
18882,2810,2740,2775,70,5550,1
18884,2416,2563,2489,-147,4979,1
18887,2394,2563,2478,-169,4957,1
18888,2653,2531,2592,122,5184,1
18894,2437,2336,2386,101,4773,1
18895,2361,2580,2470,-219,4941,1
18896,2368,2508,2438,-140,4876,1
18897,2641,2535,2588,106,5176,1
18898,2504,2304,2404,200,4808,1
18900,2722,2725,2723,-3,5447,1
18901,2407,2551,2479,-144,4958,1
18905,2636,2668,2652,-32,5304,1
18909,2465,2513,2489,-48,4978,1
18912,2398,2423,2410,-25,4821,1
18913,2358,2524,2441,-166,4882,1
18914,2542,2639,2590,-97,5181,1
18916,2502,2618,2560,-116,5120,1
18917,2518,2374,2446,144,4892,1
18919,2543,2421,2482,122,4964,1
18929,2334,2527,2430,-193,4861,1
18930,2330,2378,2354,-48,4708,1
18932,2482,2272,2377,210,4754,1
18933,2645,2176,2410,469,4821,1
18937,2616,2664,2640,-48,5280,1
18939,2679,2742,2710,-63,5421,1
18940,2571,2389,2480,182,4960,1
18942,2436,2363,2399,73,4799,1
18943,2616,2418,2517,198,5034,1
18944,2658,2563,2610,95,5221,1
18948,2451,2602,2526,-151,5053,1
18949,2316,2402,2359,-86,4718,1
18951,2307,2409,2358,-102,4716,1
18952,2574,2405,2489,169,4979,1
18953,2447,2617,2532,-170,5064,1
18954,2559,2560,2559,-1,5119,1
18963,2510,2353,2431,157,4863,1
18971,2699,2606,2652,93,5305,1
18972,2559,2556,2557,3,5115,1
18976,2496,2339,2417,157,4835,1
18980,2301,2454,2377,-153,4755,1
18981,2341,2397,2369,-56,4738,1
18987,2664,2614,2639,50,5278,1
18997,2491,2442,2466,49,4933,1
19004,2613,2698,2655,-85,5311,1
19005,2601,2391,2496,210,4992,1
19012,2705,2511,2608,194,5216,1
19020,2471,2557,2514,-86,5028,1
19021,2548,2416,2482,132,4964,1
19022,2578,2397,2487,181,4975,1
19023,2298,2496,2397,-198,4794,1
19025,2345,2335,2340,10,4680,1
19026,2554,2555,2554,-1,5109,1
19027,2576,2285,2430,291,4861,1
19029,2501,2408,2454,93,4909,1
19033,2584,2630,2607,-46,5214,1
19034,2431,2626,2528,-195,5057,1
19038,2595,2374,2484,221,4969,1
19040,2489,2543,2516,-54,5032,1
19041,2570,2533,2551,37,5103,1
19043,2414,2501,2457,-87,4915,1
19045,2446,2485,2465,-39,4931,1
19046,2469,2502,2485,-33,4971,1
19051,2588,2302,2445,286,4890,1
19052,2678,2562,2620,116,5240,1
19055,2598,2438,2518,160,5036,1
19057,2413,2650,2531,-237,5063,1
19058,2351,2328,2339,23,4679,1
19061,2530,2524,2527,6,5054,1
19065,2413,2553,2483,-140,4966,1
19069,2762,2711,2736,51,5473,1
19070,2626,2571,2598,55,5197,1
19075,2481,2401,2441,80,4882,1
19077,2321,2529,2425,-208,4850,1
19082,2445,2431,2438,14,4876,1
19084,2293,2468,2380,-175,4761,1
19085,2663,2501,2582,162,5164,1
19086,2529,2445,2487,84,4974,1
19088,2519,2296,2407,223,4815,1
19090,2534,2380,2457,154,4914,1
19091,2313,2614,2463,-301,4927,1
19096,2520,2321,2420,199,4841,1
19101,2689,2648,2668,41,5337,1
19111,2417,2378,2397,39,4795,1
19114,2801,2706,2753,95,5507,1
19116,2299,2444,2371,-145,4743,1
19117,2389,2548,2468,-159,4937,1
19122,2632,2542,2587,90,5174,1
19124,2677,2459,2568,218,5136,1
19125,2692,2426,2559,266,5118,1
19130,2321,2515,2418,-194,4836,1
19132,2625,2380,2502,245,5005,1
19137,2332,2370,2351,-38,4702,1
19139,2326,2509,2417,-183,4835,1
19145,2625,2484,2554,141,5109,1
19146,2500,2531,2515,-31,5031,1
19150,2575,2544,2559,31,5119,1
19151,2378,2787,2582,-409,5165,1
19152,2429,2379,2404,50,4808,1
19158,2622,2406,2514,216,5028,1
19159,2753,2751,2752,2,5504,1
19164,2429,2559,2494,-130,4988,1
19166,2641,2645,2643,-4,5286,1
19168,2726,2816,2771,-90,5542,1
19169,2444,2450,2447,-6,4894,1
19171,2317,2472,2394,-155,4789,1
19182,2601,2450,2525,151,5051,1
19188,2722,2589,2655,133,5311,1
19189,2495,2501,2498,-6,4996,1
19192,2293,2579,2436,-286,4872,1
19195,2635,2567,2601,68,5202,1
19200,2638,2581,2609,57,5219,1
19201,2556,2696,2626,-140,5252,1
19203,2496,2666,2581,-170,5162,1
19207,2531,2515,2523,16,5046,1
19209,2486,2339,2412,147,4825,1
19210,2384,2320,2352,64,4704,1
19212,2568,2268,2418,300,4836,1
19216,2469,2376,2422,93,4845,1
19219,2498,2392,2445,106,4890,1
19229,2468,2446,2457,22,4914,1
19231,2526,2701,2613,-175,5227,1
19232,2498,2293,2395,205,4791,1
19234,2572,2383,2477,189,4955,1
19235,2661,2383,2522,278,5044,1
19238,2501,2507,2504,-6,5008,1
19241,2506,2338,2422,168,4844,1
19242,2338,2548,2443,-210,4886,1
19243,2731,2757,2744,-26,5488,1
19244,2682,2488,2585,194,5170,1
19246,2497,2498,2497,-1,4995,1
19251,2534,2316,2425,218,4850,1
19257,2700,2566,2633,134,5266,1
19259,2492,2619,2555,-127,5111,1
19262,2520,2624,2572,-104,5144,1
19265,2336,2418,2377,-82,4754,1
19275,2409,2357,2383,52,4766,1
19286,2670,2183,2426,487,4853,1
19287,2562,2276,2419,286,4838,1
19291,2482,2437,2459,45,4919,1
19295,2351,2456,2403,-105,4807,1
19296,2480,2310,2395,170,4790,1
19302,2383,2534,2458,-151,4917,1
19303,2270,2527,2398,-257,4797,1
19304,2526,2237,2381,289,4763,1
19305,2349,2427,2388,-78,4776,1
19312,2561,2520,2540,41,5081,1
19313,2480,2297,2388,183,4777,1
19324,2539,2645,2592,-106,5184,1
19328,2696,2642,2669,54,5338,1
19331,2773,2734,2753,39,5507,1
19335,2562,2710,2636,-148,5272,1
19340,2651,2657,2654,-6,5308,1
19342,2523,2245,2384,278,4768,1
19345,2560,2459,2509,101,5019,1
19346,2555,2240,2397,315,4795,1
19349,2407,2428,2417,-21,4835,1
19350,2686,2313,2499,373,4999,1
19353,2389,2464,2426,-75,4853,1
19357,2639,2606,2622,33,5245,1
19363,2289,2537,2413,-248,4826,1
19369,2342,2541,2441,-199,4883,1
19370,2320,2462,2391,-142,4782,1
19374,2435,2330,2382,105,4765,1
19376,2662,2363,2512,299,5025,1
19379,2696,2607,2651,89,5303,1
19385,2700,2245,2472,455,4945,1
19386,2358,2331,2344,27,4689,1
19387,2518,2619,2568,-101,5137,1
19394,2474,2276,2375,198,4750,1
19396,2435,2594,2514,-159,5029,1
19397,2503,2335,2419,168,4838,1
19400,2542,2393,2467,149,4935,1
19401,2335,2436,2385,-101,4771,1
19403,2522,2603,2562,-81,5125,1
19405,2320,2423,2371,-103,4743,1
19411,2643,2556,2599,87,5199,1
19417,2543,2605,2574,-62,5148,1
19419,2715,2707,2711,8,5422,1
19420,2305,2458,2381,-153,4763,1
19426,2572,2679,2625,-107,5251,1
19430,2608,2277,2442,331,4885,1
19431,2687,2617,2652,70,5304,1
19432,2597,2404,2500,193,5001,1
19433,2392,2377,2384,15,4769,1
19435,2651,2498,2574,153,5149,1
19440,2723,2721,2722,2,5444,1
19443,2577,2711,2644,-134,5288,1
19444,2674,2397,2535,277,5071,1
19447,2491,2491,2491,0,4982,1
19449,2397,2549,2473,-152,4946,1
19450,2572,2384,2478,188,4956,1
19454,2563,2620,2591,-57,5183,1
19467,2698,2733,2715,-35,5431,1
19469,2337,2347,2342,-10,4684,1
19477,2579,2277,2428,302,4856,1
19481,2457,2446,2451,11,4903,1
19483,2517,2333,2425,184,4850,1
19489,2721,2783,2752,-62,5504,1
19493,2442,2425,2433,17,4867,1
19495,2613,2478,2545,135,5091,1
19496,2485,2326,2405,159,4811,1
19498,2605,2495,2550,110,5100,1
19499,2754,2721,2737,33,5475,1
19503,2724,2565,2644,159,5289,1
19505,2399,2559,2479,-160,4958,1
19508,2560,2315,2437,245,4875,1
19510,2612,2543,2577,69,5155,1
19513,2427,2542,2484,-115,4969,1
19518,2278,2449,2363,-171,4727,1
19521,2625,2701,2663,-76,5326,1
19526,2685,2622,2653,63,5307,1
19527,2533,2635,2584,-102,5168,1
19528,2370,2435,2402,-65,4805,1
19530,2632,2656,2644,-24,5288,1
19532,2427,2528,2477,-101,4955,1
19536,2501,2606,2553,-105,5107,1
19537,2468,2314,2391,154,4782,1
19539,2411,2461,2436,-50,4872,1
19540,2432,2440,2436,-8,4872,1
19541,2359,2421,2390,-62,4780,1
19543,2650,2614,2632,36,5264,1
19545,2509,2456,2482,53,4965,1
19547,2567,2629,2598,-62,5196,1
19549,2412,2386,2399,26,4798,1
19558,2490,2453,2471,37,4943,1
19561,2374,2390,2382,-16,4764,1
19563,2562,2300,2431,262,4862,1
19567,2553,2320,2436,233,4873,1
19569,2457,2362,2409,95,4819,1
19572,2648,2380,2514,268,5028,1
19573,2579,2442,2510,137,5021,1
19575,2354,2459,2406,-105,4813,1
19577,2286,2451,2368,-165,4737,1
19580,2464,2385,2424,79,4849,1
19583,2610,2504,2557,106,5114,1
19586,2502,2524,2513,-22,5026,1
19589,2458,2526,2492,-68,4984,1
19590,2376,2629,2502,-253,5005,1
19593,2288,2441,2364,-153,4729,1
19597,2398,2729,2563,-331,5127,1
19598,2315,2447,2381,-132,4762,1
19603,2312,2499,2405,-187,4811,1
19604,2610,2620,2615,-10,5230,1
19605,2612,2582,2597,30,5194,1
19610,2536,2422,2479,114,4958,1
19611,2332,2663,2497,-331,4995,1
19614,2778,2684,2731,94,5462,1
19615,2524,2340,2432,184,4864,1
19617,2358,2371,2364,-13,4729,1
19619,2317,2412,2364,-95,4729,1
19621,2567,2359,2463,208,4926,1
19622,2345,2339,2342,6,4684,1
19626,2459,2556,2507,-97,5015,1
19627,2379,2618,2498,-239,4997,1
19628,2406,2304,2355,102,4710,1
19629,2312,2540,2426,-228,4852,1
19630,2471,2340,2405,131,4811,1
19631,2401,2457,2429,-56,4858,1
19636,2545,2511,2528,34,5056,1
19637,2388,2521,2454,-133,4909,1
19640,2433,2470,2451,-37,4903,1
19641,2405,2592,2498,-187,4997,1
19646,2527,2282,2404,245,4809,1
19647,2327,2518,2422,-191,4845,1
19648,2763,2548,2655,215,5311,1
19652,2546,2775,2660,-229,5321,1
19653,2554,2480,2517,74,5034,1
19655,2429,2452,2440,-23,4881,1
19657,2709,2801,2755,-92,5510,1
19658,2679,2617,2648,62,5296,1
19663,2707,2163,2435,544,4870,1
19665,2566,2412,2489,154,4978,1
19666,2622,2657,2639,-35,5279,1
19668,2544,2637,2590,-93,5181,1
19669,2309,2457,2383,-148,4766,1
19671,2538,2485,2511,53,5023,1
19673,2452,2275,2363,177,4727,1
19674,2300,2423,2361,-123,4723,1
19678,2460,2402,2431,58,4862,1
19679,2433,2559,2496,-126,4992,1
19680,2287,2565,2426,-278,4852,1
19686,2430,2363,2396,67,4793,1
19690,2414,2339,2376,75,4753,1
19698,2496,2358,2427,138,4854,1
19700,2698,2261,2479,437,4959,1
19701,2499,2421,2460,78,4920,1
19702,2738,2525,2631,213,5263,1
19705,2537,2575,2556,-38,5112,1
19716,2641,2571,2606,70,5212,1
19718,2707,2555,2631,152,5262,1
19724,2326,2352,2339,-26,4678,1
19727,2642,2589,2615,53,5231,1
19730,2499,2483,2491,16,4982,1
19740,2612,2641,2626,-29,5253,1
19742,2274,2579,2426,-305,4853,1
19743,2338,2468,2403,-130,4806,1
19744,2284,2523,2403,-239,4807,1
19746,2523,2518,2520,5,5041,1
19748,2734,2763,2748,-29,5497,1
19750,2514,2405,2459,109,4919,1
19751,2554,2557,2555,-3,5111,1
19752,2594,2642,2618,-48,5236,1
19754,2344,2455,2399,-111,4799,1
19755,2654,2177,2415,477,4831,1
19757,2527,2248,2387,279,4775,1
19758,2555,2389,2472,166,4944,1
19762,2525,2565,2545,-40,5090,1
19763,2621,2687,2654,-66,5308,1
19764,2727,2577,2652,150,5304,1
19765,2433,2402,2417,31,4835,1
19768,2439,2582,2510,-143,5021,1
19772,2493,2372,2432,121,4865,1
19774,2404,2663,2533,-259,5067,1
19777,2562,2276,2419,286,4838,1
19785,2376,2346,2361,30,4722,1
19787,2335,2543,2439,-208,4878,1
19790,2455,2674,2564,-219,5129,1
19794,2625,2699,2662,-74,5324,1
19797,2518,2404,2461,114,4922,1
19798,2379,2510,2444,-131,4889,1
19803,2528,2434,2481,94,4962,1
19804,2530,2334,2432,196,4864,1
19806,2522,2631,2576,-109,5153,1
19807,2368,2470,2419,-102,4838,1
19809,2616,2660,2638,-44,5276,1
19814,2495,2601,2548,-106,5096,1
19815,2455,2574,2514,-119,5029,1
19820,2460,2448,2454,12,4908,1
19822,2281,2550,2415,-269,4831,1
19823,2586,2435,2510,151,5021,1
19826,2394,2466,2430,-72,4860,1
19834,2439,2314,2376,125,4753,1
19835,2701,2616,2658,85,5317,1
19838,2502,2475,2488,27,4977,1
19843,2300,2532,2416,-232,4832,1
19844,2338,2489,2413,-151,4827,1
19845,2577,2233,2405,344,4810,1
19846,2313,2406,2359,-93,4719,1
19847,2546,2247,2396,299,4793,1
19850,2554,2461,2507,93,5015,1
19852,2722,2562,2642,160,5284,1
19853,2320,2460,2390,-140,4780,1
19854,2413,2641,2527,-228,5054,1
19858,2473,2373,2423,100,4846,1
19859,2668,2697,2682,-29,5365,1
19861,2391,2443,2417,-52,4834,1
19862,2557,2336,2446,221,4893,1
19865,2572,2391,2481,181,4963,1
19873,2614,2305,2459,309,4919,1
19877,2546,2683,2614,-137,5229,1
19879,2519,2705,2612,-186,5224,1
19880,2526,2625,2575,-99,5151,1
19883,2552,2461,2506,91,5013,1
19884,2677,2580,2628,97,5257,1
19888,2580,2655,2617,-75,5235,1
19890,2507,2560,2533,-53,5067,1
19891,2497,2375,2436,122,4872,1
19892,2373,2591,2482,-218,4964,1
19896,2472,2547,2509,-75,5019,1
19903,2300,2578,2439,-278,4878,1
19905,2539,2422,2480,117,4961,1
19906,2283,2469,2376,-186,4752,1
19908,2318,2572,2445,-254,4890,1
19911,2565,2448,2506,117,5013,1
19912,2394,2506,2450,-112,4900,1
19913,2565,2610,2587,-45,5175,1
19915,2322,2547,2434,-225,4869,1
19920,2466,2742,2604,-276,5208,1
19925,2534,2325,2429,209,4859,1
19932,2624,2700,2662,-76,5324,1
19933,2535,2403,2469,132,4938,1
19934,2311,2582,2446,-271,4893,1
19936,2496,2499,2497,-3,4995,1
19937,2506,2708,2607,-202,5214,1
19938,2276,2471,2373,-195,4747,1
19940,2589,2470,2529,119,5059,1
19947,2378,2406,2392,-28,4784,1
19948,2480,2286,2383,194,4766,1
19949,2477,2437,2457,40,4914,1
19950,2451,2554,2502,-103,5005,1
19953,2489,2391,2440,98,4880,1
19954,2407,2511,2459,-104,4918,1
19955,2312,2488,2400,-176,4800,1
19957,2290,2576,2433,-286,4866,1
19960,2489,2310,2399,179,4799,1
19961,2547,2499,2523,48,5046,1
19963,2502,2502,2502,0,5004,1
19967,2405,2341,2373,64,4746,1
19977,2742,2720,2731,22,5462,1
19978,2545,2616,2580,-71,5161,1
19983,2529,2438,2483,91,4967,1
19985,2529,2302,2415,227,4831,1
19987,2739,2503,2621,236,5242,1
19994,2310,2457,2383,-147,4767,1
19997,2394,2414,2404,-20,4808,1
19998,2401,2376,2388,25,4777,1
20002,2656,2689,2672,-33,5345,1
20004,2577,2539,2558,38,5116,1
20013,2498,2306,2402,192,4804,1
20020,2625,2602,2613,23,5227,1
20021,2526,2548,2537,-22,5074,1
20022,2442,2299,2370,143,4741,1
20025,2469,2360,2414,109,4829,1
20027,2531,2250,2390,281,4781,1
20032,2429,2473,2451,-44,4902,1
20033,2520,2480,2500,40,5000,1
20034,2490,2458,2474,32,4948,1
20040,2443,2556,2499,-113,4999,1
20041,2550,2481,2515,69,5031,1
20042,2639,2537,2588,102,5176,1
20043,2648,2469,2558,179,5117,1
20044,2302,2483,2392,-181,4785,1
20050,2666,2580,2623,86,5246,1
20051,2466,2321,2393,145,4787,1
20052,2481,2410,2445,71,4891,1
20058,2435,2300,2367,135,4735,1
20060,2616,2560,2588,56,5176,1
20062,2620,2441,2530,179,5061,1
20064,2582,2489,2535,93,5071,1
20069,2674,2488,2581,186,5162,1
20070,2335,2606,2470,-271,4941,1
20072,2499,2385,2442,114,4884,1
20075,2496,2427,2461,69,4923,1
20077,2449,2613,2531,-164,5062,1
20079,2604,2692,2648,-88,5296,1
20090,2382,2564,2473,-182,4946,1
20091,2539,2410,2474,129,4949,1
20096,2381,2634,2507,-253,5015,1
20097,2466,2316,2391,150,4782,1
20100,2352,2367,2359,-15,4719,1
20105,2475,2501,2488,-26,4976,1
20107,2464,2380,2422,84,4844,1
20110,2456,2335,2395,121,4791,1
20111,2464,2363,2413,101,4827,1
20119,2247,2583,2415,-336,4830,1
20125,2723,2745,2734,-22,5468,1
20134,2386,2506,2446,-120,4892,1
20136,2552,2354,2453,198,4906,1
20137,2452,2537,2494,-85,4989,1
20138,2581,2598,2589,-17,5179,1
20139,2454,2412,2433,42,4866,1
20141,2556,2533,2544,23,5089,1
20144,2691,2570,2630,121,5261,1
20151,2369,2457,2413,-88,4826,1
20152,2254,2525,2389,-271,4779,1
20157,2658,2486,2572,172,5144,1
20160,2440,2402,2421,38,4842,1
20162,2663,2654,2658,9,5317,1
20166,2497,2326,2411,171,4823,1
20171,2474,2416,2445,58,4890,1
20173,2346,2331,2338,15,4677,1
20174,2515,2531,2523,-16,5046,1
20175,2539,2311,2425,228,4850,1
20190,2416,2358,2387,58,4774,1
20196,2586,2544,2565,42,5130,1
20197,2351,2321,2336,30,4672,1
20198,2493,2607,2550,-114,5100,1
20199,2475,2318,2396,157,4793,1
20202,2392,2601,2496,-209,4993,1
20203,2632,2519,2575,113,5151,1
20209,2648,2619,2633,29,5267,1
20210,2364,2330,2347,34,4694,1
20212,2400,2527,2463,-127,4927,1
20213,2450,2288,2369,162,4738,1
20214,2549,2655,2602,-106,5204,1
20217,2717,2726,2721,-9,5443,1
20222,2635,2594,2614,41,5229,1
20223,2284,2461,2372,-177,4745,1
20224,2389,2412,2400,-23,4801,1
20227,2418,2368,2393,50,4786,1
20229,2652,2553,2602,99,5205,1
20237,2365,2485,2425,-120,4850,1
20238,2557,2542,2549,15,5099,1
20239,2427,2326,2376,101,4753,1
20243,2635,2679,2657,-44,5314,1
20246,2561,2402,2481,159,4963,1
20250,2510,2402,2456,108,4912,1
20251,2540,2258,2399,282,4798,1
20255,2458,2479,2468,-21,4937,1
20256,2412,2409,2410,3,4821,1
20257,2487,2387,2437,100,4874,1
20260,2426,2579,2502,-153,5005,1
20263,2554,2389,2471,165,4943,1
20264,2363,2567,2465,-204,4930,1
20265,2633,2526,2579,107,5159,1
20267,2313,2495,2404,-182,4808,1
20272,2631,2244,2437,387,4875,1
20276,2358,2328,2343,30,4686,1
20281,2299,2434,2366,-135,4733,1
20287,2460,2486,2473,-26,4946,1
20296,2367,2460,2413,-93,4827,1
20301,2258,2501,2379,-243,4759,1
20303,2593,2329,2461,264,4922,1
20304,2571,2513,2542,58,5084,1
20305,2475,2625,2550,-150,5100,1
20307,2522,2336,2429,186,4858,1
20309,2428,2423,2425,5,4851,1
20312,2470,2595,2532,-125,5065,1
20314,2525,2376,2450,149,4901,1
20318,2547,2487,2517,60,5034,1
20319,2429,2429,2429,0,4858,1
20322,2638,2502,2570,136,5140,1
20324,2409,2470,2439,-61,4879,1
20325,2572,2568,2570,4,5140,1
20330,2465,2337,2401,128,4802,1
20334,2368,2622,2495,-254,4990,1
20337,2296,2458,2377,-162,4754,1
20342,2442,2389,2415,53,4831,1
20355,2399,2460,2429,-61,4859,1
20359,2370,2345,2357,25,4715,1
20360,2766,2748,2757,18,5514,1
20362,2347,2616,2481,-269,4963,1
20366,2511,2410,2460,101,4921,1
20370,2610,2704,2657,-94,5314,1
20378,2451,2369,2410,82,4820,1
20382,2466,2556,2511,-90,5022,1
20383,2488,2357,2422,131,4845,1
20384,2568,2446,2507,122,5014,1
20392,2501,2709,2605,-208,5210,1
20393,2554,2517,2535,37,5071,1
20397,2526,2246,2386,280,4772,1
20400,2464,2632,2548,-168,5096,1
20408,2504,2452,2478,52,4956,1
20410,2433,2400,2416,33,4833,1
20412,2646,2664,2655,-18,5310,1
20414,2619,2312,2465,307,4931,1
20420,2472,2426,2449,46,4898,1
20424,2602,2710,2656,-108,5312,1
20425,2376,2607,2491,-231,4983,1
20426,2310,2459,2384,-149,4769,1
20431,2779,2548,2663,231,5327,1
20437,2655,2252,2453,403,4907,1
20439,2478,2358,2418,120,4836,1
20443,2507,2571,2539,-64,5078,1
20446,2370,2786,2578,-416,5156,1
20451,2290,2629,2459,-339,4919,1
20453,2511,2377,2444,134,4888,1
20455,2460,2446,2453,14,4906,1
20460,2314,2462,2388,-148,4776,1
20461,2282,2448,2365,-166,4730,1
20465,2518,2639,2578,-121,5157,1
20467,2426,2325,2375,101,4751,1
20471,2383,2569,2476,-186,4952,1
20475,2524,2589,2556,-65,5113,1
20478,2753,2864,2808,-111,5617,1
20479,2531,2447,2489,84,4978,1
20482,2402,2331,2366,71,4733,1
20485,2523,2376,2449,147,4899,1
20486,2658,2680,2669,-22,5338,1
20491,2723,2632,2677,91,5355,1
20493,2383,2603,2493,-220,4986,1
20497,2580,2293,2436,287,4873,1
20499,2486,2628,2557,-142,5114,1
20501,2517,2285,2401,232,4802,1
20503,2436,2477,2456,-41,4913,1
20507,2347,2591,2469,-244,4938,1
20508,2327,2367,2347,-40,4694,1
20512,2531,2362,2446,169,4893,1
20513,2744,2772,2758,-28,5516,1
20516,2707,2185,2446,522,4892,1
20529,2678,2743,2710,-65,5421,1
20530,2587,2630,2608,-43,5217,1
20547,2578,2359,2468,219,4937,1
20548,2599,2614,2606,-15,5213,1
20554,2338,2480,2409,-142,4818,1
20557,2400,2594,2497,-194,4994,1
20559,2493,2493,2493,0,4986,1
20566,2650,2542,2596,108,5192,1
20570,2328,2517,2422,-189,4845,1
20572,2354,2576,2465,-222,4930,1
20573,2446,2503,2474,-57,4949,1
20585,2551,2414,2482,137,4965,1
20588,2530,2333,2431,197,4863,1
20589,2341,2491,2416,-150,4832,1
20590,2500,2402,2451,98,4902,1
20591,2520,2573,2546,-53,5093,1
20596,2583,2281,2432,302,4864,1
20599,2650,2723,2686,-73,5373,1
20607,2528,2358,2443,170,4886,1
20611,2274,2460,2367,-186,4734,1
20612,2525,2570,2547,-45,5095,1
20618,2604,2268,2436,336,4872,1
20620,2353,2323,2338,30,4676,1
20623,2493,2556,2524,-63,5049,1
20629,2354,2581,2467,-227,4935,1
20636,2386,2598,2492,-212,4984,1
20637,2698,2296,2497,402,4994,1
20640,2325,2557,2441,-232,4882,1
20643,2428,2403,2415,25,4831,1
20649,2567,2483,2525,84,5050,1
20650,2338,2410,2374,-72,4748,1
20651,2316,2628,2472,-312,4944,1
20652,2522,2481,2501,41,5003,1
20653,2650,2621,2635,29,5271,1
20654,2716,2564,2640,152,5280,1
20657,2357,2634,2495,-277,4991,1
20659,2575,2352,2463,223,4927,1
20661,2568,2461,2514,107,5029,1
20663,2640,2474,2557,166,5114,1
20665,2478,2341,2409,137,4819,1
20667,2398,2435,2416,-37,4833,1
20670,2272,2478,2375,-206,4750,1
20672,2792,2771,2781,21,5563,1
20673,2786,2775,2780,11,5561,1
20681,2652,2643,2647,9,5295,1
20690,2663,2837,2750,-174,5500,1
20691,2460,2453,2456,7,4913,1
20692,2596,2497,2546,99,5093,1
20694,2495,2430,2462,65,4925,1
20696,2712,2661,2686,51,5373,1
20702,2337,2355,2346,-18,4692,1
20707,2287,2431,2359,-144,4718,1
20714,2509,2432,2470,77,4941,1
20721,2606,2723,2664,-117,5329,1
20725,2425,2370,2397,55,4795,1
20729,2520,2655,2587,-135,5175,1
20731,2328,2452,2390,-124,4780,1
20732,2472,2358,2415,114,4830,1
20735,2500,2501,2500,-1,5001,1
20739,2399,2331,2365,68,4730,1
20740,2349,2480,2414,-131,4829,1
20751,2317,2412,2364,-95,4729,1
20752,2698,2642,2670,56,5340,1
20753,2394,2581,2487,-187,4975,1
20766,2565,2299,2432,266,4864,1
20768,2656,2492,2574,164,5148,1
20769,2593,2703,2648,-110,5296,1
20771,2360,2647,2503,-287,5007,1
20773,2397,2447,2422,-50,4844,1
20775,2701,2647,2674,54,5348,1
20776,2327,2473,2400,-146,4800,1
20778,2722,2622,2672,100,5344,1
20780,2393,2472,2432,-79,4865,1
20783,2307,2505,2406,-198,4812,1
20785,2395,2430,2412,-35,4825,1
20788,2381,2551,2466,-170,4932,1
20790,2528,2408,2468,120,4936,1
20791,2616,2789,2702,-173,5405,1
20792,2517,2233,2375,284,4750,1
20795,2608,2640,2624,-32,5248,1
20798,2610,2462,2536,148,5072,1
20800,2326,2485,2405,-159,4811,1
20804,2338,2520,2429,-182,4858,1
20807,2599,2634,2616,-35,5233,1
20815,2569,2512,2540,57,5081,1
20818,2397,2347,2372,50,4744,1
20820,2379,2394,2386,-15,4773,1
20821,2495,2282,2388,213,4777,1
20835,2713,2734,2723,-21,5447,1
20837,2471,2509,2490,-38,4980,1
20838,2717,2662,2689,55,5379,1
20839,2481,2371,2426,110,4852,1
20846,2516,2649,2582,-133,5165,1
20851,2613,2815,2714,-202,5428,1
20853,2513,2372,2442,141,4885,1
20854,2531,2329,2430,202,4860,1
20857,2501,2565,2533,-64,5066,1
20858,2282,2479,2380,-197,4761,1
20860,2574,2260,2417,314,4834,1
20867,2425,2631,2528,-206,5056,1
20868,2545,2391,2468,154,4936,1
20869,2442,2366,2404,76,4808,1
20870,2454,2501,2477,-47,4955,1
20871,2436,2584,2510,-148,5020,1
20872,2465,2277,2371,188,4742,1
20875,2421,2644,2532,-223,5065,1
20876,2451,2655,2553,-204,5106,1
20881,2535,2605,2570,-70,5140,1
20884,2474,2342,2408,132,4816,1
20892,2417,2321,2369,96,4738,1
20894,2513,2539,2526,-26,5052,1
20896,2514,2402,2458,112,4916,1
20899,2621,2613,2617,8,5234,1
20900,2309,2424,2366,-115,4733,1
20901,2355,2511,2433,-156,4866,1
20911,2553,2440,2496,113,4993,1
20915,2338,2661,2499,-323,4999,1
20916,2410,2470,2440,-60,4880,1
20918,2630,2215,2422,415,4845,1
20925,2215,2590,2402,-375,4805,1
20927,2390,2643,2516,-253,5033,1
20930,2584,2567,2575,17,5151,1
20931,2604,2455,2529,149,5059,1
20933,2554,2698,2626,-144,5252,1
20936,2692,2654,2673,38,5346,1
20941,2602,2543,2572,59,5145,1
20948,2724,2628,2676,96,5352,1
20952,2520,2266,2393,254,4786,1
20953,2402,2360,2381,42,4762,1
20954,2346,2378,2362,-32,4724,1
20960,2598,2265,2431,333,4863,1
20961,2555,2530,2542,25,5085,1
20965,2585,2317,2451,268,4902,1
20967,2562,2634,2598,-72,5196,1
20973,2743,2678,2710,65,5421,1
20975,2533,2333,2433,200,4866,1
20980,2322,2384,2353,-62,4706,1
20981,2640,2569,2604,71,5209,1
20984,2359,2471,2415,-112,4830,1
20987,2590,2484,2537,106,5074,1
20988,2414,2662,2538,-248,5076,1
20990,2642,2671,2656,-29,5313,1
20992,2521,2488,2504,33,5009,1
20999,2371,2433,2402,-62,4804,1
21001,2323,2442,2382,-119,4765,1
21003,2501,2297,2399,204,4798,1
21006,2271,2489,2380,-218,4760,1
21011,2459,2595,2527,-136,5054,1
21016,2602,2476,2539,126,5078,1
21017,2793,2779,2786,14,5572,1
21018,2301,2447,2374,-146,4748,1
21019,2617,2295,2456,322,4912,1
21024,2625,2658,2641,-33,5283,1
21028,2538,2579,2558,-41,5117,1
21029,2664,2704,2684,-40,5368,1
21037,2526,2533,2529,-7,5059,1
21041,2482,2524,2503,-42,5006,1
21042,2358,2409,2383,-51,4767,1
21043,2520,2479,2499,41,4999,1
21049,2438,2441,2439,-3,4879,1
21054,2367,2485,2426,-118,4852,1
21056,2360,2450,2405,-90,4810,1
21059,2446,2501,2473,-55,4947,1
21061,2371,2431,2401,-60,4802,1
21062,2366,2506,2436,-140,4872,1
21065,2681,2596,2638,85,5277,1
21070,2551,2528,2539,23,5079,1
21071,2331,2447,2389,-116,4778,1
21072,2422,2519,2470,-97,4941,1
21075,2332,2416,2374,-84,4748,1
21079,2424,2481,2452,-57,4905,1
21089,2392,2537,2464,-145,4929,1
21095,2501,2380,2440,121,4881,1
21098,2508,2517,2512,-9,5025,1
21099,2296,2586,2441,-290,4882,1
21102,2698,2733,2715,-35,5431,1
21109,2663,2598,2630,65,5261,1
21110,2741,2772,2756,-31,5513,1
21111,2596,2252,2424,344,4848,1
21112,2696,2651,2673,45,5347,1
21114,2672,2488,2580,184,5160,1
21115,2327,2482,2404,-155,4809,1
21119,2477,2387,2432,90,4864,1
21120,2501,2527,2514,-26,5028,1
21121,2379,2376,2377,3,4755,1
21126,2417,2339,2378,78,4756,1
21127,2672,2746,2709,-74,5418,1
21128,2268,2484,2376,-216,4752,1
21131,2341,2458,2399,-117,4799,1
21133,2371,2315,2343,56,4686,1
21138,2351,2561,2456,-210,4912,1
21139,2384,2333,2358,51,4717,1
21140,2408,2484,2446,-76,4892,1
21141,2782,2753,2767,29,5535,1
21142,2612,2499,2555,113,5111,1
21143,2427,2419,2423,8,4846,1
21144,2335,2458,2396,-123,4793,1
21146,2508,2453,2480,55,4961,1
21148,2280,2506,2393,-226,4786,1
21150,2567,2697,2632,-130,5264,1
21151,2713,2712,2712,1,5425,1
21154,2805,2768,2786,37,5573,1
21158,2556,2329,2442,227,4885,1
21163,2460,2520,2490,-60,4980,1
21164,2371,2646,2508,-275,5017,1
21165,2518,2620,2569,-102,5138,1
21172,2618,2740,2679,-122,5358,1
21177,2338,2397,2367,-59,4735,1
21178,2362,2407,2384,-45,4769,1
21185,2686,2559,2622,127,5245,1
21192,2279,2461,2370,-182,4740,1
21195,2560,2442,2501,118,5002,1
21196,2654,2549,2601,105,5203,1
21197,2497,2444,2470,53,4941,1
21199,2598,2389,2493,209,4987,1
21200,2237,2759,2498,-522,4996,1
21201,2585,2606,2595,-21,5191,1
21208,2503,2532,2517,-29,5035,1
21209,2265,2561,2413,-296,4826,1
21210,2328,2551,2439,-223,4879,1
21212,2481,2590,2535,-109,5071,1
21215,2662,2653,2657,9,5315,1
21222,2637,2436,2536,201,5073,1
21225,2708,2731,2719,-23,5439,1
21234,2573,2297,2435,276,4870,1
21238,2663,2667,2665,-4,5330,1
21241,2244,2527,2385,-283,4771,1
21244,2386,2602,2494,-216,4988,1
21247,2533,2355,2444,178,4888,1
21248,2332,2471,2401,-139,4803,1
21250,2516,2434,2475,82,4950,1
21251,2434,2322,2378,112,4756,1
21257,2433,2372,2402,61,4805,1
21259,2442,2381,2411,61,4823,1
21265,2508,2655,2581,-147,5163,1
21267,2524,2419,2471,105,4943,1
21273,2475,2408,2441,67,4883,1
21274,2699,2710,2704,-11,5409,1
21280,2448,2381,2414,67,4829,1
21287,2503,2331,2417,172,4834,1
21288,2330,2541,2435,-211,4871,1
21293,2377,2498,2437,-121,4875,1
21295,2615,2580,2597,35,5195,1
21296,2619,2707,2663,-88,5326,1
21300,2359,2423,2391,-64,4782,1
21308,2572,2526,2549,46,5098,1
21311,2588,2393,2490,195,4981,1
21318,2359,2462,2410,-103,4821,1
21319,2289,2434,2361,-145,4723,1
21320,2301,2555,2428,-254,4856,1
21322,2506,2253,2379,253,4759,1
21324,2448,2352,2400,96,4800,1
21329,2755,2611,2683,144,5366,1
21331,2312,2494,2403,-182,4806,1
21332,2405,2430,2417,-25,4835,1
21333,2508,2285,2396,223,4793,1
21339,2522,2386,2454,136,4908,1
21341,2323,2414,2368,-91,4737,1
21345,2676,2624,2650,52,5300,1
21348,2253,2531,2392,-278,4784,1
21353,2482,2445,2463,37,4927,1
21354,2421,2547,2484,-126,4968,1
21363,2632,2428,2530,204,5060,1
21364,2630,2344,2487,286,4974,1
21366,2456,2472,2464,-16,4928,1
21369,2665,2655,2660,10,5320,1
21372,2689,2407,2548,282,5096,1
21375,2716,2584,2650,132,5300,1
21376,2792,2628,2710,164,5420,1
21378,2475,2562,2518,-87,5037,1
21381,2480,2650,2565,-170,5130,1
21382,2370,2573,2471,-203,4943,1
21388,2723,2783,2753,-60,5506,1
21389,2518,2277,2397,241,4795,1
21390,2492,2382,2437,110,4874,1
21392,2254,2580,2417,-326,4834,1
21395,2543,2436,2489,107,4979,1
21397,2656,2628,2642,28,5284,1
21399,2504,2318,2411,186,4822,1
21401,2371,2532,2451,-161,4903,1
21402,2496,2507,2501,-11,5003,1
21406,2312,2454,2383,-142,4766,1
21407,2287,2531,2409,-244,4818,1
21409,2324,2364,2344,-40,4688,1
21412,2502,2639,2570,-137,5141,1
21413,2442,2567,2504,-125,5009,1
21419,2492,2650,2571,-158,5142,1
21421,2521,2622,2571,-101,5143,1
21422,2507,2439,2473,68,4946,1
21423,2522,2282,2402,240,4804,1
21424,2333,2388,2360,-55,4721,1
21426,2343,2328,2335,15,4671,1
21427,2264,2547,2405,-283,4811,1
21430,2698,2461,2579,237,5159,1
21438,2395,2435,2415,-40,4830,1
21445,2223,2596,2409,-373,4819,1
21446,2770,2599,2684,171,5369,1
21449,2636,2509,2572,127,5145,1
21450,2522,2577,2549,-55,5099,1
21451,2438,2325,2381,113,4763,1
21455,2506,2402,2454,104,4908,1
21456,2423,2492,2457,-69,4915,1
21458,2341,2367,2354,-26,4708,1
21460,2306,2601,2453,-295,4907,1
21461,2426,2660,2543,-234,5086,1
21462,2586,2224,2405,362,4810,1
21464,2500,2252,2376,248,4752,1
21466,2378,2614,2496,-236,4992,1
21467,2413,2584,2498,-171,4997,1
21470,2590,2375,2482,215,4965,1
21471,2517,2530,2523,-13,5047,1
21474,2688,2482,2585,206,5170,1
21478,2427,2502,2464,-75,4929,1
21480,2455,2430,2442,25,4885,1
21481,2496,2550,2523,-54,5046,1
21487,2685,2397,2541,288,5082,1
21490,2578,2441,2509,137,5019,1
21491,2624,2471,2547,153,5095,1
21493,2438,2275,2356,163,4713,1
21495,2457,2441,2449,16,4898,1
21496,2424,2450,2437,-26,4874,1
21498,2506,2271,2388,235,4777,1
21501,2476,2549,2512,-73,5025,1
21503,2343,2428,2385,-85,4771,1
21506,2544,2551,2547,-7,5095,1
21507,2286,2537,2411,-251,4823,1
21511,2481,2508,2494,-27,4989,1
21512,2355,2408,2381,-53,4763,1
21515,2565,2514,2539,51,5079,1
21517,2387,2523,2455,-136,4910,1
21519,2675,2546,2610,129,5221,1
21523,2582,2548,2565,34,5130,1
21529,2430,2445,2437,-15,4875,1
21530,2524,2504,2514,20,5028,1
21534,2323,2583,2453,-260,4906,1
21539,2434,2455,2444,-21,4889,1
21545,2369,2488,2428,-119,4857,1
21546,2724,2631,2677,93,5355,1
21549,2562,2693,2627,-131,5255,1
21551,2457,2467,2462,-10,4924,1
21554,2562,2326,2444,236,4888,1
21565,2496,2363,2429,133,4859,1
21569,2367,2526,2446,-159,4893,1
21573,2646,2524,2585,122,5170,1
21580,2596,2399,2497,197,4995,1
21583,2737,2723,2730,14,5460,1
21584,2432,2704,2568,-272,5136,1
21588,2404,2583,2493,-179,4987,1
21594,2374,2446,2410,-72,4820,1
21596,2331,2463,2397,-132,4794,1
21597,2522,2404,2463,118,4926,1
21598,2693,2607,2650,86,5300,1
21603,2684,2440,2562,244,5124,1
21615,2449,2313,2381,136,4762,1
21616,2356,2386,2371,-30,4742,1
21618,2389,2390,2389,-1,4779,1
21620,2651,2683,2667,-32,5334,1
21623,2321,2560,2440,-239,4881,1
21628,2439,2329,2384,110,4768,1
21633,2582,2505,2543,77,5087,1
21634,2772,2702,2737,70,5474,1
21640,2522,2454,2488,68,4976,1
21642,2384,2571,2477,-187,4955,1
21643,2611,2531,2571,80,5142,1
21644,2388,2321,2354,67,4709,1
21645,2651,2734,2692,-83,5385,1
21651,2556,2533,2544,23,5089,1
21654,2251,2659,2455,-408,4910,1
21660,2678,2633,2655,45,5311,1
21662,2329,2512,2420,-183,4841,1
21664,2384,2647,2515,-263,5031,1
21666,2547,2514,2530,33,5061,1
21667,2609,2558,2583,51,5167,1
21668,2459,2581,2520,-122,5040,1
21670,2329,2354,2341,-25,4683,1
21673,2497,2435,2466,62,4932,1
21680,2565,2334,2449,231,4899,1
21681,2385,2503,2444,-118,4888,1
21682,2409,2564,2486,-155,4973,1
21688,2659,2430,2544,229,5089,1
21692,2389,2647,2518,-258,5036,1
21697,2459,2443,2451,16,4902,1
21699,2439,2506,2472,-67,4945,1
21701,2663,2636,2649,27,5299,1
21703,2516,2532,2524,-16,5048,1
21704,2354,2531,2442,-177,4885,1
21708,2368,2380,2374,-12,4748,1
21710,2545,2489,2517,56,5034,1
21712,2458,2368,2413,90,4826,1
21716,2494,2269,2381,225,4763,1
21719,2517,2243,2380,274,4760,1
21721,2285,2533,2409,-248,4818,1
21722,2347,2524,2435,-177,4871,1
21723,2351,2388,2369,-37,4739,1
21724,2440,2641,2540,-201,5081,1
21725,2498,2290,2394,208,4788,1
21726,2474,2320,2397,154,4794,1
21728,2526,2308,2417,218,4834,1
21730,2651,2630,2640,21,5281,1
21731,2496,2516,2506,-20,5012,1
21733,2418,2481,2449,-63,4899,1
21738,2637,2579,2608,58,5216,1
21739,2468,2416,2442,52,4884,1
21741,2484,2373,2428,111,4857,1
21744,2613,2692,2652,-79,5305,1
21748,2613,2442,2527,171,5055,1
21750,2647,2570,2608,77,5217,1
21751,2531,2409,2470,122,4940,1
21754,2651,2620,2635,31,5271,1
21755,2459,2615,2537,-156,5074,1
21762,2424,2374,2399,50,4798,1
21763,2520,2569,2544,-49,5089,1
21778,2684,2773,2728,-89,5457,1
21781,2634,2455,2544,179,5089,1
21784,2493,2406,2449,87,4899,1
21786,2606,2453,2529,153,5059,1
21787,2731,2772,2751,-41,5503,1
21794,2359,2621,2490,-262,4980,1
21800,2711,2482,2596,229,5193,1
21801,2376,2337,2356,39,4713,1
21803,2426,2442,2434,-16,4868,1
21804,2321,2371,2346,-50,4692,1
21806,2550,2304,2427,246,4854,1
21808,2490,2401,2445,89,4891,1
21812,2411,2421,2416,-10,4832,1
21814,2553,2560,2556,-7,5113,1
21821,2447,2616,2531,-169,5063,1
21824,2529,2350,2439,179,4879,1
21826,2447,2565,2506,-118,5012,1
21832,2498,2290,2394,208,4788,1
21833,2436,2321,2378,115,4757,1
21836,2639,2469,2554,170,5108,1
21838,2614,2524,2569,90,5138,1
21840,2593,2471,2532,122,5064,1
21848,2392,2653,2522,-261,5045,1
21849,2359,2456,2407,-97,4815,1
21855,2785,2779,2782,6,5564,1
21862,2567,2315,2441,252,4882,1
21865,2441,2286,2363,155,4727,1
21867,2387,2463,2425,-76,4850,1
21869,2629,2733,2681,-104,5362,1
21871,2471,2307,2389,164,4778,1
21876,2286,2468,2377,-182,4754,1
21877,2426,2550,2488,-124,4976,1
21880,2669,2519,2594,150,5188,1
21882,2558,2462,2510,96,5020,1
21884,2374,2476,2425,-102,4850,1
21888,2494,2431,2462,63,4925,1
21889,2426,2609,2517,-183,5035,1
21893,2645,2586,2615,59,5231,1
21896,2734,2718,2726,16,5452,1
21898,2267,2525,2396,-258,4792,1
21901,2471,2733,2602,-262,5204,1
21907,2562,2242,2402,320,4804,1
21908,2720,2772,2746,-52,5492,1
21909,2363,2419,2391,-56,4782,1
21913,2377,2469,2423,-92,4846,1
21914,2539,2644,2591,-105,5183,1
21916,2536,2515,2525,21,5051,1
21917,2531,2238,2384,293,4769,1
21923,2628,2471,2549,157,5099,1
21929,2487,2638,2562,-151,5125,1
21932,2667,2601,2634,66,5268,1
21939,2507,2552,2529,-45,5059,1
21940,2414,2458,2436,-44,4872,1
21943,2524,2263,2393,261,4787,1
21946,2525,2267,2396,258,4792,1
21950,2688,2624,2656,64,5312,1
21952,2431,2293,2362,138,4724,1
21953,2560,2389,2474,171,4949,1
21954,2405,2379,2392,26,4784,1
21959,2272,2560,2416,-288,4832,1
21960,2491,2306,2398,185,4797,1
21968,2771,2733,2752,38,5504,1
21969,2496,2277,2386,219,4773,1
21971,2501,2557,2529,-56,5058,1
21974,2421,2335,2378,86,4756,1
21976,2564,2491,2527,73,5055,1
21979,2324,2537,2430,-213,4861,1
21982,2418,2617,2517,-199,5035,1
21985,2564,2548,2556,16,5112,1
21986,2476,2566,2521,-90,5042,1
21990,2324,2450,2387,-126,4774,1
21995,2475,2571,2523,-96,5046,1
21996,2443,2481,2462,-38,4924,1
21997,2287,2441,2364,-154,4728,1
21999,2394,2476,2435,-82,4870,1
22000,2394,2333,2363,61,4727,1
22007,2730,2735,2732,-5,5465,1
22008,2593,2384,2488,209,4977,1
22012,2407,2579,2493,-172,4986,1
22013,2470,2271,2370,199,4741,1
22014,2593,2437,2515,156,5030,1
22015,2705,2628,2666,77,5333,1
22016,2414,2448,2431,-34,4862,1
22019,2369,2491,2430,-122,4860,1
22024,2569,2571,2570,-2,5140,1
22029,2665,2656,2660,9,5321,1
22030,2454,2399,2426,55,4853,1
22031,2557,2249,2403,308,4806,1
22032,2528,2520,2524,8,5048,1
22033,2386,2602,2494,-216,4988,1
22037,2524,2251,2387,273,4775,1
22038,2395,2518,2456,-123,4913,1
22042,2649,2680,2664,-31,5329,1
22046,2506,2565,2535,-59,5071,1
22047,2456,2619,2537,-163,5075,1
22049,2542,2405,2473,137,4947,1
22051,2506,2449,2477,57,4955,1
22052,2392,2458,2425,-66,4850,1
22061,2700,2615,2657,85,5315,1
22062,2463,2547,2505,-84,5010,1
22063,2452,2310,2381,142,4762,1
22066,2485,2596,2540,-111,5081,1
22068,2539,2605,2572,-66,5144,1
22069,2601,2416,2508,185,5017,1
22075,2508,2581,2544,-73,5089,1
22076,2749,2216,2482,533,4965,1
22077,2341,2324,2332,17,4665,1
22078,2399,2493,2446,-94,4892,1
22083,2544,2716,2630,-172,5260,1
22087,2528,2277,2402,251,4805,1
22092,2582,2402,2492,180,4984,1
22096,2315,2519,2417,-204,4834,1
22097,2564,2674,2619,-110,5238,1
22100,2280,2508,2394,-228,4788,1
22101,2483,2508,2495,-25,4991,1
22105,2512,2638,2575,-126,5150,1
22106,2624,2579,2601,45,5203,1
22115,2594,2517,2555,77,5111,1
22119,2644,2510,2577,134,5154,1
22120,2425,2473,2449,-48,4898,1
22123,2328,2480,2404,-152,4808,1
22124,2539,2671,2605,-132,5210,1
22128,2764,2766,2765,-2,5530,1
22129,2349,2495,2422,-146,4844,1
22131,2380,2375,2377,5,4755,1
22132,2506,2543,2524,-37,5049,1
22137,2532,2440,2486,92,4972,1
22139,2625,2476,2550,149,5101,1
22142,2458,2470,2464,-12,4928,1
22143,2508,2610,2559,-102,5118,1
22145,2483,2495,2489,-12,4978,1
22147,2416,2710,2563,-294,5126,1
22149,2687,2707,2697,-20,5394,1
22158,2659,2344,2501,315,5003,1
22166,2316,2470,2393,-154,4786,1
22167,2637,2524,2580,113,5161,1
22171,2498,2453,2475,45,4951,1
22182,2401,2548,2474,-147,4949,1
22188,2595,2601,2598,-6,5196,1
22190,2752,2591,2671,161,5343,1
22194,2364,2569,2466,-205,4933,1
22195,2324,2443,2383,-119,4767,1
22196,2385,2665,2525,-280,5050,1
22200,2339,2452,2395,-113,4791,1
22204,2591,2466,2528,125,5057,1
22207,2391,2422,2406,-31,4813,1
22210,2479,2327,2403,152,4806,1
22212,2375,2569,2472,-194,4944,1
22218,2407,2520,2463,-113,4927,1
22223,2516,2516,2516,0,5032,1
22226,2552,2331,2441,221,4883,1
22227,2532,2406,2469,126,4938,1
22233,2521,2501,2511,20,5022,1
22236,2437,2310,2373,127,4747,1
22241,2398,2439,2418,-41,4837,1
22245,2512,2286,2399,226,4798,1
22248,2454,2284,2369,170,4738,1
22249,2688,2515,2601,173,5203,1
22250,2627,2464,2545,163,5091,1
22252,2389,2441,2415,-52,4830,1
22254,2632,2419,2525,213,5051,1
22255,2645,2881,2763,-236,5526,1
22260,2313,2459,2386,-146,4772,1
22278,2544,2298,2421,246,4842,1
22279,2559,2383,2471,176,4942,1
22283,2727,2744,2735,-17,5471,1
22284,2555,2285,2420,270,4840,1
22285,2516,2396,2456,120,4912,1
22288,2408,2505,2456,-97,4913,1
22291,2656,2373,2514,283,5029,1
22293,2570,2676,2623,-106,5246,1
22298,2488,2660,2574,-172,5148,1
22303,2526,2528,2527,-2,5054,1
22304,2458,2334,2396,124,4792,1
22321,2281,2525,2403,-244,4806,1
22322,2586,2700,2643,-114,5286,1
22323,2423,2543,2483,-120,4966,1
22324,2345,2368,2356,-23,4713,1
22326,2437,2281,2359,156,4718,1
22336,2764,2711,2737,53,5475,1
22338,2628,2440,2534,188,5068,1
22340,2345,2426,2385,-81,4771,1
22342,2375,2559,2467,-184,4934,1
22343,2305,2417,2361,-112,4722,1
22345,2301,2599,2450,-298,4900,1
22348,2548,2578,2563,-30,5126,1
22349,2593,2520,2556,73,5113,1
22354,2396,2552,2474,-156,4948,1
22356,2464,2686,2575,-222,5150,1
22359,2505,2650,2577,-145,5155,1
22361,2516,2482,2499,34,4998,1
22363,2321,2457,2389,-136,4778,1
22364,2631,2563,2597,68,5194,1
22387,2440,2567,2503,-127,5007,1
22393,2594,2466,2530,128,5060,1
22397,2496,2404,2450,92,4900,1
22398,2496,2541,2518,-45,5037,1
22399,2483,2491,2487,-8,4974,1
22404,2637,2556,2596,81,5193,1
22405,2410,2306,2358,104,4716,1
22413,2521,2458,2489,63,4979,1
22416,2668,2460,2564,208,5128,1
22417,2353,2343,2348,10,4696,1
22418,2591,2492,2541,99,5083,1
22422,2346,2559,2452,-213,4905,1
22423,2541,2446,2493,95,4987,1
22424,2300,2412,2356,-112,4712,1
22431,2455,2375,2415,80,4830,1
22435,2632,2663,2647,-31,5295,1
22438,2447,2295,2371,152,4742,1
22442,2608,2447,2527,161,5055,1
22447,2390,2607,2498,-217,4997,1
22448,2401,2422,2411,-21,4823,1
22453,2710,2285,2497,425,4995,1
22454,2727,2549,2638,178,5276,1
22456,2546,2422,2484,124,4968,1
22459,2566,2714,2640,-148,5280,1
22463,2451,2712,2581,-261,5163,1
22468,2340,2526,2433,-186,4866,1
22469,2713,2735,2724,-22,5448,1
22470,2302,2476,2389,-174,4778,1
22471,2454,2450,2452,4,4904,1
22474,2578,2624,2601,-46,5202,1
22478,2532,2636,2584,-104,5168,1
22481,2519,2371,2445,148,4890,1
22485,2340,2550,2445,-210,4890,1
22489,2385,2334,2359,51,4719,1
22491,2285,2459,2372,-174,4744,1
22493,2410,2348,2379,62,4758,1
22495,2419,2370,2394,49,4789,1
22497,2702,2705,2703,-3,5407,1
22498,2691,2427,2559,264,5118,1
22501,2362,2557,2459,-195,4919,1
22502,2730,2775,2752,-45,5505,1
22505,2511,2467,2489,44,4978,1
22509,2639,2564,2601,75,5203,1
22514,2503,2547,2525,-44,5050,1
22518,2306,2423,2364,-117,4729,1
22519,2663,2615,2639,48,5278,1
22521,2483,2425,2454,58,4908,1
22524,2423,2556,2489,-133,4979,1
22528,2731,2685,2708,46,5416,1
22531,2302,2488,2395,-186,4790,1
22537,2520,2470,2495,50,4990,1
22544,2408,2483,2445,-75,4891,1
22553,2384,2476,2430,-92,4860,1
22554,2414,2616,2515,-202,5030,1
22555,2659,2546,2602,113,5205,1
22556,2417,2492,2454,-75,4909,1
22557,2444,2384,2414,60,4828,1
22561,2677,2569,2623,108,5246,1
22567,2581,2564,2572,17,5145,1
22568,2345,2540,2442,-195,4885,1
22571,2547,2226,2386,321,4773,1
22575,2459,2473,2466,-14,4932,1
22577,2586,2561,2573,25,5147,1
22580,2617,2670,2643,-53,5287,1
22582,2416,2351,2383,65,4767,1
22583,2585,2208,2396,377,4793,1
22584,2398,2452,2425,-54,4850,1
22589,2351,2440,2395,-89,4791,1
22592,2528,2653,2590,-125,5181,1
22593,2690,2590,2640,100,5280,1
22598,2433,2543,2488,-110,4976,1
22599,2555,2459,2507,96,5014,1
22602,2295,2563,2429,-268,4858,1
22603,2458,2321,2389,137,4779,1
22604,2423,2484,2453,-61,4907,1
22605,2384,2431,2407,-47,4815,1
22608,2622,2709,2665,-87,5331,1
22611,2421,2625,2523,-204,5046,1
22628,2485,2730,2607,-245,5215,1
22629,2406,2375,2390,31,4781,1
22635,2235,2571,2403,-336,4806,1
22641,2541,2669,2605,-128,5210,1
22643,2479,2448,2463,31,4927,1
22654,2568,2312,2440,256,4880,1
22655,2314,2567,2440,-253,4881,1
22656,2705,2661,2683,44,5366,1
22657,2417,2522,2469,-105,4939,1
22663,2403,2590,2496,-187,4993,1
22666,2316,2422,2369,-106,4738,1
22667,2684,2501,2592,183,5185,1
22669,2443,2395,2419,48,4838,1
22670,2384,2309,2346,75,4693,1
22671,2330,2464,2397,-134,4794,1
22673,2639,2608,2623,31,5247,1
22674,2537,2526,2531,11,5063,1
22682,2389,2576,2482,-187,4965,1
22685,2417,2290,2353,127,4707,1
22687,2404,2307,2355,97,4711,1
22695,2471,2334,2402,137,4805,1
22696,2614,2309,2461,305,4923,1
22699,2737,2743,2740,-6,5480,1
22702,2641,2567,2604,74,5208,1
22703,2236,2638,2437,-402,4874,1
22710,2680,2438,2559,242,5118,1
22715,2418,2326,2372,92,4744,1
22730,2590,2618,2604,-28,5208,1
22731,2514,2429,2471,85,4943,1
22738,2462,2536,2499,-74,4998,1
22741,2641,2412,2526,229,5053,1
22743,2452,2657,2554,-205,5109,1
22751,2511,2374,2442,137,4885,1
22753,2393,2454,2423,-61,4847,1
22758,2574,2457,2515,117,5031,1
22762,2586,2325,2455,261,4911,1
22774,2529,2495,2512,34,5024,1
22779,2302,2470,2386,-168,4772,1
22786,2785,2506,2645,279,5291,1
22787,2320,2440,2380,-120,4760,1
22789,2480,2495,2487,-15,4975,1
22797,2438,2329,2383,109,4767,1
22800,2714,2425,2569,289,5139,1
22802,2383,2560,2471,-177,4943,1
22806,2395,2356,2375,39,4751,1
22808,2328,2417,2372,-89,4745,1
22809,2733,2578,2655,155,5311,1
22817,2348,2320,2334,28,4668,1
22819,2553,2664,2608,-111,5217,1
22821,2567,2259,2413,308,4826,1
22824,2270,2687,2478,-417,4957,1
22826,2515,2257,2386,258,4772,1
22828,2621,2698,2659,-77,5319,1
22829,2520,2613,2566,-93,5133,1
22834,2510,2376,2443,134,4886,1
22842,2412,2491,2451,-79,4903,1
22844,2546,2416,2481,130,4962,1
22848,2344,2413,2378,-69,4757,1
22849,2611,2331,2471,280,4942,1
22850,2315,2568,2441,-253,4883,1
22852,2442,2422,2432,20,4864,1
22854,2410,2411,2410,-1,4821,1
22859,2566,2746,2656,-180,5312,1
22861,2378,2638,2508,-260,5016,1
22862,2298,2522,2410,-224,4820,1
22863,2636,2474,2555,162,5110,1
22865,2499,2428,2463,71,4927,1
22866,2515,2395,2455,120,4910,1
22867,2339,2429,2384,-90,4768,1
22868,2423,2595,2509,-172,5018,1
22869,2240,2568,2404,-328,4808,1
22870,2516,2570,2543,-54,5086,1
22873,2441,2511,2476,-70,4952,1
22884,2549,2451,2500,98,5000,1
22886,2462,2438,2450,24,4900,1
22887,2454,2460,2457,-6,4914,1
22888,2412,2527,2469,-115,4939,1
22889,2454,2280,2367,174,4734,1
22892,2572,2316,2444,256,4888,1
22893,2454,2550,2502,-96,5004,1
22895,2527,2483,2505,44,5010,1
22900,2612,2705,2658,-93,5317,1
22901,2675,2723,2699,-48,5398,1
22902,2538,2465,2501,73,5003,1
22905,2598,2471,2534,127,5069,1
22908,2400,2459,2429,-59,4859,1
22913,2358,2482,2420,-124,4840,1
22914,2407,2586,2496,-179,4993,1
22919,2498,2303,2400,195,4801,1
22922,2613,2231,2422,382,4844,1
22929,2430,2527,2478,-97,4957,1
22932,2516,2571,2543,-55,5087,1
22933,2370,2455,2412,-85,4825,1
22934,2579,2407,2493,172,4986,1
22945,2627,2570,2598,57,5197,1
22947,2408,2619,2513,-211,5027,1
22948,2430,2374,2402,56,4804,1
22951,2490,2655,2572,-165,5145,1
22954,2633,2461,2547,172,5094,1
22964,2375,2465,2420,-90,4840,1
22973,2520,2542,2531,-22,5062,1
22974,2563,2220,2391,343,4783,1
22975,2593,2548,2570,45,5141,1
22977,2476,2691,2583,-215,5167,1
22981,2293,2529,2411,-236,4822,1
22983,2601,2306,2453,295,4907,1
22985,2491,2645,2568,-154,5136,1
22986,2334,2409,2371,-75,4743,1
22987,2663,2702,2682,-39,5365,1
22994,2628,2336,2482,292,4964,1
22995,2389,2376,2382,13,4765,1
22998,2434,2619,2526,-185,5053,1
23000,2288,2429,2358,-141,4717,1
23001,2569,2700,2634,-131,5269,1
23002,2489,2389,2439,100,4878,1
23013,2342,2533,2437,-191,4875,1
23014,2559,2577,2568,-18,5136,1
23016,2445,2553,2499,-108,4998,1
23020,2737,2764,2750,-27,5501,1
23021,2447,2683,2565,-236,5130,1
23024,2608,2492,2550,116,5100,1
23031,2400,2562,2481,-162,4962,1
23034,2491,2556,2523,-65,5047,1
23036,2401,2597,2499,-196,4998,1
23040,2442,2528,2485,-86,4970,1
23041,2511,2366,2438,145,4877,1
23046,2640,2612,2626,28,5252,1
23050,2584,2466,2525,118,5050,1
23051,2465,2608,2536,-143,5073,1
23054,2626,2698,2662,-72,5324,1
23060,2623,2631,2627,-8,5254,1
23061,2303,2555,2429,-252,4858,1
23068,2482,2361,2421,121,4843,1
23069,2266,2661,2463,-395,4927,1
23070,2534,2542,2538,-8,5076,1
23071,2630,2469,2549,161,5099,1
23074,2365,2440,2402,-75,4805,1
23080,2486,2637,2561,-151,5123,1
23081,2268,2509,2388,-241,4777,1
23082,2400,2479,2439,-79,4879,1
23084,2279,2462,2370,-183,4741,1
23086,2652,2399,2525,253,5051,1
23090,2438,2636,2537,-198,5074,1
23091,2531,2512,2521,19,5043,1
23095,2368,2432,2400,-64,4800,1
23102,2441,2681,2561,-240,5122,1
23103,2376,2364,2370,12,4740,1
23108,2454,2292,2373,162,4746,1
23109,2414,2323,2368,91,4737,1
23110,2411,2400,2405,11,4811,1
23112,2395,2438,2416,-43,4833,1
23113,2379,2324,2351,55,4703,1
23116,2551,2483,2517,68,5034,1
23117,2365,2449,2407,-84,4814,1
23118,2550,2575,2562,-25,5125,1
23119,2477,2430,2453,47,4907,1
23120,2574,2529,2551,45,5103,1
23121,2608,2462,2535,146,5070,1
23126,2459,2414,2436,45,4873,1
23128,2363,2577,2470,-214,4940,1
23132,2413,2452,2432,-39,4865,1
23137,2605,2684,2644,-79,5289,1
23138,2705,2327,2516,378,5032,1
23142,2699,2658,2678,41,5357,1
23145,2789,2743,2766,46,5532,1
23149,2314,2423,2368,-109,4737,1
23156,2617,2409,2513,208,5026,1
23165,2566,2357,2461,209,4923,1
23176,2407,2564,2485,-157,4971,1
23183,2313,2504,2408,-191,4817,1
23184,2607,2543,2575,64,5150,1
23186,2460,2521,2490,-61,4981,1
23193,2534,2508,2521,26,5042,1
23197,2580,2435,2507,145,5015,1
23199,2557,2309,2433,248,4866,1
23200,2568,2283,2425,285,4851,1
23204,2298,2499,2398,-201,4797,1
23208,2330,2427,2378,-97,4757,1
23212,2669,2555,2612,114,5224,1
23218,2537,2245,2391,292,4782,1
23221,2567,2468,2517,99,5035,1
23224,2428,2375,2401,53,4803,1
23229,2398,2530,2464,-132,4928,1
23233,2430,2706,2568,-276,5136,1
23234,2498,2702,2600,-204,5200,1
23240,2482,2271,2376,211,4753,1
23243,2475,2696,2585,-221,5171,1
23247,2580,2719,2649,-139,5299,1
23253,2533,2531,2532,2,5064,1
23255,2536,2656,2596,-120,5192,1
23256,2527,2335,2431,192,4862,1
23258,2600,2577,2588,23,5177,1
23264,2709,2643,2676,66,5352,1
23266,2537,2245,2391,292,4782,1
23267,2589,2634,2611,-45,5223,1
23269,2490,2397,2443,93,4887,1
23275,2384,2320,2352,64,4704,1
23276,2430,2400,2415,30,4830,1
23281,2522,2618,2570,-96,5140,1
23282,2274,2555,2414,-281,4829,1
23291,2559,2512,2535,47,5071,1
23295,2468,2276,2372,192,4744,1
23297,2639,2481,2560,158,5120,1
23304,2657,2420,2538,237,5077,1
23311,2437,2568,2502,-131,5005,1
23312,2329,2436,2382,-107,4765,1
23316,2338,2686,2512,-348,5024,1
23317,2611,2604,2607,7,5215,1
23319,2372,2464,2418,-92,4836,1
23320,2321,2434,2377,-113,4755,1
23327,2510,2354,2432,156,4864,1
23332,2619,2730,2674,-111,5349,1
23338,2509,2538,2523,-29,5047,1
23339,2700,2698,2699,2,5398,1
23349,2533,2424,2478,109,4957,1
23351,2652,2737,2694,-85,5389,1
23354,2477,2424,2450,53,4901,1
23357,2577,2214,2395,363,4791,1
23358,2616,2607,2611,9,5223,1
23363,2466,2465,2465,1,4931,1
23366,2425,2435,2430,-10,4860,1
23368,2634,2530,2582,104,5164,1
23369,2436,2285,2360,151,4721,1
23376,2280,2572,2426,-292,4852,1
23377,2702,2732,2717,-30,5434,1
23387,2527,2380,2453,147,4907,1
23388,2327,2528,2427,-201,4855,1
23389,2386,2362,2374,24,4748,1
23393,2404,2557,2480,-153,4961,1
23398,2438,2437,2437,1,4875,1
23399,2568,2545,2556,23,5113,1
23403,2508,2242,2375,266,4750,1
23405,2483,2732,2607,-249,5215,1
23407,2495,2509,2502,-14,5004,1
23408,2527,2562,2544,-35,5089,1
23409,2402,2557,2479,-155,4959,1
23411,2683,2424,2553,259,5107,1
23416,2660,2650,2655,10,5310,1
23417,2458,2329,2393,129,4787,1
23419,2505,2513,2509,-8,5018,1
23422,2495,2289,2392,206,4784,1
23424,2435,2409,2422,26,4844,1
23428,2287,2469,2378,-182,4756,1
23437,2445,2512,2478,-67,4957,1
23439,2556,2494,2525,62,5050,1
23442,2380,2531,2455,-151,4911,1
23443,2657,2571,2614,86,5228,1
23444,2435,2350,2392,85,4785,1
23445,2526,2296,2411,230,4822,1
23447,2482,2428,2455,54,4910,1
23449,2402,2438,2420,-36,4840,1
23452,2780,2810,2795,-30,5590,1
23453,2514,2607,2560,-93,5121,1
23456,2661,2470,2565,191,5131,1
23457,2583,2336,2459,247,4919,1
23458,2321,2547,2434,-226,4868,1
23467,2683,2717,2700,-34,5400,1
23469,2528,2502,2515,26,5030,1
23470,2553,2549,2551,4,5102,1
23471,2450,2573,2511,-123,5023,1
23473,2573,2210,2391,363,4783,1
23474,2655,2417,2536,238,5072,1
23475,2448,2507,2477,-59,4955,1
23477,2332,2490,2411,-158,4822,1
23479,2366,2532,2449,-166,4898,1
23481,2386,2461,2423,-75,4847,1
23483,2483,2732,2607,-249,5215,1
23485,2153,2704,2428,-551,4857,1
23486,2590,2201,2395,389,4791,1
23488,2738,2749,2743,-11,5487,1
23489,2423,2533,2478,-110,4956,1
23490,2749,2455,2602,294,5204,1
23493,2384,2486,2435,-102,4870,1
23497,2405,2463,2434,-58,4868,1
23499,2579,2588,2583,-9,5167,1
23503,2346,2562,2454,-216,4908,1
23504,2470,2534,2502,-64,5004,1
23508,2362,2481,2421,-119,4843,1
23513,2564,2506,2535,58,5070,1
23515,2647,2341,2494,306,4988,1
23519,2516,2243,2379,273,4759,1
23520,2456,2433,2444,23,4889,1
23522,2423,2371,2397,52,4794,1
23523,2481,2357,2419,124,4838,1
23524,2516,2562,2539,-46,5078,1
23525,2549,2250,2399,299,4799,1
23526,2502,2488,2495,14,4990,1
23527,2449,2405,2427,44,4854,1
23530,2523,2594,2558,-71,5117,1
23531,2508,2291,2399,217,4799,1
23532,2418,2549,2483,-131,4967,1
23535,2485,2519,2502,-34,5004,1
23546,2343,2397,2370,-54,4740,1
23550,2580,2454,2517,126,5034,1
23552,2551,2336,2443,215,4887,1
23555,2299,2448,2373,-149,4747,1
23556,2402,2561,2481,-159,4963,1
23568,2519,2301,2410,218,4820,1
23570,2418,2507,2462,-89,4925,1
23574,2539,2555,2547,-16,5094,1
23576,2604,2723,2663,-119,5327,1
23585,2642,2563,2602,79,5205,1
23586,2628,2625,2626,3,5253,1
23591,2414,2716,2565,-302,5130,1
23598,2580,2788,2684,-208,5368,1
23601,2549,2644,2596,-95,5193,1
23605,2737,2736,2736,1,5473,1
23607,2636,2397,2516,239,5033,1
23609,2505,2351,2428,154,4856,1
23611,2731,2593,2662,138,5324,1
23614,2518,2561,2539,-43,5079,1
23616,2764,2741,2752,23,5505,1
23618,2716,2784,2750,-68,5500,1
23623,2540,2522,2531,18,5062,1
23628,2555,2543,2549,12,5098,1
23632,2403,2385,2394,18,4788,1
23633,2332,2477,2404,-145,4809,1
23634,2357,2332,2344,25,4689,1
23637,2276,2541,2408,-265,4817,1
23638,2457,2337,2397,120,4794,1
23639,2311,2639,2475,-328,4950,1
23643,2516,2671,2593,-155,5187,1
23644,2500,2630,2565,-130,5130,1
23645,2605,2683,2644,-78,5288,1
23647,2741,2727,2734,14,5468,1
23649,2225,2586,2405,-361,4811,1
23651,2502,2289,2395,213,4791,1
23652,2617,2711,2664,-94,5328,1
23654,2564,2357,2460,207,4921,1
23656,2421,2517,2469,-96,4938,1
23661,2518,2378,2448,140,4896,1
23667,2558,2263,2410,295,4821,1
23668,2315,2573,2444,-258,4888,1
23672,2540,2478,2509,62,5018,1
23673,2237,2542,2389,-305,4779,1
23677,2532,2443,2487,89,4975,1
23678,2365,2593,2479,-228,4958,1
23680,2334,2355,2344,-21,4689,1
23683,2320,2565,2442,-245,4885,1
23689,2459,2347,2403,112,4806,1
23693,2567,2489,2528,78,5056,1
23694,2684,2251,2467,433,4935,1
23696,2559,2303,2431,256,4862,1
23698,2595,2623,2609,-28,5218,1
23699,2500,2309,2404,191,4809,1
23702,2508,2567,2537,-59,5075,1
23705,2350,2487,2418,-137,4837,1
23706,2473,2576,2524,-103,5049,1
23710,2485,2420,2452,65,4905,1
23712,2648,2632,2640,16,5280,1
23714,2473,2400,2436,73,4873,1
23717,2353,2527,2440,-174,4880,1
23719,2403,2342,2372,61,4745,1
23724,2313,2513,2413,-200,4826,1
23727,2286,2440,2363,-154,4726,1
23728,2495,2448,2471,47,4943,1
23735,2442,2622,2532,-180,5064,1
23736,2340,2423,2381,-83,4763,1
23739,2641,2707,2674,-66,5348,1
23744,2548,2518,2533,30,5066,1
23752,2509,2452,2480,57,4961,1
23754,2455,2547,2501,-92,5002,1
23757,2554,2543,2548,11,5097,1
23758,2679,2614,2646,65,5293,1
23759,2706,2558,2632,148,5264,1
23762,2679,2636,2657,43,5315,1
23766,2440,2512,2476,-72,4952,1
23771,2469,2601,2535,-132,5070,1
23779,2568,2407,2487,161,4975,1
23784,2635,2617,2626,18,5252,1
23786,2525,2371,2448,154,4896,1
23788,2359,2473,2416,-114,4832,1
23794,2607,2577,2592,30,5184,1
23795,2472,2380,2426,92,4852,1
23803,2752,2711,2731,41,5463,1
23806,2300,2527,2413,-227,4827,1
23808,2633,2398,2515,235,5031,1
23809,2479,2302,2390,177,4781,1
23810,2431,2558,2494,-127,4989,1
23812,2385,2380,2382,5,4765,1
23813,2562,2403,2482,159,4965,1
23815,2554,2378,2466,176,4932,1
23818,2627,2671,2649,-44,5298,1
23822,2439,2587,2513,-148,5026,1
23823,2626,2474,2550,152,5100,1
23825,2432,2303,2367,129,4735,1
23828,2452,2651,2551,-199,5103,1
23831,2528,2384,2456,144,4912,1
23832,2366,2500,2433,-134,4866,1
23834,2681,2526,2603,155,5207,1
23841,2246,2516,2381,-270,4762,1
23844,2684,2403,2543,281,5087,1
23847,2671,2691,2681,-20,5362,1
23849,2526,2683,2604,-157,5209,1
23850,2541,2605,2573,-64,5146,1
23853,2504,2566,2535,-62,5070,1
23862,2693,2670,2681,23,5363,1
23863,2500,2300,2400,200,4800,1
23864,2471,2659,2565,-188,5130,1
23867,2546,2589,2567,-43,5135,1
23869,2355,2525,2440,-170,4880,1
23873,2661,2687,2674,-26,5348,1
23874,2338,2365,2351,-27,4703,1
23876,2448,2371,2409,77,4819,1
23878,2565,2332,2448,233,4897,1
23879,2620,2543,2581,77,5163,1
23885,2300,2458,2379,-158,4758,1
23888,2526,2294,2410,232,4820,1
23890,2422,2420,2421,2,4842,1
23894,2546,2568,2557,-22,5114,1
23896,2705,2695,2700,10,5400,1
23900,2470,2636,2553,-166,5106,1
23901,2291,2552,2421,-261,4843,1
23902,2365,2452,2408,-87,4817,1
23905,2450,2440,2445,10,4890,1
23906,2398,2551,2474,-153,4949,1
23909,2499,2554,2526,-55,5053,1
23912,2339,2579,2459,-240,4918,1
23914,2361,2409,2385,-48,4770,1
23915,2461,2513,2487,-52,4974,1
23916,2355,2324,2339,31,4679,1
23922,2560,2237,2398,323,4797,1
23926,2435,2419,2427,16,4854,1
23927,2646,2336,2491,310,4982,1
23930,2481,2304,2392,177,4785,1
23936,2253,2508,2380,-255,4761,1
23937,2470,2375,2422,95,4845,1
23939,2650,2572,2611,78,5222,1
23940,2453,2511,2482,-58,4964,1
23942,2547,2310,2428,237,4857,1
23945,2401,2678,2539,-277,5079,1
23948,2770,2580,2675,190,5350,1
23953,2710,2709,2709,1,5419,1
23954,2376,2368,2372,8,4744,1
23957,2801,2543,2672,258,5344,1
23958,2550,2323,2436,227,4873,1
23959,2512,2412,2462,100,4924,1
23960,2494,2554,2524,-60,5048,1
23964,2475,2341,2408,134,4816,1
23969,2471,2416,2443,55,4887,1
23972,2463,2311,2387,152,4774,1
23973,2409,2297,2353,112,4706,1
23975,2507,2276,2391,231,4783,1
23976,2386,2703,2544,-317,5089,1
23984,2598,2632,2615,-34,5230,1
23985,2515,2401,2458,114,4916,1
23987,2771,2881,2826,-110,5652,1
23989,2619,2270,2444,349,4889,1
23991,2344,2480,2412,-136,4824,1
24001,2646,2569,2607,77,5215,1
24002,2440,2433,2436,7,4873,1
24006,2743,2671,2707,72,5414,1
24007,2412,2322,2367,90,4734,1
24008,2292,2654,2473,-362,4946,1
24014,2442,2621,2531,-179,5063,1
24015,2465,2365,2415,100,4830,1
24022,2356,2442,2399,-86,4798,1
24025,2423,2593,2508,-170,5016,1
24030,2655,2468,2561,187,5123,1
24035,2488,2251,2369,237,4739,1
24040,2390,2300,2345,90,4690,1
24041,2437,2583,2510,-146,5020,1
24044,2455,2614,2534,-159,5069,1
24045,2486,2320,2403,166,4806,1
24048,2496,2486,2491,10,4982,1
24049,2479,2427,2453,52,4906,1
24059,2546,2543,2544,3,5089,1
24063,2544,2652,2598,-108,5196,1
24064,2260,2571,2415,-311,4831,1
24067,2604,2470,2537,134,5074,1
24069,2356,2423,2389,-67,4779,1
24074,2543,2651,2597,-108,5194,1
24076,2501,2441,2471,60,4942,1
24081,2411,2622,2516,-211,5033,1
24093,2650,2409,2529,241,5059,1
24094,2419,2601,2510,-182,5020,1
24095,2356,2603,2479,-247,4959,1
24096,2595,2417,2506,178,5012,1
24098,2505,2492,2498,13,4997,1
24099,2328,2471,2399,-143,4799,1
24104,2726,2575,2650,151,5301,1
24106,2556,2506,2531,50,5062,1
24109,2520,2306,2413,214,4826,1
24116,2584,2708,2646,-124,5292,1
24119,2461,2556,2508,-95,5017,1
24123,2762,2679,2720,83,5441,1
24125,2336,2598,2467,-262,4934,1
24126,2483,2718,2600,-235,5201,1
24129,2456,2327,2391,129,4783,1
24132,2393,2402,2397,-9,4795,1
24134,2499,2663,2581,-164,5162,1
24137,2560,2285,2422,275,4845,1
24139,2630,2580,2605,50,5210,1
24146,2609,2221,2415,388,4830,1
24149,2438,2499,2468,-61,4937,1
24151,2543,2354,2448,189,4897,1
24153,2290,2512,2401,-222,4802,1
24156,2370,2312,2341,58,4682,1
24161,2316,2520,2418,-204,4836,1
24167,2412,2475,2443,-63,4887,1
24169,2682,2563,2622,119,5245,1
24170,2634,2698,2666,-64,5332,1
24174,2373,2511,2442,-138,4884,1
24176,2633,2659,2646,-26,5292,1
24179,2504,2256,2380,248,4760,1
24181,2298,2615,2456,-317,4913,1
24182,2803,2783,2793,20,5586,1
24185,2412,2366,2389,46,4778,1
24186,2679,2801,2740,-122,5480,1
24195,2381,2314,2347,67,4695,1
24197,2427,2325,2376,102,4752,1
24198,2472,2358,2415,114,4830,1
24200,2548,2537,2542,11,5085,1
24202,2491,2421,2456,70,4912,1
24204,2718,2235,2476,483,4953,1
24205,2575,2411,2493,164,4986,1
24206,2554,2713,2633,-159,5267,1
24210,2701,2785,2743,-84,5486,1
24212,2235,2663,2449,-428,4898,1
24220,2342,2361,2351,-19,4703,1
24222,2555,2540,2547,15,5095,1
24223,2388,2392,2390,-4,4780,1
24227,2508,2534,2521,-26,5042,1
24230,2559,2290,2424,269,4849,1
24233,2412,2369,2390,43,4781,1
24235,2611,2423,2517,188,5034,1
24236,2654,2510,2582,144,5164,1
24237,2460,2539,2499,-79,4999,1
24238,2605,2591,2598,14,5196,1
24240,2441,2598,2519,-157,5039,1
24244,2632,2531,2581,101,5163,1
24246,2620,2376,2498,244,4996,1
24251,2391,2513,2452,-122,4904,1
24252,2634,2541,2587,93,5175,1
